11 6 8 10
5 9 6 3
7 7 14 1
2 3 10 0
7 7 7 5
8 7 7 7
10 1 12 10
7 8 5 8
7 8 10 9
7 5 6 9
11 4 7 7
7 9 3 17
10 7 14 5
5 9 12 4
7 8 10 12
8 4 5 18
7 9 7 12
8 7 6 6
7 10 6 9
8 9 8 6
9 5 6 4
4 10 4 6
10 5 8 7
2 8 5 11
9 3 4 6
2 5 4 7
10 9 12 6
5 5 10 3
4 7 8 5
6 2 9 9
11 4 7 9
7 7 7 8
8 7 8 11
7 8 15 6
4 7 5 10
7 5 6 8
3 9 6 9
10 4 12 8
10 3 4 9
1 7 16 7
8 10 8 8
3 5 6 12
13 11 8 8
10 9 9 8
8 3 10 3
2 6 14 2
7 7 8 6
9 14 6 8
7 8 8 9
7 8 11 7
3 8 6 12
7 7 4 15
8 6 9 5
7 12 11 5
4 7 6 5
4 8 7 5
1 9 9 11
5 8 7 3
4 4 8 4
4 3 5 4
4 4 11 6
10 7 6 13
6 9 8 10
6 16 5 12
10 4 12 7
9 4 8 3
6 8 4 11
4 7 7 7
4 9 7 7
5 3 8 8
4 6 8 6
4 5 4 10
5 7 4 10
4 8 8 8
8 9 4 8
11 4 11 3
5 5 4 16
9 12 9 6
5 8 5 8
9 8 7 8
4 10 8 7
8 4 14 4
7 2 10 3
10 10 8 7
7 9 3 5
10 7 21 6
3 6 7 8
5 10 10 12
5 9 7 7
6 8 10 3
5 8 7 12
10 6 6 8
7 7 12 10
5 4 4 12
9 5 9 7
6 9 8 12
3 7 9 10
11 9 6 6
6 4 5 8
4 5 10 9
