6 11 9 7
9 10 9 7
10 12 14 10
6 11 6 18
10 10 12 9
11 10 12 13
11 7 16 10
3 5 17 5
7 10 11 9
8 8 2 23
6 4 2 11
9 6 3 9
6 6 9 5
6 3 9 4
7 4 1 15
5 8 7 9
4 6 6 7
10 9 2 20
7 11 10 10
6 6 12 5
7 11 5 7
8 8 19 5
7 7 6 10
8 7 7 6
4 7 11 10
3 11 5 6
8 10 10 4
8 0 15 4
8 3 8 7
3 4 10 8
4 5 16 4
8 6 3 13
11 7 5 14
5 8 2 11
5 2 4 8
8 13 8 14
5 4 12 7
8 8 11 4
6 6 3 9
6 7 13 8
4 9 12 7
5 6 13 1
5 5 6 4
4 4 6 6
6 11 15 6
4 9 20 3
4 6 9 6
11 2 7 3
10 10 14 5
6 9 5 10
11 7 7 9
5 9 10 8
5 11 9 8
9 6 5 8
4 9 4 12
7 5 10 12
8 14 2 13
3 9 7 4
5 7 16 2
5 9 8 3
9 8 9 8
6 6 4 12
10 4 10 4
6 0 11 9
4 4 2 9
8 7 6 3
7 5 2 5
9 6 10 5
6 11 10 2
8 3 2 13
10 6 11 7
14 11 9 5
8 7 10 9
6 5 11 9
5 9 5 12
6 9 6 9
8 13 3 17
8 9 8 12
6 7 9 11
3 6 9 9
10 8 4 9
8 6 8 13
6 11 12 5
6 10 11 6
15 10 6 23
3 6 9 11
14 9 11 9
10 5 3 11
7 7 4 12
6 6 8 8
6 5 11 14
7 8 10 10
6 8 5 12
3 8 11 3
12 5 7 3
11 5 4 11
3 9 7 12
4 7 5 8
5 13 10 4
7 5 9 5
