0 0 21 4
0 1 17 15
1 0 23 11
5 2 20 36
0 3 9 31
2 1 16 7
3 1 26 14
2 1 32 11
1 2 19 16
2 4 11 14
4 2 17 18
3 3 21 15
1 1 14 12
2 0 6 11
2 0 22 8
1 0 10 20
1 0 7 27
1 3 7 14
6 2 16 11
1 2 13 25
1 0 16 19
3 1 37 15
0 2 35 19
2 0 24 12
2 1 2 11
2 1 2 15
8 1 20 21
1 0 8 17
2 1 24 24
0 2 25 12
0 2 30 19
0 1 16 14
0 1 5 10
0 2 7 23
6 0 14 9
3 2 13 27
2 1 6 7
0 0 18 8
0 1 6 18
0 3 18 36
1 1 5 5
1 0 12 18
1 1 23 3
0 1 10 16
0 0 35 12
0 3 2 9
2 3 9 33
1 1 5 12
2 1 12 9
4 2 14 16
1 4 4 26
0 2 23 10
0 0 7 16
2 1 3 10
1 2 35 9
1 1 18 5
2 7 23 29
3 2 7 30
2 1 8 21
0 1 30 16
4 1 3 25
1 4 32 25
3 2 15 19
2 1 7 6
3 3 24 16
0 0 7 19
2 0 27 15
1 0 20 4
1 0 16 13
8 6 11 16
0 1 14 8
2 1 24 30
1 0 18 4
1 2 2 21
3 0 31 12
1 0 16 15
0 3 6 15
1 1 30 8
3 0 10 7
0 0 15 3
2 0 5 14
1 0 27 14
3 6 7 25
0 1 3 6
1 0 6 6
1 3 23 2
2 0 19 28
2 4 10 1
2 0 6 14
3 2 25 12
2 1 13 18
0 1 3 20
2 0 21 9
0 1 6 15
2 1 12 18
1 0 16 14
2 0 23 20
5 3 12 28
1 1 9 21
1 2 10 19
