6 8 7 6
8 3 10 3
6 8 12 9
3 7 4 12
3 8 13 4
3 10 4 6
5 6 10 8
8 7 6 7
4 4 5 5
8 7 8 7
8 8 2 6
4 6 8 2
3 8 4 7
5 5 4 8
7 6 9 6
4 5 11 12
4 9 7 6
6 5 9 3
3 9 5 10
8 2 12 3
6 2 9 8
4 5 5 8
6 8 4 9
7 3 9 4
5 4 3 7
6 3 6 5
2 7 5 3
5 2 1 5
4 2 6 10
2 4 14 2
6 2 5 20
9 4 5 6
12 7 18 4
4 7 3 9
5 6 21 0
10 8 10 8
3 6 13 8
1 6 8 6
8 3 22 3
9 10 11 7
3 4 8 9
4 6 7 8
4 4 10 11
5 8 12 3
11 4 8 3
7 5 7 3
7 9 10 10
6 5 6 10
7 9 10 6
5 3 9 4
6 5 5 12
7 7 9 8
7 8 7 6
5 5 6 9
8 7 3 11
5 10 9 7
4 10 1 5
2 6 10 6
3 9 10 14
7 9 9 10
2 4 5 8
4 9 5 11
7 6 5 11
8 7 6 9
4 6 6 6
5 13 6 10
4 6 3 8
4 4 5 6
6 10 3 7
6 4 2 10
7 6 10 4
3 7 4 6
5 3 5 7
7 9 5 8
6 4 9 9
6 12 8 4
7 8 7 7
5 6 6 11
7 7 9 2
6 7 6 10
5 6 4 10
5 4 9 5
9 6 5 12
10 1 16 3
5 9 4 5
4 8 8 3
1 8 10 6
7 6 7 5
5 4 8 1
5 5 4 7
8 6 4 9
7 2 9 6
5 5 8 5
8 4 8 7
7 8 4 10
7 6 8 7
2 4 15 2
5 1 9 7
6 7 6 7
4 8 5 6
