1 3 36 2
1 0 32 21
0 0 1 11
3 0 6 6
1 0 6 9
0 1 13 8
0 1 6 9
0 4 18 5
1 1 13 35
1 1 12 16
1 5 10 33
2 0 18 18
2 1 2 12
1 1 9 17
0 0 9 3
0 4 10 10
1 0 6 4
2 0 3 32
1 0 9 10
6 1 3 10
1 2 5 15
2 2 9 4
0 0 17 4
0 2 7 24
1 2 11 18
5 0 6 18
3 0 7 23
2 3 17 1
1 0 4 8
1 7 1 16
0 1 8 19
0 0 25 1
0 0 16 11
0 0 13 3
1 3 3 20
1 0 8 7
0 2 11 20
2 0 15 23
0 0 2 0
2 0 13 26
1 0 10 6
1 1 24 0
0 0 3 6
2 0 6 7
2 5 18 5
1 0 1 13
0 0 10 26
0 1 2 11
0 2 14 19
0 1 23 0
7 1 11 2
0 1 3 4
0 1 13 12
2 0 27 18
0 0 10 10
0 0 5 14
3 1 3 13
3 4 17 17
0 0 31 13
1 3 7 22
2 2 14 12
1 0 15 0
1 0 21 5
0 1 7 22
3 2 14 19
1 1 10 3
2 1 17 6
1 2 6 1
2 1 20 7
0 1 17 15
0 2 28 9
0 1 13 11
1 0 15 8
0 0 9 17
1 1 8 13
0 2 12 7
0 4 26 11
0 2 12 7
0 1 16 13
1 2 8 21
0 1 8 6
2 0 9 3
3 4 10 22
3 1 8 16
1 1 6 13
2 0 16 18
5 0 17 10
1 0 10 15
1 0 5 13
0 1 9 8
1 0 3 17
1 2 6 1
0 4 22 29
1 0 27 3
0 1 0 11
0 2 4 6
3 1 18 15
0 1 0 17
5 1 25 14
1 1 17 10
