837 828 904 818
879 773 836 848
854 862 956 783
832 839 881 837
828 856 822 897
842 844 847 821
836 825 903 808
843 866 848 858
831 838 886 818
829 842 803 878
816 878 891 957
889 902 863 927
847 871 872 930
853 864 888 957
893 888 885 884
909 828 907 891
871 847 917 881
878 867 884 842
880 865 869 911
855 899 848 890
874 869 889 891
875 901 927 835
902 874 965 847
837 875 869 922
891 926 941 876
914 864 883 902
833 887 820 957
895 898 927 885
890 854 850 952
895 882 824 960
869 852 966 829
834 895 923 814
832 848 977 769
891 805 805 895
858 856 877 874
833 854 859 848
876 849 846 929
880 869 938 855
834 852 945 897
836 867 850 914
821 832 831 904
874 867 837 902
864 862 998 745
824 867 958 760
857 866 963 744
833 822 1048 707
867 840 1053 738
845 857 1059 687
831 866 1060 747
864 840 943 746
889 839 987 774
877 832 812 902
845 876 814 931
842 850 804 919
811 836 857 878
855 840 790 929
827 843 741 1000
852 860 861 870
865 822 885 858
857 815 911 840
929 816 890 894
897 864 943 846
883 862 900 894
841 873 914 843
898 898 835 916
882 865 887 915
858 867 807 946
891 869 870 958
862 905 792 995
846 864 796 978
859 861 915 839
870 849 904 850
913 876 879 904
905 901 933 872
881 891 937 870
879 876 870 885
853 856 863 914
844 847 876 887
870 872 857 876
923 843 915 887
839 866 941 762
850 848 904 770
871 798 939 811
868 854 943 759
851 866 909 812
886 838 910 780
851 813 894 816
812 826 849 844
786 845 962 754
804 850 996 702
842 866 870 900
845 880 812 949
896 838 847 892
878 824 825 995
872 906 810 995
889 845 841 900
859 869 936 817
878 855 941 827
875 856 963 808
855 880 937 796
