5 6 6 11
10 4 4 4
5 5 12 6
8 5 7 7
13 8 12 6
9 5 6 13
2 6 5 10
6 5 9 8
10 9 5 5
6 7 8 5
5 7 9 8
4 4 6 2
9 3 4 3
2 8 9 6
5 7 3 7
6 7 10 4
7 0 10 3
3 4 3 8
4 8 12 6
5 3 14 8
8 6 10 8
6 4 10 10
6 12 11 2
7 4 5 8
5 9 10 6
5 6 9 9
11 4 9 7
4 5 10 7
10 6 10 5
6 6 9 7
3 7 8 6
10 8 7 8
8 11 9 8
9 11 9 12
3 6 6 10
8 15 11 7
9 9 4 9
5 11 7 12
5 10 11 6
11 12 11 10
7 5 6 7
8 6 1 14
6 9 5 5
5 5 7 5
3 5 7 4
8 6 10 4
6 2 6 10
7 5 3 11
3 2 5 7
6 6 5 2
5 4 6 6
9 5 5 10
5 9 2 18
4 8 6 8
4 4 9 2
3 5 4 5
6 4 9 4
4 4 6 3
2 6 8 1
9 6 7 4
4 5 11 7
8 10 6 16
7 6 10 14
8 6 6 7
9 8 5 9
5 5 17 3
10 9 14 8
4 6 11 4
5 5 14 12
4 6 13 12
5 7 6 4
3 5 6 6
8 8 4 12
4 8 9 7
4 6 5 10
6 6 4 5
8 2 11 3
8 6 8 7
7 3 14 6
9 7 8 3
6 3 7 13
6 5 7 3
5 8 6 15
3 13 4 7
8 7 1 8
8 6 4 11
8 7 9 4
10 3 8 7
9 8 9 5
11 1 11 3
7 6 7 11
5 3 11 5
9 8 10 5
5 5 5 12
5 5 9 5
5 4 1 24
8 3 12 2
9 7 6 11
4 3 8 5
8 8 8 4
