3 0 13 8
1 4 15 11
2 5 20 51
0 0 21 4
2 0 17 20
0 1 10 11
0 2 10 8
1 0 16 18
0 3 13 22
1 5 10 9
1 3 18 9
2 0 12 16
4 0 13 17
2 0 16 23
11 0 11 18
3 2 17 42
3 0 14 14
0 0 41 16
0 0 6 7
2 2 15 13
2 4 6 23
3 5 23 6
0 4 15 11
1 3 4 12
7 1 36 9
0 2 12 19
2 1 12 19
0 0 3 12
1 1 6 22
2 0 25 7
2 2 14 8
1 2 16 15
3 1 19 32
1 2 22 6
1 2 18 10
2 1 11 0
1 2 8 41
1 1 17 13
3 2 29 0
2 0 19 20
1 0 31 20
0 0 7 19
2 3 29 13
0 1 21 7
1 3 30 5
0 2 22 3
1 1 10 5
1 4 22 12
1 0 33 12
8 2 25 16
5 0 34 13
1 1 20 16
1 1 24 27
4 2 18 16
2 1 15 37
2 1 25 9
4 1 38 27
0 0 34 8
6 1 24 16
1 2 17 7
0 3 4 23
1 7 26 8
1 9 8 15
0 0 9 10
3 2 7 3
1 2 28 18
2 2 8 40
0 2 14 10
3 2 8 13
0 0 9 22
4 4 18 37
1 0 8 5
8 2 19 35
0 0 16 17
1 1 20 12
1 2 29 36
0 4 6 5
1 1 27 2
1 0 12 3
2 0 6 5
0 4 11 23
0 1 16 8
6 0 8 33
3 1 14 9
0 2 32 9
2 3 8 20
0 1 2 11
1 2 9 27
2 0 5 18
3 0 32 15
3 2 26 30
5 3 37 7
2 4 6 26
1 2 44 8
0 5 10 26
3 2 6 22
2 2 11 13
0 0 26 11
3 1 7 21
1 1 25 2
