0.54783 0.45217 0.000314425 0.000314425
0.54657 0.45343 0.000390126 0.000390126
0.54503 0.45497 0.000535565 0.000535565
0.54421 0.45579 0.000626935 0.000626935
0.54486 0.45514 0.000661415 0.000661415
0.54372 0.45628 0.000745658 0.000745658
0.54261 0.45739 0.00085723 0.00085723
0.54103 0.45897 0.000923484 0.000923484
0.54048 0.45952 0.00101544 0.00101544
0.53971 0.46029 0.00114748 0.00114748
0.54034 0.45966 0.00120336 0.00120336
0.54035 0.45965 0.0012135 0.0012135
0.54111 0.45889 0.00131628 0.00131628
0.54018 0.45982 0.00144128 0.00144128
0.53962 0.46038 0.00143943 0.00143943
0.54027 0.45973 0.00147834 0.00147834
0.5401 0.4599 0.00152209 0.00152209
0.54107 0.45893 0.00152259 0.00152259
0.54082 0.45918 0.00151851 0.00151851
0.54195 0.45805 0.00154649 0.00154649
0.54235 0.45765 0.00149413 0.00149413
0.54199 0.45801 0.00136611 0.00136611
0.54191 0.45809 0.00143788 0.00143788
0.54241 0.45759 0.00144182 0.00144182
0.54254 0.45746 0.00146203 0.00146203
0.54304 0.45696 0.00145533 0.00145533
0.54302 0.45698 0.00158673 0.00158673
0.54183 0.45817 0.0017094 0.0017094
0.54054 0.45946 0.00171811 0.00171811
0.54054 0.45946 0.00169005 0.00169005
0.54064 0.45936 0.00166682 0.00166682
0.54036 0.45964 0.0015952 0.0015952
0.54083 0.45917 0.00157804 0.00157804
0.54017 0.45983 0.00160216 0.00160216
0.53946 0.46054 0.00154047 0.00154047
0.53958 0.46042 0.00158513 0.00158513
0.5399 0.4601 0.00151946 0.00151946
0.53826 0.46174 0.00151199 0.00151199
0.5385 0.4615 0.00152144 0.00152144
0.53786 0.46214 0.0016904 0.0016904
0.53859 0.46141 0.00170746 0.00170746
0.53895 0.46105 0.00164556 0.00164556
0.53878 0.46122 0.00167658 0.00167658
0.53795 0.46205 0.00166688 0.00166688
0.53826 0.46174 0.00160452 0.00160452
0.53892 0.46108 0.00163601 0.00163601
0.53948 0.46052 0.00157486 0.00157486
0.54026 0.45974 0.00161846 0.00161846
0.54064 0.45936 0.00160149 0.00160149
0.54071 0.45929 0.0016418 0.0016418
0.5407 0.4593 0.00169031 0.00169031
0.54071 0.45929 0.00170554 0.00170554
0.53943 0.46057 0.00168891 0.00168891
0.53948 0.46052 0.00176504 0.00176504
0.53993 0.46007 0.00190011 0.00190011
0.53973 0.46027 0.00184804 0.00184804
0.53979 0.46021 0.00195045 0.00195045
0.54004 0.45996 0.00191299 0.00191299
0.54091 0.45909 0.00189816 0.00189816
0.54141 0.45859 0.00182853 0.00182853
0.54038 0.45962 0.00183129 0.00183129
0.54033 0.45967 0.00189127 0.00189127
0.54128 0.45872 0.00180752 0.00180752
0.53999 0.46001 0.00180827 0.00180827
0.54046 0.45954 0.0018528 0.0018528
0.53978 0.46022 0.00186585 0.00186585
0.54075 0.45925 0.00176589 0.00176589
0.54129 0.45871 0.00175415 0.00175415
0.54098 0.45902 0.00172747 0.00172747
0.54109 0.45891 0.00180915 0.00180915
0.54044 0.45956 0.00181037 0.00181037
0.53896 0.46104 0.00169864 0.00169864
0.53922 0.46078 0.00175615 0.00175615
0.54078 0.45922 0.0018032 0.0018032
0.54158 0.45842 0.00177934 0.00177934
0.54101 0.45899 0.00186999 0.00186999
0.54117 0.45883 0.00189238 0.00189238
0.54006 0.45994 0.00190185 0.00190185
0.53992 0.46008 0.00187607 0.00187607
0.53958 0.46042 0.00184039 0.00184039
0.54029 0.45971 0.0018618 0.0018618
0.54021 0.45979 0.00185253 0.00185253
0.53964 0.46036 0.00190233 0.00190233
0.54007 0.45993 0.00185047 0.00185047
0.54076 0.45924 0.00190384 0.00190384
0.54117 0.45883 0.00187503 0.00187503
0.54201 0.45799 0.00195518 0.00195518
0.54275 0.45725 0.00197488 0.00197488
0.54219 0.45781 0.00191927 0.00191927
0.54172 0.45828 0.0019254 0.0019254
0.54127 0.45873 0.00196478 0.00196478
0.54167 0.45833 0.00197283 0.00197283
0.54183 0.45817 0.00196172 0.00196172
0.54255 0.45745 0.00192583 0.00192583
0.54191 0.45809 0.00203744 0.00203744
0.5426 0.4574 0.00203541 0.00203541
0.54148 0.45852 0.0019534 0.0019534
0.54047 0.45953 0.00191922 0.00191922
0.54009 0.45991 0.00192895 0.00192895
0.54018 0.45982 0.00193831 0.00193831
0.53907 0.46093 0.0019112 0.0019112
0.53885 0.46115 0.00186764 0.00186764
0.54001 0.45999 0.00188039 0.00188039
0.5418 0.4582 0.0019124 0.0019124
0.54199 0.45801 0.00193078 0.00193078
0.54073 0.45927 0.00198105 0.00198105
0.54015 0.45985 0.00196712 0.00196712
0.5397 0.4603 0.00196506 0.00196506
0.53928 0.46072 0.00194899 0.00194899
0.53773 0.46227 0.00192396 0.00192396
0.53843 0.46157 0.00198394 0.00198394
0.53865 0.46135 0.00201391 0.00201391
0.53927 0.46073 0.00206218 0.00206218
0.53868 0.46132 0.00210167 0.00210167
0.53984 0.46016 0.0021322 0.0021322
0.53974 0.46026 0.00213904 0.00213904
0.54038 0.45962 0.00195761 0.00195761
0.54052 0.45948 0.00189524 0.00189524
0.54024 0.45976 0.00197487 0.00197487
0.54055 0.45945 0.00198718 0.00198718
0.54038 0.45962 0.00198606 0.00198606
0.54144 0.45856 0.00200259 0.00200259
0.54151 0.45849 0.00202512 0.00202512
0.54174 0.45826 0.00206238 0.00206238
0.54246 0.45754 0.0020013 0.0020013
0.54241 0.45759 0.00215362 0.00215362
0.54237 0.45763 0.0020022 0.0020022
0.54189 0.45811 0.0020718 0.0020718
0.54077 0.45923 0.00216745 0.00216745
0.54112 0.45888 0.00214679 0.00214679
0.54035 0.45965 0.00216799 0.00216799
0.54 0.46 0.00206386 0.00206386
0.53955 0.46045 0.00203734 0.00203734
0.53923 0.46077 0.00206127 0.00206127
0.53958 0.46042 0.00203566 0.00203566
0.53769 0.46231 0.00202201 0.00202201
0.53844 0.46156 0.00203372 0.00203372
0.53911 0.46089 0.00194341 0.00194341
0.53923 0.46077 0.00196957 0.00196957
0.53921 0.46079 0.00207461 0.00207461
0.53882 0.46118 0.00202728 0.00202728
0.53812 0.46188 0.00193158 0.00193158
0.539 0.461 0.00201281 0.00201281
0.53886 0.46114 0.00196727 0.00196727
0.53905 0.46095 0.00195595 0.00195595
0.53932 0.46068 0.0020427 0.0020427
0.5388 0.4612 0.00196448 0.00196448
0.53785 0.46215 0.00198827 0.00198827
0.53927 0.46073 0.00190517 0.00190517
0.53782 0.46218 0.00196918 0.00196918
0.53711 0.46289 0.00201426 0.00201426
0.53786 0.46214 0.00195762 0.00195762
0.53861 0.46139 0.00197262 0.00197262
0.53814 0.46186 0.0020401 0.0020401
0.54 0.46 0.00206844 0.00206844
0.53991 0.46009 0.00210594 0.00210594
0.54006 0.45994 0.00205889 0.00205889
0.54047 0.45953 0.00207268 0.00207268
0.54021 0.45979 0.00211512 0.00211512
0.54099 0.45901 0.00207011 0.00207011
0.5413 0.4587 0.00212948 0.00212948
0.54165 0.45835 0.0020675 0.0020675
0.54089 0.45911 0.00209951 0.00209951
0.54117 0.45883 0.00211251 0.00211251
0.54142 0.45858 0.00208055 0.00208055
0.54082 0.45918 0.0020196 0.0020196
0.54125 0.45875 0.00210985 0.00210985
0.54153 0.45847 0.00200726 0.00200726
0.54145 0.45855 0.0019715 0.0019715
0.54153 0.45847 0.00204647 0.00204647
0.54183 0.45817 0.00205012 0.00205012
0.54142 0.45858 0.00205029 0.00205029
0.54108 0.45892 0.00212761 0.00212761
0.54162 0.45838 0.00215129 0.00215129
0.54163 0.45837 0.0020905 0.0020905
0.54198 0.45802 0.00219026 0.00219026
0.54069 0.45931 0.00224658 0.00224658
0.53948 0.46052 0.00236773 0.00236773
0.53949 0.46051 0.00223698 0.00223698
0.53993 0.46007 0.00228944 0.00228944
0.53904 0.46096 0.00237828 0.00237828
0.54061 0.45939 0.00244842 0.00244842
0.5397 0.4603 0.00246787 0.00246787
0.5391 0.4609 0.00241785 0.00241785
0.53932 0.46068 0.00242036 0.00242036
0.54008 0.45992 0.00246904 0.00246904
0.54031 0.45969 0.00248506 0.00248506
0.54001 0.45999 0.00250692 0.00250692
0.54056 0.45944 0.00249839 0.00249839
0.54138 0.45862 0.00258038 0.00258038
0.54069 0.45931 0.00252603 0.00252603
0.5394 0.4606 0.0024637 0.0024637
0.53988 0.46012 0.00231338 0.00231338
0.54088 0.45912 0.00239788 0.00239788
0.5412 0.4588 0.00223992 0.00223992
0.54168 0.45832 0.00232331 0.00232331
0.54176 0.45824 0.00216152 0.00216152
0.54147 0.45853 0.00225611 0.00225611
0.54109 0.45891 0.00221091 0.00221091
0.54106 0.45894 0.00228882 0.00228882
0.54 0.46 0.00228287 0.00228287
0.53932 0.46068 0.00226929 0.00226929
0.53861 0.46139 0.00224885 0.00224885
0.53906 0.46094 0.00229672 0.00229672
0.53837 0.46163 0.00235361 0.00235361
0.53888 0.46112 0.00240714 0.00240714
0.53921 0.46079 0.00246962 0.00246962
0.53802 0.46198 0.00248523 0.00248523
0.53812 0.46188 0.00246582 0.00246582
0.53944 0.46056 0.00242332 0.00242332
0.53892 0.46108 0.00244949 0.00244949
0.53943 0.46057 0.00255679 0.00255679
0.54018 0.45982 0.00251011 0.00251011
0.54012 0.45988 0.00245962 0.00245962
0.54058 0.45942 0.00247186 0.00247186
0.54124 0.45876 0.00229784 0.00229784
0.54073 0.45927 0.00234121 0.00234121
0.5413 0.4587 0.00236122 0.00236122
0.54055 0.45945 0.00236425 0.00236425
0.54083 0.45917 0.00237863 0.00237863
0.53992 0.46008 0.00245375 0.00245375
0.53919 0.46081 0.00237713 0.00237713
0.53906 0.46094 0.00245664 0.00245664
0.53984 0.46016 0.00235605 0.00235605
0.54088 0.45912 0.00234871 0.00234871
0.53966 0.46034 0.00234489 0.00234489
0.53947 0.46053 0.0024054 0.0024054
0.53954 0.46046 0.00242377 0.00242377
0.53882 0.46118 0.0024209 0.0024209
0.53889 0.46111 0.00240291 0.00240291
0.53811 0.46189 0.00247347 0.00247347
0.53875 0.46125 0.00242968 0.00242968
0.5402 0.4598 0.00245083 0.00245083
0.54009 0.45991 0.00247974 0.00247974
0.53971 0.46029 0.00240607 0.00240607
0.53939 0.46061 0.00243606 0.00243606
0.53883 0.46117 0.00247588 0.00247588
0.53826 0.46174 0.00262636 0.00262636
0.5385 0.4615 0.00261886 0.00261886
0.53893 0.46107 0.00262663 0.00262663
0.53885 0.46115 0.00260934 0.00260934
0.53747 0.46253 0.00260522 0.00260522
0.53731 0.46269 0.00265123 0.00265123
0.53774 0.46226 0.00260349 0.00260349
0.53673 0.46327 0.0025947 0.0025947
0.53677 0.46323 0.00258569 0.00258569
0.53666 0.46334 0.00250647 0.00250647
0.53573 0.46427 0.00252268 0.00252268
0.53717 0.46283 0.0025039 0.0025039
0.53772 0.46228 0.00254707 0.00254707
0.53797 0.46203 0.00264049 0.00264049
0.53848 0.46152 0.00270155 0.00270155
0.53976 0.46024 0.00268443 0.00268443
0.54017 0.45983 0.00255085 0.00255085
0.5403 0.4597 0.00260223 0.00260223
0.54042 0.45958 0.00268433 0.00268433
0.54111 0.45889 0.00265899 0.00265899
0.53998 0.46002 0.00257374 0.00257374
0.53965 0.46035 0.00261132 0.00261132
0.53992 0.46008 0.00258908 0.00258908
0.54016 0.45984 0.00254347 0.00254347
0.53902 0.46098 0.00258901 0.00258901
0.53985 0.46015 0.00266516 0.00266516
0.54032 0.45968 0.0027281 0.0027281
0.53972 0.46028 0.00263954 0.00263954
0.54011 0.45989 0.00268113 0.00268113
0.5401 0.4599 0.00274961 0.00274961
0.54151 0.45849 0.00273672 0.00273672
0.54024 0.45976 0.00268865 0.00268865
0.5413 0.4587 0.00268116 0.00268116
0.54074 0.45926 0.00270397 0.00270397
0.54115 0.45885 0.00279663 0.00279663
0.54 0.46 0.00269549 0.00269549
0.53986 0.46014 0.00277974 0.00277974
0.53973 0.46027 0.00262792 0.00262792
0.5399 0.4601 0.00266195 0.00266195
0.53921 0.46079 0.00268582 0.00268582
0.53948 0.46052 0.00262159 0.00262159
0.53926 0.46074 0.00272244 0.00272244
0.53849 0.46151 0.00273292 0.00273292
0.53834 0.46166 0.00276463 0.00276463
0.53923 0.46077 0.00267919 0.00267919
0.5397 0.4603 0.00255084 0.00255084
0.53922 0.46078 0.00257708 0.00257708
0.5397 0.4603 0.00279217 0.00279217
0.53993 0.46007 0.00264839 0.00264839
0.54057 0.45943 0.00269788 0.00269788
0.54242 0.45758 0.00276584 0.00276584
0.54152 0.45848 0.00271037 0.00271037
0.54139 0.45861 0.0028385 0.0028385
0.54009 0.45991 0.0027775 0.0027775
0.54089 0.45911 0.00267695 0.00267695
0.54125 0.45875 0.00261663 0.00261663
0.5399 0.4601 0.00264601 0.00264601
0.54032 0.45968 0.00270186 0.00270186
0.53997 0.46003 0.0027267 0.0027267
0.53945 0.46055 0.00252128 0.00252128
0.53939 0.46061 0.00249755 0.00249755
0.53855 0.46145 0.00244764 0.00244764
0.5385 0.4615 0.002373 0.002373
0.5388 0.4612 0.00247396 0.00247396
0.5398 0.4602 0.00254408 0.00254408
0.54067 0.45933 0.00255164 0.00255164
0.54124 0.45876 0.00259936 0.00259936
0.54252 0.45748 0.00244496 0.00244496
0.54286 0.45714 0.00245111 0.00245111
0.54217 0.45783 0.0025039 0.0025039
0.54189 0.45811 0.0026224 0.0026224
0.54244 0.45756 0.00255787 0.00255787
0.54167 0.45833 0.00248447 0.00248447
0.54168 0.45832 0.00244729 0.00244729
0.54241 0.45759 0.00255869 0.00255869
0.54309 0.45691 0.00257105 0.00257105
0.54187 0.45813 0.00255759 0.00255759
0.54254 0.45746 0.00253221 0.00253221
0.54228 0.45772 0.00262386 0.00262386
0.54271 0.45729 0.00253835 0.00253835
0.54213 0.45787 0.00262535 0.00262535
0.54211 0.45789 0.00267656 0.00267656
0.54141 0.45859 0.00276481 0.00276481
0.54233 0.45767 0.00277663 0.00277663
0.54197 0.45803 0.00262037 0.00262037
0.54281 0.45719 0.00269882 0.00269882
0.54277 0.45723 0.00274252 0.00274252
0.54289 0.45711 0.00262489 0.00262489
0.54317 0.45683 0.00261071 0.00261071
0.54204 0.45796 0.00257974 0.00257974
0.54164 0.45836 0.00265258 0.00265258
0.54176 0.45824 0.00273176 0.00273176
0.54238 0.45762 0.00277711 0.00277711
0.54094 0.45906 0.00276529 0.00276529
0.54061 0.45939 0.00264487 0.00264487
0.54108 0.45892 0.00272169 0.00272169
0.54138 0.45862 0.00270521 0.00270521
0.54051 0.45949 0.00280375 0.00280375
0.53931 0.46069 0.00278185 0.00278185
0.53973 0.46027 0.00273925 0.00273925
0.53918 0.46082 0.00274542 0.00274542
0.53927 0.46073 0.00284016 0.00284016
0.53967 0.46033 0.00287806 0.00287806
0.54019 0.45981 0.00292549 0.00292549
0.54076 0.45924 0.00287123 0.00287123
0.5403 0.4597 0.00275773 0.00275773
0.54091 0.45909 0.00278532 0.00278532
0.54053 0.45947 0.00290009 0.00290009
0.53969 0.46031 0.00283034 0.00283034
0.54047 0.45953 0.00281377 0.00281377
0.53994 0.46006 0.00277002 0.00277002
0.54017 0.45983 0.00277156 0.00277156
0.54241 0.45759 0.00277435 0.00277435
0.54204 0.45796 0.00271699 0.00271699
0.54211 0.45789 0.00275976 0.00275976
0.54068 0.45932 0.00286606 0.00286606
0.54078 0.45922 0.00287343 0.00287343
0.54065 0.45935 0.00288676 0.00288676
0.53997 0.46003 0.00283134 0.00283134
0.53953 0.46047 0.00289324 0.00289324
0.53908 0.46092 0.00286236 0.00286236
0.53893 0.46107 0.00278958 0.00278958
0.53903 0.46097 0.00291969 0.00291969
0.53961 0.46039 0.00284899 0.00284899
0.53954 0.46046 0.00282894 0.00282894
0.53926 0.46074 0.00297898 0.00297898
0.53929 0.46071 0.00312623 0.00312623
0.54036 0.45964 0.00319074 0.00319074
0.54145 0.45855 0.00316906 0.00316906
0.54112 0.45888 0.00312231 0.00312231
0.54049 0.45951 0.00312334 0.00312334
0.54029 0.45971 0.00300055 0.00300055
0.54025 0.45975 0.00290524 0.00290524
0.53993 0.46007 0.0028192 0.0028192
0.53957 0.46043 0.00284366 0.00284366
0.54055 0.45945 0.00281023 0.00281023
0.54006 0.45994 0.00286933 0.00286933
0.54061 0.45939 0.0028819 0.0028819
0.53959 0.46041 0.00296156 0.00296156
0.54053 0.45947 0.00303534 0.00303534
0.53924 0.46076 0.00310469 0.00310469
0.53997 0.46003 0.00297373 0.00297373
0.54015 0.45985 0.00300932 0.00300932
0.54023 0.45977 0.0031081 0.0031081
0.53988 0.46012 0.00313952 0.00313952
0.54048 0.45952 0.00312237 0.00312237
0.54116 0.45884 0.00316775 0.00316775
0.54243 0.45757 0.00314384 0.00314384
0.54152 0.45848 0.00317724 0.00317724
0.54108 0.45892 0.00318975 0.00318975
0.54097 0.45903 0.00323466 0.00323466
0.54074 0.45926 0.00323508 0.00323508
0.54158 0.45842 0.00319778 0.00319778
0.5413 0.4587 0.00325698 0.00325698
0.54163 0.45837 0.00324872 0.00324872
0.54193 0.45807 0.00329542 0.00329542
0.54297 0.45703 0.00315223 0.00315223
0.5433 0.4567 0.00311498 0.00311498
0.54291 0.45709 0.0031959 0.0031959
0.54223 0.45777 0.00320515 0.00320515
0.54282 0.45718 0.00324997 0.00324997
0.54324 0.45676 0.00325097 0.00325097
0.5432 0.4568 0.0033062 0.0033062
0.54212 0.45788 0.00333298 0.00333298
0.54237 0.45763 0.00328785 0.00328785
0.54114 0.45886 0.00332071 0.00332071
0.54132 0.45868 0.00333137 0.00333137
0.54095 0.45905 0.00340039 0.00340039
0.54206 0.45794 0.00333893 0.00333893
0.54299 0.45701 0.00350169 0.00350169
0.54343 0.45657 0.0033855 0.0033855
0.54353 0.45647 0.00343231 0.00343231
0.54444 0.45556 0.00341483 0.00341483
0.54366 0.45634 0.00338213 0.00338213
0.54351 0.45649 0.00339306 0.00339306
0.54298 0.45702 0.0032982 0.0032982
0.54349 0.45651 0.00314181 0.00314181
0.54286 0.45714 0.00322679 0.00322679
0.54278 0.45722 0.00315757 0.00315757
0.54335 0.45665 0.00317946 0.00317946
0.54236 0.45764 0.00316595 0.00316595
0.542 0.458 0.00319578 0.00319578
0.54105 0.45895 0.00322704 0.00322704
0.54084 0.45916 0.00331339 0.00331339
0.54108 0.45892 0.00327888 0.00327888
0.54098 0.45902 0.00338323 0.00338323
0.54221 0.45779 0.00328094 0.00328094
0.54255 0.45745 0.00324391 0.00324391
0.54252 0.45748 0.00339058 0.00339058
0.54275 0.45725 0.00335805 0.00335805
0.54317 0.45683 0.00326093 0.00326093
0.54377 0.45623 0.00325173 0.00325173
0.54413 0.45587 0.00323007 0.00323007
0.54379 0.45621 0.00328837 0.00328837
0.54398 0.45602 0.00321394 0.00321394
0.54313 0.45687 0.00309082 0.00309082
0.54278 0.45722 0.00312561 0.00312561
0.54243 0.45757 0.00315643 0.00315643
0.54227 0.45773 0.00305971 0.00305971
0.54236 0.45764 0.0031553 0.0031553
0.54237 0.45763 0.00320244 0.00320244
0.54111 0.45889 0.00319879 0.00319879
0.54137 0.45863 0.00333577 0.00333577
0.54126 0.45874 0.00332423 0.00332423
0.54029 0.45971 0.00338328 0.00338328
0.5411 0.4589 0.00348959 0.00348959
0.54296 0.45704 0.00342079 0.00342079
0.54219 0.45781 0.0034107 0.0034107
0.54238 0.45762 0.00325842 0.00325842
0.54312 0.45688 0.00332041 0.00332041
0.54389 0.45611 0.00323654 0.00323654
0.54405 0.45595 0.0031835 0.0031835
0.54284 0.45716 0.00318418 0.00318418
0.54317 0.45683 0.00334075 0.00334075
0.54264 0.45736 0.00332524 0.00332524
0.54285 0.45715 0.00331251 0.00331251
0.54379 0.45621 0.0032439 0.0032439
0.54455 0.45545 0.00336269 0.00336269
0.54367 0.45633 0.00340457 0.00340457
0.54334 0.45666 0.00344354 0.00344354
0.54271 0.45729 0.00340465 0.00340465
0.54263 0.45737 0.00339581 0.00339581
0.54144 0.45856 0.00323364 0.00323364
0.54062 0.45938 0.00334492 0.00334492
0.54145 0.45855 0.00329835 0.00329835
0.54121 0.45879 0.00338112 0.00338112
0.54084 0.45916 0.00336131 0.00336131
0.53993 0.46007 0.00343019 0.00343019
0.5413 0.4587 0.00333403 0.00333403
0.54093 0.45907 0.00333716 0.00333716
0.54192 0.45808 0.00334727 0.00334727
0.54144 0.45856 0.00338102 0.00338102
0.54167 0.45833 0.00348899 0.00348899
0.54081 0.45919 0.00339418 0.00339418
0.54098 0.45902 0.00341368 0.00341368
0.54222 0.45778 0.00340979 0.00340979
0.54151 0.45849 0.00331599 0.00331599
0.54177 0.45823 0.00341064 0.00341064
0.54119 0.45881 0.00345541 0.00345541
0.53938 0.46062 0.00346014 0.00346014
0.53936 0.46064 0.00336217 0.00336217
0.54058 0.45942 0.00342598 0.00342598
0.54219 0.45781 0.00350945 0.00350945
0.54178 0.45822 0.00354375 0.00354375
0.54235 0.45765 0.00350314 0.00350314
0.5429 0.4571 0.0036052 0.0036052
0.54269 0.45731 0.0036423 0.0036423
0.54147 0.45853 0.00366363 0.00366363
0.54199 0.45801 0.0037207 0.0037207
0.54166 0.45834 0.00371897 0.00371897
0.54152 0.45848 0.00374209 0.00374209
0.5415 0.4585 0.00371458 0.00371458
0.54217 0.45783 0.00372818 0.00372818
0.54134 0.45866 0.00365447 0.00365447
0.54102 0.45898 0.00369743 0.00369743
0.54161 0.45839 0.00373911 0.00373911
0.54226 0.45774 0.00375757 0.00375757
0.54076 0.45924 0.00375273 0.00375273
0.54121 0.45879 0.00359312 0.00359312
0.54234 0.45766 0.00362037 0.00362037
0.54378 0.45622 0.0037066 0.0037066
0.54489 0.45511 0.00361369 0.00361369
0.54508 0.45492 0.0036063 0.0036063
