0.56708 0.43292 0.000311549 0.000311549
0.58356 0.41644 0.000535905 0.000535905
0.59769 0.40231 0.000897166 0.000897166
0.60984 0.39016 0.00128401 0.00128401
0.62092 0.37908 0.00178329 0.00178329
0.632 0.368 0.00223673 0.00223673
0.64102 0.35898 0.00275541 0.00275541
0.65016 0.34984 0.00319331 0.00319331
0.65722 0.34278 0.00366698 0.00366698
0.66478 0.33522 0.00409575 0.00409575
0.67096 0.32904 0.00456864 0.00456864
0.676 0.324 0.00496954 0.00496954
0.68146 0.31854 0.00548892 0.00548892
0.68602 0.31398 0.0058762 0.0058762
0.6906 0.3094 0.00607234 0.00607234
0.69464 0.30536 0.00637264 0.00637264
0.6985 0.3015 0.00661767 0.00661767
0.70215 0.29785 0.00688958 0.00688958
0.7054 0.2946 0.00727552 0.00727552
0.70871 0.29129 0.00753738 0.00753738
0.71123 0.28877 0.00776594 0.00776594
0.7136 0.2864 0.00788024 0.00788024
0.71581 0.28419 0.00812686 0.00812686
0.71801 0.28199 0.00829676 0.00829676
0.72038 0.27962 0.00843707 0.00843707
0.72263 0.27737 0.00852731 0.00852731
0.72524 0.27476 0.00855536 0.00855536
0.7268 0.2732 0.00866255 0.00866255
0.7289 0.2711 0.00867058 0.00867058
0.7308 0.2692 0.00878374 0.00878374
0.73269 0.26731 0.00886983 0.00886983
0.73409 0.26591 0.00885919 0.00885919
0.73579 0.26421 0.00885574 0.00885574
0.73706 0.26294 0.00884933 0.00884933
0.73845 0.26155 0.00878581 0.00878581
0.73948 0.26052 0.0088132 0.0088132
0.74092 0.25908 0.00876704 0.00876704
0.74178 0.25822 0.00882801 0.00882801
0.74281 0.25719 0.0088871 0.0088871
0.74376 0.25624 0.00899572 0.00899572
0.74463 0.25537 0.008953 0.008953
0.74549 0.25451 0.00900227 0.00900227
0.74651 0.25349 0.0089772 0.0089772
0.74729 0.25271 0.00897627 0.00897627
0.74808 0.25192 0.0090006 0.0090006
0.74887 0.25113 0.00902474 0.00902474
0.74979 0.25021 0.00900245 0.00900245
0.75037 0.24963 0.00899155 0.00899155
0.75078 0.24922 0.00903959 0.00903959
0.75112 0.24888 0.0090353 0.0090353
0.75143 0.24857 0.00899267 0.00899267
0.75194 0.24806 0.00899868 0.00899868
0.75239 0.24761 0.00904493 0.00904493
0.75306 0.24694 0.00898959 0.00898959
0.7535 0.2465 0.00896635 0.00896635
0.75388 0.24612 0.00899744 0.00899744
0.75399 0.24601 0.00901985 0.00901985
0.75435 0.24565 0.00902205 0.00902205
0.7544 0.2456 0.00901859 0.00901859
0.75451 0.24549 0.00907302 0.00907302
0.75473 0.24527 0.0090607 0.0090607
0.75508 0.24492 0.00904218 0.00904218
0.75518 0.24482 0.00904536 0.00904536
0.75534 0.24466 0.00909411 0.00909411
0.75562 0.24438 0.00909212 0.00909212
0.7559 0.2441 0.00909694 0.00909694
0.75595 0.24405 0.00911552 0.00911552
0.75627 0.24373 0.00906767 0.00906767
0.75648 0.24352 0.00907849 0.00907849
0.75678 0.24322 0.00908949 0.00908949
0.75691 0.24309 0.00911404 0.00911404
0.75702 0.24298 0.00911685 0.00911685
0.75727 0.24273 0.00910656 0.00910656
0.75743 0.24257 0.00908435 0.00908435
0.75758 0.24242 0.00906313 0.00906313
0.75771 0.24229 0.00908306 0.00908306
0.7577 0.2423 0.00910559 0.00910559
0.75784 0.24216 0.00909915 0.00909915
0.75801 0.24199 0.00909878 0.00909878
0.75825 0.24175 0.00905601 0.00905601
0.75846 0.24154 0.00903552 0.00903552
0.75847 0.24153 0.0090653 0.0090653
0.75853 0.24147 0.00905702 0.00905702
0.75862 0.24138 0.00906892 0.00906892
0.7587 0.2413 0.00907369 0.00907369
0.75881 0.24119 0.00905955 0.00905955
0.75893 0.24107 0.00907639 0.00907639
0.75899 0.24101 0.00909528 0.00909528
0.75902 0.24098 0.00912087 0.00912087
0.75905 0.24095 0.00913017 0.00913017
0.75912 0.24088 0.00912011 0.00912011
0.75923 0.24077 0.00911291 0.00911291
0.75922 0.24078 0.00913088 0.00913088
0.75919 0.24081 0.00913642 0.00913642
0.75925 0.24075 0.00913817 0.00913817
0.75931 0.24069 0.00914232 0.00914232
0.75931 0.24069 0.00913183 0.00913183
0.75932 0.24068 0.00913079 0.00913079
0.75937 0.24063 0.00914943 0.00914943
0.75953 0.24047 0.00916361 0.00916361
0.75962 0.24038 0.00915412 0.00915412
0.75973 0.24027 0.00916242 0.00916242
0.75976 0.24024 0.00916412 0.00916412
0.75978 0.24022 0.00915741 0.00915741
0.75985 0.24015 0.00916005 0.00916005
0.75989 0.24011 0.00916945 0.00916945
0.75992 0.24008 0.00916272 0.00916272
0.75997 0.24003 0.00916672 0.00916672
0.76011 0.23989 0.00914957 0.00914957
0.76015 0.23985 0.00916312 0.00916312
0.76023 0.23977 0.00915521 0.00915521
0.76017 0.23983 0.00915984 0.00915984
0.76015 0.23985 0.00915696 0.00915696
0.76015 0.23985 0.00916051 0.00916051
0.76019 0.23981 0.00916563 0.00916563
0.76017 0.23983 0.0091656 0.0091656
0.7602 0.2398 0.00917356 0.00917356
0.7602 0.2398 0.00918414 0.00918414
0.76026 0.23974 0.00917987 0.00917987
0.76027 0.23973 0.00917634 0.00917634
0.76023 0.23977 0.00918703 0.00918703
0.76017 0.23983 0.00919982 0.00919982
0.76022 0.23978 0.0091827 0.0091827
0.76029 0.23971 0.00917199 0.00917199
0.76034 0.23966 0.00916996 0.00916996
0.76032 0.23968 0.00917283 0.00917283
0.76035 0.23965 0.00916655 0.00916655
0.76038 0.23962 0.00915703 0.00915703
0.76044 0.23956 0.00915546 0.00915546
0.76044 0.23956 0.00915546 0.00915546
0.76041 0.23959 0.00915517 0.00915517
0.76042 0.23958 0.00916015 0.00916015
0.76044 0.23956 0.00915433 0.00915433
0.76049 0.23951 0.0091546 0.0091546
0.7605 0.2395 0.00917074 0.00917074
0.76048 0.23952 0.00916746 0.00916746
0.76052 0.23948 0.009165 0.009165
0.76055 0.23945 0.00916391 0.00916391
0.76057 0.23943 0.00915796 0.00915796
0.76058 0.23942 0.00915194 0.00915194
0.76059 0.23941 0.00914142 0.00914142
0.76064 0.23936 0.0091386 0.0091386
0.76064 0.23936 0.00914698 0.00914698
0.76062 0.23938 0.00916604 0.00916604
0.76063 0.23937 0.00916662 0.00916662
0.76065 0.23935 0.00917061 0.00917061
0.7606 0.2394 0.00917248 0.00917248
0.76063 0.23937 0.00916357 0.00916357
0.76067 0.23933 0.00915548 0.00915548
0.76067 0.23933 0.00914691 0.00914691
0.76065 0.23935 0.00915615 0.00915615
0.76064 0.23936 0.00916207 0.00916207
0.76067 0.23933 0.00915982 0.00915982
0.76066 0.23934 0.00916457 0.00916457
0.76064 0.23936 0.00917027 0.00917027
0.76062 0.23938 0.00917012 0.00917012
0.76062 0.23938 0.0091781 0.0091781
0.76068 0.23932 0.0091701 0.0091701
0.76068 0.23932 0.00917113 0.00917113
0.7607 0.2393 0.00916959 0.00916959
0.76068 0.23932 0.00917234 0.00917234
0.76065 0.23935 0.00917047 0.00917047
0.76067 0.23933 0.00916929 0.00916929
0.7607 0.2393 0.00917464 0.00917464
0.76072 0.23928 0.00917016 0.00917016
0.7607 0.2393 0.00917411 0.00917411
0.76074 0.23926 0.00917086 0.00917086
0.76075 0.23925 0.00916486 0.00916486
0.76077 0.23923 0.00916594 0.00916594
0.76079 0.23921 0.00916328 0.00916328
0.76078 0.23922 0.00916494 0.00916494
0.76078 0.23922 0.0091668 0.0091668
0.76082 0.23918 0.00915835 0.00915835
0.7608 0.2392 0.00915855 0.00915855
0.76079 0.23921 0.00915655 0.00915655
0.76081 0.23919 0.00915157 0.00915157
0.7608 0.2392 0.00915327 0.00915327
0.7608 0.2392 0.00915327 0.00915327
0.76083 0.23917 0.00915727 0.00915727
0.76088 0.23912 0.00915875 0.00915875
0.7609 0.2391 0.0091572 0.0091572
0.76088 0.23912 0.00915496 0.00915496
0.76089 0.23911 0.00915765 0.00915765
0.7609 0.2391 0.00916181 0.00916181
0.76088 0.23912 0.00915984 0.00915984
0.7609 0.2391 0.00916074 0.00916074
0.7609 0.2391 0.00915999 0.00915999
0.7609 0.2391 0.00915888 0.00915888
0.76091 0.23909 0.00916146 0.00916146
0.76092 0.23908 0.00915943 0.00915943
0.76091 0.23909 0.00916192 0.00916192
0.76088 0.23912 0.00916207 0.00916207
0.76089 0.23911 0.00916254 0.00916254
0.76089 0.23911 0.00916315 0.00916315
0.76088 0.23912 0.00916667 0.00916667
0.7609 0.2391 0.00916866 0.00916866
0.76093 0.23907 0.00917184 0.00917184
0.76095 0.23905 0.0091691 0.0091691
0.76097 0.23903 0.00916544 0.00916544
0.761 0.239 0.00916475 0.00916475
0.76101 0.23899 0.00916948 0.00916948
0.76098 0.23902 0.009172 0.009172
0.76099 0.23901 0.00916579 0.00916579
0.761 0.239 0.00916883 0.00916883
0.76101 0.23899 0.00916348 0.00916348
0.76103 0.23897 0.00916593 0.00916593
0.76104 0.23896 0.00916499 0.00916499
0.761 0.239 0.00916679 0.00916679
0.76101 0.23899 0.00916458 0.00916458
0.761 0.239 0.00916333 0.00916333
0.761 0.239 0.00916333 0.00916333
0.761 0.239 0.00916333 0.00916333
0.76097 0.23903 0.00916811 0.00916811
0.76098 0.23902 0.00916675 0.00916675
0.76098 0.23902 0.0091681 0.0091681
0.761 0.239 0.00916731 0.00916731
0.761 0.239 0.00916731 0.00916731
0.76101 0.23899 0.00916571 0.00916571
0.76102 0.23898 0.00916683 0.00916683
0.76101 0.23899 0.00916843 0.00916843
0.76099 0.23901 0.00917187 0.00917187
0.761 0.239 0.00917073 0.00917073
0.76099 0.23901 0.00916769 0.00916769
0.76097 0.23903 0.00917443 0.00917443
0.76097 0.23903 0.00917443 0.00917443
0.76097 0.23903 0.00917443 0.00917443
0.76097 0.23903 0.00917443 0.00917443
0.76098 0.23902 0.00917168 0.00917168
0.76099 0.23901 0.0091772 0.0091772
0.761 0.239 0.00917614 0.00917614
0.76102 0.23898 0.00917028 0.00917028
0.76103 0.23897 0.00916657 0.00916657
0.76104 0.23896 0.00916549 0.00916549
0.76105 0.23895 0.00916676 0.00916676
0.76105 0.23895 0.00916827 0.00916827
0.76104 0.23896 0.00917198 0.00917198
0.76105 0.23895 0.00917379 0.00917379
0.76105 0.23895 0.00917379 0.00917379
0.76106 0.23894 0.00916313 0.00916313
0.76107 0.23893 0.00916176 0.00916176
0.76106 0.23894 0.00916448 0.00916448
0.76105 0.23895 0.00916574 0.00916574
0.76105 0.23895 0.00916574 0.00916574
0.76104 0.23896 0.00916689 0.00916689
0.76103 0.23897 0.00917423 0.00917423
0.76102 0.23898 0.00917675 0.00917675
0.761 0.239 0.00917683 0.00917683
0.76103 0.23897 0.00917522 0.00917522
0.76103 0.23897 0.00917375 0.00917375
0.76103 0.23897 0.00917829 0.00917829
0.76105 0.23895 0.00917546 0.00917546
0.76104 0.23896 0.00917709 0.00917709
0.76104 0.23896 0.00917709 0.00917709
0.76104 0.23896 0.00917709 0.00917709
0.76104 0.23896 0.00917709 0.00917709
0.76105 0.23895 0.00918013 0.00918013
0.76104 0.23896 0.00917864 0.00917864
0.76103 0.23897 0.00917561 0.00917561
0.76104 0.23896 0.00917588 0.00917588
0.76105 0.23895 0.00917217 0.00917217
0.76105 0.23895 0.00917217 0.00917217
0.76105 0.23895 0.00917217 0.00917217
0.76107 0.23893 0.00917297 0.00917297
0.76107 0.23893 0.00917297 0.00917297
0.76105 0.23895 0.0091734 0.0091734
0.76106 0.23894 0.00917177 0.00917177
0.76104 0.23896 0.00917361 0.00917361
0.76105 0.23895 0.00917225 0.00917225
0.76105 0.23895 0.00917225 0.00917225
0.76105 0.23895 0.00917225 0.00917225
0.76105 0.23895 0.00917059 0.00917059
0.76104 0.23896 0.00917335 0.00917335
0.76103 0.23897 0.00917223 0.00917223
0.76103 0.23897 0.00917223 0.00917223
0.76103 0.23897 0.00917223 0.00917223
0.76101 0.23899 0.00917203 0.00917203
0.761 0.239 0.00917626 0.00917626
0.76099 0.23901 0.00917445 0.00917445
0.76102 0.23898 0.00917156 0.00917156
0.76102 0.23898 0.00917156 0.00917156
0.76102 0.23898 0.00917156 0.00917156
0.76102 0.23898 0.00917156 0.00917156
0.76102 0.23898 0.00917372 0.00917372
0.76104 0.23896 0.00917388 0.00917388
0.76104 0.23896 0.00917388 0.00917388
0.76104 0.23896 0.00917267 0.00917267
0.76105 0.23895 0.00917449 0.00917449
0.76104 0.23896 0.00917218 0.00917218
0.76103 0.23897 0.00917379 0.00917379
0.76103 0.23897 0.00916922 0.00916922
0.76103 0.23897 0.00917148 0.00917148
0.76103 0.23897 0.00917148 0.00917148
0.76103 0.23897 0.00917536 0.00917536
0.76104 0.23896 0.00917374 0.00917374
0.76104 0.23896 0.00917374 0.00917374
0.76104 0.23896 0.00917165 0.00917165
0.76103 0.23897 0.00917589 0.00917589
0.76104 0.23896 0.00917475 0.00917475
0.76103 0.23897 0.0091769 0.0091769
0.76103 0.23897 0.0091769 0.0091769
0.76104 0.23896 0.00917921 0.00917921
0.76106 0.23894 0.00917388 0.00917388
0.76105 0.23895 0.00917498 0.00917498
0.76105 0.23895 0.00917498 0.00917498
0.76108 0.23892 0.00917706 0.00917706
0.76107 0.23893 0.00918077 0.00918077
0.76106 0.23894 0.00918214 0.00918214
0.76106 0.23894 0.00918214 0.00918214
0.76107 0.23893 0.00918104 0.00918104
0.76106 0.23894 0.00918218 0.00918218
0.76105 0.23895 0.00918328 0.00918328
0.76109 0.23891 0.00917348 0.00917348
0.76109 0.23891 0.00917447 0.00917447
0.76108 0.23892 0.00917818 0.00917818
0.76106 0.23894 0.00917365 0.00917365
0.76105 0.23895 0.00917641 0.00917641
0.76105 0.23895 0.00917641 0.00917641
0.76106 0.23894 0.0091779 0.0091779
0.76106 0.23894 0.00918076 0.00918076
0.76107 0.23893 0.00917801 0.00917801
0.76107 0.23893 0.00917801 0.00917801
0.76107 0.23893 0.00917801 0.00917801
0.76106 0.23894 0.00917652 0.00917652
0.76106 0.23894 0.00917652 0.00917652
0.76106 0.23894 0.00917652 0.00917652
0.76107 0.23893 0.00917538 0.00917538
0.76108 0.23892 0.00917115 0.00917115
0.76107 0.23893 0.00917229 0.00917229
0.76105 0.23895 0.00917928 0.00917928
0.76105 0.23895 0.00917928 0.00917928
0.76106 0.23894 0.00918137 0.00918137
0.76106 0.23894 0.00918137 0.00918137
0.76107 0.23893 0.00917714 0.00917714
0.76107 0.23893 0.00917714 0.00917714
0.76107 0.23893 0.00917714 0.00917714
0.76107 0.23893 0.00917714 0.00917714
0.76107 0.23893 0.00917714 0.00917714
0.76108 0.23892 0.00917492 0.00917492
0.76108 0.23892 0.00917492 0.00917492
0.76108 0.23892 0.00917492 0.00917492
0.76108 0.23892 0.00917492 0.00917492
0.76107 0.23893 0.00917283 0.00917283
0.76106 0.23894 0.00917499 0.00917499
0.76106 0.23894 0.00917499 0.00917499
0.76106 0.23894 0.00917499 0.00917499
0.76107 0.23893 0.00917708 0.00917708
0.76108 0.23892 0.00917593 0.00917593
0.76108 0.23892 0.00917593 0.00917593
0.76108 0.23892 0.00917593 0.00917593
0.7611 0.2389 0.0091793 0.0091793
0.76109 0.23891 0.00917897 0.00917897
0.76109 0.23891 0.00917897 0.00917897
0.7611 0.2389 0.00917682 0.00917682
0.7611 0.2389 0.00917682 0.00917682
0.7611 0.2389 0.00917682 0.00917682
0.7611 0.2389 0.00917682 0.00917682
0.7611 0.2389 0.00917682 0.00917682
0.7611 0.2389 0.00917682 0.00917682
0.7611 0.2389 0.00917682 0.00917682
0.7611 0.2389 0.00917682 0.00917682
0.76109 0.23891 0.00918105 0.00918105
0.76109 0.23891 0.00918105 0.00918105
0.76109 0.23891 0.00918105 0.00918105
0.76109 0.23891 0.00918105 0.00918105
0.76108 0.23892 0.00917801 0.00917801
0.76111 0.23889 0.00917632 0.00917632
0.7611 0.2389 0.00917787 0.00917787
0.7611 0.2389 0.00917787 0.00917787
0.7611 0.2389 0.00917787 0.00917787
0.7611 0.2389 0.00917787 0.00917787
0.76109 0.23891 0.00917796 0.00917796
0.76109 0.23891 0.00917796 0.00917796
0.7611 0.2389 0.0091752 0.0091752
0.7611 0.2389 0.0091752 0.0091752
0.7611 0.2389 0.0091752 0.0091752
0.76111 0.23889 0.00917365 0.00917365
0.76111 0.23889 0.00917365 0.00917365
0.76111 0.23889 0.00917365 0.00917365
0.76111 0.23889 0.00917365 0.00917365
0.76111 0.23889 0.00917365 0.00917365
0.76111 0.23889 0.00917365 0.00917365
0.76111 0.23889 0.00917365 0.00917365
0.76112 0.23888 0.00917112 0.00917112
0.76112 0.23888 0.00917356 0.00917356
0.76112 0.23888 0.00917356 0.00917356
0.76112 0.23888 0.00917356 0.00917356
0.76112 0.23888 0.00917356 0.00917356
0.76112 0.23888 0.00917356 0.00917356
0.76111 0.23889 0.00917632 0.00917632
0.7611 0.2389 0.00917847 0.00917847
0.7611 0.2389 0.00917847 0.00917847
0.7611 0.2389 0.00917847 0.00917847
0.7611 0.2389 0.00917847 0.00917847
0.7611 0.2389 0.00917847 0.00917847
0.7611 0.2389 0.00917847 0.00917847
0.7611 0.2389 0.00917847 0.00917847
0.76111 0.23889 0.00917733 0.00917733
0.76111 0.23889 0.00917733 0.00917733
0.76111 0.23889 0.00917733 0.00917733
0.7611 0.2389 0.00917888 0.00917888
0.7611 0.2389 0.00917888 0.00917888
0.7611 0.2389 0.00917888 0.00917888
0.76111 0.23889 0.00917673 0.00917673
0.76111 0.23889 0.00917673 0.00917673
0.76111 0.23889 0.00917673 0.00917673
0.76111 0.23889 0.00917673 0.00917673
0.76111 0.23889 0.00917673 0.00917673
0.76111 0.23889 0.00917673 0.00917673
0.76112 0.23888 0.00917904 0.00917904
0.76112 0.23888 0.00917904 0.00917904
0.76112 0.23888 0.00917904 0.00917904
0.76112 0.23888 0.00917904 0.00917904
0.76112 0.23888 0.00917904 0.00917904
0.76112 0.23888 0.00917904 0.00917904
0.76112 0.23888 0.00917904 0.00917904
0.76113 0.23887 0.00917935 0.00917935
0.76113 0.23887 0.00917935 0.00917935
0.76113 0.23887 0.00917935 0.00917935
0.76113 0.23887 0.00917935 0.00917935
0.76114 0.23886 0.00918083 0.00918083
0.76114 0.23886 0.00918083 0.00918083
0.76113 0.23887 0.00918052 0.00918052
0.76113 0.23887 0.00918052 0.00918052
0.76113 0.23887 0.00918052 0.00918052
0.76113 0.23887 0.00918052 0.00918052
0.76112 0.23888 0.00917904 0.00917904
0.76112 0.23888 0.00917904 0.00917904
0.76112 0.23888 0.00917904 0.00917904
0.76113 0.23887 0.00917935 0.00917935
0.76112 0.23888 0.00917704 0.00917704
0.76111 0.23889 0.00917673 0.00917673
0.76111 0.23889 0.00917673 0.00917673
0.76111 0.23889 0.00917673 0.00917673
0.76111 0.23889 0.00917673 0.00917673
0.76111 0.23889 0.00917673 0.00917673
0.76111 0.23889 0.00917673 0.00917673
0.76111 0.23889 0.00917673 0.00917673
0.76111 0.23889 0.00917673 0.00917673
0.76111 0.23889 0.00917673 0.00917673
0.76112 0.23888 0.00917821 0.00917821
0.76113 0.23887 0.00917666 0.00917666
0.76113 0.23887 0.00917666 0.00917666
0.76113 0.23887 0.00917666 0.00917666
0.76113 0.23887 0.00917666 0.00917666
0.76113 0.23887 0.00917666 0.00917666
0.76112 0.23888 0.00917518 0.00917518
0.76112 0.23888 0.00917518 0.00917518
0.76115 0.23885 0.00917526 0.00917526
0.76115 0.23885 0.00917526 0.00917526
0.76114 0.23886 0.00917495 0.00917495
0.76114 0.23886 0.00917495 0.00917495
0.76114 0.23886 0.00917495 0.00917495
0.76114 0.23886 0.00917495 0.00917495
0.76114 0.23886 0.00917495 0.00917495
0.76114 0.23886 0.00917495 0.00917495
0.76114 0.23886 0.00917495 0.00917495
0.76114 0.23886 0.00917495 0.00917495
0.76114 0.23886 0.00917495 0.00917495
0.76114 0.23886 0.00917495 0.00917495
0.76114 0.23886 0.00917495 0.00917495
0.76114 0.23886 0.00917495 0.00917495
0.76114 0.23886 0.00917495 0.00917495
0.76114 0.23886 0.00917495 0.00917495
0.76113 0.23887 0.00917749 0.00917749
0.76112 0.23888 0.00917904 0.00917904
0.76112 0.23888 0.00917904 0.00917904
0.76112 0.23888 0.00917904 0.00917904
0.76112 0.23888 0.00917904 0.00917904
0.76112 0.23888 0.00917904 0.00917904
0.76112 0.23888 0.00917904 0.00917904
0.76112 0.23888 0.00917904 0.00917904
0.76112 0.23888 0.00917904 0.00917904
0.76113 0.23887 0.00918052 0.00918052
0.76113 0.23887 0.00918052 0.00918052
0.76113 0.23887 0.00918052 0.00918052
0.76113 0.23887 0.00918052 0.00918052
0.76113 0.23887 0.00918052 0.00918052
0.76113 0.23887 0.00918052 0.00918052
0.76113 0.23887 0.00918052 0.00918052
0.76113 0.23887 0.00918052 0.00918052
0.76113 0.23887 0.00918052 0.00918052
0.76113 0.23887 0.00918052 0.00918052
0.76113 0.23887 0.00918052 0.00918052
0.76113 0.23887 0.00918052 0.00918052
0.76113 0.23887 0.00918052 0.00918052
0.76113 0.23887 0.00918052 0.00918052
0.76113 0.23887 0.00918052 0.00918052
0.76113 0.23887 0.00918052 0.00918052
0.76113 0.23887 0.00918052 0.00918052
0.76113 0.23887 0.00918052 0.00918052
0.76114 0.23886 0.00918083 0.00918083
0.76114 0.23886 0.00918083 0.00918083
0.76114 0.23886 0.00918083 0.00918083
0.76114 0.23886 0.00918083 0.00918083
0.76114 0.23886 0.00918083 0.00918083
0.76114 0.23886 0.00918083 0.00918083
0.76114 0.23886 0.00918083 0.00918083
0.76114 0.23886 0.00918083 0.00918083
0.76114 0.23886 0.00918083 0.00918083
0.76114 0.23886 0.00918083 0.00918083
