2653 2980 2829 3048
2838 2829 2855 2892
2699 2952 2680 3060
2738 2941 2780 2954
2768 2927 2762 2954
2674 2964 2708 2976
2748 2971 2780 2980
2715 2981 2822 2939
2786 2879 2819 2909
2761 2925 2796 2904
2681 2980 2801 2937
2625 3040 2621 3078
2654 2987 2697 3013
2648 3003 2680 3025
2782 2887 2840 2860
2583 3086 2607 3125
2761 2917 2679 3006
2847 2797 2823 2897
2686 2965 2748 2951
2732 2874 2763 2917
2796 2885 2899 2819
2882 2792 2919 2797
2819 2845 2854 2882
2875 2735 2901 2835
2892 2768 2951 2764
2748 2868 2821 2874
2738 2944 2812 2946
2884 2770 2834 2863
2832 2835 2941 2795
2676 2933 2747 2981
2841 2798 2850 2856
2815 2858 2777 2942
2895 2767 2909 2803
2827 2814 2859 2834
2872 2872 2917 2866
2606 3064 2707 3098
2683 3026 2741 3017
2888 2788 2931 2783
2843 2788 2842 2828
2747 2896 2733 2954
2826 2790 2866 2824
2752 2920 2852 2869
2787 2837 2886 2843
2802 2827 2851 2824
2904 2758 2975 2768
2626 2942 2700 2968
2894 2775 2842 2939
2806 2888 2729 2991
2728 2899 2751 2926
2675 3002 2711 3030

