2791 2885 3324 3078
2755 2884 3056 2921
2767 2866 2934 2912
2702 2912 2826 3036
2784 2890 2867 2983
2832 2784 2940 2874
2705 2947 2822 3067
2755 2903 2845 2978
2852 2809 2787 3055
2861 2821 2941 2927
2822 2854 2841 2994
2582 3117 2726 3130
2771 2911 2723 3070
2684 3001 2764 3118
2594 3032 2682 3218
2725 2865 2842 2974
2803 2834 2816 3025
2892 2774 2888 2910
2698 2998 2715 3154
2795 2891 2805 3003
2782 2873 2790 3048
2697 2934 2834 2996
2714 2906 2820 3040
2856 2769 3001 2820
2915 2822 2991 2909
2594 3058 2595 3278
2813 2873 2899 3019
2723 2915 2774 3094
2756 2902 2779 3075
2834 2826 2941 2881
2688 2945 2753 3041
2678 2995 2790 3074
2595 3093 2704 3066
2602 3011 2736 3054
2903 2738 2867 2951
2816 2866 2771 3073
2790 2891 2839 2982
2609 3032 2706 3085
2619 3064 2637 3236
2902 2799 2992 2887
2801 2860 2855 2954
2786 2912 2834 3013
2661 2982 2703 3114
2707 2941 2780 2959
2806 2874 2855 2967
2751 2917 2779 3107
2683 2977 2674 3143
2765 2909 2794 3066
2769 2862 2881 3019
2741 2913 2845 3021

