2717 2940 3087 3067
2743 2961 2940 3139
2727 2894 2782 3270
2865 2825 2995 3039
2881 2803 3001 3017
2699 2910 2975 3102
2906 2791 3113 2923
2834 2846 2984 2988
2720 2954 3044 3030
2713 2951 2820 3226
2748 2905 2881 3133
2896 2744 3105 2865
2897 2779 3183 2891
2826 2858 2860 3191
2675 3000 3063 2934
2715 2993 2781 3296
2930 2713 2984 3022
2737 2911 2886 3200
2646 3040 2867 3148
2880 2841 3060 3013
2771 2918 2953 3110
2945 2676 2974 3069
2783 2919 3002 3024
2862 2808 2979 3097
2692 2946 2825 3108
2801 2795 3047 2927
2879 2793 3175 2889
2749 2913 3030 3027
2857 2839 2958 2995
2868 2740 2998 3008
2752 2874 2997 3022
2799 2896 3073 2985
2770 2977 3078 2961
2792 2839 3096 2874
2859 2798 2959 3080
2729 2932 3064 2963
2897 2704 3071 2965
2746 2911 2996 3006
2793 2805 3006 3017
2785 2901 3032 2979
2714 2963 2935 3044
2853 2806 3023 3026
2627 3097 2915 3178
2761 2911 3041 2982
2722 2894 3037 2964
2661 2977 2774 3179
2816 2847 2951 2978
2844 2820 3137 2873
2815 2820 3182 2838
2791 2917 3010 3059
