544 571 1998 1705
540 546 2098 1780
535 507 2187 1853
566 566 2269 1900
552 558 2309 1929
562 549 1938 1763
562 557 2036 1848
561 586 2139 1911
547 568 2217 1941
543 559 2303 1982
555 550 1743 1934
556 543 1774 2067
516 522 1868 2184
559 568 1950 2254
548 560 1979 2344
523 532 1587 2046
568 546 1681 2196
550 581 1735 2293
530 564 1780 2337
567 547 1816 2409
537 549 2075 1812
579 602 2123 1880
579 588 2171 1958
546 546 2185 2017
567 536 2239 2063
538 561 1815 1937
514 545 1881 2015
510 528 1945 2083
531 542 1995 2150
530 546 2044 2237
517 562 1924 1910
527 555 2012 1995
553 550 2109 2043
534 573 2203 2077
561 545 2249 2083
568 562 1879 1956
572 527 1964 2014
547 545 2011 2068
587 572 2047 2172
556 586 2129 2206
548 553 1686 2163
568 584 1758 2239
528 537 1789 2330
573 563 1840 2378
551 520 1899 2454
554 547 1681 1959
570 525 1744 2014
569 519 1782 2066
520 552 1830 2128
537 538 1876 2191
