537 537 949 959
523 547 893 972
568 537 982 902
538 557 905 870
522 511 860 922
507 545 1018 796
504 524 964 867
553 584 855 1036
551 527 895 780
549 510 938 885
585 524 869 1056
497 544 883 958
521 534 851 875
564 563 877 918
585 547 964 822
510 534 1005 955
553 564 948 898
532 518 911 938
559 546 1004 899
567 527 881 1060
532 546 1031 880
549 514 997 923
553 552 827 996
530 507 891 952
552 543 942 890
554 532 998 932
526 528 885 1018
571 567 875 1007
541 556 931 891
565 541 856 1019
553 535 893 937
509 498 846 863
559 554 944 988
552 576 903 912
530 548 874 928
564 543 1012 909
541 530 852 866
546 556 883 902
556 545 867 910
523 534 966 830
524 514 917 911
537 532 844 876
558 540 795 1085
541 538 928 976
567 521 913 860
523 568 885 965
535 527 872 964
524 526 857 999
541 539 943 953
512 509 957 933
