529 551 796 897
571 568 820 869
572 537 827 876
572 576 835 824
543 613 849 866
554 560 813 859
528 565 775 820
538 560 763 851
561 566 808 875
562 527 787 818
577 530 840 862
596 587 884 864
557 475 906 743
518 590 794 839
549 540 808 788
579 566 814 831
562 575 893 844
595 560 786 996
550 586 907 822
540 563 852 832
531 559 847 761
567 529 895 799
528 542 800 833
592 565 847 778
545 521 917 849
533 524 785 796
545 511 898 827
546 552 822 806
532 581 778 867
523 564 807 797
603 559 822 867
565 553 812 924
551 518 844 727
571 544 910 848
499 531 827 827
510 562 794 839
564 556 866 859
537 578 872 826
531 535 846 865
586 576 849 842
595 563 830 852
546 531 804 756
578 556 815 799
530 523 868 786
552 552 820 731
546 504 911 815
547 576 861 803
554 553 780 893
542 522 827 857
540 553 771 836
