746 805 1432 1327
781 830 1376 1249
838 787 1348 1302
797 822 1193 1362
888 862 1274 1316
834 843 1517 1314
860 856 1362 1381
801 827 1401 1233
834 858 1348 1455
792 800 1211 1300
804 827 1329 1395
830 823 1283 1332
773 791 1305 1308
793 834 1262 1363
839 871 1361 1432
804 832 1252 1445
844 816 1281 1315
795 813 1330 1213
811 828 1383 1205
857 794 1318 1292
811 822 1427 1306
805 840 1251 1371
787 828 1296 1438
853 866 1351 1458
820 807 1357 1289
814 792 1251 1592
785 888 1237 1450
829 858 1313 1337
838 820 1406 1364
882 827 1390 1319
820 767 1390 1222
837 826 1358 1265
829 891 1390 1289
794 800 1311 1348
808 784 1350 1410
818 830 1265 1360
843 837 1345 1323
823 789 1324 1351
826 823 1503 1183
799 856 1306 1289
824 846 1312 1313
835 828 1320 1321
794 810 1337 1343
843 852 1409 1335
828 845 1389 1312
838 764 1335 1422
802 852 1136 1450
796 815 1379 1207
746 790 1249 1328
814 808 1252 1273
