807 789 2086 2036
802 820 1635 1582
808 795 1631 1483
850 824 1507 1407
802 818 1450 1437
799 824 1914 2007
824 842 1515 1631
811 816 1442 1561
825 805 1282 1498
811 833 1302 1472
869 843 1947 2108
861 816 1493 1736
838 800 1351 1651
783 760 1287 1548
801 812 1323 1538
781 822 1810 2058
827 852 1462 1623
825 840 1381 1552
817 788 1409 1475
825 857 1402 1429
789 847 1899 2091
824 829 1453 1681
774 784 1394 1596
807 810 1291 1502
807 829 1271 1441
852 848 1959 2070
827 849 1555 1681
807 816 1425 1497
851 851 1405 1434
829 817 1315 1467
848 800 1943 2052
786 813 1497 1635
809 833 1412 1539
851 852 1290 1597
794 804 1303 1468
862 871 1975 1950
792 807 1526 1528
815 794 1494 1422
791 857 1450 1424
874 848 1439 1387
844 837 1943 2000
810 825 1633 1568
810 853 1497 1467
827 826 1480 1441
849 846 1399 1384
829 809 2114 1959
834 827 1612 1601
817 837 1488 1460
836 805 1473 1371
784 850 1371 1327
