555 575 710 694
544 538 611 700
569 565 696 605
556 517 646 662
530 538 602 727
546 603 637 733
566 530 714 610
547 553 674 602
559 568 643 663
567 532 599 635
555 541 683 568
536 523 695 611
554 534 653 639
571 536 693 636
560 553 637 629
592 584 743 674
546 552 654 610
514 553 706 610
527 541 700 598
555 521 667 550
557 595 748 607
560 543 692 639
555 544 642 604
582 539 590 599
545 586 607 660
619 549 683 725
580 578 690 610
561 550 750 599
605 569 665 597
553 552 591 633
527 513 621 706
533 528 781 576
564 564 677 676
557 565 640 599
571 566 666 639
542 559 710 614
555 521 707 609
528 525 696 559
534 568 652 613
579 577 635 625
574 577 587 727
542 545 666 663
568 571 594 689
529 554 664 573
526 567 723 682
553 503 850 568
548 582 698 555
595 563 788 519
522 545 713 554
591 609 723 532
