7 8 17 5
8 4 3 9
6 6 14 7
3 4 12 2
11 8 9 11
8 6 7 3
8 6 3 7
8 6 6 19
8 10 6 6
9 7 11 9
5 16 3 10
10 4 6 10
10 11 10 5
13 7 28 2
10 10 30 2
10 8 22 4
13 6 9 14
12 6 10 8
7 10 11 3
8 8 8 10
5 5 6 12
9 3 16 8
10 6 12 6
9 9 9 2
12 9 12 3
5 7 2 9
6 11 2 13
10 8 9 7
8 10 0 18
8 11 1 28
7 11 12 8
8 8 2 17
9 13 5 10
10 8 4 19
8 6 8 8
8 9 5 18
10 7 2 26
12 9 4 29
11 11 12 15
11 6 1 14
11 7 4 6
4 10 10 15
6 7 21 3
7 6 16 2
11 8 21 2
10 6 7 6
5 6 5 10
7 6 3 7
7 11 9 3
9 4 12 4
13 10 6 17
13 14 18 12
11 9 17 6
9 10 12 10
11 4 23 3
11 11 19 4
7 9 23 5
15 9 12 9
11 7 4 20
12 7 8 13
12 12 4 15
10 8 8 9
8 10 10 8
11 10 10 17
14 11 7 14
6 12 10 3
12 6 9 8
8 10 3 15
8 8 7 9
8 10 13 8
19 12 19 2
13 4 10 14
8 6 11 3
9 10 8 5
9 8 7 25
11 17 6 35
11 6 5 24
12 8 5 15
20 10 9 10
13 8 7 12
11 8 4 21
13 6 6 13
13 10 19 10
13 12 9 10
15 6 25 12
8 15 20 7
12 8 28 4
12 17 34 4
9 14 18 5
16 16 16 7
8 8 5 17
8 16 11 8
12 10 3 38
13 9 6 14
9 9 3 19
5 11 7 11
8 8 12 14
10 10 12 11
7 14 12 11
4 13 14 11
