9 6 3 11
8 2 1 10
4 7 2 13
6 12 4 5
5 5 5 20
6 5 4 5
6 4 9 6
4 8 2 20
2 5 1 12
11 10 3 12
6 5 9 2
7 8 9 7
6 9 15 5
8 4 9 6
9 3 6 8
6 7 13 5
7 7 2 4
5 7 4 4
8 3 8 6
2 5 4 9
9 4 7 5
8 7 5 10
1 12 12 3
6 7 18 2
3 5 2 8
7 8 12 2
10 7 18 1
7 4 12 1
5 6 23 2
5 8 19 2
8 9 4 9
8 10 5 9
12 12 4 16
6 8 7 10
5 8 7 16
8 4 2 12
6 10 4 7
7 6 10 9
10 10 7 10
7 6 13 11
3 3 4 12
6 5 1 11
3 5 2 11
2 7 3 15
5 2 6 6
6 6 7 8
5 10 3 6
8 8 1 4
7 1 1 9
1 7 3 10
7 7 5 16
9 8 6 10
4 7 10 3
7 5 15 9
8 3 6 13
7 8 5 11
5 6 6 9
10 12 7 11
12 7 8 4
7 6 5 10
6 2 4 6
7 5 4 8
5 6 4 2
1 7 5 11
5 6 2 11
7 5 4 11
5 6 7 10
3 9 5 7
4 5 1 10
3 4 1 11
9 6 6 5
14 5 9 7
5 11 8 7
4 11 8 8
4 4 4 15
6 5 1 9
10 9 4 8
4 6 6 12
4 5 13 2
8 9 6 3
8 5 10 3
3 4 7 8
8 4 1 17
7 5 5 4
6 7 6 0
6 12 3 9
4 4 9 7
5 6 5 3
5 5 7 7
6 6 12 2
6 3 6 4
4 1 4 10
5 8 2 19
4 2 6 9
7 4 4 5
4 8 7 8
4 4 7 3
6 4 4 2
2 10 4 13
2 3 3 10
