7 4 7 5
6 7 3 8
10 1 5 5
5 9 7 6
5 7 5 16
2 3 9 9
7 6 5 7
11 7 4 8
3 3 9 6
9 8 3 13
4 4 1 8
6 6 1 25
4 6 4 8
3 3 4 5
3 6 2 9
7 6 3 1
7 3 3 12
5 3 2 11
6 7 6 3
7 2 3 6
5 7 2 1
7 4 0 14
7 1 2 15
3 4 2 3
3 3 5 4
4 4 4 5
2 7 4 5
3 11 9 2
8 2 3 3
7 4 5 6
2 4 1 6
5 4 12 1
6 5 1 14
4 6 6 3
5 1 6 1
8 4 10 1
5 4 11 0
5 6 22 0
5 6 26 0
5 1 11 3
7 1 13 3
5 4 4 7
9 4 7 3
4 5 5 9
5 5 3 11
4 10 8 3
8 10 2 19
3 9 3 11
5 5 4 11
5 4 2 10
3 1 9 3
0 6 8 7
6 1 11 3
2 3 5 4
7 6 8 3
5 5 6 1
4 8 10 1
2 3 8 1
5 4 0 6
1 4 4 9
4 5 8 0
7 5 8 1
5 5 10 3
6 8 5 6
6 3 8 10
3 8 9 4
7 6 11 4
3 9 16 5
3 3 10 1
4 9 8 3
4 3 0 3
5 2 9 5
6 10 12 4
7 7 5 4
5 7 4 9
10 5 8 1
7 7 22 1
7 8 7 1
8 7 15 2
8 5 9 1
7 12 3 6
2 3 6 4
6 6 13 3
6 3 8 1
8 4 21 2
4 4 3 4
6 5 8 7
1 7 7 3
7 2 11 1
5 4 5 2
4 5 6 7
10 8 24 0
7 2 27 1
5 6 12 5
6 5 17 2
1 4 8 5
5 5 10 2
8 3 14 3
5 3 12 2
4 4 11 1
