0.18288 0.81712 4.97228e-05 4.97228e-05
0.16761 0.83239 0.000161796 0.000161796
0.15394 0.84606 0.000309956 0.000309956
0.14155 0.85845 0.000483523 0.000483523
0.13061 0.86939 0.000712058 0.000712058
0.12007 0.87993 0.00089047 0.00089047
0.11104 0.88896 0.00107622 0.00107622
0.10281 0.89719 0.00124153 0.00124153
0.09553 0.90447 0.00142902 0.00142902
0.08878 0.91122 0.00161838 0.00161838
0.08281 0.91719 0.00179036 0.00179036
0.07738 0.92262 0.00189462 0.00189462
0.073 0.927 0.00204386 0.00204386
0.06874 0.93126 0.00221539 0.00221539
0.06442 0.93558 0.00232124 0.00232124
0.0604 0.9396 0.00239776 0.00239776
0.05703 0.94297 0.0024371 0.0024371
0.05349 0.94651 0.00234041 0.00234041
0.05071 0.94929 0.00231641 0.00231641
0.04826 0.95174 0.00235678 0.00235678
0.04566 0.95434 0.00233594 0.00233594
0.043 0.957 0.00227893 0.00227893
0.0407 0.9593 0.0022006 0.0022006
0.03864 0.96136 0.00215597 0.00215597
0.03686 0.96314 0.00212974 0.00212974
0.03481 0.96519 0.00201797 0.00201797
0.0327 0.9673 0.00186011 0.00186011
0.03098 0.96902 0.00174475 0.00174475
0.02946 0.97054 0.00163005 0.00163005
0.02787 0.97213 0.00150929 0.00150929
0.02648 0.97352 0.00142532 0.00142532
0.02506 0.97494 0.00131016 0.00131016
0.02389 0.97611 0.00124396 0.00124396
0.02274 0.97726 0.00117106 0.00117106
0.02168 0.97832 0.00108008 0.00108008
0.02083 0.97917 0.00103489 0.00103489
0.0199 0.9801 0.000978192 0.000978192
0.01912 0.98088 0.000919056 0.000919056
0.01836 0.98164 0.000861445 0.000861445
0.0178 0.9822 0.000834081 0.000834081
0.01706 0.98294 0.000786299 0.000786299
0.01652 0.98348 0.000762596 0.000762596
0.01587 0.98413 0.000701932 0.000701932
0.01531 0.98469 0.000669751 0.000669751
0.01478 0.98522 0.000636941 0.000636941
0.01436 0.98564 0.000611586 0.000611586
0.01397 0.98603 0.000593888 0.000593888
0.01343 0.98657 0.000559035 0.000559035
0.01314 0.98686 0.000540869 0.000540869
0.01274 0.98726 0.00051177 0.00051177
0.01252 0.98748 0.000489282 0.000489282
0.01222 0.98778 0.00047082 0.00047082
0.0119 0.9881 0.000455848 0.000455848
0.01159 0.98841 0.000436143 0.000436143
0.01136 0.98864 0.000431889 0.000431889
0.01111 0.98889 0.000422665 0.000422665
0.01092 0.98908 0.000410317 0.000410317
0.01073 0.98927 0.000400906 0.000400906
0.01054 0.98946 0.000388655 0.000388655
0.01038 0.98962 0.000377208 0.000377208
0.01024 0.98976 0.000363962 0.000363962
0.01009 0.98991 0.000357052 0.000357052
0.00992 0.99008 0.000347206 0.000347206
0.00972 0.99028 0.00033685 0.00033685
0.00964 0.99036 0.000331243 0.000331243
0.00949 0.99051 0.000318899 0.000318899
0.00937 0.99063 0.000314862 0.000314862
0.00922 0.99078 0.000306638 0.000306638
0.00912 0.99088 0.000300147 0.000300147
0.00906 0.99094 0.000295714 0.000295714
0.00903 0.99097 0.000296534 0.000296534
0.00889 0.99111 0.00028719 0.00028719
0.00884 0.99116 0.000283994 0.000283994
0.00882 0.99118 0.000284917 0.000284917
0.00879 0.99121 0.000282592 0.000282592
0.00868 0.99132 0.000274765 0.000274765
0.00859 0.99141 0.000266669 0.000266669
0.0085 0.9915 0.000263485 0.000263485
0.00847 0.99153 0.000260413 0.000260413
0.00845 0.99155 0.000258452 0.000258452
0.00842 0.99158 0.00025762 0.00025762
0.00835 0.99165 0.000253907 0.000253907
0.00831 0.99169 0.000251873 0.000251873
0.00826 0.99174 0.000248396 0.000248396
0.00816 0.99184 0.000242823 0.000242823
0.00813 0.99187 0.000238397 0.000238397
0.00812 0.99188 0.000238187 0.000238187
0.0081 0.9919 0.000236232 0.000236232
0.00806 0.99194 0.000233491 0.000233491
0.00805 0.99195 0.000232331 0.000232331
0.00802 0.99198 0.000230141 0.000230141
0.00797 0.99203 0.000226898 0.000226898
0.00794 0.99206 0.00022737 0.00022737
0.00791 0.99209 0.000225093 0.000225093
0.00791 0.99209 0.000223921 0.000223921
0.00791 0.99209 0.00022384 0.00022384
0.00787 0.99213 0.00022173 0.00022173
0.00785 0.99215 0.000219927 0.000219927
0.00785 0.99215 0.000219927 0.000219927
0.00782 0.99218 0.000218533 0.000218533
0.00778 0.99222 0.000216012 0.000216012
0.00776 0.99224 0.000214164 0.000214164
0.00775 0.99225 0.000213664 0.000213664
0.00774 0.99226 0.000214417 0.000214417
0.00773 0.99227 0.000213755 0.000213755
0.00774 0.99226 0.000215063 0.000215063
0.00772 0.99228 0.000214668 0.000214668
0.00769 0.99231 0.000212398 0.000212398
0.00765 0.99235 0.000209846 0.000209846
0.00764 0.99236 0.000208475 0.000208475
0.00763 0.99237 0.000207932 0.000207932
0.00764 0.99236 0.000208819 0.000208819
0.00763 0.99237 0.000208215 0.000208215
0.00763 0.99237 0.000208215 0.000208215
0.00761 0.99239 0.000206301 0.000206301
0.00763 0.99237 0.00020769 0.00020769
0.00763 0.99237 0.00020769 0.00020769
0.00761 0.99239 0.000206099 0.000206099
0.00758 0.99242 0.000204448 0.000204448
0.00757 0.99243 0.000203844 0.000203844
0.00756 0.99244 0.00020334 0.00020334
0.00755 0.99245 0.000203038 0.000203038
0.00753 0.99247 0.000202837 0.000202837
0.00752 0.99248 0.000201848 0.000201848
0.00751 0.99249 0.000201081 0.000201081
0.00751 0.99249 0.000201465 0.000201465
0.00752 0.99248 0.00020207 0.00020207
0.00751 0.99249 0.000202111 0.000202111
0.00749 0.99251 0.00020102 0.00020102
0.00747 0.99253 0.000199747 0.000199747
0.00747 0.99253 0.000199747 0.000199747
0.00747 0.99253 0.000199827 0.000199827
0.00747 0.99253 0.000199827 0.000199827
0.00746 0.99254 0.000199261 0.000199261
0.00746 0.99254 0.000198655 0.000198655
0.00746 0.99254 0.000198655 0.000198655
0.00746 0.99254 0.000198655 0.000198655
0.00746 0.99254 0.000198655 0.000198655
0.00745 0.99255 0.000197785 0.000197785
0.00745 0.99255 0.000197785 0.000197785
0.00745 0.99255 0.000197785 0.000197785
0.00745 0.99255 0.000197664 0.000197664
0.00744 0.99256 0.000196794 0.000196794
0.00744 0.99256 0.000196794 0.000196794
0.00744 0.99256 0.000196794 0.000196794
0.00744 0.99256 0.000196794 0.000196794
0.00744 0.99256 0.000196794 0.000196794
0.00743 0.99257 0.000196874 0.000196874
0.00742 0.99258 0.000196125 0.000196125
0.00742 0.99258 0.000196125 0.000196125
0.00741 0.99259 0.00019578 0.00019578
0.00741 0.99259 0.00019578 0.00019578
0.00741 0.99259 0.00019578 0.00019578
0.00741 0.99259 0.00019578 0.00019578
0.00741 0.99259 0.00019578 0.00019578
0.00741 0.99259 0.00019578 0.00019578
0.00741 0.99259 0.00019578 0.00019578
0.00741 0.99259 0.00019578 0.00019578
0.00741 0.99259 0.00019578 0.00019578
0.00741 0.99259 0.00019578 0.00019578
0.00741 0.99259 0.00019578 0.00019578
0.0074 0.9926 0.000195455 0.000195455
0.0074 0.9926 0.000195455 0.000195455
0.00739 0.99261 0.000194604 0.000194604
0.00739 0.99261 0.000194604 0.000194604
0.00739 0.99261 0.000194604 0.000194604
0.00739 0.99261 0.000194604 0.000194604
0.00739 0.99261 0.000194604 0.000194604
0.00739 0.99261 0.000194604 0.000194604
0.00738 0.99262 0.000193773 0.000193773
0.00737 0.99263 0.000193549 0.000193549
0.00738 0.99262 0.000193773 0.000193773
0.00738 0.99262 0.000193773 0.000193773
0.00738 0.99262 0.000193773 0.000193773
0.00738 0.99262 0.000193773 0.000193773
0.00738 0.99262 0.000193773 0.000193773
0.00738 0.99262 0.000193773 0.000193773
0.00738 0.99262 0.000193773 0.000193773
0.00737 0.99263 0.000193225 0.000193225
0.00737 0.99263 0.000193225 0.000193225
0.00737 0.99263 0.000193225 0.000193225
0.00736 0.99264 0.000192738 0.000192738
0.00736 0.99264 0.000192738 0.000192738
0.00736 0.99264 0.000192738 0.000192738
0.00736 0.99264 0.000192738 0.000192738
0.00736 0.99264 0.000192738 0.000192738
0.00735 0.99265 0.000192775 0.000192775
0.00735 0.99265 0.000192775 0.000192775
0.00735 0.99265 0.000192775 0.000192775
0.00736 0.99264 0.000192738 0.000192738
0.00736 0.99264 0.000192738 0.000192738
0.00736 0.99264 0.000192738 0.000192738
0.00736 0.99264 0.000192738 0.000192738
0.00736 0.99264 0.000192738 0.000192738
0.00736 0.99264 0.000192738 0.000192738
0.00735 0.99265 0.00019227 0.00019227
0.00735 0.99265 0.00019227 0.00019227
0.00734 0.99266 0.000191742 0.000191742
0.00734 0.99266 0.000191742 0.000191742
0.00734 0.99266 0.000191742 0.000191742
0.00734 0.99266 0.000191742 0.000191742
0.00734 0.99266 0.000191742 0.000191742
0.00734 0.99266 0.000191742 0.000191742
0.00735 0.99265 0.00019227 0.00019227
0.00735 0.99265 0.00019227 0.00019227
0.00734 0.99266 0.000191742 0.000191742
0.00734 0.99266 0.000191742 0.000191742
0.00734 0.99266 0.000191742 0.000191742
0.00734 0.99266 0.000191742 0.000191742
0.00734 0.99266 0.000191742 0.000191742
0.00734 0.99266 0.000191742 0.000191742
0.00734 0.99266 0.000191742 0.000191742
0.00734 0.99266 0.000191742 0.000191742
0.00734 0.99266 0.000191742 0.000191742
0.00734 0.99266 0.000191742 0.000191742
0.00734 0.99266 0.000191742 0.000191742
0.00734 0.99266 0.000191742 0.000191742
0.00734 0.99266 0.000191742 0.000191742
0.00734 0.99266 0.000191742 0.000191742
0.00734 0.99266 0.000191742 0.000191742
0.00734 0.99266 0.000191742 0.000191742
0.00734 0.99266 0.000191742 0.000191742
0.00734 0.99266 0.000191742 0.000191742
0.00734 0.99266 0.000191742 0.000191742
0.00734 0.99266 0.000191742 0.000191742
0.00733 0.99267 0.000191779 0.000191779
0.00733 0.99267 0.000191779 0.000191779
0.00733 0.99267 0.000191779 0.000191779
0.00733 0.99267 0.000191779 0.000191779
0.00733 0.99267 0.000191779 0.000191779
0.00733 0.99267 0.000191779 0.000191779
0.00733 0.99267 0.000191779 0.000191779
0.00732 0.99268 0.000191109 0.000191109
0.00732 0.99268 0.000191109 0.000191109
0.00732 0.99268 0.000191109 0.000191109
0.00732 0.99268 0.000191109 0.000191109
0.00732 0.99268 0.000191109 0.000191109
0.00732 0.99268 0.000191109 0.000191109
0.00732 0.99268 0.000191109 0.000191109
0.00732 0.99268 0.000191109 0.000191109
0.00732 0.99268 0.000191109 0.000191109
0.00732 0.99268 0.000191109 0.000191109
0.00732 0.99268 0.000191109 0.000191109
0.00732 0.99268 0.000191109 0.000191109
0.00732 0.99268 0.000191109 0.000191109
0.00732 0.99268 0.000191109 0.000191109
0.00732 0.99268 0.000191109 0.000191109
0.00732 0.99268 0.000191109 0.000191109
0.00732 0.99268 0.000191109 0.000191109
0.00732 0.99268 0.000191109 0.000191109
0.00732 0.99268 0.000191109 0.000191109
0.00732 0.99268 0.000191109 0.000191109
0.00732 0.99268 0.000191109 0.000191109
0.00732 0.99268 0.000191109 0.000191109
0.00732 0.99268 0.000191109 0.000191109
0.00732 0.99268 0.000191109 0.000191109
0.00732 0.99268 0.000191109 0.000191109
0.00731 0.99269 0.000190883 0.000190883
0.00732 0.99268 0.000191109 0.000191109
0.00732 0.99268 0.000191109 0.000191109
0.00732 0.99268 0.000191109 0.000191109
0.00732 0.99268 0.000191109 0.000191109
0.00732 0.99268 0.000191109 0.000191109
0.00732 0.99268 0.000191109 0.000191109
0.00732 0.99268 0.000191109 0.000191109
0.00732 0.99268 0.000191109 0.000191109
0.00732 0.99268 0.000191109 0.000191109
0.00732 0.99268 0.000191109 0.000191109
0.00732 0.99268 0.000191109 0.000191109
0.00732 0.99268 0.000191109 0.000191109
0.00732 0.99268 0.000191109 0.000191109
0.00732 0.99268 0.000191109 0.000191109
0.00732 0.99268 0.000191109 0.000191109
0.00732 0.99268 0.000191109 0.000191109
0.00732 0.99268 0.000191109 0.000191109
0.00732 0.99268 0.000191109 0.000191109
0.00732 0.99268 0.000191109 0.000191109
0.00732 0.99268 0.000191109 0.000191109
0.00732 0.99268 0.000191109 0.000191109
0.00732 0.99268 0.000191109 0.000191109
0.00731 0.99269 0.000190883 0.000190883
0.00731 0.99269 0.000190883 0.000190883
0.00731 0.99269 0.000190883 0.000190883
0.00731 0.99269 0.000190883 0.000190883
0.00731 0.99269 0.000190883 0.000190883
0.00731 0.99269 0.000190883 0.000190883
0.00731 0.99269 0.000190883 0.000190883
0.00731 0.99269 0.000190883 0.000190883
0.00731 0.99269 0.000190883 0.000190883
0.00731 0.99269 0.000190883 0.000190883
0.00731 0.99269 0.000190883 0.000190883
0.00731 0.99269 0.000190883 0.000190883
0.00731 0.99269 0.000190883 0.000190883
0.00731 0.99269 0.000190883 0.000190883
0.00731 0.99269 0.000190883 0.000190883
0.00731 0.99269 0.000190883 0.000190883
0.00731 0.99269 0.000190883 0.000190883
0.00731 0.99269 0.000190883 0.000190883
0.00731 0.99269 0.000190883 0.000190883
0.00731 0.99269 0.000190883 0.000190883
0.0073 0.9927 0.000190535 0.000190535
0.0073 0.9927 0.000190535 0.000190535
0.0073 0.9927 0.000190535 0.000190535
0.0073 0.9927 0.000190535 0.000190535
0.0073 0.9927 0.000190535 0.000190535
0.0073 0.9927 0.000190535 0.000190535
0.0073 0.9927 0.000190535 0.000190535
0.0073 0.9927 0.000190535 0.000190535
0.0073 0.9927 0.000190535 0.000190535
0.0073 0.9927 0.000190535 0.000190535
0.0073 0.9927 0.000190535 0.000190535
0.0073 0.9927 0.000190535 0.000190535
0.0073 0.9927 0.000190535 0.000190535
0.0073 0.9927 0.000190535 0.000190535
0.0073 0.9927 0.000190535 0.000190535
0.0073 0.9927 0.000190535 0.000190535
0.0073 0.9927 0.000190535 0.000190535
0.0073 0.9927 0.000190535 0.000190535
0.0073 0.9927 0.000190535 0.000190535
0.0073 0.9927 0.000190535 0.000190535
0.0073 0.9927 0.000190535 0.000190535
0.0073 0.9927 0.000190535 0.000190535
0.0073 0.9927 0.000190535 0.000190535
0.0073 0.9927 0.000190535 0.000190535
0.00729 0.99271 0.000189562 0.000189562
0.00729 0.99271 0.000189562 0.000189562
0.0073 0.9927 0.000190535 0.000190535
0.00729 0.99271 0.000189986 0.000189986
0.00729 0.99271 0.000189986 0.000189986
0.00729 0.99271 0.000189986 0.000189986
0.0073 0.9927 0.000190535 0.000190535
0.0073 0.9927 0.000190535 0.000190535
0.0073 0.9927 0.000190535 0.000190535
0.0073 0.9927 0.000190535 0.000190535
0.0073 0.9927 0.000190535 0.000190535
0.0073 0.9927 0.000190535 0.000190535
0.0073 0.9927 0.000190535 0.000190535
0.0073 0.9927 0.000190535 0.000190535
0.0073 0.9927 0.000190535 0.000190535
0.0073 0.9927 0.000190535 0.000190535
0.0073 0.9927 0.000190535 0.000190535
0.0073 0.9927 0.000190535 0.000190535
0.0073 0.9927 0.000190535 0.000190535
0.0073 0.9927 0.000190535 0.000190535
0.0073 0.9927 0.000190535 0.000190535
0.0073 0.9927 0.000190535 0.000190535
0.0073 0.9927 0.000190535 0.000190535
0.0073 0.9927 0.000190535 0.000190535
0.0073 0.9927 0.000190535 0.000190535
0.0073 0.9927 0.000190535 0.000190535
0.0073 0.9927 0.000190535 0.000190535
0.0073 0.9927 0.000190535 0.000190535
0.0073 0.9927 0.000190535 0.000190535
0.0073 0.9927 0.000190535 0.000190535
0.0073 0.9927 0.000190535 0.000190535
0.0073 0.9927 0.000190535 0.000190535
0.0073 0.9927 0.000190535 0.000190535
0.0073 0.9927 0.000190535 0.000190535
0.0073 0.9927 0.000190535 0.000190535
0.0073 0.9927 0.000190535 0.000190535
0.0073 0.9927 0.000190535 0.000190535
0.0073 0.9927 0.000190535 0.000190535
0.0073 0.9927 0.000190535 0.000190535
0.0073 0.9927 0.000190535 0.000190535
0.0073 0.9927 0.000190535 0.000190535
0.0073 0.9927 0.000190535 0.000190535
0.0073 0.9927 0.000190535 0.000190535
0.0073 0.9927 0.000190535 0.000190535
0.0073 0.9927 0.000190535 0.000190535
0.0073 0.9927 0.000190535 0.000190535
0.0073 0.9927 0.000190535 0.000190535
0.0073 0.9927 0.000190535 0.000190535
0.0073 0.9927 0.000190535 0.000190535
0.0073 0.9927 0.000190535 0.000190535
0.0073 0.9927 0.000190535 0.000190535
0.0073 0.9927 0.000190535 0.000190535
0.00729 0.99271 0.000189562 0.000189562
0.00729 0.99271 0.000189562 0.000189562
0.00729 0.99271 0.000189562 0.000189562
0.00729 0.99271 0.000189562 0.000189562
0.00729 0.99271 0.000189562 0.000189562
0.00729 0.99271 0.000189562 0.000189562
0.00729 0.99271 0.000189562 0.000189562
0.00729 0.99271 0.000189562 0.000189562
0.00729 0.99271 0.000189562 0.000189562
0.00729 0.99271 0.000189562 0.000189562
0.00729 0.99271 0.000189562 0.000189562
0.00729 0.99271 0.000189562 0.000189562
0.00729 0.99271 0.000189562 0.000189562
0.00729 0.99271 0.000189562 0.000189562
0.00729 0.99271 0.000189562 0.000189562
0.00729 0.99271 0.000189562 0.000189562
0.00729 0.99271 0.000189562 0.000189562
0.00729 0.99271 0.000189562 0.000189562
0.00729 0.99271 0.000189562 0.000189562
0.00728 0.99272 0.000189012 0.000189012
0.00729 0.99271 0.000189562 0.000189562
0.00729 0.99271 0.000189562 0.000189562
0.00729 0.99271 0.000189562 0.000189562
0.00729 0.99271 0.000189562 0.000189562
0.00729 0.99271 0.000189562 0.000189562
0.00729 0.99271 0.000189562 0.000189562
0.00729 0.99271 0.000189562 0.000189562
0.00729 0.99271 0.000189562 0.000189562
0.00729 0.99271 0.000189562 0.000189562
0.00729 0.99271 0.000189562 0.000189562
0.00729 0.99271 0.000189562 0.000189562
0.00729 0.99271 0.000189562 0.000189562
0.00729 0.99271 0.000189562 0.000189562
0.00729 0.99271 0.000189562 0.000189562
0.00729 0.99271 0.000189562 0.000189562
0.00729 0.99271 0.000189562 0.000189562
0.00729 0.99271 0.000189562 0.000189562
0.00729 0.99271 0.000189562 0.000189562
0.00729 0.99271 0.000189562 0.000189562
0.00729 0.99271 0.000189562 0.000189562
0.00729 0.99271 0.000189562 0.000189562
0.00729 0.99271 0.000189562 0.000189562
0.00729 0.99271 0.000189562 0.000189562
0.00729 0.99271 0.000189562 0.000189562
0.00729 0.99271 0.000189562 0.000189562
0.00729 0.99271 0.000189562 0.000189562
0.00729 0.99271 0.000189562 0.000189562
0.00729 0.99271 0.000189562 0.000189562
0.00729 0.99271 0.000189562 0.000189562
0.00729 0.99271 0.000189562 0.000189562
0.00729 0.99271 0.000189562 0.000189562
0.00729 0.99271 0.000189562 0.000189562
0.00729 0.99271 0.000189562 0.000189562
0.00729 0.99271 0.000189562 0.000189562
0.00729 0.99271 0.000189562 0.000189562
0.00729 0.99271 0.000189562 0.000189562
0.00729 0.99271 0.000189562 0.000189562
0.00728 0.99272 0.000189012 0.000189012
0.00728 0.99272 0.000189012 0.000189012
0.00728 0.99272 0.000189012 0.000189012
0.00728 0.99272 0.000189012 0.000189012
0.00728 0.99272 0.000189012 0.000189012
0.00728 0.99272 0.000189012 0.000189012
0.00728 0.99272 0.000189012 0.000189012
0.00728 0.99272 0.000189012 0.000189012
0.00728 0.99272 0.000189012 0.000189012
0.00728 0.99272 0.000189012 0.000189012
0.00728 0.99272 0.000189012 0.000189012
0.00728 0.99272 0.000189012 0.000189012
0.00728 0.99272 0.000189012 0.000189012
0.00728 0.99272 0.000189012 0.000189012
0.00728 0.99272 0.000189012 0.000189012
0.00728 0.99272 0.000189012 0.000189012
0.00728 0.99272 0.000189012 0.000189012
0.00728 0.99272 0.000189012 0.000189012
0.00728 0.99272 0.000189012 0.000189012
0.00728 0.99272 0.000189012 0.000189012
0.00728 0.99272 0.000189012 0.000189012
0.00728 0.99272 0.000189012 0.000189012
0.00727 0.99273 0.00018828 0.00018828
0.00727 0.99273 0.00018828 0.00018828
0.00727 0.99273 0.00018828 0.00018828
0.00727 0.99273 0.00018828 0.00018828
0.00727 0.99273 0.00018828 0.00018828
0.00727 0.99273 0.00018828 0.00018828
0.00727 0.99273 0.00018828 0.00018828
0.00727 0.99273 0.00018828 0.00018828
0.00727 0.99273 0.00018828 0.00018828
0.00727 0.99273 0.00018828 0.00018828
0.00727 0.99273 0.00018828 0.00018828
0.00727 0.99273 0.00018828 0.00018828
0.00727 0.99273 0.00018828 0.00018828
0.00727 0.99273 0.00018828 0.00018828
0.00727 0.99273 0.00018828 0.00018828
0.00727 0.99273 0.00018828 0.00018828
0.00727 0.99273 0.00018828 0.00018828
0.00727 0.99273 0.00018828 0.00018828
0.00727 0.99273 0.00018828 0.00018828
0.00727 0.99273 0.00018828 0.00018828
0.00727 0.99273 0.00018828 0.00018828
0.00727 0.99273 0.00018828 0.00018828
0.00727 0.99273 0.00018828 0.00018828
0.00727 0.99273 0.00018828 0.00018828
0.00727 0.99273 0.00018828 0.00018828
0.00727 0.99273 0.00018828 0.00018828
0.00727 0.99273 0.00018828 0.00018828
0.00727 0.99273 0.00018828 0.00018828
0.00727 0.99273 0.00018828 0.00018828
0.00727 0.99273 0.00018828 0.00018828
0.00727 0.99273 0.00018828 0.00018828
0.00727 0.99273 0.00018828 0.00018828
0.00727 0.99273 0.00018828 0.00018828
0.00727 0.99273 0.00018828 0.00018828
0.00727 0.99273 0.00018828 0.00018828
0.00727 0.99273 0.00018828 0.00018828
0.00727 0.99273 0.00018828 0.00018828
0.00727 0.99273 0.00018828 0.00018828
0.00727 0.99273 0.00018828 0.00018828
0.00727 0.99273 0.00018828 0.00018828
0.00727 0.99273 0.00018828 0.00018828
0.00727 0.99273 0.00018828 0.00018828
0.00727 0.99273 0.00018828 0.00018828
0.00727 0.99273 0.00018828 0.00018828
0.00727 0.99273 0.00018828 0.00018828
