0.18976 0.81024 2.28509e-05 2.28509e-05
0.17958 0.82042 6.64885e-05 6.64885e-05
0.17046 0.82954 0.000132978 0.000132978
0.16218 0.83782 0.000200715 0.000200715
0.15461 0.84539 0.000301574 0.000301574
0.14681 0.85319 0.000373347 0.000373347
0.13993 0.86007 0.000480126 0.000480126
0.13312 0.86688 0.000599319 0.000599319
0.12742 0.87258 0.000701155 0.000701155
0.12166 0.87834 0.000785459 0.000785459
0.11612 0.88388 0.000865763 0.000865763
0.11083 0.88917 0.000997759 0.000997759
0.10614 0.89386 0.00106871 0.00106871
0.10144 0.89856 0.0011815 0.0011815
0.09742 0.90258 0.00125285 0.00125285
0.09336 0.90664 0.00133912 0.00133912
0.08953 0.91047 0.00136496 0.00136496
0.08595 0.91405 0.00139977 0.00139977
0.08242 0.91758 0.0014095 0.0014095
0.07911 0.92089 0.00145139 0.00145139
0.0759 0.9241 0.00145272 0.00145272
0.07264 0.92736 0.00148579 0.00148579
0.06975 0.93025 0.00150164 0.00150164
0.06687 0.93313 0.00154684 0.00154684
0.06383 0.93617 0.00149564 0.00149564
0.06126 0.93874 0.00153296 0.00153296
0.059 0.941 0.00153097 0.00153097
0.05636 0.94364 0.00147149 0.00147149
0.05421 0.94579 0.0014518 0.0014518
0.05223 0.94777 0.00141434 0.00141434
0.05004 0.94996 0.00136388 0.00136388
0.04803 0.95197 0.00133457 0.00133457
0.04609 0.95391 0.00130457 0.00130457
0.04445 0.95555 0.00124813 0.00124813
0.04283 0.95717 0.00122475 0.00122475
0.04089 0.95911 0.00117481 0.00117481
0.03935 0.96065 0.00111908 0.00111908
0.03785 0.96215 0.00107152 0.00107152
0.03671 0.96329 0.00103518 0.00103518
0.03552 0.96448 0.00100886 0.00100886
0.03429 0.96571 0.000975359 0.000975359
0.03308 0.96692 0.000936519 0.000936519
0.03193 0.96807 0.000917662 0.000917662
0.03079 0.96921 0.000886107 0.000886107
0.02973 0.97027 0.000839411 0.000839411
0.02882 0.97118 0.000805361 0.000805361
0.02783 0.97217 0.000785112 0.000785112
0.02687 0.97313 0.000770114 0.000770114
0.02612 0.97388 0.00075247 0.00075247
0.02529 0.97471 0.00071942 0.00071942
0.02456 0.97544 0.000703259 0.000703259
0.02359 0.97641 0.000662305 0.000662305
0.02292 0.97708 0.000634438 0.000634438
0.02232 0.97768 0.000633412 0.000633412
0.02154 0.97846 0.000618271 0.000618271
0.02088 0.97912 0.000602693 0.000602693
0.02037 0.97963 0.000582741 0.000582741
0.01983 0.98017 0.000555617 0.000555617
0.01925 0.98075 0.00053524 0.00053524
0.01873 0.98127 0.000529532 0.000529532
0.01828 0.98172 0.000508062 0.000508062
0.01776 0.98224 0.000487922 0.000487922
0.01726 0.98274 0.000463831 0.000463831
0.01683 0.98317 0.000441759 0.000441759
0.01649 0.98351 0.000428293 0.000428293
0.01611 0.98389 0.000412139 0.000412139
0.0156 0.9844 0.000400343 0.000400343
0.01534 0.98466 0.000396429 0.000396429
0.01503 0.98497 0.000386777 0.000386777
0.01473 0.98527 0.000375512 0.000375512
0.01438 0.98562 0.000358561 0.000358561
0.01417 0.98583 0.000355173 0.000355173
0.01381 0.98619 0.000344741 0.000344741
0.01341 0.98659 0.000331052 0.000331052
0.0132 0.9868 0.000328808 0.000328808
0.01294 0.98706 0.000325471 0.000325471
0.01264 0.98736 0.000315021 0.000315021
0.01241 0.98759 0.000307557 0.000307557
0.01223 0.98777 0.00030325 0.00030325
0.01197 0.98803 0.000296918 0.000296918
0.01181 0.98819 0.000295327 0.000295327
0.01158 0.98842 0.000285822 0.000285822
0.0114 0.9886 0.00028101 0.00028101
0.01117 0.98883 0.000275678 0.000275678
0.01101 0.98899 0.000272333 0.000272333
0.01083 0.98917 0.000269456 0.000269456
0.01067 0.98933 0.000265981 0.000265981
0.01054 0.98946 0.000260837 0.000260837
0.01041 0.98959 0.000254628 0.000254628
0.01028 0.98972 0.000250002 0.000250002
0.01011 0.98989 0.000245978 0.000245978
0.00998 0.99002 0.000242949 0.000242949
0.00978 0.99022 0.000236517 0.000236517
0.00958 0.99042 0.000231478 0.000231478
0.00947 0.99053 0.000226312 0.000226312
0.00942 0.99058 0.000222792 0.000222792
0.00936 0.99064 0.000220899 0.000220899
0.00919 0.99081 0.000218115 0.000218115
0.00907 0.99093 0.000209985 0.000209985
0.00904 0.99096 0.000211008 0.000211008
0.00898 0.99102 0.000210767 0.000210767
0.00883 0.99117 0.000211779 0.000211779
0.00876 0.99124 0.000208225 0.000208225
0.00863 0.99137 0.000203124 0.000203124
0.00857 0.99143 0.000205561 0.000205561
0.00856 0.99144 0.000209158 0.000209158
0.00854 0.99146 0.00021017 0.00021017
0.00845 0.99155 0.000208997 0.000208997
0.00831 0.99169 0.000205671 0.000205671
0.00822 0.99178 0.000201567 0.000201567
0.00822 0.99178 0.000202153 0.000202153
0.00814 0.99186 0.000199556 0.000199556
0.00808 0.99192 0.000198115 0.000198115
0.00805 0.99195 0.000197846 0.000197846
0.00798 0.99202 0.000193535 0.000193535
0.00795 0.99205 0.000193523 0.000193523
0.00784 0.99216 0.000188378 0.000188378
0.00776 0.99224 0.000182629 0.000182629
0.00774 0.99226 0.000182417 0.000182417
0.00769 0.99231 0.000181974 0.000181974
0.00766 0.99234 0.00018253 0.00018253
0.00759 0.99241 0.000181578 0.000181578
0.00753 0.99247 0.00018106 0.00018106
0.00749 0.99251 0.000180616 0.000180616
0.00742 0.99258 0.00017865 0.00017865
0.00737 0.99263 0.000177084 0.000177084
0.00737 0.99263 0.000177023 0.000177023
0.0073 0.9927 0.000174495 0.000174495
0.00726 0.99274 0.000172841 0.000172841
0.00722 0.99278 0.000170355 0.000170355
0.00715 0.99285 0.000168412 0.000168412
0.00709 0.99291 0.000166244 0.000166244
0.00708 0.99292 0.000166014 0.000166014
0.00705 0.99295 0.000164856 0.000164856
0.00705 0.99295 0.000165745 0.000165745
0.00703 0.99297 0.00016411 0.00016411
0.00704 0.99296 0.000164806 0.000164806
0.007 0.993 0.000163354 0.000163354
0.00699 0.99301 0.000163465 0.000163465
0.00696 0.99304 0.000162362 0.000162362
0.00693 0.99307 0.000161399 0.000161399
0.00689 0.99311 0.000159877 0.000159877
0.0069 0.9931 0.000160636 0.000160636
0.00688 0.99312 0.000159056 0.000159056
0.00687 0.99313 0.000159145 0.000159145
0.00684 0.99316 0.000158661 0.000158661
0.00683 0.99317 0.000158789 0.000158789
0.00681 0.99319 0.000157873 0.000157873
0.00682 0.99318 0.000157866 0.000157866
0.0068 0.9932 0.000157273 0.000157273
0.00678 0.99322 0.000156537 0.000156537
0.00676 0.99324 0.000155316 0.000155316
0.00672 0.99328 0.000153072 0.000153072
0.00668 0.99332 0.000152523 0.000152523
0.00666 0.99334 0.000152509 0.000152509
0.00666 0.99334 0.000152509 0.000152509
0.00664 0.99336 0.000152758 0.000152758
0.00662 0.99338 0.000152177 0.000152177
0.00661 0.99339 0.000151129 0.000151129
0.00657 0.99343 0.000149924 0.000149924
0.00657 0.99343 0.000149924 0.000149924
0.00655 0.99345 0.000149927 0.000149927
0.00652 0.99348 0.000149323 0.000149323
0.0065 0.9935 0.000147889 0.000147889
0.00648 0.99352 0.000147121 0.000147121
0.00649 0.99351 0.000147828 0.000147828
0.0065 0.9935 0.000147141 0.000147141
0.00649 0.99351 0.000147263 0.000147263
0.0065 0.9935 0.000147929 0.000147929
0.0065 0.9935 0.000148071 0.000148071
0.00649 0.99351 0.000147505 0.000147505
0.00648 0.99352 0.000147626 0.000147626
0.00647 0.99353 0.000146797 0.000146797
0.00646 0.99354 0.000145988 0.000145988
0.00645 0.99355 0.000145341 0.000145341
0.00644 0.99356 0.000144734 0.000144734
0.00643 0.99357 0.000144692 0.000144692
0.00642 0.99358 0.000144064 0.000144064
0.00639 0.99361 0.000143069 0.000143069
0.00638 0.99362 0.000142359 0.000142359
0.00638 0.99362 0.000142359 0.000142359
0.00637 0.99363 0.000142417 0.000142417
0.00637 0.99363 0.000142417 0.000142417
0.00637 0.99363 0.000142559 0.000142559
0.00638 0.99362 0.000143107 0.000143107
0.00639 0.99361 0.000143735 0.000143735
0.00638 0.99362 0.000142521 0.000142521
0.00638 0.99362 0.000142521 0.000142521
0.00636 0.99364 0.000142536 0.000142536
0.00633 0.99367 0.000140951 0.000140951
0.00632 0.99368 0.00014022 0.00014022
0.00631 0.99369 0.000140357 0.000140357
0.00631 0.99369 0.000140357 0.000140357
0.00631 0.99369 0.000140357 0.000140357
0.00631 0.99369 0.000140357 0.000140357
0.00632 0.99368 0.000141048 0.000141048
0.0063 0.9937 0.000139727 0.000139727
0.0063 0.9937 0.000139727 0.000139727
0.00628 0.99372 0.000139598 0.000139598
0.00626 0.99374 0.000139002 0.000139002
0.00626 0.99374 0.000139002 0.000139002
0.00625 0.99375 0.000138715 0.000138715
0.00625 0.99375 0.000138715 0.000138715
0.00625 0.99375 0.000138715 0.000138715
0.00626 0.99374 0.000138598 0.000138598
0.00627 0.99373 0.000138886 0.000138886
0.00627 0.99373 0.000138886 0.000138886
0.00627 0.99373 0.000138886 0.000138886
0.00627 0.99373 0.000138886 0.000138886
0.00628 0.99372 0.000139618 0.000139618
0.00627 0.99373 0.000139007 0.000139007
0.00627 0.99373 0.000139007 0.000139007
0.00628 0.99372 0.000139557 0.000139557
0.00627 0.99373 0.000138967 0.000138967
0.00626 0.99374 0.000139083 0.000139083
0.00626 0.99374 0.000139083 0.000139083
0.00626 0.99374 0.000139083 0.000139083
0.00626 0.99374 0.000139083 0.000139083
0.00625 0.99375 0.000138533 0.000138533
0.00625 0.99375 0.000138533 0.000138533
0.00623 0.99377 0.000137876 0.000137876
0.00623 0.99377 0.000137876 0.000137876
0.00623 0.99377 0.000138361 0.000138361
0.00623 0.99377 0.000138361 0.000138361
0.00623 0.99377 0.000138361 0.000138361
0.00622 0.99378 0.000138315 0.000138315
0.00622 0.99378 0.000138315 0.000138315
0.00622 0.99378 0.000138315 0.000138315
0.00621 0.99379 0.000137723 0.000137723
0.00621 0.99379 0.000137723 0.000137723
0.00621 0.99379 0.000137723 0.000137723
0.00621 0.99379 0.000137723 0.000137723
0.0062 0.9938 0.000136687 0.000136687
0.0062 0.9938 0.000136687 0.000136687
0.0062 0.9938 0.000136687 0.000136687
0.0062 0.9938 0.000136687 0.000136687
0.0062 0.9938 0.000136687 0.000136687
0.0062 0.9938 0.000136687 0.000136687
0.00619 0.99381 0.000136095 0.000136095
0.00618 0.99382 0.000135563 0.000135563
0.00618 0.99382 0.000135563 0.000135563
0.00616 0.99384 0.000134641 0.000134641
0.00616 0.99384 0.000134641 0.000134641
0.00616 0.99384 0.000134641 0.000134641
0.00615 0.99385 0.000133967 0.000133967
0.00615 0.99385 0.000133967 0.000133967
0.00614 0.99386 0.000133394 0.000133394
0.00614 0.99386 0.000133394 0.000133394
0.00614 0.99386 0.000133394 0.000133394
0.00614 0.99386 0.000133394 0.000133394
0.00614 0.99386 0.000133394 0.000133394
0.00614 0.99386 0.000133394 0.000133394
0.00612 0.99388 0.000132915 0.000132915
0.00611 0.99389 0.000132988 0.000132988
0.00611 0.99389 0.000132382 0.000132382
0.00611 0.99389 0.000132382 0.000132382
0.00611 0.99389 0.000132382 0.000132382
0.00611 0.99389 0.000132382 0.000132382
0.00611 0.99389 0.000132382 0.000132382
0.00611 0.99389 0.000132382 0.000132382
0.00611 0.99389 0.000132382 0.000132382
0.00611 0.99389 0.000132382 0.000132382
0.00611 0.99389 0.000132382 0.000132382
0.00612 0.99388 0.000132531 0.000132531
0.00611 0.99389 0.000132382 0.000132382
0.00611 0.99389 0.000132382 0.000132382
0.00611 0.99389 0.000132382 0.000132382
0.00611 0.99389 0.000132382 0.000132382
0.00611 0.99389 0.000132382 0.000132382
0.00611 0.99389 0.000132382 0.000132382
0.00611 0.99389 0.000132382 0.000132382
0.0061 0.9939 0.000132172 0.000132172
0.0061 0.9939 0.000132172 0.000132172
0.00609 0.99391 0.000132285 0.000132285
0.0061 0.9939 0.000132172 0.000132172
0.0061 0.9939 0.000132172 0.000132172
0.0061 0.9939 0.000132172 0.000132172
0.00609 0.99391 0.000132143 0.000132143
0.00609 0.99391 0.000132143 0.000132143
0.00609 0.99391 0.000132143 0.000132143
0.00609 0.99391 0.000132143 0.000132143
0.00608 0.99392 0.000131872 0.000131872
0.00609 0.99391 0.000131901 0.000131901
0.00609 0.99391 0.000131901 0.000131901
0.0061 0.9939 0.000132172 0.000132172
0.0061 0.9939 0.000132172 0.000132172
0.0061 0.9939 0.000132172 0.000132172
0.0061 0.9939 0.000132172 0.000132172
0.0061 0.9939 0.000132172 0.000132172
0.0061 0.9939 0.000132172 0.000132172
0.0061 0.9939 0.000132172 0.000132172
0.00609 0.99391 0.000131618 0.000131618
0.00609 0.99391 0.000131618 0.000131618
0.0061 0.9939 0.000132172 0.000132172
0.0061 0.9939 0.000132172 0.000132172
0.0061 0.9939 0.000132172 0.000132172
0.0061 0.9939 0.000132172 0.000132172
0.0061 0.9939 0.000132172 0.000132172
0.0061 0.9939 0.000132172 0.000132172
0.0061 0.9939 0.000132172 0.000132172
0.0061 0.9939 0.000132172 0.000132172
0.00609 0.99391 0.000131658 0.000131658
0.00609 0.99391 0.000131658 0.000131658
0.00609 0.99391 0.000131658 0.000131658
0.00609 0.99391 0.000131658 0.000131658
0.00609 0.99391 0.000131658 0.000131658
0.00609 0.99391 0.000131658 0.000131658
0.0061 0.9939 0.000132172 0.000132172
0.00609 0.99391 0.000131153 0.000131153
0.00609 0.99391 0.000131153 0.000131153
0.00609 0.99391 0.000131153 0.000131153
0.00608 0.99392 0.000131226 0.000131226
0.00607 0.99393 0.000131338 0.000131338
0.00607 0.99393 0.000131338 0.000131338
0.00607 0.99393 0.000131338 0.000131338
0.00607 0.99393 0.000131338 0.000131338
0.00607 0.99393 0.000131338 0.000131338
0.00607 0.99393 0.000131338 0.000131338
0.00607 0.99393 0.000131338 0.000131338
0.00607 0.99393 0.000131338 0.000131338
0.00607 0.99393 0.000131338 0.000131338
0.00607 0.99393 0.000131338 0.000131338
0.00607 0.99393 0.000131338 0.000131338
0.00607 0.99393 0.000131338 0.000131338
0.00607 0.99393 0.000131338 0.000131338
0.00607 0.99393 0.000131338 0.000131338
0.00607 0.99393 0.000131338 0.000131338
0.00607 0.99393 0.000131338 0.000131338
0.00607 0.99393 0.000131338 0.000131338
0.00607 0.99393 0.000131338 0.000131338
0.00608 0.99392 0.000131266 0.000131266
0.00608 0.99392 0.000131266 0.000131266
0.00608 0.99392 0.000131266 0.000131266
0.00608 0.99392 0.000131266 0.000131266
0.00608 0.99392 0.000131266 0.000131266
0.00608 0.99392 0.000131266 0.000131266
0.00607 0.99393 0.000131237 0.000131237
0.00607 0.99393 0.000131237 0.000131237
0.00607 0.99393 0.000131237 0.000131237
0.00607 0.99393 0.000131237 0.000131237
0.00607 0.99393 0.000131237 0.000131237
0.00607 0.99393 0.000131237 0.000131237
0.00607 0.99393 0.000131237 0.000131237
0.00606 0.99394 0.000130683 0.000130683
0.00605 0.99395 0.000130412 0.000130412
0.00605 0.99395 0.000130412 0.000130412
0.00605 0.99395 0.000130412 0.000130412
0.00605 0.99395 0.000130412 0.000130412
0.00605 0.99395 0.000130412 0.000130412
0.00605 0.99395 0.000130412 0.000130412
0.00605 0.99395 0.000130412 0.000130412
0.00605 0.99395 0.000130412 0.000130412
0.00605 0.99395 0.000130412 0.000130412
0.00605 0.99395 0.000130412 0.000130412
0.00605 0.99395 0.000130412 0.000130412
0.00605 0.99395 0.000130412 0.000130412
0.00605 0.99395 0.000130412 0.000130412
0.00605 0.99395 0.000130412 0.000130412
0.00605 0.99395 0.000130412 0.000130412
0.00605 0.99395 0.000130412 0.000130412
0.00605 0.99395 0.000130412 0.000130412
0.00605 0.99395 0.000130412 0.000130412
0.00605 0.99395 0.000130412 0.000130412
0.00605 0.99395 0.000130412 0.000130412
0.00605 0.99395 0.000130412 0.000130412
0.00605 0.99395 0.000130412 0.000130412
0.00605 0.99395 0.000130412 0.000130412
0.00605 0.99395 0.000130412 0.000130412
0.00605 0.99395 0.000130412 0.000130412
0.00605 0.99395 0.000130412 0.000130412
0.00605 0.99395 0.000130412 0.000130412
0.00605 0.99395 0.000130412 0.000130412
0.00605 0.99395 0.000130412 0.000130412
0.00605 0.99395 0.000130412 0.000130412
0.00604 0.99396 0.000129837 0.000129837
0.00604 0.99396 0.000129837 0.000129837
0.00604 0.99396 0.000129837 0.000129837
0.00605 0.99395 0.000130412 0.000130412
0.00605 0.99395 0.000130412 0.000130412
0.00605 0.99395 0.000130412 0.000130412
0.00604 0.99396 0.000129837 0.000129837
0.00603 0.99397 0.00012908 0.00012908
0.00603 0.99397 0.00012908 0.00012908
0.00603 0.99397 0.00012908 0.00012908
0.00603 0.99397 0.00012908 0.00012908
0.00604 0.99396 0.000129837 0.000129837
0.00604 0.99396 0.000129837 0.000129837
0.00604 0.99396 0.000129837 0.000129837
0.00604 0.99396 0.000129837 0.000129837
0.00604 0.99396 0.000129837 0.000129837
0.00604 0.99396 0.000129837 0.000129837
0.00604 0.99396 0.000129837 0.000129837
0.00604 0.99396 0.000129837 0.000129837
0.00604 0.99396 0.000129837 0.000129837
0.00604 0.99396 0.000129837 0.000129837
0.00603 0.99397 0.000129908 0.000129908
0.00603 0.99397 0.000129908 0.000129908
0.00603 0.99397 0.000129908 0.000129908
0.00603 0.99397 0.000129908 0.000129908
0.00603 0.99397 0.000129908 0.000129908
0.00603 0.99397 0.000129908 0.000129908
0.00603 0.99397 0.000129908 0.000129908
0.00602 0.99398 0.000129151 0.000129151
0.00602 0.99398 0.000129151 0.000129151
0.00602 0.99398 0.000129151 0.000129151
0.00602 0.99398 0.000129151 0.000129151
0.00602 0.99398 0.000129151 0.000129151
0.00602 0.99398 0.000129151 0.000129151
0.00602 0.99398 0.000129151 0.000129151
0.00602 0.99398 0.000129151 0.000129151
0.00602 0.99398 0.000129151 0.000129151
0.00602 0.99398 0.000129151 0.000129151
0.00602 0.99398 0.000129151 0.000129151
0.00602 0.99398 0.000129151 0.000129151
0.00602 0.99398 0.000129151 0.000129151
0.00602 0.99398 0.000129151 0.000129151
0.00602 0.99398 0.000129151 0.000129151
0.00602 0.99398 0.000129151 0.000129151
0.00602 0.99398 0.000129151 0.000129151
0.00602 0.99398 0.000129151 0.000129151
0.00602 0.99398 0.000129151 0.000129151
0.00601 0.99399 0.000129141 0.000129141
0.00601 0.99399 0.000129141 0.000129141
0.006 0.994 0.000129253 0.000129253
0.006 0.994 0.000129253 0.000129253
0.006 0.994 0.000129253 0.000129253
0.006 0.994 0.000129253 0.000129253
0.006 0.994 0.000129253 0.000129253
0.006 0.994 0.000129253 0.000129253
0.006 0.994 0.000129253 0.000129253
0.006 0.994 0.000129253 0.000129253
0.006 0.994 0.000129253 0.000129253
0.00601 0.99399 0.000129141 0.000129141
0.00601 0.99399 0.000129141 0.000129141
0.00601 0.99399 0.000129141 0.000129141
0.00601 0.99399 0.000129141 0.000129141
0.00601 0.99399 0.000129141 0.000129141
0.00601 0.99399 0.000129141 0.000129141
0.006 0.994 0.000129212 0.000129212
0.006 0.994 0.000129212 0.000129212
0.006 0.994 0.000129212 0.000129212
0.006 0.994 0.000129212 0.000129212
0.006 0.994 0.000129212 0.000129212
0.006 0.994 0.000129212 0.000129212
0.006 0.994 0.000129212 0.000129212
0.006 0.994 0.000129212 0.000129212
0.006 0.994 0.000129212 0.000129212
0.006 0.994 0.000129212 0.000129212
0.006 0.994 0.000129212 0.000129212
0.006 0.994 0.000129212 0.000129212
0.006 0.994 0.000129212 0.000129212
0.006 0.994 0.000129212 0.000129212
0.006 0.994 0.000129212 0.000129212
0.006 0.994 0.000129212 0.000129212
0.00599 0.99401 0.000129323 0.000129323
0.00599 0.99401 0.000129323 0.000129323
0.00599 0.99401 0.000129323 0.000129323
0.00599 0.99401 0.000129323 0.000129323
0.00599 0.99401 0.000129323 0.000129323
0.00599 0.99401 0.000129323 0.000129323
0.00599 0.99401 0.000129323 0.000129323
0.00599 0.99401 0.000129323 0.000129323
0.00599 0.99401 0.000129323 0.000129323
0.00599 0.99401 0.000129323 0.000129323
0.00599 0.99401 0.000129323 0.000129323
0.00599 0.99401 0.000129323 0.000129323
0.00599 0.99401 0.000129323 0.000129323
0.00599 0.99401 0.000129323 0.000129323
0.00599 0.99401 0.000129323 0.000129323
0.00599 0.99401 0.000129323 0.000129323
0.00599 0.99401 0.000129323 0.000129323
0.00598 0.99402 0.000128808 0.000128808
0.00598 0.99402 0.000128808 0.000128808
0.00598 0.99402 0.000128808 0.000128808
0.00598 0.99402 0.000128808 0.000128808
0.00598 0.99402 0.000128808 0.000128808
0.00598 0.99402 0.000128808 0.000128808
0.00598 0.99402 0.000128808 0.000128808
0.00598 0.99402 0.000128808 0.000128808
0.00598 0.99402 0.000128808 0.000128808
0.00598 0.99402 0.000128808 0.000128808
0.00599 0.99401 0.000129323 0.000129323
0.00599 0.99401 0.000129323 0.000129323
0.00599 0.99401 0.000129323 0.000129323
0.00599 0.99401 0.000129323 0.000129323
0.00599 0.99401 0.000129323 0.000129323
0.00599 0.99401 0.000129323 0.000129323
0.00599 0.99401 0.000129323 0.000129323
0.00598 0.99402 0.000129272 0.000129272
0.00598 0.99402 0.000129272 0.000129272
0.00598 0.99402 0.000129272 0.000129272
0.00598 0.99402 0.000129272 0.000129272
0.00598 0.99402 0.000129272 0.000129272
0.00598 0.99402 0.000129272 0.000129272
0.00598 0.99402 0.000129272 0.000129272
0.00598 0.99402 0.000129272 0.000129272
0.00597 0.99403 0.000128757 0.000128757
0.00597 0.99403 0.000128757 0.000128757
0.00597 0.99403 0.000128757 0.000128757
0.00597 0.99403 0.000128757 0.000128757
