0.49878 0.50122 6.69814e-05 6.69814e-05
0.49818 0.50182 0.000151563 0.000151563
0.49675 0.50325 0.000232412 0.000232412
0.49557 0.50443 0.000300672 0.000300672
0.49527 0.50473 0.000394947 0.000394947
0.49513 0.50487 0.000520033 0.000520033
0.49542 0.50458 0.000560105 0.000560105
0.49449 0.50551 0.000651081 0.000651081
0.49323 0.50677 0.000665734 0.000665734
0.49316 0.50684 0.000672742 0.000672742
0.49242 0.50758 0.000712024 0.000712024
0.49264 0.50736 0.000768556 0.000768556
0.49407 0.50593 0.000804389 0.000804389
0.49384 0.50616 0.000926318 0.000926318
0.49449 0.50551 0.00101447 0.00101447
0.49438 0.50562 0.00105589 0.00105589
0.49483 0.50517 0.00100889 0.00100889
0.49384 0.50616 0.000987873 0.000987873
0.49298 0.50702 0.000920666 0.000920666
0.4935 0.5065 0.00102666 0.00102666
0.49289 0.50711 0.000959675 0.000959675
0.49342 0.50658 0.000950488 0.000950488
0.49357 0.50643 0.00093948 0.00093948
0.49287 0.50713 0.000955407 0.000955407
0.49359 0.50641 0.00101538 0.00101538
0.49329 0.50671 0.000993359 0.000993359
0.49334 0.50666 0.000998287 0.000998287
0.49367 0.50633 0.000991536 0.000991536
0.4958 0.5042 0.000984444 0.000984444
0.49674 0.50326 0.000977366 0.000977366
0.49668 0.50332 0.00096123 0.00096123
0.49545 0.50455 0.000986856 0.000986856
0.49465 0.50535 0.000983624 0.000983624
0.49405 0.50595 0.000977907 0.000977907
0.49467 0.50533 0.000949839 0.000949839
0.49366 0.50634 0.00095958 0.00095958
0.49366 0.50634 0.000913964 0.000913964
0.49457 0.50543 0.000975399 0.000975399
0.49331 0.50669 0.000945166 0.000945166
0.49341 0.50659 0.000891982 0.000891982
0.49328 0.50672 0.0009358 0.0009358
0.4938 0.5062 0.000996364 0.000996364
0.49462 0.50538 0.000885612 0.000885612
0.49399 0.50601 0.000918151 0.000918151
0.49468 0.50532 0.000987553 0.000987553
0.49369 0.50631 0.00097959 0.00097959
0.49429 0.50571 0.000949036 0.000949036
0.49493 0.50507 0.000940631 0.000940631
0.49428 0.50572 0.000955476 0.000955476
0.4952 0.5048 0.00100594 0.00100594
0.49403 0.50597 0.00102538 0.00102538
0.4939 0.5061 0.000953465 0.000953465
0.4947 0.5053 0.000933707 0.000933707
0.49455 0.50545 0.000976573 0.000976573
0.49415 0.50585 0.00103704 0.00103704
0.49501 0.50499 0.00105066 0.00105066
0.49405 0.50595 0.00110035 0.00110035
0.49429 0.50571 0.0011698 0.0011698
0.49433 0.50567 0.0012217 0.0012217
0.49343 0.50657 0.00123104 0.00123104
0.49373 0.50627 0.0012321 0.0012321
0.49406 0.50594 0.00119299 0.00119299
0.49351 0.50649 0.00120619 0.00120619
0.49389 0.50611 0.00125951 0.00125951
0.49319 0.50681 0.00130153 0.00130153
0.49418 0.50582 0.00128007 0.00128007
0.49416 0.50584 0.00122894 0.00122894
0.49525 0.50475 0.00130488 0.00130488
0.49523 0.50477 0.0012386 0.0012386
0.49568 0.50432 0.00118955 0.00118955
0.4958 0.5042 0.0012063 0.0012063
0.4956 0.5044 0.00115297 0.00115297
0.49504 0.50496 0.00115994 0.00115994
0.49578 0.50422 0.00110745 0.00110745
0.49684 0.50316 0.00110842 0.00110842
0.4969 0.5031 0.00109898 0.00109898
0.4988 0.5012 0.00113307 0.00113307
0.4983 0.5017 0.00118898 0.00118898
0.49626 0.50374 0.00124482 0.00124482
0.4974 0.5026 0.00125349 0.00125349
0.49721 0.50279 0.00121558 0.00121558
0.4959 0.5041 0.00122833 0.00122833
0.49579 0.50421 0.00118405 0.00118405
0.49518 0.50482 0.00114181 0.00114181
0.49517 0.50483 0.00107018 0.00107018
0.49485 0.50515 0.00111403 0.00111403
0.49432 0.50568 0.00105947 0.00105947
0.49368 0.50632 0.00109238 0.00109238
0.49354 0.50646 0.00106562 0.00106562
0.49273 0.50727 0.00114961 0.00114961
0.49268 0.50732 0.00114646 0.00114646
0.49332 0.50668 0.00107446 0.00107446
0.49349 0.50651 0.00115225 0.00115225
0.49337 0.50663 0.00116755 0.00116755
0.49328 0.50672 0.00118744 0.00118744
0.4941 0.5059 0.00116664 0.00116664
0.49425 0.50575 0.00110882 0.00110882
0.49472 0.50528 0.00109465 0.00109465
0.49496 0.50504 0.00110161 0.00110161
0.49365 0.50635 0.00111791 0.00111791
0.49397 0.50603 0.00114783 0.00114783
0.49409 0.50591 0.00118103 0.00118103
0.49322 0.50678 0.0011333 0.0011333
0.4944 0.5056 0.00124531 0.00124531
0.49503 0.50497 0.00127375 0.00127375
0.49521 0.50479 0.0012835 0.0012835
0.49462 0.50538 0.00132266 0.00132266
0.49602 0.50398 0.00121044 0.00121044
0.49465 0.50535 0.00115781 0.00115781
0.49469 0.50531 0.0011263 0.0011263
0.49484 0.50516 0.00111369 0.00111369
0.49475 0.50525 0.00121007 0.00121007
0.49517 0.50483 0.00120483 0.00120483
0.49588 0.50412 0.00120677 0.00120677
0.49639 0.50361 0.00112533 0.00112533
0.49549 0.50451 0.00125452 0.00125452
0.49551 0.50449 0.00128894 0.00128894
0.49569 0.50431 0.00127537 0.00127537
0.49534 0.50466 0.00128027 0.00128027
0.49422 0.50578 0.00129409 0.00129409
0.49481 0.50519 0.00133832 0.00133832
0.4942 0.5058 0.00131897 0.00131897
0.49534 0.50466 0.00127574 0.00127574
0.49475 0.50525 0.00127999 0.00127999
0.49329 0.50671 0.00128536 0.00128536
0.4948 0.5052 0.00133105 0.00133105
0.49546 0.50454 0.00131639 0.00131639
0.49699 0.50301 0.00125213 0.00125213
0.49845 0.50155 0.00131017 0.00131017
0.49758 0.50242 0.0013174 0.0013174
0.49789 0.50211 0.00132868 0.00132868
0.49835 0.50165 0.00133223 0.00133223
0.49977 0.50023 0.00132509 0.00132509
0.49913 0.50087 0.00128914 0.00128914
0.49842 0.50158 0.00119382 0.00119382
0.4983 0.5017 0.00122256 0.00122256
0.49806 0.50194 0.00125012 0.00125012
0.49718 0.50282 0.00120134 0.00120134
0.4964 0.5036 0.00117319 0.00117319
0.4958 0.5042 0.00119887 0.00119887
0.49517 0.50483 0.00120978 0.00120978
0.49536 0.50464 0.00122367 0.00122367
0.49529 0.50471 0.00126029 0.00126029
0.4954 0.5046 0.00135994 0.00135994
0.4947 0.5053 0.00137496 0.00137496
0.495 0.505 0.00138743 0.00138743
0.49523 0.50477 0.00139549 0.00139549
0.49607 0.50393 0.00128455 0.00128455
0.4949 0.5051 0.00139088 0.00139088
0.49463 0.50537 0.00143858 0.00143858
0.49553 0.50447 0.00131326 0.00131326
0.49435 0.50565 0.00139708 0.00139708
0.49393 0.50607 0.0013216 0.0013216
0.49408 0.50592 0.00127488 0.00127488
0.49417 0.50583 0.00136733 0.00136733
0.49422 0.50578 0.00142163 0.00142163
0.4935 0.5065 0.00128456 0.00128456
0.49364 0.50636 0.00133427 0.00133427
0.49358 0.50642 0.00133289 0.00133289
0.49437 0.50563 0.00136116 0.00136116
0.49273 0.50727 0.00140101 0.00140101
0.4933 0.5067 0.00134023 0.00134023
0.49279 0.50721 0.00132851 0.00132851
0.49386 0.50614 0.00136234 0.00136234
0.49315 0.50685 0.00136625 0.00136625
0.49342 0.50658 0.00134602 0.00134602
0.49393 0.50607 0.00133546 0.00133546
0.49434 0.50566 0.00131962 0.00131962
0.49444 0.50556 0.00135358 0.00135358
0.49465 0.50535 0.00137966 0.00137966
0.49369 0.50631 0.00137579 0.00137579
0.49403 0.50597 0.00129294 0.00129294
0.49409 0.50591 0.0013958 0.0013958
0.49307 0.50693 0.00150956 0.00150956
0.49351 0.50649 0.00147587 0.00147587
0.4931 0.5069 0.0015166 0.0015166
0.49424 0.50576 0.00134315 0.00134315
0.4949 0.5051 0.00131043 0.00131043
0.49524 0.50476 0.00132152 0.00132152
0.49576 0.50424 0.00129069 0.00129069
0.49597 0.50403 0.00130189 0.00130189
0.49564 0.50436 0.00132577 0.00132577
0.49526 0.50474 0.00131353 0.00131353
0.49478 0.50522 0.00136575 0.00136575
0.4939 0.5061 0.00130231 0.00130231
0.49395 0.50605 0.00136312 0.00136312
0.49316 0.50684 0.00136224 0.00136224
0.49306 0.50694 0.0014528 0.0014528
0.49298 0.50702 0.00142139 0.00142139
0.49196 0.50804 0.00147095 0.00147095
0.49205 0.50795 0.00149556 0.00149556
0.49278 0.50722 0.00144361 0.00144361
0.49412 0.50588 0.00132768 0.00132768
0.49516 0.50484 0.00139028 0.00139028
0.49475 0.50525 0.00135977 0.00135977
0.49464 0.50536 0.00139884 0.00139884
0.49428 0.50572 0.00135024 0.00135024
0.4943 0.5057 0.00136138 0.00136138
0.4932 0.5068 0.00135147 0.00135147
0.49396 0.50604 0.00139176 0.00139176
0.49379 0.50621 0.00141887 0.00141887
0.49382 0.50618 0.00145441 0.00145441
0.49379 0.50621 0.00153255 0.00153255
0.49483 0.50517 0.00153687 0.00153687
0.49498 0.50502 0.0015042 0.0015042
0.4943 0.5057 0.00148791 0.00148791
0.49422 0.50578 0.00157973 0.00157973
0.49584 0.50416 0.00158975 0.00158975
0.49531 0.50469 0.00148212 0.00148212
0.49549 0.50451 0.00154435 0.00154435
0.49582 0.50418 0.00155455 0.00155455
0.49698 0.50302 0.00148612 0.00148612
0.49623 0.50377 0.00150654 0.00150654
0.49602 0.50398 0.00155285 0.00155285
0.49573 0.50427 0.00153527 0.00153527
0.49504 0.50496 0.00146671 0.00146671
0.49452 0.50548 0.00148761 0.00148761
0.49516 0.50484 0.00148628 0.00148628
0.49532 0.50468 0.00150624 0.00150624
0.49466 0.50534 0.00150095 0.00150095
0.49342 0.50658 0.00145538 0.00145538
0.494 0.506 0.00144899 0.00144899
0.49458 0.50542 0.00140382 0.00140382
0.49498 0.50502 0.00145903 0.00145903
0.49494 0.50506 0.00141006 0.00141006
0.494 0.506 0.00148747 0.00148747
0.494 0.506 0.00147642 0.00147642
0.49446 0.50554 0.00155746 0.00155746
0.49527 0.50473 0.00151747 0.00151747
0.49556 0.50444 0.00161223 0.00161223
0.49411 0.50589 0.00156325 0.00156325
0.49398 0.50602 0.00173741 0.00173741
0.49323 0.50677 0.00187078 0.00187078
0.49394 0.50606 0.00182674 0.00182674
0.49398 0.50602 0.0018398 0.0018398
0.49332 0.50668 0.00184489 0.00184489
0.49252 0.50748 0.00176423 0.00176423
0.4929 0.5071 0.001761 0.001761
0.49261 0.50739 0.0017923 0.0017923
0.49203 0.50797 0.0018311 0.0018311
0.49184 0.50816 0.00183082 0.00183082
0.49104 0.50896 0.00178067 0.00178067
0.49145 0.50855 0.00175463 0.00175463
0.49144 0.50856 0.00165207 0.00165207
0.49315 0.50685 0.0016996 0.0016996
0.49274 0.50726 0.00182892 0.00182892
0.49237 0.50763 0.00175842 0.00175842
0.4923 0.5077 0.00181346 0.00181346
0.49297 0.50703 0.00190514 0.00190514
0.49268 0.50732 0.00192531 0.00192531
0.49181 0.50819 0.0018689 0.0018689
0.49278 0.50722 0.00185155 0.00185155
0.49351 0.50649 0.00195118 0.00195118
0.4937 0.5063 0.0019173 0.0019173
0.49394 0.50606 0.00183513 0.00183513
0.49395 0.50605 0.00186269 0.00186269
0.49361 0.50639 0.0019084 0.0019084
0.49434 0.50566 0.00192124 0.00192124
0.49415 0.50585 0.00194229 0.00194229
0.49349 0.50651 0.00190524 0.00190524
0.49193 0.50807 0.00189805 0.00189805
0.49293 0.50707 0.00187338 0.00187338
0.49307 0.50693 0.00189259 0.00189259
0.4927 0.5073 0.00203565 0.00203565
0.49258 0.50742 0.00201619 0.00201619
0.49233 0.50767 0.00203851 0.00203851
0.49162 0.50838 0.00213062 0.00213062
0.4914 0.5086 0.00218489 0.00218489
0.4913 0.5087 0.00224326 0.00224326
0.49113 0.50887 0.00214803 0.00214803
0.4918 0.5082 0.00209881 0.00209881
0.49221 0.50779 0.00212465 0.00212465
0.49159 0.50841 0.00216342 0.00216342
0.49145 0.50855 0.00219678 0.00219678
0.49083 0.50917 0.00223307 0.00223307
0.49081 0.50919 0.00222997 0.00222997
0.49211 0.50789 0.002182 0.002182
0.49216 0.50784 0.00213585 0.00213585
0.49197 0.50803 0.00210229 0.00210229
0.49109 0.50891 0.00213336 0.00213336
0.49041 0.50959 0.00215087 0.00215087
0.48991 0.51009 0.00211497 0.00211497
0.49018 0.50982 0.00211851 0.00211851
0.49092 0.50908 0.00213749 0.00213749
0.49141 0.50859 0.00207934 0.00207934
0.49033 0.50967 0.00198428 0.00198428
0.49019 0.50981 0.00196523 0.00196523
0.48992 0.51008 0.00188793 0.00188793
0.49022 0.50978 0.0018345 0.0018345
0.49061 0.50939 0.00188515 0.00188515
0.48901 0.51099 0.00191136 0.00191136
0.4883 0.5117 0.00179189 0.00179189
0.48811 0.51189 0.00175386 0.00175386
0.48806 0.51194 0.00189093 0.00189093
0.48983 0.51017 0.00181851 0.00181851
0.48998 0.51002 0.00182238 0.00182238
0.49025 0.50975 0.00190166 0.00190166
0.49091 0.50909 0.00189386 0.00189386
0.49178 0.50822 0.00185644 0.00185644
0.49116 0.50884 0.00184608 0.00184608
0.49183 0.50817 0.00180935 0.00180935
0.49287 0.50713 0.00184876 0.00184876
0.49284 0.50716 0.00182046 0.00182046
0.49155 0.50845 0.00180516 0.00180516
0.49119 0.50881 0.00181551 0.00181551
0.49103 0.50897 0.00183223 0.00183223
0.49079 0.50921 0.00188376 0.00188376
0.49123 0.50877 0.00186151 0.00186151
0.49292 0.50708 0.00185846 0.00185846
0.4925 0.5075 0.00199658 0.00199658
0.49273 0.50727 0.00211899 0.00211899
0.49201 0.50799 0.00215991 0.00215991
0.49048 0.50952 0.00207698 0.00207698
0.49006 0.50994 0.00212511 0.00212511
0.49019 0.50981 0.00222527 0.00222527
0.49026 0.50974 0.00213779 0.00213779
0.49079 0.50921 0.00213617 0.00213617
0.49031 0.50969 0.00215468 0.00215468
0.49072 0.50928 0.00208129 0.00208129
0.49093 0.50907 0.00213085 0.00213085
0.49134 0.50866 0.00218421 0.00218421
0.49193 0.50807 0.00211306 0.00211306
0.49149 0.50851 0.00221223 0.00221223
0.49156 0.50844 0.00210564 0.00210564
0.49234 0.50766 0.00215548 0.00215548
0.49256 0.50744 0.00217708 0.00217708
0.49261 0.50739 0.00215357 0.00215357
0.49281 0.50719 0.00206272 0.00206272
0.49161 0.50839 0.00215739 0.00215739
0.49203 0.50797 0.0020875 0.0020875
0.49219 0.50781 0.00212078 0.00212078
0.49126 0.50874 0.00222133 0.00222133
0.49159 0.50841 0.00218515 0.00218515
0.49242 0.50758 0.00224746 0.00224746
0.49251 0.50749 0.00227209 0.00227209
0.49229 0.50771 0.00229237 0.00229237
0.49078 0.50922 0.00218314 0.00218314
0.49064 0.50936 0.0022054 0.0022054
0.49008 0.50992 0.00225141 0.00225141
0.49003 0.50997 0.00223862 0.00223862
0.49014 0.50986 0.0022363 0.0022363
0.48922 0.51078 0.00222056 0.00222056
0.48954 0.51046 0.00213831 0.00213831
0.48897 0.51103 0.00227694 0.00227694
0.48925 0.51075 0.00224061 0.00224061
0.4899 0.5101 0.00230779 0.00230779
0.49022 0.50978 0.00217773 0.00217773
0.49103 0.50897 0.00217963 0.00217963
0.49194 0.50806 0.00215983 0.00215983
0.49148 0.50852 0.00217692 0.00217692
0.49179 0.50821 0.00212473 0.00212473
0.49215 0.50785 0.00205696 0.00205696
0.49159 0.50841 0.00219414 0.00219414
0.49155 0.50845 0.00219853 0.00219853
0.49126 0.50874 0.0022003 0.0022003
0.49041 0.50959 0.00215515 0.00215515
0.49101 0.50899 0.00211504 0.00211504
0.4918 0.5082 0.00205887 0.00205887
0.49097 0.50903 0.00203037 0.00203037
0.49063 0.50937 0.00214442 0.00214442
0.49164 0.50836 0.00216248 0.00216248
0.49195 0.50805 0.00207453 0.00207453
0.49181 0.50819 0.00200369 0.00200369
0.49249 0.50751 0.00190742 0.00190742
0.49372 0.50628 0.00193445 0.00193445
0.49405 0.50595 0.00195478 0.00195478
0.49449 0.50551 0.00201252 0.00201252
0.49283 0.50717 0.00203087 0.00203087
0.49228 0.50772 0.00208746 0.00208746
0.49306 0.50694 0.00203311 0.00203311
0.49369 0.50631 0.00198646 0.00198646
0.49211 0.50789 0.00209101 0.00209101
0.49192 0.50808 0.00208294 0.00208294
0.4915 0.5085 0.00216569 0.00216569
0.4916 0.5084 0.00210982 0.00210982
0.49164 0.50836 0.00203773 0.00203773
0.49132 0.50868 0.00211133 0.00211133
0.49214 0.50786 0.00219208 0.00219208
0.49191 0.50809 0.00223542 0.00223542
0.49114 0.50886 0.00222016 0.00222016
0.49118 0.50882 0.00229296 0.00229296
0.49187 0.50813 0.00224181 0.00224181
0.49235 0.50765 0.00233564 0.00233564
0.49164 0.50836 0.00233167 0.00233167
0.49096 0.50904 0.00241002 0.00241002
0.49065 0.50935 0.00239229 0.00239229
0.49077 0.50923 0.00234763 0.00234763
0.49081 0.50919 0.00237872 0.00237872
0.48967 0.51033 0.00237043 0.00237043
0.48951 0.51049 0.00231082 0.00231082
0.49041 0.50959 0.00235515 0.00235515
0.49076 0.50924 0.00227132 0.00227132
0.49129 0.50871 0.00230376 0.00230376
0.49303 0.50697 0.00228187 0.00228187
0.49384 0.50616 0.00231628 0.00231628
0.49363 0.50637 0.00221405 0.00221405
0.49339 0.50661 0.00231252 0.00231252
0.49369 0.50631 0.00227739 0.00227739
0.4922 0.5078 0.00223651 0.00223651
0.49159 0.50841 0.00229176 0.00229176
0.49177 0.50823 0.00227935 0.00227935
0.49214 0.50786 0.00221242 0.00221242
0.49224 0.50776 0.0021778 0.0021778
0.49219 0.50781 0.00219078 0.00219078
0.49285 0.50715 0.00220589 0.00220589
0.49286 0.50714 0.00211018 0.00211018
0.49142 0.50858 0.00218782 0.00218782
0.49067 0.50933 0.00225249 0.00225249
0.49077 0.50923 0.00224052 0.00224052
0.49151 0.50849 0.00215557 0.00215557
0.4928 0.5072 0.00219085 0.00219085
0.49271 0.50729 0.0021594 0.0021594
0.49263 0.50737 0.00220852 0.00220852
0.49252 0.50748 0.00217601 0.00217601
0.49201 0.50799 0.00209926 0.00209926
0.49238 0.50762 0.00212264 0.00212264
0.49164 0.50836 0.002217 0.002217
0.49198 0.50802 0.00222578 0.00222578
0.49169 0.50831 0.00230644 0.00230644
0.49101 0.50899 0.00239944 0.00239944
0.4912 0.5088 0.00251511 0.00251511
0.49043 0.50957 0.0024612 0.0024612
0.49118 0.50882 0.00239207 0.00239207
0.4913 0.5087 0.00236803 0.00236803
0.49136 0.50864 0.00241377 0.00241377
0.49163 0.50837 0.00238923 0.00238923
0.49158 0.50842 0.00226752 0.00226752
0.49166 0.50834 0.00216384 0.00216384
0.49193 0.50807 0.00220304 0.00220304
0.49176 0.50824 0.00230259 0.00230259
0.49228 0.50772 0.0023135 0.0023135
0.49273 0.50727 0.00228365 0.00228365
0.49272 0.50728 0.00214964 0.00214964
0.49226 0.50774 0.00215409 0.00215409
0.49289 0.50711 0.00217745 0.00217745
0.49344 0.50656 0.00230831 0.00230831
0.49359 0.50641 0.00228374 0.00228374
0.49341 0.50659 0.00227115 0.00227115
0.49266 0.50734 0.0023254 0.0023254
0.49314 0.50686 0.00227671 0.00227671
0.49247 0.50753 0.00220789 0.00220789
0.493 0.507 0.00205105 0.00205105
0.49231 0.50769 0.00204367 0.00204367
0.49232 0.50768 0.00203293 0.00203293
0.49116 0.50884 0.00206886 0.00206886
0.49079 0.50921 0.00216055 0.00216055
0.49084 0.50916 0.0021025 0.0021025
0.49146 0.50854 0.00215278 0.00215278
0.49038 0.50962 0.00205967 0.00205967
0.49025 0.50975 0.00210059 0.00210059
0.49113 0.50887 0.00200015 0.00200015
0.49042 0.50958 0.00194621 0.00194621
0.49061 0.50939 0.00198982 0.00198982
0.49106 0.50894 0.00198418 0.00198418
0.49144 0.50856 0.00207835 0.00207835
0.49123 0.50877 0.00206218 0.00206218
0.49089 0.50911 0.00208424 0.00208424
0.49143 0.50857 0.00215754 0.00215754
0.49066 0.50934 0.00223316 0.00223316
0.49146 0.50854 0.00239055 0.00239055
0.49122 0.50878 0.00235137 0.00235137
0.49141 0.50859 0.00242075 0.00242075
0.49091 0.50909 0.00240453 0.00240453
0.49055 0.50945 0.00234025 0.00234025
0.49 0.51 0.00236964 0.00236964
0.49059 0.50941 0.00241392 0.00241392
0.49169 0.50831 0.00234458 0.00234458
0.49079 0.50921 0.00244912 0.00244912
0.4906 0.5094 0.00245927 0.00245927
0.49088 0.50912 0.00241348 0.00241348
0.49033 0.50967 0.00246762 0.00246762
0.48988 0.51012 0.00244689 0.00244689
0.49073 0.50927 0.0024145 0.0024145
0.49038 0.50962 0.00248187 0.00248187
0.4902 0.5098 0.00253055 0.00253055
0.49018 0.50982 0.00256433 0.00256433
0.48992 0.51008 0.00247171 0.00247171
0.48908 0.51092 0.00245488 0.00245488
0.4889 0.5111 0.00236546 0.00236546
0.48827 0.51173 0.00243295 0.00243295
0.48829 0.51171 0.00253104 0.00253104
0.48901 0.51099 0.00234254 0.00234254
0.48872 0.51128 0.00236756 0.00236756
0.48898 0.51102 0.00224523 0.00224523
0.48879 0.51121 0.00231219 0.00231219
0.48814 0.51186 0.0023404 0.0023404
0.48771 0.51229 0.0023252 0.0023252
0.48784 0.51216 0.00244721 0.00244721
0.48799 0.51201 0.00243492 0.00243492
0.48715 0.51285 0.00237273 0.00237273
0.48783 0.51217 0.00246109 0.00246109
0.48955 0.51045 0.00245027 0.00245027
0.49007 0.50993 0.00239877 0.00239877
0.49084 0.50916 0.00245177 0.00245177
0.49055 0.50945 0.0025669 0.0025669
0.49018 0.50982 0.00256463 0.00256463
0.49023 0.50977 0.00239113 0.00239113
0.48926 0.51074 0.00240793 0.00240793
0.49014 0.50986 0.00237026 0.00237026
0.49 0.51 0.00248741 0.00248741
