0.50142 0.49858 7.07511e-05 7.07511e-05
0.50108 0.49892 0.00019468 0.00019468
0.5027 0.4973 0.000311626 0.000311626
0.50362 0.49638 0.000429369 0.000429369
0.50397 0.49603 0.000545201 0.000545201
0.50497 0.49503 0.000654878 0.000654878
0.50552 0.49448 0.000780899 0.000780899
0.50545 0.49455 0.000956371 0.000956371
0.50582 0.49418 0.00109506 0.00109506
0.50602 0.49398 0.0012017 0.0012017
0.50658 0.49342 0.00127639 0.00127639
0.5071 0.4929 0.00137753 0.00137753
0.50719 0.49281 0.00150167 0.00150167
0.50753 0.49247 0.00162007 0.00162007
0.50816 0.49184 0.0017587 0.0017587
0.50845 0.49155 0.00186067 0.00186067
0.5082 0.4918 0.00194998 0.00194998
0.50861 0.49139 0.00206828 0.00206828
0.50914 0.49086 0.00217802 0.00217802
0.5091 0.4909 0.00222458 0.00222458
0.50875 0.49125 0.00225102 0.00225102
0.50898 0.49102 0.00230945 0.00230945
0.50938 0.49062 0.00236173 0.00236173
0.50977 0.49023 0.00240337 0.00240337
0.51049 0.48951 0.00246987 0.00246987
0.51066 0.48934 0.00249089 0.00249089
0.51069 0.48931 0.0025206 0.0025206
0.5105 0.4895 0.00260508 0.00260508
0.51026 0.48974 0.00262933 0.00262933
0.51046 0.48954 0.00269241 0.00269241
0.51046 0.48954 0.00273423 0.00273423
0.51015 0.48985 0.00278894 0.00278894
0.5103 0.4897 0.00282367 0.00282367
0.51051 0.48949 0.00282199 0.00282199
0.51076 0.48924 0.00285039 0.00285039
0.51075 0.48925 0.00287989 0.00287989
0.51072 0.48928 0.0028877 0.0028877
0.51087 0.48913 0.00291387 0.00291387
0.5111 0.4889 0.00291551 0.00291551
0.51107 0.48893 0.00291097 0.00291097
0.51109 0.48891 0.0029534 0.0029534
0.51142 0.48858 0.00298958 0.00298958
0.51156 0.48844 0.00301182 0.00301182
0.51151 0.48849 0.00302854 0.00302854
0.51121 0.48879 0.00301354 0.00301354
0.51133 0.48867 0.00304687 0.00304687
0.51143 0.48857 0.00308683 0.00308683
0.51128 0.48872 0.00310772 0.00310772
0.5113 0.4887 0.00311456 0.00311456
0.5113 0.4887 0.00312342 0.00312342
0.51138 0.48862 0.00312785 0.00312785
0.51147 0.48853 0.00317171 0.00317171
0.51159 0.48841 0.0031622 0.0031622
0.51176 0.48824 0.00316443 0.00316443
0.51174 0.48826 0.00318945 0.00318945
0.51174 0.48826 0.00318971 0.00318971
0.51152 0.48848 0.00318288 0.00318288
0.51158 0.48842 0.00319936 0.00319936
0.51168 0.48832 0.0032022 0.0032022
0.51183 0.48817 0.003228 0.003228
0.51177 0.48823 0.00322351 0.00322351
0.51174 0.48826 0.00324935 0.00324935
0.51179 0.48821 0.00323506 0.00323506
0.5118 0.4882 0.00325572 0.00325572
0.5118 0.4882 0.00325646 0.00325646
0.51187 0.48813 0.00326721 0.00326721
0.51184 0.48816 0.00326088 0.00326088
0.51209 0.48791 0.00327384 0.00327384
0.51221 0.48779 0.00327774 0.00327774
0.51229 0.48771 0.00327419 0.00327419
0.51214 0.48786 0.00325966 0.00325966
0.51224 0.48776 0.00324719 0.00324719
0.5122 0.4878 0.00324786 0.00324786
0.51203 0.48797 0.00325631 0.00325631
0.51195 0.48805 0.00327148 0.00327148
0.51208 0.48792 0.00328044 0.00328044
0.51197 0.48803 0.00330573 0.00330573
0.51192 0.48808 0.00331745 0.00331745
0.51204 0.48796 0.00331723 0.00331723
0.51213 0.48787 0.00332217 0.00332217
0.51202 0.48798 0.00331525 0.00331525
0.51212 0.48788 0.00332166 0.00332166
0.51199 0.48801 0.00332082 0.00332082
0.51194 0.48806 0.0033143 0.0033143
0.51202 0.48798 0.00331816 0.00331816
0.51203 0.48797 0.00331304 0.00331304
0.51212 0.48788 0.00331639 0.00331639
0.5121 0.4879 0.00332637 0.00332637
0.5122 0.4878 0.00333055 0.00333055
0.51218 0.48782 0.00332057 0.00332057
0.51208 0.48792 0.00333173 0.00333173
0.51212 0.48788 0.00333057 0.00333057
0.51214 0.48786 0.0033257 0.0033257
0.51224 0.48776 0.00332816 0.00332816
0.51217 0.48783 0.00332542 0.00332542
0.51222 0.48778 0.00332854 0.00332854
0.5122 0.4878 0.0033424 0.0033424
0.51226 0.48774 0.00334066 0.00334066
0.51223 0.48777 0.00334218 0.00334218
0.51226 0.48774 0.00335201 0.00335201
0.51226 0.48774 0.00336254 0.00336254
0.51237 0.48763 0.00335177 0.00335177
0.51237 0.48763 0.00335468 0.00335468
0.51233 0.48767 0.00334521 0.00334521
0.51231 0.48769 0.00335018 0.00335018
0.51221 0.48779 0.00334146 0.00334146
0.51225 0.48775 0.00334566 0.00334566
0.51225 0.48775 0.00334443 0.00334443
0.51235 0.48765 0.00335051 0.00335051
0.51245 0.48755 0.00335601 0.00335601
0.51246 0.48754 0.00335997 0.00335997
0.51244 0.48756 0.00336524 0.00336524
0.51245 0.48755 0.00335774 0.00335774
0.51242 0.48758 0.00336237 0.00336237
0.51242 0.48758 0.00336328 0.00336328
0.51242 0.48758 0.00336273 0.00336273
0.51244 0.48756 0.00335839 0.00335839
0.51243 0.48757 0.00335758 0.00335758
0.51237 0.48763 0.00335767 0.00335767
0.51238 0.48762 0.00335541 0.00335541
0.51234 0.48766 0.0033574 0.0033574
0.51234 0.48766 0.00335992 0.00335992
0.51238 0.48762 0.00335343 0.00335343
0.51238 0.48762 0.00334737 0.00334737
0.51237 0.48763 0.00334615 0.00334615
0.51241 0.48759 0.00334903 0.00334903
0.51247 0.48753 0.00334593 0.00334593
0.51242 0.48758 0.00334669 0.00334669
0.51238 0.48762 0.00334311 0.00334311
0.51244 0.48756 0.00334599 0.00334599
0.51243 0.48757 0.00334493 0.00334493
0.51244 0.48756 0.00334928 0.00334928
0.51248 0.48752 0.00334997 0.00334997
0.51249 0.48751 0.00335037 0.00335037
0.51249 0.48751 0.00334563 0.00334563
0.5125 0.4875 0.00334423 0.00334423
0.51248 0.48752 0.00334288 0.00334288
0.51248 0.48752 0.00334223 0.00334223
0.51252 0.48748 0.00334348 0.00334348
0.51251 0.48749 0.00334557 0.00334557
0.5125 0.4875 0.00334563 0.00334563
0.51251 0.48749 0.00334449 0.00334449
0.51249 0.48751 0.00334856 0.00334856
0.5125 0.4875 0.00335037 0.00335037
0.51253 0.48747 0.00335617 0.00335617
0.51252 0.48748 0.00335684 0.00335684
0.51255 0.48745 0.00335342 0.00335342
0.51254 0.48746 0.00335411 0.00335411
0.51254 0.48746 0.00335411 0.00335411
0.51256 0.48744 0.00335625 0.00335625
0.51257 0.48743 0.0033575 0.0033575
0.51256 0.48744 0.00336174 0.00336174
0.51257 0.48743 0.00335944 0.00335944
0.51257 0.48743 0.0033575 0.0033575
0.51259 0.48741 0.0033598 0.0033598
0.5126 0.4874 0.00335836 0.00335836
0.51263 0.48737 0.00335721 0.00335721
0.51263 0.48737 0.00335446 0.00335446
0.51261 0.48739 0.00335481 0.00335481
0.51264 0.48736 0.00335702 0.00335702
0.51262 0.48738 0.00335854 0.00335854
0.51261 0.48739 0.00335935 0.00335935
0.51259 0.48741 0.00336176 0.00336176
0.51262 0.48738 0.00336111 0.00336111
0.51261 0.48739 0.00336022 0.00336022
0.5126 0.4874 0.00336113 0.00336113
0.51261 0.48739 0.00336058 0.00336058
0.51259 0.48741 0.0033577 0.0033577
0.51258 0.48742 0.0033558 0.0033558
0.51259 0.48741 0.00335637 0.00335637
0.51259 0.48741 0.00335637 0.00335637
0.51256 0.48744 0.00335207 0.00335207
0.51257 0.48743 0.00335374 0.00335374
0.51257 0.48743 0.00335558 0.00335558
0.51257 0.48743 0.0033551 0.0033551
0.51257 0.48743 0.00335451 0.00335451
0.51258 0.48742 0.00335683 0.00335683
0.5126 0.4874 0.00335786 0.00335786
0.51259 0.48741 0.00335643 0.00335643
0.5126 0.4874 0.00336057 0.00336057
0.51261 0.48739 0.00336246 0.00336246
0.51261 0.48739 0.00336438 0.00336438
0.51262 0.48738 0.00336387 0.00336387
0.51264 0.48736 0.00336538 0.00336538
0.51264 0.48736 0.00336538 0.00336538
0.51263 0.48737 0.00336617 0.00336617
0.51263 0.48737 0.00336617 0.00336617
0.51262 0.48738 0.00336741 0.00336741
0.51262 0.48738 0.00336185 0.00336185
0.51263 0.48737 0.00336123 0.00336123
0.51264 0.48736 0.00335999 0.00335999
0.51265 0.48735 0.00335981 0.00335981
0.51266 0.48734 0.00336081 0.00336081
0.51265 0.48735 0.00336142 0.00336142
0.51266 0.48734 0.00336164 0.00336164
0.51264 0.48736 0.00336219 0.00336219
0.51264 0.48736 0.00335926 0.00335926
0.51263 0.48737 0.00336088 0.00336088
0.51263 0.48737 0.00336088 0.00336088
0.51263 0.48737 0.00336062 0.00336062
0.51268 0.48732 0.00336034 0.00336034
0.51267 0.48733 0.00336012 0.00336012
0.51265 0.48735 0.00336013 0.00336013
0.51262 0.48738 0.00336143 0.00336143
0.51261 0.48739 0.00336311 0.00336311
0.51261 0.48739 0.00336097 0.00336097
0.51261 0.48739 0.00336109 0.00336109
0.51262 0.48738 0.0033601 0.0033601
0.51259 0.48741 0.00336178 0.00336178
0.5126 0.4874 0.00336091 0.00336091
0.51261 0.48739 0.00336113 0.00336113
0.51262 0.48738 0.00336137 0.00336137
0.51261 0.48739 0.00336143 0.00336143
0.51261 0.48739 0.00336022 0.00336022
0.5126 0.4874 0.00336 0.00336
0.51258 0.48742 0.00335625 0.00335625
0.51257 0.48743 0.00335762 0.00335762
0.51256 0.48744 0.00335849 0.00335849
0.51257 0.48743 0.003359 0.003359
0.51259 0.48741 0.00336093 0.00336093
0.5126 0.4874 0.00336117 0.00336117
0.51263 0.48737 0.00336527 0.00336527
0.51263 0.48737 0.0033644 0.0033644
0.51263 0.48737 0.0033644 0.0033644
0.51264 0.48736 0.00336464 0.00336464
0.51263 0.48737 0.0033626 0.0033626
0.51262 0.48738 0.00336323 0.00336323
0.51262 0.48738 0.00336323 0.00336323
0.51262 0.48738 0.00336323 0.00336323
0.51263 0.48737 0.0033623 0.0033623
0.51262 0.48738 0.00336292 0.00336292
0.51264 0.48736 0.00336484 0.00336484
0.51266 0.48734 0.00336847 0.00336847
0.51263 0.48737 0.00336824 0.00336824
0.51262 0.48738 0.00336888 0.00336888
0.51261 0.48739 0.00336893 0.00336893
0.51263 0.48737 0.00336765 0.00336765
0.51263 0.48737 0.0033685 0.0033685
0.51262 0.48738 0.00336793 0.00336793
0.51262 0.48738 0.00336793 0.00336793
0.51262 0.48738 0.00336793 0.00336793
0.51262 0.48738 0.00336793 0.00336793
0.51263 0.48737 0.00336815 0.00336815
0.51262 0.48738 0.00336913 0.00336913
0.51264 0.48736 0.00336809 0.00336809
0.51265 0.48735 0.00336865 0.00336865
0.51265 0.48735 0.00336865 0.00336865
0.51263 0.48737 0.00336967 0.00336967
0.51262 0.48738 0.00336793 0.00336793
0.5126 0.4874 0.00336848 0.00336848
0.51259 0.48741 0.00337049 0.00337049
0.51259 0.48741 0.00337049 0.00337049
0.51259 0.48741 0.00337049 0.00337049
0.5126 0.4874 0.00337042 0.00337042
0.51262 0.48738 0.00337022 0.00337022
0.51261 0.48739 0.00337 0.00337
0.5126 0.4874 0.00337006 0.00337006
0.51261 0.48739 0.00337028 0.00337028
0.51261 0.48739 0.00337028 0.00337028
0.51261 0.48739 0.00337028 0.00337028
0.51261 0.48739 0.00337028 0.00337028
0.5126 0.4874 0.00336758 0.00336758
0.51259 0.48741 0.003368 0.003368
0.51259 0.48741 0.003368 0.003368
0.5126 0.4874 0.00337071 0.00337071
0.5126 0.4874 0.00337071 0.00337071
0.51259 0.48741 0.00336899 0.00336899
0.5126 0.4874 0.00336836 0.00336836
0.5126 0.4874 0.00336836 0.00336836
0.51261 0.48739 0.00336794 0.00336794
0.51261 0.48739 0.00336794 0.00336794
0.51261 0.48739 0.00336794 0.00336794
0.5126 0.4874 0.00336836 0.00336836
0.51261 0.48739 0.00336739 0.00336739
0.51261 0.48739 0.00336739 0.00336739
0.51262 0.48738 0.00336733 0.00336733
0.51262 0.48738 0.00336733 0.00336733
0.51261 0.48739 0.00336462 0.00336462
0.51262 0.48738 0.0033642 0.0033642
0.51262 0.48738 0.0033642 0.0033642
0.51262 0.48738 0.0033642 0.0033642
0.51262 0.48738 0.0033642 0.0033642
0.51263 0.48737 0.0033669 0.0033669
0.51265 0.48735 0.00336857 0.00336857
0.51264 0.48736 0.00336864 0.00336864
0.51264 0.48736 0.00336864 0.00336864
0.51264 0.48736 0.00336864 0.00336864
0.51264 0.48736 0.00336864 0.00336864
0.51264 0.48736 0.00336864 0.00336864
0.51264 0.48736 0.00336864 0.00336864
0.51264 0.48736 0.00336864 0.00336864
0.51264 0.48736 0.00336864 0.00336864
0.51263 0.48737 0.00336858 0.00336858
0.51262 0.48738 0.00336901 0.00336901
0.51263 0.48737 0.00336838 0.00336838
0.51263 0.48737 0.00336838 0.00336838
0.51261 0.48739 0.00336763 0.00336763
0.51261 0.48739 0.00336763 0.00336763
0.51261 0.48739 0.0033667 0.0033667
0.51261 0.48739 0.0033667 0.0033667
0.51262 0.48738 0.00336628 0.00336628
0.51262 0.48738 0.00336628 0.00336628
0.51261 0.48739 0.00336691 0.00336691
0.51261 0.48739 0.00336691 0.00336691
0.5126 0.4874 0.00336788 0.00336788
0.51261 0.48739 0.00336691 0.00336691
0.51261 0.48739 0.00336691 0.00336691
0.51261 0.48739 0.00336691 0.00336691
0.51262 0.48738 0.00336567 0.00336567
0.51263 0.48737 0.00336624 0.00336624
0.51263 0.48737 0.00336624 0.00336624
0.51263 0.48737 0.00336624 0.00336624
0.51262 0.48738 0.00336628 0.00336628
0.5126 0.4874 0.00336634 0.00336634
0.51261 0.48739 0.00336806 0.00336806
0.51261 0.48739 0.00336806 0.00336806
0.51261 0.48739 0.00336806 0.00336806
0.51261 0.48739 0.00336806 0.00336806
0.51261 0.48739 0.00336806 0.00336806
0.51259 0.48741 0.00336946 0.00336946
0.51258 0.48742 0.00336774 0.00336774
0.51258 0.48742 0.00336774 0.00336774
0.51258 0.48742 0.00336774 0.00336774
0.51258 0.48742 0.00336774 0.00336774
0.51259 0.48741 0.00336711 0.00336711
0.51259 0.48741 0.00336711 0.00336711
0.51259 0.48741 0.00336711 0.00336711
0.51259 0.48741 0.00336711 0.00336711
0.5126 0.4874 0.00336762 0.00336762
0.5126 0.4874 0.00336762 0.00336762
0.5126 0.4874 0.00336762 0.00336762
0.5126 0.4874 0.00336762 0.00336762
0.51261 0.48739 0.00336757 0.00336757
0.51261 0.48739 0.00336757 0.00336757
0.51261 0.48739 0.00336757 0.00336757
0.51261 0.48739 0.00336757 0.00336757
0.51261 0.48739 0.00336757 0.00336757
0.51261 0.48739 0.00336757 0.00336757
0.51261 0.48739 0.00336757 0.00336757
0.51261 0.48739 0.00336757 0.00336757
0.51261 0.48739 0.00336757 0.00336757
0.51261 0.48739 0.00336664 0.00336664
0.51261 0.48739 0.00336664 0.00336664
0.51261 0.48739 0.00336664 0.00336664
0.51261 0.48739 0.00336664 0.00336664
0.5126 0.4874 0.00336788 0.00336788
0.5126 0.4874 0.00336788 0.00336788
0.51259 0.48741 0.00336766 0.00336766
0.51259 0.48741 0.00336766 0.00336766
0.51259 0.48741 0.00336766 0.00336766
0.51259 0.48741 0.00336766 0.00336766
0.51259 0.48741 0.00336766 0.00336766
0.51259 0.48741 0.00336766 0.00336766
0.51259 0.48741 0.00336766 0.00336766
0.51259 0.48741 0.00336766 0.00336766
0.51259 0.48741 0.00336766 0.00336766
0.5126 0.4874 0.00336788 0.00336788
0.5126 0.4874 0.00336788 0.00336788
0.5126 0.4874 0.00336788 0.00336788
0.51259 0.48741 0.00336766 0.00336766
0.51259 0.48741 0.00336766 0.00336766
0.51259 0.48741 0.00336766 0.00336766
0.51259 0.48741 0.00336766 0.00336766
0.51259 0.48741 0.00336766 0.00336766
0.51259 0.48741 0.00336766 0.00336766
0.5126 0.4874 0.00336669 0.00336669
0.5126 0.4874 0.00336669 0.00336669
0.5126 0.4874 0.00336669 0.00336669
0.51261 0.48739 0.00336719 0.00336719
0.51261 0.48739 0.00336719 0.00336719
0.51261 0.48739 0.00336719 0.00336719
0.51261 0.48739 0.00336719 0.00336719
0.51261 0.48739 0.00336719 0.00336719
0.51261 0.48739 0.00336719 0.00336719
0.51261 0.48739 0.00336719 0.00336719
0.51261 0.48739 0.00336719 0.00336719
0.51261 0.48739 0.00336719 0.00336719
0.51261 0.48739 0.00336719 0.00336719
0.51261 0.48739 0.00336719 0.00336719
0.51261 0.48739 0.00336719 0.00336719
0.51261 0.48739 0.00336719 0.00336719
0.51261 0.48739 0.00336719 0.00336719
0.51261 0.48739 0.00336719 0.00336719
0.51262 0.48738 0.00336596 0.00336596
0.51262 0.48738 0.00336596 0.00336596
0.51262 0.48738 0.00336596 0.00336596
0.51262 0.48738 0.00336596 0.00336596
0.51262 0.48738 0.00336596 0.00336596
0.51261 0.48739 0.00336693 0.00336693
0.51261 0.48739 0.00336693 0.00336693
0.51261 0.48739 0.00336693 0.00336693
0.51261 0.48739 0.00336693 0.00336693
0.5126 0.4874 0.00336816 0.00336816
0.51261 0.48739 0.00336719 0.00336719
0.51261 0.48739 0.00336719 0.00336719
0.5126 0.4874 0.00336669 0.00336669
0.51259 0.48741 0.00336766 0.00336766
0.51259 0.48741 0.00336766 0.00336766
0.51259 0.48741 0.00336766 0.00336766
0.51259 0.48741 0.00336766 0.00336766
0.51259 0.48741 0.00336766 0.00336766
0.51259 0.48741 0.00336766 0.00336766
0.51259 0.48741 0.00336766 0.00336766
0.51259 0.48741 0.00336766 0.00336766
0.51259 0.48741 0.00336766 0.00336766
0.51259 0.48741 0.00336766 0.00336766
0.5126 0.4874 0.00336642 0.00336642
0.5126 0.4874 0.00336642 0.00336642
0.51259 0.48741 0.00336766 0.00336766
0.51259 0.48741 0.00336766 0.00336766
0.51259 0.48741 0.00336766 0.00336766
0.51259 0.48741 0.00336766 0.00336766
0.51259 0.48741 0.00336766 0.00336766
0.51259 0.48741 0.00336766 0.00336766
0.51259 0.48741 0.00336766 0.00336766
0.51259 0.48741 0.00336766 0.00336766
0.51259 0.48741 0.00336766 0.00336766
0.51259 0.48741 0.00336766 0.00336766
0.51259 0.48741 0.00336766 0.00336766
0.51259 0.48741 0.00336766 0.00336766
0.51259 0.48741 0.00336766 0.00336766
0.51259 0.48741 0.00336766 0.00336766
0.51259 0.48741 0.00336766 0.00336766
0.51259 0.48741 0.00336766 0.00336766
0.51259 0.48741 0.00336766 0.00336766
0.51259 0.48741 0.00336766 0.00336766
0.51259 0.48741 0.00336766 0.00336766
0.51259 0.48741 0.00336766 0.00336766
0.51259 0.48741 0.00336766 0.00336766
0.51259 0.48741 0.00336766 0.00336766
0.51259 0.48741 0.00336766 0.00336766
0.51259 0.48741 0.00336766 0.00336766
0.51259 0.48741 0.00336766 0.00336766
0.51259 0.48741 0.00336766 0.00336766
0.51259 0.48741 0.00336766 0.00336766
0.51259 0.48741 0.00336766 0.00336766
0.51259 0.48741 0.00336766 0.00336766
0.51259 0.48741 0.00336766 0.00336766
0.51259 0.48741 0.00336766 0.00336766
0.51259 0.48741 0.00336766 0.00336766
0.51259 0.48741 0.00336766 0.00336766
0.51259 0.48741 0.00336766 0.00336766
0.51259 0.48741 0.00336766 0.00336766
0.51259 0.48741 0.00336766 0.00336766
0.51259 0.48741 0.00336766 0.00336766
0.51259 0.48741 0.00336766 0.00336766
0.51259 0.48741 0.00336766 0.00336766
0.51259 0.48741 0.00336766 0.00336766
0.51259 0.48741 0.00336766 0.00336766
0.51259 0.48741 0.00336766 0.00336766
0.51259 0.48741 0.00336766 0.00336766
0.51259 0.48741 0.00336766 0.00336766
0.5126 0.4874 0.00336816 0.00336816
0.5126 0.4874 0.00336816 0.00336816
0.5126 0.4874 0.00336816 0.00336816
0.5126 0.4874 0.00336816 0.00336816
0.51261 0.48739 0.00336719 0.00336719
0.51261 0.48739 0.00336719 0.00336719
0.51261 0.48739 0.00336719 0.00336719
0.51261 0.48739 0.00336719 0.00336719
0.51261 0.48739 0.00336719 0.00336719
0.51261 0.48739 0.00336719 0.00336719
0.51261 0.48739 0.00336719 0.00336719
0.51261 0.48739 0.00336719 0.00336719
0.51261 0.48739 0.00336719 0.00336719
0.51261 0.48739 0.00336719 0.00336719
0.51261 0.48739 0.00336719 0.00336719
0.5126 0.4874 0.00336816 0.00336816
0.5126 0.4874 0.00336816 0.00336816
0.5126 0.4874 0.00336816 0.00336816
0.5126 0.4874 0.00336816 0.00336816
0.5126 0.4874 0.00336816 0.00336816
0.5126 0.4874 0.00336816 0.00336816
0.5126 0.4874 0.00336816 0.00336816
0.5126 0.4874 0.00336816 0.00336816
0.5126 0.4874 0.00336816 0.00336816
0.5126 0.4874 0.00336816 0.00336816
0.5126 0.4874 0.00336816 0.00336816
0.5126 0.4874 0.00336816 0.00336816
0.5126 0.4874 0.00336816 0.00336816
0.5126 0.4874 0.00336816 0.00336816
0.5126 0.4874 0.00336816 0.00336816
0.5126 0.4874 0.00336816 0.00336816
0.5126 0.4874 0.00336816 0.00336816
0.5126 0.4874 0.00336816 0.00336816
0.5126 0.4874 0.00336816 0.00336816
0.5126 0.4874 0.00336816 0.00336816
0.5126 0.4874 0.00336816 0.00336816
0.5126 0.4874 0.00336816 0.00336816
0.5126 0.4874 0.00336816 0.00336816
0.5126 0.4874 0.00336816 0.00336816
0.5126 0.4874 0.00336816 0.00336816
0.5126 0.4874 0.00336816 0.00336816
0.5126 0.4874 0.00336816 0.00336816
0.5126 0.4874 0.00336816 0.00336816
0.5126 0.4874 0.00336816 0.00336816
0.5126 0.4874 0.00336816 0.00336816
0.5126 0.4874 0.00336816 0.00336816
0.5126 0.4874 0.00336816 0.00336816
0.5126 0.4874 0.00336816 0.00336816
