0.49879 0.50121 6.29757e-05 6.29757e-05
0.49755 0.50245 0.000155947 0.000155947
0.49675 0.50325 0.000227341 0.000227341
0.49546 0.50454 0.00034918 0.00034918
0.49453 0.50547 0.000433201 0.000433201
0.49372 0.50628 0.000540971 0.000540971
0.49277 0.50723 0.000635027 0.000635027
0.4926 0.5074 0.00071204 0.00071204
0.49216 0.50784 0.000828459 0.000828459
0.49174 0.50826 0.000910699 0.000910699
0.49174 0.50826 0.000936114 0.000936114
0.49115 0.50885 0.00104892 0.00104892
0.49164 0.50836 0.00108262 0.00108262
0.4915 0.5085 0.00117235 0.00117235
0.49092 0.50908 0.00124272 0.00124272
0.49059 0.50941 0.00134004 0.00134004
0.49014 0.50986 0.00144941 0.00144941
0.49039 0.50961 0.00152614 0.00152614
0.49036 0.50964 0.00159674 0.00159674
0.48983 0.51017 0.00168281 0.00168281
0.48969 0.51031 0.00173165 0.00173165
0.48998 0.51002 0.00176697 0.00176697
0.49 0.51 0.00181343 0.00181343
0.49014 0.50986 0.00187933 0.00187933
0.48964 0.51036 0.00193524 0.00193524
0.48956 0.51044 0.00196043 0.00196043
0.4898 0.5102 0.00197176 0.00197176
0.48962 0.51038 0.00197808 0.00197808
0.48947 0.51053 0.00205181 0.00205181
0.48916 0.51084 0.00205858 0.00205858
0.48909 0.51091 0.0020781 0.0020781
0.48864 0.51136 0.00209393 0.00209393
0.48852 0.51148 0.00210102 0.00210102
0.48848 0.51152 0.00211359 0.00211359
0.48785 0.51215 0.00211465 0.00211465
0.48767 0.51233 0.00216208 0.00216208
0.48772 0.51228 0.00217483 0.00217483
0.48748 0.51252 0.00220595 0.00220595
0.48789 0.51211 0.00220349 0.00220349
0.48736 0.51264 0.00220694 0.00220694
0.48745 0.51255 0.00222896 0.00222896
0.48743 0.51257 0.00223251 0.00223251
0.48748 0.51252 0.00224086 0.00224086
0.48734 0.51266 0.00224213 0.00224213
0.48753 0.51247 0.00226318 0.00226318
0.4875 0.5125 0.00228359 0.00228359
0.48751 0.51249 0.00230878 0.00230878
0.48745 0.51255 0.00232397 0.00232397
0.48743 0.51257 0.00231718 0.00231718
0.48726 0.51274 0.0022952 0.0022952
0.48743 0.51257 0.00232108 0.00232108
0.48753 0.51247 0.0023426 0.0023426
0.48747 0.51253 0.00235124 0.00235124
0.4877 0.5123 0.00235211 0.00235211
0.4877 0.5123 0.00235092 0.00235092
0.48747 0.51253 0.00234763 0.00234763
0.48744 0.51256 0.00238514 0.00238514
0.48736 0.51264 0.00238613 0.00238613
0.48701 0.51299 0.00238229 0.00238229
0.48695 0.51305 0.00239492 0.00239492
0.48714 0.51286 0.00240921 0.00240921
0.48726 0.51274 0.00241724 0.00241724
0.48724 0.51276 0.00242194 0.00242194
0.48715 0.51285 0.00243255 0.00243255
0.48719 0.51281 0.00243828 0.00243828
0.48714 0.51286 0.00243703 0.00243703
0.48713 0.51287 0.00243323 0.00243323
0.48695 0.51305 0.00243312 0.00243312
0.48688 0.51312 0.00244481 0.00244481
0.48677 0.51323 0.0024445 0.0024445
0.48678 0.51322 0.00245173 0.00245173
0.48673 0.51327 0.00246151 0.00246151
0.48672 0.51328 0.00246115 0.00246115
0.4869 0.5131 0.00246449 0.00246449
0.48694 0.51306 0.00248034 0.00248034
0.48689 0.51311 0.0024845 0.0024845
0.487 0.513 0.00249669 0.00249669
0.48701 0.51299 0.00249175 0.00249175
0.48711 0.51289 0.00249685 0.00249685
0.48717 0.51283 0.00249305 0.00249305
0.48716 0.51284 0.00248999 0.00248999
0.4871 0.5129 0.00249369 0.00249369
0.48711 0.51289 0.00249974 0.00249974
0.48697 0.51303 0.00250027 0.00250027
0.48699 0.51301 0.00249811 0.00249811
0.48694 0.51306 0.00249557 0.00249557
0.48686 0.51314 0.00250026 0.00250026
0.48685 0.51315 0.002495 0.002495
0.48685 0.51315 0.00250023 0.00250023
0.48692 0.51308 0.0025006 0.0025006
0.48689 0.51311 0.00249673 0.00249673
0.48687 0.51313 0.00249979 0.00249979
0.48675 0.51325 0.00249815 0.00249815
0.48672 0.51328 0.00249424 0.00249424
0.48675 0.51325 0.00249649 0.00249649
0.48674 0.51326 0.00248615 0.00248615
0.48674 0.51326 0.00249514 0.00249514
0.48668 0.51332 0.00250135 0.00250135
0.48674 0.51326 0.00251371 0.00251371
0.48677 0.51323 0.00250234 0.00250234
0.48678 0.51322 0.00249882 0.00249882
0.48675 0.51325 0.00249752 0.00249752
0.48682 0.51318 0.00249993 0.00249993
0.48686 0.51314 0.00249232 0.00249232
0.48689 0.51311 0.00249046 0.00249046
0.48686 0.51314 0.00249776 0.00249776
0.48684 0.51316 0.00250337 0.00250337
0.4869 0.5131 0.00250187 0.00250187
0.48693 0.51307 0.00250354 0.00250354
0.48698 0.51302 0.00250097 0.00250097
0.4869 0.5131 0.00250714 0.00250714
0.48684 0.51316 0.00252117 0.00252117
0.48679 0.51321 0.00252287 0.00252287
0.48679 0.51321 0.00252089 0.00252089
0.48685 0.51315 0.00252453 0.00252453
0.48679 0.51321 0.00252924 0.00252924
0.48668 0.51332 0.00252442 0.00252442
0.48665 0.51335 0.0025269 0.0025269
0.48668 0.51332 0.00253434 0.00253434
0.48667 0.51333 0.00253582 0.00253582
0.48665 0.51335 0.00253425 0.00253425
0.48666 0.51334 0.00252661 0.00252661
0.48669 0.51331 0.00252001 0.00252001
0.48672 0.51328 0.00252089 0.00252089
0.48673 0.51327 0.00252196 0.00252196
0.48675 0.51325 0.00252197 0.00252197
0.48668 0.51332 0.00251982 0.00251982
0.48667 0.51333 0.00251612 0.00251612
0.4867 0.5133 0.00251375 0.00251375
0.48673 0.51327 0.00251891 0.00251891
0.4867 0.5133 0.00252377 0.00252377
0.48674 0.51326 0.00252419 0.00252419
0.48672 0.51328 0.00252374 0.00252374
0.48672 0.51328 0.00252453 0.00252453
0.48675 0.51325 0.0025254 0.0025254
0.48676 0.51324 0.00252829 0.00252829
0.48676 0.51324 0.00253047 0.00253047
0.48674 0.51326 0.00252955 0.00252955
0.48674 0.51326 0.0025285 0.0025285
0.48674 0.51326 0.00253074 0.00253074
0.4867 0.5133 0.00253124 0.00253124
0.48666 0.51334 0.00252986 0.00252986
0.48667 0.51333 0.00252875 0.00252875
0.48669 0.51331 0.00253199 0.00253199
0.48669 0.51331 0.00253121 0.00253121
0.48669 0.51331 0.00253407 0.00253407
0.4867 0.5133 0.00253229 0.00253229
0.48673 0.51327 0.00253171 0.00253171
0.48673 0.51327 0.00253751 0.00253751
0.48672 0.51328 0.00253574 0.00253574
0.48672 0.51328 0.00253598 0.00253598
0.48673 0.51327 0.00253452 0.00253452
0.4867 0.5133 0.00253542 0.00253542
0.48674 0.51326 0.00253678 0.00253678
0.48673 0.51327 0.00253519 0.00253519
0.4867 0.5133 0.00253518 0.00253518
0.4867 0.5133 0.00253623 0.00253623
0.4867 0.5133 0.00253557 0.00253557
0.48668 0.51332 0.00253303 0.00253303
0.48669 0.51331 0.00253131 0.00253131
0.48665 0.51335 0.00252916 0.00252916
0.48664 0.51336 0.00253027 0.00253027
0.4867 0.5133 0.00253138 0.00253138
0.4867 0.5133 0.00253138 0.00253138
0.4867 0.5133 0.00253159 0.00253159
0.48668 0.51332 0.00253268 0.00253268
0.4867 0.5133 0.00253284 0.00253284
0.4867 0.5133 0.00253502 0.00253502
0.4867 0.5133 0.00253478 0.00253478
0.4867 0.5133 0.00253561 0.00253561
0.48669 0.51331 0.00253363 0.00253363
0.48671 0.51329 0.00253405 0.00253405
0.48672 0.51328 0.00253331 0.00253331
0.48672 0.51328 0.00253105 0.00253105
0.48672 0.51328 0.00253247 0.00253247
0.48673 0.51327 0.00253519 0.00253519
0.48674 0.51326 0.00253286 0.00253286
0.48669 0.51331 0.00253488 0.00253488
0.48669 0.51331 0.00253569 0.00253569
0.48669 0.51331 0.00253565 0.00253565
0.48669 0.51331 0.00253565 0.00253565
0.48669 0.51331 0.00253775 0.00253775
0.48666 0.51334 0.00253705 0.00253705
0.48665 0.51335 0.00253785 0.00253785
0.48665 0.51335 0.00253779 0.00253779
0.48664 0.51336 0.0025386 0.0025386
0.48665 0.51335 0.00253779 0.00253779
0.48666 0.51334 0.00253556 0.00253556
0.48666 0.51334 0.00253546 0.00253546
0.48664 0.51336 0.00253627 0.00253627
0.48663 0.51337 0.00253912 0.00253912
0.48662 0.51338 0.00253931 0.00253931
0.48665 0.51335 0.00253912 0.00253912
0.48667 0.51333 0.00253974 0.00253974
0.48669 0.51331 0.00253886 0.00253886
0.48668 0.51332 0.00253765 0.00253765
0.4867 0.5133 0.00253524 0.00253524
0.48672 0.51328 0.00253717 0.00253717
0.48669 0.51331 0.00253725 0.00253725
0.48667 0.51333 0.00253655 0.00253655
0.48669 0.51331 0.00253541 0.00253541
0.48671 0.51329 0.00253536 0.00253536
0.48673 0.51327 0.00253478 0.00253478
0.48673 0.51327 0.00253448 0.00253448
0.48674 0.51326 0.00253448 0.00253448
0.48675 0.51325 0.00253447 0.00253447
0.48674 0.51326 0.00253502 0.00253502
0.48674 0.51326 0.00253331 0.00253331
0.48673 0.51327 0.00253788 0.00253788
0.48672 0.51328 0.00253788 0.00253788
0.48672 0.51328 0.00253865 0.00253865
0.48672 0.51328 0.00253875 0.00253875
0.48673 0.51327 0.0025378 0.0025378
0.48674 0.51326 0.0025383 0.0025383
0.48674 0.51326 0.00253684 0.00253684
0.48676 0.51324 0.00253538 0.00253538
0.48677 0.51323 0.00253523 0.00253523
0.48679 0.51321 0.00253445 0.00253445
0.48678 0.51322 0.00253433 0.00253433
0.48677 0.51323 0.00253527 0.00253527
0.48676 0.51324 0.00253542 0.00253542
0.48677 0.51323 0.00253553 0.00253553
0.48677 0.51323 0.00253553 0.00253553
0.48676 0.51324 0.00253633 0.00253633
0.48675 0.51325 0.00253682 0.00253682
0.48675 0.51325 0.00253669 0.00253669
0.48675 0.51325 0.00253669 0.00253669
0.48675 0.51325 0.00253669 0.00253669
0.48673 0.51327 0.002536 0.002536
0.48673 0.51327 0.002536 0.002536
0.48673 0.51327 0.00253588 0.00253588
0.48673 0.51327 0.00253588 0.00253588
0.48672 0.51328 0.00253416 0.00253416
0.48672 0.51328 0.00253416 0.00253416
0.48673 0.51327 0.00253418 0.00253418
0.48673 0.51327 0.00253474 0.00253474
0.48673 0.51327 0.00253474 0.00253474
0.48673 0.51327 0.00253474 0.00253474
0.48673 0.51327 0.00253474 0.00253474
0.48672 0.51328 0.00253538 0.00253538
0.48672 0.51328 0.00253538 0.00253538
0.48671 0.51329 0.00253536 0.00253536
0.48671 0.51329 0.00253536 0.00253536
0.4867 0.5133 0.0025371 0.0025371
0.48669 0.51331 0.00253787 0.00253787
0.4867 0.5133 0.00253849 0.00253849
0.4867 0.5133 0.00253849 0.00253849
0.48671 0.51329 0.00253918 0.00253918
0.48671 0.51329 0.00253918 0.00253918
0.48669 0.51331 0.00253838 0.00253838
0.48672 0.51328 0.00253766 0.00253766
0.48672 0.51328 0.00253766 0.00253766
0.48672 0.51328 0.00253705 0.00253705
0.48672 0.51328 0.00253705 0.00253705
0.48672 0.51328 0.00253705 0.00253705
0.48673 0.51327 0.00253707 0.00253707
0.48673 0.51327 0.00253707 0.00253707
0.48673 0.51327 0.00253707 0.00253707
0.48674 0.51326 0.00253533 0.00253533
0.48672 0.51328 0.00253529 0.00253529
0.48672 0.51328 0.00253529 0.00253529
0.48672 0.51328 0.00253529 0.00253529
0.48672 0.51328 0.00253529 0.00253529
0.48672 0.51328 0.00253529 0.00253529
0.4867 0.5133 0.00253607 0.00253607
0.4867 0.5133 0.00253607 0.00253607
0.48669 0.51331 0.00253864 0.00253864
0.48669 0.51331 0.00253864 0.00253864
0.48669 0.51331 0.00253864 0.00253864
0.48669 0.51331 0.00253678 0.00253678
0.48669 0.51331 0.00253678 0.00253678
0.48668 0.51332 0.00253668 0.00253668
0.48668 0.51332 0.00253668 0.00253668
0.48668 0.51332 0.00253668 0.00253668
0.48668 0.51332 0.00253668 0.00253668
0.48669 0.51331 0.0025367 0.0025367
0.48669 0.51331 0.0025367 0.0025367
0.4867 0.5133 0.0025367 0.0025367
0.4867 0.5133 0.0025367 0.0025367
0.48672 0.51328 0.00253669 0.00253669
0.48671 0.51329 0.00253732 0.00253732
0.48671 0.51329 0.00253732 0.00253732
0.4867 0.5133 0.00253732 0.00253732
0.4867 0.5133 0.00253732 0.00253732
0.4867 0.5133 0.00253732 0.00253732
0.48671 0.51329 0.00253558 0.00253558
0.48671 0.51329 0.00253538 0.00253538
0.48671 0.51329 0.00253538 0.00253538
0.48673 0.51327 0.00253414 0.00253414
0.48673 0.51327 0.00253434 0.00253434
0.48672 0.51328 0.00253632 0.00253632
0.48672 0.51328 0.00253632 0.00253632
0.48673 0.51327 0.00253434 0.00253434
0.48673 0.51327 0.00253434 0.00253434
0.48672 0.51328 0.00253568 0.00253568
0.48672 0.51328 0.00253568 0.00253568
0.48673 0.51327 0.00253567 0.00253567
0.48673 0.51327 0.00253491 0.00253491
0.48673 0.51327 0.00253491 0.00253491
0.48673 0.51327 0.00253491 0.00253491
0.48671 0.51329 0.00253409 0.00253409
0.48669 0.51331 0.00253484 0.00253484
0.4867 0.5133 0.00253546 0.00253546
0.4867 0.5133 0.00253546 0.00253546
0.4867 0.5133 0.00253546 0.00253546
0.4867 0.5133 0.00253546 0.00253546
0.4867 0.5133 0.00253546 0.00253546
0.4867 0.5133 0.00253546 0.00253546
0.48669 0.51331 0.00253484 0.00253484
0.4867 0.5133 0.00253486 0.00253486
0.48669 0.51331 0.00253484 0.00253484
0.48669 0.51331 0.00253484 0.00253484
0.4867 0.5133 0.00253484 0.00253484
0.4867 0.5133 0.00253484 0.00253484
0.48671 0.51329 0.00253504 0.00253504
0.48671 0.51329 0.00253504 0.00253504
0.48671 0.51329 0.00253504 0.00253504
0.48671 0.51329 0.00253504 0.00253504
0.4867 0.5133 0.00253504 0.00253504
0.4867 0.5133 0.00253504 0.00253504
0.48669 0.51331 0.00253484 0.00253484
0.48669 0.51331 0.00253484 0.00253484
0.48669 0.51331 0.00253484 0.00253484
0.48669 0.51331 0.00253484 0.00253484
0.48669 0.51331 0.00253484 0.00253484
0.48669 0.51331 0.00253484 0.00253484
0.48669 0.51331 0.00253484 0.00253484
0.48669 0.51331 0.00253484 0.00253484
0.48669 0.51331 0.00253484 0.00253484
0.48669 0.51331 0.00253484 0.00253484
0.48669 0.51331 0.00253484 0.00253484
0.48669 0.51331 0.00253484 0.00253484
0.48669 0.51331 0.00253484 0.00253484
0.48668 0.51332 0.00253658 0.00253658
0.48668 0.51332 0.00253658 0.00253658
0.48668 0.51332 0.00253658 0.00253658
0.48668 0.51332 0.00253658 0.00253658
0.48668 0.51332 0.00253658 0.00253658
0.48668 0.51332 0.00253658 0.00253658
0.48668 0.51332 0.00253658 0.00253658
0.48668 0.51332 0.00253658 0.00253658
0.48668 0.51332 0.00253658 0.00253658
0.48668 0.51332 0.00253658 0.00253658
0.48668 0.51332 0.00253658 0.00253658
0.48668 0.51332 0.00253658 0.00253658
0.48668 0.51332 0.00253658 0.00253658
0.48668 0.51332 0.00253658 0.00253658
0.48669 0.51331 0.00253721 0.00253721
0.48668 0.51332 0.00253658 0.00253658
0.48669 0.51331 0.00253595 0.00253595
0.48669 0.51331 0.00253595 0.00253595
0.48669 0.51331 0.00253595 0.00253595
0.48669 0.51331 0.00253595 0.00253595
0.48669 0.51331 0.00253595 0.00253595
0.48669 0.51331 0.00253595 0.00253595
0.48669 0.51331 0.00253595 0.00253595
0.48669 0.51331 0.00253595 0.00253595
0.48669 0.51331 0.00253595 0.00253595
0.48669 0.51331 0.00253595 0.00253595
0.48669 0.51331 0.00253595 0.00253595
0.48669 0.51331 0.00253797 0.00253797
0.48667 0.51333 0.00254059 0.00254059
0.48667 0.51333 0.00254059 0.00254059
0.48668 0.51332 0.00253919 0.00253919
0.48668 0.51332 0.00253919 0.00253919
0.48668 0.51332 0.00253919 0.00253919
0.48668 0.51332 0.00253919 0.00253919
0.48668 0.51332 0.00253919 0.00253919
0.48669 0.51331 0.00253856 0.00253856
0.48669 0.51331 0.00253856 0.00253856
0.48669 0.51331 0.00253856 0.00253856
0.48669 0.51331 0.00253856 0.00253856
0.48669 0.51331 0.00253856 0.00253856
0.4867 0.5133 0.00253682 0.00253682
0.48669 0.51331 0.0025362 0.0025362
0.48668 0.51332 0.00253759 0.00253759
0.48668 0.51332 0.00253759 0.00253759
0.48668 0.51332 0.00253759 0.00253759
0.48668 0.51332 0.00253759 0.00253759
0.48668 0.51332 0.00253759 0.00253759
0.48668 0.51332 0.00253759 0.00253759
0.48668 0.51332 0.00253759 0.00253759
0.48668 0.51332 0.00253759 0.00253759
0.48668 0.51332 0.00253759 0.00253759
0.48668 0.51332 0.00253759 0.00253759
0.48668 0.51332 0.00253759 0.00253759
0.48668 0.51332 0.00253759 0.00253759
0.48668 0.51332 0.00253759 0.00253759
0.48668 0.51332 0.00253759 0.00253759
0.48668 0.51332 0.00253759 0.00253759
0.48668 0.51332 0.00253759 0.00253759
0.48668 0.51332 0.00253759 0.00253759
0.48667 0.51333 0.0025375 0.0025375
0.48668 0.51332 0.00253812 0.00253812
0.48668 0.51332 0.00253812 0.00253812
0.48668 0.51332 0.00253812 0.00253812
0.48666 0.51334 0.00253758 0.00253758
0.48666 0.51334 0.00253758 0.00253758
0.48667 0.51333 0.00253768 0.00253768
0.48667 0.51333 0.00253768 0.00253768
0.48667 0.51333 0.00253768 0.00253768
0.48667 0.51333 0.00253768 0.00253768
0.48667 0.51333 0.00253768 0.00253768
0.48667 0.51333 0.00253768 0.00253768
0.48668 0.51332 0.00253759 0.00253759
0.48668 0.51332 0.00253759 0.00253759
0.48668 0.51332 0.00253759 0.00253759
0.48668 0.51332 0.00253759 0.00253759
0.48668 0.51332 0.00253759 0.00253759
0.48668 0.51332 0.00253759 0.00253759
0.48668 0.51332 0.00253759 0.00253759
0.48669 0.51331 0.00253561 0.00253561
0.48669 0.51331 0.00253561 0.00253561
0.48669 0.51331 0.00253561 0.00253561
0.48669 0.51331 0.00253561 0.00253561
0.4867 0.5133 0.00253623 0.00253623
0.4867 0.5133 0.00253623 0.00253623
0.4867 0.5133 0.00253623 0.00253623
0.4867 0.5133 0.00253623 0.00253623
0.48668 0.51332 0.00253759 0.00253759
0.48668 0.51332 0.00253759 0.00253759
0.48668 0.51332 0.00253759 0.00253759
0.48668 0.51332 0.00253759 0.00253759
0.48668 0.51332 0.00253759 0.00253759
0.48668 0.51332 0.00253759 0.00253759
0.48668 0.51332 0.00253759 0.00253759
0.48668 0.51332 0.00253759 0.00253759
0.48669 0.51331 0.00253561 0.00253561
0.48669 0.51331 0.00253561 0.00253561
0.48669 0.51331 0.00253561 0.00253561
0.48669 0.51331 0.00253561 0.00253561
0.48669 0.51331 0.00253561 0.00253561
0.48669 0.51331 0.00253561 0.00253561
0.48668 0.51332 0.00253735 0.00253735
0.48668 0.51332 0.00253735 0.00253735
0.48668 0.51332 0.00253735 0.00253735
0.48669 0.51331 0.00253797 0.00253797
0.48669 0.51331 0.00253797 0.00253797
0.48669 0.51331 0.00253797 0.00253797
0.48669 0.51331 0.00253797 0.00253797
0.48668 0.51332 0.00253996 0.00253996
0.48668 0.51332 0.00253996 0.00253996
0.48668 0.51332 0.00253996 0.00253996
0.48669 0.51331 0.00253822 0.00253822
0.48669 0.51331 0.00253822 0.00253822
0.48669 0.51331 0.00254048 0.00254048
0.48669 0.51331 0.00254048 0.00254048
0.48669 0.51331 0.00254048 0.00254048
0.48668 0.51332 0.00254056 0.00254056
0.48668 0.51332 0.00254056 0.00254056
0.48668 0.51332 0.00254056 0.00254056
0.48668 0.51332 0.00254056 0.00254056
0.48668 0.51332 0.00254056 0.00254056
0.48669 0.51331 0.00254048 0.00254048
0.48669 0.51331 0.00254048 0.00254048
0.48669 0.51331 0.00254048 0.00254048
0.48669 0.51331 0.00254048 0.00254048
0.48669 0.51331 0.00254048 0.00254048
0.48669 0.51331 0.00254048 0.00254048
0.48669 0.51331 0.00254048 0.00254048
0.48669 0.51331 0.00254048 0.00254048
0.48669 0.51331 0.00254048 0.00254048
0.48669 0.51331 0.00254048 0.00254048
0.48669 0.51331 0.00254048 0.00254048
0.48669 0.51331 0.00254048 0.00254048
0.48669 0.51331 0.00254048 0.00254048
0.48669 0.51331 0.00254048 0.00254048
0.4867 0.5133 0.00253874 0.00253874
0.4867 0.5133 0.00253874 0.00253874
0.4867 0.5133 0.00253874 0.00253874
0.4867 0.5133 0.00253874 0.00253874
0.4867 0.5133 0.00253874 0.00253874
0.4867 0.5133 0.00253874 0.00253874
0.4867 0.5133 0.00253874 0.00253874
0.4867 0.5133 0.00253874 0.00253874
0.4867 0.5133 0.00253874 0.00253874
0.4867 0.5133 0.00253874 0.00253874
0.4867 0.5133 0.00253874 0.00253874
0.4867 0.5133 0.00253874 0.00253874
0.4867 0.5133 0.00253874 0.00253874
0.4867 0.5133 0.00253874 0.00253874
0.4867 0.5133 0.00253874 0.00253874
0.48669 0.51331 0.00253882 0.00253882
0.48669 0.51331 0.00253882 0.00253882
0.48669 0.51331 0.00253882 0.00253882
0.48669 0.51331 0.00253882 0.00253882
0.48669 0.51331 0.00253882 0.00253882
0.48669 0.51331 0.00253882 0.00253882
0.48669 0.51331 0.00253882 0.00253882
0.48669 0.51331 0.00253882 0.00253882
0.48669 0.51331 0.00253882 0.00253882
0.48669 0.51331 0.00253882 0.00253882
0.48669 0.51331 0.00253882 0.00253882
0.48669 0.51331 0.00253882 0.00253882
0.48669 0.51331 0.00253882 0.00253882
0.48669 0.51331 0.00253882 0.00253882
0.48669 0.51331 0.00253882 0.00253882
0.48669 0.51331 0.00253882 0.00253882
0.48669 0.51331 0.00253882 0.00253882
0.48669 0.51331 0.00253882 0.00253882
