0.1828 0.8172 4.73535e-05 4.73535e-05
0.16741 0.83259 0.000153719 0.000153719
0.1531 0.8469 0.000323101 0.000323101
0.14046 0.85954 0.000497503 0.000497503
0.12835 0.87165 0.000653866 0.000653866
0.11854 0.88146 0.000776998 0.000776998
0.10907 0.89093 0.000930611 0.000930611
0.10141 0.89859 0.00110792 0.00110792
0.09393 0.90607 0.0012996 0.0012996
0.08706 0.91294 0.00147646 0.00147646
0.08045 0.91955 0.00165098 0.00165098
0.07489 0.92511 0.00181782 0.00181782
0.07012 0.92988 0.00197516 0.00197516
0.06606 0.93394 0.00207606 0.00207606
0.06253 0.93747 0.00222177 0.00222177
0.05823 0.94177 0.00220311 0.00220311
0.05474 0.94526 0.00222448 0.00222448
0.05129 0.94871 0.00227492 0.00227492
0.04845 0.95155 0.00230526 0.00230526
0.04561 0.95439 0.00237873 0.00237873
0.04289 0.95711 0.00225656 0.00225656
0.04044 0.95956 0.00216795 0.00216795
0.03794 0.96206 0.00209383 0.00209383
0.03586 0.96414 0.00203503 0.00203503
0.03417 0.96583 0.00197592 0.00197592
0.03232 0.96768 0.00189769 0.00189769
0.03042 0.96958 0.00178231 0.00178231
0.02855 0.97145 0.00165461 0.00165461
0.02693 0.97307 0.00155435 0.00155435
0.02524 0.97476 0.00141289 0.00141289
0.02371 0.97629 0.00129075 0.00129075
0.0223 0.9777 0.0012128 0.0012128
0.02114 0.97886 0.00115275 0.00115275
0.01982 0.98018 0.00104243 0.00104243
0.01881 0.98119 0.000972378 0.000972378
0.01767 0.98233 0.000886769 0.000886769
0.01681 0.98319 0.000830681 0.000830681
0.01582 0.98418 0.000765321 0.000765321
0.01493 0.98507 0.000698349 0.000698349
0.0142 0.9858 0.000650687 0.000650687
0.01354 0.98646 0.000618897 0.000618897
0.01296 0.98704 0.000579352 0.000579352
0.01233 0.98767 0.000533759 0.000533759
0.0117 0.9883 0.000497889 0.000497889
0.01111 0.98889 0.000459513 0.000459513
0.01064 0.98936 0.000434455 0.000434455
0.0101 0.9899 0.000391687 0.000391687
0.00964 0.99036 0.000363667 0.000363667
0.00919 0.99081 0.00034157 0.00034157
0.00875 0.99125 0.000315765 0.000315765
0.00844 0.99156 0.000291097 0.000291097
0.00805 0.99195 0.00026922 0.00026922
0.00782 0.99218 0.000255321 0.000255321
0.00756 0.99244 0.000237501 0.000237501
0.00728 0.99272 0.000227315 0.000227315
0.007 0.993 0.000214768 0.000214768
0.00676 0.99324 0.00020079 0.00020079
0.00652 0.99348 0.00019106 0.00019106
0.00638 0.99362 0.000185268 0.000185268
0.00614 0.99386 0.000173071 0.000173071
0.006 0.994 0.000165657 0.000165657
0.0059 0.9941 0.00016399 0.00016399
0.00572 0.99428 0.000154992 0.000154992
0.00559 0.99441 0.000149598 0.000149598
0.00545 0.99455 0.000140856 0.000140856
0.00525 0.99475 0.000131503 0.000131503
0.00505 0.99495 0.000123705 0.000123705
0.0049 0.9951 0.000115222 0.000115222
0.00478 0.99522 0.000109992 0.000109992
0.00466 0.99534 0.000106126 0.000106126
0.00464 0.99536 0.000106374 0.000106374
0.00451 0.99549 9.91615e-05 9.91615e-05
0.00444 0.99556 9.5259e-05 9.5259e-05
0.0044 0.9956 9.56566e-05 9.56566e-05
0.00424 0.99576 8.80024e-05 8.80024e-05
0.00409 0.99591 8.07898e-05 8.07898e-05
0.00405 0.99595 7.99874e-05 7.99874e-05
0.004 0.996 7.92929e-05 7.92929e-05
0.00395 0.99605 7.73207e-05 7.73207e-05
0.00391 0.99609 7.65676e-05 7.65676e-05
0.00384 0.99616 7.37923e-05 7.37923e-05
0.00379 0.99621 7.15413e-05 7.15413e-05
0.00373 0.99627 6.90072e-05 6.90072e-05
0.00364 0.99636 6.4859e-05 6.4859e-05
0.00359 0.99641 6.42241e-05 6.42241e-05
0.00358 0.99642 6.36198e-05 6.36198e-05
0.00352 0.99648 6.14238e-05 6.14238e-05
0.00354 0.99646 6.24731e-05 6.24731e-05
0.00347 0.99653 6.10799e-05 6.10799e-05
0.0034 0.9966 5.83434e-05 5.83434e-05
0.00335 0.99665 5.70379e-05 5.70379e-05
0.00333 0.99667 5.64658e-05 5.64658e-05
0.0033 0.9967 5.4899e-05 5.4899e-05
0.00329 0.99671 5.41676e-05 5.41676e-05
0.00328 0.99672 5.4042e-05 5.4042e-05
0.0033 0.9967 5.5e-05 5.5e-05
0.00326 0.99674 5.30832e-05 5.30832e-05
0.00324 0.99676 5.24267e-05 5.24267e-05
0.00321 0.99679 5.13191e-05 5.13191e-05
0.00317 0.99683 5.02839e-05 5.02839e-05
0.00317 0.99683 5.02637e-05 5.02637e-05
0.00313 0.99687 4.90637e-05 4.90637e-05
0.00309 0.99691 4.82443e-05 4.82443e-05
0.00306 0.99694 4.71277e-05 4.71277e-05
0.00305 0.99695 4.65732e-05 4.65732e-05
0.00306 0.99694 4.6764e-05 4.6764e-05
0.00307 0.99693 4.73183e-05 4.73183e-05
0.00304 0.99696 4.66651e-05 4.66651e-05
0.00303 0.99697 4.59284e-05 4.59284e-05
0.00301 0.99699 4.53029e-05 4.53029e-05
0.00299 0.99701 4.4414e-05 4.4414e-05
0.00297 0.99703 4.42516e-05 4.42516e-05
0.00296 0.99704 4.4059e-05 4.4059e-05
0.00296 0.99704 4.40388e-05 4.40388e-05
0.00296 0.99704 4.40388e-05 4.40388e-05
0.00296 0.99704 4.37964e-05 4.37964e-05
0.00292 0.99708 4.24986e-05 4.24986e-05
0.00291 0.99709 4.22847e-05 4.22847e-05
0.00291 0.99709 4.22847e-05 4.22847e-05
0.00292 0.99708 4.2438e-05 4.2438e-05
0.0029 0.9971 4.17879e-05 4.17879e-05
0.00289 0.99711 4.16342e-05 4.16342e-05
0.00287 0.99713 4.12658e-05 4.12658e-05
0.00286 0.99714 4.09701e-05 4.09701e-05
0.00284 0.99716 4.10246e-05 4.10246e-05
0.00284 0.99716 4.10246e-05 4.10246e-05
0.00283 0.99717 4.09102e-05 4.09102e-05
0.00283 0.99717 4.09102e-05 4.09102e-05
0.00284 0.99716 4.11055e-05 4.11055e-05
0.00286 0.99714 4.15156e-05 4.15156e-05
0.00285 0.99715 4.13409e-05 4.13409e-05
0.00285 0.99715 4.13409e-05 4.13409e-05
0.00284 0.99716 4.10448e-05 4.10448e-05
0.00284 0.99716 4.10448e-05 4.10448e-05
0.00283 0.99717 4.1092e-05 4.1092e-05
0.00283 0.99717 4.1092e-05 4.1092e-05
0.00282 0.99718 4.0937e-05 4.0937e-05
0.00281 0.99719 4.06605e-05 4.06605e-05
0.00282 0.99718 4.0836e-05 4.0836e-05
0.00281 0.99719 4.05191e-05 4.05191e-05
0.0028 0.9972 4.03434e-05 4.03434e-05
0.0028 0.9972 4.04646e-05 4.04646e-05
0.00279 0.99721 4.0208e-05 4.0208e-05
0.0028 0.9972 4.0404e-05 4.0404e-05
0.00279 0.99721 4.00666e-05 4.00666e-05
0.0028 0.9972 4.0404e-05 4.0404e-05
0.0028 0.9972 4.0404e-05 4.0404e-05
0.0028 0.9972 4.0404e-05 4.0404e-05
0.00281 0.99719 4.06605e-05 4.06605e-05
0.00281 0.99719 4.06605e-05 4.06605e-05
0.0028 0.9972 4.01212e-05 4.01212e-05
0.00278 0.99722 3.94663e-05 3.94663e-05
0.00277 0.99723 3.95122e-05 3.95122e-05
0.00277 0.99723 3.95122e-05 3.95122e-05
0.00277 0.99723 3.95122e-05 3.95122e-05
0.00276 0.99724 3.91741e-05 3.91741e-05
0.00275 0.99725 3.88561e-05 3.88561e-05
0.00275 0.99725 3.88561e-05 3.88561e-05
0.00275 0.99725 3.88561e-05 3.88561e-05
0.00275 0.99725 3.88561e-05 3.88561e-05
0.00276 0.99724 3.89519e-05 3.89519e-05
0.00275 0.99725 3.87753e-05 3.87753e-05
0.00275 0.99725 3.87753e-05 3.87753e-05
0.00275 0.99725 3.87753e-05 3.87753e-05
0.00276 0.99724 3.93358e-05 3.93358e-05
0.00276 0.99724 3.93358e-05 3.93358e-05
0.00275 0.99725 3.92399e-05 3.92399e-05
0.00276 0.99724 3.93358e-05 3.93358e-05
0.00276 0.99724 3.93358e-05 3.93358e-05
0.00275 0.99725 3.87753e-05 3.87753e-05
0.00275 0.99725 3.87753e-05 3.87753e-05
0.00274 0.99726 3.86792e-05 3.86792e-05
0.00273 0.99727 3.86031e-05 3.86031e-05
0.00272 0.99728 3.84461e-05 3.84461e-05
0.00272 0.99728 3.84461e-05 3.84461e-05
0.00272 0.99728 3.84461e-05 3.84461e-05
0.0027 0.9973 3.81515e-05 3.81515e-05
0.0027 0.9973 3.81515e-05 3.81515e-05
0.0027 0.9973 3.81515e-05 3.81515e-05
0.0027 0.9973 3.81515e-05 3.81515e-05
0.0027 0.9973 3.81515e-05 3.81515e-05
0.00269 0.99731 3.78524e-05 3.78524e-05
0.00269 0.99731 3.78524e-05 3.78524e-05
0.00269 0.99731 3.78524e-05 3.78524e-05
0.00271 0.99729 3.81878e-05 3.81878e-05
0.00272 0.99728 3.82642e-05 3.82642e-05
0.00272 0.99728 3.82642e-05 3.82642e-05
0.00271 0.99729 3.81878e-05 3.81878e-05
0.0027 0.9973 3.80303e-05 3.80303e-05
0.0027 0.9973 3.80303e-05 3.80303e-05
0.00269 0.99731 3.77312e-05 3.77312e-05
0.00269 0.99731 3.77312e-05 3.77312e-05
0.00269 0.99731 3.77312e-05 3.77312e-05
0.00268 0.99732 3.76945e-05 3.76945e-05
0.00269 0.99731 3.82565e-05 3.82565e-05
0.00269 0.99731 3.82565e-05 3.82565e-05
0.00268 0.99732 3.76945e-05 3.76945e-05
0.00268 0.99732 3.76945e-05 3.76945e-05
0.00268 0.99732 3.76945e-05 3.76945e-05
0.00269 0.99731 3.79938e-05 3.79938e-05
0.00269 0.99731 3.79938e-05 3.79938e-05
0.00269 0.99731 3.79938e-05 3.79938e-05
0.00268 0.99732 3.76541e-05 3.76541e-05
0.00268 0.99732 3.76541e-05 3.76541e-05
0.00268 0.99732 3.76541e-05 3.76541e-05
0.00267 0.99733 3.76981e-05 3.76981e-05
0.00267 0.99733 3.76981e-05 3.76981e-05
0.00267 0.99733 3.76981e-05 3.76981e-05
0.00267 0.99733 3.76981e-05 3.76981e-05
0.00267 0.99733 3.76981e-05 3.76981e-05
0.00267 0.99733 3.76981e-05 3.76981e-05
0.00267 0.99733 3.76981e-05 3.76981e-05
0.00267 0.99733 3.76981e-05 3.76981e-05
0.00266 0.99734 3.73984e-05 3.73984e-05
0.00266 0.99734 3.73984e-05 3.73984e-05
0.00266 0.99734 3.73984e-05 3.73984e-05
0.00266 0.99734 3.73984e-05 3.73984e-05
0.00266 0.99734 3.73984e-05 3.73984e-05
0.00266 0.99734 3.73984e-05 3.73984e-05
0.00265 0.99735 3.68763e-05 3.68763e-05
0.00265 0.99735 3.68763e-05 3.68763e-05
0.00265 0.99735 3.68763e-05 3.68763e-05
0.00265 0.99735 3.68763e-05 3.68763e-05
0.00264 0.99736 3.66974e-05 3.66974e-05
0.00264 0.99736 3.66974e-05 3.66974e-05
0.00264 0.99736 3.66974e-05 3.66974e-05
0.00264 0.99736 3.66974e-05 3.66974e-05
0.00264 0.99736 3.66974e-05 3.66974e-05
0.00264 0.99736 3.66974e-05 3.66974e-05
0.00264 0.99736 3.66974e-05 3.66974e-05
0.00264 0.99736 3.66974e-05 3.66974e-05
0.00265 0.99735 3.68763e-05 3.68763e-05
0.00265 0.99735 3.68763e-05 3.68763e-05
0.00265 0.99735 3.68763e-05 3.68763e-05
0.00265 0.99735 3.68763e-05 3.68763e-05
0.00265 0.99735 3.68763e-05 3.68763e-05
0.00265 0.99735 3.68763e-05 3.68763e-05
0.00265 0.99735 3.68763e-05 3.68763e-05
0.00265 0.99735 3.68763e-05 3.68763e-05
0.00265 0.99735 3.68763e-05 3.68763e-05
0.00265 0.99735 3.68763e-05 3.68763e-05
0.00265 0.99735 3.68763e-05 3.68763e-05
0.00265 0.99735 3.68763e-05 3.68763e-05
0.00265 0.99735 3.68763e-05 3.68763e-05
0.00265 0.99735 3.68763e-05 3.68763e-05
0.00265 0.99735 3.68763e-05 3.68763e-05
0.00265 0.99735 3.68763e-05 3.68763e-05
0.00265 0.99735 3.68763e-05 3.68763e-05
0.00265 0.99735 3.68763e-05 3.68763e-05
0.00265 0.99735 3.68763e-05 3.68763e-05
0.00264 0.99736 3.66974e-05 3.66974e-05
0.00264 0.99736 3.66974e-05 3.66974e-05
0.00264 0.99736 3.66974e-05 3.66974e-05
0.00264 0.99736 3.66974e-05 3.66974e-05
0.00264 0.99736 3.66974e-05 3.66974e-05
0.00264 0.99736 3.66974e-05 3.66974e-05
0.00263 0.99737 3.66395e-05 3.66395e-05
0.00263 0.99737 3.66395e-05 3.66395e-05
0.00263 0.99737 3.66395e-05 3.66395e-05
0.00263 0.99737 3.66395e-05 3.66395e-05
0.00263 0.99737 3.66395e-05 3.66395e-05
0.00263 0.99737 3.66395e-05 3.66395e-05
0.00263 0.99737 3.66395e-05 3.66395e-05
0.00263 0.99737 3.66395e-05 3.66395e-05
0.00263 0.99737 3.66395e-05 3.66395e-05
0.00262 0.99738 3.66016e-05 3.66016e-05
0.00262 0.99738 3.66016e-05 3.66016e-05
0.00262 0.99738 3.66016e-05 3.66016e-05
0.00262 0.99738 3.66016e-05 3.66016e-05
0.00262 0.99738 3.66016e-05 3.66016e-05
0.00262 0.99738 3.66016e-05 3.66016e-05
0.00262 0.99738 3.66016e-05 3.66016e-05
0.00262 0.99738 3.66016e-05 3.66016e-05
0.00262 0.99738 3.66016e-05 3.66016e-05
0.00262 0.99738 3.66016e-05 3.66016e-05
0.00262 0.99738 3.66016e-05 3.66016e-05
0.00262 0.99738 3.66016e-05 3.66016e-05
0.00262 0.99738 3.66016e-05 3.66016e-05
0.00262 0.99738 3.66016e-05 3.66016e-05
0.00262 0.99738 3.66016e-05 3.66016e-05
0.00262 0.99738 3.66016e-05 3.66016e-05
0.00262 0.99738 3.66016e-05 3.66016e-05
0.00262 0.99738 3.66016e-05 3.66016e-05
0.00262 0.99738 3.66016e-05 3.66016e-05
0.00262 0.99738 3.66016e-05 3.66016e-05
0.00262 0.99738 3.66016e-05 3.66016e-05
0.00262 0.99738 3.66016e-05 3.66016e-05
0.00262 0.99738 3.66016e-05 3.66016e-05
0.00262 0.99738 3.66016e-05 3.66016e-05
0.00262 0.99738 3.66016e-05 3.66016e-05
0.00262 0.99738 3.66016e-05 3.66016e-05
0.00262 0.99738 3.66016e-05 3.66016e-05
0.00262 0.99738 3.66016e-05 3.66016e-05
0.00262 0.99738 3.66016e-05 3.66016e-05
0.00262 0.99738 3.66016e-05 3.66016e-05
0.00262 0.99738 3.66016e-05 3.66016e-05
0.00262 0.99738 3.66016e-05 3.66016e-05
0.00262 0.99738 3.66016e-05 3.66016e-05
0.00262 0.99738 3.66016e-05 3.66016e-05
0.00262 0.99738 3.66016e-05 3.66016e-05
0.00261 0.99739 3.60787e-05 3.60787e-05
0.00261 0.99739 3.60787e-05 3.60787e-05
0.00261 0.99739 3.60787e-05 3.60787e-05
0.00261 0.99739 3.60787e-05 3.60787e-05
0.00261 0.99739 3.60787e-05 3.60787e-05
0.00261 0.99739 3.60787e-05 3.60787e-05
0.00261 0.99739 3.60787e-05 3.60787e-05
0.00261 0.99739 3.60787e-05 3.60787e-05
0.00261 0.99739 3.60787e-05 3.60787e-05
0.00261 0.99739 3.60787e-05 3.60787e-05
0.00261 0.99739 3.60787e-05 3.60787e-05
0.00261 0.99739 3.60787e-05 3.60787e-05
0.00261 0.99739 3.60787e-05 3.60787e-05
0.00261 0.99739 3.60787e-05 3.60787e-05
0.00261 0.99739 3.60787e-05 3.60787e-05
0.00261 0.99739 3.60787e-05 3.60787e-05
0.00261 0.99739 3.60787e-05 3.60787e-05
0.00261 0.99739 3.60787e-05 3.60787e-05
0.00261 0.99739 3.60787e-05 3.60787e-05
0.00261 0.99739 3.60787e-05 3.60787e-05
0.00261 0.99739 3.60787e-05 3.60787e-05
0.00261 0.99739 3.60787e-05 3.60787e-05
0.00261 0.99739 3.60787e-05 3.60787e-05
0.00261 0.99739 3.60787e-05 3.60787e-05
0.00261 0.99739 3.60787e-05 3.60787e-05
0.00261 0.99739 3.60787e-05 3.60787e-05
0.00261 0.99739 3.60787e-05 3.60787e-05
0.00261 0.99739 3.60787e-05 3.60787e-05
0.00261 0.99739 3.60787e-05 3.60787e-05
0.00261 0.99739 3.60787e-05 3.60787e-05
0.00261 0.99739 3.60787e-05 3.60787e-05
0.00261 0.99739 3.60787e-05 3.60787e-05
0.00261 0.99739 3.60787e-05 3.60787e-05
0.00261 0.99739 3.60787e-05 3.60787e-05
0.00261 0.99739 3.60787e-05 3.60787e-05
0.00261 0.99739 3.60787e-05 3.60787e-05
0.00261 0.99739 3.60787e-05 3.60787e-05
0.00261 0.99739 3.60787e-05 3.60787e-05
0.00261 0.99739 3.60787e-05 3.60787e-05
0.00261 0.99739 3.60787e-05 3.60787e-05
0.00261 0.99739 3.60787e-05 3.60787e-05
0.00261 0.99739 3.60787e-05 3.60787e-05
0.00261 0.99739 3.60787e-05 3.60787e-05
0.00261 0.99739 3.60787e-05 3.60787e-05
0.00261 0.99739 3.60787e-05 3.60787e-05
0.00261 0.99739 3.60787e-05 3.60787e-05
0.00261 0.99739 3.60787e-05 3.60787e-05
0.00261 0.99739 3.60787e-05 3.60787e-05
0.00261 0.99739 3.60787e-05 3.60787e-05
0.00261 0.99739 3.60787e-05 3.60787e-05
0.00261 0.99739 3.60787e-05 3.60787e-05
0.00261 0.99739 3.60787e-05 3.60787e-05
0.00261 0.99739 3.60787e-05 3.60787e-05
0.00261 0.99739 3.60787e-05 3.60787e-05
0.00261 0.99739 3.60787e-05 3.60787e-05
0.00261 0.99739 3.60787e-05 3.60787e-05
0.00261 0.99739 3.60787e-05 3.60787e-05
0.00261 0.99739 3.60787e-05 3.60787e-05
0.00261 0.99739 3.60787e-05 3.60787e-05
0.00261 0.99739 3.60787e-05 3.60787e-05
0.00261 0.99739 3.60787e-05 3.60787e-05
0.00261 0.99739 3.60787e-05 3.60787e-05
0.00261 0.99739 3.60787e-05 3.60787e-05
0.00261 0.99739 3.60787e-05 3.60787e-05
0.00261 0.99739 3.60787e-05 3.60787e-05
0.00261 0.99739 3.60787e-05 3.60787e-05
0.00261 0.99739 3.60787e-05 3.60787e-05
0.00261 0.99739 3.60787e-05 3.60787e-05
0.00261 0.99739 3.60787e-05 3.60787e-05
0.00261 0.99739 3.60787e-05 3.60787e-05
0.00261 0.99739 3.60787e-05 3.60787e-05
0.00261 0.99739 3.60787e-05 3.60787e-05
0.00261 0.99739 3.60787e-05 3.60787e-05
0.00261 0.99739 3.60787e-05 3.60787e-05
0.00261 0.99739 3.60787e-05 3.60787e-05
0.00261 0.99739 3.60787e-05 3.60787e-05
0.00261 0.99739 3.60787e-05 3.60787e-05
0.00261 0.99739 3.60787e-05 3.60787e-05
0.00261 0.99739 3.60787e-05 3.60787e-05
0.00261 0.99739 3.60787e-05 3.60787e-05
0.00261 0.99739 3.60787e-05 3.60787e-05
0.00261 0.99739 3.60787e-05 3.60787e-05
0.00261 0.99739 3.60787e-05 3.60787e-05
0.00261 0.99739 3.60787e-05 3.60787e-05
0.00261 0.99739 3.60787e-05 3.60787e-05
0.00261 0.99739 3.60787e-05 3.60787e-05
0.00261 0.99739 3.60787e-05 3.60787e-05
0.00261 0.99739 3.60787e-05 3.60787e-05
0.00261 0.99739 3.60787e-05 3.60787e-05
0.00261 0.99739 3.60787e-05 3.60787e-05
0.00261 0.99739 3.60787e-05 3.60787e-05
0.00261 0.99739 3.60787e-05 3.60787e-05
0.00261 0.99739 3.60787e-05 3.60787e-05
0.00261 0.99739 3.60787e-05 3.60787e-05
0.0026 0.9974 3.59596e-05 3.59596e-05
0.0026 0.9974 3.59596e-05 3.59596e-05
0.0026 0.9974 3.59596e-05 3.59596e-05
0.0026 0.9974 3.59596e-05 3.59596e-05
0.00261 0.99739 3.60787e-05 3.60787e-05
0.00261 0.99739 3.60787e-05 3.60787e-05
0.00261 0.99739 3.60787e-05 3.60787e-05
0.00261 0.99739 3.60787e-05 3.60787e-05
0.00261 0.99739 3.60787e-05 3.60787e-05
0.00261 0.99739 3.60787e-05 3.60787e-05
0.00261 0.99739 3.60787e-05 3.60787e-05
0.00261 0.99739 3.60787e-05 3.60787e-05
0.00261 0.99739 3.60787e-05 3.60787e-05
0.00261 0.99739 3.60787e-05 3.60787e-05
0.00261 0.99739 3.60787e-05 3.60787e-05
0.00261 0.99739 3.60787e-05 3.60787e-05
0.0026 0.9974 3.5798e-05 3.5798e-05
0.0026 0.9974 3.5798e-05 3.5798e-05
0.0026 0.9974 3.5798e-05 3.5798e-05
0.00259 0.99741 3.56787e-05 3.56787e-05
0.00259 0.99741 3.56787e-05 3.56787e-05
0.00259 0.99741 3.56787e-05 3.56787e-05
0.00259 0.99741 3.56787e-05 3.56787e-05
0.00259 0.99741 3.56787e-05 3.56787e-05
0.00259 0.99741 3.56787e-05 3.56787e-05
0.00259 0.99741 3.56787e-05 3.56787e-05
0.00259 0.99741 3.56787e-05 3.56787e-05
0.00259 0.99741 3.56787e-05 3.56787e-05
0.00259 0.99741 3.56787e-05 3.56787e-05
0.00259 0.99741 3.56787e-05 3.56787e-05
0.00259 0.99741 3.56787e-05 3.56787e-05
0.00259 0.99741 3.56787e-05 3.56787e-05
0.00259 0.99741 3.56787e-05 3.56787e-05
0.00259 0.99741 3.56787e-05 3.56787e-05
0.00259 0.99741 3.56787e-05 3.56787e-05
0.00259 0.99741 3.56787e-05 3.56787e-05
0.00259 0.99741 3.56787e-05 3.56787e-05
0.00259 0.99741 3.56787e-05 3.56787e-05
0.00259 0.99741 3.56787e-05 3.56787e-05
0.00259 0.99741 3.56787e-05 3.56787e-05
0.00259 0.99741 3.56787e-05 3.56787e-05
0.00259 0.99741 3.56787e-05 3.56787e-05
0.00259 0.99741 3.56787e-05 3.56787e-05
0.00259 0.99741 3.56787e-05 3.56787e-05
0.00259 0.99741 3.56787e-05 3.56787e-05
0.00259 0.99741 3.56787e-05 3.56787e-05
0.00259 0.99741 3.56787e-05 3.56787e-05
0.00259 0.99741 3.56787e-05 3.56787e-05
0.00259 0.99741 3.56787e-05 3.56787e-05
0.00259 0.99741 3.56787e-05 3.56787e-05
0.00259 0.99741 3.56787e-05 3.56787e-05
0.00259 0.99741 3.56787e-05 3.56787e-05
0.00259 0.99741 3.56787e-05 3.56787e-05
0.00259 0.99741 3.56787e-05 3.56787e-05
0.00259 0.99741 3.56787e-05 3.56787e-05
0.00259 0.99741 3.56787e-05 3.56787e-05
0.00259 0.99741 3.56787e-05 3.56787e-05
0.00259 0.99741 3.56787e-05 3.56787e-05
0.00259 0.99741 3.56787e-05 3.56787e-05
0.00259 0.99741 3.56787e-05 3.56787e-05
0.00259 0.99741 3.56787e-05 3.56787e-05
0.00259 0.99741 3.56787e-05 3.56787e-05
0.00259 0.99741 3.56787e-05 3.56787e-05
0.00259 0.99741 3.56787e-05 3.56787e-05
0.00259 0.99741 3.56787e-05 3.56787e-05
0.00259 0.99741 3.56787e-05 3.56787e-05
0.00259 0.99741 3.56787e-05 3.56787e-05
0.00259 0.99741 3.56787e-05 3.56787e-05
0.00259 0.99741 3.56787e-05 3.56787e-05
0.00259 0.99741 3.56787e-05 3.56787e-05
0.00259 0.99741 3.56787e-05 3.56787e-05
0.00259 0.99741 3.56787e-05 3.56787e-05
0.00259 0.99741 3.56787e-05 3.56787e-05
0.00259 0.99741 3.56787e-05 3.56787e-05
0.00259 0.99741 3.56787e-05 3.56787e-05
0.00259 0.99741 3.56787e-05 3.56787e-05
0.00259 0.99741 3.56787e-05 3.56787e-05
0.00259 0.99741 3.56787e-05 3.56787e-05
0.00259 0.99741 3.56787e-05 3.56787e-05
0.00259 0.99741 3.56787e-05 3.56787e-05
0.00259 0.99741 3.56787e-05 3.56787e-05
0.00259 0.99741 3.56787e-05 3.56787e-05
0.00259 0.99741 3.56787e-05 3.56787e-05
0.00259 0.99741 3.56787e-05 3.56787e-05
0.00259 0.99741 3.56787e-05 3.56787e-05
0.00259 0.99741 3.56787e-05 3.56787e-05
0.00259 0.99741 3.56787e-05 3.56787e-05
0.00259 0.99741 3.56787e-05 3.56787e-05
0.00259 0.99741 3.56787e-05 3.56787e-05
0.00259 0.99741 3.56787e-05 3.56787e-05
0.00259 0.99741 3.56787e-05 3.56787e-05
0.00259 0.99741 3.56787e-05 3.56787e-05
0.00259 0.99741 3.56787e-05 3.56787e-05
0.00259 0.99741 3.56787e-05 3.56787e-05
0.00259 0.99741 3.56787e-05 3.56787e-05
0.00259 0.99741 3.56787e-05 3.56787e-05
0.00259 0.99741 3.56787e-05 3.56787e-05
0.00259 0.99741 3.56787e-05 3.56787e-05
0.00259 0.99741 3.56787e-05 3.56787e-05
0.00259 0.99741 3.56787e-05 3.56787e-05
0.00259 0.99741 3.56787e-05 3.56787e-05
0.00259 0.99741 3.56787e-05 3.56787e-05
0.00259 0.99741 3.56787e-05 3.56787e-05
0.00259 0.99741 3.56787e-05 3.56787e-05
0.00259 0.99741 3.56787e-05 3.56787e-05
0.00259 0.99741 3.56787e-05 3.56787e-05
