0.18228 0.81772 5.21026e-05 5.21026e-05
0.1666 0.8334 0.000139394 0.000139394
0.15226 0.84774 0.0002688 0.0002688
0.13977 0.86023 0.000408058 0.000408058
0.12747 0.87253 0.00057308 0.00057308
0.11752 0.88248 0.000713424 0.000713424
0.10839 0.89161 0.000917877 0.000917877
0.10022 0.89978 0.00114013 0.00114013
0.09301 0.90699 0.0013175 0.0013175
0.08603 0.91397 0.0014512 0.0014512
0.07999 0.92001 0.00163961 0.00163961
0.07425 0.92575 0.00175801 0.00175801
0.06883 0.93117 0.00190756 0.00190756
0.06428 0.93572 0.00201536 0.00201536
0.05988 0.94012 0.0021291 0.0021291
0.05623 0.94377 0.00220097 0.00220097
0.05296 0.94704 0.00229374 0.00229374
0.04972 0.95028 0.00234336 0.00234336
0.0467 0.9533 0.00228767 0.00228767
0.04409 0.95591 0.00224093 0.00224093
0.04135 0.95865 0.00222461 0.00222461
0.03902 0.96098 0.00220713 0.00220713
0.03652 0.96348 0.00212482 0.00212482
0.03468 0.96532 0.00209695 0.00209695
0.03263 0.96737 0.00194167 0.00194167
0.03074 0.96926 0.00191015 0.00191015
0.02916 0.97084 0.00184777 0.00184777
0.02719 0.97281 0.00170246 0.00170246
0.0259 0.9741 0.00161563 0.00161563
0.02447 0.97553 0.00152057 0.00152057
0.02315 0.97685 0.00143554 0.00143554
0.02184 0.97816 0.00135038 0.00135038
0.02056 0.97944 0.00124746 0.00124746
0.01937 0.98063 0.00119076 0.00119076
0.01846 0.98154 0.00111154 0.00111154
0.01736 0.98264 0.00103569 0.00103569
0.01632 0.98368 0.000946967 0.000946967
0.0153 0.9847 0.000856071 0.000856071
0.01437 0.98563 0.000783347 0.000783347
0.01348 0.98652 0.000717828 0.000717828
0.01292 0.98708 0.000679488 0.000679488
0.01219 0.98781 0.000619226 0.000619226
0.01172 0.98828 0.000590668 0.000590668
0.011 0.989 0.000533879 0.000533879
0.01043 0.98957 0.000494732 0.000494732
0.00993 0.99007 0.000451844 0.000451844
0.00937 0.99063 0.000413003 0.000413003
0.00878 0.99122 0.000369749 0.000369749
0.00831 0.99169 0.000336418 0.000336418
0.00803 0.99197 0.000317201 0.000317201
0.00759 0.99241 0.000276729 0.000276729
0.00729 0.99271 0.000259238 0.000259238
0.00706 0.99294 0.000246905 0.000246905
0.00676 0.99324 0.000229275 0.000229275
0.00636 0.99364 0.000209546 0.000209546
0.0062 0.9938 0.000198848 0.000198848
0.00594 0.99406 0.000184623 0.000184623
0.00563 0.99437 0.000167104 0.000167104
0.00547 0.99453 0.000157484 0.000157484
0.00529 0.99471 0.000149016 0.000149016
0.00515 0.99485 0.000143563 0.000143563
0.00497 0.99503 0.000136615 0.000136615
0.00481 0.99519 0.000129166 0.000129166
0.00462 0.99538 0.000119773 0.000119773
0.00438 0.99562 0.000108218 0.000108218
0.00428 0.99572 0.000102204 0.000102204
0.00412 0.99588 9.544e-05 9.544e-05
0.00395 0.99605 8.89369e-05 8.89369e-05
0.00384 0.99616 8.28428e-05 8.28428e-05
0.0038 0.9962 8.16364e-05 8.16364e-05
0.0037 0.9963 7.67778e-05 7.67778e-05
0.00362 0.99638 7.29855e-05 7.29855e-05
0.00345 0.99655 6.69773e-05 6.69773e-05
0.00335 0.99665 6.34621e-05 6.34621e-05
0.0033 0.9967 6.11212e-05 6.11212e-05
0.0032 0.9968 5.66869e-05 5.66869e-05
0.00307 0.99693 5.17425e-05 5.17425e-05
0.00301 0.99699 4.95252e-05 4.95252e-05
0.00296 0.99704 4.85236e-05 4.85236e-05
0.00288 0.99712 4.61471e-05 4.61471e-05
0.00284 0.99716 4.47418e-05 4.47418e-05
0.00275 0.99725 4.06338e-05 4.06338e-05
0.00274 0.99726 4.06792e-05 4.06792e-05
0.00265 0.99735 3.79874e-05 3.79874e-05
0.00272 0.99728 4.07491e-05 4.07491e-05
0.00259 0.99741 3.63049e-05 3.63049e-05
0.0026 0.9974 3.64848e-05 3.64848e-05
0.00253 0.99747 3.42314e-05 3.42314e-05
0.00252 0.99748 3.40097e-05 3.40097e-05
0.00249 0.99751 3.29999e-05 3.29999e-05
0.00248 0.99752 3.304e-05 3.304e-05
0.00245 0.99755 3.19066e-05 3.19066e-05
0.00242 0.99758 3.12562e-05 3.12562e-05
0.00235 0.99765 2.92803e-05 2.92803e-05
0.00235 0.99765 2.92399e-05 2.92399e-05
0.00229 0.99771 2.73191e-05 2.73191e-05
0.00225 0.99775 2.60682e-05 2.60682e-05
0.0022 0.9978 2.54747e-05 2.54747e-05
0.00217 0.99783 2.47486e-05 2.47486e-05
0.00211 0.99789 2.30484e-05 2.30484e-05
0.00207 0.99793 2.2086e-05 2.2086e-05
0.00204 0.99796 2.15337e-05 2.15337e-05
0.00203 0.99797 2.11405e-05 2.11405e-05
0.00205 0.99795 2.17652e-05 2.17652e-05
0.00202 0.99798 2.11713e-05 2.11713e-05
0.00198 0.99802 2.05653e-05 2.05653e-05
0.00197 0.99803 2.04132e-05 2.04132e-05
0.00197 0.99803 2.05951e-05 2.05951e-05
0.00194 0.99806 1.97741e-05 1.97741e-05
0.00194 0.99806 1.95317e-05 1.95317e-05
0.00193 0.99807 1.93991e-05 1.93991e-05
0.0019 0.9981 1.86768e-05 1.86768e-05
0.00187 0.99813 1.79728e-05 1.79728e-05
0.00186 0.99814 1.77782e-05 1.77782e-05
0.00186 0.99814 1.7657e-05 1.7657e-05
0.00183 0.99817 1.7193e-05 1.7193e-05
0.00181 0.99819 1.68625e-05 1.68625e-05
0.00183 0.99817 1.74961e-05 1.74961e-05
0.00183 0.99817 1.74961e-05 1.74961e-05
0.00182 0.99818 1.7341e-05 1.7341e-05
0.00183 0.99817 1.76577e-05 1.76577e-05
0.00179 0.99821 1.70161e-05 1.70161e-05
0.0018 0.9982 1.71515e-05 1.71515e-05
0.00178 0.99822 1.67996e-05 1.67996e-05
0.00178 0.99822 1.67996e-05 1.67996e-05
0.00177 0.99823 1.66031e-05 1.66031e-05
0.00177 0.99823 1.65223e-05 1.65223e-05
0.00176 0.99824 1.63459e-05 1.63459e-05
0.00173 0.99827 1.57951e-05 1.57951e-05
0.00175 0.99825 1.64116e-05 1.64116e-05
0.00175 0.99825 1.64116e-05 1.64116e-05
0.00174 0.99826 1.62752e-05 1.62752e-05
0.00176 0.99824 1.65883e-05 1.65883e-05
0.00174 0.99826 1.61741e-05 1.61741e-05
0.00172 0.99828 1.584e-05 1.584e-05
0.00172 0.99828 1.584e-05 1.584e-05
0.0017 0.9983 1.54646e-05 1.54646e-05
0.00172 0.99828 1.58804e-05 1.58804e-05
0.00172 0.99828 1.58804e-05 1.58804e-05
0.00171 0.99829 1.57635e-05 1.57635e-05
0.00173 0.99827 1.61991e-05 1.61991e-05
0.00172 0.99828 1.60824e-05 1.60824e-05
0.00171 0.99829 1.58645e-05 1.58645e-05
0.0017 0.9983 1.54242e-05 1.54242e-05
0.0017 0.9983 1.54242e-05 1.54242e-05
0.0017 0.9983 1.54242e-05 1.54242e-05
0.00168 0.99832 1.50077e-05 1.50077e-05
0.00167 0.99833 1.48092e-05 1.48092e-05
0.00166 0.99834 1.43883e-05 1.43883e-05
0.00165 0.99835 1.40884e-05 1.40884e-05
0.00166 0.99834 1.40853e-05 1.40853e-05
0.00166 0.99834 1.40853e-05 1.40853e-05
0.00165 0.99835 1.38662e-05 1.38662e-05
0.00164 0.99836 1.35863e-05 1.35863e-05
0.00163 0.99837 1.35082e-05 1.35082e-05
0.00162 0.99838 1.31067e-05 1.31067e-05
0.00161 0.99839 1.2907e-05 1.2907e-05
0.00162 0.99838 1.31875e-05 1.31875e-05
0.00162 0.99838 1.31875e-05 1.31875e-05
0.00162 0.99838 1.31875e-05 1.31875e-05
0.00163 0.99837 1.33668e-05 1.33668e-05
0.00163 0.99837 1.33668e-05 1.33668e-05
0.00162 0.99838 1.32683e-05 1.32683e-05
0.00162 0.99838 1.32683e-05 1.32683e-05
0.00162 0.99838 1.32683e-05 1.32683e-05
0.00162 0.99838 1.32683e-05 1.32683e-05
0.00161 0.99839 1.28868e-05 1.28868e-05
0.00161 0.99839 1.28868e-05 1.28868e-05
0.00162 0.99838 1.32683e-05 1.32683e-05
0.00162 0.99838 1.32683e-05 1.32683e-05
0.00162 0.99838 1.32683e-05 1.32683e-05
0.00162 0.99838 1.32683e-05 1.32683e-05
0.00162 0.99838 1.32683e-05 1.32683e-05
0.00161 0.99839 1.30888e-05 1.30888e-05
0.00161 0.99839 1.30888e-05 1.30888e-05
0.00161 0.99839 1.30888e-05 1.30888e-05
0.00161 0.99839 1.30888e-05 1.30888e-05
0.00161 0.99839 1.29878e-05 1.29878e-05
0.00162 0.99838 1.32683e-05 1.32683e-05
0.00162 0.99838 1.35107e-05 1.35107e-05
0.00162 0.99838 1.35107e-05 1.35107e-05
0.00162 0.99838 1.35107e-05 1.35107e-05
0.00162 0.99838 1.35107e-05 1.35107e-05
0.00161 0.99839 1.3109e-05 1.3109e-05
0.0016 0.9984 1.29293e-05 1.29293e-05
0.0016 0.9984 1.29293e-05 1.29293e-05
0.0016 0.9984 1.29293e-05 1.29293e-05
0.0016 0.9984 1.29293e-05 1.29293e-05
0.0016 0.9984 1.29293e-05 1.29293e-05
0.0016 0.9984 1.29293e-05 1.29293e-05
0.0016 0.9984 1.29293e-05 1.29293e-05
0.0016 0.9984 1.29293e-05 1.29293e-05
0.0016 0.9984 1.29293e-05 1.29293e-05
0.0016 0.9984 1.29293e-05 1.29293e-05
0.0016 0.9984 1.29293e-05 1.29293e-05
0.0016 0.9984 1.29293e-05 1.29293e-05
0.0016 0.9984 1.29293e-05 1.29293e-05
0.00159 0.99841 1.26484e-05 1.26484e-05
0.00159 0.99841 1.26484e-05 1.26484e-05
0.00159 0.99841 1.26484e-05 1.26484e-05
0.00159 0.99841 1.26484e-05 1.26484e-05
0.00159 0.99841 1.26484e-05 1.26484e-05
0.00157 0.99843 1.24496e-05 1.24496e-05
0.00157 0.99843 1.24496e-05 1.24496e-05
0.00157 0.99843 1.24496e-05 1.24496e-05
0.00157 0.99843 1.24496e-05 1.24496e-05
0.00156 0.99844 1.21883e-05 1.21883e-05
0.00156 0.99844 1.21883e-05 1.21883e-05
0.00156 0.99844 1.21883e-05 1.21883e-05
0.00156 0.99844 1.21883e-05 1.21883e-05
0.00156 0.99844 1.21883e-05 1.21883e-05
0.00156 0.99844 1.21883e-05 1.21883e-05
0.00156 0.99844 1.21883e-05 1.21883e-05
0.00156 0.99844 1.21883e-05 1.21883e-05
0.00155 0.99845 1.21086e-05 1.21086e-05
0.00155 0.99845 1.21086e-05 1.21086e-05
0.00155 0.99845 1.21086e-05 1.21086e-05
0.00155 0.99845 1.21086e-05 1.21086e-05
0.00155 0.99845 1.21086e-05 1.21086e-05
0.00155 0.99845 1.21086e-05 1.21086e-05
0.00155 0.99845 1.21086e-05 1.21086e-05
0.00155 0.99845 1.21086e-05 1.21086e-05
0.00156 0.99844 1.21883e-05 1.21883e-05
0.00156 0.99844 1.21883e-05 1.21883e-05
0.00156 0.99844 1.21883e-05 1.21883e-05
0.00155 0.99845 1.20278e-05 1.20278e-05
0.00154 0.99846 1.19075e-05 1.19075e-05
0.00154 0.99846 1.19075e-05 1.19075e-05
0.00154 0.99846 1.19075e-05 1.19075e-05
0.00154 0.99846 1.19075e-05 1.19075e-05
0.00154 0.99846 1.19075e-05 1.19075e-05
0.00154 0.99846 1.19075e-05 1.19075e-05
0.00154 0.99846 1.19075e-05 1.19075e-05
0.00154 0.99846 1.19075e-05 1.19075e-05
0.00154 0.99846 1.19075e-05 1.19075e-05
0.00154 0.99846 1.19075e-05 1.19075e-05
0.00154 0.99846 1.19075e-05 1.19075e-05
0.00154 0.99846 1.19075e-05 1.19075e-05
0.00154 0.99846 1.19075e-05 1.19075e-05
0.00154 0.99846 1.19075e-05 1.19075e-05
0.00153 0.99847 1.18274e-05 1.18274e-05
0.00153 0.99847 1.18274e-05 1.18274e-05
0.00153 0.99847 1.18274e-05 1.18274e-05
0.00153 0.99847 1.18274e-05 1.18274e-05
0.00153 0.99847 1.18274e-05 1.18274e-05
0.00153 0.99847 1.18274e-05 1.18274e-05
0.00153 0.99847 1.18274e-05 1.18274e-05
0.00153 0.99847 1.18274e-05 1.18274e-05
0.00153 0.99847 1.18274e-05 1.18274e-05
0.00153 0.99847 1.18274e-05 1.18274e-05
0.00153 0.99847 1.18274e-05 1.18274e-05
0.00153 0.99847 1.18274e-05 1.18274e-05
0.00153 0.99847 1.18274e-05 1.18274e-05
0.00153 0.99847 1.18274e-05 1.18274e-05
0.00153 0.99847 1.18274e-05 1.18274e-05
0.00153 0.99847 1.18274e-05 1.18274e-05
0.00152 0.99848 1.16865e-05 1.16865e-05
0.00153 0.99847 1.18274e-05 1.18274e-05
0.00153 0.99847 1.18274e-05 1.18274e-05
0.00153 0.99847 1.18274e-05 1.18274e-05
0.00153 0.99847 1.18274e-05 1.18274e-05
0.00153 0.99847 1.18274e-05 1.18274e-05
0.00153 0.99847 1.18274e-05 1.18274e-05
0.00153 0.99847 1.18274e-05 1.18274e-05
0.00153 0.99847 1.18274e-05 1.18274e-05
0.00153 0.99847 1.18274e-05 1.18274e-05
0.00153 0.99847 1.18274e-05 1.18274e-05
0.00152 0.99848 1.16865e-05 1.16865e-05
0.00152 0.99848 1.16865e-05 1.16865e-05
0.00152 0.99848 1.16865e-05 1.16865e-05
0.00152 0.99848 1.16865e-05 1.16865e-05
0.00152 0.99848 1.16865e-05 1.16865e-05
0.00153 0.99847 1.18274e-05 1.18274e-05
0.00153 0.99847 1.18274e-05 1.18274e-05
0.00153 0.99847 1.18274e-05 1.18274e-05
0.00153 0.99847 1.18274e-05 1.18274e-05
0.00153 0.99847 1.18274e-05 1.18274e-05
0.00153 0.99847 1.18274e-05 1.18274e-05
0.00153 0.99847 1.18274e-05 1.18274e-05
0.00153 0.99847 1.18274e-05 1.18274e-05
0.00153 0.99847 1.18274e-05 1.18274e-05
0.00153 0.99847 1.18274e-05 1.18274e-05
0.00153 0.99847 1.18274e-05 1.18274e-05
0.00153 0.99847 1.18274e-05 1.18274e-05
0.00153 0.99847 1.18274e-05 1.18274e-05
0.00153 0.99847 1.18274e-05 1.18274e-05
0.00153 0.99847 1.18274e-05 1.18274e-05
0.00153 0.99847 1.18274e-05 1.18274e-05
0.00153 0.99847 1.18274e-05 1.18274e-05
0.00153 0.99847 1.18274e-05 1.18274e-05
0.00153 0.99847 1.18274e-05 1.18274e-05
0.00153 0.99847 1.18274e-05 1.18274e-05
0.00153 0.99847 1.18274e-05 1.18274e-05
0.00153 0.99847 1.18274e-05 1.18274e-05
0.00153 0.99847 1.18274e-05 1.18274e-05
0.00153 0.99847 1.18274e-05 1.18274e-05
0.00153 0.99847 1.18274e-05 1.18274e-05
0.00153 0.99847 1.18274e-05 1.18274e-05
0.00153 0.99847 1.18274e-05 1.18274e-05
0.00153 0.99847 1.18274e-05 1.18274e-05
0.00153 0.99847 1.18274e-05 1.18274e-05
0.00153 0.99847 1.18274e-05 1.18274e-05
0.00153 0.99847 1.18274e-05 1.18274e-05
0.00153 0.99847 1.18274e-05 1.18274e-05
0.00153 0.99847 1.18274e-05 1.18274e-05
0.00153 0.99847 1.18274e-05 1.18274e-05
0.00153 0.99847 1.18274e-05 1.18274e-05
0.00153 0.99847 1.18274e-05 1.18274e-05
0.00153 0.99847 1.18274e-05 1.18274e-05
0.00153 0.99847 1.18274e-05 1.18274e-05
0.00153 0.99847 1.18274e-05 1.18274e-05
0.00153 0.99847 1.18274e-05 1.18274e-05
0.00153 0.99847 1.18274e-05 1.18274e-05
0.00153 0.99847 1.18274e-05 1.18274e-05
0.00153 0.99847 1.18274e-05 1.18274e-05
0.00153 0.99847 1.18274e-05 1.18274e-05
0.00153 0.99847 1.18274e-05 1.18274e-05
0.00153 0.99847 1.18274e-05 1.18274e-05
0.00153 0.99847 1.18274e-05 1.18274e-05
0.00153 0.99847 1.18274e-05 1.18274e-05
0.00153 0.99847 1.18274e-05 1.18274e-05
0.00153 0.99847 1.18274e-05 1.18274e-05
0.00152 0.99848 1.16865e-05 1.16865e-05
0.00152 0.99848 1.16865e-05 1.16865e-05
0.00152 0.99848 1.16865e-05 1.16865e-05
0.00152 0.99848 1.16865e-05 1.16865e-05
0.00152 0.99848 1.16865e-05 1.16865e-05
0.00152 0.99848 1.16865e-05 1.16865e-05
0.00152 0.99848 1.16865e-05 1.16865e-05
0.00152 0.99848 1.16865e-05 1.16865e-05
0.00152 0.99848 1.16865e-05 1.16865e-05
0.00152 0.99848 1.16865e-05 1.16865e-05
0.00152 0.99848 1.16865e-05 1.16865e-05
0.00152 0.99848 1.16865e-05 1.16865e-05
0.00152 0.99848 1.16865e-05 1.16865e-05
0.00152 0.99848 1.16865e-05 1.16865e-05
0.00152 0.99848 1.16865e-05 1.16865e-05
0.00152 0.99848 1.16865e-05 1.16865e-05
0.00152 0.99848 1.16865e-05 1.16865e-05
0.00152 0.99848 1.16865e-05 1.16865e-05
0.00152 0.99848 1.16865e-05 1.16865e-05
0.00152 0.99848 1.16865e-05 1.16865e-05
0.00152 0.99848 1.16865e-05 1.16865e-05
0.00152 0.99848 1.16865e-05 1.16865e-05
0.00152 0.99848 1.16865e-05 1.16865e-05
0.00152 0.99848 1.16865e-05 1.16865e-05
0.00152 0.99848 1.16865e-05 1.16865e-05
0.00152 0.99848 1.16865e-05 1.16865e-05
0.00152 0.99848 1.16865e-05 1.16865e-05
0.00151 0.99849 1.15656e-05 1.15656e-05
0.00151 0.99849 1.15656e-05 1.15656e-05
0.00151 0.99849 1.15656e-05 1.15656e-05
0.00151 0.99849 1.15656e-05 1.15656e-05
0.00151 0.99849 1.15656e-05 1.15656e-05
0.00151 0.99849 1.15656e-05 1.15656e-05
0.00151 0.99849 1.15656e-05 1.15656e-05
0.00151 0.99849 1.15656e-05 1.15656e-05
0.00151 0.99849 1.15656e-05 1.15656e-05
0.00151 0.99849 1.15656e-05 1.15656e-05
0.00151 0.99849 1.15656e-05 1.15656e-05
0.00151 0.99849 1.15656e-05 1.15656e-05
0.00151 0.99849 1.15656e-05 1.15656e-05
0.00151 0.99849 1.15656e-05 1.15656e-05
0.00151 0.99849 1.15656e-05 1.15656e-05
0.00151 0.99849 1.15656e-05 1.15656e-05
0.00151 0.99849 1.15656e-05 1.15656e-05
0.00151 0.99849 1.15656e-05 1.15656e-05
0.00151 0.99849 1.15656e-05 1.15656e-05
0.00151 0.99849 1.15656e-05 1.15656e-05
0.00151 0.99849 1.15656e-05 1.15656e-05
0.00151 0.99849 1.15656e-05 1.15656e-05
0.00151 0.99849 1.15656e-05 1.15656e-05
0.00151 0.99849 1.15656e-05 1.15656e-05
0.00151 0.99849 1.15656e-05 1.15656e-05
0.00151 0.99849 1.15656e-05 1.15656e-05
0.00151 0.99849 1.15656e-05 1.15656e-05
0.00151 0.99849 1.15656e-05 1.15656e-05
0.00151 0.99849 1.15656e-05 1.15656e-05
0.00151 0.99849 1.15656e-05 1.15656e-05
0.00151 0.99849 1.15656e-05 1.15656e-05
0.00151 0.99849 1.15656e-05 1.15656e-05
0.00151 0.99849 1.15656e-05 1.15656e-05
0.00151 0.99849 1.15656e-05 1.15656e-05
0.00151 0.99849 1.15656e-05 1.15656e-05
0.00151 0.99849 1.15656e-05 1.15656e-05
0.00151 0.99849 1.15656e-05 1.15656e-05
0.00151 0.99849 1.15656e-05 1.15656e-05
0.00151 0.99849 1.15656e-05 1.15656e-05
0.00151 0.99849 1.15656e-05 1.15656e-05
0.00151 0.99849 1.15656e-05 1.15656e-05
0.00151 0.99849 1.15656e-05 1.15656e-05
0.00151 0.99849 1.15656e-05 1.15656e-05
0.00151 0.99849 1.15656e-05 1.15656e-05
0.00151 0.99849 1.15656e-05 1.15656e-05
0.00151 0.99849 1.15656e-05 1.15656e-05
0.00151 0.99849 1.15656e-05 1.15656e-05
0.00151 0.99849 1.15656e-05 1.15656e-05
0.00151 0.99849 1.15656e-05 1.15656e-05
0.00151 0.99849 1.15656e-05 1.15656e-05
0.00151 0.99849 1.15656e-05 1.15656e-05
0.00151 0.99849 1.15656e-05 1.15656e-05
0.00151 0.99849 1.15656e-05 1.15656e-05
0.00151 0.99849 1.15656e-05 1.15656e-05
0.00151 0.99849 1.15656e-05 1.15656e-05
0.00151 0.99849 1.15656e-05 1.15656e-05
0.00151 0.99849 1.15656e-05 1.15656e-05
0.00151 0.99849 1.15656e-05 1.15656e-05
0.00151 0.99849 1.15656e-05 1.15656e-05
0.00151 0.99849 1.15656e-05 1.15656e-05
0.00151 0.99849 1.15656e-05 1.15656e-05
0.00151 0.99849 1.15656e-05 1.15656e-05
0.00151 0.99849 1.15656e-05 1.15656e-05
0.00151 0.99849 1.15656e-05 1.15656e-05
0.00151 0.99849 1.15656e-05 1.15656e-05
0.00151 0.99849 1.15656e-05 1.15656e-05
0.00151 0.99849 1.15656e-05 1.15656e-05
0.00151 0.99849 1.15656e-05 1.15656e-05
0.00151 0.99849 1.15656e-05 1.15656e-05
0.00151 0.99849 1.15656e-05 1.15656e-05
0.00151 0.99849 1.15656e-05 1.15656e-05
0.00151 0.99849 1.15656e-05 1.15656e-05
0.00151 0.99849 1.15656e-05 1.15656e-05
0.00151 0.99849 1.15656e-05 1.15656e-05
0.00151 0.99849 1.15656e-05 1.15656e-05
0.00151 0.99849 1.15656e-05 1.15656e-05
0.00151 0.99849 1.15656e-05 1.15656e-05
0.00151 0.99849 1.15656e-05 1.15656e-05
0.00151 0.99849 1.15656e-05 1.15656e-05
0.00151 0.99849 1.15656e-05 1.15656e-05
0.00151 0.99849 1.15656e-05 1.15656e-05
0.00151 0.99849 1.15656e-05 1.15656e-05
0.00151 0.99849 1.15656e-05 1.15656e-05
0.00151 0.99849 1.15656e-05 1.15656e-05
0.00151 0.99849 1.15656e-05 1.15656e-05
0.00151 0.99849 1.15656e-05 1.15656e-05
0.00151 0.99849 1.15656e-05 1.15656e-05
0.00151 0.99849 1.15656e-05 1.15656e-05
0.00151 0.99849 1.15656e-05 1.15656e-05
0.00151 0.99849 1.15656e-05 1.15656e-05
0.00151 0.99849 1.15656e-05 1.15656e-05
0.00151 0.99849 1.15656e-05 1.15656e-05
0.00151 0.99849 1.15656e-05 1.15656e-05
0.00151 0.99849 1.15656e-05 1.15656e-05
0.00151 0.99849 1.15656e-05 1.15656e-05
0.00151 0.99849 1.15656e-05 1.15656e-05
0.00151 0.99849 1.15656e-05 1.15656e-05
0.00151 0.99849 1.15656e-05 1.15656e-05
0.00151 0.99849 1.15656e-05 1.15656e-05
0.00151 0.99849 1.15656e-05 1.15656e-05
0.00151 0.99849 1.15656e-05 1.15656e-05
0.00151 0.99849 1.15656e-05 1.15656e-05
0.00151 0.99849 1.15656e-05 1.15656e-05
0.00151 0.99849 1.15656e-05 1.15656e-05
0.00151 0.99849 1.15656e-05 1.15656e-05
0.00151 0.99849 1.15656e-05 1.15656e-05
0.00151 0.99849 1.15656e-05 1.15656e-05
0.00151 0.99849 1.15656e-05 1.15656e-05
0.00151 0.99849 1.15656e-05 1.15656e-05
0.00151 0.99849 1.15656e-05 1.15656e-05
0.00151 0.99849 1.15656e-05 1.15656e-05
0.00151 0.99849 1.15656e-05 1.15656e-05
0.00151 0.99849 1.15656e-05 1.15656e-05
0.00151 0.99849 1.15656e-05 1.15656e-05
0.00151 0.99849 1.15656e-05 1.15656e-05
0.00151 0.99849 1.15656e-05 1.15656e-05
0.0015 0.9985 1.14646e-05 1.14646e-05
0.0015 0.9985 1.14646e-05 1.14646e-05
0.0015 0.9985 1.14646e-05 1.14646e-05
0.0015 0.9985 1.14646e-05 1.14646e-05
0.0015 0.9985 1.14646e-05 1.14646e-05
0.00151 0.99849 1.15656e-05 1.15656e-05
0.00151 0.99849 1.15656e-05 1.15656e-05
0.00151 0.99849 1.15656e-05 1.15656e-05
0.00151 0.99849 1.15656e-05 1.15656e-05
0.00151 0.99849 1.15656e-05 1.15656e-05
0.00151 0.99849 1.15656e-05 1.15656e-05
0.00151 0.99849 1.15656e-05 1.15656e-05
0.00151 0.99849 1.15656e-05 1.15656e-05
0.00151 0.99849 1.15656e-05 1.15656e-05
0.00151 0.99849 1.15656e-05 1.15656e-05
0.00151 0.99849 1.15656e-05 1.15656e-05
0.00151 0.99849 1.15656e-05 1.15656e-05
0.00151 0.99849 1.15656e-05 1.15656e-05
0.00151 0.99849 1.15656e-05 1.15656e-05
0.00151 0.99849 1.15656e-05 1.15656e-05
0.00151 0.99849 1.15656e-05 1.15656e-05
0.00151 0.99849 1.15656e-05 1.15656e-05
0.00151 0.99849 1.15656e-05 1.15656e-05
0.00151 0.99849 1.15656e-05 1.15656e-05
0.00151 0.99849 1.15656e-05 1.15656e-05
0.00151 0.99849 1.15656e-05 1.15656e-05
0.00151 0.99849 1.15656e-05 1.15656e-05
0.00151 0.99849 1.15656e-05 1.15656e-05
0.00151 0.99849 1.15656e-05 1.15656e-05
0.00151 0.99849 1.15656e-05 1.15656e-05
0.00151 0.99849 1.15656e-05 1.15656e-05
0.00151 0.99849 1.15656e-05 1.15656e-05
0.00151 0.99849 1.15656e-05 1.15656e-05
0.00151 0.99849 1.15656e-05 1.15656e-05
0.00151 0.99849 1.15656e-05 1.15656e-05
