0.20031 0.79969 6.5408e-05 6.5408e-05
0.20071 0.79929 0.000156026 0.000156026
0.20023 0.79977 0.000237573 0.000237573
0.20041 0.79959 0.000315355 0.000315355
0.20036 0.79964 0.000387909 0.000387909
0.20031 0.79969 0.000480842 0.000480842
0.2002 0.7998 0.000599697 0.000599697
0.20003 0.79997 0.000678373 0.000678373
0.2001 0.7999 0.000777323 0.000777323
0.20026 0.79974 0.000870558 0.000870558
0.20028 0.79972 0.000914062 0.000914062
0.19982 0.80018 0.000988573 0.000988573
0.20045 0.79955 0.000986876 0.000986876
0.20141 0.79859 0.0010101 0.0010101
0.20049 0.79951 0.00101056 0.00101056
0.20031 0.79969 0.000995246 0.000995246
0.20017 0.79983 0.000997274 0.000997274
0.20105 0.79895 0.00108609 0.00108609
0.20173 0.79827 0.00110111 0.00110111
0.20141 0.79859 0.00114527 0.00114527
0.20063 0.79937 0.00110048 0.00110048
0.20019 0.79981 0.00113078 0.00113078
0.19979 0.80021 0.00110677 0.00110677
0.19975 0.80025 0.00102235 0.00102235
0.19968 0.80032 0.00103634 0.00103634
0.19897 0.80103 0.00109264 0.00109264
0.19955 0.80045 0.00107781 0.00107781
0.19916 0.80084 0.00105749 0.00105749
0.19925 0.80075 0.00107932 0.00107932
0.19966 0.80034 0.00107047 0.00107047
0.19934 0.80066 0.00114877 0.00114877
0.19923 0.80077 0.00116602 0.00116602
0.19952 0.80048 0.00111031 0.00111031
0.19951 0.80049 0.00109348 0.00109348
0.20048 0.79952 0.00105833 0.00105833
0.2006 0.7994 0.0011263 0.0011263
0.2 0.8 0.00108768 0.00108768
0.20103 0.79897 0.00113021 0.00113021
0.20107 0.79893 0.00106857 0.00106857
0.20067 0.79933 0.00106667 0.00106667
0.20112 0.79888 0.0010679 0.0010679
0.20098 0.79902 0.0011296 0.0011296
0.20088 0.79912 0.00114833 0.00114833
0.20033 0.79967 0.00116944 0.00116944
0.20027 0.79973 0.00119175 0.00119175
0.20011 0.79989 0.00120719 0.00120719
0.19993 0.80007 0.00124653 0.00124653
0.19923 0.80077 0.00125596 0.00125596
0.19921 0.80079 0.00121126 0.00121126
0.19997 0.80003 0.00120076 0.00120076
0.19968 0.80032 0.00134677 0.00134677
0.2006 0.7994 0.00134465 0.00134465
0.20077 0.79923 0.00132089 0.00132089
0.20044 0.79956 0.00132364 0.00132364
0.20042 0.79958 0.00133396 0.00133396
0.20082 0.79918 0.00134859 0.00134859
0.20077 0.79923 0.00131426 0.00131426
0.20066 0.79934 0.00138548 0.00138548
0.20064 0.79936 0.0013528 0.0013528
0.20075 0.79925 0.00139805 0.00139805
0.19979 0.80021 0.00138352 0.00138352
0.19977 0.80023 0.00144571 0.00144571
0.19973 0.80027 0.00143994 0.00143994
0.20034 0.79966 0.00143245 0.00143245
0.20013 0.79987 0.00143882 0.00143882
0.19926 0.80074 0.00135421 0.00135421
0.19977 0.80023 0.00141602 0.00141602
0.20009 0.79991 0.00144954 0.00144954
0.19912 0.80088 0.00141986 0.00141986
0.19909 0.80091 0.00141075 0.00141075
0.19954 0.80046 0.0013669 0.0013669
0.19931 0.80069 0.00137591 0.00137591
0.19991 0.80009 0.00141954 0.00141954
0.20035 0.79965 0.00137374 0.00137374
0.19995 0.80005 0.0013257 0.0013257
0.20025 0.79975 0.00129633 0.00129633
0.1999 0.8001 0.00123518 0.00123518
0.19958 0.80042 0.00124966 0.00124966
0.20028 0.79972 0.00125105 0.00125105
0.2002 0.7998 0.00120984 0.00120984
0.20058 0.79942 0.00121065 0.00121065
0.20119 0.79881 0.00127971 0.00127971
0.20011 0.79989 0.00136194 0.00136194
0.19918 0.80082 0.00132764 0.00132764
0.1992 0.8008 0.00135002 0.00135002
0.19922 0.80078 0.00134314 0.00134314
0.19971 0.80029 0.00131546 0.00131546
0.20022 0.79978 0.00132908 0.00132908
0.19942 0.80058 0.00133233 0.00133233
0.19929 0.80071 0.00133512 0.00133512
0.19771 0.80229 0.00129433 0.00129433
0.19765 0.80235 0.00130599 0.00130599
0.19667 0.80333 0.00126673 0.00126673
0.19789 0.80211 0.0012927 0.0012927
0.19752 0.80248 0.00136611 0.00136611
0.1987 0.8013 0.00132761 0.00132761
0.19838 0.80162 0.00131579 0.00131579
0.19824 0.80176 0.0012773 0.0012773
0.19858 0.80142 0.0012501 0.0012501
0.19852 0.80148 0.00124116 0.00124116
0.19845 0.80155 0.00120179 0.00120179
0.1981 0.8019 0.00121694 0.00121694
0.19832 0.80168 0.00118491 0.00118491
0.19866 0.80134 0.00120687 0.00120687
0.19726 0.80274 0.00125157 0.00125157
0.19687 0.80313 0.00125579 0.00125579
0.19849 0.80151 0.00130108 0.00130108
0.19774 0.80226 0.00129696 0.00129696
0.19799 0.80201 0.0012655 0.0012655
0.19889 0.80111 0.00137521 0.00137521
0.19911 0.80089 0.0013705 0.0013705
0.19882 0.80118 0.00146512 0.00146512
0.19984 0.80016 0.00141446 0.00141446
0.19982 0.80018 0.00147821 0.00147821
0.19978 0.80022 0.00145173 0.00145173
0.20005 0.79995 0.00146377 0.00146377
0.19935 0.80065 0.0015093 0.0015093
0.20019 0.79981 0.0015451 0.0015451
0.19929 0.80071 0.00147225 0.00147225
0.20051 0.79949 0.00146975 0.00146975
0.19938 0.80062 0.00143996 0.00143996
0.19922 0.80078 0.00141058 0.00141058
0.19877 0.80123 0.00139963 0.00139963
0.19837 0.80163 0.0014565 0.0014565
0.19844 0.80156 0.00146193 0.00146193
0.19909 0.80091 0.00152309 0.00152309
0.19925 0.80075 0.00160205 0.00160205
0.19884 0.80116 0.00154658 0.00154658
0.19841 0.80159 0.00151826 0.00151826
0.19762 0.80238 0.00150109 0.00150109
0.19788 0.80212 0.00145053 0.00145053
0.19862 0.80138 0.00142614 0.00142614
0.19873 0.80127 0.00142957 0.00142957
0.1998 0.8002 0.00152956 0.00152956
0.2004 0.7996 0.00149281 0.00149281
0.20026 0.79974 0.00153856 0.00153856
0.20004 0.79996 0.00156998 0.00156998
0.20038 0.79962 0.00160834 0.00160834
0.20031 0.79969 0.00158749 0.00158749
0.20007 0.79993 0.00152306 0.00152306
0.20038 0.79962 0.00146854 0.00146854
0.20124 0.79876 0.00145475 0.00145475
0.20071 0.79929 0.00147245 0.00147245
0.2004 0.7996 0.00146206 0.00146206
0.20009 0.79991 0.00147291 0.00147291
0.20011 0.79989 0.00152553 0.00152553
0.19995 0.80005 0.0015448 0.0015448
0.19954 0.80046 0.00158851 0.00158851
0.19984 0.80016 0.00159995 0.00159995
0.20006 0.79994 0.00163016 0.00163016
0.1997 0.8003 0.00161599 0.00161599
0.20003 0.79997 0.00157211 0.00157211
0.2009 0.7991 0.00156274 0.00156274
0.20064 0.79936 0.00150292 0.00150292
0.19976 0.80024 0.00145176 0.00145176
0.19979 0.80021 0.00144811 0.00144811
0.19956 0.80044 0.00148815 0.00148815
0.19955 0.80045 0.0014856 0.0014856
0.19991 0.80009 0.00148552 0.00148552
0.19961 0.80039 0.0014806 0.0014806
0.19986 0.80014 0.00150933 0.00150933
0.19974 0.80026 0.00153013 0.00153013
0.19969 0.80031 0.00149163 0.00149163
0.19951 0.80049 0.00140938 0.00140938
0.19861 0.80139 0.00147137 0.00147137
0.19917 0.80083 0.00139168 0.00139168
0.20011 0.79989 0.00133788 0.00133788
0.19989 0.80011 0.00141182 0.00141182
0.19957 0.80043 0.00141362 0.00141362
0.19944 0.80056 0.00145322 0.00145322
0.19956 0.80044 0.00143009 0.00143009
0.20068 0.79932 0.00145897 0.00145897
0.2005 0.7995 0.00142847 0.00142847
0.19975 0.80025 0.00141488 0.00141488
0.19939 0.80061 0.00139606 0.00139606
0.20049 0.79951 0.0013848 0.0013848
0.20052 0.79948 0.00143526 0.00143526
0.20007 0.79993 0.00150128 0.00150128
0.20007 0.79993 0.00152239 0.00152239
0.1994 0.8006 0.00153208 0.00153208
0.19964 0.80036 0.00151209 0.00151209
0.1993 0.8007 0.00148213 0.00148213
0.1996 0.8004 0.00143749 0.00143749
0.19983 0.80017 0.00142047 0.00142047
0.20052 0.79948 0.00148391 0.00148391
0.19985 0.80015 0.00155607 0.00155607
0.19974 0.80026 0.0016168 0.0016168
0.19962 0.80038 0.00161575 0.00161575
0.20024 0.79976 0.00160774 0.00160774
0.19984 0.80016 0.00162826 0.00162826
0.19936 0.80064 0.00164898 0.00164898
0.19955 0.80045 0.00170245 0.00170245
0.19924 0.80076 0.00163812 0.00163812
0.19906 0.80094 0.00167828 0.00167828
0.19908 0.80092 0.00165902 0.00165902
0.1983 0.8017 0.00168322 0.00168322
0.19729 0.80271 0.00159679 0.00159679
0.19826 0.80174 0.00163844 0.00163844
0.19908 0.80092 0.00169026 0.00169026
0.19846 0.80154 0.00167146 0.00167146
0.19869 0.80131 0.00165151 0.00165151
0.19917 0.80083 0.00164283 0.00164283
0.19973 0.80027 0.00151832 0.00151832
0.19958 0.80042 0.0015232 0.0015232
0.19967 0.80033 0.00144822 0.00144822
0.1992 0.8008 0.00145212 0.00145212
0.19934 0.80066 0.00152223 0.00152223
0.19865 0.80135 0.00156865 0.00156865
0.1991 0.8009 0.00164359 0.00164359
0.19828 0.80172 0.00165107 0.00165107
0.19949 0.80051 0.00164365 0.00164365
0.19889 0.80111 0.00163222 0.00163222
0.19942 0.80058 0.00162313 0.00162313
0.1988 0.8012 0.00161396 0.00161396
0.20033 0.79967 0.00164216 0.00164216
0.19982 0.80018 0.00162213 0.00162213
0.19942 0.80058 0.0015837 0.0015837
0.19886 0.80114 0.00156879 0.00156879
0.19929 0.80071 0.00161797 0.00161797
0.19974 0.80026 0.00167211 0.00167211
0.20032 0.79968 0.0016799 0.0016799
0.20011 0.79989 0.00164309 0.00164309
0.20093 0.79907 0.0016955 0.0016955
0.20041 0.79959 0.00171352 0.00171352
0.20095 0.79905 0.00163916 0.00163916
0.20017 0.79983 0.00169277 0.00169277
0.19997 0.80003 0.00165409 0.00165409
0.19916 0.80084 0.00169369 0.00169369
0.19937 0.80063 0.00180912 0.00180912
0.19808 0.80192 0.00185545 0.00185545
0.19915 0.80085 0.00183637 0.00183637
0.19872 0.80128 0.00184325 0.00184325
0.1989 0.8011 0.00185334 0.00185334
0.19865 0.80135 0.00176968 0.00176968
0.19843 0.80157 0.00168825 0.00168825
0.19856 0.80144 0.00170972 0.00170972
0.19869 0.80131 0.0017165 0.0017165
0.1988 0.8012 0.00174366 0.00174366
0.19884 0.80116 0.0017086 0.0017086
0.19898 0.80102 0.00168224 0.00168224
0.19889 0.80111 0.00164569 0.00164569
0.19902 0.80098 0.00159905 0.00159905
0.19944 0.80056 0.00159469 0.00159469
0.20004 0.79996 0.0016318 0.0016318
0.20031 0.79969 0.00160026 0.00160026
0.20003 0.79997 0.00156314 0.00156314
0.20048 0.79952 0.00162755 0.00162755
0.20039 0.79961 0.00165127 0.00165127
0.20065 0.79935 0.00164084 0.00164084
0.20061 0.79939 0.00164628 0.00164628
0.20096 0.79904 0.00173586 0.00173586
0.1998 0.8002 0.00169915 0.00169915
0.20092 0.79908 0.00169541 0.00169541
0.19973 0.80027 0.00179487 0.00179487
0.19958 0.80042 0.00178059 0.00178059
0.19903 0.80097 0.0017875 0.0017875
0.19881 0.80119 0.00173131 0.00173131
0.19885 0.80115 0.00176207 0.00176207
0.19843 0.80157 0.00172085 0.00172085
0.19891 0.80109 0.00179049 0.00179049
0.19966 0.80034 0.00174069 0.00174069
0.2004 0.7996 0.00171154 0.00171154
0.20151 0.79849 0.00178167 0.00178167
0.20145 0.79855 0.00180308 0.00180308
0.20247 0.79753 0.00187181 0.00187181
0.20221 0.79779 0.00185736 0.00185736
0.20082 0.79918 0.00185015 0.00185015
0.20025 0.79975 0.00187867 0.00187867
0.20076 0.79924 0.00190061 0.00190061
0.20118 0.79882 0.00194063 0.00194063
0.20016 0.79984 0.00178452 0.00178452
0.20032 0.79968 0.00179258 0.00179258
0.20072 0.79928 0.00190142 0.00190142
0.20072 0.79928 0.00190521 0.00190521
0.20046 0.79954 0.00192805 0.00192805
0.20107 0.79893 0.00199405 0.00199405
0.20069 0.79931 0.00201846 0.00201846
0.20071 0.79929 0.0020058 0.0020058
0.20089 0.79911 0.00189458 0.00189458
0.20107 0.79893 0.00191481 0.00191481
0.20057 0.79943 0.00188912 0.00188912
0.20075 0.79925 0.00186801 0.00186801
0.20055 0.79945 0.0019214 0.0019214
0.20101 0.79899 0.00190401 0.00190401
0.20131 0.79869 0.00188929 0.00188929
0.20118 0.79882 0.001933 0.001933
0.20235 0.79765 0.00202498 0.00202498
0.20179 0.79821 0.00197201 0.00197201
0.202 0.798 0.00198251 0.00198251
0.2016 0.7984 0.00202646 0.00202646
0.20148 0.79852 0.00199862 0.00199862
0.20167 0.79833 0.00197331 0.00197331
0.20142 0.79858 0.00199386 0.00199386
0.20174 0.79826 0.00190397 0.00190397
0.20205 0.79795 0.00197259 0.00197259
0.20168 0.79832 0.00190169 0.00190169
0.20169 0.79831 0.001861 0.001861
0.20186 0.79814 0.00187238 0.00187238
0.20213 0.79787 0.00193656 0.00193656
0.20199 0.79801 0.00187557 0.00187557
0.20171 0.79829 0.00194094 0.00194094
0.20049 0.79951 0.00194258 0.00194258
0.20097 0.79903 0.00194785 0.00194785
0.20156 0.79844 0.00195118 0.00195118
0.2015 0.7985 0.00193989 0.00193989
0.20083 0.79917 0.00195695 0.00195695
0.19999 0.80001 0.00185052 0.00185052
0.20007 0.79993 0.00181928 0.00181928
0.19875 0.80125 0.00175928 0.00175928
0.19859 0.80141 0.0017838 0.0017838
0.19804 0.80196 0.001836 0.001836
0.1983 0.8017 0.00192098 0.00192098
0.19909 0.80091 0.0019221 0.0019221
0.19805 0.80195 0.00195532 0.00195532
0.19799 0.80201 0.00194896 0.00194896
0.19815 0.80185 0.00194847 0.00194847
0.19807 0.80193 0.00197691 0.00197691
0.19847 0.80153 0.00198104 0.00198104
0.19861 0.80139 0.0020443 0.0020443
0.19735 0.80265 0.00210051 0.00210051
0.19728 0.80272 0.0020941 0.0020941
0.19828 0.80172 0.00219362 0.00219362
0.19807 0.80193 0.00211952 0.00211952
0.19888 0.80112 0.00203748 0.00203748
0.19827 0.80173 0.00201608 0.00201608
0.19955 0.80045 0.00198718 0.00198718
0.20028 0.79972 0.00190925 0.00190925
0.20013 0.79987 0.00194365 0.00194365
0.19968 0.80032 0.00201477 0.00201477
0.19961 0.80039 0.00205681 0.00205681
0.20005 0.79995 0.00205898 0.00205898
0.19994 0.80006 0.00200646 0.00200646
0.1995 0.8005 0.00201518 0.00201518
0.19987 0.80013 0.00207308 0.00207308
0.19987 0.80013 0.0020291 0.0020291
0.1995 0.8005 0.00206783 0.00206783
0.19924 0.80076 0.00217968 0.00217968
0.19893 0.80107 0.00216152 0.00216152
0.19797 0.80203 0.0021634 0.0021634
0.19882 0.80118 0.00222007 0.00222007
0.1978 0.8022 0.00214608 0.00214608
0.19771 0.80229 0.00215102 0.00215102
0.19912 0.80088 0.0020818 0.0020818
0.19948 0.80052 0.002077 0.002077
0.20017 0.79983 0.00203554 0.00203554
0.20044 0.79956 0.00201627 0.00201627
0.19966 0.80034 0.00203813 0.00203813
0.19885 0.80115 0.00202639 0.00202639
0.2 0.8 0.00203529 0.00203529
0.19979 0.80021 0.0020759 0.0020759
0.19995 0.80005 0.00205882 0.00205882
0.20024 0.79976 0.00204849 0.00204849
0.19975 0.80025 0.00203762 0.00203762
0.20003 0.79997 0.00209958 0.00209958
0.19862 0.80138 0.00209903 0.00209903
0.19868 0.80132 0.00210523 0.00210523
0.1984 0.8016 0.00210636 0.00210636
0.19884 0.80116 0.00211818 0.00211818
0.1991 0.8009 0.00214831 0.00214831
0.19867 0.80133 0.00214018 0.00214018
0.2 0.8 0.0020918 0.0020918
0.19953 0.80047 0.00205195 0.00205195
0.19888 0.80112 0.00210502 0.00210502
0.19916 0.80084 0.00212232 0.00212232
0.19965 0.80035 0.00211781 0.00211781
0.20015 0.79985 0.00213069 0.00213069
0.2002 0.7998 0.00210463 0.00210463
0.1998 0.8002 0.00211642 0.00211642
0.20042 0.79958 0.00209984 0.00209984
0.19963 0.80037 0.0020945 0.0020945
0.20036 0.79964 0.00211791 0.00211791
0.19996 0.80004 0.0020983 0.0020983
0.19849 0.80151 0.00208268 0.00208268
0.19843 0.80157 0.0020653 0.0020653
0.19926 0.80074 0.0020909 0.0020909
0.19946 0.80054 0.00208425 0.00208425
0.20041 0.79959 0.002142 0.002142
0.20064 0.79936 0.00214357 0.00214357
0.20095 0.79905 0.00217732 0.00217732
0.20126 0.79874 0.00219256 0.00219256
0.20133 0.79867 0.00218323 0.00218323
0.20024 0.79976 0.00206176 0.00206176
0.20015 0.79985 0.00211811 0.00211811
0.20034 0.79966 0.00214437 0.00214437
0.20027 0.79973 0.00213309 0.00213309
0.2003 0.7997 0.00205555 0.00205555
0.19901 0.80099 0.00203334 0.00203334
0.19828 0.80172 0.00200582 0.00200582
0.1992 0.8008 0.002058 0.002058
0.19988 0.80012 0.0020736 0.0020736
0.20034 0.79966 0.00208764 0.00208764
0.19969 0.80031 0.00203987 0.00203987
0.2003 0.7997 0.00195472 0.00195472
0.1996 0.8004 0.00201519 0.00201519
0.20052 0.79948 0.00211704 0.00211704
0.20115 0.79885 0.00212413 0.00212413
0.20074 0.79926 0.00213252 0.00213252
0.20011 0.79989 0.00209984 0.00209984
0.19999 0.80001 0.00210348 0.00210348
0.19949 0.80051 0.00209015 0.00209015
0.20028 0.79972 0.00204602 0.00204602
0.20047 0.79953 0.00203308 0.00203308
0.20009 0.79991 0.00198368 0.00198368
0.19895 0.80105 0.0019628 0.0019628
0.1995 0.8005 0.00205357 0.00205357
0.19971 0.80029 0.00205401 0.00205401
0.199 0.801 0.00205842 0.00205842
0.19947 0.80053 0.00201304 0.00201304
0.19974 0.80026 0.00200579 0.00200579
0.20014 0.79986 0.00207976 0.00207976
0.19992 0.80008 0.00205943 0.00205943
0.20023 0.79977 0.00209208 0.00209208
0.2004 0.7996 0.00208838 0.00208838
0.20019 0.79981 0.00218125 0.00218125
0.2011 0.7989 0.00214985 0.00214985
0.2 0.8 0.00214925 0.00214925
0.19937 0.80063 0.00213904 0.00213904
0.19904 0.80096 0.00211321 0.00211321
0.19921 0.80079 0.00213756 0.00213756
0.20029 0.79971 0.00210582 0.00210582
0.19973 0.80027 0.00209711 0.00209711
0.19917 0.80083 0.00214596 0.00214596
0.19928 0.80072 0.00209499 0.00209499
0.19947 0.80053 0.00203583 0.00203583
0.19982 0.80018 0.00205833 0.00205833
0.1993 0.8007 0.00204298 0.00204298
0.20108 0.79892 0.00207056 0.00207056
0.2012 0.7988 0.00207105 0.00207105
0.20051 0.79949 0.00213241 0.00213241
0.20132 0.79868 0.00217596 0.00217596
0.20114 0.79886 0.00218671 0.00218671
0.20065 0.79935 0.00219621 0.00219621
0.2009 0.7991 0.00213047 0.00213047
0.20084 0.79916 0.00219218 0.00219218
0.20143 0.79857 0.00222128 0.00222128
0.20136 0.79864 0.00222807 0.00222807
0.20041 0.79959 0.00210008 0.00210008
0.20067 0.79933 0.00209222 0.00209222
0.19942 0.80058 0.00208045 0.00208045
0.19953 0.80047 0.00207758 0.00207758
0.19997 0.80003 0.00213175 0.00213175
0.20002 0.79998 0.00212705 0.00212705
0.20062 0.79938 0.0022081 0.0022081
0.20076 0.79924 0.00217204 0.00217204
0.20078 0.79922 0.00218983 0.00218983
0.20034 0.79966 0.00214499 0.00214499
0.2016 0.7984 0.00218669 0.00218669
0.20217 0.79783 0.00214806 0.00214806
0.2016 0.7984 0.00214778 0.00214778
0.2019 0.7981 0.00223155 0.00223155
0.20208 0.79792 0.00223034 0.00223034
0.20204 0.79796 0.00218392 0.00218392
0.20177 0.79823 0.0021467 0.0021467
0.20127 0.79873 0.00209596 0.00209596
0.19988 0.80012 0.00213489 0.00213489
0.19983 0.80017 0.00218259 0.00218259
0.19916 0.80084 0.00212771 0.00212771
0.19982 0.80018 0.00219758 0.00219758
0.20032 0.79968 0.00212646 0.00212646
0.20022 0.79978 0.0021907 0.0021907
0.19977 0.80023 0.00216604 0.00216604
0.20047 0.79953 0.00210641 0.00210641
0.19969 0.80031 0.00208416 0.00208416
0.19952 0.80048 0.00202245 0.00202245
0.2007 0.7993 0.00213482 0.00213482
0.20096 0.79904 0.00221325 0.00221325
0.20106 0.79894 0.00231668 0.00231668
0.20047 0.79953 0.00229326 0.00229326
0.20073 0.79927 0.00232895 0.00232895
0.20051 0.79949 0.00241102 0.00241102
0.20117 0.79883 0.00245362 0.00245362
0.20094 0.79906 0.00239339 0.00239339
0.20078 0.79922 0.00234361 0.00234361
0.20086 0.79914 0.00240143 0.00240143
0.20078 0.79922 0.00234894 0.00234894
0.20024 0.79976 0.00234212 0.00234212
0.20074 0.79926 0.00240965 0.00240965
0.2 0.8 0.00242491 0.00242491
0.20092 0.79908 0.00248866 0.00248866
0.20082 0.79918 0.00254956 0.00254956
0.20214 0.79786 0.00256214 0.00256214
0.20229 0.79771 0.00253956 0.00253956
0.20222 0.79778 0.00252549 0.00252549
0.20145 0.79855 0.00254562 0.00254562
0.20165 0.79835 0.00263269 0.00263269
0.20233 0.79767 0.00265329 0.00265329
0.20261 0.79739 0.00265943 0.00265943
0.20252 0.79748 0.00262062 0.00262062
0.20239 0.79761 0.00257679 0.00257679
0.20159 0.79841 0.00249035 0.00249035
0.20043 0.79957 0.00244625 0.00244625
0.20065 0.79935 0.00231684 0.00231684
0.20165 0.79835 0.00235417 0.00235417
0.20109 0.79891 0.00234018 0.00234018
0.20116 0.79884 0.0023822 0.0023822
0.20128 0.79872 0.00224055 0.00224055
0.20149 0.79851 0.00224593 0.00224593
0.20086 0.79914 0.00217707 0.00217707
0.20057 0.79943 0.00214459 0.00214459
0.19943 0.80057 0.00223443 0.00223443
