0.49935 0.50065 6.82904e-05 6.82904e-05
0.49902 0.50098 0.000152929 0.000152929
0.49873 0.50127 0.000249573 0.000249573
0.49936 0.50064 0.000370617 0.000370617
0.49979 0.50021 0.000551258 0.000551258
0.49944 0.50056 0.000669158 0.000669158
0.49842 0.50158 0.000772933 0.000772933
0.4977 0.5023 0.000856212 0.000856212
0.49776 0.50224 0.00100168 0.00100168
0.49731 0.50269 0.00106405 0.00106405
0.49633 0.50367 0.00117968 0.00117968
0.49722 0.50278 0.00121983 0.00121983
0.49673 0.50327 0.00116965 0.00116965
0.49587 0.50413 0.00122803 0.00122803
0.49544 0.50456 0.00123728 0.00123728
0.49488 0.50512 0.00119948 0.00119948
0.49491 0.50509 0.00122067 0.00122067
0.49433 0.50567 0.00119746 0.00119746
0.49438 0.50562 0.00120834 0.00120834
0.49517 0.50483 0.00123915 0.00123915
0.49574 0.50426 0.00125331 0.00125331
0.49468 0.50532 0.00125646 0.00125646
0.49469 0.50531 0.00125351 0.00125351
0.49489 0.50511 0.0013241 0.0013241
0.49478 0.50522 0.00135242 0.00135242
0.49313 0.50687 0.00137902 0.00137902
0.49448 0.50552 0.00140207 0.00140207
0.49526 0.50474 0.00136329 0.00136329
0.49509 0.50491 0.00139374 0.00139374
0.49416 0.50584 0.0014606 0.0014606
0.49544 0.50456 0.00149096 0.00149096
0.49413 0.50587 0.00157365 0.00157365
0.49461 0.50539 0.00150329 0.00150329
0.49403 0.50597 0.00144688 0.00144688
0.49527 0.50473 0.00137444 0.00137444
0.49503 0.50497 0.00141542 0.00141542
0.4954 0.5046 0.00136604 0.00136604
0.4948 0.5052 0.00136634 0.00136634
0.49376 0.50624 0.00131245 0.00131245
0.49345 0.50655 0.00135045 0.00135045
0.49317 0.50683 0.00141578 0.00141578
0.4932 0.5068 0.0013624 0.0013624
0.49299 0.50701 0.00135173 0.00135173
0.49304 0.50696 0.0014438 0.0014438
0.49366 0.50634 0.00146784 0.00146784
0.4942 0.5058 0.00152222 0.00152222
0.49375 0.50625 0.00148467 0.00148467
0.4932 0.5068 0.00161259 0.00161259
0.4935 0.5065 0.00155957 0.00155957
0.49403 0.50597 0.00155868 0.00155868
0.49383 0.50617 0.00155798 0.00155798
0.49375 0.50625 0.0014928 0.0014928
0.49295 0.50705 0.0014735 0.0014735
0.49339 0.50661 0.00150828 0.00150828
0.4942 0.5058 0.00159903 0.00159903
0.49535 0.50465 0.00154952 0.00154952
0.49517 0.50483 0.00149917 0.00149917
0.49437 0.50563 0.00141533 0.00141533
0.49561 0.50439 0.00151064 0.00151064
0.49527 0.50473 0.00154668 0.00154668
0.49512 0.50488 0.00155974 0.00155974
0.49439 0.50561 0.00156064 0.00156064
0.4949 0.5051 0.00148114 0.00148114
0.49532 0.50468 0.00149646 0.00149646
0.49489 0.50511 0.00148307 0.00148307
0.49268 0.50732 0.00149935 0.00149935
0.4933 0.5067 0.00150831 0.00150831
0.4923 0.5077 0.00161094 0.00161094
0.49386 0.50614 0.0016216 0.0016216
0.49354 0.50646 0.00168023 0.00168023
0.49354 0.50646 0.00166055 0.00166055
0.49323 0.50677 0.00162153 0.00162153
0.49407 0.50593 0.00165617 0.00165617
0.49406 0.50594 0.00169959 0.00169959
0.49494 0.50506 0.0016862 0.0016862
0.49416 0.50584 0.00166153 0.00166153
0.49394 0.50606 0.00173897 0.00173897
0.49391 0.50609 0.00173711 0.00173711
0.49342 0.50658 0.00168081 0.00168081
0.49279 0.50721 0.00161815 0.00161815
0.49289 0.50711 0.00171794 0.00171794
0.49223 0.50777 0.00166624 0.00166624
0.49188 0.50812 0.00157797 0.00157797
0.4932 0.5068 0.00163259 0.00163259
0.49282 0.50718 0.00162663 0.00162663
0.49359 0.50641 0.00157152 0.00157152
0.49423 0.50577 0.00156771 0.00156771
0.49424 0.50576 0.00143384 0.00143384
0.49437 0.50563 0.00149886 0.00149886
0.49434 0.50566 0.0015935 0.0015935
0.49485 0.50515 0.00167593 0.00167593
0.4936 0.5064 0.00175964 0.00175964
0.49381 0.50619 0.00178557 0.00178557
0.49361 0.50639 0.00181727 0.00181727
0.49395 0.50605 0.0018437 0.0018437
0.49469 0.50531 0.00194377 0.00194377
0.49338 0.50662 0.0020407 0.0020407
0.49351 0.50649 0.00198965 0.00198965
0.49392 0.50608 0.00200224 0.00200224
0.49354 0.50646 0.00194969 0.00194969
0.49263 0.50737 0.00180757 0.00180757
0.49188 0.50812 0.00174298 0.00174298
0.49194 0.50806 0.00169244 0.00169244
0.4919 0.5081 0.0016926 0.0016926
0.49235 0.50765 0.00175374 0.00175374
0.4921 0.5079 0.00173056 0.00173056
0.49207 0.50793 0.00178447 0.00178447
0.49189 0.50811 0.00172642 0.00172642
0.49196 0.50804 0.00174788 0.00174788
0.49218 0.50782 0.00184183 0.00184183
0.4914 0.5086 0.00184851 0.00184851
0.49287 0.50713 0.00186254 0.00186254
0.49289 0.50711 0.00182157 0.00182157
0.49308 0.50692 0.00177743 0.00177743
0.4934 0.5066 0.00172325 0.00172325
0.49295 0.50705 0.00176878 0.00176878
0.49404 0.50596 0.00192159 0.00192159
0.49471 0.50529 0.00198651 0.00198651
0.49421 0.50579 0.0021251 0.0021251
0.49309 0.50691 0.00213204 0.00213204
0.49286 0.50714 0.00209451 0.00209451
0.49292 0.50708 0.00221611 0.00221611
0.49448 0.50552 0.00215284 0.00215284
0.49389 0.50611 0.00218105 0.00218105
0.49448 0.50552 0.00218801 0.00218801
0.49385 0.50615 0.00216415 0.00216415
0.49372 0.50628 0.00212049 0.00212049
0.49347 0.50653 0.00208278 0.00208278
0.49323 0.50677 0.00213535 0.00213535
0.49251 0.50749 0.00222084 0.00222084
0.49231 0.50769 0.00212515 0.00212515
0.49266 0.50734 0.00214471 0.00214471
0.49419 0.50581 0.00217345 0.00217345
0.49331 0.50669 0.00225472 0.00225472
0.49339 0.50661 0.00222612 0.00222612
0.49307 0.50693 0.00216827 0.00216827
0.49303 0.50697 0.00216393 0.00216393
0.4933 0.5067 0.00210167 0.00210167
0.49201 0.50799 0.00209064 0.00209064
0.4928 0.5072 0.00216709 0.00216709
0.49232 0.50768 0.00216002 0.00216002
0.49217 0.50783 0.00226764 0.00226764
0.4918 0.5082 0.0022504 0.0022504
0.49128 0.50872 0.00219412 0.00219412
0.49252 0.50748 0.00217613 0.00217613
0.49329 0.50671 0.00223421 0.00223421
0.49311 0.50689 0.00223592 0.00223592
0.49256 0.50744 0.00226057 0.00226057
0.492 0.508 0.00220463 0.00220463
0.49289 0.50711 0.00227749 0.00227749
0.49265 0.50735 0.00218324 0.00218324
0.49274 0.50726 0.002217 0.002217
0.49216 0.50784 0.00209753 0.00209753
0.49356 0.50644 0.00211031 0.00211031
0.49203 0.50797 0.00198167 0.00198167
0.49121 0.50879 0.00200766 0.00200766
0.49037 0.50963 0.00205518 0.00205518
0.49081 0.50919 0.00212321 0.00212321
0.49166 0.50834 0.00211685 0.00211685
0.49224 0.50776 0.00205261 0.00205261
0.49259 0.50741 0.00210689 0.00210689
0.49242 0.50758 0.00204645 0.00204645
0.49236 0.50764 0.0021385 0.0021385
0.49167 0.50833 0.00209424 0.00209424
0.49221 0.50779 0.00215108 0.00215108
0.49158 0.50842 0.00212247 0.00212247
0.49078 0.50922 0.00205096 0.00205096
0.49087 0.50913 0.00207535 0.00207535
0.49157 0.50843 0.00216871 0.00216871
0.49061 0.50939 0.00214555 0.00214555
0.49111 0.50889 0.00209089 0.00209089
0.49027 0.50973 0.00221058 0.00221058
0.49071 0.50929 0.00220538 0.00220538
0.49074 0.50926 0.00221246 0.00221246
0.49031 0.50969 0.0021762 0.0021762
0.49123 0.50877 0.00217287 0.00217287
0.49092 0.50908 0.00211343 0.00211343
0.49119 0.50881 0.00218161 0.00218161
0.49108 0.50892 0.00217345 0.00217345
0.49168 0.50832 0.00219008 0.00219008
0.49207 0.50793 0.00219401 0.00219401
0.49262 0.50738 0.00223286 0.00223286
0.49325 0.50675 0.00227092 0.00227092
0.49321 0.50679 0.002243 0.002243
0.49352 0.50648 0.00225744 0.00225744
0.4927 0.5073 0.0022066 0.0022066
0.49159 0.50841 0.00226117 0.00226117
0.49185 0.50815 0.00220754 0.00220754
0.49107 0.50893 0.00226964 0.00226964
0.49132 0.50868 0.00231699 0.00231699
0.49186 0.50814 0.0022582 0.0022582
0.49149 0.50851 0.00222023 0.00222023
0.49036 0.50964 0.00220585 0.00220585
0.49098 0.50902 0.00232958 0.00232958
0.49117 0.50883 0.00231792 0.00231792
0.49186 0.50814 0.00241364 0.00241364
0.49207 0.50793 0.00231306 0.00231306
0.49044 0.50956 0.00228485 0.00228485
0.49127 0.50873 0.0023247 0.0023247
0.49175 0.50825 0.00242673 0.00242673
0.49114 0.50886 0.00232768 0.00232768
0.49257 0.50743 0.00234188 0.00234188
0.49183 0.50817 0.00231598 0.00231598
0.49212 0.50788 0.00232431 0.00232431
0.4919 0.5081 0.00225682 0.00225682
0.49146 0.50854 0.00213556 0.00213556
0.49162 0.50838 0.00221426 0.00221426
0.49185 0.50815 0.00216665 0.00216665
0.49095 0.50905 0.00222314 0.00222314
0.49072 0.50928 0.00228826 0.00228826
0.49053 0.50947 0.00225878 0.00225878
0.49121 0.50879 0.00228067 0.00228067
0.49192 0.50808 0.00237775 0.00237775
0.49139 0.50861 0.00232588 0.00232588
0.49183 0.50817 0.00233742 0.00233742
0.49042 0.50958 0.00226794 0.00226794
0.49004 0.50996 0.00233198 0.00233198
0.48983 0.51017 0.00242616 0.00242616
0.49024 0.50976 0.00248909 0.00248909
0.48962 0.51038 0.00247836 0.00247836
0.4893 0.5107 0.00235722 0.00235722
0.48995 0.51005 0.00230534 0.00230534
0.48977 0.51023 0.0022527 0.0022527
0.49044 0.50956 0.00220314 0.00220314
0.49057 0.50943 0.00218461 0.00218461
0.49162 0.50838 0.00216224 0.00216224
0.49178 0.50822 0.00220193 0.00220193
0.49159 0.50841 0.00226433 0.00226433
0.49151 0.50849 0.00230302 0.00230302
0.49067 0.50933 0.00228408 0.00228408
0.49055 0.50945 0.00230839 0.00230839
0.49098 0.50902 0.00236875 0.00236875
0.49042 0.50958 0.0022881 0.0022881
0.49107 0.50893 0.00225916 0.00225916
0.49186 0.50814 0.00221224 0.00221224
0.49148 0.50852 0.00221078 0.00221078
0.49196 0.50804 0.00225044 0.00225044
0.4914 0.5086 0.0023804 0.0023804
0.49175 0.50825 0.00243411 0.00243411
0.49189 0.50811 0.00249186 0.00249186
0.49214 0.50786 0.00254032 0.00254032
0.49283 0.50717 0.00262822 0.00262822
0.49181 0.50819 0.00254383 0.00254383
0.49146 0.50854 0.00241094 0.00241094
0.49134 0.50866 0.00230322 0.00230322
0.49104 0.50896 0.00232202 0.00232202
0.49214 0.50786 0.00234083 0.00234083
0.49167 0.50833 0.00241441 0.00241441
0.49097 0.50903 0.00239664 0.00239664
0.49059 0.50941 0.00241936 0.00241936
0.49125 0.50875 0.00255486 0.00255486
0.49059 0.50941 0.0025357 0.0025357
0.4905 0.5095 0.00252496 0.00252496
0.49059 0.50941 0.00265604 0.00265604
0.49112 0.50888 0.00261352 0.00261352
0.49079 0.50921 0.00254328 0.00254328
0.49104 0.50896 0.00255147 0.00255147
0.49119 0.50881 0.00252387 0.00252387
0.49203 0.50797 0.00245657 0.00245657
0.49203 0.50797 0.00242761 0.00242761
0.49257 0.50743 0.00242786 0.00242786
0.49179 0.50821 0.00254178 0.00254178
0.49186 0.50814 0.00252309 0.00252309
0.49194 0.50806 0.00243505 0.00243505
0.49216 0.50784 0.00240238 0.00240238
0.49196 0.50804 0.00246893 0.00246893
0.49168 0.50832 0.0024986 0.0024986
0.49126 0.50874 0.00253842 0.00253842
0.49244 0.50756 0.00252378 0.00252378
0.49282 0.50718 0.00251138 0.00251138
0.49205 0.50795 0.00244271 0.00244271
0.4921 0.5079 0.00244761 0.00244761
0.4919 0.5081 0.00241274 0.00241274
0.49165 0.50835 0.00245324 0.00245324
0.49092 0.50908 0.00240921 0.00240921
0.49069 0.50931 0.002357 0.002357
0.49002 0.50998 0.00250792 0.00250792
0.48956 0.51044 0.00247344 0.00247344
0.48956 0.51044 0.00235037 0.00235037
0.48976 0.51024 0.00246867 0.00246867
0.4902 0.5098 0.00244988 0.00244988
0.49077 0.50923 0.00245913 0.00245913
0.49062 0.50938 0.00243545 0.00243545
0.49134 0.50866 0.00245538 0.00245538
0.49081 0.50919 0.00247135 0.00247135
0.4915 0.5085 0.00240153 0.00240153
0.49121 0.50879 0.00241429 0.00241429
0.4921 0.5079 0.00245908 0.00245908
0.49258 0.50742 0.00248524 0.00248524
0.49396 0.50604 0.00260305 0.00260305
0.4935 0.5065 0.00261809 0.00261809
0.4936 0.5064 0.00243861 0.00243861
0.49271 0.50729 0.00238279 0.00238279
0.49202 0.50798 0.00247085 0.00247085
0.49223 0.50777 0.00240476 0.00240476
0.49244 0.50756 0.00248199 0.00248199
0.49151 0.50849 0.00251639 0.00251639
0.49149 0.50851 0.00253496 0.00253496
0.49142 0.50858 0.00255004 0.00255004
0.49196 0.50804 0.00260852 0.00260852
0.4918 0.5082 0.00269701 0.00269701
0.49187 0.50813 0.00268535 0.00268535
0.49145 0.50855 0.00264886 0.00264886
0.49137 0.50863 0.00267559 0.00267559
0.49175 0.50825 0.00270861 0.00270861
0.49281 0.50719 0.00271486 0.00271486
0.49276 0.50724 0.00270156 0.00270156
0.4922 0.5078 0.00277269 0.00277269
0.49224 0.50776 0.0027473 0.0027473
0.49195 0.50805 0.00263532 0.00263532
0.49205 0.50795 0.0026288 0.0026288
0.49201 0.50799 0.00272904 0.00272904
0.49223 0.50777 0.00270107 0.00270107
0.49284 0.50716 0.00270565 0.00270565
0.49229 0.50771 0.00270916 0.00270916
0.49211 0.50789 0.00262626 0.00262626
0.49127 0.50873 0.00266575 0.00266575
0.4911 0.5089 0.00257429 0.00257429
0.49082 0.50918 0.00272096 0.00272096
0.49106 0.50894 0.00272945 0.00272945
0.49166 0.50834 0.00280297 0.00280297
0.49149 0.50851 0.00281369 0.00281369
0.49168 0.50832 0.00287616 0.00287616
0.4919 0.5081 0.00279506 0.00279506
0.49185 0.50815 0.00279397 0.00279397
0.49284 0.50716 0.002733 0.002733
0.49303 0.50697 0.0026589 0.0026589
0.49279 0.50721 0.00259597 0.00259597
0.49287 0.50713 0.00256949 0.00256949
0.49177 0.50823 0.00259388 0.00259388
0.49027 0.50973 0.00263519 0.00263519
0.49164 0.50836 0.00272369 0.00272369
0.49189 0.50811 0.00273331 0.00273331
0.4911 0.5089 0.00270791 0.00270791
0.49072 0.50928 0.00259859 0.00259859
0.49153 0.50847 0.00257029 0.00257029
0.49126 0.50874 0.00253741 0.00253741
0.49076 0.50924 0.00254267 0.00254267
0.49006 0.50994 0.00266414 0.00266414
0.49056 0.50944 0.00269304 0.00269304
0.49172 0.50828 0.00265412 0.00265412
0.49006 0.50994 0.00257117 0.00257117
0.49167 0.50833 0.00264388 0.00264388
0.49276 0.50724 0.00260584 0.00260584
0.49095 0.50905 0.00260631 0.00260631
0.4909 0.5091 0.00258843 0.00258843
0.49109 0.50891 0.00270233 0.00270233
0.4912 0.5088 0.00260489 0.00260489
0.49181 0.50819 0.00253327 0.00253327
0.49194 0.50806 0.00257256 0.00257256
0.49177 0.50823 0.00260428 0.00260428
0.49283 0.50717 0.00262127 0.00262127
0.49127 0.50873 0.00258899 0.00258899
0.49182 0.50818 0.00260017 0.00260017
0.49204 0.50796 0.00269149 0.00269149
0.49165 0.50835 0.00270073 0.00270073
0.4911 0.5089 0.00272092 0.00272092
0.49133 0.50867 0.00257986 0.00257986
0.49033 0.50967 0.00260384 0.00260384
0.49105 0.50895 0.00261172 0.00261172
0.49114 0.50886 0.00263842 0.00263842
0.49144 0.50856 0.00263912 0.00263912
0.49077 0.50923 0.00265592 0.00265592
0.49098 0.50902 0.00263038 0.00263038
0.49136 0.50864 0.00266896 0.00266896
0.49011 0.50989 0.00260778 0.00260778
0.49186 0.50814 0.00260933 0.00260933
0.49184 0.50816 0.0026723 0.0026723
0.4921 0.5079 0.00261282 0.00261282
0.4922 0.5078 0.00264857 0.00264857
0.4913 0.5087 0.00262165 0.00262165
0.49059 0.50941 0.0025798 0.0025798
0.49126 0.50874 0.00262232 0.00262232
0.49139 0.50861 0.00262224 0.00262224
0.49182 0.50818 0.00267401 0.00267401
0.49174 0.50826 0.00260288 0.00260288
0.49225 0.50775 0.00260199 0.00260199
0.49134 0.50866 0.00275912 0.00275912
0.49183 0.50817 0.00284146 0.00284146
0.49163 0.50837 0.00290965 0.00290965
0.49128 0.50872 0.00298962 0.00298962
0.49176 0.50824 0.00307687 0.00307687
0.49229 0.50771 0.00305657 0.00305657
0.49287 0.50713 0.00300603 0.00300603
0.49236 0.50764 0.0029094 0.0029094
0.49213 0.50787 0.00295064 0.00295064
0.49244 0.50756 0.00291534 0.00291534
0.49441 0.50559 0.00288689 0.00288689
0.49382 0.50618 0.00288575 0.00288575
0.49318 0.50682 0.00288801 0.00288801
0.49319 0.50681 0.00285486 0.00285486
0.49308 0.50692 0.00284456 0.00284456
0.49414 0.50586 0.00289024 0.00289024
0.49331 0.50669 0.00287708 0.00287708
0.49189 0.50811 0.00285501 0.00285501
0.49162 0.50838 0.00289002 0.00289002
0.4913 0.5087 0.00303452 0.00303452
0.49184 0.50816 0.00312133 0.00312133
0.49132 0.50868 0.00304662 0.00304662
0.49171 0.50829 0.003003 0.003003
0.49112 0.50888 0.00294889 0.00294889
0.49123 0.50877 0.00294683 0.00294683
0.49225 0.50775 0.00286886 0.00286886
0.49055 0.50945 0.00286243 0.00286243
0.49048 0.50952 0.0028133 0.0028133
0.48907 0.51093 0.00292736 0.00292736
0.4891 0.5109 0.00301736 0.00301736
0.48947 0.51053 0.00302375 0.00302375
0.48923 0.51077 0.0029181 0.0029181
0.48995 0.51005 0.00287979 0.00287979
0.48962 0.51038 0.00283858 0.00283858
0.4898 0.5102 0.0030219 0.0030219
0.49055 0.50945 0.00299027 0.00299027
0.49105 0.50895 0.00303958 0.00303958
0.48972 0.51028 0.00322138 0.00322138
0.48908 0.51092 0.00317816 0.00317816
0.48976 0.51024 0.00327384 0.00327384
0.48994 0.51006 0.00324674 0.00324674
0.4903 0.5097 0.00321678 0.00321678
0.48895 0.51105 0.00299383 0.00299383
0.48907 0.51093 0.00307253 0.00307253
0.49034 0.50966 0.00301782 0.00301782
0.49075 0.50925 0.0031031 0.0031031
0.49078 0.50922 0.00306013 0.00306013
0.49092 0.50908 0.00310927 0.00310927
0.4911 0.5089 0.0032289 0.0032289
0.4916 0.5084 0.00316156 0.00316156
0.49225 0.50775 0.00305409 0.00305409
0.49116 0.50884 0.00306139 0.00306139
0.49217 0.50783 0.00319493 0.00319493
0.49189 0.50811 0.00305204 0.00305204
0.49196 0.50804 0.00301418 0.00301418
0.49171 0.50829 0.00293677 0.00293677
0.49055 0.50945 0.00283528 0.00283528
0.48999 0.51001 0.00297369 0.00297369
0.49088 0.50912 0.00300261 0.00300261
0.49076 0.50924 0.00305354 0.00305354
0.491 0.509 0.00299911 0.00299911
0.4909 0.5091 0.0030913 0.0030913
0.49121 0.50879 0.00313855 0.00313855
0.49184 0.50816 0.00323741 0.00323741
0.4921 0.5079 0.003237 0.003237
0.49215 0.50785 0.00344162 0.00344162
0.49232 0.50768 0.00340943 0.00340943
0.49152 0.50848 0.00344839 0.00344839
0.49132 0.50868 0.00358822 0.00358822
0.49147 0.50853 0.00366199 0.00366199
0.49088 0.50912 0.0035639 0.0035639
0.4912 0.5088 0.00353236 0.00353236
0.49154 0.50846 0.00349336 0.00349336
0.49063 0.50937 0.00348721 0.00348721
0.49048 0.50952 0.00338209 0.00338209
0.49176 0.50824 0.00347307 0.00347307
0.49234 0.50766 0.00349986 0.00349986
0.49102 0.50898 0.00350863 0.00350863
0.49042 0.50958 0.00350271 0.00350271
0.49167 0.50833 0.00341867 0.00341867
0.49161 0.50839 0.00345137 0.00345137
0.49217 0.50783 0.00349047 0.00349047
0.49142 0.50858 0.00351352 0.00351352
0.49176 0.50824 0.00352053 0.00352053
0.49179 0.50821 0.0035751 0.0035751
0.49214 0.50786 0.00347859 0.00347859
0.4917 0.5083 0.00350886 0.00350886
0.49101 0.50899 0.00350722 0.00350722
0.49285 0.50715 0.00342774 0.00342774
0.49267 0.50733 0.00341045 0.00341045
0.49286 0.50714 0.00353776 0.00353776
0.49257 0.50743 0.00357683 0.00357683
0.49232 0.50768 0.00343121 0.00343121
0.49227 0.50773 0.00336565 0.00336565
0.49273 0.50727 0.00330624 0.00330624
0.49213 0.50787 0.00329195 0.00329195
0.49266 0.50734 0.00334562 0.00334562
0.49278 0.50722 0.00339225 0.00339225
0.49303 0.50697 0.00334235 0.00334235
0.49322 0.50678 0.00337126 0.00337126
0.49487 0.50513 0.00331466 0.00331466
0.49484 0.50516 0.00323092 0.00323092
0.49494 0.50506 0.00327149 0.00327149
0.49502 0.50498 0.00322048 0.00322048
0.49475 0.50525 0.00325766 0.00325766
0.49473 0.50527 0.00332828 0.00332828
0.49517 0.50483 0.00333667 0.00333667
0.49514 0.50486 0.00321636 0.00321636
0.49515 0.50485 0.00315035 0.00315035
0.49473 0.50527 0.00321274 0.00321274
0.49518 0.50482 0.0031968 0.0031968
0.49533 0.50467 0.00317847 0.00317847
0.49317 0.50683 0.00323214 0.00323214
0.49462 0.50538 0.0033585 0.0033585
0.49449 0.50551 0.00341609 0.00341609
0.49425 0.50575 0.00355435 0.00355435
0.49386 0.50614 0.00344323 0.00344323
0.49398 0.50602 0.00349515 0.00349515
0.49459 0.50541 0.00347893 0.00347893
0.49469 0.50531 0.00333749 0.00333749
0.49451 0.50549 0.00333904 0.00333904
0.49396 0.50604 0.00325699 0.00325699
0.49417 0.50583 0.00317315 0.00317315
