0.49922 0.50078 8.77939e-06 8.77939e-06
0.49945 0.50055 1.62298e-05 1.62298e-05
0.4996 0.5004 2.59192e-05 2.59192e-05
0.49957 0.50043 3.35809e-05 3.35809e-05
0.49964 0.50036 3.6657e-05 3.6657e-05
0.4993 0.5007 4.50808e-05 4.50808e-05
0.49913 0.50087 4.45789e-05 4.45789e-05
0.49912 0.50088 5.09552e-05 5.09552e-05
0.49891 0.50109 5.02443e-05 5.02443e-05
0.4989 0.5011 5.13636e-05 5.13636e-05
0.4989 0.5011 5.77273e-05 5.77273e-05
0.49854 0.50146 5.84731e-05 5.84731e-05
0.49875 0.50125 7.38662e-05 7.38662e-05
0.49868 0.50132 6.86844e-05 6.86844e-05
0.49858 0.50142 8.16804e-05 8.16804e-05
0.49874 0.50126 9.0356e-05 9.0356e-05
0.49877 0.50123 9.14516e-05 9.14516e-05
0.49903 0.50097 8.88779e-05 8.88779e-05
0.49882 0.50118 9.37855e-05 9.37855e-05
0.4992 0.5008 8.88485e-05 8.88485e-05
0.49927 0.50073 8.96334e-05 8.96334e-05
0.49953 0.50047 8.34233e-05 8.34233e-05
0.49921 0.50079 8.61878e-05 8.61878e-05
0.49976 0.50024 9.51943e-05 9.51943e-05
0.49954 0.50046 8.54832e-05 8.54832e-05
0.49907 0.50093 9.07728e-05 9.07728e-05
0.49878 0.50122 9.14461e-05 9.14461e-05
0.49925 0.50075 8.49773e-05 8.49773e-05
0.49901 0.50099 8.95858e-05 8.95858e-05
0.49886 0.50114 9.11317e-05 9.11317e-05
0.49853 0.50147 9.28779e-05 9.28779e-05
0.49832 0.50168 0.000105311 0.000105311
0.49804 0.50196 0.000108301 0.000108301
0.49816 0.50184 0.000113348 0.000113348
0.49798 0.50202 0.000115979 0.000115979
0.49864 0.50136 0.000112172 0.000112172
0.4986 0.5014 0.000105596 0.000105596
0.49856 0.50144 0.000101643 0.000101643
0.49882 0.50118 0.000103159 0.000103159
0.49916 0.50084 0.000104015 0.000104015
0.49917 0.50083 0.000106688 0.000106688
0.49882 0.50118 9.77248e-05 9.77248e-05
0.49918 0.50082 9.25127e-05 9.25127e-05
0.49859 0.50141 8.88302e-05 8.88302e-05
0.49836 0.50164 0.000100657 0.000100657
0.49869 0.50131 9.29231e-05 9.29231e-05
0.49876 0.50124 9.05681e-05 9.05681e-05
0.49844 0.50156 8.55822e-05 8.55822e-05
0.49834 0.50166 8.07519e-05 8.07519e-05
0.4986 0.5014 8.64848e-05 8.64848e-05
0.49868 0.50132 8.54117e-05 8.54117e-05
0.49889 0.50111 9.10686e-05 9.10686e-05
0.49877 0.50123 0.000103512 0.000103512
0.49961 0.50039 9.75332e-05 9.75332e-05
0.49943 0.50057 9.99849e-05 9.99849e-05
0.49891 0.50109 0.000100588 0.000100588
0.49852 0.50148 0.000100394 0.000100394
0.49871 0.50129 0.000108895 0.000108895
0.49893 0.50107 0.000108207 0.000108207
0.49913 0.50087 0.000110195 0.000110195
0.49914 0.50086 0.00012 0.00012
0.49903 0.50097 0.000129019 0.000129019
0.49948 0.50052 0.000129202 0.000129202
0.49859 0.50141 0.000131719 0.000131719
0.49854 0.50146 0.000129443 0.000129443
0.49838 0.50162 0.000131511 0.000131511
0.49927 0.50073 0.000120543 0.000120543
0.49908 0.50092 0.000121812 0.000121812
0.49872 0.50128 0.000126971 0.000126971
0.49879 0.50121 0.000118814 0.000118814
0.4989 0.5011 0.000106758 0.000106758
0.49903 0.50097 0.00010306 0.00010306
0.49932 0.50068 0.000107351 0.000107351
0.49933 0.50067 0.000111072 0.000111072
0.49884 0.50116 0.000109974 0.000109974
0.49844 0.50156 0.000121158 0.000121158
0.49867 0.50133 0.000129617 0.000129617
0.4986 0.5014 0.000141556 0.000141556
0.49855 0.50145 0.000142856 0.000142856
0.49864 0.50136 0.000143647 0.000143647
0.49845 0.50155 0.000146452 0.000146452
0.49841 0.50159 0.000151982 0.000151982
0.4982 0.5018 0.000151232 0.000151232
0.49817 0.50183 0.000148425 0.000148425
0.49827 0.50173 0.000133512 0.000133512
0.4982 0.5018 0.000134505 0.000134505
0.49826 0.50174 0.000132619 0.000132619
0.49837 0.50163 0.00013866 0.00013866
0.49873 0.50127 0.000133068 0.000133068
0.49865 0.50135 0.00013025 0.00013025
0.49862 0.50138 0.000117834 0.000117834
0.49824 0.50176 0.000118447 0.000118447
0.49807 0.50193 0.000107864 0.000107864
0.49808 0.50192 0.000115832 0.000115832
0.49803 0.50197 0.000122332 0.000122332
0.49826 0.50174 0.000136316 0.000136316
0.49826 0.50174 0.000146053 0.000146053
0.49886 0.50114 0.00013994 0.00013994
0.49964 0.50036 0.000133707 0.000133707
0.4991 0.5009 0.000128434 0.000128434
0.49931 0.50069 0.000125751 0.000125751
0.49877 0.50123 0.000125734 0.000125734
0.49907 0.50093 0.000118894 0.000118894
0.49937 0.50063 0.00013072 0.00013072
0.49889 0.50111 0.000126099 0.000126099
0.49911 0.50089 0.000130766 0.000130766
0.49887 0.50113 0.00011971 0.00011971
0.49877 0.50123 0.000115351 0.000115351
0.4985 0.5015 0.000110697 0.000110697
0.49809 0.50191 0.000111739 0.000111739
0.49771 0.50229 0.000107986 0.000107986
0.49809 0.50191 0.000115174 0.000115174
0.49805 0.50195 0.000111583 0.000111583
0.49806 0.50194 0.000113512 0.000113512
0.49853 0.50147 0.000113827 0.000113827
0.49871 0.50129 0.000119824 0.000119824
0.49833 0.50167 0.000121577 0.000121577
0.49824 0.50176 0.000121538 0.000121538
0.49811 0.50189 0.000131109 0.000131109
0.49834 0.50166 0.000142025 0.000142025
0.49845 0.50155 0.000133765 0.000133765
0.49847 0.50153 0.000132676 0.000132676
0.49844 0.50156 0.000131562 0.000131562
0.49851 0.50149 0.000137222 0.000137222
0.49916 0.50084 0.000133671 0.000133671
0.49909 0.50091 0.000129214 0.000129214
0.49885 0.50115 0.000123139 0.000123139
0.49885 0.50115 0.000118755 0.000118755
0.49889 0.50111 0.000116988 0.000116988
0.49896 0.50104 0.000118402 0.000118402
0.49893 0.50107 0.000113662 0.000113662
0.49904 0.50096 0.00011416 0.00011416
0.49864 0.50136 0.000113748 0.000113748
0.49888 0.50112 0.000113541 0.000113541
0.49871 0.50129 0.000117885 0.000117885
0.49884 0.50116 0.000117045 0.000117045
0.49865 0.50135 0.000121098 0.000121098
0.49854 0.50146 0.000122211 0.000122211
0.49891 0.50109 0.000119275 0.000119275
0.4988 0.5012 0.000118505 0.000118505
0.49829 0.50171 0.000116228 0.000116228
0.49804 0.50196 0.000107291 0.000107291
0.49811 0.50189 0.000100644 0.000100644
0.49826 0.50174 0.000106376 0.000106376
0.4984 0.5016 0.000105818 0.000105818
0.49843 0.50157 0.000103864 0.000103864
0.49882 0.50118 9.724e-05 9.724e-05
0.49862 0.50138 9.39956e-05 9.39956e-05
0.49935 0.50065 0.000103159 0.000103159
0.49962 0.50038 0.000102339 0.000102339
0.49953 0.50047 0.000115848 0.000115848
0.49995 0.50005 0.000118755 0.000118755
0.4997 0.5003 0.000115626 0.000115626
0.49939 0.50061 0.00011717 0.00011717
0.49945 0.50055 0.000116694 0.000116694
0.49933 0.50067 0.000121516 0.000121516
0.49953 0.50047 0.000120817 0.000120817
0.49929 0.50071 0.000122713 0.000122713
0.49852 0.50148 0.000126737 0.000126737
0.49888 0.50112 0.000137339 0.000137339
0.49899 0.50101 0.000127727 0.000127727
0.4988 0.5012 0.000124828 0.000124828
0.49813 0.50187 0.000124943 0.000124943
0.4981 0.5019 0.000127747 0.000127747
0.49791 0.50209 0.000140204 0.000140204
0.49811 0.50189 0.000136463 0.000136463
0.49829 0.50171 0.000141885 0.000141885
0.49777 0.50223 0.000143532 0.000143532
0.49759 0.50241 0.000138103 0.000138103
0.49742 0.50258 0.000129579 0.000129579
0.49782 0.50218 0.000129139 0.000129139
0.49766 0.50234 0.000128691 0.000128691
0.49713 0.50287 0.000138235 0.000138235
0.4978 0.5022 0.000139131 0.000139131
0.49765 0.50235 0.000138533 0.000138533
0.49745 0.50255 0.000134472 0.000134472
0.4974 0.5026 0.000126929 0.000126929
0.49741 0.50259 0.000129578 0.000129578
0.49789 0.50211 0.000126119 0.000126119
0.49767 0.50233 0.000130082 0.000130082
0.49785 0.50215 0.000138189 0.000138189
0.49795 0.50205 0.000135624 0.000135624
0.49821 0.50179 0.000137582 0.000137582
0.49819 0.50181 0.000135549 0.000135549
0.49888 0.50112 0.000130713 0.000130713
0.49884 0.50116 0.000133732 0.000133732
0.49877 0.50123 0.000124543 0.000124543
0.49854 0.50146 0.00012512 0.00012512
0.49861 0.50139 0.000120846 0.000120846
0.499 0.501 0.000124889 0.000124889
0.49905 0.50095 0.000126412 0.000126412
0.49898 0.50102 0.000128686 0.000128686
0.49837 0.50163 0.000131771 0.000131771
0.49859 0.50141 0.000127335 0.000127335
0.49865 0.50135 0.000128593 0.000128593
0.49891 0.50109 0.000125477 0.000125477
0.49864 0.50136 0.000139263 0.000139263
0.49894 0.50106 0.000142279 0.000142279
0.49902 0.50098 0.000135838 0.000135838
0.49888 0.50112 0.000125804 0.000125804
0.49849 0.50151 0.000122757 0.000122757
0.49902 0.50098 0.000132262 0.000132262
0.49897 0.50103 0.000117868 0.000117868
0.49836 0.50164 0.000128556 0.000128556
0.49837 0.50163 0.000131953 0.000131953
0.49881 0.50119 0.000134398 0.000134398
0.49896 0.50104 0.000133534 0.000133534
0.49938 0.50062 0.000131915 0.000131915
0.49948 0.50052 0.000125323 0.000125323
0.49881 0.50119 0.000123327 0.000123327
0.49874 0.50126 0.000127427 0.000127427
0.4991 0.5009 0.000111626 0.000111626
0.49931 0.50069 0.000116216 0.000116216
0.49884 0.50116 0.000128924 0.000128924
0.499 0.501 0.000142929 0.000142929
0.49901 0.50099 0.000144071 0.000144071
0.49927 0.50073 0.000151088 0.000151088
0.49901 0.50099 0.000151606 0.000151606
0.49912 0.50088 0.000151177 0.000151177
0.49934 0.50066 0.000146792 0.000146792
0.49921 0.50079 0.000130673 0.000130673
0.49883 0.50117 0.00013293 0.00013293
0.4989 0.5011 0.000129485 0.000129485
0.49871 0.50129 0.000128208 0.000128208
0.49864 0.50136 0.000122899 0.000122899
0.49893 0.50107 0.000124429 0.000124429
0.49863 0.50137 0.000128943 0.000128943
0.49894 0.50106 0.000129491 0.000129491
0.49947 0.50053 0.000133767 0.000133767
0.49948 0.50052 0.000141808 0.000141808
0.49958 0.50042 0.000145135 0.000145135
0.4997 0.5003 0.000140879 0.000140879
0.49921 0.50079 0.000151844 0.000151844
0.49924 0.50076 0.000143942 0.000143942
0.49908 0.50092 0.000147509 0.000147509
0.49866 0.50134 0.000145762 0.000145762
0.49903 0.50097 0.000134797 0.000134797
0.49927 0.50073 0.000139674 0.000139674
0.49916 0.50084 0.000127732 0.000127732
0.49897 0.50103 0.000118474 0.000118474
0.49871 0.50129 0.000112208 0.000112208
0.49866 0.50134 0.000118247 0.000118247
0.49905 0.50095 0.00011726 0.00011726
0.49884 0.50116 0.000116035 0.000116035
0.49859 0.50141 0.000124931 0.000124931
0.49864 0.50136 0.000119041 0.000119041
0.49853 0.50147 0.000117969 0.000117969
0.49856 0.50144 0.000125865 0.000125865
0.49858 0.50142 0.000115377 0.000115377
0.49869 0.50131 0.000115772 0.000115772
0.49888 0.50112 0.000122127 0.000122127
0.49882 0.50118 0.000124169 0.000124169
0.49847 0.50153 0.000128373 0.000128373
0.49847 0.50153 0.000128575 0.000128575
0.49824 0.50176 0.000129053 0.000129053
0.49795 0.50205 0.000131119 0.000131119
0.49782 0.50218 0.000122533 0.000122533
0.49781 0.50219 0.000115529 0.000115529
0.49833 0.50167 0.000114789 0.000114789
0.49798 0.50202 0.000115798 0.000115798
0.49773 0.50227 0.000121229 0.000121229
0.49788 0.50212 0.000114147 0.000114147
0.49782 0.50218 0.000117664 0.000117664
0.49837 0.50163 0.000121407 0.000121407
0.49842 0.50158 0.000119882 0.000119882
0.49822 0.50178 0.00012484 0.00012484
0.49792 0.50208 0.000118095 0.000118095
0.49787 0.50213 0.00011769 0.00011769
0.49817 0.50183 0.000114688 0.000114688
0.49827 0.50173 0.000104866 0.000104866
0.49854 0.50146 0.000106514 0.000106514
0.49865 0.50135 0.000104694 0.000104694
0.49859 0.50141 0.0001078 0.0001078
0.4985 0.5015 0.000108657 0.000108657
0.49833 0.50167 0.000116345 0.000116345
0.49786 0.50214 0.000122404 0.000122404
0.49832 0.50168 0.000131715 0.000131715
0.49885 0.50115 0.000127139 0.000127139
0.49935 0.50065 0.000128957 0.000128957
0.49947 0.50053 0.000125383 0.000125383
0.49912 0.50088 0.000123965 0.000123965
0.49899 0.50101 0.000126919 0.000126919
0.49915 0.50085 0.000127462 0.000127462
0.4993 0.5007 0.000129707 0.000129707
0.49945 0.50055 0.000126452 0.000126452
0.49994 0.50006 0.000117471 0.000117471
0.49967 0.50033 0.000113072 0.000113072
0.49974 0.50026 0.000104942 0.000104942
0.49974 0.50026 0.000113083 0.000113083
0.49911 0.50089 0.000115877 0.000115877
0.49869 0.50131 0.000113933 0.000113933
0.49877 0.50123 0.000102866 0.000102866
0.49861 0.50139 0.000104341 0.000104341
0.4989 0.5011 9.76061e-05 9.76061e-05
0.49908 0.50092 9.56097e-05 9.56097e-05
0.49917 0.50083 0.00010588 0.00010588
0.49891 0.50109 0.000112507 0.000112507
0.49879 0.50121 0.000115945 0.000115945
0.49814 0.50186 0.000111435 0.000111435
0.49831 0.50169 0.000117327 0.000117327
0.49874 0.50126 0.000115629 0.000115629
0.49838 0.50162 0.000133753 0.000133753
0.49845 0.50155 0.000123482 0.000123482
0.49852 0.50148 0.000123303 0.000123303
0.49819 0.50181 0.000121549 0.000121549
0.49829 0.50171 0.000122188 0.000122188
0.49825 0.50175 0.000127038 0.000127038
0.49798 0.50202 0.000129939 0.000129939
0.4976 0.5024 0.000127434 0.000127434
0.49807 0.50193 0.000127419 0.000127419
0.4983 0.5017 0.00012999 0.00012999
0.49857 0.50143 0.000123621 0.000123621
0.4982 0.5018 0.000123495 0.000123495
0.49859 0.50141 0.000112204 0.000112204
0.49832 0.50168 0.000116078 0.000116078
0.49827 0.50173 0.000132724 0.000132724
0.49806 0.50194 0.000129512 0.000129512
0.49787 0.50213 0.000123771 0.000123771
0.49736 0.50264 0.000136576 0.000136576
0.49751 0.50249 0.000129788 0.000129788
0.49741 0.50259 0.000131982 0.000131982
0.49756 0.50244 0.00013635 0.00013635
0.49815 0.50185 0.00012829 0.00012829
0.49838 0.50162 0.000121773 0.000121773
0.49871 0.50129 0.000121036 0.000121036
0.49863 0.50137 0.000121953 0.000121953
0.49859 0.50141 0.000117699 0.000117699
0.49845 0.50155 0.000117301 0.000117301
0.49795 0.50205 0.000121503 0.000121503
0.49814 0.50186 0.000120485 0.000120485
0.49898 0.50102 0.000134242 0.000134242
0.49859 0.50141 0.000134568 0.000134568
0.49889 0.50111 0.000128665 0.000128665
0.49902 0.50098 0.00013105 0.00013105
0.49935 0.50065 0.000132795 0.000132795
0.49883 0.50117 0.000127658 0.000127658
0.49885 0.50115 0.000133705 0.000133705
0.49862 0.50138 0.000127672 0.000127672
0.49798 0.50202 0.000122909 0.000122909
0.49832 0.50168 0.000117876 0.000117876
0.49841 0.50159 0.000127093 0.000127093
0.49793 0.50207 0.000135338 0.000135338
0.49833 0.50167 0.000136345 0.000136345
0.49823 0.50177 0.000143027 0.000143027
0.49818 0.50182 0.00015724 0.00015724
0.49873 0.50127 0.00016531 0.00016531
0.4983 0.5017 0.000167 0.000167
0.49801 0.50199 0.000155061 0.000155061
0.49776 0.50224 0.000145982 0.000145982
0.49743 0.50257 0.000147945 0.000147945
0.4971 0.5029 0.000143384 0.000143384
0.49713 0.50287 0.000138033 0.000138033
0.49709 0.50291 0.000131073 0.000131073
0.49717 0.50283 0.000124526 0.000124526
0.4974 0.5026 0.000133232 0.000133232
0.4976 0.5024 0.000135778 0.000135778
0.49811 0.50189 0.000130806 0.000130806
0.49832 0.50168 0.000136058 0.000136058
0.4981 0.5019 0.000133687 0.000133687
0.49817 0.50183 0.00014588 0.00014588
0.49866 0.50134 0.000143196 0.000143196
0.49826 0.50174 0.000143043 0.000143043
0.49857 0.50143 0.00013348 0.00013348
0.49883 0.50117 0.000129536 0.000129536
0.49892 0.50108 0.00013462 0.00013462
0.49879 0.50121 0.000147723 0.000147723
0.49898 0.50102 0.000137919 0.000137919
0.49909 0.50091 0.000136547 0.000136547
0.49858 0.50142 0.000143135 0.000143135
0.49882 0.50118 0.000141745 0.000141745
0.49896 0.50104 0.000128887 0.000128887
0.49858 0.50142 0.000120792 0.000120792
0.49874 0.50126 0.000127568 0.000127568
0.49901 0.50099 0.000132677 0.000132677
0.4989 0.5011 0.000132394 0.000132394
0.49863 0.50137 0.000136276 0.000136276
0.49881 0.50119 0.000135287 0.000135287
0.49887 0.50113 0.000135589 0.000135589
0.49852 0.50148 0.000128111 0.000128111
0.4985 0.5015 0.000124232 0.000124232
0.49915 0.50085 0.000132816 0.000132816
0.49867 0.50133 0.000131355 0.000131355
0.49852 0.50148 0.000137222 0.000137222
0.49889 0.50111 0.000136947 0.000136947
0.49883 0.50117 0.000127961 0.000127961
0.49856 0.50144 0.000118309 0.000118309
0.49913 0.50087 0.000118518 0.000118518
0.49932 0.50068 0.000119189 0.000119189
0.4994 0.5006 0.000122263 0.000122263
0.49964 0.50036 0.000117081 0.000117081
0.49926 0.50074 0.000110376 0.000110376
0.49946 0.50054 0.000101766 0.000101766
0.49942 0.50058 0.000100953 0.000100953
0.49979 0.50021 0.000113743 0.000113743
0.4998 0.5002 0.000112525 0.000112525
0.49982 0.50018 0.000108937 0.000108937
0.50011 0.49989 0.000102786 0.000102786
0.50034 0.49966 0.000106893 0.000106893
0.50013 0.49987 0.000113104 0.000113104
0.49979 0.50021 0.000117804 0.000117804
0.49898 0.50102 0.000128505 0.000128505
0.49947 0.50053 0.000131949 0.000131949
0.4992 0.5008 0.000138444 0.000138444
0.49914 0.50086 0.000122748 0.000122748
0.49883 0.50117 0.00012289 0.00012289
0.49861 0.50139 0.000119432 0.000119432
0.49882 0.50118 0.000111543 0.000111543
0.49847 0.50153 0.000104656 0.000104656
0.49817 0.50183 9.55163e-05 9.55163e-05
0.49815 0.50185 0.000104533 0.000104533
0.49837 0.50163 0.000101771 0.000101771
0.49836 0.50164 0.000106031 0.000106031
0.49842 0.50158 0.000119297 0.000119297
0.49906 0.50094 0.00011539 0.00011539
0.49913 0.50087 0.000121003 0.000121003
0.49901 0.50099 0.000116111 0.000116111
0.49911 0.50089 0.000124079 0.000124079
0.49877 0.50123 0.000115835 0.000115835
0.49919 0.50081 0.000111428 0.000111428
0.49912 0.50088 0.000109359 0.000109359
0.49898 0.50102 0.000102585 0.000102585
0.49887 0.50113 0.000111367 0.000111367
0.49888 0.50112 0.000114713 0.000114713
0.49925 0.50075 0.00010625 0.00010625
0.49918 0.50082 0.000102008 0.000102008
0.49945 0.50055 0.000106937 0.000106937
0.49939 0.50061 0.000110281 0.000110281
0.49871 0.50129 0.00011437 0.00011437
0.49913 0.50087 0.000119953 0.000119953
0.49879 0.50121 0.000116774 0.000116774
0.49849 0.50151 0.000119485 0.000119485
0.49867 0.50133 0.000120789 0.000120789
0.49822 0.50178 0.000107608 0.000107608
0.4983 0.5017 0.000106455 0.000106455
0.49846 0.50154 0.00010813 0.00010813
0.49838 0.50162 0.000108359 0.000108359
0.4984 0.5016 0.000105394 0.000105394
0.49858 0.50142 0.000109377 0.000109377
0.49865 0.50135 0.000111725 0.000111725
0.49892 0.50108 0.000111185 0.000111185
0.49909 0.50091 0.000117052 0.000117052
0.4992 0.5008 0.000116505 0.000116505
0.49889 0.50111 0.00011923 0.00011923
0.49856 0.50144 0.000113118 0.000113118
0.49857 0.50143 0.000102874 0.000102874
0.49861 0.50139 0.000106159 0.000106159
0.49859 0.50141 0.000120467 0.000120467
0.49899 0.50101 0.000121202 0.000121202
0.49918 0.50082 0.00012524 0.00012524
0.49891 0.50109 0.000118386 0.000118386
0.49886 0.50114 0.000120808 0.000120808
0.49862 0.50138 0.000122076 0.000122076
0.49946 0.50054 0.00012617 0.00012617
0.49913 0.50087 0.000123165 0.000123165
0.49852 0.50148 0.000124495 0.000124495
0.49853 0.50147 0.000119706 0.000119706
0.49847 0.50153 0.000105747 0.000105747
0.49851 0.50149 0.000106535 0.000106535
0.49872 0.50128 0.000115961 0.000115961
0.49831 0.50169 0.000120721 0.000120721
0.49859 0.50141 0.000119557 0.000119557
0.49854 0.50146 0.000122635 0.000122635
0.4987 0.5013 0.000115788 0.000115788
0.49876 0.50124 0.000114952 0.000114952
0.49871 0.50129 0.000105359 0.000105359
0.4988 0.5012 0.000112323 0.000112323
0.49886 0.50114 0.000110122 0.000110122
0.49874 0.50126 0.000110235 0.000110235
0.49845 0.50155 0.000104715 0.000104715
0.49855 0.50145 0.00010227 0.00010227
0.49838 0.50162 9.83188e-05 9.83188e-05
0.49846 0.50154 0.00010718 0.00010718
0.49837 0.50163 0.000105488 0.000105488
0.49827 0.50173 0.000105694 0.000105694
0.499 0.501 0.000104667 0.000104667
0.49904 0.50096 0.000112685 0.000112685
0.4991 0.5009 0.00011397 0.00011397
0.49898 0.50102 0.000116181 0.000116181
0.49878 0.50122 0.000113527 0.000113527
0.49856 0.50144 0.000109421 0.000109421
0.49842 0.50158 0.000105216 0.000105216
0.49863 0.50137 0.000101266 0.000101266
0.49904 0.50096 0.000113473 0.000113473
0.49912 0.50088 0.000115743 0.000115743
0.4989 0.5011 0.00011003 0.00011003
0.49928 0.50072 0.000124668 0.000124668
0.499 0.501 0.00011402 0.00011402
0.49895 0.50105 0.00011326 0.00011326
0.49914 0.50086 0.000119172 0.000119172
0.49954 0.50046 0.000112291 0.000112291
0.49881 0.50119 0.000100438 0.000100438
0.49896 0.50104 9.97156e-05 9.97156e-05
0.49928 0.50072 9.61228e-05 9.61228e-05
0.49957 0.50043 9.62678e-05 9.62678e-05
0.49954 0.50046 0.000103544 0.000103544
0.49888 0.50112 9.73794e-05 9.73794e-05
0.49866 0.50134 9.40044e-05 9.40044e-05
0.49841 0.50159 9.69918e-05 9.69918e-05
0.49796 0.50204 9.28671e-05 9.28671e-05
0.49756 0.50244 8.80873e-05 8.80873e-05
