0.49989 0.50011 1.00181e-05 1.00181e-05
0.49971 0.50029 1.6107e-05 1.6107e-05
0.49991 0.50009 2.28706e-05 2.28706e-05
0.49987 0.50013 3.48011e-05 3.48011e-05
0.50001 0.49999 4.0414e-05 4.0414e-05
0.50039 0.49961 4.68666e-05 4.68666e-05
0.50009 0.49991 4.81433e-05 4.81433e-05
0.49974 0.50026 5.60529e-05 5.60529e-05
0.49947 0.50053 5.91809e-05 5.91809e-05
0.49846 0.50154 6.30994e-05 6.30994e-05
0.49853 0.50147 7.66557e-05 7.66557e-05
0.49903 0.50097 8.1686e-05 8.1686e-05
0.4986 0.5014 8.81212e-05 8.81212e-05
0.49843 0.50157 8.26314e-05 8.26314e-05
0.49886 0.50114 7.84044e-05 7.84044e-05
0.49881 0.50119 7.44989e-05 7.44989e-05
0.49895 0.50105 7.57449e-05 7.57449e-05
0.49922 0.50078 8.01127e-05 8.01127e-05
0.49927 0.50073 8.17951e-05 8.17951e-05
0.49892 0.50108 8.34077e-05 8.34077e-05
0.49867 0.50133 8.55567e-05 8.55567e-05
0.49821 0.50179 8.30363e-05 8.30363e-05
0.49864 0.50136 8.14651e-05 8.14651e-05
0.49812 0.50188 8.11976e-05 8.11976e-05
0.49811 0.50189 7.76544e-05 7.76544e-05
0.49805 0.50195 8.45732e-05 8.45732e-05
0.49794 0.50206 8.54105e-05 8.54105e-05
0.49808 0.50192 9.68218e-05 9.68218e-05
0.4978 0.5022 9.93535e-05 9.93535e-05
0.49837 0.50163 0.000111003 0.000111003
0.49826 0.50174 0.000108619 0.000108619
0.49864 0.50136 0.000108899 0.000108899
0.49903 0.50097 0.000104938 0.000104938
0.4986 0.5014 0.00011097 0.00011097
0.49913 0.50087 0.000112943 0.000112943
0.49929 0.50071 0.000111642 0.000111642
0.49943 0.50057 0.000102086 0.000102086
0.49963 0.50037 0.000107973 0.000107973
0.49984 0.50016 0.000116176 0.000116176
0.50015 0.49985 0.000124452 0.000124452
0.50002 0.49998 0.000117232 0.000117232
0.5003 0.4997 0.000123828 0.000123828
0.50046 0.49954 0.000128594 0.000128594
0.50007 0.49993 0.000132187 0.000132187
0.5003 0.4997 0.000140333 0.000140333
0.50015 0.49985 0.000124311 0.000124311
0.50024 0.49976 0.000127982 0.000127982
0.49987 0.50013 0.000117771 0.000117771
0.49939 0.50061 0.000126321 0.000126321
0.49897 0.50103 0.000126191 0.000126191
0.49908 0.50092 0.000121529 0.000121529
0.49934 0.50066 0.000104974 0.000104974
0.49889 0.50111 0.000105654 0.000105654
0.49949 0.50051 0.000107465 0.000107465
0.49923 0.50077 0.000101229 0.000101229
0.49915 0.50085 0.000109846 0.000109846
0.49868 0.50132 0.000117088 0.000117088
0.49849 0.50151 0.000108778 0.000108778
0.49851 0.50149 0.000108454 0.000108454
0.4986 0.5014 0.000107737 0.000107737
0.4991 0.5009 0.000104576 0.000104576
0.49893 0.50107 0.000112288 0.000112288
0.49887 0.50113 0.000114761 0.000114761
0.49905 0.50095 0.000108795 0.000108795
0.49908 0.50092 0.000108741 0.000108741
0.49909 0.50091 0.000108931 0.000108931
0.49914 0.50086 0.000109071 0.000109071
0.49927 0.50073 0.00011426 0.00011426
0.49951 0.50049 0.000112495 0.000112495
0.49978 0.50022 0.000122719 0.000122719
0.49996 0.50004 0.000118625 0.000118625
0.50009 0.49991 0.000123376 0.000123376
0.49949 0.50051 0.000120394 0.000120394
0.49905 0.50095 0.000124614 0.000124614
0.49941 0.50059 0.000137759 0.000137759
0.49912 0.50088 0.000131622 0.000131622
0.49874 0.50126 0.0001308 0.0001308
0.49834 0.50166 0.000137722 0.000137722
0.49858 0.50142 0.000131014 0.000131014
0.49898 0.50102 0.000125333 0.000125333
0.49893 0.50107 0.000127096 0.000127096
0.49872 0.50128 0.000122891 0.000122891
0.49875 0.50125 0.000114654 0.000114654
0.49907 0.50093 0.000114248 0.000114248
0.49888 0.50112 0.000113359 0.000113359
0.49915 0.50085 0.000113179 0.000113179
0.49891 0.50109 0.000111416 0.000111416
0.49905 0.50095 0.00012229 0.00012229
0.49908 0.50092 0.000123307 0.000123307
0.49908 0.50092 0.000126054 0.000126054
0.49911 0.50089 0.000124442 0.000124442
0.49949 0.50051 0.000130616 0.000130616
0.49935 0.50065 0.000126149 0.000126149
0.49958 0.50042 0.000130913 0.000130913
0.49929 0.50071 0.000131481 0.000131481
0.49915 0.50085 0.000126028 0.000126028
0.49854 0.50146 0.000125564 0.000125564
0.49927 0.50073 0.000109068 0.000109068
0.49882 0.50118 0.000101078 0.000101078
0.49852 0.50148 0.000107808 0.000107808
0.49806 0.50194 0.000123855 0.000123855
0.49874 0.50126 0.000114518 0.000114518
0.49878 0.50122 0.000115082 0.000115082
0.49869 0.50131 0.000114357 0.000114357
0.49837 0.50163 0.000106437 0.000106437
0.49831 0.50169 0.000112842 0.000112842
0.49821 0.50179 0.00011837 0.00011837
0.49806 0.50194 0.000116037 0.000116037
0.49784 0.50216 0.000116297 0.000116297
0.49742 0.50258 0.000113983 0.000113983
0.49793 0.50207 0.000118349 0.000118349
0.49762 0.50238 0.000112117 0.000112117
0.49807 0.50193 0.000113541 0.000113541
0.49821 0.50179 0.000119885 0.000119885
0.49799 0.50201 0.000118111 0.000118111
0.49795 0.50205 0.00011825 0.00011825
0.49801 0.50199 0.000120636 0.000120636
0.49787 0.50213 0.000127468 0.000127468
0.49786 0.50214 0.000129071 0.000129071
0.49824 0.50176 0.000142629 0.000142629
0.49873 0.50127 0.000143856 0.000143856
0.49846 0.50154 0.000149483 0.000149483
0.49871 0.50129 0.000150713 0.000150713
0.4987 0.5013 0.00015096 0.00015096
0.49908 0.50092 0.000149327 0.000149327
0.499 0.501 0.000152323 0.000152323
0.4993 0.5007 0.000138859 0.000138859
0.49859 0.50141 0.000148729 0.000148729
0.49895 0.50105 0.000147826 0.000147826
0.49841 0.50159 0.000151396 0.000151396
0.49865 0.50135 0.000145139 0.000145139
0.49915 0.50085 0.000144048 0.000144048
0.49943 0.50057 0.000138773 0.000138773
0.49958 0.50042 0.00013562 0.00013562
0.49967 0.50033 0.000132486 0.000132486
0.49979 0.50021 0.000137784 0.000137784
0.49938 0.50062 0.000127854 0.000127854
0.49893 0.50107 0.000122934 0.000122934
0.49918 0.50082 0.000117684 0.000117684
0.49887 0.50113 0.000119528 0.000119528
0.49918 0.50082 0.000123422 0.000123422
0.49925 0.50075 0.000124513 0.000124513
0.49947 0.50053 0.000118332 0.000118332
0.49907 0.50093 0.000122793 0.000122793
0.49892 0.50108 0.000114701 0.000114701
0.49869 0.50131 0.000124034 0.000124034
0.49868 0.50132 0.000126321 0.000126321
0.49834 0.50166 0.000117338 0.000117338
0.49876 0.50124 0.000110548 0.000110548
0.49842 0.50158 0.000109418 0.000109418
0.49872 0.50128 0.000103557 0.000103557
0.49887 0.50113 0.000100741 0.000100741
0.49898 0.50102 0.000109878 0.000109878
0.49913 0.50087 0.000106296 0.000106296
0.49956 0.50044 9.25923e-05 9.25923e-05
0.4996 0.5004 0.000106424 0.000106424
0.49957 0.50043 0.0001075 0.0001075
0.49945 0.50055 0.000100917 0.000100917
0.49907 0.50093 0.000103985 0.000103985
0.49919 0.50081 0.000104378 0.000104378
0.49913 0.50087 0.000103791 0.000103791
0.49886 0.50114 0.000110364 0.000110364
0.49872 0.50128 0.000107719 0.000107719
0.49884 0.50116 0.000113813 0.000113813
0.49895 0.50105 0.000118957 0.000118957
0.49883 0.50117 0.000121072 0.000121072
0.49871 0.50129 0.000111461 0.000111461
0.49868 0.50132 0.000106563 0.000106563
0.49908 0.50092 0.000106216 0.000106216
0.49899 0.50101 0.000112454 0.000112454
0.49938 0.50062 0.000119915 0.000119915
0.49932 0.50068 0.00012624 0.00012624
0.49888 0.50112 0.000114895 0.000114895
0.49884 0.50116 0.00012054 0.00012054
0.49892 0.50108 0.000133266 0.000133266
0.49916 0.50084 0.000132802 0.000132802
0.49928 0.50072 0.000129981 0.000129981
0.49893 0.50107 0.000122126 0.000122126
0.49846 0.50154 0.00012318 0.00012318
0.49861 0.50139 0.00013721 0.00013721
0.49875 0.50125 0.000130775 0.000130775
0.49853 0.50147 0.000141807 0.000141807
0.49838 0.50162 0.000137349 0.000137349
0.49821 0.50179 0.000129602 0.000129602
0.49852 0.50148 0.00012708 0.00012708
0.49858 0.50142 0.000121216 0.000121216
0.49877 0.50123 0.000115007 0.000115007
0.49859 0.50141 0.000118224 0.000118224
0.49797 0.50203 0.00012209 0.00012209
0.49794 0.50206 0.000129471 0.000129471
0.498 0.502 0.000127152 0.000127152
0.49839 0.50161 0.000127291 0.000127291
0.49834 0.50166 0.000128267 0.000128267
0.49844 0.50156 0.000142309 0.000142309
0.49842 0.50158 0.000126711 0.000126711
0.49837 0.50163 0.000130781 0.000130781
0.49833 0.50167 0.000136951 0.000136951
0.49862 0.50138 0.000137733 0.000137733
0.49889 0.50111 0.000154463 0.000154463
0.49955 0.50045 0.000159684 0.000159684
0.49994 0.50006 0.000164764 0.000164764
0.50021 0.49979 0.000167521 0.000167521
0.5005 0.4995 0.000163 0.000163
0.50058 0.49942 0.000146448 0.000146448
0.50071 0.49929 0.000139622 0.000139622
0.50046 0.49954 0.000142352 0.000142352
0.50049 0.49951 0.000138293 0.000138293
0.50024 0.49976 0.000140063 0.000140063
0.50014 0.49986 0.000137435 0.000137435
0.50042 0.49958 0.000139822 0.000139822
0.50046 0.49954 0.000136473 0.000136473
0.50048 0.49952 0.000136697 0.000136697
0.50065 0.49935 0.000133361 0.000133361
0.50067 0.49933 0.000127294 0.000127294
0.50038 0.49962 0.000122177 0.000122177
0.49959 0.50041 0.000128648 0.000128648
0.49992 0.50008 0.000126438 0.000126438
0.49995 0.50005 0.000137038 0.000137038
0.49977 0.50023 0.000125775 0.000125775
0.49967 0.50033 0.000120284 0.000120284
0.49926 0.50074 0.00012474 0.00012474
0.49936 0.50064 0.000124758 0.000124758
0.49925 0.50075 0.000116836 0.000116836
0.49907 0.50093 0.000117197 0.000117197
0.49871 0.50129 0.000120289 0.000120289
0.49941 0.50059 0.00012685 0.00012685
0.49868 0.50132 0.000125493 0.000125493
0.49882 0.50118 0.000116977 0.000116977
0.49883 0.50117 0.000119052 0.000119052
0.49874 0.50126 0.000128659 0.000128659
0.49898 0.50102 0.000125656 0.000125656
0.49907 0.50093 0.000123581 0.000123581
0.49888 0.50112 0.000129925 0.000129925
0.49917 0.50083 0.000134405 0.000134405
0.49951 0.50049 0.000137222 0.000137222
0.49955 0.50045 0.000132129 0.000132129
0.49911 0.50089 0.000126523 0.000126523
0.4988 0.5012 0.000122343 0.000122343
0.49909 0.50091 0.000125012 0.000125012
0.49884 0.50116 0.00011959 0.00011959
0.49855 0.50145 0.000122371 0.000122371
0.49903 0.50097 0.000134656 0.000134656
0.49896 0.50104 0.000132059 0.000132059
0.49874 0.50126 0.000124114 0.000124114
0.49907 0.50093 0.000104712 0.000104712
0.49897 0.50103 0.000101524 0.000101524
0.49917 0.50083 9.6789e-05 9.6789e-05
0.4991 0.5009 9.64343e-05 9.64343e-05
0.49919 0.50081 0.00010258 0.00010258
0.4994 0.5006 0.000107515 0.000107515
0.49956 0.50044 0.000112552 0.000112552
0.4997 0.5003 0.000121101 0.000121101
0.49976 0.50024 0.000118689 0.000118689
0.4994 0.5006 0.000115232 0.000115232
0.49925 0.50075 0.000116816 0.000116816
0.49904 0.50096 0.000111716 0.000111716
0.49911 0.50089 0.000103917 0.000103917
0.49934 0.50066 9.53782e-05 9.53782e-05
0.49916 0.50084 9.91257e-05 9.91257e-05
0.49893 0.50107 0.000104652 0.000104652
0.49938 0.50062 0.000101935 0.000101935
0.49886 0.50114 0.000105132 0.000105132
0.49905 0.50095 9.58056e-05 9.58056e-05
0.49912 0.50088 9.92986e-05 9.92986e-05
0.49908 0.50092 0.000105529 0.000105529
0.49901 0.50099 0.000105929 0.000105929
0.49931 0.50069 0.000108822 0.000108822
0.49924 0.50076 0.000112912 0.000112912
0.49916 0.50084 0.000112277 0.000112277
0.4993 0.5007 0.000118576 0.000118576
0.49949 0.50051 0.000116798 0.000116798
0.49935 0.50065 0.000128351 0.000128351
0.49948 0.50052 0.000130575 0.000130575
0.49955 0.50045 0.00014124 0.00014124
0.4996 0.5004 0.00012503 0.00012503
0.49955 0.50045 0.000116836 0.000116836
0.49938 0.50062 0.000127389 0.000127389
0.49932 0.50068 0.000124341 0.000124341
0.49893 0.50107 0.000122207 0.000122207
0.4987 0.5013 0.000117768 0.000117768
0.49889 0.50111 0.000128099 0.000128099
0.49902 0.50098 0.000137232 0.000137232
0.49892 0.50108 0.000143024 0.000143024
0.49866 0.50134 0.000142974 0.000142974
0.49924 0.50076 0.000140992 0.000140992
0.4993 0.5007 0.000136414 0.000136414
0.49885 0.50115 0.000134149 0.000134149
0.49909 0.50091 0.0001278 0.0001278
0.49909 0.50091 0.000120446 0.000120446
0.49918 0.50082 0.000111442 0.000111442
0.49928 0.50072 0.000126022 0.000126022
0.49973 0.50027 0.000134846 0.000134846
0.49941 0.50059 0.000124386 0.000124386
0.49984 0.50016 0.000119489 0.000119489
0.49991 0.50009 0.000119133 0.000119133
0.49966 0.50034 0.000122105 0.000122105
0.50001 0.49999 0.000127202 0.000127202
0.49982 0.50018 0.000132856 0.000132856
0.49906 0.50094 0.00012337 0.00012337
0.49959 0.50041 0.000126265 0.000126265
0.49963 0.50037 0.000124054 0.000124054
0.49984 0.50016 0.000123287 0.000123287
0.50006 0.49994 0.000126623 0.000126623
0.50008 0.49992 0.000114458 0.000114458
0.50007 0.49993 0.000109177 0.000109177
0.50041 0.49959 0.000114749 0.000114749
0.50008 0.49992 0.000113004 0.000113004
0.49996 0.50004 0.000111594 0.000111594
0.49993 0.50007 0.00010348 0.00010348
0.49959 0.50041 9.45676e-05 9.45676e-05
0.49924 0.50076 8.51943e-05 8.51943e-05
0.49942 0.50058 9.35794e-05 9.35794e-05
0.49957 0.50043 9.46516e-05 9.46516e-05
0.49967 0.50033 0.000108021 0.000108021
0.4993 0.5007 0.000111101 0.000111101
0.49939 0.50061 0.000107776 0.000107776
0.49937 0.50063 0.000108114 0.000108114
0.49923 0.50077 9.74112e-05 9.74112e-05
0.4991 0.5009 0.000105525 0.000105525
0.4997 0.5003 0.000109323 0.000109323
0.49981 0.50019 9.21353e-05 9.21353e-05
0.49981 0.50019 0.000100115 0.000100115
0.50013 0.49987 0.000100902 0.000100902
0.50003 0.49997 9.54637e-05 9.54637e-05
0.49982 0.50018 0.000106836 0.000106836
0.5 0.5 0.000107293 0.000107293
0.4994 0.5006 0.000118788 0.000118788
0.49969 0.50031 0.000122923 0.000122923
0.49932 0.50068 0.000118583 0.000118583
0.49907 0.50093 0.000116571 0.000116571
0.49915 0.50085 0.000122896 0.000122896
0.49942 0.50058 0.000119721 0.000119721
0.49949 0.50051 0.000127909 0.000127909
0.49978 0.50022 0.000117062 0.000117062
0.49999 0.50001 0.000113788 0.000113788
0.50023 0.49977 0.000123714 0.000123714
0.50014 0.49986 0.000128889 0.000128889
0.5002 0.4998 0.00012701 0.00012701
0.49972 0.50028 0.000130749 0.000130749
0.50022 0.49978 0.000130699 0.000130699
0.50001 0.49999 0.000138434 0.000138434
0.49957 0.50043 0.0001515 0.0001515
0.49976 0.50024 0.000146386 0.000146386
0.49973 0.50027 0.000141633 0.000141633
0.49979 0.50021 0.000147036 0.000147036
0.50026 0.49974 0.000139002 0.000139002
0.50026 0.49974 0.000140376 0.000140376
0.50039 0.49961 0.000137149 0.000137149
0.50021 0.49979 0.000141562 0.000141562
0.50019 0.49981 0.000148418 0.000148418
0.49968 0.50032 0.000146765 0.000146765
0.50011 0.49989 0.000160584 0.000160584
0.50004 0.49996 0.000148261 0.000148261
0.49997 0.50003 0.000146272 0.000146272
0.50004 0.49996 0.000151736 0.000151736
0.50006 0.49994 0.000159229 0.000159229
0.4998 0.5002 0.000151596 0.000151596
0.49966 0.50034 0.000157095 0.000157095
0.49949 0.50051 0.000149707 0.000149707
0.49986 0.50014 0.000139677 0.000139677
0.5002 0.4998 0.000143374 0.000143374
0.49992 0.50008 0.000147589 0.000147589
0.49943 0.50057 0.000144672 0.000144672
0.49894 0.50106 0.000148037 0.000148037
0.49946 0.50054 0.000143221 0.000143221
0.4993 0.5007 0.000140051 0.000140051
0.49949 0.50051 0.000130899 0.000130899
0.49908 0.50092 0.000130438 0.000130438
0.49909 0.50091 0.000132305 0.000132305
0.49925 0.50075 0.000127543 0.000127543
0.49976 0.50024 0.000126972 0.000126972
0.50001 0.49999 0.000113727 0.000113727
0.49977 0.50023 0.000105755 0.000105755
0.49968 0.50032 0.000108381 0.000108381
0.49911 0.50089 0.000107149 0.000107149
0.49949 0.50051 0.000109081 0.000109081
0.4994 0.5006 0.000112485 0.000112485
0.49902 0.50098 0.000108727 0.000108727
0.49953 0.50047 0.00010912 0.00010912
0.49978 0.50022 0.000118315 0.000118315
0.49948 0.50052 0.000118394 0.000118394
0.49927 0.50073 0.000106058 0.000106058
0.49936 0.50064 0.000106031 0.000106031
0.49894 0.50106 0.000105916 0.000105916
0.49867 0.50133 0.000110607 0.000110607
0.49879 0.50121 0.000109521 0.000109521
0.49825 0.50175 0.000112149 0.000112149
0.4981 0.5019 0.000113909 0.000113909
0.4981 0.5019 0.000121182 0.000121182
0.49824 0.50176 0.000117316 0.000117316
0.49848 0.50152 0.000116091 0.000116091
0.49838 0.50162 0.000119592 0.000119592
0.49778 0.50222 0.000111608 0.000111608
0.49741 0.50259 0.000109557 0.000109557
0.49747 0.50253 0.000117444 0.000117444
0.49757 0.50243 0.000119945 0.000119945
0.49769 0.50231 0.000114964 0.000114964
0.49732 0.50268 0.000111715 0.000111715
0.49773 0.50227 0.000110967 0.000110967
0.49763 0.50237 0.000113084 0.000113084
0.49754 0.50246 0.000108392 0.000108392
0.49792 0.50208 0.000102115 0.000102115
0.49881 0.50119 0.000102196 0.000102196
0.49873 0.50127 0.000103553 0.000103553
0.49884 0.50116 0.000105611 0.000105611
0.49868 0.50132 0.000106725 0.000106725
0.49908 0.50092 0.000115994 0.000115994
0.49937 0.50063 0.000114094 0.000114094
0.49894 0.50106 0.000113633 0.000113633
0.49936 0.50064 0.000119586 0.000119586
0.49964 0.50036 0.000118556 0.000118556
0.49943 0.50057 0.000132652 0.000132652
0.49923 0.50077 0.000136159 0.000136159
0.49944 0.50056 0.000125562 0.000125562
0.49959 0.50041 0.000125315 0.000125315
0.49988 0.50012 0.000121723 0.000121723
0.49996 0.50004 0.000128503 0.000128503
0.49971 0.50029 0.000133541 0.000133541
0.49943 0.50057 0.000134975 0.000134975
0.49915 0.50085 0.000134715 0.000134715
0.49941 0.50059 0.000124285 0.000124285
0.49985 0.50015 0.000126896 0.000126896
0.49995 0.50005 0.000116109 0.000116109
0.49913 0.50087 0.000114316 0.000114316
0.49885 0.50115 0.000111846 0.000111846
0.49896 0.50104 0.000119897 0.000119897
0.49897 0.50103 0.00011211 0.00011211
0.49886 0.50114 0.000117798 0.000117798
0.49881 0.50119 0.000115024 0.000115024
0.49893 0.50107 0.000119884 0.000119884
0.49881 0.50119 0.000120095 0.000120095
0.49901 0.50099 0.000127586 0.000127586
0.49882 0.50118 0.000115442 0.000115442
0.49912 0.50088 0.000119884 0.000119884
0.49861 0.50139 0.000132159 0.000132159
0.49869 0.50131 0.000121812 0.000121812
0.49938 0.50062 0.000118198 0.000118198
0.49941 0.50059 0.000111497 0.000111497
0.49912 0.50088 0.00011546 0.00011546
0.49894 0.50106 0.000123491 0.000123491
0.49888 0.50112 0.000127177 0.000127177
0.4989 0.5011 0.000127202 0.000127202
0.49894 0.50106 0.000119451 0.000119451
0.49899 0.50101 0.000123626 0.000123626
0.49835 0.50165 0.000132957 0.000132957
0.49807 0.50193 0.000123076 0.000123076
0.49832 0.50168 0.00011323 0.00011323
0.4983 0.5017 0.000115626 0.000115626
0.49789 0.50211 0.000117473 0.000117473
0.49821 0.50179 0.000114511 0.000114511
0.49839 0.50161 0.000111392 0.000111392
0.49825 0.50175 0.000114371 0.000114371
0.49866 0.50134 0.000118287 0.000118287
0.49901 0.50099 0.000117364 0.000117364
0.49874 0.50126 0.000117305 0.000117305
0.49904 0.50096 0.000123796 0.000123796
0.49877 0.50123 0.000120886 0.000120886
0.49895 0.50105 0.000114674 0.000114674
0.49886 0.50114 0.000109718 0.000109718
0.49905 0.50095 0.000107563 0.000107563
0.49845 0.50155 0.000109583 0.000109583
0.49779 0.50221 0.000118026 0.000118026
0.49749 0.50251 0.000109444 0.000109444
0.49755 0.50245 0.000113301 0.000113301
0.49758 0.50242 0.000110105 0.000110105
0.49735 0.50265 0.000117301 0.000117301
0.49801 0.50199 0.000122192 0.000122192
0.4986 0.5014 0.000119475 0.000119475
0.4988 0.5012 0.000126626 0.000126626
0.4988 0.5012 0.000124485 0.000124485
0.49854 0.50146 0.000126392 0.000126392
0.49841 0.50159 0.000128305 0.000128305
0.49888 0.50112 0.000134753 0.000134753
0.49904 0.50096 0.000136928 0.000136928
0.49851 0.50149 0.000137404 0.000137404
0.49835 0.50165 0.000144694 0.000144694
0.49888 0.50112 0.000145804 0.000145804
0.4988 0.5012 0.000135515 0.000135515
0.49841 0.50159 0.000125012 0.000125012
0.49844 0.50156 0.000141764 0.000141764
0.49928 0.50072 0.000130608 0.000130608
0.4988 0.5012 0.000126525 0.000126525
0.49908 0.50092 0.000123468 0.000123468
0.4989 0.5011 0.000113869 0.000113869
0.49851 0.50149 0.000122192 0.000122192
0.49821 0.50179 0.000118854 0.000118854
0.49912 0.50088 0.000118935 0.000118935
0.49946 0.50054 0.000125786 0.000125786
0.49929 0.50071 0.0001234 0.0001234
0.49883 0.50117 0.000119435 0.000119435
0.49863 0.50137 0.000116963 0.000116963
0.49812 0.50188 0.000125985 0.000125985
0.49848 0.50152 0.000131 0.000131
0.49834 0.50166 0.000129782 0.000129782
0.49812 0.50188 0.000116349 0.000116349
0.49792 0.50208 0.000114963 0.000114963
0.49792 0.50208 0.000109307 0.000109307
0.49767 0.50233 0.000118648 0.000118648
0.49698 0.50302 0.000121575 0.000121575
0.49697 0.50303 0.000120777 0.000120777
