0.49957 0.50043 2.47122e-05 2.47122e-05
0.49998 0.50002 4.97168e-05 4.97168e-05
0.49852 0.50148 7.21309e-05 7.21309e-05
0.49927 0.50073 9.3492e-05 9.3492e-05
0.49961 0.50039 0.000119776 0.000119776
0.49925 0.50075 0.000136694 0.000136694
0.49902 0.50098 0.000162505 0.000162505
0.49853 0.50147 0.000170514 0.000170514
0.49839 0.50161 0.000190745 0.000190745
0.49859 0.50141 0.000217093 0.000217093
0.49919 0.50081 0.000214034 0.000214034
0.49794 0.50206 0.000232683 0.000232683
0.49781 0.50219 0.000244964 0.000244964
0.49748 0.50252 0.000244697 0.000244697
0.49685 0.50315 0.00024324 0.00024324
0.49693 0.50307 0.00024047 0.00024047
0.49819 0.50181 0.00024262 0.00024262
0.4984 0.5016 0.000272505 0.000272505
0.49816 0.50184 0.0002806 0.0002806
0.49832 0.50168 0.000280361 0.000280361
0.49883 0.50117 0.000337314 0.000337314
0.4986 0.5014 0.000336707 0.000336707
0.49773 0.50227 0.000339593 0.000339593
0.49802 0.50198 0.000367838 0.000367838
0.49849 0.50151 0.000365404 0.000365404
0.49884 0.50116 0.000344782 0.000344782
0.4985 0.5015 0.000326212 0.000326212
0.49782 0.50218 0.000307806 0.000307806
0.49781 0.50219 0.000347671 0.000347671
0.49783 0.50217 0.00034091 0.00034091
0.49889 0.50111 0.000342301 0.000342301
0.49917 0.50083 0.000365375 0.000365375
0.49866 0.50134 0.000395439 0.000395439
0.49873 0.50127 0.000418078 0.000418078
0.49896 0.50104 0.000425817 0.000425817
0.49887 0.50113 0.000449549 0.000449549
0.49971 0.50029 0.000430228 0.000430228
0.49904 0.50096 0.000431958 0.000431958
0.49937 0.50063 0.0004267 0.0004267
0.49903 0.50097 0.000396716 0.000396716
0.49878 0.50122 0.000402234 0.000402234
0.49921 0.50079 0.000372491 0.000372491
0.49977 0.50023 0.000388947 0.000388947
0.49922 0.50078 0.000415224 0.000415224
0.49868 0.50132 0.000410705 0.000410705
0.49818 0.50182 0.000380634 0.000380634
0.49888 0.50112 0.000400086 0.000400086
0.49838 0.50162 0.000401491 0.000401491
0.49884 0.50116 0.000401348 0.000401348
0.49865 0.50135 0.000385381 0.000385381
0.49853 0.50147 0.000384959 0.000384959
0.49835 0.50165 0.000402593 0.000402593
0.49797 0.50203 0.000409161 0.000409161
0.49772 0.50228 0.000407194 0.000407194
0.49773 0.50227 0.000405452 0.000405452
0.49689 0.50311 0.000410887 0.000410887
0.49719 0.50281 0.000415873 0.000415873
0.49748 0.50252 0.000407949 0.000407949
0.49717 0.50283 0.000401718 0.000401718
0.49791 0.50209 0.00040481 0.00040481
0.49827 0.50173 0.000377512 0.000377512
0.49864 0.50136 0.000352697 0.000352697
0.49964 0.50036 0.000382354 0.000382354
0.4982 0.5018 0.000383212 0.000383212
0.4982 0.5018 0.000359394 0.000359394
0.49805 0.50195 0.00037829 0.00037829
0.49788 0.50212 0.000371642 0.000371642
0.49675 0.50325 0.000365503 0.000365503
0.49749 0.50251 0.000395242 0.000395242
0.49841 0.50159 0.000430305 0.000430305
0.49855 0.50145 0.000431705 0.000431705
0.49961 0.50039 0.000444685 0.000444685
0.49937 0.50063 0.000417427 0.000417427
0.49925 0.50075 0.000404977 0.000404977
0.49919 0.50081 0.000396903 0.000396903
0.49879 0.50121 0.000391703 0.000391703
0.49865 0.50135 0.000380492 0.000380492
0.49889 0.50111 0.000346543 0.000346543
0.49928 0.50072 0.000363315 0.000363315
0.49857 0.50143 0.000396106 0.000396106
0.49963 0.50037 0.000415266 0.000415266
0.49896 0.50104 0.000438827 0.000438827
0.49914 0.50086 0.000423596 0.000423596
0.49861 0.50139 0.000464281 0.000464281
0.4988 0.5012 0.000450929 0.000450929
0.49959 0.50041 0.000460002 0.000460002
0.50004 0.49996 0.000457817 0.000457817
0.49981 0.50019 0.000460721 0.000460721
0.49944 0.50056 0.000463158 0.000463158
0.49864 0.50136 0.00046298 0.00046298
0.49968 0.50032 0.00044824 0.00044824
0.4996 0.5004 0.000458141 0.000458141
0.49932 0.50068 0.000477775 0.000477775
0.4994 0.5006 0.000485232 0.000485232
0.49941 0.50059 0.000531113 0.000531113
0.49934 0.50066 0.000522833 0.000522833
0.49934 0.50066 0.000517136 0.000517136
0.49903 0.50097 0.000503282 0.000503282
0.4994 0.5006 0.000517596 0.000517596
0.49944 0.50056 0.000514572 0.000514572
0.49885 0.50115 0.000518917 0.000518917
0.49919 0.50081 0.000510458 0.000510458
0.49911 0.50089 0.000522564 0.000522564
0.49909 0.50091 0.000521598 0.000521598
0.49834 0.50166 0.000540833 0.000540833
0.49871 0.50129 0.000572915 0.000572915
0.49832 0.50168 0.00055923 0.00055923
0.4975 0.5025 0.000581808 0.000581808
0.49793 0.50207 0.00055645 0.00055645
0.49803 0.50197 0.000558918 0.000558918
0.49808 0.50192 0.000565387 0.000565387
0.49773 0.50227 0.000566381 0.000566381
0.49824 0.50176 0.000507659 0.000507659
0.49806 0.50194 0.000536926 0.000536926
0.49913 0.50087 0.000480599 0.000480599
0.49868 0.50132 0.000492927 0.000492927
0.49833 0.50167 0.000465213 0.000465213
0.49774 0.50226 0.000491568 0.000491568
0.49816 0.50184 0.000475328 0.000475328
0.49862 0.50138 0.000415915 0.000415915
0.49752 0.50248 0.000454454 0.000454454
0.49745 0.50255 0.000513866 0.000513866
0.49682 0.50318 0.000510816 0.000510816
0.49642 0.50358 0.000495903 0.000495903
0.4971 0.5029 0.000503222 0.000503222
0.49724 0.50276 0.000519093 0.000519093
0.49723 0.50277 0.000560199 0.000560199
0.49783 0.50217 0.000575779 0.000575779
0.49861 0.50139 0.00058325 0.00058325
0.49806 0.50194 0.000621592 0.000621592
0.49834 0.50166 0.000603196 0.000603196
0.49869 0.50131 0.000582661 0.000582661
0.49941 0.50059 0.000599962 0.000599962
0.49975 0.50025 0.000646472 0.000646472
0.49951 0.50049 0.000668576 0.000668576
0.49892 0.50108 0.000681711 0.000681711
0.49879 0.50121 0.000656127 0.000656127
0.49863 0.50137 0.000608357 0.000608357
0.4993 0.5007 0.000605889 0.000605889
0.49861 0.50139 0.000639069 0.000639069
0.49799 0.50201 0.000608071 0.000608071
0.49742 0.50258 0.000608468 0.000608468
0.49645 0.50355 0.000654553 0.000654553
0.49713 0.50287 0.000632256 0.000632256
0.49786 0.50214 0.000669475 0.000669475
0.49862 0.50138 0.000653996 0.000653996
0.49814 0.50186 0.000665374 0.000665374
0.4978 0.5022 0.000636222 0.000636222
0.49843 0.50157 0.000626813 0.000626813
0.49895 0.50105 0.000633684 0.000633684
0.49957 0.50043 0.000600591 0.000600591
0.49856 0.50144 0.000611582 0.000611582
0.49964 0.50036 0.000616374 0.000616374
0.49944 0.50056 0.000598431 0.000598431
0.49822 0.50178 0.000568537 0.000568537
0.49915 0.50085 0.000545119 0.000545119
0.49951 0.50049 0.000566313 0.000566313
0.5001 0.4999 0.00057504 0.00057504
0.50031 0.49969 0.000611671 0.000611671
0.50027 0.49973 0.000625007 0.000625007
0.50066 0.49934 0.000608873 0.000608873
0.50056 0.49944 0.000633986 0.000633986
0.50075 0.49925 0.000620997 0.000620997
0.50039 0.49961 0.000582887 0.000582887
0.49905 0.50095 0.000598553 0.000598553
0.49951 0.50049 0.000593525 0.000593525
0.49989 0.50011 0.000607089 0.000607089
0.50007 0.49993 0.000599702 0.000599702
0.50074 0.49926 0.000650558 0.000650558
0.50029 0.49971 0.000676531 0.000676531
0.50045 0.49955 0.000673624 0.000673624
0.50056 0.49944 0.000701097 0.000701097
0.50036 0.49964 0.000714091 0.000714091
0.50001 0.49999 0.00071904 0.00071904
0.50055 0.49945 0.000663644 0.000663644
0.4999 0.5001 0.000666091 0.000666091
0.49912 0.50088 0.000607541 0.000607541
0.4991 0.5009 0.000650919 0.000650919
0.49964 0.50036 0.000655728 0.000655728
0.49926 0.50074 0.000694679 0.000694679
0.49897 0.50103 0.000694353 0.000694353
0.49917 0.50083 0.000652385 0.000652385
0.49801 0.50199 0.000653465 0.000653465
0.49834 0.50166 0.000689156 0.000689156
0.49918 0.50082 0.000663563 0.000663563
0.49943 0.50057 0.000661803 0.000661803
0.49977 0.50023 0.000647977 0.000647977
0.49978 0.50022 0.000655062 0.000655062
0.49992 0.50008 0.000609468 0.000609468
0.50101 0.49899 0.000615384 0.000615384
0.50073 0.49927 0.000602825 0.000602825
0.50013 0.49987 0.000594761 0.000594761
0.50011 0.49989 0.000636947 0.000636947
0.50056 0.49944 0.000630027 0.000630027
0.50076 0.49924 0.000606063 0.000606063
0.49966 0.50034 0.000626085 0.000626085
0.49965 0.50035 0.000669361 0.000669361
0.49913 0.50087 0.000640437 0.000640437
0.4994 0.5006 0.000675111 0.000675111
0.49969 0.50031 0.000621731 0.000621731
0.49947 0.50053 0.000659524 0.000659524
0.49865 0.50135 0.000679785 0.000679785
0.49814 0.50186 0.00068099 0.00068099
0.49888 0.50112 0.000656086 0.000656086
0.4984 0.5016 0.000607051 0.000607051
0.49817 0.50183 0.000635456 0.000635456
0.49748 0.50252 0.000642656 0.000642656
0.49793 0.50207 0.000625298 0.000625298
0.49759 0.50241 0.000595355 0.000595355
0.4965 0.5035 0.00057999 0.00057999
0.49595 0.50405 0.000614614 0.000614614
0.49641 0.50359 0.00063881 0.00063881
0.49753 0.50247 0.000619201 0.000619201
0.49677 0.50323 0.000613128 0.000613128
0.49623 0.50377 0.000583027 0.000583027
0.49621 0.50379 0.000586188 0.000586188
0.49711 0.50289 0.000605614 0.000605614
0.49733 0.50267 0.000612264 0.000612264
0.49753 0.50247 0.000642433 0.000642433
0.49769 0.50231 0.000659792 0.000659792
0.49714 0.50286 0.000648829 0.000648829
0.49755 0.50245 0.000642593 0.000642593
0.49785 0.50215 0.000638472 0.000638472
0.49819 0.50181 0.000657428 0.000657428
0.49748 0.50252 0.000616535 0.000616535
0.49778 0.50222 0.000628476 0.000628476
0.49681 0.50319 0.000608297 0.000608297
0.49571 0.50429 0.00062043 0.00062043
0.49635 0.50365 0.000619644 0.000619644
0.49687 0.50313 0.000573791 0.000573791
0.49641 0.50359 0.000575679 0.000575679
0.49699 0.50301 0.000579505 0.000579505
0.49774 0.50226 0.000584942 0.000584942
0.49778 0.50222 0.000654577 0.000654577
0.49812 0.50188 0.000656006 0.000656006
0.49731 0.50269 0.00067462 0.00067462
0.49718 0.50282 0.000645583 0.000645583
0.497 0.503 0.000663798 0.000663798
0.49658 0.50342 0.000668994 0.000668994
0.498 0.502 0.000700869 0.000700869
0.49844 0.50156 0.000695077 0.000695077
0.49906 0.50094 0.000703956 0.000703956
0.49924 0.50076 0.000681396 0.000681396
0.49783 0.50217 0.000687011 0.000687011
0.49663 0.50337 0.000660801 0.000660801
0.49713 0.50287 0.000670983 0.000670983
0.49741 0.50259 0.000679861 0.000679861
0.49761 0.50239 0.000686988 0.000686988
0.49715 0.50285 0.000743018 0.000743018
0.49753 0.50247 0.000754534 0.000754534
0.49799 0.50201 0.000736091 0.000736091
0.4979 0.5021 0.000732273 0.000732273
0.49777 0.50223 0.000711613 0.000711613
0.49719 0.50281 0.000765832 0.000765832
0.49727 0.50273 0.000731916 0.000731916
0.49716 0.50284 0.000734499 0.000734499
0.49679 0.50321 0.000735077 0.000735077
0.49658 0.50342 0.000752812 0.000752812
0.49671 0.50329 0.000768026 0.000768026
0.49706 0.50294 0.000776764 0.000776764
0.49691 0.50309 0.000772164 0.000772164
0.49698 0.50302 0.000747192 0.000747192
0.49743 0.50257 0.000753217 0.000753217
0.49743 0.50257 0.000736914 0.000736914
0.49807 0.50193 0.000695541 0.000695541
0.4987 0.5013 0.000699162 0.000699162
0.49871 0.50129 0.000729541 0.000729541
0.49917 0.50083 0.00068392 0.00068392
0.49876 0.50124 0.000635619 0.000635619
0.49747 0.50253 0.000652777 0.000652777
0.49766 0.50234 0.000658408 0.000658408
0.49729 0.50271 0.000655299 0.000655299
0.49761 0.50239 0.000661634 0.000661634
0.49734 0.50266 0.000692813 0.000692813
0.49739 0.50261 0.000706543 0.000706543
0.49721 0.50279 0.00069338 0.00069338
0.49747 0.50253 0.000690999 0.000690999
0.4971 0.5029 0.000687242 0.000687242
0.49781 0.50219 0.000699549 0.000699549
0.49833 0.50167 0.000692284 0.000692284
0.49812 0.50188 0.000666612 0.000666612
0.49687 0.50313 0.000620296 0.000620296
0.49697 0.50303 0.000622474 0.000622474
0.49753 0.50247 0.000631807 0.000631807
0.49854 0.50146 0.000626817 0.000626817
0.49852 0.50148 0.000665505 0.000665505
0.49801 0.50199 0.000717101 0.000717101
0.49815 0.50185 0.000708533 0.000708533
0.4981 0.5019 0.000726455 0.000726455
0.4974 0.5026 0.000723354 0.000723354
0.49791 0.50209 0.000718002 0.000718002
0.49846 0.50154 0.000650392 0.000650392
0.49897 0.50103 0.000592797 0.000592797
0.49824 0.50176 0.000647396 0.000647396
0.4985 0.5015 0.000641061 0.000641061
0.49909 0.50091 0.000633739 0.000633739
0.49874 0.50126 0.000634073 0.000634073
0.49836 0.50164 0.000644475 0.000644475
0.49848 0.50152 0.000640293 0.000640293
0.49934 0.50066 0.000633802 0.000633802
0.49936 0.50064 0.000616637 0.000616637
0.49978 0.50022 0.000652678 0.000652678
0.4994 0.5006 0.000660303 0.000660303
0.50002 0.49998 0.000640747 0.000640747
0.49933 0.50067 0.000677314 0.000677314
0.49858 0.50142 0.000660448 0.000660448
0.49754 0.50246 0.000671786 0.000671786
0.4969 0.5031 0.000671687 0.000671687
0.49735 0.50265 0.000702391 0.000702391
0.49854 0.50146 0.000712675 0.000712675
0.4984 0.5016 0.000697919 0.000697919
0.4988 0.5012 0.000691657 0.000691657
0.49779 0.50221 0.000700531 0.000700531
0.49785 0.50215 0.000694048 0.000694048
0.49718 0.50282 0.000648594 0.000648594
0.49664 0.50336 0.000647162 0.000647162
0.49801 0.50199 0.000637283 0.000637283
0.4986 0.5014 0.000693192 0.000693192
0.49978 0.50022 0.000696113 0.000696113
0.49946 0.50054 0.000750392 0.000750392
0.50022 0.49978 0.000673103 0.000673103
0.49998 0.50002 0.000695979 0.000695979
0.50044 0.49956 0.00066334 0.00066334
0.49917 0.50083 0.000746183 0.000746183
0.50033 0.49967 0.000759173 0.000759173
0.5003 0.4997 0.000817465 0.000817465
0.50009 0.49991 0.000806931 0.000806931
0.49986 0.50014 0.000816566 0.000816566
0.49959 0.50041 0.000806608 0.000806608
0.49958 0.50042 0.000814529 0.000814529
0.49871 0.50129 0.00082041 0.00082041
0.49887 0.50113 0.000805488 0.000805488
0.49964 0.50036 0.000775303 0.000775303
0.49938 0.50062 0.000738602 0.000738602
0.49911 0.50089 0.000710523 0.000710523
0.49893 0.50107 0.000708611 0.000708611
0.4985 0.5015 0.000747525 0.000747525
0.49894 0.50106 0.00078238 0.00078238
0.49974 0.50026 0.000811548 0.000811548
0.49974 0.50026 0.000730174 0.000730174
0.4997 0.5003 0.000736232 0.000736232
0.50003 0.49997 0.00072308 0.00072308
0.49929 0.50071 0.00071845 0.00071845
0.49965 0.50035 0.000685422 0.000685422
0.49941 0.50059 0.000655073 0.000655073
0.49965 0.50035 0.000694876 0.000694876
0.50027 0.49973 0.000712543 0.000712543
0.49939 0.50061 0.000687069 0.000687069
0.49913 0.50087 0.000725508 0.000725508
0.49949 0.50051 0.000661788 0.000661788
0.49919 0.50081 0.000686398 0.000686398
0.49876 0.50124 0.000667457 0.000667457
0.49842 0.50158 0.000666832 0.000666832
0.49778 0.50222 0.000691224 0.000691224
0.49771 0.50229 0.000692349 0.000692349
0.49757 0.50243 0.00067653 0.00067653
0.49725 0.50275 0.000679301 0.000679301
0.49739 0.50261 0.000674907 0.000674907
0.49735 0.50265 0.000688795 0.000688795
0.49794 0.50206 0.000693693 0.000693693
0.49777 0.50223 0.000717613 0.000717613
0.49797 0.50203 0.000698635 0.000698635
0.49825 0.50175 0.000732997 0.000732997
0.49892 0.50108 0.000698034 0.000698034
0.49871 0.50129 0.000720471 0.000720471
0.49951 0.50049 0.000775404 0.000775404
0.49981 0.50019 0.000769751 0.000769751
0.49937 0.50063 0.000755064 0.000755064
0.49895 0.50105 0.000732755 0.000732755
0.49844 0.50156 0.000724976 0.000724976
0.4986 0.5014 0.000746687 0.000746687
0.49924 0.50076 0.000761699 0.000761699
0.49917 0.50083 0.000779779 0.000779779
0.49963 0.50037 0.00073169 0.00073169
0.49959 0.50041 0.000746042 0.000746042
0.49907 0.50093 0.000719197 0.000719197
0.49803 0.50197 0.000731524 0.000731524
0.49845 0.50155 0.000698634 0.000698634
0.49843 0.50157 0.000730268 0.000730268
0.49893 0.50107 0.000767884 0.000767884
0.49941 0.50059 0.000679719 0.000679719
0.50002 0.49998 0.000653555 0.000653555
0.49986 0.50014 0.000695354 0.000695354
0.49925 0.50075 0.000644694 0.000644694
0.49853 0.50147 0.000636191 0.000636191
0.49844 0.50156 0.000646895 0.000646895
0.49877 0.50123 0.000655532 0.000655532
0.49831 0.50169 0.000699974 0.000699974
0.49797 0.50203 0.000671949 0.000671949
0.49734 0.50266 0.00074552 0.00074552
0.49752 0.50248 0.000741767 0.000741767
0.49733 0.50267 0.000748708 0.000748708
0.49714 0.50286 0.000679536 0.000679536
0.49755 0.50245 0.000667199 0.000667199
0.49717 0.50283 0.000649597 0.000649597
0.49747 0.50253 0.000677646 0.000677646
0.49777 0.50223 0.00066727 0.00066727
0.49762 0.50238 0.000689895 0.000689895
0.49688 0.50312 0.000686369 0.000686369
0.4973 0.5027 0.00063799 0.00063799
0.49688 0.50312 0.000631864 0.000631864
0.49706 0.50294 0.000699653 0.000699653
0.49734 0.50266 0.000748328 0.000748328
0.49737 0.50263 0.000730276 0.000730276
0.49763 0.50237 0.000738054 0.000738054
0.49817 0.50183 0.000713173 0.000713173
0.49677 0.50323 0.000686603 0.000686603
0.49765 0.50235 0.000681745 0.000681745
0.4973 0.5027 0.000601667 0.000601667
0.49696 0.50304 0.000629413 0.000629413
0.49702 0.50298 0.000592464 0.000592464
0.49827 0.50173 0.000573916 0.000573916
0.49889 0.50111 0.000568887 0.000568887
0.49868 0.50132 0.000574078 0.000574078
0.49989 0.50011 0.000553634 0.000553634
0.4996 0.5004 0.000561636 0.000561636
0.49911 0.50089 0.000583311 0.000583311
0.49858 0.50142 0.000590084 0.000590084
0.49875 0.50125 0.000612028 0.000612028
0.49872 0.50128 0.000633739 0.000633739
0.49822 0.50178 0.000649264 0.000649264
0.49803 0.50197 0.000631221 0.000631221
0.49828 0.50172 0.000664891 0.000664891
0.49836 0.50164 0.000738859 0.000738859
0.49786 0.50214 0.00072295 0.00072295
0.49783 0.50217 0.000710708 0.000710708
0.4978 0.5022 0.000691394 0.000691394
0.49845 0.50155 0.000679301 0.000679301
0.49826 0.50174 0.000632538 0.000632538
0.49813 0.50187 0.000637811 0.000637811
0.49957 0.50043 0.000645682 0.000645682
0.49931 0.50069 0.000623065 0.000623065
0.50001 0.49999 0.000634899 0.000634899
0.50004 0.49996 0.000650988 0.000650988
0.49985 0.50015 0.000667482 0.000667482
0.50021 0.49979 0.000631036 0.000631036
0.49987 0.50013 0.000645246 0.000645246
0.49941 0.50059 0.000651658 0.000651658
0.5004 0.4996 0.000565778 0.000565778
0.50042 0.49958 0.000562771 0.000562771
0.49997 0.50003 0.000550373 0.000550373
0.49966 0.50034 0.000540772 0.000540772
0.49874 0.50126 0.000560538 0.000560538
0.49864 0.50136 0.000582132 0.000582132
0.4979 0.5021 0.000551929 0.000551929
0.49985 0.50015 0.000573159 0.000573159
0.49973 0.50027 0.000596159 0.000596159
0.49994 0.50006 0.000602905 0.000602905
0.49941 0.50059 0.00060582 0.00060582
0.49975 0.50025 0.000576028 0.000576028
0.49986 0.50014 0.000551859 0.000551859
0.49942 0.50058 0.000579721 0.000579721
0.49967 0.50033 0.000569011 0.000569011
0.49934 0.50066 0.000607338 0.000607338
0.49972 0.50028 0.000623012 0.000623012
0.49987 0.50013 0.00066866 0.00066866
0.49955 0.50045 0.000654533 0.000654533
0.49857 0.50143 0.000635965 0.000635965
0.49813 0.50187 0.000655528 0.000655528
0.49809 0.50191 0.000658285 0.000658285
0.49844 0.50156 0.000655481 0.000655481
0.49816 0.50184 0.000617772 0.000617772
0.49853 0.50147 0.000628959 0.000628959
0.49901 0.50099 0.000629687 0.000629687
0.49919 0.50081 0.000605873 0.000605873
0.49867 0.50133 0.000622082 0.000622082
0.49994 0.50006 0.000661067 0.000661067
0.50004 0.49996 0.000664746 0.000664746
0.50064 0.49936 0.000622556 0.000622556
0.50035 0.49965 0.000598775 0.000598775
0.49954 0.50046 0.000616695 0.000616695
0.49944 0.50056 0.00062239 0.00062239
0.49944 0.50056 0.000652168 0.000652168
0.49955 0.50045 0.000665583 0.000665583
0.50022 0.49978 0.000669587 0.000669587
0.50086 0.49914 0.000742303 0.000742303
0.49942 0.50058 0.000752691 0.000752691
0.50001 0.49999 0.000760555 0.000760555
0.50091 0.49909 0.000774143 0.000774143
0.50014 0.49986 0.000809617 0.000809617
0.5004 0.4996 0.000772687 0.000772687
0.50047 0.49953 0.000816797 0.000816797
0.49987 0.50013 0.000823044 0.000823044
0.50043 0.49957 0.000803096 0.000803096
0.50042 0.49958 0.000811438 0.000811438
0.50043 0.49957 0.000863197 0.000863197
0.50008 0.49992 0.000818701 0.000818701
0.50055 0.49945 0.000813038 0.000813038
0.50036 0.49964 0.000839748 0.000839748
0.50079 0.49921 0.000791703 0.000791703
0.50014 0.49986 0.000770546 0.000770546
0.50046 0.49954 0.000748392 0.000748392
0.49988 0.50012 0.000734046 0.000734046
0.49872 0.50128 0.000751941 0.000751941
0.49884 0.50116 0.000745287 0.000745287
0.49954 0.50046 0.000774958 0.000774958
0.4991 0.5009 0.000788737 0.000788737
0.49911 0.50089 0.000726725 0.000726725
0.49883 0.50117 0.000782526 0.000782526
0.4994 0.5006 0.000764263 0.000764263
