0.19874 0.80126 3.54788e-06 3.54788e-06
0.19732 0.80268 7.71475e-06 7.71475e-06
0.19588 0.80412 9.58141e-06 9.58141e-06
0.19481 0.80519 1.31454e-05 1.31454e-05
0.19365 0.80635 1.70581e-05 1.70581e-05
0.19228 0.80772 2.33552e-05 2.33552e-05
0.19129 0.80871 2.91575e-05 2.91575e-05
0.19053 0.80947 3.46153e-05 3.46153e-05
0.18981 0.81019 3.81757e-05 3.81757e-05
0.18914 0.81086 4.58994e-05 4.58994e-05
0.1883 0.8117 4.76869e-05 4.76869e-05
0.1874 0.8126 5.09495e-05 5.09495e-05
0.1866 0.8134 5.67677e-05 5.67677e-05
0.18584 0.81416 6.06812e-05 6.06812e-05
0.18531 0.81469 5.82363e-05 5.82363e-05
0.18481 0.81519 6.01757e-05 6.01757e-05
0.1844 0.8156 6.39798e-05 6.39798e-05
0.18373 0.81627 6.03001e-05 6.03001e-05
0.18349 0.81651 6.42322e-05 6.42322e-05
0.18292 0.81708 6.39733e-05 6.39733e-05
0.18235 0.81765 6.2149e-05 6.2149e-05
0.18201 0.81799 6.06565e-05 6.06565e-05
0.18146 0.81854 6.07964e-05 6.07964e-05
0.18117 0.81883 6.14759e-05 6.14759e-05
0.18095 0.81905 6.21894e-05 6.21894e-05
0.1806 0.8194 5.92525e-05 5.92525e-05
0.18035 0.81965 5.70581e-05 5.70581e-05
0.17993 0.82007 5.56617e-05 5.56617e-05
0.17972 0.82028 5.29511e-05 5.29511e-05
0.17932 0.82068 4.96743e-05 4.96743e-05
0.17909 0.82091 4.79211e-05 4.79211e-05
0.17884 0.82116 4.91661e-05 4.91661e-05
0.17876 0.82124 4.8063e-05 4.8063e-05
0.17848 0.82152 4.77269e-05 4.77269e-05
0.17837 0.82163 4.81344e-05 4.81344e-05
0.17826 0.82174 4.77903e-05 4.77903e-05
0.17818 0.82182 4.91592e-05 4.91592e-05
0.1779 0.8221 4.78485e-05 4.78485e-05
0.17771 0.82229 4.82686e-05 4.82686e-05
0.17753 0.82247 4.75849e-05 4.75849e-05
0.17738 0.82262 4.79147e-05 4.79147e-05
0.17714 0.82286 4.59196e-05 4.59196e-05
0.17697 0.82303 4.56254e-05 4.56254e-05
0.17682 0.82318 4.41693e-05 4.41693e-05
0.17666 0.82334 4.41257e-05 4.41257e-05
0.17649 0.82351 4.24342e-05 4.24342e-05
0.17629 0.82371 4.12585e-05 4.12585e-05
0.17624 0.82376 3.976e-05 3.976e-05
0.17613 0.82387 3.93062e-05 3.93062e-05
0.17608 0.82392 3.94885e-05 3.94885e-05
0.17602 0.82398 3.98178e-05 3.98178e-05
0.17587 0.82413 3.95486e-05 3.95486e-05
0.17581 0.82419 3.81151e-05 3.81151e-05
0.17572 0.82428 3.84259e-05 3.84259e-05
0.1756 0.8244 3.79798e-05 3.79798e-05
0.17553 0.82447 3.71203e-05 3.71203e-05
0.17543 0.82457 3.69748e-05 3.69748e-05
0.17536 0.82464 3.83741e-05 3.83741e-05
0.1753 0.8247 3.82727e-05 3.82727e-05
0.17527 0.82473 3.75526e-05 3.75526e-05
0.17518 0.82482 3.78259e-05 3.78259e-05
0.1752 0.8248 3.86061e-05 3.86061e-05
0.17517 0.82483 3.87486e-05 3.87486e-05
0.17512 0.82488 3.80865e-05 3.80865e-05
0.17504 0.82496 3.72711e-05 3.72711e-05
0.17501 0.82499 3.69393e-05 3.69393e-05
0.17498 0.82502 3.72521e-05 3.72521e-05
0.17495 0.82505 3.71389e-05 3.71389e-05
0.17492 0.82508 3.64986e-05 3.64986e-05
0.1749 0.8251 3.67374e-05 3.67374e-05
0.17486 0.82514 3.69701e-05 3.69701e-05
0.17481 0.82519 3.63373e-05 3.63373e-05
0.17484 0.82516 3.60145e-05 3.60145e-05
0.17484 0.82516 3.61358e-05 3.61358e-05
0.17485 0.82515 3.6149e-05 3.6149e-05
0.17482 0.82518 3.59067e-05 3.59067e-05
0.17478 0.82522 3.60925e-05 3.60925e-05
0.17474 0.82526 3.62549e-05 3.62549e-05
0.17471 0.82529 3.59252e-05 3.59252e-05
0.17465 0.82535 3.625e-05 3.625e-05
0.17465 0.82535 3.67551e-05 3.67551e-05
0.17461 0.82539 3.65635e-05 3.65635e-05
0.17454 0.82546 3.57055e-05 3.57055e-05
0.17456 0.82544 3.56226e-05 3.56226e-05
0.17456 0.82544 3.5562e-05 3.5562e-05
0.17449 0.82551 3.57676e-05 3.57676e-05
0.17446 0.82554 3.57055e-05 3.57055e-05
0.17441 0.82559 3.57999e-05 3.57999e-05
0.17439 0.82561 3.521e-05 3.521e-05
0.17438 0.82562 3.53895e-05 3.53895e-05
0.17436 0.82564 3.55661e-05 3.55661e-05
0.17436 0.82564 3.57681e-05 3.57681e-05
0.17435 0.82565 3.62096e-05 3.62096e-05
0.17433 0.82567 3.62031e-05 3.62031e-05
0.17431 0.82569 3.61959e-05 3.61959e-05
0.17431 0.82569 3.60948e-05 3.60948e-05
0.17431 0.82569 3.5711e-05 3.5711e-05
0.17429 0.82571 3.55817e-05 3.55817e-05
0.17427 0.82573 3.57951e-05 3.57951e-05
0.1743 0.8257 3.53636e-05 3.53636e-05
0.1743 0.8257 3.51818e-05 3.51818e-05
0.17428 0.82572 3.5436e-05 3.5436e-05
0.17424 0.82576 3.51943e-05 3.51943e-05
0.1742 0.8258 3.57778e-05 3.57778e-05
0.17419 0.82581 3.57514e-05 3.57514e-05
0.1742 0.8258 3.55354e-05 3.55354e-05
0.17423 0.82577 3.54516e-05 3.54516e-05
0.17423 0.82577 3.54516e-05 3.54516e-05
0.17423 0.82577 3.55122e-05 3.55122e-05
0.17421 0.82579 3.58443e-05 3.58443e-05
0.1742 0.8258 3.53939e-05 3.53939e-05
0.1742 0.8258 3.53939e-05 3.53939e-05
0.1742 0.8258 3.52727e-05 3.52727e-05
0.17418 0.82582 3.53208e-05 3.53208e-05
0.17418 0.82582 3.52198e-05 3.52198e-05
0.17416 0.82584 3.51257e-05 3.51257e-05
0.17416 0.82584 3.50448e-05 3.50448e-05
0.17416 0.82584 3.49236e-05 3.49236e-05
0.17415 0.82585 3.49975e-05 3.49975e-05
0.17415 0.82585 3.50177e-05 3.50177e-05
0.17414 0.82586 3.51115e-05 3.51115e-05
0.17415 0.82585 3.53005e-05 3.53005e-05
0.17415 0.82585 3.53005e-05 3.53005e-05
0.17414 0.82586 3.52125e-05 3.52125e-05
0.17412 0.82588 3.52986e-05 3.52986e-05
0.17413 0.82587 3.5387e-05 3.5387e-05
0.17413 0.82587 3.5488e-05 3.5488e-05
0.17412 0.82588 3.56824e-05 3.56824e-05
0.17412 0.82588 3.56824e-05 3.56824e-05
0.17411 0.82589 3.57555e-05 3.57555e-05
0.17409 0.82591 3.59817e-05 3.59817e-05
0.1741 0.8259 3.57677e-05 3.57677e-05
0.17409 0.82591 3.57797e-05 3.57797e-05
0.17407 0.82593 3.59647e-05 3.59647e-05
0.17405 0.82595 3.56641e-05 3.56641e-05
0.17407 0.82593 3.53789e-05 3.53789e-05
0.17405 0.82595 3.58056e-05 3.58056e-05
0.17405 0.82595 3.58056e-05 3.58056e-05
0.17404 0.82596 3.56145e-05 3.56145e-05
0.17404 0.82596 3.56145e-05 3.56145e-05
0.17405 0.82595 3.58056e-05 3.58056e-05
0.17405 0.82595 3.56035e-05 3.56035e-05
0.17404 0.82596 3.57156e-05 3.57156e-05
0.17404 0.82596 3.57156e-05 3.57156e-05
0.17405 0.82595 3.57449e-05 3.57449e-05
0.17403 0.82597 3.59082e-05 3.59082e-05
0.17404 0.82596 3.57964e-05 3.57964e-05
0.17404 0.82596 3.57964e-05 3.57964e-05
0.17403 0.82597 3.56658e-05 3.56658e-05
0.17403 0.82597 3.53829e-05 3.53829e-05
0.17405 0.82595 3.55833e-05 3.55833e-05
0.17405 0.82595 3.55833e-05 3.55833e-05
0.17403 0.82597 3.56658e-05 3.56658e-05
0.17404 0.82596 3.55135e-05 3.55135e-05
0.17403 0.82597 3.56052e-05 3.56052e-05
0.17403 0.82597 3.56052e-05 3.56052e-05
0.17403 0.82597 3.56052e-05 3.56052e-05
0.17403 0.82597 3.56052e-05 3.56052e-05
0.17402 0.82598 3.55956e-05 3.55956e-05
0.17402 0.82598 3.55956e-05 3.55956e-05
0.17401 0.82599 3.54039e-05 3.54039e-05
0.17399 0.82601 3.56464e-05 3.56464e-05
0.17399 0.82601 3.56464e-05 3.56464e-05
0.17398 0.82602 3.54339e-05 3.54339e-05
0.17396 0.82604 3.54933e-05 3.54933e-05
0.17396 0.82604 3.54933e-05 3.54933e-05
0.17396 0.82604 3.54933e-05 3.54933e-05
0.17398 0.82602 3.54743e-05 3.54743e-05
0.17397 0.82603 3.57264e-05 3.57264e-05
0.17398 0.82602 3.57168e-05 3.57168e-05
0.17398 0.82602 3.57168e-05 3.57168e-05
0.17397 0.82603 3.56658e-05 3.56658e-05
0.17397 0.82603 3.56658e-05 3.56658e-05
0.17397 0.82603 3.56658e-05 3.56658e-05
0.17397 0.82603 3.56658e-05 3.56658e-05
0.17398 0.82602 3.55956e-05 3.55956e-05
0.17398 0.82602 3.55956e-05 3.55956e-05
0.17398 0.82602 3.55956e-05 3.55956e-05
0.17398 0.82602 3.55956e-05 3.55956e-05
0.17397 0.82603 3.54637e-05 3.54637e-05
0.17396 0.82604 3.54529e-05 3.54529e-05
0.17396 0.82604 3.54529e-05 3.54529e-05
0.17396 0.82604 3.54529e-05 3.54529e-05
0.17396 0.82604 3.54529e-05 3.54529e-05
0.17397 0.82603 3.54637e-05 3.54637e-05
0.17398 0.82602 3.52117e-05 3.52117e-05
0.17399 0.82601 3.53433e-05 3.53433e-05
0.17398 0.82602 3.52117e-05 3.52117e-05
0.17398 0.82602 3.52117e-05 3.52117e-05
0.17398 0.82602 3.52117e-05 3.52117e-05
0.17398 0.82602 3.52117e-05 3.52117e-05
0.17398 0.82602 3.52117e-05 3.52117e-05
0.17398 0.82602 3.52117e-05 3.52117e-05
0.17398 0.82602 3.54137e-05 3.54137e-05
0.17397 0.82603 3.54233e-05 3.54233e-05
0.17397 0.82603 3.54233e-05 3.54233e-05
0.17397 0.82603 3.54233e-05 3.54233e-05
0.17397 0.82603 3.54233e-05 3.54233e-05
0.17396 0.82604 3.54327e-05 3.54327e-05
0.17396 0.82604 3.54327e-05 3.54327e-05
0.17396 0.82604 3.54327e-05 3.54327e-05
0.17396 0.82604 3.54327e-05 3.54327e-05
0.17396 0.82604 3.54327e-05 3.54327e-05
0.17395 0.82605 3.56843e-05 3.56843e-05
0.17394 0.82606 3.55519e-05 3.55519e-05
0.17393 0.82607 3.53789e-05 3.53789e-05
0.17393 0.82607 3.53789e-05 3.53789e-05
0.17393 0.82607 3.53789e-05 3.53789e-05
0.17393 0.82607 3.53789e-05 3.53789e-05
0.17393 0.82607 3.53789e-05 3.53789e-05
0.17392 0.82608 3.53875e-05 3.53875e-05
0.17392 0.82608 3.53875e-05 3.53875e-05
0.17392 0.82608 3.53875e-05 3.53875e-05
0.17392 0.82608 3.53875e-05 3.53875e-05
0.17392 0.82608 3.53875e-05 3.53875e-05
0.17394 0.82606 3.53095e-05 3.53095e-05
0.17393 0.82607 3.53183e-05 3.53183e-05
0.17393 0.82607 3.53183e-05 3.53183e-05
0.17393 0.82607 3.53183e-05 3.53183e-05
0.17393 0.82607 3.53183e-05 3.53183e-05
0.17393 0.82607 3.53183e-05 3.53183e-05
0.17393 0.82607 3.53183e-05 3.53183e-05
0.17393 0.82607 3.53183e-05 3.53183e-05
0.17393 0.82607 3.53183e-05 3.53183e-05
0.17393 0.82607 3.53183e-05 3.53183e-05
0.17393 0.82607 3.53183e-05 3.53183e-05
0.17393 0.82607 3.53183e-05 3.53183e-05
0.17393 0.82607 3.53183e-05 3.53183e-05
0.17392 0.82608 3.53875e-05 3.53875e-05
0.17392 0.82608 3.53875e-05 3.53875e-05
0.17392 0.82608 3.53875e-05 3.53875e-05
0.17391 0.82609 3.54565e-05 3.54565e-05
0.1739 0.8261 3.53636e-05 3.53636e-05
0.1739 0.8261 3.53636e-05 3.53636e-05
0.1739 0.8261 3.53636e-05 3.53636e-05
0.1739 0.8261 3.53636e-05 3.53636e-05
0.1739 0.8261 3.53636e-05 3.53636e-05
0.1739 0.8261 3.53636e-05 3.53636e-05
0.1739 0.8261 3.53636e-05 3.53636e-05
0.1739 0.8261 3.53636e-05 3.53636e-05
0.1739 0.8261 3.53636e-05 3.53636e-05
0.1739 0.8261 3.53636e-05 3.53636e-05
0.1739 0.8261 3.53636e-05 3.53636e-05
0.1739 0.8261 3.53636e-05 3.53636e-05
0.1739 0.8261 3.53636e-05 3.53636e-05
0.17389 0.82611 3.54322e-05 3.54322e-05
0.1739 0.8261 3.53636e-05 3.53636e-05
0.17391 0.82609 3.52948e-05 3.52948e-05
0.17391 0.82609 3.52948e-05 3.52948e-05
0.17391 0.82609 3.52948e-05 3.52948e-05
0.17391 0.82609 3.52948e-05 3.52948e-05
0.17391 0.82609 3.52948e-05 3.52948e-05
0.17391 0.82609 3.52948e-05 3.52948e-05
0.17391 0.82609 3.52948e-05 3.52948e-05
0.17391 0.82609 3.52948e-05 3.52948e-05
0.17391 0.82609 3.52948e-05 3.52948e-05
0.17391 0.82609 3.52948e-05 3.52948e-05
0.17391 0.82609 3.52948e-05 3.52948e-05
0.17391 0.82609 3.52948e-05 3.52948e-05
0.17391 0.82609 3.52948e-05 3.52948e-05
0.17391 0.82609 3.52948e-05 3.52948e-05
0.17391 0.82609 3.52948e-05 3.52948e-05
0.17391 0.82609 3.52948e-05 3.52948e-05
0.17391 0.82609 3.52948e-05 3.52948e-05
0.17391 0.82609 3.52948e-05 3.52948e-05
0.17391 0.82609 3.52948e-05 3.52948e-05
0.17389 0.82611 3.51696e-05 3.51696e-05
0.1739 0.8261 3.53838e-05 3.53838e-05
0.1739 0.8261 3.53838e-05 3.53838e-05
0.1739 0.8261 3.53838e-05 3.53838e-05
0.1739 0.8261 3.53838e-05 3.53838e-05
0.1739 0.8261 3.53636e-05 3.53636e-05
0.1739 0.8261 3.53636e-05 3.53636e-05
0.17391 0.82609 3.52948e-05 3.52948e-05
0.17391 0.82609 3.52948e-05 3.52948e-05
0.17391 0.82609 3.52948e-05 3.52948e-05
0.17391 0.82609 3.52948e-05 3.52948e-05
0.17391 0.82609 3.52948e-05 3.52948e-05
0.17391 0.82609 3.52948e-05 3.52948e-05
0.17391 0.82609 3.52948e-05 3.52948e-05
0.17391 0.82609 3.52948e-05 3.52948e-05
0.17391 0.82609 3.52948e-05 3.52948e-05
0.17391 0.82609 3.52948e-05 3.52948e-05
0.1739 0.8261 3.53636e-05 3.53636e-05
0.1739 0.8261 3.53636e-05 3.53636e-05
0.17388 0.82612 3.51976e-05 3.51976e-05
0.17388 0.82612 3.51976e-05 3.51976e-05
0.17388 0.82612 3.51976e-05 3.51976e-05
0.17388 0.82612 3.51976e-05 3.51976e-05
0.17388 0.82612 3.51976e-05 3.51976e-05
0.17388 0.82612 3.51976e-05 3.51976e-05
0.17388 0.82612 3.51976e-05 3.51976e-05
0.17388 0.82612 3.51976e-05 3.51976e-05
0.17388 0.82612 3.51976e-05 3.51976e-05
0.17388 0.82612 3.51976e-05 3.51976e-05
0.17388 0.82612 3.51976e-05 3.51976e-05
0.17388 0.82612 3.51976e-05 3.51976e-05
0.17388 0.82612 3.51976e-05 3.51976e-05
0.17388 0.82612 3.51976e-05 3.51976e-05
0.17388 0.82612 3.51976e-05 3.51976e-05
0.17388 0.82612 3.51976e-05 3.51976e-05
0.17388 0.82612 3.51976e-05 3.51976e-05
0.17388 0.82612 3.51976e-05 3.51976e-05
0.17388 0.82612 3.51976e-05 3.51976e-05
0.17388 0.82612 3.51976e-05 3.51976e-05
0.17388 0.82612 3.51976e-05 3.51976e-05
0.17388 0.82612 3.51976e-05 3.51976e-05
0.17388 0.82612 3.51976e-05 3.51976e-05
0.17389 0.82611 3.53514e-05 3.53514e-05
0.17389 0.82611 3.53514e-05 3.53514e-05
0.17389 0.82611 3.53514e-05 3.53514e-05
0.17389 0.82611 3.53514e-05 3.53514e-05
0.17389 0.82611 3.53514e-05 3.53514e-05
0.17389 0.82611 3.53514e-05 3.53514e-05
0.17389 0.82611 3.53514e-05 3.53514e-05
0.17389 0.82611 3.53514e-05 3.53514e-05
0.17389 0.82611 3.53514e-05 3.53514e-05
0.17389 0.82611 3.53514e-05 3.53514e-05
0.17389 0.82611 3.53514e-05 3.53514e-05
0.17389 0.82611 3.53514e-05 3.53514e-05
0.17389 0.82611 3.53514e-05 3.53514e-05
0.17389 0.82611 3.53514e-05 3.53514e-05
0.17389 0.82611 3.53514e-05 3.53514e-05
0.17389 0.82611 3.53514e-05 3.53514e-05
0.17389 0.82611 3.53514e-05 3.53514e-05
0.17388 0.82612 3.544e-05 3.544e-05
0.17388 0.82612 3.544e-05 3.544e-05
0.17388 0.82612 3.544e-05 3.544e-05
0.17388 0.82612 3.544e-05 3.544e-05
0.17387 0.82613 3.52254e-05 3.52254e-05
0.17387 0.82613 3.52254e-05 3.52254e-05
0.17387 0.82613 3.52254e-05 3.52254e-05
0.17387 0.82613 3.52254e-05 3.52254e-05
0.17387 0.82613 3.52254e-05 3.52254e-05
0.17387 0.82613 3.52254e-05 3.52254e-05
0.17387 0.82613 3.52254e-05 3.52254e-05
0.17387 0.82613 3.52254e-05 3.52254e-05
0.17387 0.82613 3.52254e-05 3.52254e-05
0.17387 0.82613 3.52254e-05 3.52254e-05
0.17387 0.82613 3.52254e-05 3.52254e-05
0.17387 0.82613 3.52254e-05 3.52254e-05
0.17387 0.82613 3.52254e-05 3.52254e-05
0.17387 0.82613 3.52254e-05 3.52254e-05
0.17387 0.82613 3.52254e-05 3.52254e-05
0.17387 0.82613 3.52254e-05 3.52254e-05
0.17386 0.82614 3.52933e-05 3.52933e-05
0.17386 0.82614 3.52933e-05 3.52933e-05
0.17386 0.82614 3.52933e-05 3.52933e-05
0.17386 0.82614 3.52933e-05 3.52933e-05
0.17386 0.82614 3.50711e-05 3.50711e-05
0.17386 0.82614 3.50711e-05 3.50711e-05
0.17386 0.82614 3.50711e-05 3.50711e-05
0.17387 0.82613 3.52254e-05 3.52254e-05
0.17387 0.82613 3.52254e-05 3.52254e-05
0.17387 0.82613 3.52254e-05 3.52254e-05
0.17387 0.82613 3.52254e-05 3.52254e-05
0.17387 0.82613 3.52254e-05 3.52254e-05
0.17387 0.82613 3.52254e-05 3.52254e-05
0.17387 0.82613 3.52254e-05 3.52254e-05
0.17387 0.82613 3.52254e-05 3.52254e-05
0.17387 0.82613 3.52254e-05 3.52254e-05
0.17387 0.82613 3.52254e-05 3.52254e-05
0.17387 0.82613 3.52254e-05 3.52254e-05
0.17387 0.82613 3.52254e-05 3.52254e-05
0.17386 0.82614 3.50711e-05 3.50711e-05
0.17386 0.82614 3.50711e-05 3.50711e-05
0.17386 0.82614 3.50711e-05 3.50711e-05
0.17386 0.82614 3.50711e-05 3.50711e-05
0.17386 0.82614 3.50711e-05 3.50711e-05
0.17386 0.82614 3.50711e-05 3.50711e-05
0.17386 0.82614 3.50711e-05 3.50711e-05
0.17386 0.82614 3.50711e-05 3.50711e-05
0.17386 0.82614 3.50711e-05 3.50711e-05
0.17386 0.82614 3.50711e-05 3.50711e-05
0.17386 0.82614 3.50711e-05 3.50711e-05
0.17386 0.82614 3.50711e-05 3.50711e-05
0.17386 0.82614 3.50711e-05 3.50711e-05
0.17386 0.82614 3.50711e-05 3.50711e-05
0.17386 0.82614 3.50711e-05 3.50711e-05
0.17386 0.82614 3.50711e-05 3.50711e-05
0.17386 0.82614 3.50711e-05 3.50711e-05
0.17386 0.82614 3.50711e-05 3.50711e-05
0.17386 0.82614 3.50711e-05 3.50711e-05
0.17386 0.82614 3.50711e-05 3.50711e-05
0.17386 0.82614 3.50711e-05 3.50711e-05
0.17387 0.82613 3.52254e-05 3.52254e-05
0.17387 0.82613 3.52254e-05 3.52254e-05
0.17387 0.82613 3.52254e-05 3.52254e-05
0.17387 0.82613 3.52254e-05 3.52254e-05
0.17387 0.82613 3.52254e-05 3.52254e-05
0.17387 0.82613 3.52254e-05 3.52254e-05
0.17387 0.82613 3.52254e-05 3.52254e-05
0.17387 0.82613 3.52254e-05 3.52254e-05
0.17387 0.82613 3.52254e-05 3.52254e-05
0.17387 0.82613 3.52254e-05 3.52254e-05
0.17387 0.82613 3.52254e-05 3.52254e-05
0.17387 0.82613 3.52254e-05 3.52254e-05
0.17387 0.82613 3.52254e-05 3.52254e-05
0.17387 0.82613 3.52254e-05 3.52254e-05
0.17387 0.82613 3.52254e-05 3.52254e-05
0.17387 0.82613 3.52254e-05 3.52254e-05
0.17387 0.82613 3.52254e-05 3.52254e-05
0.17387 0.82613 3.52254e-05 3.52254e-05
0.17387 0.82613 3.52254e-05 3.52254e-05
0.17387 0.82613 3.52254e-05 3.52254e-05
0.17387 0.82613 3.52254e-05 3.52254e-05
0.17387 0.82613 3.52254e-05 3.52254e-05
0.17387 0.82613 3.52254e-05 3.52254e-05
0.17387 0.82613 3.52254e-05 3.52254e-05
0.17386 0.82614 3.52933e-05 3.52933e-05
0.17386 0.82614 3.52933e-05 3.52933e-05
0.17386 0.82614 3.52933e-05 3.52933e-05
0.17386 0.82614 3.52933e-05 3.52933e-05
0.17386 0.82614 3.52933e-05 3.52933e-05
0.17386 0.82614 3.52933e-05 3.52933e-05
0.17386 0.82614 3.52933e-05 3.52933e-05
0.17386 0.82614 3.52933e-05 3.52933e-05
0.17386 0.82614 3.52933e-05 3.52933e-05
0.17386 0.82614 3.52933e-05 3.52933e-05
0.17386 0.82614 3.52933e-05 3.52933e-05
0.17386 0.82614 3.52933e-05 3.52933e-05
0.17386 0.82614 3.52933e-05 3.52933e-05
0.17386 0.82614 3.52933e-05 3.52933e-05
0.17386 0.82614 3.52933e-05 3.52933e-05
0.17386 0.82614 3.52933e-05 3.52933e-05
0.17386 0.82614 3.52933e-05 3.52933e-05
0.17386 0.82614 3.52933e-05 3.52933e-05
0.17386 0.82614 3.52933e-05 3.52933e-05
0.17386 0.82614 3.52933e-05 3.52933e-05
0.17386 0.82614 3.52933e-05 3.52933e-05
0.17386 0.82614 3.52933e-05 3.52933e-05
0.17386 0.82614 3.52933e-05 3.52933e-05
0.17386 0.82614 3.52933e-05 3.52933e-05
0.17386 0.82614 3.52933e-05 3.52933e-05
0.17386 0.82614 3.52933e-05 3.52933e-05
0.17386 0.82614 3.52933e-05 3.52933e-05
0.17386 0.82614 3.52933e-05 3.52933e-05
0.17386 0.82614 3.52933e-05 3.52933e-05
0.17386 0.82614 3.52933e-05 3.52933e-05
0.17386 0.82614 3.52933e-05 3.52933e-05
0.17386 0.82614 3.52933e-05 3.52933e-05
0.17386 0.82614 3.52933e-05 3.52933e-05
0.17386 0.82614 3.52933e-05 3.52933e-05
0.17386 0.82614 3.52933e-05 3.52933e-05
0.17386 0.82614 3.52933e-05 3.52933e-05
0.17386 0.82614 3.52933e-05 3.52933e-05
0.17386 0.82614 3.52933e-05 3.52933e-05
0.17386 0.82614 3.52933e-05 3.52933e-05
0.17386 0.82614 3.52933e-05 3.52933e-05
0.17386 0.82614 3.52933e-05 3.52933e-05
0.17386 0.82614 3.52933e-05 3.52933e-05
0.17386 0.82614 3.52933e-05 3.52933e-05
0.17386 0.82614 3.52933e-05 3.52933e-05
0.17386 0.82614 3.52933e-05 3.52933e-05
0.17386 0.82614 3.52933e-05 3.52933e-05
0.17386 0.82614 3.52933e-05 3.52933e-05
0.17386 0.82614 3.52933e-05 3.52933e-05
0.17386 0.82614 3.52933e-05 3.52933e-05
0.17386 0.82614 3.52933e-05 3.52933e-05
0.17386 0.82614 3.52933e-05 3.52933e-05
0.17386 0.82614 3.52933e-05 3.52933e-05
0.17386 0.82614 3.52933e-05 3.52933e-05
0.17386 0.82614 3.52933e-05 3.52933e-05
0.17386 0.82614 3.52933e-05 3.52933e-05
0.17386 0.82614 3.52933e-05 3.52933e-05
0.17386 0.82614 3.52933e-05 3.52933e-05
0.17386 0.82614 3.52933e-05 3.52933e-05
0.17386 0.82614 3.52933e-05 3.52933e-05
0.17386 0.82614 3.52933e-05 3.52933e-05
0.17386 0.82614 3.52933e-05 3.52933e-05
0.17386 0.82614 3.52933e-05 3.52933e-05
0.17386 0.82614 3.52933e-05 3.52933e-05
0.17386 0.82614 3.52933e-05 3.52933e-05
0.17386 0.82614 3.52933e-05 3.52933e-05
0.17386 0.82614 3.52933e-05 3.52933e-05
0.17386 0.82614 3.52933e-05 3.52933e-05
0.17386 0.82614 3.52933e-05 3.52933e-05
0.17386 0.82614 3.52933e-05 3.52933e-05
0.17386 0.82614 3.52933e-05 3.52933e-05
0.17386 0.82614 3.52933e-05 3.52933e-05
0.17386 0.82614 3.52933e-05 3.52933e-05
0.17386 0.82614 3.52933e-05 3.52933e-05
0.17386 0.82614 3.52933e-05 3.52933e-05
0.17386 0.82614 3.52933e-05 3.52933e-05
0.17386 0.82614 3.52933e-05 3.52933e-05
0.17386 0.82614 3.52933e-05 3.52933e-05
0.17386 0.82614 3.52933e-05 3.52933e-05
0.17385 0.82615 3.51389e-05 3.51389e-05
0.17385 0.82615 3.51389e-05 3.51389e-05
0.17385 0.82615 3.51389e-05 3.51389e-05
0.17385 0.82615 3.51389e-05 3.51389e-05
0.17385 0.82615 3.51389e-05 3.51389e-05
0.17384 0.82616 3.50448e-05 3.50448e-05
0.17384 0.82616 3.50448e-05 3.50448e-05
0.17384 0.82616 3.50448e-05 3.50448e-05
0.17384 0.82616 3.50448e-05 3.50448e-05
0.17384 0.82616 3.50448e-05 3.50448e-05
0.17384 0.82616 3.50448e-05 3.50448e-05
0.17384 0.82616 3.50448e-05 3.50448e-05
0.17384 0.82616 3.50448e-05 3.50448e-05
