0.18267 0.81733 4.72132e-05 4.72132e-05
0.16764 0.83236 0.000153546 0.000153546
0.15397 0.84603 0.000300777 0.000300777
0.14151 0.85849 0.000472656 0.000472656
0.1305 0.8695 0.000637283 0.000637283
0.12073 0.87927 0.000842724 0.000842724
0.1112 0.8888 0.0010118 0.0010118
0.10329 0.89671 0.00111017 0.00111017
0.09596 0.90404 0.00129032 0.00129032
0.08949 0.91051 0.00147627 0.00147627
0.08408 0.91592 0.00167755 0.00167755
0.07874 0.92126 0.00188329 0.00188329
0.07399 0.92601 0.00196658 0.00196658
0.06938 0.93062 0.00201549 0.00201549
0.06516 0.93484 0.00211242 0.00211242
0.06158 0.93842 0.0022276 0.0022276
0.05828 0.94172 0.00230113 0.00230113
0.05554 0.94446 0.00244003 0.00244003
0.05326 0.94674 0.00258482 0.00258482
0.05062 0.94938 0.00255042 0.00255042
0.04786 0.95214 0.00265034 0.00265034
0.04572 0.95428 0.0026316 0.0026316
0.04374 0.95626 0.00263278 0.00263278
0.04186 0.95814 0.00256257 0.00256257
0.03974 0.96026 0.00242819 0.00242819
0.03786 0.96214 0.0023381 0.0023381
0.03634 0.96366 0.00228645 0.00228645
0.03441 0.96559 0.00210725 0.00210725
0.03255 0.96745 0.0019932 0.0019932
0.03106 0.96894 0.00189351 0.00189351
0.02944 0.97056 0.00173475 0.00173475
0.02808 0.97192 0.00163244 0.00163244
0.02662 0.97338 0.00153189 0.00153189
0.02544 0.97456 0.00143603 0.00143603
0.02444 0.97556 0.00133766 0.00133766
0.02345 0.97655 0.00126647 0.00126647
0.02262 0.97738 0.00121202 0.00121202
0.02185 0.97815 0.00115215 0.00115215
0.02105 0.97895 0.00108037 0.00108037
0.02032 0.97968 0.00100745 0.00100745
0.01942 0.98058 0.000939963 0.000939963
0.0188 0.9812 0.000893111 0.000893111
0.01818 0.98182 0.000838816 0.000838816
0.01772 0.98228 0.000818668 0.000818668
0.01706 0.98294 0.000760441 0.000760441
0.0166 0.9834 0.000733071 0.000733071
0.0162 0.9838 0.000718667 0.000718667
0.01574 0.98426 0.000669366 0.000669366
0.0154 0.9846 0.000637131 0.000637131
0.01504 0.98496 0.000614039 0.000614039
0.01477 0.98523 0.000603654 0.000603654
0.01447 0.98553 0.000583585 0.000583585
0.01412 0.98588 0.00055841 0.00055841
0.01378 0.98622 0.000543769 0.000543769
0.01356 0.98644 0.000528895 0.000528895
0.01334 0.98666 0.000511398 0.000511398
0.0131 0.9869 0.000496697 0.000496697
0.013 0.987 0.000490364 0.000490364
0.01277 0.98723 0.000469896 0.000469896
0.01261 0.98739 0.000468079 0.000468079
0.01251 0.98749 0.000464071 0.000464071
0.01228 0.98772 0.000442284 0.000442284
0.01207 0.98793 0.000426975 0.000426975
0.01196 0.98804 0.000417433 0.000417433
0.0118 0.9882 0.000403111 0.000403111
0.01167 0.98833 0.000396951 0.000396951
0.01159 0.98841 0.000392184 0.000392184
0.01142 0.98858 0.000380286 0.000380286
0.01136 0.98864 0.000377324 0.000377324
0.01133 0.98867 0.000373779 0.000373779
0.01127 0.98873 0.00037028 0.00037028
0.01117 0.98883 0.000360749 0.000360749
0.01107 0.98893 0.00035352 0.00035352
0.01093 0.98907 0.000342106 0.000342106
0.01089 0.98911 0.000339533 0.000339533
0.01075 0.98925 0.00033221 0.00033221
0.01071 0.98929 0.000331339 0.000331339
0.01068 0.98932 0.000328523 0.000328523
0.01057 0.98943 0.000320147 0.000320147
0.01054 0.98946 0.000317099 0.000317099
0.01051 0.98949 0.000315707 0.000315707
0.0105 0.9895 0.00031603 0.00031603
0.01044 0.98956 0.000311037 0.000311037
0.01042 0.98958 0.000309842 0.000309842
0.0104 0.9896 0.00031 0.00031
0.01038 0.98962 0.000310218 0.000310218
0.01033 0.98967 0.000304021 0.000304021
0.01025 0.98975 0.000297523 0.000297523
0.01021 0.98979 0.000294309 0.000294309
0.01016 0.98984 0.000292439 0.000292439
0.01013 0.98987 0.000288983 0.000288983
0.01008 0.98992 0.000285428 0.000285428
0.01006 0.98994 0.000286077 0.000286077
0.01002 0.98998 0.000281575 0.000281575
0.00998 0.99002 0.000277818 0.000277818
0.00995 0.99005 0.00027722 0.00027722
0.00995 0.99005 0.000277745 0.000277745
0.00987 0.99013 0.000271872 0.000271872
0.00986 0.99014 0.000271192 0.000271192
0.00981 0.99019 0.000266984 0.000266984
0.00982 0.99018 0.000267927 0.000267927
0.00981 0.99019 0.000267893 0.000267893
0.00978 0.99022 0.000266759 0.000266759
0.00978 0.99022 0.000267709 0.000267709
0.00977 0.99023 0.000266765 0.000266765
0.00977 0.99023 0.000266846 0.000266846
0.00975 0.99025 0.000265199 0.000265199
0.00972 0.99028 0.000262143 0.000262143
0.00969 0.99031 0.000260034 0.000260034
0.00969 0.99031 0.000260034 0.000260034
0.00969 0.99031 0.000259085 0.000259085
0.00968 0.99032 0.000258119 0.000258119
0.00965 0.99035 0.000256492 0.000256492
0.00964 0.99036 0.000255707 0.000255707
0.00967 0.99033 0.000257698 0.000257698
0.00965 0.99035 0.000255927 0.000255927
0.00963 0.99037 0.000253932 0.000253932
0.00963 0.99037 0.000253932 0.000253932
0.00961 0.99039 0.00025224 0.00025224
0.0096 0.9904 0.000251939 0.000251939
0.0096 0.9904 0.000251939 0.000251939
0.00959 0.99041 0.000251113 0.000251113
0.00958 0.99042 0.000250347 0.000250347
0.00955 0.99045 0.000248129 0.000248129
0.00955 0.99045 0.000248109 0.000248109
0.00955 0.99045 0.000248109 0.000248109
0.00953 0.99047 0.000247282 0.000247282
0.00951 0.99049 0.000246515 0.000246515
0.00951 0.99049 0.000246515 0.000246515
0.00951 0.99049 0.000246535 0.000246535
0.00949 0.99051 0.000245 0.000245
0.00949 0.99051 0.000244778 0.000244778
0.00949 0.99051 0.000244778 0.000244778
0.00949 0.99051 0.000244778 0.000244778
0.00948 0.99052 0.00024405 0.00024405
0.00947 0.99053 0.000243161 0.000243161
0.00946 0.99054 0.000242251 0.000242251
0.00947 0.99053 0.000243141 0.000243141
0.00946 0.99054 0.000242251 0.000242251
0.00945 0.99055 0.000241543 0.000241543
0.00945 0.99055 0.000241543 0.000241543
0.00945 0.99055 0.000241543 0.000241543
0.00943 0.99057 0.000240571 0.000240571
0.00944 0.99056 0.00024138 0.00024138
0.00944 0.99056 0.00024138 0.00024138
0.00943 0.99057 0.00024049 0.00024049
0.00942 0.99058 0.00023968 0.00023968
0.00942 0.99058 0.00023968 0.00023968
0.00942 0.99058 0.00023968 0.00023968
0.00942 0.99058 0.00023968 0.00023968
0.00941 0.99059 0.000239214 0.000239214
0.00941 0.99059 0.000239335 0.000239335
0.0094 0.9906 0.000238768 0.000238768
0.0094 0.9906 0.000238768 0.000238768
0.0094 0.9906 0.000238768 0.000238768
0.0094 0.9906 0.000238768 0.000238768
0.0094 0.9906 0.000238768 0.000238768
0.0094 0.9906 0.000238768 0.000238768
0.0094 0.9906 0.000238768 0.000238768
0.00939 0.99061 0.000237897 0.000237897
0.00939 0.99061 0.000237897 0.000237897
0.00939 0.99061 0.000237897 0.000237897
0.00938 0.99062 0.000237672 0.000237672
0.00938 0.99062 0.000237672 0.000237672
0.00938 0.99062 0.000237672 0.000237672
0.00937 0.99063 0.000237003 0.000237003
0.00937 0.99063 0.000237003 0.000237003
0.00937 0.99063 0.000237003 0.000237003
0.00937 0.99063 0.000237003 0.000237003
0.00936 0.99064 0.000237182 0.000237182
0.00937 0.99063 0.000237003 0.000237003
0.00937 0.99063 0.000237003 0.000237003
0.00937 0.99063 0.000237003 0.000237003
0.00936 0.99064 0.000237162 0.000237162
0.00937 0.99063 0.000237003 0.000237003
0.00937 0.99063 0.000237003 0.000237003
0.00937 0.99063 0.000237003 0.000237003
0.00937 0.99063 0.000237003 0.000237003
0.00936 0.99064 0.000237182 0.000237182
0.00936 0.99064 0.000237182 0.000237182
0.00936 0.99064 0.000237182 0.000237182
0.00936 0.99064 0.000237182 0.000237182
0.00936 0.99064 0.000237182 0.000237182
0.00936 0.99064 0.000237182 0.000237182
0.00936 0.99064 0.000237182 0.000237182
0.00934 0.99066 0.000235823 0.000235823
0.00934 0.99066 0.000235823 0.000235823
0.00934 0.99066 0.000235823 0.000235823
0.00934 0.99066 0.000235823 0.000235823
0.00933 0.99067 0.000234971 0.000234971
0.00933 0.99067 0.000234971 0.000234971
0.00933 0.99067 0.000234971 0.000234971
0.00933 0.99067 0.000234971 0.000234971
0.00933 0.99067 0.000234971 0.000234971
0.00933 0.99067 0.000234971 0.000234971
0.00932 0.99068 0.000235129 0.000235129
0.00932 0.99068 0.000235129 0.000235129
0.00932 0.99068 0.000235129 0.000235129
0.00932 0.99068 0.000235129 0.000235129
0.00932 0.99068 0.000235129 0.000235129
0.00932 0.99068 0.000235129 0.000235129
0.00932 0.99068 0.000235129 0.000235129
0.00932 0.99068 0.000235129 0.000235129
0.00931 0.99069 0.000234337 0.000234337
0.00931 0.99069 0.000234337 0.000234337
0.00931 0.99069 0.000234337 0.000234337
0.00931 0.99069 0.000234337 0.000234337
0.00931 0.99069 0.000234337 0.000234337
0.00931 0.99069 0.000234337 0.000234337
0.0093 0.9907 0.000233626 0.000233626
0.0093 0.9907 0.000233626 0.000233626
0.0093 0.9907 0.000233626 0.000233626
0.0093 0.9907 0.000233626 0.000233626
0.0093 0.9907 0.000233626 0.000233626
0.00931 0.99069 0.000234337 0.000234337
0.00931 0.99069 0.000234337 0.000234337
0.00931 0.99069 0.000234337 0.000234337
0.00931 0.99069 0.000234337 0.000234337
0.00931 0.99069 0.000234337 0.000234337
0.00931 0.99069 0.000234337 0.000234337
0.00931 0.99069 0.000234337 0.000234337
0.00931 0.99069 0.000234337 0.000234337
0.00931 0.99069 0.000234337 0.000234337
0.00931 0.99069 0.000234337 0.000234337
0.00931 0.99069 0.000234337 0.000234337
0.00931 0.99069 0.000234337 0.000234337
0.00931 0.99069 0.000234337 0.000234337
0.00931 0.99069 0.000234337 0.000234337
0.00931 0.99069 0.000234337 0.000234337
0.00931 0.99069 0.000234337 0.000234337
0.00931 0.99069 0.000234337 0.000234337
0.00931 0.99069 0.000234337 0.000234337
0.0093 0.9907 0.000233465 0.000233465
0.0093 0.9907 0.000233465 0.000233465
0.0093 0.9907 0.000233465 0.000233465
0.0093 0.9907 0.000233465 0.000233465
0.0093 0.9907 0.000233465 0.000233465
0.0093 0.9907 0.000233465 0.000233465
0.0093 0.9907 0.000233465 0.000233465
0.0093 0.9907 0.000233465 0.000233465
0.0093 0.9907 0.000233465 0.000233465
0.0093 0.9907 0.000233465 0.000233465
0.0093 0.9907 0.000233465 0.000233465
0.0093 0.9907 0.000233465 0.000233465
0.0093 0.9907 0.000233465 0.000233465
0.0093 0.9907 0.000233465 0.000233465
0.0093 0.9907 0.000233465 0.000233465
0.0093 0.9907 0.000233465 0.000233465
0.00929 0.99071 0.000232753 0.000232753
0.00929 0.99071 0.000232753 0.000232753
0.00929 0.99071 0.000232753 0.000232753
0.00929 0.99071 0.000232753 0.000232753
0.00929 0.99071 0.000232753 0.000232753
0.00929 0.99071 0.000232753 0.000232753
0.00929 0.99071 0.000232753 0.000232753
0.00929 0.99071 0.000232753 0.000232753
0.00929 0.99071 0.000232753 0.000232753
0.00929 0.99071 0.000232753 0.000232753
0.00929 0.99071 0.000232753 0.000232753
0.00929 0.99071 0.000232753 0.000232753
0.00929 0.99071 0.000232753 0.000232753
0.00929 0.99071 0.000232753 0.000232753
0.00929 0.99071 0.000232753 0.000232753
0.00929 0.99071 0.000232753 0.000232753
0.00929 0.99071 0.000232753 0.000232753
0.00929 0.99071 0.000232753 0.000232753
0.00929 0.99071 0.000232753 0.000232753
0.00928 0.99072 0.000232224 0.000232224
0.00928 0.99072 0.000232224 0.000232224
0.00928 0.99072 0.000232224 0.000232224
0.00928 0.99072 0.000232224 0.000232224
0.00929 0.99071 0.000232753 0.000232753
0.00929 0.99071 0.000232753 0.000232753
0.00929 0.99071 0.000232753 0.000232753
0.00929 0.99071 0.000232753 0.000232753
0.00929 0.99071 0.000232753 0.000232753
0.00929 0.99071 0.000232753 0.000232753
0.00929 0.99071 0.000232753 0.000232753
0.00929 0.99071 0.000232753 0.000232753
0.00929 0.99071 0.000232753 0.000232753
0.00929 0.99071 0.000232753 0.000232753
0.00928 0.99072 0.000232103 0.000232103
0.00929 0.99071 0.000232753 0.000232753
0.00928 0.99072 0.000232224 0.000232224
0.00928 0.99072 0.000232224 0.000232224
0.00929 0.99071 0.000232753 0.000232753
0.00929 0.99071 0.000232753 0.000232753
0.00929 0.99071 0.000232753 0.000232753
0.00929 0.99071 0.000232753 0.000232753
0.00929 0.99071 0.000232753 0.000232753
0.00929 0.99071 0.000232753 0.000232753
0.00929 0.99071 0.000232753 0.000232753
0.00929 0.99071 0.000232753 0.000232753
0.00929 0.99071 0.000232753 0.000232753
0.00929 0.99071 0.000232753 0.000232753
0.00929 0.99071 0.000232753 0.000232753
0.00929 0.99071 0.000232753 0.000232753
0.00929 0.99071 0.000232753 0.000232753
0.00929 0.99071 0.000232753 0.000232753
0.00929 0.99071 0.000232753 0.000232753
0.00929 0.99071 0.000232753 0.000232753
0.00929 0.99071 0.000232753 0.000232753
0.00929 0.99071 0.000232753 0.000232753
0.00929 0.99071 0.000232753 0.000232753
0.00929 0.99071 0.000232753 0.000232753
0.00929 0.99071 0.000232753 0.000232753
0.00929 0.99071 0.000232753 0.000232753
0.00929 0.99071 0.000232753 0.000232753
0.00928 0.99072 0.000232103 0.000232103
0.00928 0.99072 0.000232103 0.000232103
0.00928 0.99072 0.000232103 0.000232103
0.00928 0.99072 0.000232103 0.000232103
0.00928 0.99072 0.000232103 0.000232103
0.00928 0.99072 0.000232103 0.000232103
0.00928 0.99072 0.000232103 0.000232103
0.00929 0.99071 0.000232753 0.000232753
0.00929 0.99071 0.000232753 0.000232753
0.00929 0.99071 0.000232753 0.000232753
0.00929 0.99071 0.000232753 0.000232753
0.00929 0.99071 0.000232753 0.000232753
0.00929 0.99071 0.000232753 0.000232753
0.00929 0.99071 0.000232753 0.000232753
0.00929 0.99071 0.000232753 0.000232753
0.00929 0.99071 0.000232753 0.000232753
0.00929 0.99071 0.000232753 0.000232753
0.00928 0.99072 0.000232103 0.000232103
0.00928 0.99072 0.000232103 0.000232103
0.00928 0.99072 0.000232103 0.000232103
0.00928 0.99072 0.000232103 0.000232103
0.00928 0.99072 0.000232103 0.000232103
0.00928 0.99072 0.000232103 0.000232103
0.00928 0.99072 0.000232103 0.000232103
0.00928 0.99072 0.000232103 0.000232103
0.00928 0.99072 0.000232103 0.000232103
0.00928 0.99072 0.000232103 0.000232103
0.00928 0.99072 0.000232103 0.000232103
0.00928 0.99072 0.000232103 0.000232103
0.00928 0.99072 0.000232103 0.000232103
0.00928 0.99072 0.000232103 0.000232103
0.00928 0.99072 0.000232103 0.000232103
0.00928 0.99072 0.000232103 0.000232103
0.00928 0.99072 0.000232103 0.000232103
0.00928 0.99072 0.000232103 0.000232103
0.00928 0.99072 0.000232103 0.000232103
0.00928 0.99072 0.000232103 0.000232103
0.00928 0.99072 0.000232103 0.000232103
0.00928 0.99072 0.000232103 0.000232103
0.00928 0.99072 0.000232103 0.000232103
0.00928 0.99072 0.000232103 0.000232103
0.00928 0.99072 0.000232103 0.000232103
0.00928 0.99072 0.000232103 0.000232103
0.00928 0.99072 0.000232103 0.000232103
0.00928 0.99072 0.000232103 0.000232103
0.00928 0.99072 0.000232103 0.000232103
0.00928 0.99072 0.000232103 0.000232103
0.00928 0.99072 0.000232103 0.000232103
0.00928 0.99072 0.000232103 0.000232103
0.00928 0.99072 0.000232103 0.000232103
0.00928 0.99072 0.000232103 0.000232103
0.00927 0.99073 0.000231573 0.000231573
0.00927 0.99073 0.000231573 0.000231573
0.00927 0.99073 0.000231573 0.000231573
0.00927 0.99073 0.000231573 0.000231573
0.00927 0.99073 0.000231573 0.000231573
0.00927 0.99073 0.000231573 0.000231573
0.00927 0.99073 0.000231573 0.000231573
0.00927 0.99073 0.000231573 0.000231573
0.00927 0.99073 0.000231573 0.000231573
0.00927 0.99073 0.000231573 0.000231573
0.00926 0.99074 0.000230942 0.000230942
0.00926 0.99074 0.000230942 0.000230942
0.00926 0.99074 0.000230942 0.000230942
0.00926 0.99074 0.000230942 0.000230942
0.00926 0.99074 0.000230942 0.000230942
0.00926 0.99074 0.000230942 0.000230942
0.00926 0.99074 0.000230942 0.000230942
0.00926 0.99074 0.000230942 0.000230942
0.00927 0.99073 0.000231573 0.000231573
0.00927 0.99073 0.000231573 0.000231573
0.00927 0.99073 0.000231573 0.000231573
0.00927 0.99073 0.000231573 0.000231573
0.00927 0.99073 0.000231573 0.000231573
0.00926 0.99074 0.000230942 0.000230942
0.00926 0.99074 0.000230942 0.000230942
0.00926 0.99074 0.000230942 0.000230942
0.00926 0.99074 0.000230942 0.000230942
0.00926 0.99074 0.000230942 0.000230942
0.00926 0.99074 0.000230942 0.000230942
0.00926 0.99074 0.000230942 0.000230942
0.00926 0.99074 0.000230942 0.000230942
0.00926 0.99074 0.000230942 0.000230942
0.00926 0.99074 0.000230942 0.000230942
0.00926 0.99074 0.000230942 0.000230942
0.00926 0.99074 0.000230942 0.000230942
0.00926 0.99074 0.000230942 0.000230942
0.00926 0.99074 0.000230942 0.000230942
0.00926 0.99074 0.000230942 0.000230942
0.00926 0.99074 0.000230942 0.000230942
0.00926 0.99074 0.000230942 0.000230942
0.00926 0.99074 0.000230942 0.000230942
0.00926 0.99074 0.000230942 0.000230942
0.00926 0.99074 0.000230942 0.000230942
0.00926 0.99074 0.000230942 0.000230942
0.00926 0.99074 0.000230942 0.000230942
0.00926 0.99074 0.000230942 0.000230942
0.00926 0.99074 0.000230942 0.000230942
0.00926 0.99074 0.000230942 0.000230942
0.00926 0.99074 0.000230942 0.000230942
0.00926 0.99074 0.000230942 0.000230942
0.00926 0.99074 0.000230942 0.000230942
0.00926 0.99074 0.000230942 0.000230942
0.00926 0.99074 0.000230942 0.000230942
0.00926 0.99074 0.000230942 0.000230942
0.00926 0.99074 0.000230942 0.000230942
0.00926 0.99074 0.000230942 0.000230942
0.00926 0.99074 0.000230942 0.000230942
0.00926 0.99074 0.000230942 0.000230942
0.00926 0.99074 0.000230942 0.000230942
0.00926 0.99074 0.000230942 0.000230942
0.00926 0.99074 0.000230942 0.000230942
0.00926 0.99074 0.000230942 0.000230942
0.00926 0.99074 0.000230942 0.000230942
0.00926 0.99074 0.000230942 0.000230942
0.00926 0.99074 0.000230942 0.000230942
0.00926 0.99074 0.000230942 0.000230942
0.00926 0.99074 0.000230942 0.000230942
0.00926 0.99074 0.000230942 0.000230942
0.00926 0.99074 0.000230942 0.000230942
0.00926 0.99074 0.000230942 0.000230942
0.00926 0.99074 0.000230942 0.000230942
0.00926 0.99074 0.000230942 0.000230942
0.00926 0.99074 0.000230942 0.000230942
0.00926 0.99074 0.000230942 0.000230942
0.00926 0.99074 0.000230942 0.000230942
0.00926 0.99074 0.000230942 0.000230942
0.00926 0.99074 0.000230942 0.000230942
0.00926 0.99074 0.000230942 0.000230942
0.00926 0.99074 0.000230942 0.000230942
0.00926 0.99074 0.000230942 0.000230942
0.00926 0.99074 0.000230942 0.000230942
0.00926 0.99074 0.000230942 0.000230942
0.00926 0.99074 0.000230942 0.000230942
0.00926 0.99074 0.000230942 0.000230942
0.00926 0.99074 0.000230942 0.000230942
0.00926 0.99074 0.000230942 0.000230942
0.00926 0.99074 0.000230942 0.000230942
0.00926 0.99074 0.000230942 0.000230942
0.00926 0.99074 0.000230942 0.000230942
0.00926 0.99074 0.000230942 0.000230942
0.00926 0.99074 0.000230942 0.000230942
0.00926 0.99074 0.000230942 0.000230942
0.00926 0.99074 0.000230942 0.000230942
0.00926 0.99074 0.000230942 0.000230942
0.00926 0.99074 0.000230942 0.000230942
0.00926 0.99074 0.000230942 0.000230942
0.00926 0.99074 0.000230942 0.000230942
0.00926 0.99074 0.000230942 0.000230942
0.00926 0.99074 0.000230942 0.000230942
0.00926 0.99074 0.000230942 0.000230942
0.00926 0.99074 0.000230942 0.000230942
0.00926 0.99074 0.000230942 0.000230942
0.00926 0.99074 0.000230942 0.000230942
0.00926 0.99074 0.000230942 0.000230942
0.00926 0.99074 0.000230942 0.000230942
0.00926 0.99074 0.000230942 0.000230942
0.00926 0.99074 0.000230942 0.000230942
0.00926 0.99074 0.000230942 0.000230942
0.00926 0.99074 0.000230942 0.000230942
0.00926 0.99074 0.000230942 0.000230942
0.00926 0.99074 0.000230942 0.000230942
0.00926 0.99074 0.000230942 0.000230942
0.00926 0.99074 0.000230942 0.000230942
0.00926 0.99074 0.000230942 0.000230942
0.00926 0.99074 0.000230942 0.000230942
0.00926 0.99074 0.000230942 0.000230942
0.00926 0.99074 0.000230942 0.000230942
0.00926 0.99074 0.000230942 0.000230942
0.00926 0.99074 0.000230942 0.000230942
0.00926 0.99074 0.000230942 0.000230942
0.00926 0.99074 0.000230942 0.000230942
0.00926 0.99074 0.000230942 0.000230942
0.00926 0.99074 0.000230942 0.000230942
0.00926 0.99074 0.000230942 0.000230942
0.00926 0.99074 0.000230942 0.000230942
0.00926 0.99074 0.000230942 0.000230942
0.00926 0.99074 0.000230942 0.000230942
0.00926 0.99074 0.000230942 0.000230942
0.00926 0.99074 0.000230942 0.000230942
0.00926 0.99074 0.000230942 0.000230942
0.00926 0.99074 0.000230942 0.000230942
0.00926 0.99074 0.000230942 0.000230942
0.00926 0.99074 0.000230942 0.000230942
0.00926 0.99074 0.000230942 0.000230942
0.00926 0.99074 0.000230942 0.000230942
0.00926 0.99074 0.000230942 0.000230942
0.00926 0.99074 0.000230942 0.000230942
0.00926 0.99074 0.000230942 0.000230942
0.00926 0.99074 0.000230942 0.000230942
0.00926 0.99074 0.000230942 0.000230942
0.00926 0.99074 0.000230942 0.000230942
