1 2 194 128
3 1 202 121
0 1 198 104
1 4 198 93
1 0 179 97
2 1 150 95
1 6 140 90
1 0 137 96
4 3 154 115
0 0 143 125
5 3 181 100
1 2 154 106
0 2 134 111
1 3 143 106
1 4 141 114
0 1 149 144
1 1 132 125
1 0 134 134
0 2 138 138
0 5 156 125
3 4 171 236
0 0 148 228
2 1 162 237
0 3 164 244
3 2 167 202
0 0 145 225
2 2 136 235
2 0 127 235
0 1 131 231
0 1 124 241
0 7 160 194
2 1 132 181
2 2 125 175
0 0 118 152
1 4 117 151
0 6 109 147
1 0 115 122
1 0 125 108
1 2 131 142
1 0 137 136
1 0 199 120
2 2 182 81
4 1 160 65
8 4 152 71
6 0 171 67
2 1 180 78
4 2 182 95
2 0 170 80
0 0 185 79
0 5 187 68
1 2 199 177
2 0 190 161
0 1 190 164
2 4 202 147
3 5 203 152
0 0 214 140
0 1 211 142
5 1 193 144
1 2 193 153
1 0 183 142
3 1 135 153
1 2 148 144
4 0 121 145
2 2 113 147
1 2 101 158
1 2 129 171
2 2 91 187
1 0 97 182
1 2 111 170
3 3 124 182
4 2 214 170
1 4 197 154
0 4 183 159
1 8 172 155
0 4 165 150
2 3 168 173
1 4 176 164
0 1 167 202
1 1 183 190
2 4 204 185
3 3 184 183
1 3 164 165
3 3 155 181
0 3 155 156
5 7 171 154
1 1 147 148
0 7 152 159
1 1 137 164
1 6 166 160
0 1 167 161
3 1 259 197
4 3 248 180
2 3 218 167
2 2 238 151
4 3 266 142
1 0 244 160
0 0 254 159
0 1 251 157
2 5 236 162
3 1 242 147
