7 6 8 7
2 7 7 4
4 10 5 13
3 9 6 5
3 5 9 6
4 4 3 7
7 7 10 9
8 7 5 3
9 4 5 3
6 7 2 2
2 5 7 8
7 9 9 7
7 5 10 5
6 6 5 5
10 3 9 6
5 5 7 4
8 8 8 4
4 3 3 2
9 9 8 5
4 5 11 3
8 2 7 7
5 1 6 5
5 4 7 6
4 4 3 6
4 4 5 3
6 6 7 3
4 6 4 8
6 5 4 7
4 6 3 5
6 5 3 4
7 8 7 10
4 8 12 3
5 2 10 8
5 5 5 7
8 6 4 12
6 7 4 14
4 7 4 7
12 8 13 8
9 6 12 6
7 8 6 11
4 6 11 7
12 8 4 9
3 7 2 12
5 1 5 3
6 4 14 2
6 9 8 2
5 6 8 8
4 9 2 11
3 7 5 3
4 8 5 10
4 4 11 8
3 4 6 3
2 2 3 6
4 9 8 4
3 5 3 4
2 7 3 11
2 6 5 1
5 4 6 1
6 5 15 3
5 6 5 4
5 3 5 8
7 6 6 8
7 6 8 7
5 3 16 2
5 8 8 4
1 4 4 2
2 7 4 9
7 11 6 8
3 6 7 5
9 2 7 3
4 6 14 7
3 7 6 8
5 9 5 9
8 3 6 8
7 7 10 5
4 6 7 8
3 9 4 5
3 7 11 8
7 8 6 8
5 7 8 12
8 9 9 13
9 4 5 6
5 6 6 4
6 5 6 4
8 7 8 3
7 5 7 4
6 5 7 8
6 6 11 4
5 4 11 2
9 5 16 4
0 7 5 8
3 4 6 6
7 5 8 8
3 9 1 10
4 4 4 6
6 6 5 11
6 5 6 11
7 5 3 5
5 8 8 7
4 8 5 11
