0 3 146 202
1 2 126 186
1 0 96 191
0 2 80 197
1 0 86 200
1 3 95 185
5 5 89 177
0 0 84 191
1 2 72 176
2 0 95 168
2 0 134 217
2 1 101 199
1 2 97 204
0 2 99 193
3 6 104 188
2 2 107 203
5 1 105 193
3 0 98 202
1 2 99 208
2 2 108 215
4 0 212 171
3 3 209 163
1 2 213 149
6 4 204 138
0 0 192 135
4 1 187 145
1 0 195 132
2 1 200 136
1 5 190 165
0 0 210 174
2 1 173 249
3 1 167 231
3 3 150 219
1 1 143 225
0 2 135 223
2 1 133 225
3 0 132 200
0 1 143 201
1 1 142 213
2 7 144 204
3 0 201 160
2 0 159 170
4 1 118 168
0 0 137 174
1 0 138 161
4 2 138 163
2 1 142 156
1 1 143 165
1 6 155 184
1 1 177 197
1 0 167 141
3 0 172 136
0 0 154 120
0 3 151 123
0 0 152 104
3 0 156 108
1 0 175 135
3 6 193 135
2 2 191 141
1 3 195 132
2 0 157 246
2 1 158 225
5 1 161 206
1 0 159 186
0 1 164 187
3 0 167 193
3 0 163 161
1 1 140 123
3 0 135 162
0 6 123 157
5 5 196 190
0 5 187 180
0 1 161 171
1 0 172 165
1 2 149 182
4 2 158 162
1 2 175 159
1 0 164 152
3 1 164 150
2 1 148 137
2 5 174 199
2 3 155 184
3 1 162 199
2 5 172 206
3 0 165 200
1 2 162 208
4 4 140 199
2 3 139 212
1 1 124 219
1 0 124 218
3 1 187 144
1 2 165 136
5 3 118 143
2 4 137 157
0 3 140 172
3 2 147 165
2 2 155 181
2 2 153 190
4 0 171 194
0 5 190 199
