5 0 33 24
2 0 28 24
0 1 37 12
2 1 49 24
1 1 22 17
0 1 28 26
1 4 30 42
1 1 22 21
1 3 21 29
2 2 33 26
2 10 42 70
1 1 13 40
0 1 23 35
0 1 15 33
2 1 22 51
3 1 26 35
0 2 8 39
1 2 15 17
0 0 13 17
1 1 33 33
1 1 22 48
0 0 22 38
2 1 25 36
2 0 19 24
2 1 15 26
0 0 34 37
0 1 27 26
1 0 22 25
0 0 26 21
6 1 41 27
1 0 32 17
2 0 30 33
0 0 37 30
3 1 36 28
0 1 37 38
2 0 53 47
0 0 44 76
1 5 28 110
0 3 48 63
1 0 53 71
3 5 59 57
0 1 40 37
0 0 30 46
0 2 35 26
1 1 26 26
0 0 32 28
2 1 34 31
0 0 51 21
0 0 24 12
1 1 52 14
0 3 18 36
0 0 42 24
3 0 23 10
0 0 9 5
2 0 19 23
2 2 8 6
2 1 27 4
2 0 25 17
1 1 27 9
2 2 32 21
0 0 25 41
2 2 21 28
1 0 34 22
3 0 45 20
1 0 39 17
1 0 34 21
1 0 16 26
2 3 35 32
1 2 26 28
1 1 43 32
0 0 49 33
1 1 32 37
2 2 30 27
0 1 11 29
4 1 27 48
1 0 41 39
5 0 25 25
2 0 37 23
1 1 49 33
3 1 30 20
0 0 34 69
1 0 43 37
0 0 39 26
0 0 24 18
2 0 12 25
0 1 23 38
0 0 21 39
1 0 19 30
0 2 27 28
1 0 39 14
0 1 68 56
3 0 55 35
0 2 65 41
2 0 50 31
1 4 38 29
3 1 33 32
0 0 32 12
3 1 37 22
0 2 36 36
4 1 34 34
