1 0 5 4
0 0 0 4
0 4 7 2
1 1 9 1
3 1 9 3
1 1 5 0
0 0 10 9
1 0 0 9
0 0 0 6
0 1 11 4
0 3 4 3
2 1 7 0
2 2 0 4
0 1 0 5
1 5 1 17
0 0 0 16
2 3 1 11
1 0 1 11
0 0 0 13
0 5 6 14
0 2 3 2
3 0 2 2
2 0 3 1
0 5 0 16
0 1 1 3
0 2 0 5
0 2 6 3
0 5 6 3
3 0 4 11
1 5 3 13
2 0 13 0
0 0 10 0
1 1 0 3
2 1 4 7
1 0 2 3
1 1 0 14
4 2 0 9
0 0 2 6
0 1 1 1
0 1 5 1
1 3 2 2
0 1 5 4
0 0 2 9
1 3 0 7
2 1 3 5
6 1 7 2
0 0 4 0
0 1 1 6
3 3 1 14
0 1 1 5
2 0 19 1
1 0 1 1
0 0 6 8
0 2 12 4
0 1 9 1
3 2 2 1
1 0 13 8
0 0 13 3
1 1 7 0
8 0 3 5
1 4 8 0
0 4 15 4
1 1 3 0
0 0 0 1
8 2 5 5
0 0 9 1
1 0 6 0
0 2 4 1
0 3 1 3
0 2 0 6
0 1 0 4
0 1 3 2
2 1 0 1
0 0 5 10
0 1 5 2
0 2 1 0
5 2 7 1
0 0 10 5
3 1 1 1
0 0 4 5
2 0 1 7
1 2 0 11
0 1 6 4
1 1 21 7
1 1 2 1
1 1 8 2
1 0 1 15
3 2 2 5
2 1 6 10
1 0 1 2
0 1 13 3
1 0 1 2
3 1 2 4
3 2 9 0
0 0 15 0
0 0 5 3
1 0 0 0
0 2 1 4
0 5 3 7
0 1 0 2
