5 7 5 7
6 7 6 7
8 4 8 4
4 2 4 2
6 6 6 6
6 5 6 5
5 5 5 5
7 6 7 6
0 5 0 5
6 8 6 8
5 4 5 4
6 4 6 4
2 8 2 8
4 4 4 4
6 4 6 4
3 9 3 9
3 4 3 4
5 6 5 6
5 6 5 6
5 5 5 5
5 4 5 4
7 7 7 7
7 9 7 9
6 6 6 6
9 9 9 9
8 7 8 7
7 9 7 9
5 7 5 7
10 9 10 9
6 5 6 5
7 6 7 6
6 6 6 6
6 10 6 10
8 8 8 8
1 12 1 12
9 5 9 5
4 7 4 7
12 8 12 8
6 8 6 8
7 4 7 4
6 8 6 8
9 5 9 5
6 7 6 7
8 6 8 6
5 5 5 5
13 6 13 6
6 8 6 8
9 8 9 8
9 3 9 3
7 6 7 6
6 8 6 8
4 5 4 5
10 6 10 6
9 7 9 7
4 6 4 6
7 8 7 8
8 7 8 7
7 10 7 10
8 11 8 11
8 4 8 4
2 6 2 6
6 7 6 7
7 7 7 7
5 7 5 7
5 4 5 4
6 7 6 7
3 7 3 7
4 7 4 7
9 7 9 7
6 4 6 4
4 4 4 4
4 7 4 7
7 8 7 8
4 8 4 8
7 9 7 9
7 5 7 5
9 9 9 9
10 9 10 9
12 8 12 8
8 12 8 12
6 7 6 7
3 8 3 8
2 5 2 5
6 7 6 7
7 8 7 8
1 7 1 7
9 9 9 9
8 5 8 5
9 10 9 10
6 3 6 3
7 5 7 5
6 8 6 8
3 6 3 6
9 4 9 4
4 6 4 6
6 10 6 10
7 4 7 4
6 5 6 5
4 9 4 9
4 8 4 8
