4 4 12 12
6 5 10 2
5 6 22 1
5 10 5 5
3 5 10 5
5 3 26 2
3 3 16 2
3 3 15 6
5 4 5 5
4 3 9 5
2 6 21 4
6 6 11 5
3 4 8 10
7 6 18 8
7 1 9 3
10 8 6 8
7 9 4 8
8 6 7 9
6 4 9 14
6 2 2 22
5 4 6 11
4 4 8 3
6 3 16 5
7 4 13 3
6 5 7 24
6 4 7 16
3 5 23 3
3 4 23 8
6 3 3 14
8 5 5 8
6 1 2 26
5 1 21 4
7 5 23 0
3 0 14 24
7 2 12 7
2 0 2 15
6 3 5 5
6 4 6 11
3 2 17 9
4 6 10 2
2 5 5 7
5 3 6 8
4 4 8 2
5 2 7 8
7 7 2 15
5 3 0 20
5 3 2 12
6 6 9 7
10 2 8 6
3 7 3 15
6 8 3 2
5 3 10 8
10 1 4 17
2 4 5 6
2 3 8 4
5 5 10 7
6 6 22 6
7 6 22 2
2 5 6 6
8 4 9 4
4 1 8 7
7 6 11 2
3 1 2 21
4 4 12 3
7 8 5 6
8 3 7 21
4 3 5 7
7 3 8 8
2 8 11 7
5 5 18 4
4 3 11 6
5 7 2 11
4 10 18 2
2 10 20 2
3 3 8 8
5 4 8 9
10 3 11 12
6 8 13 7
6 3 16 7
4 3 23 2
4 3 4 25
2 5 9 12
6 4 5 10
8 5 17 6
5 4 18 4
2 6 38 2
6 6 31 5
4 1 15 6
7 12 16 10
4 5 8 8
8 3 8 3
4 4 20 6
4 2 18 6
4 6 10 10
7 5 6 15
3 6 9 18
5 5 6 12
3 5 15 7
5 9 4 8
3 6 2 31
