3 10 3 13
5 7 22 4
8 12 6 7
8 6 9 9
6 8 20 6
8 9 6 12
6 8 10 12
6 12 7 6
12 6 4 9
11 9 11 4
9 5 3 7
7 5 5 5
4 7 2 5
4 5 4 8
4 6 4 5
6 2 6 2
6 2 11 1
5 7 4 4
6 2 3 6
11 2 18 3
7 11 3 13
8 8 1 11
6 10 10 11
11 9 10 8
7 5 9 5
13 12 4 11
12 15 8 9
7 5 11 5
9 6 21 4
13 5 12 11
8 8 14 4
6 8 9 7
5 12 4 11
8 6 7 7
11 7 7 9
6 3 5 12
10 10 2 17
5 6 2 11
5 7 2 23
3 7 0 36
7 6 23 5
10 11 3 6
4 1 6 11
8 2 11 8
3 8 18 4
4 5 22 0
3 4 43 0
6 5 18 7
8 9 7 4
1 5 3 13
6 7 9 5
5 11 19 3
4 6 15 3
7 8 12 8
8 5 3 12
5 7 13 6
10 7 11 8
12 10 34 2
6 6 7 6
8 7 5 8
5 3 7 5
7 8 3 10
6 7 0 23
5 5 5 8
7 5 8 7
7 4 6 4
4 10 10 8
6 4 11 4
5 5 5 5
6 7 5 10
10 9 15 2
8 10 13 5
7 8 5 7
4 6 1 25
4 6 0 36
11 7 4 11
6 3 2 15
4 6 2 20
8 5 5 5
5 2 2 16
9 4 7 17
4 11 1 11
9 8 7 5
8 8 5 11
4 5 17 1
8 10 7 8
7 2 7 10
3 13 5 18
6 6 4 13
7 8 7 3
3 4 18 3
7 3 8 5
9 7 1 22
7 7 7 6
5 6 1 22
8 9 0 14
7 1 11 0
6 6 4 10
8 4 11 11
5 5 15 0
