1 6 2 1
0 1 14 0
0 0 21 0
2 1 2 5
0 1 2 1
3 3 4 5
2 0 5 0
0 0 13 4
0 0 14 0
0 1 9 6
1 0 13 7
0 1 15 3
0 0 3 12
2 0 20 1
0 2 11 0
2 0 8 1
0 0 1 5
0 0 4 1
0 0 5 4
1 0 0 3
0 1 19 0
0 0 13 4
0 1 17 1
2 0 51 0
1 0 11 0
0 0 3 7
0 1 2 2
0 0 8 1
2 0 2 4
0 0 8 5
0 2 0 5
1 0 10 15
0 1 4 1
5 2 0 17
0 0 3 1
0 1 4 9
0 1 1 9
0 0 5 5
0 2 1 9
0 0 0 0
0 0 4 6
2 0 5 1
2 2 5 2
5 0 2 2
0 0 2 3
0 0 2 7
0 0 3 17
0 1 1 13
2 1 2 7
1 2 0 9
1 1 7 3
5 3 4 0
3 1 1 8
2 2 2 12
0 0 0 19
0 0 1 9
1 1 2 12
1 1 0 14
1 0 5 6
1 2 2 9
1 0 11 2
0 1 1 1
1 0 3 0
3 2 1 5
2 1 1 5
1 0 15 0
1 0 4 2
0 2 11 2
1 0 18 0
0 0 3 0
0 0 8 0
0 0 4 3
1 0 0 2
2 1 10 2
0 2 2 1
1 9 0 18
0 5 5 7
0 1 6 5
1 3 5 7
3 3 1 2
1 2 0 1
0 0 6 4
3 0 1 5
3 1 11 7
0 0 12 0
2 0 16 0
0 2 3 1
1 1 5 2
1 1 5 4
0 0 10 3
1 1 1 0
1 1 3 3
0 0 1 22
0 2 5 4
1 1 3 6
0 0 7 8
0 0 11 0
0 0 3 1
3 1 7 3
0 5 3 1
