9 12 11 5
11 6 13 6
5 8 8 8
9 10 9 5
11 7 7 7
7 6 12 5
8 12 10 6
6 9 7 6
5 5 17 1
11 15 9 4
7 7 5 14
11 6 7 5
10 5 11 2
11 5 5 8
10 6 5 12
3 7 4 9
7 6 15 1
1 7 2 9
7 6 5 5
4 4 19 5
7 9 7 4
13 6 12 4
9 10 16 6
5 10 9 9
7 7 13 5
6 5 13 3
3 5 10 4
5 3 3 6
8 6 7 3
13 4 12 5
4 6 5 7
4 5 8 9
3 6 7 11
7 8 5 5
5 7 6 6
8 5 6 12
12 8 5 7
5 10 4 13
5 9 9 7
6 8 6 11
9 7 10 2
7 9 9 0
8 5 15 11
5 5 3 6
6 9 5 6
6 11 1 6
5 4 3 8
9 5 8 11
2 4 9 2
7 4 6 11
4 3 11 5
5 2 12 4
5 6 9 1
6 4 4 8
6 8 9 9
5 5 9 8
4 7 4 3
5 3 14 4
7 4 10 4
8 3 8 8
4 8 4 10
10 4 7 11
8 7 5 15
5 6 7 17
5 12 4 15
7 14 8 10
7 9 16 5
7 8 3 17
11 6 10 10
9 7 13 5
6 7 13 6
7 5 11 14
7 6 6 5
13 3 15 7
12 2 18 3
7 6 9 4
5 7 2 5
8 10 8 10
9 12 8 8
14 7 10 6
7 8 8 11
7 10 9 3
8 7 7 12
7 9 7 16
8 8 20 5
8 10 12 6
7 5 9 6
7 6 12 6
11 5 7 10
4 4 6 12
4 5 7 4
5 7 11 4
3 5 4 6
5 7 4 8
6 2 4 12
3 4 8 1
8 8 7 6
6 4 8 5
4 5 10 1
3 4 5 7
