1 2 5 40
1 0 14 18
2 1 41 16
2 1 12 37
0 0 23 13
1 0 28 43
1 1 24 32
1 1 9 31
0 0 25 26
1 2 13 27
0 1 30 13
1 6 43 11
1 1 54 5
1 0 39 2
0 3 68 10
3 1 23 47
0 0 4 61
2 0 11 64
4 0 20 77
2 2 3 70
0 3 9 59
1 0 47 42
1 0 22 46
2 4 27 31
2 0 11 25
0 0 38 15
1 1 40 6
0 0 59 9
5 0 16 5
0 0 26 13
1 4 25 36
1 2 24 31
1 0 12 27
1 0 27 43
3 0 39 29
1 0 42 25
0 1 42 51
2 2 15 17
0 0 71 23
1 0 23 37
0 0 33 7
1 0 24 21
0 2 25 22
0 0 13 39
2 1 65 5
0 0 40 17
0 1 21 35
5 1 30 50
0 0 28 14
2 3 28 5
0 2 39 13
1 1 59 26
1 0 41 13
1 1 41 24
1 1 27 4
2 0 43 14
2 1 48 29
5 1 53 37
0 0 24 18
1 1 60 8
0 3 50 49
1 1 20 27
1 2 8 61
0 0 11 23
0 1 11 23
1 2 21 30
0 0 58 22
0 1 18 20
0 0 22 9
0 0 16 43
0 3 17 38
0 3 15 34
0 4 93 11
1 0 57 6
1 3 17 34
0 0 73 16
0 0 6 25
0 0 13 40
1 0 27 33
1 1 24 21
0 0 44 41
1 0 22 39
0 2 63 38
1 1 45 6
0 0 44 42
1 0 31 30
0 4 63 23
6 1 73 13
2 0 33 24
1 0 39 20
5 2 24 24
0 1 55 38
1 0 24 26
1 2 19 12
5 2 12 24
0 0 30 13
0 2 29 30
2 0 13 19
0 0 21 49
1 0 33 21
