8 10 15 2
5 10 9 5
4 3 5 7
11 14 6 7
8 4 8 4
9 3 11 4
2 6 5 4
6 3 9 8
7 5 3 20
5 4 4 16
4 3 0 16
5 3 2 8
3 6 2 17
4 5 4 8
5 3 4 7
3 3 14 2
4 2 17 2
6 7 12 6
5 2 7 2
6 5 6 6
3 6 6 2
8 5 7 3
5 6 3 10
2 6 5 4
8 6 8 3
7 3 4 5
6 5 11 0
4 4 2 6
6 9 7 4
7 2 1 9
7 3 11 3
7 9 9 6
6 4 0 16
4 4 4 17
5 8 2 14
2 5 1 9
7 4 8 4
6 9 11 4
4 9 2 10
7 4 6 4
3 2 25 1
4 1 8 1
6 4 11 4
5 5 9 3
4 7 10 4
5 2 3 5
3 2 8 7
8 2 6 6
4 8 13 5
6 1 7 4
11 4 7 3
5 2 20 1
7 4 24 0
8 8 31 1
1 6 9 6
8 8 9 2
10 7 3 23
4 10 4 10
4 8 4 8
4 5 5 13
7 7 7 2
9 9 5 10
3 6 15 5
4 5 7 6
7 9 2 10
6 7 1 29
5 7 3 8
10 6 7 9
7 6 2 15
5 1 10 5
5 6 15 4
3 5 20 5
5 6 11 1
6 3 30 0
8 6 13 6
7 8 5 2
1 7 21 4
5 9 9 5
3 7 3 12
6 9 2 17
4 10 12 2
2 7 6 4
3 7 6 10
0 5 3 14
5 6 1 7
4 9 14 5
5 1 3 14
5 5 10 7
6 7 10 4
5 5 1 7
3 7 12 3
3 6 14 3
9 9 8 6
11 10 2 19
7 6 4 8
4 6 14 5
11 3 4 8
6 6 11 7
7 9 4 16
5 12 2 24
