7 5 7 6
5 5 3 14
10 3 6 4
1 8 5 3
3 4 5 14
3 0 7 3
11 2 25 2
2 5 8 6
4 10 10 1
7 7 6 4
6 4 3 14
2 10 9 8
9 7 6 4
2 7 8 7
5 9 8 10
6 7 4 8
14 2 4 10
9 11 1 20
6 12 20 2
3 7 5 8
5 9 5 12
11 6 5 10
4 1 5 12
7 4 9 12
2 7 8 8
1 5 8 10
3 7 9 15
14 5 14 5
5 9 7 3
6 5 3 8
12 7 2 42
6 4 3 19
3 8 3 15
6 3 6 7
6 7 14 4
6 8 14 6
7 6 3 14
6 6 5 13
8 5 15 4
12 5 6 8
7 7 11 6
13 7 16 2
6 9 21 1
5 8 21 2
6 4 5 11
11 14 3 24
10 5 6 9
8 2 3 21
12 8 6 13
4 9 6 9
6 4 4 7
4 6 4 8
7 4 3 9
4 2 3 11
5 9 6 4
6 8 4 17
3 9 0 44
6 8 2 22
3 12 2 22
6 6 2 21
3 7 7 7
9 4 15 1
7 5 7 9
8 13 9 6
2 9 7 3
4 4 9 3
6 5 10 2
3 3 10 2
5 7 9 3
6 5 12 2
8 10 6 13
10 7 5 11
15 5 10 4
13 5 6 10
11 7 10 8
9 10 12 2
9 6 10 8
10 7 6 14
8 9 3 7
4 7 9 6
9 8 2 6
4 3 4 5
6 5 3 4
4 5 14 3
6 1 27 0
8 4 9 6
4 6 6 4
7 7 8 9
5 5 4 4
2 5 2 15
9 6 7 3
8 6 2 11
4 4 3 9
3 7 2 8
4 5 1 41
5 10 1 23
6 8 3 9
8 2 3 10
6 7 4 14
9 7 2 7
