0 3 16 26
0 0 39 31
0 1 24 54
7 1 54 57
5 0 30 35
0 2 49 41
2 0 29 42
2 2 65 40
2 2 39 56
2 0 57 13
2 5 98 26
2 3 15 32
0 0 33 36
1 0 34 29
3 0 23 55
3 1 55 49
1 3 19 40
4 2 50 39
3 7 40 71
3 2 20 55
0 1 24 22
1 3 42 49
3 3 105 24
1 1 48 26
1 1 43 29
2 4 44 51
0 1 65 20
0 0 14 56
1 6 26 51
5 4 45 67
2 4 37 50
2 0 21 48
0 2 29 34
1 5 21 54
1 0 49 82
0 1 36 33
2 0 32 82
1 0 26 39
0 1 53 52
1 1 17 73
2 4 43 41
1 1 74 80
4 0 7 57
1 0 6 72
5 1 45 75
1 4 8 58
3 6 43 43
1 0 35 72
1 0 34 23
0 0 43 52
1 1 28 22
1 1 42 21
2 5 68 31
2 1 62 34
5 1 43 59
1 2 57 10
1 3 45 19
2 1 16 22
0 0 16 68
9 1 37 47
8 3 66 42
0 2 37 77
6 1 42 29
3 0 105 6
1 4 15 45
7 6 31 31
1 0 51 17
4 5 71 30
1 0 42 43
1 1 38 62
1 0 26 23
1 0 49 41
2 3 44 31
0 1 38 24
1 4 29 38
0 1 22 38
5 0 15 5
1 2 33 19
1 2 30 41
1 1 41 51
1 0 53 52
5 0 46 25
2 0 30 33
0 2 15 50
0 0 13 18
1 1 98 10
2 0 86 13
2 1 29 57
1 3 22 44
1 1 38 44
6 0 67 15
0 1 31 73
1 5 40 35
1 3 49 72
0 1 59 30
2 0 40 41
3 0 27 57
1 4 56 42
1 2 45 14
2 3 27 39
