0 0 20 12
0 5 15 31
1 1 15 49
8 5 12 37
1 3 20 18
6 3 25 18
1 8 17 23
2 2 20 5
3 2 18 16
1 2 12 56
0 0 20 11
1 2 19 27
1 0 15 14
1 0 20 8
0 1 8 23
1 1 12 12
4 2 35 7
0 0 28 11
3 1 33 27
6 8 9 17
2 3 30 8
2 1 16 18
1 0 32 1
0 4 17 31
0 2 23 12
0 2 25 14
1 1 13 7
6 0 26 8
2 1 32 20
0 2 4 19
6 5 17 17
0 2 8 17
2 2 19 26
1 0 7 10
3 2 18 14
0 0 16 8
1 3 21 15
1 0 32 19
4 4 22 14
1 2 16 19
1 5 35 9
0 0 10 5
1 5 46 3
7 3 30 24
0 0 7 31
0 3 11 25
0 1 8 18
0 1 8 25
4 3 17 14
0 0 16 28
1 0 25 3
3 0 59 7
5 1 41 15
1 0 16 11
0 2 11 17
2 0 3 30
3 1 7 19
1 6 25 16
3 0 21 15
1 1 6 16
8 0 37 31
2 2 38 11
4 2 60 0
0 0 35 14
0 1 23 14
2 0 35 3
2 6 17 8
0 0 28 9
0 2 30 4
0 0 23 26
1 2 6 42
1 5 16 18
0 5 16 23
5 6 3 15
0 2 82 4
2 0 26 62
4 1 19 19
1 8 4 9
0 2 30 19
1 1 27 15
2 0 25 17
2 2 15 11
3 0 29 29
4 5 6 16
7 9 32 11
2 0 26 10
2 2 23 20
5 2 35 12
3 2 30 21
0 2 61 13
4 4 44 19
2 4 20 19
1 0 6 23
1 3 34 7
1 1 25 5
3 2 43 6
1 1 72 9
0 2 58 4
1 0 9 9
0 3 4 28
