3 2 5 8
6 6 6 5
6 5 6 4
7 6 11 7
4 5 7 4
9 5 3 5
4 4 5 7
6 12 1 23
6 7 2 11
10 3 7 4
7 6 5 8
8 6 8 9
11 4 11 9
7 5 24 1
8 9 14 5
10 3 19 4
12 1 17 8
5 8 12 8
6 7 17 2
6 6 23 3
5 4 10 3
7 9 12 9
8 6 7 6
5 7 8 10
9 7 12 3
6 4 7 4
9 2 9 6
6 5 10 0
9 5 10 4
6 2 5 4
4 5 12 4
3 10 3 4
4 4 6 8
6 7 4 6
8 2 4 5
5 6 6 8
7 8 2 5
9 2 5 7
5 4 18 3
3 6 8 10
4 4 11 2
5 2 4 5
5 5 10 4
4 5 17 2
9 3 18 5
8 7 14 2
2 7 5 9
12 5 2 15
3 5 6 10
5 3 1 14
7 9 5 8
5 12 2 9
11 7 6 4
7 8 17 1
7 7 8 5
6 8 12 9
5 6 10 5
6 5 4 10
4 10 11 5
3 6 6 7
10 2 15 3
10 7 1 7
8 7 8 11
6 6 8 4
6 17 18 2
6 3 10 5
8 11 21 1
4 9 16 7
10 5 7 10
5 9 3 18
5 9 8 12
8 4 4 7
3 6 7 7
7 6 2 13
8 6 12 6
10 8 12 4
3 6 7 2
7 7 7 4
8 8 14 4
11 6 16 1
6 6 11 3
4 4 28 0
4 5 9 3
6 3 4 4
8 2 2 2
6 4 1 10
5 7 20 3
5 8 10 7
7 10 7 5
3 1 7 3
4 5 2 6
1 8 6 1
2 7 0 4
5 2 1 6
5 6 5 5
4 5 5 8
7 8 5 4
8 5 6 7
4 8 5 5
4 5 4 10
