5 6 2 5
3 13 2 9
6 5 1 15
4 4 1 4
4 3 8 1
3 5 8 4
6 6 24 2
6 11 16 3
7 5 4 4
3 7 2 12
4 8 3 17
4 5 2 6
7 7 5 4
6 3 9 5
4 10 0 16
5 6 6 3
10 4 3 13
3 9 3 10
7 3 6 12
10 5 2 5
8 4 12 7
6 8 3 3
9 5 9 6
2 7 6 8
12 7 3 6
5 8 8 8
7 4 4 10
7 6 5 13
12 9 1 16
6 8 3 21
6 11 11 3
6 5 11 2
6 6 12 3
7 5 4 12
3 9 10 4
4 13 3 13
6 6 2 19
5 8 11 6
11 9 1 37
8 5 7 6
2 10 25 2
8 11 18 2
7 4 18 0
7 5 4 8
6 9 7 13
5 13 11 9
11 7 5 15
12 8 0 19
7 10 6 14
5 11 4 10
8 8 9 4
6 5 9 5
8 6 1 14
9 2 4 8
9 2 4 16
9 7 8 9
7 5 5 5
6 11 9 6
9 3 20 1
4 6 8 7
5 9 6 14
3 4 9 8
6 7 8 10
5 4 3 12
9 9 8 9
6 7 6 12
7 7 10 8
9 6 8 12
7 7 11 1
6 9 7 4
3 10 2 17
9 6 5 6
6 9 5 13
4 6 4 10
2 5 5 7
7 6 9 4
6 7 15 8
9 8 8 5
5 8 10 4
5 7 7 3
2 9 8 4
2 7 20 1
4 7 10 4
7 4 8 5
6 7 11 8
3 4 2 12
7 9 8 8
11 8 10 4
10 8 14 2
9 6 9 7
7 8 9 8
5 8 5 6
10 6 8 8
7 9 2 13
4 6 4 23
6 6 6 14
10 3 8 6
5 6 4 11
5 4 9 5
6 3 12 10
