0.49982 0.50018 2.80279e-05 2.80279e-05
0.4991 0.5009 7.08182e-05 7.08182e-05
0.49956 0.50044 0.00012732 0.00012732
0.49971 0.50029 0.000173481 0.000173481
0.49952 0.50048 0.000210737 0.000210737
0.49919 0.50081 0.000265529 0.000265529
0.49894 0.50106 0.00032034 0.00032034
0.49914 0.50086 0.000384122 0.000384122
0.49908 0.50092 0.000408115 0.000408115
0.49876 0.50124 0.000464447 0.000464447
0.49831 0.50169 0.000454317 0.000454317
0.49778 0.50222 0.000502355 0.000502355
0.49759 0.50241 0.000539699 0.000539699
0.49875 0.50125 0.00058328 0.00058328
0.49743 0.50257 0.000601601 0.000601601
0.49742 0.50258 0.00066461 0.00066461
0.49793 0.50207 0.000660409 0.000660409
0.4984 0.5016 0.000678909 0.000678909
0.49849 0.50151 0.000672434 0.000672434
0.49796 0.50204 0.000707271 0.000707271
0.49899 0.50101 0.000739949 0.000739949
0.49848 0.50152 0.000808293 0.000808293
0.49838 0.50162 0.000831935 0.000831935
0.49857 0.50143 0.000837561 0.000837561
0.49838 0.50162 0.0008544 0.0008544
0.49817 0.50183 0.000854486 0.000854486
0.49823 0.50177 0.000853916 0.000853916
0.49755 0.50245 0.000851018 0.000851018
0.49792 0.50208 0.000880256 0.000880256
0.49804 0.50196 0.000806423 0.000806423
0.49912 0.50088 0.000783703 0.000783703
0.49928 0.50072 0.000816183 0.000816183
0.49958 0.50042 0.000819983 0.000819983
0.50013 0.49987 0.000847569 0.000847569
0.50047 0.49953 0.000835585 0.000835585
0.50007 0.49993 0.00080746 0.00080746
0.4989 0.5011 0.000812737 0.000812737
0.49897 0.50103 0.000871605 0.000871605
0.49816 0.50184 0.000884499 0.000884499
0.49828 0.50172 0.000879234 0.000879234
0.49829 0.50171 0.000877925 0.000877925
0.49872 0.50128 0.000881295 0.000881295
0.49804 0.50196 0.000890281 0.000890281
0.49838 0.50162 0.00092141 0.00092141
0.49759 0.50241 0.000919537 0.000919537
0.49799 0.50201 0.000918616 0.000918616
0.49846 0.50154 0.000951423 0.000951423
0.49838 0.50162 0.000956703 0.000956703
0.49724 0.50276 0.000885497 0.000885497
0.49701 0.50299 0.000846232 0.000846232
0.49617 0.50383 0.000817153 0.000817153
0.49594 0.50406 0.000838825 0.000838825
0.49464 0.50536 0.000853142 0.000853142
0.49531 0.50469 0.00086365 0.00086365
0.49601 0.50399 0.000854212 0.000854212
0.49589 0.50411 0.000837533 0.000837533
0.49562 0.50438 0.000871612 0.000871612
0.49561 0.50439 0.000893574 0.000893574
0.49514 0.50486 0.000909879 0.000909879
0.49581 0.50419 0.000929024 0.000929024
0.49537 0.50463 0.000900842 0.000900842
0.49581 0.50419 0.000945085 0.000945085
0.49523 0.50477 0.000958926 0.000958926
0.49472 0.50528 0.000923537 0.000923537
0.49479 0.50521 0.000948491 0.000948491
0.49481 0.50519 0.000938196 0.000938196
0.4944 0.5056 0.000982848 0.000982848
0.49397 0.50603 0.00101239 0.00101239
0.49408 0.50592 0.00102803 0.00102803
0.49368 0.50632 0.00109222 0.00109222
0.49399 0.50601 0.00105777 0.00105777
0.49312 0.50688 0.00106287 0.00106287
0.49202 0.50798 0.00113382 0.00113382
0.49278 0.50722 0.00113985 0.00113985
0.49206 0.50794 0.00109224 0.00109224
0.4927 0.5073 0.00115371 0.00115371
0.49358 0.50642 0.00117394 0.00117394
0.49346 0.50654 0.00114152 0.00114152
0.49292 0.50708 0.00113044 0.00113044
0.49318 0.50682 0.00119114 0.00119114
0.49371 0.50629 0.00118546 0.00118546
0.4938 0.5062 0.00118388 0.00118388
0.49415 0.50585 0.00119451 0.00119451
0.49534 0.50466 0.00116657 0.00116657
0.49548 0.50452 0.00125611 0.00125611
0.49601 0.50399 0.0011994 0.0011994
0.49607 0.50393 0.00126021 0.00126021
0.49626 0.50374 0.00126405 0.00126405
0.49617 0.50383 0.00128707 0.00128707
0.49587 0.50413 0.00127205 0.00127205
0.49591 0.50409 0.00127889 0.00127889
0.49546 0.50454 0.00126884 0.00126884
0.49558 0.50442 0.00130223 0.00130223
0.49534 0.50466 0.00130881 0.00130881
0.49542 0.50458 0.00132804 0.00132804
0.49559 0.50441 0.00127903 0.00127903
0.49524 0.50476 0.00133576 0.00133576
0.49554 0.50446 0.00128831 0.00128831
0.49498 0.50502 0.00120943 0.00120943
0.49435 0.50565 0.00118954 0.00118954
0.49454 0.50546 0.00124413 0.00124413
0.49437 0.50563 0.00118706 0.00118706
0.49426 0.50574 0.00120003 0.00120003
0.49456 0.50544 0.00123437 0.00123437
0.49492 0.50508 0.00116399 0.00116399
0.4952 0.5048 0.00116838 0.00116838
0.49566 0.50434 0.00116893 0.00116893
0.49579 0.50421 0.00121811 0.00121811
0.49594 0.50406 0.00124826 0.00124826
0.49548 0.50452 0.00127781 0.00127781
0.49553 0.50447 0.00128536 0.00128536
0.49582 0.50418 0.00131861 0.00131861
0.49652 0.50348 0.00131328 0.00131328
0.49574 0.50426 0.00129234 0.00129234
0.49537 0.50463 0.00136617 0.00136617
0.49493 0.50507 0.00135158 0.00135158
0.49455 0.50545 0.00135861 0.00135861
0.49452 0.50548 0.00137001 0.00137001
0.49479 0.50521 0.00136603 0.00136603
0.49455 0.50545 0.00142342 0.00142342
0.4942 0.5058 0.00143489 0.00143489
0.49532 0.50468 0.00140826 0.00140826
0.49404 0.50596 0.00142749 0.00142749
0.49363 0.50637 0.0014004 0.0014004
0.49366 0.50634 0.00133194 0.00133194
0.49312 0.50688 0.00139015 0.00139015
0.49298 0.50702 0.00137115 0.00137115
0.4937 0.5063 0.00140544 0.00140544
0.4941 0.5059 0.00138205 0.00138205
0.49387 0.50613 0.00143773 0.00143773
0.49448 0.50552 0.00148932 0.00148932
0.4949 0.5051 0.0014234 0.0014234
0.49539 0.50461 0.00145893 0.00145893
0.49464 0.50536 0.00144892 0.00144892
0.4951 0.5049 0.00142009 0.00142009
0.49485 0.50515 0.00140447 0.00140447
0.49452 0.50548 0.00139831 0.00139831
0.49451 0.50549 0.00140441 0.00140441
0.49481 0.50519 0.00142454 0.00142454
0.49429 0.50571 0.00151205 0.00151205
0.49386 0.50614 0.00151741 0.00151741
0.49351 0.50649 0.00151801 0.00151801
0.49332 0.50668 0.00148363 0.00148363
0.49359 0.50641 0.00144511 0.00144511
0.49328 0.50672 0.00142273 0.00142273
0.49341 0.50659 0.00140338 0.00140338
0.4939 0.5061 0.00136603 0.00136603
0.4944 0.5056 0.00138745 0.00138745
0.4947 0.5053 0.00142476 0.00142476
0.49492 0.50508 0.00141312 0.00141312
0.49428 0.50572 0.00137837 0.00137837
0.49424 0.50576 0.00140342 0.00140342
0.49395 0.50605 0.00142257 0.00142257
0.49439 0.50561 0.0014206 0.0014206
0.49532 0.50468 0.00137689 0.00137689
0.49503 0.50497 0.00136435 0.00136435
0.49469 0.50531 0.00143145 0.00143145
0.49487 0.50513 0.00151256 0.00151256
0.49475 0.50525 0.00154114 0.00154114
0.49484 0.50516 0.00157779 0.00157779
0.49462 0.50538 0.00159244 0.00159244
0.49455 0.50545 0.00150441 0.00150441
0.49352 0.50648 0.00153538 0.00153538
0.49336 0.50664 0.00152357 0.00152357
0.49399 0.50601 0.00155068 0.00155068
0.49408 0.50592 0.00153286 0.00153286
0.49424 0.50576 0.0015134 0.0015134
0.49497 0.50503 0.00147092 0.00147092
0.49428 0.50572 0.00146574 0.00146574
0.49441 0.50559 0.00139919 0.00139919
0.49457 0.50543 0.00142833 0.00142833
0.49501 0.50499 0.00150023 0.00150023
0.4951 0.5049 0.00153439 0.00153439
0.49519 0.50481 0.00156945 0.00156945
0.49541 0.50459 0.0015616 0.0015616
0.49602 0.50398 0.00160945 0.00160945
0.49657 0.50343 0.00155869 0.00155869
0.49726 0.50274 0.00164844 0.00164844
0.49726 0.50274 0.00169619 0.00169619
0.49744 0.50256 0.00171993 0.00171993
0.49703 0.50297 0.00171914 0.00171914
0.49677 0.50323 0.00172739 0.00172739
0.4962 0.5038 0.0017502 0.0017502
0.49594 0.50406 0.00172549 0.00172549
0.49645 0.50355 0.00168304 0.00168304
0.49591 0.50409 0.00162057 0.00162057
0.49558 0.50442 0.0016038 0.0016038
0.49563 0.50437 0.00153533 0.00153533
0.4952 0.5048 0.00157606 0.00157606
0.49488 0.50512 0.00162639 0.00162639
0.49476 0.50524 0.00164414 0.00164414
0.4954 0.5046 0.00165806 0.00165806
0.49497 0.50503 0.00171094 0.00171094
0.49629 0.50371 0.00171502 0.00171502
0.49644 0.50356 0.00172496 0.00172496
0.4955 0.5045 0.00175977 0.00175977
0.49496 0.50504 0.00173012 0.00173012
0.49449 0.50551 0.00168235 0.00168235
0.49404 0.50596 0.00171012 0.00171012
0.49417 0.50583 0.00167146 0.00167146
0.49394 0.50606 0.00169921 0.00169921
0.49279 0.50721 0.00169047 0.00169047
0.49268 0.50732 0.00169969 0.00169969
0.49359 0.50641 0.00168584 0.00168584
0.49482 0.50518 0.00166906 0.00166906
0.49464 0.50536 0.00171284 0.00171284
0.49461 0.50539 0.00172576 0.00172576
0.49463 0.50537 0.00177048 0.00177048
0.49562 0.50438 0.00175921 0.00175921
0.49606 0.50394 0.00172703 0.00172703
0.49601 0.50399 0.00174165 0.00174165
0.49593 0.50407 0.00172069 0.00172069
0.49634 0.50366 0.0016474 0.0016474
0.49649 0.50351 0.00163353 0.00163353
0.49617 0.50383 0.00168168 0.00168168
0.49624 0.50376 0.00171919 0.00171919
0.49607 0.50393 0.00168102 0.00168102
0.49608 0.50392 0.00164125 0.00164125
0.49588 0.50412 0.00160942 0.00160942
0.49593 0.50407 0.00160673 0.00160673
0.49632 0.50368 0.00167848 0.00167848
0.49677 0.50323 0.00169066 0.00169066
0.49727 0.50273 0.00165018 0.00165018
0.49593 0.50407 0.0016637 0.0016637
0.4964 0.5036 0.00171192 0.00171192
0.49628 0.50372 0.00176663 0.00176663
0.49607 0.50393 0.00177845 0.00177845
0.49628 0.50372 0.00181568 0.00181568
0.49535 0.50465 0.00182595 0.00182595
0.49472 0.50528 0.00185237 0.00185237
0.49469 0.50531 0.00181755 0.00181755
0.49445 0.50555 0.00185051 0.00185051
0.4947 0.5053 0.00190049 0.00190049
0.49533 0.50467 0.00194344 0.00194344
0.49558 0.50442 0.00193829 0.00193829
0.49547 0.50453 0.00193647 0.00193647
0.49553 0.50447 0.0019095 0.0019095
0.49576 0.50424 0.00191564 0.00191564
0.49537 0.50463 0.00188375 0.00188375
0.49502 0.50498 0.00191081 0.00191081
0.49427 0.50573 0.00194786 0.00194786
0.4938 0.5062 0.00195343 0.00195343
0.49384 0.50616 0.001901 0.001901
0.49367 0.50633 0.00188935 0.00188935
0.4939 0.5061 0.00195243 0.00195243
0.49462 0.50538 0.00196909 0.00196909
0.49408 0.50592 0.00191337 0.00191337
0.49467 0.50533 0.00188834 0.00188834
0.49429 0.50571 0.00195526 0.00195526
0.49473 0.50527 0.00190341 0.00190341
0.4951 0.5049 0.00195587 0.00195587
0.49486 0.50514 0.00193723 0.00193723
0.49515 0.50485 0.00196235 0.00196235
0.49533 0.50467 0.00200568 0.00200568
0.49505 0.50495 0.00199979 0.00199979
0.49547 0.50453 0.00197918 0.00197918
0.49535 0.50465 0.00200211 0.00200211
0.49484 0.50516 0.00198894 0.00198894
0.49525 0.50475 0.00201453 0.00201453
0.49505 0.50495 0.00197215 0.00197215
0.49463 0.50537 0.00191504 0.00191504
0.49614 0.50386 0.00194582 0.00194582
0.49662 0.50338 0.00193717 0.00193717
0.49669 0.50331 0.001917 0.001917
0.49597 0.50403 0.00194643 0.00194643
0.49555 0.50445 0.00196193 0.00196193
0.49477 0.50523 0.00199507 0.00199507
0.49501 0.50499 0.00200843 0.00200843
0.49449 0.50551 0.0020511 0.0020511
0.4948 0.5052 0.00205099 0.00205099
0.49527 0.50473 0.00207359 0.00207359
0.49484 0.50516 0.00207258 0.00207258
0.49475 0.50525 0.00205989 0.00205989
0.49457 0.50543 0.0020974 0.0020974
0.49471 0.50529 0.00204681 0.00204681
0.49481 0.50519 0.00205793 0.00205793
0.49422 0.50578 0.00209328 0.00209328
0.49466 0.50534 0.0020572 0.0020572
0.49501 0.50499 0.00211447 0.00211447
0.49403 0.50597 0.00217453 0.00217453
0.494 0.506 0.00208814 0.00208814
0.49416 0.50584 0.00213452 0.00213452
0.49411 0.50589 0.00214844 0.00214844
0.49404 0.50596 0.00213614 0.00213614
0.49454 0.50546 0.00215946 0.00215946
0.49477 0.50523 0.00207155 0.00207155
0.49557 0.50443 0.00209318 0.00209318
0.49539 0.50461 0.00213917 0.00213917
0.49529 0.50471 0.00205538 0.00205538
0.49469 0.50531 0.00201428 0.00201428
0.49522 0.50478 0.00206153 0.00206153
0.49543 0.50457 0.00198833 0.00198833
0.49544 0.50456 0.00200599 0.00200599
0.49586 0.50414 0.00201816 0.00201816
0.49531 0.50469 0.00204157 0.00204157
0.49538 0.50462 0.00202787 0.00202787
0.49553 0.50447 0.00204892 0.00204892
0.49638 0.50362 0.00208658 0.00208658
0.49599 0.50401 0.0020648 0.0020648
0.49716 0.50284 0.00212933 0.00212933
0.49677 0.50323 0.0021145 0.0021145
0.49717 0.50283 0.00215228 0.00215228
0.49715 0.50285 0.0021813 0.0021813
0.49766 0.50234 0.00223932 0.00223932
0.4976 0.5024 0.00234657 0.00234657
0.49709 0.50291 0.00237717 0.00237717
0.49794 0.50206 0.0023739 0.0023739
0.49683 0.50317 0.00237251 0.00237251
0.49625 0.50375 0.00243712 0.00243712
0.4964 0.5036 0.00241246 0.00241246
0.49556 0.50444 0.0024489 0.0024489
0.4956 0.5044 0.00246842 0.00246842
0.496 0.504 0.0024319 0.0024319
0.49548 0.50452 0.00241565 0.00241565
0.49562 0.50438 0.0024529 0.0024529
0.49583 0.50417 0.00241671 0.00241671
0.49603 0.50397 0.0024226 0.0024226
0.49571 0.50429 0.00244122 0.00244122
0.49555 0.50445 0.00238146 0.00238146
0.49637 0.50363 0.00241458 0.00241458
0.49652 0.50348 0.00238773 0.00238773
0.49637 0.50363 0.00241464 0.00241464
0.49658 0.50342 0.00244615 0.00244615
0.49599 0.50401 0.0024411 0.0024411
0.49584 0.50416 0.00245076 0.00245076
0.49532 0.50468 0.00241095 0.00241095
0.49667 0.50333 0.00235192 0.00235192
0.49654 0.50346 0.0023656 0.0023656
0.49629 0.50371 0.00228946 0.00228946
0.49633 0.50367 0.00229206 0.00229206
0.49655 0.50345 0.00229708 0.00229708
0.49732 0.50268 0.00239507 0.00239507
0.49744 0.50256 0.00244611 0.00244611
0.49725 0.50275 0.0024549 0.0024549
0.49748 0.50252 0.00242009 0.00242009
0.49769 0.50231 0.00235949 0.00235949
0.49801 0.50199 0.00240516 0.00240516
0.49697 0.50303 0.00245787 0.00245787
0.49564 0.50436 0.00247391 0.00247391
0.49643 0.50357 0.0024576 0.0024576
0.49625 0.50375 0.00239502 0.00239502
0.49562 0.50438 0.00243252 0.00243252
0.4957 0.5043 0.00240641 0.00240641
0.49663 0.50337 0.00244371 0.00244371
0.49619 0.50381 0.00241601 0.00241601
0.49653 0.50347 0.00238872 0.00238872
0.49732 0.50268 0.00243963 0.00243963
0.49647 0.50353 0.00245569 0.00245569
0.49617 0.50383 0.00239742 0.00239742
0.49606 0.50394 0.00237933 0.00237933
0.4962 0.5038 0.0024179 0.0024179
0.49624 0.50376 0.00238237 0.00238237
0.49645 0.50355 0.0024534 0.0024534
0.4959 0.5041 0.00244177 0.00244177
0.49556 0.50444 0.00245524 0.00245524
0.49618 0.50382 0.00253241 0.00253241
0.49537 0.50463 0.00250383 0.00250383
0.49656 0.50344 0.00242041 0.00242041
0.49665 0.50335 0.00243502 0.00243502
0.49637 0.50363 0.00242565 0.00242565
0.49729 0.50271 0.00239871 0.00239871
0.4972 0.5028 0.00236362 0.00236362
0.49755 0.50245 0.00240191 0.00240191
0.49726 0.50274 0.00250486 0.00250486
0.4976 0.5024 0.0025264 0.0025264
0.49792 0.50208 0.00255971 0.00255971
0.4971 0.5029 0.00262813 0.00262813
0.49684 0.50316 0.00259432 0.00259432
0.4966 0.5034 0.00259855 0.00259855
0.49667 0.50333 0.00263895 0.00263895
0.49677 0.50323 0.00271177 0.00271177
0.49664 0.50336 0.00273761 0.00273761
0.49615 0.50385 0.00266478 0.00266478
0.49638 0.50362 0.00263133 0.00263133
0.49669 0.50331 0.00264486 0.00264486
0.49743 0.50257 0.00262283 0.00262283
0.49744 0.50256 0.00265199 0.00265199
0.49688 0.50312 0.00268811 0.00268811
0.49732 0.50268 0.002632 0.002632
0.49727 0.50273 0.00268171 0.00268171
0.49757 0.50243 0.00265025 0.00265025
0.49721 0.50279 0.00256156 0.00256156
0.49705 0.50295 0.00254037 0.00254037
0.49693 0.50307 0.00252077 0.00252077
0.4978 0.5022 0.00250123 0.00250123
0.49726 0.50274 0.00243023 0.00243023
0.4971 0.5029 0.002417 0.002417
0.49739 0.50261 0.00248283 0.00248283
0.49763 0.50237 0.00248068 0.00248068
0.49718 0.50282 0.00250051 0.00250051
0.49775 0.50225 0.00239926 0.00239926
0.49827 0.50173 0.0023538 0.0023538
0.49761 0.50239 0.00244226 0.00244226
0.49698 0.50302 0.00243794 0.00243794
0.49746 0.50254 0.00243318 0.00243318
0.4972 0.5028 0.00244065 0.00244065
0.49732 0.50268 0.00245616 0.00245616
0.49774 0.50226 0.00247215 0.00247215
0.49754 0.50246 0.00246132 0.00246132
0.49899 0.50101 0.00243955 0.00243955
0.49938 0.50062 0.00244917 0.00244917
0.49852 0.50148 0.00240831 0.00240831
0.4978 0.5022 0.00235125 0.00235125
0.49785 0.50215 0.00239136 0.00239136
0.49722 0.50278 0.00239429 0.00239429
0.49646 0.50354 0.00235425 0.00235425
0.49665 0.50335 0.00236263 0.00236263
0.49638 0.50362 0.00236131 0.00236131
0.49639 0.50361 0.00232731 0.00232731
0.49621 0.50379 0.00232944 0.00232944
0.49725 0.50275 0.00237231 0.00237231
0.49737 0.50263 0.00241969 0.00241969
0.49653 0.50347 0.00246286 0.00246286
0.49659 0.50341 0.00242768 0.00242768
0.49625 0.50375 0.00243429 0.00243429
0.4956 0.5044 0.00251745 0.00251745
0.49534 0.50466 0.00247831 0.00247831
0.49506 0.50494 0.0024887 0.0024887
0.49449 0.50551 0.00256387 0.00256387
0.49437 0.50563 0.00253133 0.00253133
0.49405 0.50595 0.00251847 0.00251847
0.4941 0.5059 0.00260033 0.00260033
0.49399 0.50601 0.00262199 0.00262199
0.49414 0.50586 0.00263158 0.00263158
0.49419 0.50581 0.00252666 0.00252666
0.49466 0.50534 0.00261843 0.00261843
0.49409 0.50591 0.0026699 0.0026699
0.49469 0.50531 0.00267646 0.00267646
0.49507 0.50493 0.00264592 0.00264592
0.49489 0.50511 0.0026681 0.0026681
0.4948 0.5052 0.00261156 0.00261156
0.49534 0.50466 0.00256829 0.00256829
0.49511 0.50489 0.00259521 0.00259521
0.49516 0.50484 0.00261218 0.00261218
0.49543 0.50457 0.00255704 0.00255704
0.4959 0.5041 0.00255777 0.00255777
0.49637 0.50363 0.00245199 0.00245199
0.49656 0.50344 0.00256795 0.00256795
0.49692 0.50308 0.00256603 0.00256603
0.4973 0.5027 0.00259559 0.00259559
0.49735 0.50265 0.00262172 0.00262172
0.49764 0.50236 0.0025894 0.0025894
0.4975 0.5025 0.00257256 0.00257256
0.49825 0.50175 0.00262294 0.00262294
0.49878 0.50122 0.00267611 0.00267611
0.49818 0.50182 0.00253189 0.00253189
0.49844 0.50156 0.00250427 0.00250427
0.49776 0.50224 0.00251525 0.00251525
0.49712 0.50288 0.00252673 0.00252673
0.49674 0.50326 0.0024563 0.0024563
0.4964 0.5036 0.00241663 0.00241663
0.49627 0.50373 0.00232218 0.00232218
0.49583 0.50417 0.00231243 0.00231243
0.49583 0.50417 0.00237788 0.00237788
0.49566 0.50434 0.00241225 0.00241225
0.49644 0.50356 0.00246441 0.00246441
0.49604 0.50396 0.00251224 0.00251224
0.4961 0.5039 0.00250336 0.00250336
0.49609 0.50391 0.00254944 0.00254944
0.49695 0.50305 0.00260645 0.00260645
0.49692 0.50308 0.00259272 0.00259272
0.49687 0.50313 0.00255488 0.00255488
0.49612 0.50388 0.00259027 0.00259027
0.49569 0.50431 0.00257979 0.00257979
0.49672 0.50328 0.00263465 0.00263465
0.4968 0.5032 0.00255943 0.00255943
0.49652 0.50348 0.00257237 0.00257237
0.49604 0.50396 0.00261442 0.00261442
0.49671 0.50329 0.00272619 0.00272619
0.49642 0.50358 0.00275831 0.00275831
0.49697 0.50303 0.00279185 0.00279185
0.49597 0.50403 0.00281104 0.00281104
0.4958 0.5042 0.00278863 0.00278863
0.49612 0.50388 0.00289956 0.00289956
0.49514 0.50486 0.00291632 0.00291632
0.49538 0.50462 0.00293115 0.00293115
0.49516 0.50484 0.00286278 0.00286278
0.49411 0.50589 0.00283945 0.00283945
0.49421 0.50579 0.00280744 0.00280744
0.49482 0.50518 0.00287415 0.00287415
0.49467 0.50533 0.00297321 0.00297321
0.49378 0.50622 0.00298036 0.00298036
0.49282 0.50718 0.00299185 0.00299185
0.49325 0.50675 0.00297126 0.00297126
0.49367 0.50633 0.00288022 0.00288022
0.49301 0.50699 0.00289138 0.00289138
0.49352 0.50648 0.00292872 0.00292872
0.49409 0.50591 0.00295691 0.00295691
0.49484 0.50516 0.00292252 0.00292252
0.4947 0.5053 0.00288146 0.00288146
0.49411 0.50589 0.00290275 0.00290275
0.49414 0.50586 0.00294727 0.00294727
0.49338 0.50662 0.00297135 0.00297135
0.49361 0.50639 0.0028525 0.0028525
0.49391 0.50609 0.00283839 0.00283839
0.49333 0.50667 0.00292576 0.00292576
0.49274 0.50726 0.00280983 0.00280983
0.49394 0.50606 0.00277921 0.00277921
0.49487 0.50513 0.00287773 0.00287773
0.49461 0.50539 0.00285927 0.00285927
