0.49993 0.50007 2.43688e-05 2.43688e-05
0.49963 0.50037 4.73668e-05 4.73668e-05
0.49908 0.50092 6.26602e-05 6.26602e-05
0.4987 0.5013 7.72222e-05 7.72222e-05
0.499 0.501 8.8303e-05 8.8303e-05
0.49907 0.50093 9.76415e-05 9.76415e-05
0.49915 0.50085 9.8351e-05 9.8351e-05
0.49944 0.50056 0.000107421 0.000107421
0.49911 0.50089 0.000113271 0.000113271
0.49944 0.50056 0.000113501 0.000113501
0.4992 0.5008 0.000119556 0.000119556
0.49943 0.50057 0.000124106 0.000124106
0.49942 0.50058 0.000131701 0.000131701
0.49928 0.50072 0.000133173 0.000133173
0.49926 0.50074 0.000137588 0.000137588
0.49935 0.50065 0.000141098 0.000141098
0.4994 0.5006 0.000143798 0.000143798
0.49938 0.50062 0.000148117 0.000148117
0.49928 0.50072 0.000151355 0.000151355
0.49929 0.50071 0.000149804 0.000149804
0.49928 0.50072 0.000148486 0.000148486
0.49921 0.50079 0.000151562 0.000151562
0.49922 0.50078 0.000152658 0.000152658
0.49915 0.50085 0.000153462 0.000153462
0.49917 0.50083 0.00015487 0.00015487
0.49922 0.50078 0.000155305 0.000155305
0.49918 0.50082 0.000155846 0.000155846
0.49914 0.50086 0.000155273 0.000155273
0.49912 0.50088 0.000156349 0.000156349
0.49916 0.50084 0.000157085 0.000157085
0.49917 0.50083 0.000156607 0.000156607
0.49918 0.50082 0.000157624 0.000157624
0.4992 0.5008 0.000157919 0.000157919
0.49918 0.50082 0.000157543 0.000157543
0.49919 0.50081 0.000158519 0.000158519
0.49921 0.50079 0.00015843 0.00015843
0.49921 0.50079 0.000157885 0.000157885
0.4992 0.5008 0.000158182 0.000158182
0.49922 0.50078 0.000158517 0.000158517
0.49922 0.50078 0.000158517 0.000158517
0.49924 0.50076 0.000158831 0.000158831
0.49924 0.50076 0.000159194 0.000159194
0.49925 0.50075 0.000159018 0.000159018
0.49929 0.50071 0.000159137 0.000159137
0.49932 0.50068 0.000159755 0.000159755
0.49933 0.50067 0.000160021 0.000160021
0.49933 0.50067 0.000160021 0.000160021
0.49932 0.50068 0.0001602 0.0001602
0.49931 0.50069 0.000160196 0.000160196
0.4993 0.5007 0.000159909 0.000159909
0.4993 0.5007 0.000159909 0.000159909
0.49931 0.50069 0.000159974 0.000159974
0.49931 0.50069 0.000159974 0.000159974
0.49931 0.50069 0.000159974 0.000159974
0.49931 0.50069 0.000159974 0.000159974
0.49931 0.50069 0.000159974 0.000159974
0.49932 0.50068 0.000160078 0.000160078
0.49932 0.50068 0.000160078 0.000160078
0.49932 0.50068 0.000160078 0.000160078
0.49931 0.50069 0.00015957 0.00015957
0.49931 0.50069 0.00015957 0.00015957
0.49931 0.50069 0.00015957 0.00015957
0.49931 0.50069 0.00015957 0.00015957
0.49931 0.50069 0.00015957 0.00015957
0.49931 0.50069 0.00015957 0.00015957
0.49931 0.50069 0.00015957 0.00015957
0.49931 0.50069 0.00015957 0.00015957
0.49931 0.50069 0.00015957 0.00015957
0.49931 0.50069 0.00015957 0.00015957
0.49931 0.50069 0.00015957 0.00015957
0.49931 0.50069 0.00015957 0.00015957
0.49931 0.50069 0.00015957 0.00015957
0.49931 0.50069 0.00015957 0.00015957
0.49931 0.50069 0.00015957 0.00015957
0.49931 0.50069 0.00015957 0.00015957
0.49931 0.50069 0.00015957 0.00015957
0.49931 0.50069 0.00015957 0.00015957
0.49932 0.50068 0.000159715 0.000159715
0.49932 0.50068 0.000159715 0.000159715
0.49932 0.50068 0.000159715 0.000159715
0.49932 0.50068 0.000159715 0.000159715
0.49932 0.50068 0.000159715 0.000159715
0.49932 0.50068 0.000159715 0.000159715
0.49932 0.50068 0.000159715 0.000159715
0.49932 0.50068 0.000159715 0.000159715
0.49932 0.50068 0.000159715 0.000159715
0.49932 0.50068 0.000159715 0.000159715
0.49932 0.50068 0.000159715 0.000159715
0.49932 0.50068 0.000159715 0.000159715
0.49932 0.50068 0.000159715 0.000159715
0.49932 0.50068 0.000159715 0.000159715
0.49932 0.50068 0.000159715 0.000159715
0.49932 0.50068 0.000159715 0.000159715
0.49932 0.50068 0.000159715 0.000159715
0.49932 0.50068 0.000159715 0.000159715
0.49932 0.50068 0.000159715 0.000159715
0.49932 0.50068 0.000159715 0.000159715
0.49932 0.50068 0.000159715 0.000159715
0.49932 0.50068 0.000159715 0.000159715
0.49932 0.50068 0.000159715 0.000159715
0.49932 0.50068 0.000159715 0.000159715
0.49932 0.50068 0.000159715 0.000159715
0.49932 0.50068 0.000159715 0.000159715
0.49932 0.50068 0.000159715 0.000159715
0.49932 0.50068 0.000159715 0.000159715
0.49932 0.50068 0.000159715 0.000159715
0.49932 0.50068 0.000159715 0.000159715
0.49932 0.50068 0.000159715 0.000159715
0.49932 0.50068 0.000159715 0.000159715
0.49932 0.50068 0.000159715 0.000159715
0.49932 0.50068 0.000159715 0.000159715
0.49932 0.50068 0.000159715 0.000159715
0.49932 0.50068 0.000159715 0.000159715
0.49932 0.50068 0.000159715 0.000159715
0.49932 0.50068 0.000159715 0.000159715
0.49932 0.50068 0.000159715 0.000159715
0.49932 0.50068 0.000159715 0.000159715
0.49932 0.50068 0.000159715 0.000159715
0.49932 0.50068 0.000159715 0.000159715
0.49932 0.50068 0.000159715 0.000159715
0.49932 0.50068 0.000159715 0.000159715
0.49932 0.50068 0.000159715 0.000159715
0.49932 0.50068 0.000159715 0.000159715
0.49932 0.50068 0.000159715 0.000159715
0.49932 0.50068 0.000159715 0.000159715
0.49932 0.50068 0.000159715 0.000159715
0.49932 0.50068 0.000159715 0.000159715
0.49932 0.50068 0.000159715 0.000159715
0.49932 0.50068 0.000159715 0.000159715
0.49932 0.50068 0.000159715 0.000159715
0.49932 0.50068 0.000159715 0.000159715
0.49932 0.50068 0.000159715 0.000159715
0.49932 0.50068 0.000159715 0.000159715
0.49932 0.50068 0.000159715 0.000159715
0.49932 0.50068 0.000159715 0.000159715
0.49932 0.50068 0.000159715 0.000159715
0.49932 0.50068 0.000159715 0.000159715
0.49932 0.50068 0.000159715 0.000159715
0.49932 0.50068 0.000159715 0.000159715
0.49932 0.50068 0.000159715 0.000159715
0.49932 0.50068 0.000159715 0.000159715
0.49932 0.50068 0.000159715 0.000159715
0.49932 0.50068 0.000159715 0.000159715
0.49932 0.50068 0.000159715 0.000159715
0.49932 0.50068 0.000159715 0.000159715
0.49932 0.50068 0.000159715 0.000159715
0.49932 0.50068 0.000159715 0.000159715
0.49932 0.50068 0.000159715 0.000159715
0.49932 0.50068 0.000159715 0.000159715
0.49932 0.50068 0.000159715 0.000159715
0.49932 0.50068 0.000159715 0.000159715
0.49932 0.50068 0.000159715 0.000159715
0.49932 0.50068 0.000159715 0.000159715
0.49932 0.50068 0.000159715 0.000159715
0.49932 0.50068 0.000159715 0.000159715
0.49932 0.50068 0.000159715 0.000159715
0.49932 0.50068 0.000159715 0.000159715
0.49932 0.50068 0.000159715 0.000159715
0.49932 0.50068 0.000159715 0.000159715
0.49932 0.50068 0.000159715 0.000159715
0.49932 0.50068 0.000159715 0.000159715
0.49932 0.50068 0.000159715 0.000159715
0.49932 0.50068 0.000159715 0.000159715
0.49932 0.50068 0.000159715 0.000159715
0.49932 0.50068 0.000159715 0.000159715
0.49932 0.50068 0.000159715 0.000159715
0.49932 0.50068 0.000159715 0.000159715
0.49932 0.50068 0.000159715 0.000159715
0.49932 0.50068 0.000159715 0.000159715
0.49932 0.50068 0.000159715 0.000159715
0.49932 0.50068 0.000159715 0.000159715
0.49932 0.50068 0.000159715 0.000159715
0.49932 0.50068 0.000159715 0.000159715
0.49932 0.50068 0.000159715 0.000159715
0.49932 0.50068 0.000159715 0.000159715
0.49932 0.50068 0.000159715 0.000159715
0.49932 0.50068 0.000159715 0.000159715
0.49932 0.50068 0.000159715 0.000159715
0.49932 0.50068 0.000159715 0.000159715
0.49932 0.50068 0.000159715 0.000159715
0.49932 0.50068 0.000159715 0.000159715
0.49932 0.50068 0.000159715 0.000159715
0.49932 0.50068 0.000159715 0.000159715
0.49932 0.50068 0.000159715 0.000159715
0.49932 0.50068 0.000159715 0.000159715
0.49932 0.50068 0.000159715 0.000159715
0.49932 0.50068 0.000159715 0.000159715
0.49932 0.50068 0.000159715 0.000159715
0.49932 0.50068 0.000159715 0.000159715
0.49932 0.50068 0.000159715 0.000159715
0.49932 0.50068 0.000159715 0.000159715
0.49932 0.50068 0.000159715 0.000159715
0.49932 0.50068 0.000159715 0.000159715
0.49932 0.50068 0.000159715 0.000159715
0.49932 0.50068 0.000159715 0.000159715
0.49932 0.50068 0.000159715 0.000159715
0.49932 0.50068 0.000159715 0.000159715
0.49932 0.50068 0.000159715 0.000159715
0.49932 0.50068 0.000159715 0.000159715
0.49932 0.50068 0.000159715 0.000159715
0.49932 0.50068 0.000159715 0.000159715
0.49932 0.50068 0.000159715 0.000159715
0.49932 0.50068 0.000159715 0.000159715
0.49932 0.50068 0.000159715 0.000159715
0.49932 0.50068 0.000159715 0.000159715
0.49932 0.50068 0.000159715 0.000159715
0.49932 0.50068 0.000159715 0.000159715
0.49932 0.50068 0.000159715 0.000159715
0.49932 0.50068 0.000159715 0.000159715
0.49932 0.50068 0.000159715 0.000159715
0.49932 0.50068 0.000159715 0.000159715
0.49932 0.50068 0.000159715 0.000159715
0.49932 0.50068 0.000159715 0.000159715
0.49932 0.50068 0.000159715 0.000159715
0.49932 0.50068 0.000159715 0.000159715
0.49932 0.50068 0.000159715 0.000159715
0.49932 0.50068 0.000159715 0.000159715
0.49932 0.50068 0.000159715 0.000159715
0.49932 0.50068 0.000159715 0.000159715
0.49932 0.50068 0.000159715 0.000159715
0.49932 0.50068 0.000159715 0.000159715
0.49932 0.50068 0.000159715 0.000159715
0.49932 0.50068 0.000159715 0.000159715
0.49932 0.50068 0.000159715 0.000159715
0.49932 0.50068 0.000159715 0.000159715
0.49932 0.50068 0.000159715 0.000159715
0.49932 0.50068 0.000159715 0.000159715
0.49932 0.50068 0.000159715 0.000159715
0.49932 0.50068 0.000159715 0.000159715
0.49932 0.50068 0.000159715 0.000159715
0.49932 0.50068 0.000159715 0.000159715
0.49932 0.50068 0.000159715 0.000159715
0.49932 0.50068 0.000159715 0.000159715
0.49932 0.50068 0.000159715 0.000159715
0.49932 0.50068 0.000159715 0.000159715
0.49932 0.50068 0.000159715 0.000159715
0.49932 0.50068 0.000159715 0.000159715
0.49932 0.50068 0.000159715 0.000159715
0.49932 0.50068 0.000159715 0.000159715
0.49932 0.50068 0.000159715 0.000159715
0.49932 0.50068 0.000159715 0.000159715
0.49932 0.50068 0.000159715 0.000159715
0.49932 0.50068 0.000159715 0.000159715
0.49932 0.50068 0.000159715 0.000159715
0.49932 0.50068 0.000159715 0.000159715
0.49932 0.50068 0.000159715 0.000159715
0.49932 0.50068 0.000159715 0.000159715
0.49932 0.50068 0.000159715 0.000159715
0.49932 0.50068 0.000159715 0.000159715
0.49932 0.50068 0.000159715 0.000159715
0.49932 0.50068 0.000159715 0.000159715
0.49932 0.50068 0.000159715 0.000159715
0.49932 0.50068 0.000159715 0.000159715
0.49932 0.50068 0.000159715 0.000159715
0.49932 0.50068 0.000159715 0.000159715
0.49932 0.50068 0.000159715 0.000159715
0.49932 0.50068 0.000159715 0.000159715
0.49932 0.50068 0.000159715 0.000159715
0.49932 0.50068 0.000159715 0.000159715
0.49932 0.50068 0.000159715 0.000159715
0.49932 0.50068 0.000159715 0.000159715
0.49932 0.50068 0.000159715 0.000159715
0.49932 0.50068 0.000159715 0.000159715
0.49932 0.50068 0.000159715 0.000159715
0.49932 0.50068 0.000159715 0.000159715
0.49932 0.50068 0.000159715 0.000159715
0.49932 0.50068 0.000159715 0.000159715
0.49932 0.50068 0.000159715 0.000159715
0.49932 0.50068 0.000159715 0.000159715
0.49932 0.50068 0.000159715 0.000159715
0.49932 0.50068 0.000159715 0.000159715
0.49932 0.50068 0.000159715 0.000159715
0.49932 0.50068 0.000159715 0.000159715
0.49932 0.50068 0.000159715 0.000159715
0.49932 0.50068 0.000159715 0.000159715
0.49932 0.50068 0.000159715 0.000159715
0.49932 0.50068 0.000159715 0.000159715
0.49932 0.50068 0.000159715 0.000159715
0.49932 0.50068 0.000159715 0.000159715
0.49932 0.50068 0.000159715 0.000159715
0.49932 0.50068 0.000159715 0.000159715
0.49932 0.50068 0.000159715 0.000159715
0.49932 0.50068 0.000159715 0.000159715
0.49932 0.50068 0.000159715 0.000159715
0.49932 0.50068 0.000159715 0.000159715
0.49932 0.50068 0.000159715 0.000159715
0.49932 0.50068 0.000159715 0.000159715
0.49932 0.50068 0.000159715 0.000159715
0.49932 0.50068 0.000159715 0.000159715
0.49932 0.50068 0.000159715 0.000159715
0.49932 0.50068 0.000159715 0.000159715
0.49932 0.50068 0.000159715 0.000159715
0.49932 0.50068 0.000159715 0.000159715
0.49932 0.50068 0.000159715 0.000159715
0.49932 0.50068 0.000159715 0.000159715
0.49932 0.50068 0.000159715 0.000159715
0.49932 0.50068 0.000159715 0.000159715
0.49932 0.50068 0.000159715 0.000159715
0.49932 0.50068 0.000159715 0.000159715
0.49932 0.50068 0.000159715 0.000159715
0.49932 0.50068 0.000159715 0.000159715
0.49932 0.50068 0.000159715 0.000159715
0.49932 0.50068 0.000159715 0.000159715
0.49932 0.50068 0.000159715 0.000159715
0.49932 0.50068 0.000159715 0.000159715
0.49932 0.50068 0.000159715 0.000159715
0.49932 0.50068 0.000159715 0.000159715
0.49932 0.50068 0.000159715 0.000159715
0.49932 0.50068 0.000159715 0.000159715
0.49932 0.50068 0.000159715 0.000159715
0.49932 0.50068 0.000159715 0.000159715
0.49932 0.50068 0.000159715 0.000159715
0.49932 0.50068 0.000159715 0.000159715
0.49932 0.50068 0.000159715 0.000159715
0.49932 0.50068 0.000159715 0.000159715
0.49932 0.50068 0.000159715 0.000159715
0.49932 0.50068 0.000159715 0.000159715
0.49932 0.50068 0.000159715 0.000159715
0.49932 0.50068 0.000159715 0.000159715
0.49932 0.50068 0.000159715 0.000159715
0.49932 0.50068 0.000159715 0.000159715
0.49932 0.50068 0.000159715 0.000159715
0.49932 0.50068 0.000159715 0.000159715
0.49932 0.50068 0.000159715 0.000159715
0.49932 0.50068 0.000159715 0.000159715
0.49932 0.50068 0.000159715 0.000159715
0.49932 0.50068 0.000159715 0.000159715
0.49932 0.50068 0.000159715 0.000159715
0.49932 0.50068 0.000159715 0.000159715
0.49932 0.50068 0.000159715 0.000159715
0.49932 0.50068 0.000159715 0.000159715
0.49932 0.50068 0.000159715 0.000159715
0.49932 0.50068 0.000159715 0.000159715
0.49932 0.50068 0.000159715 0.000159715
0.49932 0.50068 0.000159715 0.000159715
0.49932 0.50068 0.000159715 0.000159715
0.49932 0.50068 0.000159715 0.000159715
0.49932 0.50068 0.000159715 0.000159715
0.49932 0.50068 0.000159715 0.000159715
0.49932 0.50068 0.000159715 0.000159715
0.49932 0.50068 0.000159715 0.000159715
0.49932 0.50068 0.000159715 0.000159715
0.49932 0.50068 0.000159715 0.000159715
0.49932 0.50068 0.000159715 0.000159715
0.49932 0.50068 0.000159715 0.000159715
0.49932 0.50068 0.000159715 0.000159715
0.49932 0.50068 0.000159715 0.000159715
0.49932 0.50068 0.000159715 0.000159715
0.49932 0.50068 0.000159715 0.000159715
0.49932 0.50068 0.000159715 0.000159715
0.49932 0.50068 0.000159715 0.000159715
0.49932 0.50068 0.000159715 0.000159715
0.49932 0.50068 0.000159715 0.000159715
0.49932 0.50068 0.000159715 0.000159715
0.49932 0.50068 0.000159715 0.000159715
0.49932 0.50068 0.000159715 0.000159715
0.49932 0.50068 0.000159715 0.000159715
0.49932 0.50068 0.000159715 0.000159715
0.49932 0.50068 0.000159715 0.000159715
0.49932 0.50068 0.000159715 0.000159715
0.49932 0.50068 0.000159715 0.000159715
0.49932 0.50068 0.000159715 0.000159715
0.49932 0.50068 0.000159715 0.000159715
0.49932 0.50068 0.000159715 0.000159715
0.49932 0.50068 0.000159715 0.000159715
0.49932 0.50068 0.000159715 0.000159715
0.49932 0.50068 0.000159715 0.000159715
0.49932 0.50068 0.000159715 0.000159715
0.49932 0.50068 0.000159715 0.000159715
0.49932 0.50068 0.000159715 0.000159715
0.49932 0.50068 0.000159715 0.000159715
0.49932 0.50068 0.000159715 0.000159715
0.49932 0.50068 0.000159715 0.000159715
0.49932 0.50068 0.000159715 0.000159715
0.49932 0.50068 0.000159715 0.000159715
0.49932 0.50068 0.000159715 0.000159715
0.49932 0.50068 0.000159715 0.000159715
0.49932 0.50068 0.000159715 0.000159715
0.49932 0.50068 0.000159715 0.000159715
0.49932 0.50068 0.000159715 0.000159715
0.49932 0.50068 0.000159715 0.000159715
0.49932 0.50068 0.000159715 0.000159715
0.49932 0.50068 0.000159715 0.000159715
0.49932 0.50068 0.000159715 0.000159715
0.49932 0.50068 0.000159715 0.000159715
0.49932 0.50068 0.000159715 0.000159715
0.49932 0.50068 0.000159715 0.000159715
0.49932 0.50068 0.000159715 0.000159715
0.49932 0.50068 0.000159715 0.000159715
0.49932 0.50068 0.000159715 0.000159715
0.49932 0.50068 0.000159715 0.000159715
0.49932 0.50068 0.000159715 0.000159715
0.49932 0.50068 0.000159715 0.000159715
0.49932 0.50068 0.000159715 0.000159715
0.49932 0.50068 0.000159715 0.000159715
0.49932 0.50068 0.000159715 0.000159715
0.49932 0.50068 0.000159715 0.000159715
0.49932 0.50068 0.000159715 0.000159715
0.49932 0.50068 0.000159715 0.000159715
0.49932 0.50068 0.000159715 0.000159715
0.49932 0.50068 0.000159715 0.000159715
0.49932 0.50068 0.000159715 0.000159715
0.49932 0.50068 0.000159715 0.000159715
0.49932 0.50068 0.000159715 0.000159715
0.49932 0.50068 0.000159715 0.000159715
0.49932 0.50068 0.000159715 0.000159715
0.49932 0.50068 0.000159715 0.000159715
0.49932 0.50068 0.000159715 0.000159715
0.49932 0.50068 0.000159715 0.000159715
0.49932 0.50068 0.000159715 0.000159715
0.49932 0.50068 0.000159715 0.000159715
0.49932 0.50068 0.000159715 0.000159715
0.49932 0.50068 0.000159715 0.000159715
0.49932 0.50068 0.000159715 0.000159715
0.49932 0.50068 0.000159715 0.000159715
0.49932 0.50068 0.000159715 0.000159715
0.49932 0.50068 0.000159715 0.000159715
0.49932 0.50068 0.000159715 0.000159715
0.49932 0.50068 0.000159715 0.000159715
0.49932 0.50068 0.000159715 0.000159715
0.49932 0.50068 0.000159715 0.000159715
0.49932 0.50068 0.000159715 0.000159715
0.49932 0.50068 0.000159715 0.000159715
0.49932 0.50068 0.000159715 0.000159715
0.49932 0.50068 0.000159715 0.000159715
0.49932 0.50068 0.000159715 0.000159715
0.49932 0.50068 0.000159715 0.000159715
0.49932 0.50068 0.000159715 0.000159715
0.49932 0.50068 0.000159715 0.000159715
0.49932 0.50068 0.000159715 0.000159715
0.49932 0.50068 0.000159715 0.000159715
0.49932 0.50068 0.000159715 0.000159715
0.49932 0.50068 0.000159715 0.000159715
0.49932 0.50068 0.000159715 0.000159715
0.49932 0.50068 0.000159715 0.000159715
0.49932 0.50068 0.000159715 0.000159715
0.49932 0.50068 0.000159715 0.000159715
0.49932 0.50068 0.000159715 0.000159715
0.49932 0.50068 0.000159715 0.000159715
0.49932 0.50068 0.000159715 0.000159715
0.49932 0.50068 0.000159715 0.000159715
0.49932 0.50068 0.000159715 0.000159715
0.49932 0.50068 0.000159715 0.000159715
0.49932 0.50068 0.000159715 0.000159715
0.49932 0.50068 0.000159715 0.000159715
0.49932 0.50068 0.000159715 0.000159715
0.49932 0.50068 0.000159715 0.000159715
0.49932 0.50068 0.000159715 0.000159715
0.49932 0.50068 0.000159715 0.000159715
0.49932 0.50068 0.000159715 0.000159715
0.49932 0.50068 0.000159715 0.000159715
0.49932 0.50068 0.000159715 0.000159715
0.49932 0.50068 0.000159715 0.000159715
0.49932 0.50068 0.000159715 0.000159715
0.49932 0.50068 0.000159715 0.000159715
0.49932 0.50068 0.000159715 0.000159715
0.49932 0.50068 0.000159715 0.000159715
0.49932 0.50068 0.000159715 0.000159715
0.49932 0.50068 0.000159715 0.000159715
0.49932 0.50068 0.000159715 0.000159715
0.49932 0.50068 0.000159715 0.000159715
0.49932 0.50068 0.000159715 0.000159715
0.49932 0.50068 0.000159715 0.000159715
0.49932 0.50068 0.000159715 0.000159715
0.49932 0.50068 0.000159715 0.000159715
0.49932 0.50068 0.000159715 0.000159715
0.49932 0.50068 0.000159715 0.000159715
0.49932 0.50068 0.000159715 0.000159715
0.49932 0.50068 0.000159715 0.000159715
0.49932 0.50068 0.000159715 0.000159715
0.49932 0.50068 0.000159715 0.000159715
0.49932 0.50068 0.000159715 0.000159715
0.49932 0.50068 0.000159715 0.000159715
0.49932 0.50068 0.000159715 0.000159715
0.49932 0.50068 0.000159715 0.000159715
0.49932 0.50068 0.000159715 0.000159715
0.49932 0.50068 0.000159715 0.000159715
0.49932 0.50068 0.000159715 0.000159715
0.49932 0.50068 0.000159715 0.000159715
0.49932 0.50068 0.000159715 0.000159715
0.49932 0.50068 0.000159715 0.000159715
0.49932 0.50068 0.000159715 0.000159715
0.49932 0.50068 0.000159715 0.000159715
0.49932 0.50068 0.000159715 0.000159715
0.49932 0.50068 0.000159715 0.000159715
0.49932 0.50068 0.000159715 0.000159715
0.49932 0.50068 0.000159715 0.000159715
0.49932 0.50068 0.000159715 0.000159715
0.49932 0.50068 0.000159715 0.000159715
0.49932 0.50068 0.000159715 0.000159715
0.49932 0.50068 0.000159715 0.000159715
0.49932 0.50068 0.000159715 0.000159715
0.49932 0.50068 0.000159715 0.000159715
0.49932 0.50068 0.000159715 0.000159715
0.49932 0.50068 0.000159715 0.000159715
0.49932 0.50068 0.000159715 0.000159715
0.49932 0.50068 0.000159715 0.000159715
0.49932 0.50068 0.000159715 0.000159715
0.49932 0.50068 0.000159715 0.000159715
0.49932 0.50068 0.000159715 0.000159715
