0.50008 0.49992 5.17511e-05 5.17511e-05
0.50096 0.49904 0.000102806 0.000102806
0.50154 0.49846 0.000174635 0.000174635
0.50124 0.49876 0.000232124 0.000232124
0.50046 0.49954 0.000244958 0.000244958
0.50009 0.49991 0.000293557 0.000293557
0.50064 0.49936 0.00032496 0.00032496
0.50165 0.49835 0.000371179 0.000371179
0.50189 0.49811 0.000419735 0.000419735
0.50208 0.49792 0.000433832 0.000433832
0.50162 0.49838 0.000526319 0.000526319
0.50212 0.49788 0.000614147 0.000614147
0.50128 0.49872 0.000624264 0.000624264
0.50056 0.49944 0.000664855 0.000664855
0.4998 0.5002 0.00068703 0.00068703
0.50071 0.49929 0.000746289 0.000746289
0.50114 0.49886 0.000698101 0.000698101
0.50144 0.49856 0.000706734 0.000706734
0.50053 0.49947 0.000760009 0.000760009
0.50032 0.49968 0.000786078 0.000786078
0.5013 0.4987 0.000872152 0.000872152
0.5022 0.4978 0.000908222 0.000908222
0.50203 0.49797 0.000957221 0.000957221
0.50141 0.49859 0.000949699 0.000949699
0.50242 0.49758 0.000898953 0.000898953
0.50188 0.49812 0.000914026 0.000914026
0.50153 0.49847 0.000865221 0.000865221
0.50128 0.49872 0.000872951 0.000872951
0.50115 0.49885 0.000794836 0.000794836
0.50137 0.49863 0.000799791 0.000799791
0.50111 0.49889 0.000764867 0.000764867
0.50079 0.49921 0.000792875 0.000792875
0.50104 0.49896 0.000781352 0.000781352
0.50138 0.49862 0.000861652 0.000861652
0.50185 0.49815 0.000876391 0.000876391
0.50215 0.49785 0.000863563 0.000863563
0.50288 0.49712 0.000839036 0.000839036
0.50226 0.49774 0.000846841 0.000846841
0.5021 0.4979 0.000852273 0.000852273
0.50281 0.49719 0.000865206 0.000865206
0.50425 0.49575 0.000787543 0.000787543
0.50404 0.49596 0.000777615 0.000777615
0.50302 0.49698 0.000804646 0.000804646
0.50381 0.49619 0.000782277 0.000782277
0.50362 0.49638 0.000814157 0.000814157
0.50374 0.49626 0.000794558 0.000794558
0.50396 0.49604 0.000836746 0.000836746
0.50321 0.49679 0.000822612 0.000822612
0.50275 0.49725 0.000809098 0.000809098
0.50236 0.49764 0.000872314 0.000872314
0.5021 0.4979 0.000840616 0.000840616
0.5019 0.4981 0.000833909 0.000833909
0.50196 0.49804 0.000777534 0.000777534
0.50236 0.49764 0.000804556 0.000804556
0.50189 0.49811 0.000784665 0.000784665
0.50231 0.49769 0.000832196 0.000832196
0.50239 0.49761 0.000810341 0.000810341
0.50156 0.49844 0.000778734 0.000778734
0.50182 0.49818 0.000814533 0.000814533
0.50083 0.49917 0.000819334 0.000819334
0.5004 0.4996 0.000826222 0.000826222
0.50077 0.49923 0.000769593 0.000769593
0.5018 0.4982 0.000721798 0.000721798
0.50277 0.49723 0.000650037 0.000650037
0.50261 0.49739 0.000670624 0.000670624
0.5028 0.4972 0.000612949 0.000612949
0.5022 0.4978 0.000649798 0.000649798
0.50139 0.49861 0.000648806 0.000648806
0.50194 0.49806 0.000677875 0.000677875
0.50211 0.49789 0.000736139 0.000736139
0.50257 0.49743 0.000760288 0.000760288
0.50276 0.49724 0.000802305 0.000802305
0.50342 0.49658 0.000758367 0.000758367
0.50272 0.49728 0.000787517 0.000787517
0.50277 0.49723 0.000760704 0.000760704
0.5028 0.4972 0.000784606 0.000784606
0.50224 0.49776 0.000815255 0.000815255
0.50286 0.49714 0.000829031 0.000829031
0.50147 0.49853 0.000875787 0.000875787
0.50205 0.49795 0.00093621 0.00093621
0.50208 0.49792 0.000940943 0.000940943
0.5019 0.4981 0.000858051 0.000858051
0.50231 0.49769 0.000838054 0.000838054
0.50217 0.49783 0.000774829 0.000774829
0.50182 0.49818 0.000780674 0.000780674
0.50151 0.49849 0.000741 0.000741
0.50165 0.49835 0.000741563 0.000741563
0.50224 0.49776 0.0006818 0.0006818
0.5019 0.4981 0.000704899 0.000704899
0.50226 0.49774 0.000663669 0.000663669
0.50359 0.49641 0.000682305 0.000682305
0.5035 0.4965 0.00067597 0.00067597
0.50391 0.49609 0.000737679 0.000737679
0.50478 0.49522 0.000770113 0.000770113
0.50455 0.49545 0.000721987 0.000721987
0.50421 0.49579 0.000763077 0.000763077
0.50342 0.49658 0.000721721 0.000721721
0.50393 0.49607 0.0007015 0.0007015
0.50339 0.49661 0.000676988 0.000676988
0.50335 0.49665 0.000652694 0.000652694
0.50363 0.49637 0.000720013 0.000720013
0.50282 0.49718 0.000769482 0.000769482
0.50259 0.49741 0.000779578 0.000779578
0.50195 0.49805 0.000788533 0.000788533
0.50172 0.49828 0.000752709 0.000752709
0.50181 0.49819 0.000718822 0.000718822
0.50249 0.49751 0.000748959 0.000748959
0.5028 0.4972 0.000762121 0.000762121
0.50283 0.49717 0.000746143 0.000746143
0.50248 0.49752 0.000728575 0.000728575
0.50249 0.49751 0.000661545 0.000661545
0.50194 0.49806 0.000673512 0.000673512
0.50222 0.49778 0.000707789 0.000707789
0.50148 0.49852 0.000715949 0.000715949
0.50126 0.49874 0.000754376 0.000754376
0.50235 0.49765 0.000806937 0.000806937
0.50327 0.49673 0.000837007 0.000837007
0.50327 0.49673 0.000810199 0.000810199
0.50376 0.49624 0.000790588 0.000790588
0.50419 0.49581 0.000846539 0.000846539
0.50339 0.49661 0.000852159 0.000852159
0.50371 0.49629 0.000858632 0.000858632
0.50366 0.49634 0.000839055 0.000839055
0.50269 0.49731 0.000860984 0.000860984
0.5021 0.4979 0.000898535 0.000898535
0.50261 0.49739 0.000898725 0.000898725
0.50217 0.49783 0.00088691 0.00088691
0.50277 0.49723 0.000881391 0.000881391
0.50289 0.49711 0.000929553 0.000929553
0.50231 0.49769 0.000926741 0.000926741
0.50246 0.49754 0.000943625 0.000943625
0.5021 0.4979 0.00104769 0.00104769
0.50187 0.49813 0.000971124 0.000971124
0.50191 0.49809 0.00098778 0.00098778
0.5012 0.4988 0.000963697 0.000963697
0.50145 0.49855 0.000880896 0.000880896
0.50244 0.49756 0.000847905 0.000847905
0.50222 0.49778 0.000836396 0.000836396
0.5037 0.4963 0.000781707 0.000781707
0.50458 0.49542 0.000798589 0.000798589
0.5049 0.4951 0.000809364 0.000809364
0.50384 0.49616 0.000906722 0.000906722
0.50458 0.49542 0.000917337 0.000917337
0.50393 0.49607 0.000919581 0.000919581
0.50423 0.49577 0.00089531 0.00089531
0.50367 0.49633 0.000966627 0.000966627
0.50336 0.49664 0.000979505 0.000979505
0.50329 0.49671 0.000956208 0.000956208
0.50243 0.49757 0.000884813 0.000884813
0.50316 0.49684 0.00090355 0.00090355
0.50431 0.49569 0.000901792 0.000901792
0.50378 0.49622 0.000826638 0.000826638
0.50508 0.49492 0.00082862 0.00082862
0.5048 0.4952 0.00083303 0.00083303
0.50451 0.49549 0.000836656 0.000836656
0.50479 0.49521 0.000881743 0.000881743
0.50523 0.49477 0.000918219 0.000918219
0.50529 0.49471 0.000917764 0.000917764
0.50498 0.49502 0.000884989 0.000884989
0.50426 0.49574 0.000889891 0.000889891
0.50471 0.49529 0.000873541 0.000873541
0.5042 0.4958 0.000841879 0.000841879
0.50466 0.49534 0.000924408 0.000924408
0.50424 0.49576 0.0008738 0.0008738
0.50345 0.49655 0.000828694 0.000828694
0.50415 0.49585 0.000829745 0.000829745
0.50444 0.49556 0.00083732 0.00083732
0.50476 0.49524 0.000889396 0.000889396
0.50454 0.49546 0.000893806 0.000893806
0.50411 0.49589 0.000906644 0.000906644
0.50403 0.49597 0.000898878 0.000898878
0.50463 0.49537 0.000888437 0.000888437
0.50429 0.49571 0.000891622 0.000891622
0.50397 0.49603 0.000868999 0.000868999
0.50363 0.49637 0.000871993 0.000871993
0.50253 0.49747 0.000843383 0.000843383
0.50144 0.49856 0.000833986 0.000833986
0.50097 0.49903 0.000753827 0.000753827
0.50179 0.49821 0.000794107 0.000794107
0.50211 0.49789 0.000840523 0.000840523
0.50244 0.49756 0.000811158 0.000811158
0.5022 0.4978 0.000846808 0.000846808
0.50246 0.49754 0.000873847 0.000873847
0.50397 0.49603 0.000920474 0.000920474
0.50448 0.49552 0.000947545 0.000947545
0.50419 0.49581 0.000918357 0.000918357
0.50467 0.49533 0.00085685 0.00085685
0.50463 0.49537 0.000828639 0.000828639
0.50461 0.49539 0.000829917 0.000829917
0.50412 0.49588 0.000790975 0.000790975
0.50449 0.49551 0.000746333 0.000746333
0.50409 0.49591 0.000777497 0.000777497
0.50311 0.49689 0.00076824 0.00076824
0.50313 0.49687 0.000768983 0.000768983
0.50368 0.49632 0.000769149 0.000769149
0.50377 0.49623 0.000839936 0.000839936
0.50392 0.49608 0.000866398 0.000866398
0.50328 0.49672 0.000919476 0.000919476
0.50346 0.49654 0.000967806 0.000967806
0.50419 0.49581 0.000942034 0.000942034
0.50393 0.49607 0.000942692 0.000942692
0.50446 0.49554 0.000944796 0.000944796
0.50428 0.49572 0.00090481 0.00090481
0.50391 0.49609 0.000932992 0.000932992
0.50333 0.49667 0.00093089 0.00093089
0.5031 0.4969 0.000925808 0.000925808
0.50325 0.49675 0.000970472 0.000970472
0.50402 0.49598 0.000957979 0.000957979
0.50419 0.49581 0.000991751 0.000991751
0.50277 0.49723 0.000945613 0.000945613
0.50285 0.49715 0.000961139 0.000961139
0.5037 0.4963 0.000966354 0.000966354
0.50425 0.49575 0.000934654 0.000934654
0.50364 0.49636 0.000911324 0.000911324
0.50312 0.49688 0.000949299 0.000949299
0.5031 0.4969 0.000909404 0.000909404
0.50181 0.49819 0.000965913 0.000965913
0.50112 0.49888 0.000977965 0.000977965
0.50136 0.49864 0.00102795 0.00102795
0.50215 0.49785 0.00106958 0.00106958
0.50233 0.49767 0.00108875 0.00108875
0.50223 0.49777 0.00112678 0.00112678
0.50223 0.49777 0.00108935 0.00108935
0.50208 0.49792 0.00111607 0.00111607
0.50245 0.49755 0.00114682 0.00114682
0.50232 0.49768 0.00115155 0.00115155
0.50239 0.49761 0.00107254 0.00107254
0.50264 0.49736 0.0010874 0.0010874
0.50327 0.49673 0.00107559 0.00107559
0.50235 0.49765 0.000999604 0.000999604
0.5021 0.4979 0.000942899 0.000942899
0.50299 0.49701 0.000949566 0.000949566
0.50395 0.49605 0.00091625 0.00091625
0.50356 0.49644 0.000978491 0.000978491
0.5027 0.4973 0.000965303 0.000965303
0.50228 0.49772 0.000952931 0.000952931
0.50253 0.49747 0.000892029 0.000892029
0.50351 0.49649 0.000856838 0.000856838
0.50354 0.49646 0.000940211 0.000940211
0.50186 0.49814 0.000965435 0.000965435
0.50156 0.49844 0.000997703 0.000997703
0.50161 0.49839 0.000991816 0.000991816
0.50128 0.49872 0.00097984 0.00097984
0.50174 0.49826 0.000987285 0.000987285
0.50253 0.49747 0.000911706 0.000911706
0.50249 0.49751 0.00103486 0.00103486
0.50272 0.49728 0.000957759 0.000957759
0.5038 0.4962 0.000904081 0.000904081
0.50441 0.49559 0.000893578 0.000893578
0.505 0.495 0.000936667 0.000936667
0.50455 0.49545 0.000965644 0.000965644
0.5048 0.4952 0.00102061 0.00102061
0.50562 0.49438 0.00108066 0.00108066
0.50619 0.49381 0.00114167 0.00114167
0.50567 0.49433 0.00112 0.00112
0.50539 0.49461 0.00106818 0.00106818
0.50452 0.49548 0.00103258 0.00103258
0.50428 0.49572 0.00107835 0.00107835
0.50547 0.49453 0.00117161 0.00117161
0.50621 0.49379 0.00109524 0.00109524
0.50408 0.49592 0.00103616 0.00103616
0.50438 0.49562 0.00112349 0.00112349
0.50477 0.49523 0.00113788 0.00113788
0.50362 0.49638 0.00112723 0.00112723
0.50383 0.49617 0.00104826 0.00104826
0.50337 0.49663 0.00101209 0.00101209
0.50367 0.49633 0.00105622 0.00105622
0.50357 0.49643 0.00102633 0.00102633
0.50285 0.49715 0.000995523 0.000995523
0.50231 0.49769 0.00101147 0.00101147
0.50178 0.49822 0.00102112 0.00102112
0.50195 0.49805 0.00101421 0.00101421
0.50045 0.49955 0.00101831 0.00101831
0.50103 0.49897 0.00107375 0.00107375
0.5017 0.4983 0.00104916 0.00104916
0.5013 0.4987 0.00104872 0.00104872
0.50107 0.49893 0.00105984 0.00105984
0.50249 0.49751 0.00108971 0.00108971
0.50266 0.49734 0.00119582 0.00119582
0.50202 0.49798 0.00111683 0.00111683
0.50143 0.49857 0.00108445 0.00108445
0.50095 0.49905 0.00107023 0.00107023
0.50177 0.49823 0.00108228 0.00108228
0.50116 0.49884 0.0010265 0.0010265
0.50139 0.49861 0.0010138 0.0010138
0.50189 0.49811 0.00106289 0.00106289
0.50142 0.49858 0.00104748 0.00104748
0.50219 0.49781 0.000992863 0.000992863
0.50269 0.49731 0.00106525 0.00106525
0.50244 0.49756 0.00104203 0.00104203
0.50254 0.49746 0.00108694 0.00108694
0.50269 0.49731 0.00107504 0.00107504
0.50231 0.49769 0.0010467 0.0010467
0.5018 0.4982 0.00112293 0.00112293
0.50198 0.49802 0.00120733 0.00120733
0.50271 0.49729 0.00117162 0.00117162
0.50284 0.49716 0.00117363 0.00117363
0.50332 0.49668 0.00117137 0.00117137
0.50377 0.49623 0.0010887 0.0010887
0.50393 0.49607 0.00112267 0.00112267
0.50416 0.49584 0.0010903 0.0010903
0.50418 0.49582 0.00115799 0.00115799
0.50372 0.49628 0.00113917 0.00113917
0.50327 0.49673 0.0011501 0.0011501
0.50393 0.49607 0.00117146 0.00117146
0.5038 0.4962 0.0011021 0.0011021
0.50463 0.49537 0.00107993 0.00107993
0.50432 0.49568 0.00108068 0.00108068
0.50415 0.49585 0.0010751 0.0010751
0.50426 0.49574 0.00109623 0.00109623
0.50399 0.49601 0.00116106 0.00116106
0.50377 0.49623 0.00118196 0.00118196
0.5035 0.4965 0.00127611 0.00127611
0.50244 0.49756 0.00131675 0.00131675
0.5028 0.4972 0.00129562 0.00129562
0.50238 0.49762 0.00127499 0.00127499
0.50318 0.49682 0.00131702 0.00131702
0.50264 0.49736 0.00129538 0.00129538
0.50329 0.49671 0.0012732 0.0012732
0.50368 0.49632 0.00120182 0.00120182
0.50377 0.49623 0.00117741 0.00117741
0.50247 0.49753 0.00115771 0.00115771
0.50173 0.49827 0.00120317 0.00120317
0.50214 0.49786 0.00128632 0.00128632
0.50233 0.49767 0.00124285 0.00124285
0.50254 0.49746 0.00119819 0.00119819
0.50265 0.49735 0.00116837 0.00116837
0.50259 0.49741 0.00122249 0.00122249
0.50202 0.49798 0.00122143 0.00122143
0.50238 0.49762 0.0012189 0.0012189
0.50257 0.49743 0.00120386 0.00120386
0.50245 0.49755 0.00119009 0.00119009
0.50273 0.49727 0.00120169 0.00120169
0.50298 0.49702 0.00118242 0.00118242
0.50276 0.49724 0.00115659 0.00115659
0.50239 0.49761 0.00117297 0.00117297
0.50185 0.49815 0.00116841 0.00116841
0.50255 0.49745 0.00114892 0.00114892
0.50244 0.49756 0.00116207 0.00116207
0.50279 0.49721 0.00119122 0.00119122
0.50284 0.49716 0.00118702 0.00118702
0.50261 0.49739 0.00120733 0.00120733
0.50291 0.49709 0.00122439 0.00122439
0.5026 0.4974 0.00128947 0.00128947
0.50255 0.49745 0.00126259 0.00126259
0.50211 0.49789 0.00124685 0.00124685
0.50425 0.49575 0.00129332 0.00129332
0.50481 0.49519 0.00132967 0.00132967
0.50445 0.49555 0.00136882 0.00136882
0.5038 0.4962 0.00129533 0.00129533
0.50344 0.49656 0.00132219 0.00132219
0.50458 0.49542 0.0013913 0.0013913
0.50366 0.49634 0.00144011 0.00144011
0.50313 0.49687 0.00146718 0.00146718
0.50259 0.49741 0.00143984 0.00143984
0.50212 0.49788 0.00144631 0.00144631
0.50409 0.49591 0.00149372 0.00149372
0.50454 0.49546 0.00145364 0.00145364
0.50362 0.49638 0.00131773 0.00131773
0.50373 0.49627 0.00133323 0.00133323
0.5033 0.4967 0.00140142 0.00140142
0.5016 0.4984 0.00137832 0.00137832
0.50248 0.49752 0.00138902 0.00138902
0.50215 0.49785 0.00131271 0.00131271
0.50321 0.49679 0.00126249 0.00126249
0.50256 0.49744 0.00131815 0.00131815
0.50317 0.49683 0.00124921 0.00124921
0.50222 0.49778 0.00132094 0.00132094
0.50284 0.49716 0.00137397 0.00137397
0.50394 0.49606 0.00133347 0.00133347
0.50329 0.49671 0.00135443 0.00135443
0.50297 0.49703 0.00127841 0.00127841
0.50287 0.49713 0.00121676 0.00121676
0.50199 0.49801 0.00123389 0.00123389
0.50212 0.49788 0.0012437 0.0012437
0.50226 0.49774 0.00120702 0.00120702
0.50234 0.49766 0.00128954 0.00128954
0.50298 0.49702 0.00124794 0.00124794
0.50278 0.49722 0.00119831 0.00119831
0.50251 0.49749 0.00122948 0.00122948
0.50204 0.49796 0.00123056 0.00123056
0.5027 0.4973 0.00124595 0.00124595
0.50246 0.49754 0.00137783 0.00137783
0.50271 0.49729 0.00141481 0.00141481
0.50232 0.49768 0.00136226 0.00136226
0.50306 0.49694 0.00136792 0.00136792
0.50381 0.49619 0.00143325 0.00143325
0.50292 0.49708 0.00144216 0.00144216
0.50219 0.49781 0.00140575 0.00140575
0.5023 0.4977 0.00132979 0.00132979
0.50194 0.49806 0.00135131 0.00135131
0.50177 0.49823 0.0013421 0.0013421
0.50124 0.49876 0.00133776 0.00133776
0.50037 0.49963 0.00133331 0.00133331
0.5013 0.4987 0.00135371 0.00135371
0.50048 0.49952 0.0013226 0.0013226
0.50077 0.49923 0.00137876 0.00137876
0.50014 0.49986 0.00139578 0.00139578
0.5 0.5 0.00135503 0.00135503
0.50076 0.49924 0.00140754 0.00140754
0.50218 0.49782 0.0013729 0.0013729
0.50162 0.49838 0.00143662 0.00143662
0.50228 0.49772 0.00134533 0.00134533
0.50213 0.49787 0.00137801 0.00137801
0.50189 0.49811 0.00135612 0.00135612
0.50189 0.49811 0.00131903 0.00131903
0.50237 0.49763 0.00133648 0.00133648
0.50313 0.49687 0.00130533 0.00130533
0.50345 0.49655 0.00133873 0.00133873
0.50388 0.49612 0.00131296 0.00131296
0.50421 0.49579 0.00130619 0.00130619
0.504 0.496 0.00135459 0.00135459
0.50244 0.49756 0.00131829 0.00131829
0.50293 0.49707 0.00124875 0.00124875
0.50278 0.49722 0.00129126 0.00129126
0.50373 0.49627 0.00126163 0.00126163
0.50433 0.49567 0.0012379 0.0012379
0.50364 0.49636 0.00129613 0.00129613
0.50336 0.49664 0.00133369 0.00133369
0.50411 0.49589 0.00131333 0.00131333
0.50393 0.49607 0.00129233 0.00129233
0.50346 0.49654 0.0013433 0.0013433
0.50397 0.49603 0.00129506 0.00129506
0.50305 0.49695 0.00127031 0.00127031
0.50331 0.49669 0.00124452 0.00124452
0.50231 0.49769 0.00131072 0.00131072
0.50152 0.49848 0.00131678 0.00131678
0.50135 0.49865 0.00133617 0.00133617
0.50112 0.49888 0.00135011 0.00135011
0.50149 0.49851 0.00125955 0.00125955
0.50157 0.49843 0.00129584 0.00129584
0.50095 0.49905 0.00129718 0.00129718
0.5024 0.4976 0.00130681 0.00130681
0.501 0.499 0.00135739 0.00135739
0.50032 0.49968 0.00130937 0.00130937
0.50101 0.49899 0.00139104 0.00139104
0.50014 0.49986 0.00141901 0.00141901
0.4996 0.5004 0.00149311 0.00149311
0.49922 0.50078 0.00152395 0.00152395
0.49911 0.50089 0.00150513 0.00150513
0.49911 0.50089 0.00147695 0.00147695
0.49884 0.50116 0.00149379 0.00149379
0.49843 0.50157 0.00146962 0.00146962
0.49942 0.50058 0.00141069 0.00141069
0.4999 0.5001 0.00149963 0.00149963
0.50039 0.49961 0.00147277 0.00147277
0.50014 0.49986 0.00147378 0.00147378
0.49971 0.50029 0.00145085 0.00145085
0.49956 0.50044 0.00158251 0.00158251
0.49999 0.50001 0.00152342 0.00152342
0.5006 0.4994 0.0015342 0.0015342
0.50161 0.49839 0.00153858 0.00153858
0.50291 0.49709 0.00150568 0.00150568
0.5028 0.4972 0.00153814 0.00153814
0.50303 0.49697 0.00159914 0.00159914
0.50168 0.49832 0.00159323 0.00159323
0.5017 0.4983 0.00167151 0.00167151
0.50095 0.49905 0.00156512 0.00156512
0.50052 0.49948 0.00150235 0.00150235
0.50094 0.49906 0.00145911 0.00145911
0.50128 0.49872 0.00146869 0.00146869
0.50028 0.49972 0.00150287 0.00150287
0.50049 0.49951 0.00152258 0.00152258
0.50073 0.49927 0.0014601 0.0014601
0.50193 0.49807 0.00149617 0.00149617
0.50264 0.49736 0.00152355 0.00152355
0.5028 0.4972 0.00154824 0.00154824
0.50276 0.49724 0.00150732 0.00150732
0.50332 0.49668 0.00155272 0.00155272
0.50268 0.49732 0.0015119 0.0015119
0.50319 0.49681 0.00152042 0.00152042
0.50298 0.49702 0.00152576 0.00152576
0.50317 0.49683 0.00151685 0.00151685
0.50444 0.49556 0.00152504 0.00152504
0.50462 0.49538 0.0015621 0.0015621
0.50347 0.49653 0.00158563 0.00158563
0.503 0.497 0.00156469 0.00156469
0.50291 0.49709 0.00153748 0.00153748
0.50386 0.49614 0.00147677 0.00147677
0.50402 0.49598 0.00153717 0.00153717
0.50291 0.49709 0.00160152 0.00160152
0.50284 0.49716 0.00161066 0.00161066
0.50175 0.49825 0.00163496 0.00163496
0.50153 0.49847 0.00167577 0.00167577
0.50168 0.49832 0.00173099 0.00173099
0.50123 0.49877 0.00167876 0.00167876
0.50119 0.49881 0.00172836 0.00172836
0.50016 0.49984 0.00170278 0.00170278
0.50008 0.49992 0.00176993 0.00176993
0.49983 0.50017 0.0016995 0.0016995
0.49843 0.50157 0.00166576 0.00166576
0.49883 0.50117 0.00169588 0.00169588
0.4993 0.5007 0.00172094 0.00172094
0.49929 0.50071 0.00173805 0.00173805
0.49928 0.50072 0.00173576 0.00173576
0.50056 0.49944 0.00172514 0.00172514
0.50015 0.49985 0.00173698 0.00173698
0.49933 0.50067 0.00176645 0.00176645
0.50056 0.49944 0.00175209 0.00175209
0.49977 0.50023 0.0016602 0.0016602
