0.49993 0.50007 0.00228267 0.00228267
0.49951 0.50049 0.0082207 0.0082207
0.49965 0.50035 0.0168168 0.0168168
0.49919 0.50081 0.02701 0.02701
0.50047 0.49953 0.0383407 0.0383407
0.50143 0.49857 0.0498991 0.0498991
0.50154 0.49846 0.0621492 0.0621492
0.50218 0.49782 0.0739413 0.0739413
0.50229 0.49771 0.0853827 0.0853827
0.50172 0.49828 0.0966701 0.0966701
0.50234 0.49766 0.106974 0.106974
0.50227 0.49773 0.116979 0.116979
0.50237 0.49763 0.126605 0.126605
0.50181 0.49819 0.135443 0.135443
0.50131 0.49869 0.143451 0.143451
0.50138 0.49862 0.151135 0.151135
0.50109 0.49891 0.158106 0.158106
0.50111 0.49889 0.164383 0.164383
0.50076 0.49924 0.170474 0.170474
0.50076 0.49924 0.176024 0.176024
0.50082 0.49918 0.181155 0.181155
0.501 0.499 0.185348 0.185348
0.50114 0.49886 0.189538 0.189538
0.50103 0.49897 0.193237 0.193237
0.50093 0.49907 0.196456 0.196456
0.50082 0.49918 0.199665 0.199665
0.50055 0.49945 0.202399 0.202399
0.50059 0.49941 0.204808 0.204808
0.50075 0.49925 0.206928 0.206928
0.50081 0.49919 0.209012 0.209012
0.50085 0.49915 0.210649 0.210649
0.50091 0.49909 0.212497 0.212497
0.50107 0.49893 0.214066 0.214066
0.50108 0.49892 0.215762 0.215762
0.50114 0.49886 0.217031 0.217031
0.5012 0.4988 0.218083 0.218083
0.5011 0.4989 0.219288 0.219288
0.50139 0.49861 0.220131 0.220131
0.50132 0.49868 0.220952 0.220952
0.50144 0.49856 0.221759 0.221759
0.5015 0.4985 0.222346 0.222346
0.50141 0.49859 0.223106 0.223106
0.50158 0.49842 0.223752 0.223752
0.50161 0.49839 0.224356 0.224356
0.5016 0.4984 0.224945 0.224945
0.5016 0.4984 0.225376 0.225376
0.50172 0.49828 0.225862 0.225862
0.50169 0.49831 0.22624 0.22624
0.50169 0.49831 0.226558 0.226558
0.50185 0.49815 0.226865 0.226865
0.50207 0.49793 0.227276 0.227276
0.50225 0.49775 0.227734 0.227734
0.50221 0.49779 0.228039 0.228039
0.50242 0.49758 0.228348 0.228348
0.50237 0.49763 0.228609 0.228609
0.50225 0.49775 0.228921 0.228921
0.50224 0.49776 0.229241 0.229241
0.50218 0.49782 0.229531 0.229531
0.50215 0.49785 0.22974 0.22974
0.50223 0.49777 0.229989 0.229989
0.5023 0.4977 0.230173 0.230173
0.50234 0.49766 0.230402 0.230402
0.50234 0.49766 0.230646 0.230646
0.5024 0.4976 0.230901 0.230901
0.50256 0.49744 0.231127 0.231127
0.50257 0.49743 0.231322 0.231322
0.50262 0.49738 0.231547 0.231547
0.50264 0.49736 0.231752 0.231752
0.50257 0.49743 0.231963 0.231963
0.50272 0.49728 0.232172 0.232172
0.50265 0.49735 0.232395 0.232395
0.50256 0.49744 0.23263 0.23263
0.50267 0.49733 0.23281 0.23281
0.50273 0.49727 0.232987 0.232987
0.50281 0.49719 0.233191 0.233191
0.50288 0.49712 0.233395 0.233395
0.50303 0.49697 0.233595 0.233595
0.50307 0.49693 0.233801 0.233801
0.50297 0.49703 0.233934 0.233934
0.50287 0.49713 0.234133 0.234133
0.50299 0.49701 0.234313 0.234313
0.50292 0.49708 0.234502 0.234502
0.50294 0.49706 0.234717 0.234717
0.50298 0.49702 0.234913 0.234913
0.50295 0.49705 0.235089 0.235089
0.5028 0.4972 0.235241 0.235241
0.50279 0.49721 0.235474 0.235474
0.50287 0.49713 0.235678 0.235678
0.50286 0.49714 0.235881 0.235881
0.50274 0.49726 0.235968 0.235968
0.50274 0.49726 0.236142 0.236142
0.50274 0.49726 0.236343 0.236343
0.5027 0.4973 0.236486 0.236486
0.50272 0.49728 0.236671 0.236671
0.50267 0.49733 0.236886 0.236886
0.50266 0.49734 0.236976 0.236976
0.50262 0.49738 0.237105 0.237105
0.50262 0.49738 0.237251 0.237251
0.50253 0.49747 0.23753 0.23753
0.5024 0.4976 0.237683 0.237683
0.50233 0.49767 0.237911 0.237911
0.50217 0.49783 0.238036 0.238036
0.50215 0.49785 0.238152 0.238152
0.50198 0.49802 0.23838 0.23838
0.502 0.498 0.238572 0.238572
0.50194 0.49806 0.238742 0.238742
0.5019 0.4981 0.238945 0.238945
0.50175 0.49825 0.239163 0.239163
0.50166 0.49834 0.239371 0.239371
0.50169 0.49831 0.239592 0.239592
0.50181 0.49819 0.239752 0.239752
0.5018 0.4982 0.239915 0.239915
0.50174 0.49826 0.240141 0.240141
0.50166 0.49834 0.240379 0.240379
0.50161 0.49839 0.240566 0.240566
0.50155 0.49845 0.240773 0.240773
0.50146 0.49854 0.240918 0.240918
0.50134 0.49866 0.241121 0.241121
0.50129 0.49871 0.24132 0.24132
0.50125 0.49875 0.24146 0.24146
0.5011 0.4989 0.241721 0.241721
0.50109 0.49891 0.241949 0.241949
0.50102 0.49898 0.242115 0.242115
0.50103 0.49897 0.242321 0.242321
0.50097 0.49903 0.242478 0.242478
0.50091 0.49909 0.24266 0.24266
0.50079 0.49921 0.242843 0.242843
0.50066 0.49934 0.243096 0.243096
0.50049 0.49951 0.24332 0.24332
0.50042 0.49958 0.24348 0.24348
0.50028 0.49972 0.243693 0.243693
0.5002 0.4998 0.243865 0.243865
0.50019 0.49981 0.244036 0.244036
0.49998 0.50002 0.244209 0.244209
0.49991 0.50009 0.244369 0.244369
0.49982 0.50018 0.244505 0.244505
0.49972 0.50028 0.244651 0.244651
0.49973 0.50027 0.244852 0.244852
0.49967 0.50033 0.245029 0.245029
0.49958 0.50042 0.245187 0.245187
0.49952 0.50048 0.245353 0.245353
0.49942 0.50058 0.245466 0.245466
0.49935 0.50065 0.245671 0.245671
0.49926 0.50074 0.245837 0.245837
0.49908 0.50092 0.24606 0.24606
0.49899 0.50101 0.246217 0.246217
0.49891 0.50109 0.246382 0.246382
0.49881 0.50119 0.24652 0.24652
0.49867 0.50133 0.246635 0.246635
0.49851 0.50149 0.246732 0.246732
0.49841 0.50159 0.246849 0.246849
0.49833 0.50167 0.24694 0.24694
0.49829 0.50171 0.246978 0.246978
0.49826 0.50174 0.247071 0.247071
0.49815 0.50185 0.24718 0.24718
0.49801 0.50199 0.247314 0.247314
0.49792 0.50208 0.247432 0.247432
0.49786 0.50214 0.247494 0.247494
0.49784 0.50216 0.247614 0.247614
0.49777 0.50223 0.247708 0.247708
0.49772 0.50228 0.247791 0.247791
0.4976 0.5024 0.247926 0.247926
0.49754 0.50246 0.248005 0.248005
0.4975 0.5025 0.248116 0.248116
0.49748 0.50252 0.248187 0.248187
0.49747 0.50253 0.248254 0.248254
0.49749 0.50251 0.248311 0.248311
0.49744 0.50256 0.248412 0.248412
0.49739 0.50261 0.248457 0.248457
0.4973 0.5027 0.248542 0.248542
0.49724 0.50276 0.248641 0.248641
0.49721 0.50279 0.248723 0.248723
0.49714 0.50286 0.248772 0.248772
0.49714 0.50286 0.248818 0.248818
0.4972 0.5028 0.248921 0.248921
0.49718 0.50282 0.248986 0.248986
0.49718 0.50282 0.249032 0.249032
0.49715 0.50285 0.249092 0.249092
0.49711 0.50289 0.249153 0.249153
0.49711 0.50289 0.249212 0.249212
0.4971 0.5029 0.249258 0.249258
0.49705 0.50295 0.249317 0.249317
0.49704 0.50296 0.24937 0.24937
0.49706 0.50294 0.249388 0.249388
0.49706 0.50294 0.249388 0.249388
0.49706 0.50294 0.249401 0.249401
0.49701 0.50299 0.249424 0.249424
0.497 0.503 0.249458 0.249458
0.49699 0.50301 0.249537 0.249537
0.49698 0.50302 0.249604 0.249604
0.497 0.503 0.249623 0.249623
0.49699 0.50301 0.249645 0.249645
0.49704 0.50296 0.249674 0.249674
0.49705 0.50295 0.249703 0.249703
0.49706 0.50294 0.249732 0.249732
0.49707 0.50293 0.249762 0.249762
0.49709 0.50291 0.249795 0.249795
0.49714 0.50286 0.249826 0.249826
0.49713 0.50287 0.24987 0.24987
0.49717 0.50283 0.249904 0.249904
0.49714 0.50286 0.249893 0.249893
0.49712 0.50288 0.249913 0.249913
0.49716 0.50284 0.249961 0.249961
0.49716 0.50284 0.249988 0.249988
0.49719 0.50281 0.250027 0.250027
0.49727 0.50273 0.250072 0.250072
0.49727 0.50273 0.2501 0.2501
0.49727 0.50273 0.250128 0.250128
0.49728 0.50272 0.250132 0.250132
0.49727 0.50273 0.250185 0.250185
0.49732 0.50268 0.25022 0.25022
0.49733 0.50267 0.250239 0.250239
0.4974 0.5026 0.250285 0.250285
0.49748 0.50252 0.250327 0.250327
0.49756 0.50244 0.25038 0.25038
0.49756 0.50244 0.25038 0.25038
0.49757 0.50243 0.25039 0.25039
0.49768 0.50232 0.250445 0.250445
0.49773 0.50227 0.250471 0.250471
0.49772 0.50228 0.250466 0.250466
0.4978 0.5022 0.250508 0.250508
0.49783 0.50217 0.250524 0.250524
0.49786 0.50214 0.25054 0.25054
0.49792 0.50208 0.250589 0.250589
0.49795 0.50205 0.250605 0.250605
0.49797 0.50203 0.250617 0.250617
0.498 0.502 0.250665 0.250665
0.49802 0.50198 0.250677 0.250677
0.49802 0.50198 0.250709 0.250709
0.4981 0.5019 0.250756 0.250756
0.49812 0.50188 0.250769 0.250769
0.49817 0.50183 0.250799 0.250799
0.4982 0.5018 0.250818 0.250818
0.49824 0.50176 0.250843 0.250843
0.4983 0.5017 0.250881 0.250881
0.49836 0.50164 0.25092 0.25092
0.49842 0.50158 0.250977 0.250977
0.49849 0.50151 0.251024 0.251024
0.49855 0.50145 0.251065 0.251065
0.4986 0.5014 0.2511 0.2511
0.49868 0.50132 0.251158 0.251158
0.49872 0.50128 0.251187 0.251187
0.49876 0.50124 0.251216 0.251216
0.49878 0.50122 0.251231 0.251231
0.49883 0.50117 0.251268 0.251268
0.49891 0.50109 0.251329 0.251329
0.49896 0.50104 0.251367 0.251367
0.49899 0.50101 0.251409 0.251409
0.499 0.501 0.251417 0.251417
0.49901 0.50099 0.251425 0.251425
0.49906 0.50094 0.251464 0.251464
0.4991 0.5009 0.251496 0.251496
0.49913 0.50087 0.251521 0.251521
0.49916 0.50084 0.251545 0.251545
0.4992 0.5008 0.251578 0.251578
0.49924 0.50076 0.251612 0.251612
0.49927 0.50073 0.251637 0.251637
0.49931 0.50069 0.251671 0.251671
0.49933 0.50067 0.251688 0.251688
0.49936 0.50064 0.251713 0.251713
0.49938 0.50062 0.251731 0.251731
0.49939 0.50061 0.251739 0.251739
0.49941 0.50059 0.251775 0.251775
0.49946 0.50054 0.251819 0.251819
0.49947 0.50053 0.251847 0.251847
0.4995 0.5005 0.251873 0.251873
0.49953 0.50047 0.2519 0.2519
0.49956 0.50044 0.251927 0.251927
0.49957 0.50043 0.251936 0.251936
0.49957 0.50043 0.251936 0.251936
0.49958 0.50042 0.251945 0.251945
0.4996 0.5004 0.251964 0.251964
0.49962 0.50038 0.251982 0.251982
0.49963 0.50037 0.251991 0.251991
0.49966 0.50034 0.252019 0.252019
0.49968 0.50032 0.252037 0.252037
0.4997 0.5003 0.252056 0.252056
0.49971 0.50029 0.252065 0.252065
0.49974 0.50026 0.252093 0.252093
0.49974 0.50026 0.252093 0.252093
0.49975 0.50025 0.252122 0.252122
0.49976 0.50024 0.252132 0.252132
0.49977 0.50023 0.252141 0.252141
0.49979 0.50021 0.25216 0.25216
0.49978 0.50022 0.25217 0.25217
0.49979 0.50021 0.25218 0.25218
0.4998 0.5002 0.252189 0.252189
0.49982 0.50018 0.252208 0.252208
0.49982 0.50018 0.252208 0.252208
0.49985 0.50015 0.252237 0.252237
0.49987 0.50013 0.252257 0.252257
0.49988 0.50012 0.252266 0.252266
0.49992 0.50008 0.252305 0.252305
0.49992 0.50008 0.252305 0.252305
0.49993 0.50007 0.252315 0.252315
0.49993 0.50007 0.252315 0.252315
0.49993 0.50007 0.252315 0.252315
0.49994 0.50006 0.252325 0.252325
0.49993 0.50007 0.252335 0.252335
0.49992 0.50008 0.252345 0.252345
0.49993 0.50007 0.252355 0.252355
0.49994 0.50006 0.252365 0.252365
0.49994 0.50006 0.252365 0.252365
0.49995 0.50005 0.252375 0.252375
0.49996 0.50004 0.252385 0.252385
0.49996 0.50004 0.252385 0.252385
0.49996 0.50004 0.252385 0.252385
0.49996 0.50004 0.252385 0.252385
0.49996 0.50004 0.252385 0.252385
0.49996 0.50004 0.252385 0.252385
0.49996 0.50004 0.252385 0.252385
0.49997 0.50003 0.252395 0.252395
0.49999 0.50001 0.252415 0.252415
0.49999 0.50001 0.252415 0.252415
0.49999 0.50001 0.252415 0.252415
0.49998 0.50002 0.252425 0.252425
0.49998 0.50002 0.252425 0.252425
0.49998 0.50002 0.252425 0.252425
0.49998 0.50002 0.252425 0.252425
0.49998 0.50002 0.252425 0.252425
0.49999 0.50001 0.252435 0.252435
0.49999 0.50001 0.252435 0.252435
0.49999 0.50001 0.252435 0.252435
0.49999 0.50001 0.252435 0.252435
0.50001 0.49999 0.252455 0.252455
0.50002 0.49998 0.252465 0.252465
0.50002 0.49998 0.252465 0.252465
0.50003 0.49997 0.252475 0.252475
0.50003 0.49997 0.252475 0.252475
0.50004 0.49996 0.252485 0.252485
0.50004 0.49996 0.252485 0.252485
0.50004 0.49996 0.252485 0.252485
0.50004 0.49996 0.252485 0.252485
0.50004 0.49996 0.252485 0.252485
0.50004 0.49996 0.252485 0.252485
0.50004 0.49996 0.252485 0.252485
0.50004 0.49996 0.252485 0.252485
0.50004 0.49996 0.252485 0.252485
0.50004 0.49996 0.252485 0.252485
0.50004 0.49996 0.252485 0.252485
0.50004 0.49996 0.252485 0.252485
0.50004 0.49996 0.252485 0.252485
0.50004 0.49996 0.252485 0.252485
0.50004 0.49996 0.252485 0.252485
0.50004 0.49996 0.252485 0.252485
0.50004 0.49996 0.252485 0.252485
0.50004 0.49996 0.252485 0.252485
0.50004 0.49996 0.252485 0.252485
0.50004 0.49996 0.252485 0.252485
0.50004 0.49996 0.252485 0.252485
0.50004 0.49996 0.252485 0.252485
0.50004 0.49996 0.252485 0.252485
0.50004 0.49996 0.252485 0.252485
0.50004 0.49996 0.252485 0.252485
0.50004 0.49996 0.252485 0.252485
0.50004 0.49996 0.252485 0.252485
0.50004 0.49996 0.252485 0.252485
0.50004 0.49996 0.252485 0.252485
0.50004 0.49996 0.252485 0.252485
0.50004 0.49996 0.252485 0.252485
0.50004 0.49996 0.252485 0.252485
0.50004 0.49996 0.252485 0.252485
0.50004 0.49996 0.252485 0.252485
0.50004 0.49996 0.252485 0.252485
0.50004 0.49996 0.252485 0.252485
0.50004 0.49996 0.252485 0.252485
0.50004 0.49996 0.252485 0.252485
0.50004 0.49996 0.252485 0.252485
0.50004 0.49996 0.252485 0.252485
0.50004 0.49996 0.252485 0.252485
0.50004 0.49996 0.252485 0.252485
0.50004 0.49996 0.252485 0.252485
0.50004 0.49996 0.252485 0.252485
0.50004 0.49996 0.252485 0.252485
0.50004 0.49996 0.252485 0.252485
0.50004 0.49996 0.252485 0.252485
0.50004 0.49996 0.252485 0.252485
0.50004 0.49996 0.252485 0.252485
0.50004 0.49996 0.252485 0.252485
0.50004 0.49996 0.252485 0.252485
0.50004 0.49996 0.252485 0.252485
0.50004 0.49996 0.252485 0.252485
0.50004 0.49996 0.252485 0.252485
0.50004 0.49996 0.252485 0.252485
0.50004 0.49996 0.252485 0.252485
0.50004 0.49996 0.252485 0.252485
0.50004 0.49996 0.252485 0.252485
0.50004 0.49996 0.252485 0.252485
0.50004 0.49996 0.252485 0.252485
0.50004 0.49996 0.252485 0.252485
0.50004 0.49996 0.252485 0.252485
0.50004 0.49996 0.252485 0.252485
0.50004 0.49996 0.252485 0.252485
0.50004 0.49996 0.252485 0.252485
0.50004 0.49996 0.252485 0.252485
0.50004 0.49996 0.252485 0.252485
0.50004 0.49996 0.252485 0.252485
0.50004 0.49996 0.252485 0.252485
0.50004 0.49996 0.252485 0.252485
0.50004 0.49996 0.252485 0.252485
0.50004 0.49996 0.252485 0.252485
0.50004 0.49996 0.252485 0.252485
0.50004 0.49996 0.252485 0.252485
0.50004 0.49996 0.252485 0.252485
0.50004 0.49996 0.252485 0.252485
0.50004 0.49996 0.252485 0.252485
0.50004 0.49996 0.252485 0.252485
0.50004 0.49996 0.252485 0.252485
0.50004 0.49996 0.252485 0.252485
0.50004 0.49996 0.252485 0.252485
0.50004 0.49996 0.252485 0.252485
0.50004 0.49996 0.252485 0.252485
0.50004 0.49996 0.252485 0.252485
0.50004 0.49996 0.252485 0.252485
0.50004 0.49996 0.252485 0.252485
0.50004 0.49996 0.252485 0.252485
0.50004 0.49996 0.252485 0.252485
0.50004 0.49996 0.252485 0.252485
0.50004 0.49996 0.252485 0.252485
0.50004 0.49996 0.252485 0.252485
0.50004 0.49996 0.252485 0.252485
0.50004 0.49996 0.252485 0.252485
0.50004 0.49996 0.252485 0.252485
0.50004 0.49996 0.252485 0.252485
0.50004 0.49996 0.252485 0.252485
0.50004 0.49996 0.252485 0.252485
0.50004 0.49996 0.252485 0.252485
0.50004 0.49996 0.252485 0.252485
0.50004 0.49996 0.252485 0.252485
0.50004 0.49996 0.252485 0.252485
0.50004 0.49996 0.252485 0.252485
0.50004 0.49996 0.252485 0.252485
0.50004 0.49996 0.252485 0.252485
0.50004 0.49996 0.252485 0.252485
0.50004 0.49996 0.252485 0.252485
0.50004 0.49996 0.252485 0.252485
0.50004 0.49996 0.252485 0.252485
0.50004 0.49996 0.252485 0.252485
0.50004 0.49996 0.252485 0.252485
0.50004 0.49996 0.252485 0.252485
0.50004 0.49996 0.252485 0.252485
0.50004 0.49996 0.252485 0.252485
0.50004 0.49996 0.252485 0.252485
0.50004 0.49996 0.252485 0.252485
0.50004 0.49996 0.252485 0.252485
0.50004 0.49996 0.252485 0.252485
0.50004 0.49996 0.252485 0.252485
0.50004 0.49996 0.252485 0.252485
0.50004 0.49996 0.252485 0.252485
0.50004 0.49996 0.252485 0.252485
0.50004 0.49996 0.252485 0.252485
0.50004 0.49996 0.252485 0.252485
0.50004 0.49996 0.252485 0.252485
0.50004 0.49996 0.252485 0.252485
0.50004 0.49996 0.252485 0.252485
0.50004 0.49996 0.252485 0.252485
0.50004 0.49996 0.252485 0.252485
0.50004 0.49996 0.252485 0.252485
0.50004 0.49996 0.252485 0.252485
0.50004 0.49996 0.252485 0.252485
0.50004 0.49996 0.252485 0.252485
0.50004 0.49996 0.252485 0.252485
0.50004 0.49996 0.252485 0.252485
0.50004 0.49996 0.252485 0.252485
0.50004 0.49996 0.252485 0.252485
0.50004 0.49996 0.252485 0.252485
0.50004 0.49996 0.252485 0.252485
0.50004 0.49996 0.252485 0.252485
0.50004 0.49996 0.252485 0.252485
0.50004 0.49996 0.252485 0.252485
0.50004 0.49996 0.252485 0.252485
0.50004 0.49996 0.252485 0.252485
0.50004 0.49996 0.252485 0.252485
0.50004 0.49996 0.252485 0.252485
0.50004 0.49996 0.252485 0.252485
0.50004 0.49996 0.252485 0.252485
0.50004 0.49996 0.252485 0.252485
0.50004 0.49996 0.252485 0.252485
0.50004 0.49996 0.252485 0.252485
0.50004 0.49996 0.252485 0.252485
0.50004 0.49996 0.252485 0.252485
0.50004 0.49996 0.252485 0.252485
0.50004 0.49996 0.252485 0.252485
0.50004 0.49996 0.252485 0.252485
0.50004 0.49996 0.252485 0.252485
0.50004 0.49996 0.252485 0.252485
0.50004 0.49996 0.252485 0.252485
0.50004 0.49996 0.252485 0.252485
0.50004 0.49996 0.252485 0.252485
0.50004 0.49996 0.252485 0.252485
0.50004 0.49996 0.252485 0.252485
0.50004 0.49996 0.252485 0.252485
0.50004 0.49996 0.252485 0.252485
0.50004 0.49996 0.252485 0.252485
0.50004 0.49996 0.252485 0.252485
0.50004 0.49996 0.252485 0.252485
0.50004 0.49996 0.252485 0.252485
0.50004 0.49996 0.252485 0.252485
0.50004 0.49996 0.252485 0.252485
0.50004 0.49996 0.252485 0.252485
