0.50519 0.49481 0.000579024 0.000579024
0.51041 0.48959 0.002152 0.002152
0.51501 0.48499 0.00429169 0.00429169
0.51887 0.48113 0.00690589 0.00690589
0.52223 0.47777 0.00918743 0.00918743
0.52492 0.47508 0.0118111 0.0118111
0.52767 0.47233 0.0141064 0.0141064
0.52967 0.47033 0.0162998 0.0162998
0.53137 0.46863 0.0181908 0.0181908
0.53312 0.46688 0.019967 0.019967
0.53424 0.46576 0.0214272 0.0214272
0.53566 0.46434 0.0228013 0.0228013
0.53679 0.46321 0.0241157 0.0241157
0.53751 0.46249 0.0252173 0.0252173
0.53824 0.46176 0.0261536 0.0261536
0.53867 0.46133 0.0272293 0.0272293
0.53901 0.46099 0.0281704 0.0281704
0.53952 0.46048 0.0290643 0.0290643
0.54024 0.45976 0.0298924 0.0298924
0.54086 0.45914 0.0309033 0.0309033
0.54146 0.45854 0.0317595 0.0317595
0.5418 0.4582 0.032499 0.032499
0.54253 0.45747 0.0333691 0.0333691
0.54297 0.45703 0.0342624 0.0342624
0.54342 0.45658 0.0350349 0.0350349
0.54393 0.45607 0.0358232 0.0358232
0.54426 0.45574 0.0365945 0.0365945
0.54464 0.45536 0.0371819 0.0371819
0.54503 0.45497 0.0378743 0.0378743
0.54545 0.45455 0.038554 0.038554
0.54596 0.45404 0.0392331 0.0392331
0.54617 0.45383 0.0398646 0.0398646
0.54637 0.45363 0.0405115 0.0405115
0.54676 0.45324 0.0412232 0.0412232
0.54724 0.45276 0.0419063 0.0419063
0.54766 0.45234 0.0425897 0.0425897
0.54829 0.45171 0.0432255 0.0432255
0.54866 0.45134 0.0437532 0.0437532
0.549 0.451 0.0443481 0.0443481
0.54961 0.45039 0.0450215 0.0450215
0.54998 0.45002 0.0456209 0.0456209
0.55039 0.44961 0.046235 0.046235
0.55094 0.44906 0.0467956 0.0467956
0.55131 0.44869 0.0472989 0.0472989
0.55159 0.44841 0.0478635 0.0478635
0.5521 0.4479 0.0485378 0.0485378
0.55252 0.44748 0.0490883 0.0490883
0.55291 0.44709 0.0495092 0.0495092
0.55312 0.44688 0.049966 0.049966
0.55337 0.44663 0.0503812 0.0503812
0.55362 0.44638 0.0509331 0.0509331
0.55398 0.44602 0.0514133 0.0514133
0.55397 0.44603 0.0518879 0.0518879
0.55419 0.44581 0.0522576 0.0522576
0.55448 0.44552 0.0525693 0.0525693
0.55463 0.44537 0.0528804 0.0528804
0.55476 0.44524 0.0532937 0.0532937
0.55478 0.44522 0.0537204 0.0537204
0.55474 0.44526 0.0540551 0.0540551
0.55465 0.44535 0.0544924 0.0544924
0.55487 0.44513 0.0548787 0.0548787
0.55497 0.44503 0.0551167 0.0551167
0.5553 0.4447 0.0553344 0.0553344
0.5554 0.4446 0.0555646 0.0555646
0.55553 0.44447 0.055801 0.055801
0.55579 0.44421 0.0560583 0.0560583
0.5558 0.4442 0.0563603 0.0563603
0.55605 0.44395 0.0567263 0.0567263
0.55619 0.44381 0.0570309 0.0570309
0.55644 0.44356 0.0572773 0.0572773
0.55659 0.44341 0.0574405 0.0574405
0.55677 0.44323 0.057693 0.057693
0.55678 0.44322 0.0579306 0.0579306
0.55695 0.44305 0.0582528 0.0582528
0.55694 0.44306 0.0585569 0.0585569
0.55709 0.44291 0.0588079 0.0588079
0.55716 0.44284 0.0590539 0.0590539
0.55735 0.44265 0.05924 0.05924
0.55742 0.44258 0.0594644 0.0594644
0.55763 0.44237 0.0597008 0.0597008
0.55776 0.44224 0.0599301 0.0599301
0.55774 0.44226 0.0601341 0.0601341
0.55782 0.44218 0.0603494 0.0603494
0.55788 0.44212 0.0604443 0.0604443
0.55794 0.44206 0.0606112 0.0606112
0.55785 0.44215 0.0607607 0.0607607
0.55797 0.44203 0.0609118 0.0609118
0.55797 0.44203 0.061033 0.061033
0.55799 0.44201 0.0612096 0.0612096
0.558 0.442 0.0613506 0.0613506
0.55813 0.44187 0.0615007 0.0615007
0.55835 0.44165 0.0616487 0.0616487
0.55834 0.44166 0.0617128 0.0617128
0.55831 0.44169 0.0619104 0.0619104
0.55854 0.44146 0.0620494 0.0620494
0.55866 0.44134 0.0621916 0.0621916
0.55865 0.44135 0.0623715 0.0623715
0.55866 0.44134 0.0625597 0.0625597
0.55879 0.44121 0.0626793 0.0626793
0.55871 0.44129 0.0628098 0.0628098
0.55873 0.44127 0.0628984 0.0628984
0.55873 0.44127 0.0629674 0.0629674
0.55873 0.44127 0.0631537 0.0631537
0.55871 0.44129 0.0633131 0.0633131
0.55878 0.44122 0.0634176 0.0634176
0.55875 0.44125 0.0635366 0.0635366
0.55874 0.44126 0.0636655 0.0636655
0.55891 0.44109 0.0637582 0.0637582
0.55915 0.44085 0.0638446 0.0638446
0.55911 0.44089 0.063983 0.063983
0.55907 0.44093 0.0640885 0.0640885
0.55897 0.44103 0.0642277 0.0642277
0.55886 0.44114 0.0643247 0.0643247
0.55883 0.44117 0.0644479 0.0644479
0.55887 0.44113 0.0645626 0.0645626
0.55886 0.44114 0.0646852 0.0646852
0.5589 0.4411 0.0647738 0.0647738
0.55888 0.44112 0.0648571 0.0648571
0.55902 0.44098 0.0649507 0.0649507
0.55901 0.44099 0.0650151 0.0650151
0.55898 0.44102 0.0650883 0.0650883
0.55897 0.44103 0.0652472 0.0652472
0.55899 0.44101 0.0653257 0.0653257
0.55889 0.44111 0.0653973 0.0653973
0.55876 0.44124 0.0654917 0.0654917
0.55865 0.44135 0.0655699 0.0655699
0.55861 0.44139 0.0656649 0.0656649
0.55854 0.44146 0.0657461 0.0657461
0.55867 0.44133 0.0658118 0.0658118
0.55873 0.44127 0.0658844 0.0658844
0.55877 0.44123 0.0660005 0.0660005
0.55878 0.44122 0.0660864 0.0660864
0.55881 0.44119 0.0661958 0.0661958
0.55888 0.44112 0.0662953 0.0662953
0.559 0.441 0.0663816 0.0663816
0.55897 0.44103 0.0664743 0.0664743
0.55888 0.44112 0.0665246 0.0665246
0.55876 0.44124 0.0666365 0.0666365
0.55878 0.44122 0.0667181 0.0667181
0.55882 0.44118 0.0668038 0.0668038
0.55884 0.44116 0.0668899 0.0668899
0.55895 0.44105 0.066941 0.066941
0.55898 0.44102 0.0670237 0.0670237
0.55897 0.44103 0.0671251 0.0671251
0.55897 0.44103 0.0672661 0.0672661
0.5589 0.4411 0.0673333 0.0673333
0.55886 0.44114 0.0673823 0.0673823
0.55892 0.44108 0.0674577 0.0674577
0.55888 0.44112 0.0675795 0.0675795
0.55885 0.44115 0.0676486 0.0676486
0.55889 0.44111 0.0677246 0.0677246
0.559 0.441 0.0678065 0.0678065
0.55904 0.44096 0.0678597 0.0678597
0.55903 0.44097 0.0679109 0.0679109
0.55911 0.44089 0.0679618 0.0679618
0.55915 0.44085 0.0680093 0.0680093
0.55913 0.44087 0.0681277 0.0681277
0.55923 0.44077 0.0682192 0.0682192
0.55929 0.44071 0.0683051 0.0683051
0.55927 0.44073 0.0684226 0.0684226
0.55931 0.44069 0.06852 0.06852
0.55943 0.44057 0.0686033 0.0686033
0.55938 0.44062 0.0687417 0.0687417
0.5595 0.4405 0.0687648 0.0687648
0.55948 0.44052 0.0688257 0.0688257
0.55953 0.44047 0.0688866 0.0688866
0.55948 0.44052 0.0689658 0.0689658
0.55952 0.44048 0.068998 0.068998
0.55956 0.44044 0.0690604 0.0690604
0.5597 0.4403 0.0691648 0.0691648
0.55979 0.44021 0.0692676 0.0692676
0.5598 0.4402 0.0693495 0.0693495
0.55988 0.44012 0.0693999 0.0693999
0.55993 0.44007 0.0694907 0.0694907
0.55999 0.44001 0.0696008 0.0696008
0.56002 0.43998 0.069635 0.069635
0.56009 0.43991 0.0697416 0.0697416
0.56014 0.43986 0.0698012 0.0698012
0.56016 0.43984 0.0698714 0.0698714
0.56021 0.43979 0.0699352 0.0699352
0.56028 0.43972 0.0699934 0.0699934
0.56034 0.43966 0.0700322 0.0700322
0.56039 0.43961 0.0700965 0.0700965
0.56042 0.43958 0.0701266 0.0701266
0.56041 0.43959 0.0702084 0.0702084
0.56045 0.43955 0.0702757 0.0702757
0.56043 0.43957 0.070307 0.070307
0.56048 0.43952 0.0703916 0.0703916
0.56044 0.43956 0.0704656 0.0704656
0.56051 0.43949 0.0705017 0.0705017
0.56044 0.43956 0.07061 0.07061
0.56047 0.43953 0.0706643 0.0706643
0.56052 0.43948 0.0707207 0.0707207
0.56057 0.43943 0.0707926 0.0707926
0.56044 0.43956 0.0708775 0.0708775
0.56047 0.43953 0.0709497 0.0709497
0.56051 0.43949 0.0710088 0.0710088
0.56048 0.43952 0.0710666 0.0710666
0.56046 0.43954 0.071118 0.071118
0.56036 0.43964 0.0712065 0.0712065
0.56031 0.43969 0.0713103 0.0713103
0.56028 0.43972 0.0713883 0.0713883
0.56025 0.43975 0.071477 0.071477
0.56027 0.43973 0.0715833 0.0715833
0.5603 0.4397 0.0716507 0.0716507
0.56032 0.43968 0.0717255 0.0717255
0.56033 0.43967 0.0717798 0.0717798
0.56032 0.43968 0.0718286 0.0718286
0.56035 0.43965 0.0719163 0.0719163
0.56032 0.43968 0.0719687 0.0719687
0.56032 0.43968 0.0720228 0.0720228
0.56032 0.43968 0.0720594 0.0720594
0.56031 0.43969 0.0721274 0.0721274
0.56034 0.43966 0.0721741 0.0721741
0.56031 0.43969 0.0722325 0.0722325
0.5604 0.4396 0.0723167 0.0723167
0.56049 0.43951 0.0723879 0.0723879
0.56056 0.43944 0.0724331 0.0724331
0.56057 0.43943 0.0724963 0.0724963
0.5606 0.4394 0.0725683 0.0725683
0.56068 0.43932 0.0726499 0.0726499
0.56077 0.43923 0.0727164 0.0727164
0.56079 0.43921 0.0727862 0.0727862
0.56073 0.43927 0.0728471 0.0728471
0.56084 0.43916 0.072898 0.072898
0.56083 0.43917 0.0729767 0.0729767
0.56083 0.43917 0.0730295 0.0730295
0.56081 0.43919 0.0730572 0.0730572
0.56083 0.43917 0.0731212 0.0731212
0.56083 0.43917 0.0731828 0.0731828
0.56092 0.43908 0.0732922 0.0732922
0.561 0.439 0.0733917 0.0733917
0.56103 0.43897 0.0735179 0.0735179
0.56104 0.43896 0.0735805 0.0735805
0.56104 0.43896 0.0736814 0.0736814
0.56098 0.43902 0.0737524 0.0737524
0.56104 0.43896 0.0738347 0.0738347
0.56109 0.43891 0.0738984 0.0738984
0.56109 0.43891 0.0739784 0.0739784
0.56113 0.43887 0.0740646 0.0740646
0.56109 0.43891 0.0741215 0.0741215
0.5611 0.4389 0.0742262 0.0742262
0.56109 0.43891 0.0743155 0.0743155
0.56113 0.43887 0.0743744 0.0743744
0.56126 0.43874 0.0744423 0.0744423
0.56128 0.43872 0.0745105 0.0745105
0.56128 0.43872 0.0745572 0.0745572
0.56133 0.43867 0.0746295 0.0746295
0.56128 0.43872 0.0747054 0.0747054
0.5614 0.4386 0.0747585 0.0747585
0.56147 0.43853 0.0748213 0.0748213
0.56146 0.43854 0.0749257 0.0749257
0.56152 0.43848 0.075005 0.075005
0.56154 0.43846 0.0750862 0.0750862
0.56165 0.43835 0.0751253 0.0751253
0.56167 0.43833 0.0752032 0.0752032
0.56167 0.43833 0.0753035 0.0753035
0.56166 0.43834 0.0753388 0.0753388
0.56173 0.43827 0.0754114 0.0754114
0.5618 0.4382 0.0755002 0.0755002
0.56177 0.43823 0.0755486 0.0755486
0.56186 0.43814 0.0755667 0.0755667
0.56192 0.43808 0.0756318 0.0756318
0.56193 0.43807 0.0757023 0.0757023
0.56192 0.43808 0.075737 0.075737
0.5619 0.4381 0.0757786 0.0757786
0.56193 0.43807 0.0758612 0.0758612
0.56189 0.43811 0.0759117 0.0759117
0.56183 0.43817 0.0759909 0.0759909
0.56188 0.43812 0.0760396 0.0760396
0.56183 0.43817 0.0761416 0.0761416
0.56184 0.43816 0.0762183 0.0762183
0.56184 0.43816 0.0762929 0.0762929
0.56196 0.43804 0.0763693 0.0763693
0.56197 0.43803 0.0764242 0.0764242
0.56194 0.43806 0.0765111 0.0765111
0.56197 0.43803 0.076587 0.076587
0.562 0.438 0.0766709 0.0766709
0.56204 0.43796 0.0767739 0.0767739
0.56203 0.43797 0.0768506 0.0768506
0.56201 0.43799 0.0768798 0.0768798
0.56203 0.43797 0.0769107 0.0769107
0.56189 0.43811 0.0770084 0.0770084
0.56194 0.43806 0.0770404 0.0770404
0.56201 0.43799 0.0771051 0.0771051
0.56199 0.43801 0.0771542 0.0771542
0.56204 0.43796 0.0771963 0.0771963
0.56204 0.43796 0.0772946 0.0772946
0.56206 0.43794 0.077323 0.077323
0.56206 0.43794 0.077385 0.077385
0.56203 0.43797 0.0774513 0.0774513
0.56204 0.43796 0.0774943 0.0774943
0.56205 0.43795 0.0775652 0.0775652
0.56207 0.43793 0.0776746 0.0776746
0.5621 0.4379 0.0777196 0.0777196
0.56203 0.43797 0.0778495 0.0778495
0.56208 0.43792 0.0779257 0.0779257
0.56206 0.43794 0.078006 0.078006
0.56207 0.43793 0.0780365 0.0780365
0.56208 0.43792 0.0781181 0.0781181
0.56202 0.43798 0.0781532 0.0781532
0.56202 0.43798 0.0782115 0.0782115
0.56202 0.43798 0.0782669 0.0782669
0.5621 0.4379 0.0783251 0.0783251
0.56207 0.43793 0.0783944 0.0783944
0.56207 0.43793 0.0784421 0.0784421
0.56214 0.43786 0.0785088 0.0785088
0.56211 0.43789 0.0786129 0.0786129
0.56209 0.43791 0.0786979 0.0786979
0.5621 0.4379 0.0787881 0.0787881
0.56216 0.43784 0.0788647 0.0788647
0.56217 0.43783 0.0789513 0.0789513
0.56219 0.43781 0.0789989 0.0789989
0.56222 0.43778 0.0790522 0.0790522
0.56223 0.43777 0.0791066 0.0791066
0.56228 0.43772 0.0791729 0.0791729
0.56225 0.43775 0.0792039 0.0792039
0.56223 0.43777 0.0793007 0.0793007
0.56215 0.43785 0.0793667 0.0793667
0.5622 0.4378 0.0794163 0.0794163
0.56212 0.43788 0.0795213 0.0795213
0.56211 0.43789 0.0795531 0.0795531
0.56207 0.43793 0.079617 0.079617
0.56217 0.43783 0.0796547 0.0796547
0.56218 0.43782 0.0797109 0.0797109
0.56213 0.43787 0.0797545 0.0797545
0.5621 0.4379 0.0798167 0.0798167
0.5621 0.4379 0.0798847 0.0798847
0.56209 0.43791 0.0799338 0.0799338
0.56206 0.43794 0.0800149 0.0800149
0.56203 0.43797 0.0800688 0.0800688
0.56204 0.43796 0.0801499 0.0801499
0.56208 0.43792 0.0802192 0.0802192
0.5621 0.4379 0.0802933 0.0802933
0.56204 0.43796 0.0803514 0.0803514
0.56202 0.43798 0.0804056 0.0804056
0.56205 0.43795 0.0804547 0.0804547
0.56205 0.43795 0.0804931 0.0804931
0.56206 0.43794 0.0805948 0.0805948
0.5621 0.4379 0.0806142 0.0806142
0.56208 0.43792 0.0806812 0.0806812
0.56215 0.43785 0.0807191 0.0807191
0.56217 0.43783 0.0807578 0.0807578
0.5622 0.4378 0.0808169 0.0808169
0.56216 0.43784 0.0808895 0.0808895
0.56216 0.43784 0.0809303 0.0809303
0.56224 0.43776 0.0809717 0.0809717
0.56223 0.43777 0.0810562 0.0810562
0.56221 0.43779 0.0811024 0.0811024
0.5622 0.4378 0.0811813 0.0811813
0.56213 0.43787 0.0812571 0.0812571
0.56215 0.43785 0.081322 0.081322
0.56212 0.43788 0.0813395 0.0813395
0.56216 0.43784 0.0813873 0.0813873
0.56216 0.43784 0.0814548 0.0814548
0.56215 0.43785 0.0815176 0.0815176
0.56216 0.43784 0.0815497 0.0815497
0.56216 0.43784 0.0816099 0.0816099
0.56216 0.43784 0.0817049 0.0817049
0.5621 0.4379 0.0817655 0.0817655
0.56206 0.43794 0.0818527 0.0818527
0.56202 0.43798 0.0819506 0.0819506
0.56209 0.43791 0.0820079 0.0820079
0.56208 0.43792 0.0820422 0.0820422
0.56211 0.43789 0.0821308 0.0821308
0.56211 0.43789 0.0821711 0.0821711
0.56213 0.43787 0.0822248 0.0822248
0.56206 0.43794 0.0823023 0.0823023
0.56208 0.43792 0.082349 0.082349
0.56207 0.43793 0.0824011 0.0824011
0.56207 0.43793 0.0824712 0.0824712
0.56208 0.43792 0.0825321 0.0825321
0.56206 0.43794 0.0825996 0.0825996
0.5621 0.4379 0.0826668 0.0826668
0.56208 0.43792 0.0827213 0.0827213
0.56214 0.43786 0.0827679 0.0827679
0.56215 0.43785 0.0828236 0.0828236
0.56223 0.43777 0.0829049 0.0829049
0.56222 0.43778 0.0829322 0.0829322
0.56222 0.43778 0.0829866 0.0829866
0.56219 0.43781 0.0830449 0.0830449
0.56222 0.43778 0.0831311 0.0831311
0.56227 0.43773 0.0832083 0.0832083
0.56227 0.43773 0.0832667 0.0832667
0.56231 0.43769 0.0833157 0.0833157
0.56228 0.43772 0.0833897 0.0833897
0.56217 0.43783 0.0834365 0.0834365
0.56216 0.43784 0.0834775 0.0834775
0.56214 0.43786 0.0835242 0.0835242
0.56208 0.43792 0.0836203 0.0836203
0.56209 0.43791 0.0836715 0.0836715
0.5621 0.4379 0.083729 0.083729
0.56219 0.43781 0.0837849 0.0837849
0.56207 0.43793 0.0838604 0.0838604
0.56207 0.43793 0.0839196 0.0839196
0.56212 0.43788 0.0839522 0.0839522
0.56213 0.43787 0.0839768 0.0839768
0.56213 0.43787 0.0840434 0.0840434
0.5621 0.4379 0.0841091 0.0841091
0.56224 0.43776 0.0841356 0.0841356
0.56222 0.43778 0.0841772 0.0841772
0.56227 0.43773 0.0841965 0.0841965
0.56222 0.43778 0.0842814 0.0842814
0.56229 0.43771 0.0843437 0.0843437
0.56226 0.43774 0.0844022 0.0844022
0.56225 0.43775 0.0844781 0.0844781
0.56222 0.43778 0.0845057 0.0845057
0.56224 0.43776 0.0845422 0.0845422
0.56224 0.43776 0.0845883 0.0845883
0.56223 0.43777 0.0846633 0.0846633
0.56226 0.43774 0.0846971 0.0846971
0.56229 0.43771 0.0847568 0.0847568
0.5623 0.4377 0.0847961 0.0847961
0.56236 0.43764 0.0848692 0.0848692
0.56236 0.43764 0.0849453 0.0849453
0.5624 0.4376 0.0850069 0.0850069
0.56239 0.43761 0.0850501 0.0850501
0.56243 0.43757 0.0850931 0.0850931
0.56243 0.43757 0.0851289 0.0851289
0.5625 0.4375 0.0851847 0.0851847
0.56254 0.43746 0.0852299 0.0852299
0.56253 0.43747 0.0852822 0.0852822
0.56252 0.43748 0.0853623 0.0853623
0.56249 0.43751 0.0854089 0.0854089
0.56245 0.43755 0.0855023 0.0855023
0.56252 0.43748 0.0855654 0.0855654
0.56254 0.43746 0.0856086 0.0856086
0.56263 0.43737 0.0856506 0.0856506
0.56265 0.43735 0.0857184 0.0857184
0.56267 0.43733 0.0857492 0.0857492
0.56262 0.43738 0.0858085 0.0858085
0.56265 0.43735 0.0858709 0.0858709
0.56265 0.43735 0.0859231 0.0859231
0.56266 0.43734 0.0859711 0.0859711
0.56269 0.43731 0.0859973 0.0859973
0.56267 0.43733 0.0860584 0.0860584
0.56271 0.43729 0.0861098 0.0861098
0.56267 0.43733 0.0861828 0.0861828
0.56272 0.43728 0.0861862 0.0861862
0.56276 0.43724 0.0862271 0.0862271
0.56279 0.43721 0.0862612 0.0862612
0.56281 0.43719 0.0863285 0.0863285
0.56278 0.43722 0.0863918 0.0863918
0.56278 0.43722 0.086472 0.086472
0.56285 0.43715 0.086506 0.086506
0.56286 0.43714 0.0865616 0.0865616
0.56282 0.43718 0.0866547 0.0866547
0.56281 0.43719 0.0867254 0.0867254
0.56277 0.43723 0.0867834 0.0867834
0.56279 0.43721 0.0868236 0.0868236
0.56276 0.43724 0.0868937 0.0868937
0.56278 0.43722 0.0869263 0.0869263
0.56277 0.43723 0.0869985 0.0869985
0.56275 0.43725 0.0870579 0.0870579
0.56277 0.43723 0.0870962 0.0870962
0.56276 0.43724 0.0871348 0.0871348
0.56277 0.43723 0.0871836 0.0871836
0.56273 0.43727 0.0872585 0.0872585
0.56269 0.43731 0.0873214 0.0873214
0.56271 0.43729 0.0873881 0.0873881
0.56275 0.43725 0.0874015 0.0874015
0.56273 0.43727 0.0874399 0.0874399
0.5627 0.4373 0.0875242 0.0875242
0.56268 0.43732 0.0875845 0.0875845
0.56268 0.43732 0.0876365 0.0876365
0.56264 0.43736 0.0877067 0.0877067
0.56259 0.43741 0.0877992 0.0877992
0.56252 0.43748 0.0878929 0.0878929
0.56255 0.43745 0.087917 0.087917
0.5626 0.4374 0.0879635 0.0879635
0.56263 0.43737 0.088006 0.088006
0.56271 0.43729 0.0880861 0.0880861
0.56268 0.43732 0.0881834 0.0881834
0.56266 0.43734 0.0882181 0.0882181
0.56261 0.43739 0.0882809 0.0882809
0.56258 0.43742 0.0883278 0.0883278
0.56254 0.43746 0.0884122 0.0884122
0.56261 0.43739 0.0884408 0.0884408
0.56267 0.43733 0.0885161 0.0885161
0.56264 0.43736 0.0885779 0.0885779
0.56264 0.43736 0.0886275 0.0886275
0.56263 0.43737 0.0887092 0.0887092
0.56268 0.43732 0.0887809 0.0887809
0.56273 0.43727 0.0888234 0.0888234
0.56276 0.43724 0.0888945 0.0888945
0.56279 0.43721 0.0889418 0.0889418
0.56277 0.43723 0.0889972 0.0889972
0.56271 0.43729 0.0890407 0.0890407
0.56268 0.43732 0.0890907 0.0890907
0.56273 0.43727 0.0891309 0.0891309
0.56273 0.43727 0.0891741 0.0891741
0.56275 0.43725 0.0892107 0.0892107
0.56276 0.43724 0.0892517 0.0892517
0.56273 0.43727 0.089293 0.089293
0.56274 0.43726 0.0893541 0.0893541
0.56275 0.43725 0.0894227 0.0894227
0.56279 0.43721 0.0895389 0.0895389
0.56273 0.43727 0.0895942 0.0895942
0.56273 0.43727 0.0896412 0.0896412
0.56274 0.43726 0.0896654 0.0896654
