0.5183 0.4817 0.00198854 0.00198854
0.53382 0.46618 0.0070735 0.0070735
0.54848 0.45152 0.0143902 0.0143902
0.5611 0.4389 0.0229795 0.0229795
0.57357 0.42643 0.032555 0.032555
0.58476 0.41524 0.0428264 0.0428264
0.59359 0.40641 0.0530185 0.0530185
0.60149 0.39851 0.0633057 0.0633057
0.60956 0.39044 0.0729291 0.0729291
0.61696 0.38304 0.0827654 0.0827654
0.62399 0.37601 0.0924581 0.0924581
0.63079 0.36921 0.100424 0.100424
0.63592 0.36408 0.108603 0.108603
0.63994 0.36006 0.116443 0.116443
0.64466 0.35534 0.12327 0.12327
0.64829 0.35171 0.1298 0.1298
0.65179 0.34821 0.13544 0.13544
0.65496 0.34504 0.140538 0.140538
0.65789 0.34211 0.145662 0.145662
0.66038 0.33962 0.150308 0.150308
0.66246 0.33754 0.154523 0.154523
0.66438 0.33562 0.158451 0.158451
0.66624 0.33376 0.16176 0.16176
0.66778 0.33222 0.164571 0.164571
0.66902 0.33098 0.16745 0.16745
0.67037 0.32963 0.17028 0.17028
0.67157 0.32843 0.172569 0.172569
0.67306 0.32694 0.174667 0.174667
0.67401 0.32599 0.176662 0.176662
0.67498 0.32502 0.178538 0.178538
0.67576 0.32424 0.180113 0.180113
0.67641 0.32359 0.18141 0.18141
0.67691 0.32309 0.182736 0.182736
0.67764 0.32236 0.183737 0.183737
0.67818 0.32182 0.184698 0.184698
0.67912 0.32088 0.185459 0.185459
0.67939 0.32061 0.186495 0.186495
0.67984 0.32016 0.187287 0.187287
0.68014 0.31986 0.187967 0.187967
0.68073 0.31927 0.188536 0.188536
0.68114 0.31886 0.189067 0.189067
0.68125 0.31875 0.189702 0.189702
0.68177 0.31823 0.190246 0.190246
0.68204 0.31796 0.190723 0.190723
0.68209 0.31791 0.191092 0.191092
0.68243 0.31757 0.191373 0.191373
0.68252 0.31748 0.19171 0.19171
0.68275 0.31725 0.1919 0.1919
0.68301 0.31699 0.192194 0.192194
0.68305 0.31695 0.192494 0.192494
0.68316 0.31684 0.192685 0.192685
0.6835 0.3165 0.192844 0.192844
0.68364 0.31636 0.193042 0.193042
0.68368 0.31632 0.193199 0.193199
0.68383 0.31617 0.193358 0.193358
0.68402 0.31598 0.193621 0.193621
0.68414 0.31586 0.193737 0.193737
0.68449 0.31551 0.193791 0.193791
0.68465 0.31535 0.193859 0.193859
0.68472 0.31528 0.193943 0.193943
0.68485 0.31515 0.194064 0.194064
0.68484 0.31516 0.194201 0.194201
0.68504 0.31496 0.19426 0.19426
0.68521 0.31479 0.194345 0.194345
0.6854 0.3146 0.19444 0.19444
0.68543 0.31457 0.194529 0.194529
0.68548 0.31452 0.194632 0.194632
0.68567 0.31433 0.194685 0.194685
0.68578 0.31422 0.19475 0.19475
0.68589 0.31411 0.194797 0.194797
0.68598 0.31402 0.19487 0.19487
0.68609 0.31391 0.194936 0.194936
0.6862 0.3138 0.195023 0.195023
0.68632 0.31368 0.195068 0.195068
0.68632 0.31368 0.195182 0.195182
0.68651 0.31349 0.195239 0.195239
0.68654 0.31346 0.195311 0.195311
0.68662 0.31338 0.195405 0.195405
0.6867 0.3133 0.195536 0.195536
0.68696 0.31304 0.195567 0.195567
0.68705 0.31295 0.195609 0.195609
0.6871 0.3129 0.195682 0.195682
0.68704 0.31296 0.195814 0.195814
0.68705 0.31295 0.19597 0.19597
0.68713 0.31287 0.196098 0.196098
0.68726 0.31274 0.19623 0.19623
0.68741 0.31259 0.196314 0.196314
0.68741 0.31259 0.196423 0.196423
0.68766 0.31234 0.196504 0.196504
0.6877 0.3123 0.196578 0.196578
0.68775 0.31225 0.196704 0.196704
0.68793 0.31207 0.196797 0.196797
0.688 0.312 0.19693 0.19693
0.68816 0.31184 0.19696 0.19696
0.68828 0.31172 0.197068 0.197068
0.68838 0.31162 0.197199 0.197199
0.68849 0.31151 0.19727 0.19727
0.68854 0.31146 0.19741 0.19741
0.68857 0.31143 0.197538 0.197538
0.68868 0.31132 0.197623 0.197623
0.68887 0.31113 0.197738 0.197738
0.68891 0.31109 0.197872 0.197872
0.68906 0.31094 0.19798 0.19798
0.68907 0.31093 0.1981 0.1981
0.68919 0.31081 0.198273 0.198273
0.6892 0.3108 0.198396 0.198396
0.68932 0.31068 0.198591 0.198591
0.68946 0.31054 0.198641 0.198641
0.68959 0.31041 0.198811 0.198811
0.68957 0.31043 0.198995 0.198995
0.68952 0.31048 0.199184 0.199184
0.68958 0.31042 0.199284 0.199284
0.6897 0.3103 0.199491 0.199491
0.68976 0.31024 0.199661 0.199661
0.68978 0.31022 0.199789 0.199789
0.68976 0.31024 0.199941 0.199941
0.68988 0.31012 0.200113 0.200113
0.6899 0.3101 0.200255 0.200255
0.68986 0.31014 0.200453 0.200453
0.69004 0.30996 0.200589 0.200589
0.69014 0.30986 0.20073 0.20073
0.69021 0.30979 0.200918 0.200918
0.69044 0.30956 0.201083 0.201083
0.69054 0.30946 0.201253 0.201253
0.69063 0.30937 0.201414 0.201414
0.69066 0.30934 0.201634 0.201634
0.69073 0.30927 0.201799 0.201799
0.69083 0.30917 0.201952 0.201952
0.69086 0.30914 0.202056 0.202056
0.69097 0.30903 0.202233 0.202233
0.69105 0.30895 0.20232 0.20232
0.69107 0.30893 0.202546 0.202546
0.69115 0.30885 0.202772 0.202772
0.69115 0.30885 0.202969 0.202969
0.69123 0.30877 0.203099 0.203099
0.69127 0.30873 0.20323 0.20323
0.69135 0.30865 0.203313 0.203313
0.69129 0.30871 0.203482 0.203482
0.69132 0.30868 0.203615 0.203615
0.6914 0.3086 0.203684 0.203684
0.6915 0.3085 0.203817 0.203817
0.69155 0.30845 0.203906 0.203906
0.69152 0.30848 0.204034 0.204034
0.69157 0.30843 0.204126 0.204126
0.6916 0.3084 0.20426 0.20426
0.69163 0.30837 0.204367 0.204367
0.69166 0.30834 0.204507 0.204507
0.69173 0.30827 0.204579 0.204579
0.69176 0.30824 0.204712 0.204712
0.69179 0.30821 0.204817 0.204817
0.69185 0.30815 0.204993 0.204993
0.69186 0.30814 0.205158 0.205158
0.69191 0.30809 0.205268 0.205268
0.69191 0.30809 0.205398 0.205398
0.69185 0.30815 0.20551 0.20551
0.69178 0.30822 0.205641 0.205641
0.69173 0.30827 0.205755 0.205755
0.69175 0.30825 0.205878 0.205878
0.69172 0.30828 0.205958 0.205958
0.69167 0.30833 0.206117 0.206117
0.6917 0.3083 0.206187 0.206187
0.69172 0.30828 0.206215 0.206215
0.69171 0.30829 0.20638 0.20638
0.69176 0.30824 0.206448 0.206448
0.69182 0.30818 0.206519 0.206519
0.69179 0.30821 0.20662 0.20662
0.69179 0.30821 0.206779 0.206779
0.6919 0.3081 0.206843 0.206843
0.69192 0.30808 0.206929 0.206929
0.69199 0.30801 0.207001 0.207001
0.69202 0.30798 0.207062 0.207062
0.69208 0.30792 0.207179 0.207179
0.69217 0.30783 0.207244 0.207244
0.69216 0.30784 0.207329 0.207329
0.69214 0.30786 0.207384 0.207384
0.69214 0.30786 0.207466 0.207466
0.69214 0.30786 0.207528 0.207528
0.69212 0.30788 0.207651 0.207651
0.69204 0.30796 0.207751 0.207751
0.69212 0.30788 0.207794 0.207794
0.69218 0.30782 0.207903 0.207903
0.69216 0.30784 0.208027 0.208027
0.69217 0.30783 0.208094 0.208094
0.69229 0.30771 0.208121 0.208121
0.69228 0.30772 0.20815 0.20815
0.69229 0.30771 0.208281 0.208281
0.69228 0.30772 0.20837 0.20837
0.69227 0.30773 0.208456 0.208456
0.69231 0.30769 0.208486 0.208486
0.69221 0.30779 0.208595 0.208595
0.69224 0.30776 0.208622 0.208622
0.69219 0.30781 0.208721 0.208721
0.69221 0.30779 0.208738 0.208738
0.69219 0.30781 0.208842 0.208842
0.69224 0.30776 0.208875 0.208875
0.69226 0.30774 0.208914 0.208914
0.69229 0.30771 0.208931 0.208931
0.69233 0.30767 0.208977 0.208977
0.69233 0.30767 0.209018 0.209018
0.69234 0.30766 0.209065 0.209065
0.69242 0.30758 0.209099 0.209099
0.69249 0.30751 0.209119 0.209119
0.69245 0.30755 0.209171 0.209171
0.69245 0.30755 0.209274 0.209274
0.69252 0.30748 0.209351 0.209351
0.69252 0.30748 0.209389 0.209389
0.69257 0.30743 0.209405 0.209405
0.69265 0.30735 0.209419 0.209419
0.69266 0.30734 0.209426 0.209426
0.69268 0.30732 0.209484 0.209484
0.69275 0.30725 0.209489 0.209489
0.69278 0.30722 0.209519 0.209519
0.69281 0.30719 0.209552 0.209552
0.69278 0.30722 0.209571 0.209571
0.69281 0.30719 0.209634 0.209634
0.69281 0.30719 0.209653 0.209653
0.69288 0.30712 0.209656 0.209656
0.69293 0.30707 0.209674 0.209674
0.6929 0.3071 0.209701 0.209701
0.69293 0.30707 0.20972 0.20972
0.69292 0.30708 0.209784 0.209784
0.69294 0.30706 0.209792 0.209792
0.69297 0.30703 0.209813 0.209813
0.69302 0.30698 0.209835 0.209835
0.69309 0.30691 0.209847 0.209847
0.69312 0.30688 0.20986 0.20986
0.69315 0.30685 0.209857 0.209857
0.69316 0.30684 0.209884 0.209884
0.69322 0.30678 0.209932 0.209932
0.69322 0.30678 0.209932 0.209932
0.69323 0.30677 0.209958 0.209958
0.69326 0.30674 0.209973 0.209973
0.6933 0.3067 0.209986 0.209986
0.69336 0.30664 0.209998 0.209998
0.69339 0.30661 0.210021 0.210021
0.69348 0.30652 0.210014 0.210014
0.69353 0.30647 0.210015 0.210015
0.69357 0.30643 0.210029 0.210029
0.69361 0.30639 0.210037 0.210037
0.69361 0.30639 0.210055 0.210055
0.69363 0.30637 0.210085 0.210085
0.69369 0.30631 0.210086 0.210086
0.69374 0.30626 0.210093 0.210093
0.69385 0.30615 0.210089 0.210089
0.69393 0.30607 0.210103 0.210103
0.69396 0.30604 0.210122 0.210122
0.69399 0.30601 0.210138 0.210138
0.69409 0.30591 0.210172 0.210172
0.69417 0.30583 0.210186 0.210186
0.6942 0.3058 0.210193 0.210193
0.69429 0.30571 0.210197 0.210197
0.69432 0.30568 0.21021 0.21021
0.69438 0.30562 0.210239 0.210239
0.69443 0.30557 0.21024 0.21024
0.69449 0.30551 0.210243 0.210243
0.69454 0.30546 0.210264 0.210264
0.6945 0.3055 0.210292 0.210292
0.69459 0.30541 0.210296 0.210296
0.69473 0.30527 0.210318 0.210318
0.69484 0.30516 0.210326 0.210326
0.69487 0.30513 0.210341 0.210341
0.69495 0.30505 0.210346 0.210346
0.69497 0.30503 0.210343 0.210343
0.69501 0.30499 0.210354 0.210354
0.69509 0.30491 0.210382 0.210382
0.69516 0.30484 0.210386 0.210386
0.69517 0.30483 0.210389 0.210389
0.69524 0.30476 0.210394 0.210394
0.69527 0.30473 0.2104 0.2104
0.69535 0.30465 0.210419 0.210419
0.69541 0.30459 0.210422 0.210422
0.69549 0.30451 0.210455 0.210455
0.69555 0.30445 0.210479 0.210479
0.69558 0.30442 0.210485 0.210485
0.69567 0.30433 0.210502 0.210502
0.69576 0.30424 0.210529 0.210529
0.6958 0.3042 0.210537 0.210537
0.69587 0.30413 0.21054 0.21054
0.69597 0.30403 0.210572 0.210572
0.69601 0.30399 0.21058 0.21058
0.69611 0.30389 0.210599 0.210599
0.69616 0.30384 0.210611 0.210611
0.69619 0.30381 0.21062 0.21062
0.69624 0.30376 0.210636 0.210636
0.69629 0.30371 0.210637 0.210637
0.69631 0.30369 0.210636 0.210636
0.69636 0.30364 0.210653 0.210653
0.69637 0.30363 0.210677 0.210677
0.69641 0.30359 0.210693 0.210693
0.69647 0.30353 0.210715 0.210715
0.69651 0.30349 0.210722 0.210722
0.69656 0.30344 0.210734 0.210734
0.69664 0.30336 0.210755 0.210755
0.69672 0.30328 0.210781 0.210781
0.69675 0.30325 0.210791 0.210791
0.69677 0.30323 0.210803 0.210803
0.69686 0.30314 0.210824 0.210824
0.69695 0.30305 0.210853 0.210853
0.69705 0.30295 0.21089 0.21089
0.69712 0.30288 0.210908 0.210908
0.69718 0.30282 0.210927 0.210927
0.6972 0.3028 0.210934 0.210934
0.69723 0.30277 0.210939 0.210939
0.69728 0.30272 0.210954 0.210954
0.69732 0.30268 0.210965 0.210965
0.69739 0.30261 0.210991 0.210991
0.69742 0.30258 0.211006 0.211006
0.69749 0.30251 0.211026 0.211026
0.69757 0.30243 0.211049 0.211049
0.69765 0.30235 0.211076 0.211076
0.69768 0.30232 0.211083 0.211083
0.69774 0.30226 0.211102 0.211102
0.69776 0.30224 0.211113 0.211113
0.69784 0.30216 0.211144 0.211144
0.69791 0.30209 0.211168 0.211168
0.69801 0.30199 0.2112 0.2112
0.69805 0.30195 0.211214 0.211214
0.69809 0.30191 0.21123 0.21123
0.69813 0.30187 0.211244 0.211244
0.69815 0.30185 0.211253 0.211253
0.69817 0.30183 0.211259 0.211259
0.69823 0.30177 0.211282 0.211282
0.69824 0.30176 0.211285 0.211285
0.69827 0.30173 0.211294 0.211294
0.6983 0.3017 0.211304 0.211304
0.69836 0.30164 0.211328 0.211328
0.69839 0.30161 0.211338 0.211338
0.69844 0.30156 0.211355 0.211355
0.69847 0.30153 0.211369 0.211369
0.69851 0.30149 0.211385 0.211385
0.69851 0.30149 0.211385 0.211385
0.69854 0.30146 0.211398 0.211398
0.69861 0.30139 0.211428 0.211428
0.69862 0.30138 0.211436 0.211436
0.69865 0.30135 0.211447 0.211447
0.69867 0.30133 0.211454 0.211454
0.6987 0.3013 0.211467 0.211467
0.69876 0.30124 0.211496 0.211496
0.6988 0.3012 0.211512 0.211512
0.69883 0.30117 0.211525 0.211525
0.69887 0.30113 0.211541 0.211541
0.69892 0.30108 0.211563 0.211563
0.69897 0.30103 0.211588 0.211588
0.699 0.301 0.2116 0.2116
0.69902 0.30098 0.211609 0.211609
0.69902 0.30098 0.211609 0.211609
0.69903 0.30097 0.211615 0.211615
0.69907 0.30093 0.211632 0.211632
0.69909 0.30091 0.211641 0.211641
0.69911 0.30089 0.211651 0.211651
0.69912 0.30088 0.211655 0.211655
0.69914 0.30086 0.211664 0.211664
0.69918 0.30082 0.211682 0.211682
0.69921 0.30079 0.211697 0.211697
0.69923 0.30077 0.211706 0.211706
0.69928 0.30072 0.21173 0.21173
0.69928 0.30072 0.21173 0.21173
0.69931 0.30069 0.211744 0.211744
0.69933 0.30067 0.211754 0.211754
0.69933 0.30067 0.211754 0.211754
0.6994 0.3006 0.211788 0.211788
0.69941 0.30059 0.211793 0.211793
0.69943 0.30057 0.211803 0.211803
0.69944 0.30056 0.211809 0.211809
0.69947 0.30053 0.211826 0.211826
0.69951 0.30049 0.211846 0.211846
0.69954 0.30046 0.211862 0.211862
0.69957 0.30043 0.211877 0.211877
0.69958 0.30042 0.211883 0.211883
0.6996 0.3004 0.211893 0.211893
0.6996 0.3004 0.211893 0.211893
0.69962 0.30038 0.211905 0.211905
0.69965 0.30035 0.211921 0.211921
0.69968 0.30032 0.211937 0.211937
0.69976 0.30024 0.211981 0.211981
0.69978 0.30022 0.211992 0.211992
0.69977 0.30023 0.211987 0.211987
0.69977 0.30023 0.211987 0.211987
0.69978 0.30022 0.211992 0.211992
0.69979 0.30021 0.211998 0.211998
0.6998 0.3002 0.212004 0.212004
0.69981 0.30019 0.212009 0.212009
0.69981 0.30019 0.212009 0.212009
0.69981 0.30019 0.212009 0.212009
0.69982 0.30018 0.212015 0.212015
0.69983 0.30017 0.212021 0.212021
0.69986 0.30014 0.212038 0.212038
0.69987 0.30013 0.212044 0.212044
0.69987 0.30013 0.212044 0.212044
0.69987 0.30013 0.212044 0.212044
0.69988 0.30012 0.21205 0.21205
0.69988 0.30012 0.21205 0.21205
0.6999 0.3001 0.212062 0.212062
0.6999 0.3001 0.212062 0.212062
0.6999 0.3001 0.212062 0.212062
0.6999 0.3001 0.212062 0.212062
0.69991 0.30009 0.212067 0.212067
0.69992 0.30008 0.212073 0.212073
0.69992 0.30008 0.212073 0.212073
0.69992 0.30008 0.212073 0.212073
0.69992 0.30008 0.212073 0.212073
0.69993 0.30007 0.212079 0.212079
0.69994 0.30006 0.212085 0.212085
0.69994 0.30006 0.212085 0.212085
0.69994 0.30006 0.212085 0.212085
0.69995 0.30005 0.212091 0.212091
0.69995 0.30005 0.212091 0.212091
0.69995 0.30005 0.212091 0.212091
0.69995 0.30005 0.212091 0.212091
0.69995 0.30005 0.212091 0.212091
0.69995 0.30005 0.212091 0.212091
0.69995 0.30005 0.212091 0.212091
0.69995 0.30005 0.212091 0.212091
0.69996 0.30004 0.212097 0.212097
0.69998 0.30002 0.212109 0.212109
0.69998 0.30002 0.212109 0.212109
0.69998 0.30002 0.212109 0.212109
0.69998 0.30002 0.212109 0.212109
0.69998 0.30002 0.212109 0.212109
0.69998 0.30002 0.212109 0.212109
0.69998 0.30002 0.212109 0.212109
0.69998 0.30002 0.212109 0.212109
0.69998 0.30002 0.212109 0.212109
0.69998 0.30002 0.212109 0.212109
0.69998 0.30002 0.212109 0.212109
0.69998 0.30002 0.212109 0.212109
0.69998 0.30002 0.212109 0.212109
0.69998 0.30002 0.212109 0.212109
0.69998 0.30002 0.212109 0.212109
0.69998 0.30002 0.212109 0.212109
0.69998 0.30002 0.212109 0.212109
0.69998 0.30002 0.212109 0.212109
0.69998 0.30002 0.212109 0.212109
0.69999 0.30001 0.212115 0.212115
0.69999 0.30001 0.212115 0.212115
0.69999 0.30001 0.212115 0.212115
0.69999 0.30001 0.212115 0.212115
0.69999 0.30001 0.212115 0.212115
0.69999 0.30001 0.212115 0.212115
0.69999 0.30001 0.212115 0.212115
0.69999 0.30001 0.212115 0.212115
0.69999 0.30001 0.212115 0.212115
0.69999 0.30001 0.212115 0.212115
0.69999 0.30001 0.212115 0.212115
0.69999 0.30001 0.212115 0.212115
0.69999 0.30001 0.212115 0.212115
0.69999 0.30001 0.212115 0.212115
0.69999 0.30001 0.212115 0.212115
0.69999 0.30001 0.212115 0.212115
0.69999 0.30001 0.212115 0.212115
0.69999 0.30001 0.212115 0.212115
0.69999 0.30001 0.212115 0.212115
0.69999 0.30001 0.212115 0.212115
0.69999 0.30001 0.212115 0.212115
0.69999 0.30001 0.212115 0.212115
0.69999 0.30001 0.212115 0.212115
0.69999 0.30001 0.212115 0.212115
0.69999 0.30001 0.212115 0.212115
0.69999 0.30001 0.212115 0.212115
0.69999 0.30001 0.212115 0.212115
0.69999 0.30001 0.212115 0.212115
0.69999 0.30001 0.212115 0.212115
0.69999 0.30001 0.212115 0.212115
0.69999 0.30001 0.212115 0.212115
0.69999 0.30001 0.212115 0.212115
0.69999 0.30001 0.212115 0.212115
0.69999 0.30001 0.212115 0.212115
0.69999 0.30001 0.212115 0.212115
0.69999 0.30001 0.212115 0.212115
0.69999 0.30001 0.212115 0.212115
0.69999 0.30001 0.212115 0.212115
0.69999 0.30001 0.212115 0.212115
0.69999 0.30001 0.212115 0.212115
0.69999 0.30001 0.212115 0.212115
0.69999 0.30001 0.212115 0.212115
0.69999 0.30001 0.212115 0.212115
0.69999 0.30001 0.212115 0.212115
0.69999 0.30001 0.212115 0.212115
0.69999 0.30001 0.212115 0.212115
0.69999 0.30001 0.212115 0.212115
0.69999 0.30001 0.212115 0.212115
0.69999 0.30001 0.212115 0.212115
0.69999 0.30001 0.212115 0.212115
0.69999 0.30001 0.212115 0.212115
0.69999 0.30001 0.212115 0.212115
0.69999 0.30001 0.212115 0.212115
0.69999 0.30001 0.212115 0.212115
0.69999 0.30001 0.212115 0.212115
0.69999 0.30001 0.212115 0.212115
0.69999 0.30001 0.212115 0.212115
0.69999 0.30001 0.212115 0.212115
0.69999 0.30001 0.212115 0.212115
0.69999 0.30001 0.212115 0.212115
0.69999 0.30001 0.212115 0.212115
0.69999 0.30001 0.212115 0.212115
0.69999 0.30001 0.212115 0.212115
0.69999 0.30001 0.212115 0.212115
0.69999 0.30001 0.212115 0.212115
0.69999 0.30001 0.212115 0.212115
0.69999 0.30001 0.212115 0.212115
