0.20014 0.79986 1.47883e-05 1.47883e-05
0.19996 0.80004 4.18368e-05 4.18368e-05
0.1996 0.8004 6.27879e-05 6.27879e-05
0.19832 0.80168 8.09875e-05 8.09875e-05
0.19874 0.80126 0.000107043 0.000107043
0.19881 0.80119 0.00014961 0.00014961
0.19821 0.80179 0.000175764 0.000175764
0.19804 0.80196 0.000207291 0.000207291
0.19801 0.80199 0.000226939 0.000226939
0.1979 0.8021 0.000241646 0.000241646
0.1974 0.8026 0.000263778 0.000263778
0.19734 0.80266 0.000276469 0.000276469
0.19726 0.80274 0.000289144 0.000289144
0.1969 0.8031 0.000298636 0.000298636
0.19659 0.80341 0.000294123 0.000294123
0.19569 0.80431 0.000316519 0.000316519
0.19483 0.80517 0.000338769 0.000338769
0.1949 0.8051 0.000331081 0.000331081
0.19488 0.80512 0.000356996 0.000356996
0.19483 0.80517 0.000366122 0.000366122
0.19438 0.80562 0.000396965 0.000396965
0.19409 0.80591 0.000397113 0.000397113
0.19447 0.80553 0.000391726 0.000391726
0.19416 0.80584 0.000392419 0.000392419
0.19409 0.80591 0.000431174 0.000431174
0.19395 0.80605 0.000415725 0.000415725
0.19422 0.80578 0.000424921 0.000424921
0.19421 0.80579 0.000407804 0.000407804
0.19443 0.80557 0.000415035 0.000415035
0.19411 0.80589 0.000422745 0.000422745
0.19413 0.80587 0.000421205 0.000421205
0.19395 0.80605 0.000412008 0.000412008
0.19338 0.80662 0.000385248 0.000385248
0.19402 0.80598 0.000406121 0.000406121
0.19393 0.80607 0.000422409 0.000422409
0.19381 0.80619 0.000394418 0.000394418
0.19364 0.80636 0.00039593 0.00039593
0.19334 0.80666 0.000396873 0.000396873
0.19354 0.80646 0.000402211 0.000402211
0.19374 0.80626 0.000378356 0.000378356
0.19406 0.80594 0.000396663 0.000396663
0.19375 0.80625 0.000406472 0.000406472
0.19348 0.80652 0.000418798 0.000418798
0.19341 0.80659 0.000427739 0.000427739
0.19308 0.80692 0.000466963 0.000466963
0.19365 0.80635 0.00050524 0.00050524
0.19384 0.80616 0.000477974 0.000477974
0.19343 0.80657 0.000480652 0.000480652
0.19291 0.80709 0.000460285 0.000460285
0.19316 0.80684 0.000465792 0.000465792
0.1929 0.8071 0.000508798 0.000508798
0.19257 0.80743 0.000504854 0.000504854
0.19288 0.80712 0.000518369 0.000518369
0.19241 0.80759 0.000511376 0.000511376
0.19275 0.80725 0.000498351 0.000498351
0.19298 0.80702 0.000478666 0.000478666
0.19291 0.80709 0.000476063 0.000476063
0.19311 0.80689 0.000478362 0.000478362
0.19303 0.80697 0.000461464 0.000461464
0.19264 0.80736 0.000454657 0.000454657
0.1925 0.8075 0.000473768 0.000473768
0.19278 0.80722 0.000492355 0.000492355
0.19238 0.80762 0.00048945 0.00048945
0.19254 0.80746 0.000473301 0.000473301
0.19212 0.80788 0.000495379 0.000495379
0.19261 0.80739 0.000498281 0.000498281
0.19258 0.80742 0.000533155 0.000533155
0.19313 0.80687 0.000542579 0.000542579
0.19282 0.80718 0.00054025 0.00054025
0.19339 0.80661 0.0005622 0.0005622
0.19329 0.80671 0.000571178 0.000571178
0.19355 0.80645 0.000576189 0.000576189
0.19353 0.80647 0.000601322 0.000601322
0.19405 0.80595 0.000596755 0.000596755
0.19393 0.80607 0.000599318 0.000599318
0.19374 0.80626 0.000586457 0.000586457
0.19319 0.80681 0.00056264 0.00056264
0.19273 0.80727 0.00055628 0.00055628
0.19256 0.80744 0.00056932 0.00056932
0.1921 0.8079 0.000570556 0.000570556
0.19241 0.80759 0.000568608 0.000568608
0.19231 0.80769 0.000562479 0.000562479
0.19236 0.80764 0.000597021 0.000597021
0.19211 0.80789 0.000581755 0.000581755
0.19172 0.80828 0.000582971 0.000582971
0.19165 0.80835 0.000596452 0.000596452
0.19215 0.80785 0.000615806 0.000615806
0.192 0.808 0.000605354 0.000605354
0.19215 0.80785 0.000613503 0.000613503
0.19174 0.80826 0.000602518 0.000602518
0.19158 0.80842 0.000612973 0.000612973
0.19202 0.80798 0.000596141 0.000596141
0.19208 0.80792 0.000599973 0.000599973
0.19236 0.80764 0.000627586 0.000627586
0.19214 0.80786 0.000650041 0.000650041
0.19186 0.80814 0.000652768 0.000652768
0.19225 0.80775 0.00065728 0.00065728
0.19238 0.80762 0.000688157 0.000688157
0.19209 0.80791 0.000689699 0.000689699
0.19241 0.80759 0.000674527 0.000674527
0.19248 0.80752 0.000652575 0.000652575
0.1925 0.8075 0.000676535 0.000676535
0.19252 0.80748 0.000686697 0.000686697
0.19218 0.80782 0.000682048 0.000682048
0.19296 0.80704 0.000732362 0.000732362
0.19293 0.80707 0.00071647 0.00071647
0.19353 0.80647 0.00074312 0.00074312
0.19307 0.80693 0.000793601 0.000793601
0.19327 0.80673 0.000782745 0.000782745
0.19338 0.80662 0.000784379 0.000784379
0.19322 0.80678 0.000783123 0.000783123
0.19303 0.80697 0.00077106 0.00077106
0.19294 0.80706 0.000749653 0.000749653
0.193 0.807 0.00078402 0.00078402
0.19311 0.80689 0.000796786 0.000796786
0.19304 0.80696 0.000756746 0.000756746
0.1929 0.8071 0.000759121 0.000759121
0.19284 0.80716 0.00073757 0.00073757
0.1932 0.8068 0.000736364 0.000736364
0.19279 0.80721 0.000758774 0.000758774
0.19272 0.80728 0.000779052 0.000779052
0.19254 0.80746 0.000811362 0.000811362
0.1926 0.8074 0.000785879 0.000785879
0.19297 0.80703 0.000797201 0.000797201
0.19291 0.80709 0.000794265 0.000794265
0.1929 0.8071 0.000803828 0.000803828
0.19212 0.80788 0.000809278 0.000809278
0.19181 0.80819 0.00081159 0.00081159
0.19136 0.80864 0.000814071 0.000814071
0.19117 0.80883 0.000846102 0.000846102
0.19109 0.80891 0.000828123 0.000828123
0.19109 0.80891 0.000865194 0.000865194
0.19138 0.80862 0.000881147 0.000881147
0.19184 0.80816 0.00087852 0.00087852
0.19185 0.80815 0.000884391 0.000884391
0.19139 0.80861 0.000862604 0.000862604
0.19124 0.80876 0.000852649 0.000852649
0.19146 0.80854 0.000847867 0.000847867
0.1917 0.8083 0.000833646 0.000833646
0.19182 0.80818 0.000843301 0.000843301
0.19167 0.80833 0.000839031 0.000839031
0.19161 0.80839 0.000854968 0.000854968
0.19093 0.80907 0.000862712 0.000862712
0.19066 0.80934 0.000865924 0.000865924
0.19007 0.80993 0.000919237 0.000919237
0.19038 0.80962 0.000912177 0.000912177
0.19029 0.80971 0.000884188 0.000884188
0.19036 0.80964 0.000869546 0.000869546
0.19029 0.80971 0.000875824 0.000875824
0.19033 0.80967 0.000833819 0.000833819
0.19117 0.80883 0.000848102 0.000848102
0.19145 0.80855 0.000852391 0.000852391
0.19126 0.80874 0.000848821 0.000848821
0.1915 0.8085 0.000860515 0.000860515
0.19064 0.80936 0.000886233 0.000886233
0.19023 0.80977 0.000887169 0.000887169
0.18999 0.81001 0.000878515 0.000878515
0.19012 0.80988 0.000886389 0.000886389
0.19026 0.80974 0.000880457 0.000880457
0.19042 0.80958 0.00090667 0.00090667
0.19089 0.80911 0.000921109 0.000921109
0.19052 0.80948 0.00093508 0.00093508
0.19039 0.80961 0.000928058 0.000928058
0.19096 0.80904 0.000973938 0.000973938
0.19081 0.80919 0.00096662 0.00096662
0.19024 0.80976 0.000941053 0.000941053
0.19029 0.80971 0.000943844 0.000943844
0.1902 0.8098 0.000970485 0.000970485
0.19001 0.80999 0.000951626 0.000951626
0.19014 0.80986 0.000969495 0.000969495
0.19019 0.80981 0.000971529 0.000971529
0.18994 0.81006 0.000980946 0.000980946
0.19041 0.80959 0.000961598 0.000961598
0.1905 0.8095 0.000969485 0.000969485
0.19038 0.80962 0.0010063 0.0010063
0.19018 0.80982 0.00103282 0.00103282
0.19064 0.80936 0.00103167 0.00103167
0.19053 0.80947 0.00103662 0.00103662
0.19053 0.80947 0.00100615 0.00100615
0.19022 0.80978 0.00102819 0.00102819
0.18994 0.81006 0.0010241 0.0010241
0.18966 0.81034 0.000979964 0.000979964
0.18966 0.81034 0.000962469 0.000962469
0.18983 0.81017 0.000967274 0.000967274
0.1895 0.8105 0.000962131 0.000962131
0.18903 0.81097 0.000934211 0.000934211
0.18933 0.81067 0.000957759 0.000957759
0.18946 0.81054 0.000995221 0.000995221
0.18972 0.81028 0.000991214 0.000991214
0.19 0.81 0.000993293 0.000993293
0.19086 0.80914 0.000987758 0.000987758
0.19114 0.80886 0.00103733 0.00103733
0.19127 0.80873 0.00108222 0.00108222
0.19118 0.80882 0.00107047 0.00107047
0.19061 0.80939 0.00109408 0.00109408
0.18986 0.81014 0.00109796 0.00109796
0.1897 0.8103 0.00110447 0.00110447
0.18984 0.81016 0.00110836 0.00110836
0.18951 0.81049 0.00112629 0.00112629
0.18939 0.81061 0.00113287 0.00113287
0.18977 0.81023 0.00115382 0.00115382
0.18911 0.81089 0.00113495 0.00113495
0.18937 0.81063 0.00114118 0.00114118
0.18927 0.81073 0.00117777 0.00117777
0.18928 0.81072 0.00115841 0.00115841
0.18885 0.81115 0.00114322 0.00114322
0.18894 0.81106 0.00116414 0.00116414
0.18917 0.81083 0.00114818 0.00114818
0.18894 0.81106 0.0011343 0.0011343
0.18887 0.81113 0.00114298 0.00114298
0.18887 0.81113 0.00112826 0.00112826
0.18904 0.81096 0.00112725 0.00112725
0.18865 0.81135 0.00112292 0.00112292
0.18891 0.81109 0.00118346 0.00118346
0.1887 0.8113 0.00119256 0.00119256
0.18889 0.81111 0.00121911 0.00121911
0.18927 0.81073 0.00124505 0.00124505
0.18914 0.81086 0.00128018 0.00128018
0.18849 0.81151 0.00126175 0.00126175
0.18874 0.81126 0.00128161 0.00128161
0.18833 0.81167 0.00125384 0.00125384
0.18904 0.81096 0.00125083 0.00125083
0.18878 0.81122 0.00121619 0.00121619
0.18869 0.81131 0.00125478 0.00125478
0.18879 0.81121 0.00120457 0.00120457
0.18869 0.81131 0.00119862 0.00119862
0.18916 0.81084 0.00119795 0.00119795
0.18919 0.81081 0.00123288 0.00123288
0.18895 0.81105 0.00125282 0.00125282
0.1889 0.8111 0.00122738 0.00122738
0.18914 0.81086 0.00120521 0.00120521
0.18879 0.81121 0.00119643 0.00119643
0.18858 0.81142 0.00120863 0.00120863
0.18822 0.81178 0.001199 0.001199
0.1879 0.8121 0.00117266 0.00117266
0.18787 0.81213 0.00118333 0.00118333
0.188 0.812 0.00124281 0.00124281
0.1885 0.8115 0.00122454 0.00122454
0.18892 0.81108 0.00122953 0.00122953
0.18891 0.81109 0.00128525 0.00128525
0.18865 0.81135 0.00125263 0.00125263
0.18842 0.81158 0.00126358 0.00126358
0.18873 0.81127 0.00122329 0.00122329
0.18842 0.81158 0.00122235 0.00122235
0.18811 0.81189 0.00121167 0.00121167
0.18775 0.81225 0.00121308 0.00121308
0.18805 0.81195 0.00118263 0.00118263
0.18813 0.81187 0.00120308 0.00120308
0.18833 0.81167 0.00121643 0.00121643
0.18788 0.81212 0.0012171 0.0012171
0.18734 0.81266 0.00124629 0.00124629
0.18765 0.81235 0.00124801 0.00124801
0.1876 0.8124 0.00124754 0.00124754
0.18763 0.81237 0.00126201 0.00126201
0.18783 0.81217 0.00123976 0.00123976
0.18779 0.81221 0.00119441 0.00119441
0.18804 0.81196 0.00120877 0.00120877
0.18765 0.81235 0.00122397 0.00122397
0.18776 0.81224 0.001224 0.001224
0.18759 0.81241 0.00120697 0.00120697
0.18743 0.81257 0.00125075 0.00125075
0.1879 0.8121 0.00127342 0.00127342
0.18789 0.81211 0.00129852 0.00129852
0.1878 0.8122 0.00137535 0.00137535
0.18726 0.81274 0.00138848 0.00138848
0.18739 0.81261 0.00141117 0.00141117
0.18783 0.81217 0.00144249 0.00144249
0.18824 0.81176 0.00148457 0.00148457
0.18851 0.81149 0.0015447 0.0015447
0.18866 0.81134 0.00152255 0.00152255
0.18829 0.81171 0.00154047 0.00154047
0.18891 0.81109 0.00152649 0.00152649
0.18889 0.81111 0.00149018 0.00149018
0.18856 0.81144 0.0014695 0.0014695
0.18892 0.81108 0.00151282 0.00151282
0.18872 0.81128 0.00153839 0.00153839
0.18836 0.81164 0.00150852 0.00150852
0.18824 0.81176 0.00150216 0.00150216
0.18862 0.81138 0.00152806 0.00152806
0.18884 0.81116 0.00149898 0.00149898
0.18893 0.81107 0.00153257 0.00153257
0.18913 0.81087 0.00155316 0.00155316
0.18903 0.81097 0.00155112 0.00155112
0.18893 0.81107 0.00152334 0.00152334
0.18859 0.81141 0.00148715 0.00148715
0.18851 0.81149 0.00151583 0.00151583
0.18895 0.81105 0.00157979 0.00157979
0.18868 0.81132 0.00158834 0.00158834
0.18879 0.81121 0.00158566 0.00158566
0.18889 0.81111 0.0015801 0.0015801
0.18854 0.81146 0.00156209 0.00156209
0.18838 0.81162 0.00155208 0.00155208
0.18754 0.81246 0.00152597 0.00152597
0.18699 0.81301 0.00151948 0.00151948
0.18703 0.81297 0.00151651 0.00151651
0.18677 0.81323 0.00154919 0.00154919
0.1868 0.8132 0.00153895 0.00153895
0.18672 0.81328 0.00155142 0.00155142
0.18698 0.81302 0.0015519 0.0015519
0.18722 0.81278 0.00155254 0.00155254
0.18775 0.81225 0.00154754 0.00154754
0.18755 0.81245 0.00149857 0.00149857
0.18741 0.81259 0.001516 0.001516
0.1875 0.8125 0.00150021 0.00150021
0.18756 0.81244 0.00152344 0.00152344
0.1873 0.8127 0.00151066 0.00151066
0.1875 0.8125 0.00151405 0.00151405
0.1876 0.8124 0.0014819 0.0014819
0.18766 0.81234 0.0014517 0.0014517
0.1875 0.8125 0.00142835 0.00142835
0.18708 0.81292 0.00139044 0.00139044
0.18694 0.81306 0.00144034 0.00144034
0.18715 0.81285 0.00144217 0.00144217
0.18731 0.81269 0.00142844 0.00142844
0.18761 0.81239 0.00147511 0.00147511
0.18796 0.81204 0.00156551 0.00156551
0.18832 0.81168 0.00154311 0.00154311
0.18853 0.81147 0.00151985 0.00151985
0.18826 0.81174 0.00152828 0.00152828
0.18822 0.81178 0.00150466 0.00150466
0.1879 0.8121 0.00152652 0.00152652
0.18811 0.81189 0.00155315 0.00155315
0.18774 0.81226 0.0015532 0.0015532
0.18805 0.81195 0.00152968 0.00152968
0.188 0.812 0.00149584 0.00149584
0.18753 0.81247 0.00149985 0.00149985
0.18765 0.81235 0.00149482 0.00149482
0.18763 0.81237 0.00147098 0.00147098
0.18744 0.81256 0.00143784 0.00143784
0.1873 0.8127 0.00141074 0.00141074
0.18692 0.81308 0.00143258 0.00143258
0.18703 0.81297 0.0014606 0.0014606
0.18706 0.81294 0.00148891 0.00148891
0.18745 0.81255 0.00149972 0.00149972
0.18693 0.81307 0.00150093 0.00150093
0.18695 0.81305 0.00149243 0.00149243
0.18666 0.81334 0.00146932 0.00146932
0.18622 0.81378 0.00148739 0.00148739
0.18601 0.81399 0.00147793 0.00147793
0.18582 0.81418 0.00151837 0.00151837
0.1854 0.8146 0.00151279 0.00151279
0.18555 0.81445 0.00150918 0.00150918
0.18613 0.81387 0.00154062 0.00154062
0.18608 0.81392 0.00153607 0.00153607
0.18599 0.81401 0.00152272 0.00152272
0.18598 0.81402 0.00155117 0.00155117
0.18556 0.81444 0.00153437 0.00153437
0.18532 0.81468 0.0015365 0.0015365
0.1851 0.8149 0.0015711 0.0015711
0.18511 0.81489 0.00157951 0.00157951
0.18471 0.81529 0.00155197 0.00155197
0.1852 0.8148 0.00154251 0.00154251
0.18544 0.81456 0.00150471 0.00150471
0.18558 0.81442 0.00149619 0.00149619
0.18613 0.81387 0.00152157 0.00152157
0.18584 0.81416 0.00149454 0.00149454
0.18544 0.81456 0.00146308 0.00146308
0.18558 0.81442 0.00147219 0.00147219
0.18524 0.81476 0.00148758 0.00148758
0.18571 0.81429 0.00147942 0.00147942
0.18605 0.81395 0.001493 0.001493
0.18649 0.81351 0.00151678 0.00151678
0.18654 0.81346 0.00149465 0.00149465
0.18636 0.81364 0.00148514 0.00148514
0.18653 0.81347 0.00148821 0.00148821
0.18655 0.81345 0.00146633 0.00146633
0.18651 0.81349 0.00144363 0.00144363
0.18606 0.81394 0.00144965 0.00144965
0.18641 0.81359 0.00145016 0.00145016
0.18629 0.81371 0.00146397 0.00146397
0.18625 0.81375 0.00149779 0.00149779
0.18657 0.81343 0.00150401 0.00150401
0.18637 0.81363 0.0015167 0.0015167
0.18579 0.81421 0.00156702 0.00156702
0.18576 0.81424 0.00155 0.00155
0.18569 0.81431 0.00152648 0.00152648
0.18643 0.81357 0.00157229 0.00157229
0.18617 0.81383 0.00159778 0.00159778
0.18642 0.81358 0.00162002 0.00162002
0.18597 0.81403 0.00164401 0.00164401
0.18675 0.81325 0.00164995 0.00164995
0.18682 0.81318 0.00169657 0.00169657
0.18719 0.81281 0.00169426 0.00169426
0.18723 0.81277 0.00174131 0.00174131
0.18703 0.81297 0.00174401 0.00174401
0.18673 0.81327 0.00176238 0.00176238
0.18661 0.81339 0.00175636 0.00175636
0.18647 0.81353 0.00173835 0.00173835
0.18664 0.81336 0.00173033 0.00173033
0.18587 0.81413 0.00173957 0.00173957
0.1865 0.8135 0.00176209 0.00176209
0.18643 0.81357 0.00178489 0.00178489
0.18632 0.81368 0.00177412 0.00177412
0.18623 0.81377 0.00178959 0.00178959
0.18594 0.81406 0.00180844 0.00180844
0.1858 0.8142 0.00182865 0.00182865
0.18615 0.81385 0.00181304 0.00181304
0.18636 0.81364 0.00179882 0.00179882
0.18618 0.81382 0.00177908 0.00177908
0.18577 0.81423 0.00180289 0.00180289
0.18587 0.81413 0.00185256 0.00185256
0.18599 0.81401 0.00182542 0.00182542
0.18606 0.81394 0.00181884 0.00181884
0.18628 0.81372 0.00180564 0.00180564
0.18646 0.81354 0.00181865 0.00181865
0.18661 0.81339 0.00180955 0.00180955
0.18672 0.81328 0.00181317 0.00181317
0.18727 0.81273 0.00181081 0.00181081
0.18698 0.81302 0.00182549 0.00182549
0.18671 0.81329 0.00182075 0.00182075
0.18638 0.81362 0.0018241 0.0018241
0.18624 0.81376 0.00185499 0.00185499
0.18655 0.81345 0.00183886 0.00183886
0.18657 0.81343 0.00186522 0.00186522
0.18677 0.81323 0.00189687 0.00189687
0.1871 0.8129 0.00190577 0.00190577
0.187 0.813 0.00192614 0.00192614
0.18716 0.81284 0.00192405 0.00192405
0.18688 0.81312 0.00193689 0.00193689
0.18693 0.81307 0.00193772 0.00193772
0.18652 0.81348 0.00185668 0.00185668
0.18655 0.81345 0.00186332 0.00186332
0.18586 0.81414 0.00178198 0.00178198
0.18577 0.81423 0.00176876 0.00176876
0.18616 0.81384 0.00180725 0.00180725
0.18587 0.81413 0.00187541 0.00187541
0.18603 0.81397 0.00189433 0.00189433
0.18599 0.81401 0.00190785 0.00190785
0.18607 0.81393 0.00190891 0.00190891
0.18587 0.81413 0.00191472 0.00191472
0.18603 0.81397 0.00190126 0.00190126
0.18645 0.81355 0.00193405 0.00193405
0.18652 0.81348 0.0019307 0.0019307
0.18619 0.81381 0.00193864 0.00193864
0.18604 0.81396 0.00197271 0.00197271
0.18589 0.81411 0.00193598 0.00193598
0.18601 0.81399 0.00189359 0.00189359
0.18625 0.81375 0.00188839 0.00188839
0.18624 0.81376 0.00190162 0.00190162
0.18672 0.81328 0.00189861 0.00189861
0.187 0.813 0.00189836 0.00189836
0.18666 0.81334 0.0019234 0.0019234
0.18608 0.81392 0.00188985 0.00188985
0.18627 0.81373 0.00191541 0.00191541
0.18621 0.81379 0.00191558 0.00191558
0.18628 0.81372 0.0019395 0.0019395
0.18634 0.81366 0.00190938 0.00190938
0.18669 0.81331 0.00190108 0.00190108
0.18626 0.81374 0.00194242 0.00194242
0.18549 0.81451 0.00185565 0.00185565
0.18528 0.81472 0.00178303 0.00178303
0.1854 0.8146 0.00178578 0.00178578
0.18561 0.81439 0.00180549 0.00180549
0.18583 0.81417 0.00183457 0.00183457
0.18591 0.81409 0.00182497 0.00182497
0.18588 0.81412 0.00188098 0.00188098
0.18554 0.81446 0.00189276 0.00189276
0.18511 0.81489 0.00190879 0.00190879
0.18498 0.81502 0.00194614 0.00194614
0.18494 0.81506 0.00194862 0.00194862
0.18453 0.81547 0.00192692 0.00192692
0.18479 0.81521 0.00187332 0.00187332
0.18454 0.81546 0.00184645 0.00184645
0.18531 0.81469 0.00186367 0.00186367
0.18565 0.81435 0.00187736 0.00187736
0.18588 0.81412 0.0018978 0.0018978
0.18567 0.81433 0.00191691 0.00191691
0.186 0.814 0.00194461 0.00194461
0.18595 0.81405 0.00193136 0.00193136
0.18534 0.81466 0.00193821 0.00193821
0.18513 0.81487 0.00191502 0.00191502
0.18508 0.81492 0.0019427 0.0019427
0.18513 0.81487 0.00196413 0.00196413
0.18556 0.81444 0.00198231 0.00198231
0.18573 0.81427 0.00198628 0.00198628
0.1859 0.8141 0.00198971 0.00198971
0.1861 0.8139 0.00204336 0.00204336
0.18604 0.81396 0.00200915 0.00200915
0.1857 0.8143 0.00200831 0.00200831
0.18564 0.81436 0.00203781 0.00203781
0.186 0.814 0.00202059 0.00202059
0.18564 0.81436 0.00198605 0.00198605
0.1858 0.8142 0.00197905 0.00197905
0.18626 0.81374 0.00196912 0.00196912
0.18601 0.81399 0.00201183 0.00201183
0.18676 0.81324 0.00201091 0.00201091
0.18681 0.81319 0.00200951 0.00200951
0.18684 0.81316 0.0019668 0.0019668
0.18659 0.81341 0.00196447 0.00196447
0.18671 0.81329 0.00207922 0.00207922
0.18703 0.81297 0.00210443 0.00210443
0.18666 0.81334 0.00208477 0.00208477
0.18654 0.81346 0.00208352 0.00208352
0.1867 0.8133 0.00202163 0.00202163
0.18637 0.81363 0.00198274 0.00198274
0.18611 0.81389 0.00196331 0.00196331
0.18631 0.81369 0.00197937 0.00197937
0.18686 0.81314 0.00196881 0.00196881
0.18687 0.81313 0.00196628 0.00196628
0.18674 0.81326 0.00194646 0.00194646
