0.18588 0.81412 3.29552e-05 3.29552e-05
0.17297 0.82703 9.87971e-05 9.87971e-05
0.16135 0.83865 0.000211705 0.000211705
0.15036 0.84964 0.000311849 0.000311849
0.14073 0.85927 0.000416684 0.000416684
0.13135 0.86865 0.000536513 0.000536513
0.12304 0.87696 0.0006482 0.0006482
0.11572 0.88428 0.000810931 0.000810931
0.10845 0.89155 0.000943543 0.000943543
0.10182 0.89818 0.00105534 0.00105534
0.0957 0.9043 0.00118979 0.00118979
0.0906 0.9094 0.00135885 0.00135885
0.08536 0.91464 0.00149151 0.00149151
0.08074 0.91926 0.00159846 0.00159846
0.07626 0.92374 0.00171611 0.00171611
0.07237 0.92763 0.00182698 0.00182698
0.0683 0.9317 0.00187353 0.00187353
0.06466 0.93534 0.00189413 0.00189413
0.06118 0.93882 0.00186401 0.00186401
0.05796 0.94204 0.00189547 0.00189547
0.05523 0.94477 0.00191953 0.00191953
0.05243 0.94757 0.00189768 0.00189768
0.04963 0.95037 0.00187454 0.00187454
0.04741 0.95259 0.0018396 0.0018396
0.04506 0.95494 0.00176792 0.00176792
0.0428 0.9572 0.00167564 0.00167564
0.04092 0.95908 0.00161308 0.00161308
0.03897 0.96103 0.00157039 0.00157039
0.03685 0.96315 0.00148455 0.00148455
0.03502 0.96498 0.00140523 0.00140523
0.03335 0.96665 0.00136958 0.00136958
0.03151 0.96849 0.00130241 0.00130241
0.02988 0.97012 0.00122283 0.00122283
0.02868 0.97132 0.00117287 0.00117287
0.02725 0.97275 0.00110637 0.00110637
0.02616 0.97384 0.00107005 0.00107005
0.02495 0.97505 0.00100823 0.00100823
0.02369 0.97631 0.000949711 0.000949711
0.02273 0.97727 0.000915694 0.000915694
0.02185 0.97815 0.00086225 0.00086225
0.02094 0.97906 0.000824037 0.000824037
0.01993 0.98007 0.000767601 0.000767601
0.01901 0.98099 0.000729424 0.000729424
0.01822 0.98178 0.000688517 0.000688517
0.0173 0.9827 0.000654636 0.000654636
0.01636 0.98364 0.000611546 0.000611546
0.01567 0.98433 0.000578951 0.000578951
0.01508 0.98492 0.000553872 0.000553872
0.01439 0.98561 0.000521271 0.000521271
0.01384 0.98616 0.000497186 0.000497186
0.01322 0.98678 0.0004648 0.0004648
0.01281 0.98719 0.000433691 0.000433691
0.01227 0.98773 0.000396522 0.000396522
0.01189 0.98811 0.000386058 0.000386058
0.01155 0.98845 0.000369583 0.000369583
0.01112 0.98888 0.000347824 0.000347824
0.01083 0.98917 0.000337738 0.000337738
0.01042 0.98958 0.000322206 0.000322206
0.00999 0.99001 0.000303323 0.000303323
0.0097 0.9903 0.000291323 0.000291323
0.00932 0.99068 0.000272967 0.000272967
0.00894 0.99106 0.000258825 0.000258825
0.00879 0.99121 0.000249683 0.000249683
0.00851 0.99149 0.00023898 0.00023898
0.00827 0.99173 0.00022725 0.00022725
0.00801 0.99199 0.000222939 0.000222939
0.00779 0.99221 0.000216551 0.000216551
0.00752 0.99248 0.000203141 0.000203141
0.00727 0.99273 0.000193835 0.000193835
0.00712 0.99288 0.000189097 0.000189097
0.00685 0.99315 0.000175624 0.000175624
0.00669 0.99331 0.000170054 0.000170054
0.00655 0.99345 0.000166816 0.000166816
0.00643 0.99357 0.000161035 0.000161035
0.00627 0.99373 0.00015531 0.00015531
0.00606 0.99394 0.000146623 0.000146623
0.00588 0.99412 0.000140733 0.000140733
0.00576 0.99424 0.000135356 0.000135356
0.00565 0.99435 0.000133139 0.000133139
0.00549 0.99451 0.000128434 0.000128434
0.00534 0.99466 0.000123924 0.000123924
0.00523 0.99477 0.000119007 0.000119007
0.00517 0.99483 0.000117213 0.000117213
0.00507 0.99493 0.000114389 0.000114389
0.00503 0.99497 0.000112959 0.000112959
0.00491 0.99509 0.000109355 0.000109355
0.00484 0.99516 0.000107307 0.000107307
0.00468 0.99532 0.000100442 0.000100442
0.00464 0.99536 9.85964e-05 9.85964e-05
0.00461 0.99539 9.77757e-05 9.77757e-05
0.00453 0.99547 9.56052e-05 9.56052e-05
0.0045 0.9955 9.42727e-05 9.42727e-05
0.00438 0.99562 8.98945e-05 8.98945e-05
0.00439 0.99561 9.14726e-05 9.14726e-05
0.00433 0.99567 8.92334e-05 8.92334e-05
0.00423 0.99577 8.47243e-05 8.47243e-05
0.00413 0.99587 8.2094e-05 8.2094e-05
0.00406 0.99594 7.93701e-05 7.93701e-05
0.004 0.996 7.73535e-05 7.73535e-05
0.00397 0.99603 7.61304e-05 7.61304e-05
0.00398 0.99602 7.66259e-05 7.66259e-05
0.00395 0.99605 7.69571e-05 7.69571e-05
0.00391 0.99609 7.57191e-05 7.57191e-05
0.00388 0.99612 7.46117e-05 7.46117e-05
0.00385 0.99615 7.31995e-05 7.31995e-05
0.00381 0.99619 7.1509e-05 7.1509e-05
0.00379 0.99621 7.06322e-05 7.06322e-05
0.00377 0.99623 6.99163e-05 6.99163e-05
0.00375 0.99625 7.02298e-05 7.02298e-05
0.00372 0.99628 6.96178e-05 6.96178e-05
0.00368 0.99632 6.78966e-05 6.78966e-05
0.00364 0.99636 6.69398e-05 6.69398e-05
0.00362 0.99638 6.63592e-05 6.63592e-05
0.0036 0.9964 6.5697e-05 6.5697e-05
0.00356 0.99644 6.36832e-05 6.36832e-05
0.00353 0.99647 6.26153e-05 6.26153e-05
0.00353 0.99647 6.26153e-05 6.26153e-05
0.00352 0.99648 6.23127e-05 6.23127e-05
0.00351 0.99649 6.18686e-05 6.18686e-05
0.00349 0.99651 6.14645e-05 6.14645e-05
0.00347 0.99653 6.0494e-05 6.0494e-05
0.00348 0.99652 6.08582e-05 6.08582e-05
0.00346 0.99654 5.97055e-05 5.97055e-05
0.00348 0.99652 6.08784e-05 6.08784e-05
0.00344 0.99656 5.90974e-05 5.90974e-05
0.00342 0.99658 5.78622e-05 5.78622e-05
0.00341 0.99659 5.75373e-05 5.75373e-05
0.00339 0.99661 5.66645e-05 5.66645e-05
0.0034 0.9966 5.70909e-05 5.70909e-05
0.00337 0.99663 5.57506e-05 5.57506e-05
0.00331 0.99669 5.45999e-05 5.45999e-05
0.00331 0.99669 5.44383e-05 5.44383e-05
0.00331 0.99669 5.40342e-05 5.40342e-05
0.00328 0.99672 5.29713e-05 5.29713e-05
0.00329 0.99671 5.36019e-05 5.36019e-05
0.0033 0.9967 5.40303e-05 5.40303e-05
0.0033 0.9967 5.40303e-05 5.40303e-05
0.0033 0.9967 5.40303e-05 5.40303e-05
0.00329 0.99671 5.37029e-05 5.37029e-05
0.00328 0.99672 5.37592e-05 5.37592e-05
0.00326 0.99674 5.27802e-05 5.27802e-05
0.00324 0.99676 5.23863e-05 5.23863e-05
0.00323 0.99677 5.21587e-05 5.21587e-05
0.00321 0.99679 5.18241e-05 5.18241e-05
0.00319 0.99681 5.09433e-05 5.09433e-05
0.00316 0.99684 4.99741e-05 4.99741e-05
0.00315 0.99685 4.96035e-05 4.96035e-05
0.00316 0.99684 4.99135e-05 4.99135e-05
0.00315 0.99685 4.95631e-05 4.95631e-05
0.00314 0.99686 4.89499e-05 4.89499e-05
0.00314 0.99686 4.89499e-05 4.89499e-05
0.00314 0.99686 4.89499e-05 4.89499e-05
0.00313 0.99687 4.86193e-05 4.86193e-05
0.00314 0.99686 4.89499e-05 4.89499e-05
0.00313 0.99687 4.86193e-05 4.86193e-05
0.00313 0.99687 4.86193e-05 4.86193e-05
0.00312 0.99688 4.81673e-05 4.81673e-05
0.00311 0.99689 4.77353e-05 4.77353e-05
0.0031 0.9969 4.74242e-05 4.74242e-05
0.0031 0.9969 4.74242e-05 4.74242e-05
0.0031 0.9969 4.77879e-05 4.77879e-05
0.00308 0.99692 4.69834e-05 4.69834e-05
0.00308 0.99692 4.69834e-05 4.69834e-05
0.00307 0.99693 4.6389e-05 4.6389e-05
0.00305 0.99695 4.56237e-05 4.56237e-05
0.00305 0.99695 4.56237e-05 4.56237e-05
0.00304 0.99696 4.52509e-05 4.52509e-05
0.00304 0.99696 4.52509e-05 4.52509e-05
0.00305 0.99695 4.56237e-05 4.56237e-05
0.00305 0.99695 4.56237e-05 4.56237e-05
0.00305 0.99695 4.56237e-05 4.56237e-05
0.00305 0.99695 4.56237e-05 4.56237e-05
0.00304 0.99696 4.54125e-05 4.54125e-05
0.00302 0.99698 4.51107e-05 4.51107e-05
0.00302 0.99698 4.51107e-05 4.51107e-05
0.00301 0.99699 4.47777e-05 4.47777e-05
0.003 0.997 4.4404e-05 4.4404e-05
0.003 0.997 4.4404e-05 4.4404e-05
0.003 0.997 4.4404e-05 4.4404e-05
0.003 0.997 4.4404e-05 4.4404e-05
0.003 0.997 4.4404e-05 4.4404e-05
0.003 0.997 4.4404e-05 4.4404e-05
0.003 0.997 4.4404e-05 4.4404e-05
0.00299 0.99701 4.4212e-05 4.4212e-05
0.00298 0.99702 4.36158e-05 4.36158e-05
0.00299 0.99701 4.39494e-05 4.39494e-05
0.00298 0.99702 4.36158e-05 4.36158e-05
0.00299 0.99701 4.3808e-05 4.3808e-05
0.00298 0.99702 4.36158e-05 4.36158e-05
0.00298 0.99702 4.36158e-05 4.36158e-05
0.00298 0.99702 4.36158e-05 4.36158e-05
0.00297 0.99703 4.30395e-05 4.30395e-05
0.00297 0.99703 4.30395e-05 4.30395e-05
0.00297 0.99703 4.30395e-05 4.30395e-05
0.00297 0.99703 4.30395e-05 4.30395e-05
0.00297 0.99703 4.30395e-05 4.30395e-05
0.00297 0.99703 4.30395e-05 4.30395e-05
0.00296 0.99704 4.30085e-05 4.30085e-05
0.00295 0.99705 4.28157e-05 4.28157e-05
0.00294 0.99706 4.25216e-05 4.25216e-05
0.00294 0.99706 4.25216e-05 4.25216e-05
0.00294 0.99706 4.25216e-05 4.25216e-05
0.00295 0.99705 4.2553e-05 4.2553e-05
0.00295 0.99705 4.2553e-05 4.2553e-05
0.00295 0.99705 4.2553e-05 4.2553e-05
0.00295 0.99705 4.2553e-05 4.2553e-05
0.00294 0.99706 4.23802e-05 4.23802e-05
0.00294 0.99706 4.23802e-05 4.23802e-05
0.00295 0.99705 4.25732e-05 4.25732e-05
0.00295 0.99705 4.25732e-05 4.25732e-05
0.00295 0.99705 4.25732e-05 4.25732e-05
0.00295 0.99705 4.25732e-05 4.25732e-05
0.00295 0.99705 4.25732e-05 4.25732e-05
0.00295 0.99705 4.25732e-05 4.25732e-05
0.00295 0.99705 4.25732e-05 4.25732e-05
0.00294 0.99706 4.25418e-05 4.25418e-05
0.00294 0.99706 4.25418e-05 4.25418e-05
0.00294 0.99706 4.25418e-05 4.25418e-05
0.00294 0.99706 4.25418e-05 4.25418e-05
0.00294 0.99706 4.25418e-05 4.25418e-05
0.00294 0.99706 4.25418e-05 4.25418e-05
0.00294 0.99706 4.25418e-05 4.25418e-05
0.00294 0.99706 4.25418e-05 4.25418e-05
0.00294 0.99706 4.25418e-05 4.25418e-05
0.00294 0.99706 4.25418e-05 4.25418e-05
0.00294 0.99706 4.25418e-05 4.25418e-05
0.00294 0.99706 4.25418e-05 4.25418e-05
0.00294 0.99706 4.25418e-05 4.25418e-05
0.00294 0.99706 4.25418e-05 4.25418e-05
0.00294 0.99706 4.25418e-05 4.25418e-05
0.00294 0.99706 4.25418e-05 4.25418e-05
0.00294 0.99706 4.25418e-05 4.25418e-05
0.00294 0.99706 4.25418e-05 4.25418e-05
0.00294 0.99706 4.25418e-05 4.25418e-05
0.00293 0.99707 4.25304e-05 4.25304e-05
0.00293 0.99707 4.25304e-05 4.25304e-05
0.00292 0.99708 4.2337e-05 4.2337e-05
0.00291 0.99709 4.21231e-05 4.21231e-05
0.00291 0.99709 4.21231e-05 4.21231e-05
0.00291 0.99709 4.21231e-05 4.21231e-05
0.0029 0.9971 4.17677e-05 4.17677e-05
0.00289 0.99711 4.15938e-05 4.15938e-05
0.00289 0.99711 4.15938e-05 4.15938e-05
0.00288 0.99712 4.14198e-05 4.14198e-05
0.00288 0.99712 4.14198e-05 4.14198e-05
0.00289 0.99711 4.15938e-05 4.15938e-05
0.0029 0.9971 4.18081e-05 4.18081e-05
0.0029 0.9971 4.18081e-05 4.18081e-05
0.0029 0.9971 4.18081e-05 4.18081e-05
0.0029 0.9971 4.18081e-05 4.18081e-05
0.00289 0.99711 4.16544e-05 4.16544e-05
0.00289 0.99711 4.16544e-05 4.16544e-05
0.00289 0.99711 4.16544e-05 4.16544e-05
0.00289 0.99711 4.16544e-05 4.16544e-05
0.0029 0.9971 4.18081e-05 4.18081e-05
0.0029 0.9971 4.18081e-05 4.18081e-05
0.0029 0.9971 4.18081e-05 4.18081e-05
0.0029 0.9971 4.18081e-05 4.18081e-05
0.0029 0.9971 4.18081e-05 4.18081e-05
0.00289 0.99711 4.16342e-05 4.16342e-05
0.00288 0.99712 4.15208e-05 4.15208e-05
0.00288 0.99712 4.15208e-05 4.15208e-05
0.00289 0.99711 4.16948e-05 4.16948e-05
0.00288 0.99712 4.14804e-05 4.14804e-05
0.00288 0.99712 4.14804e-05 4.14804e-05
0.00288 0.99712 4.14804e-05 4.14804e-05
0.00288 0.99712 4.14804e-05 4.14804e-05
0.00289 0.99711 4.16544e-05 4.16544e-05
0.00289 0.99711 4.16544e-05 4.16544e-05
0.00289 0.99711 4.16544e-05 4.16544e-05
0.00289 0.99711 4.16544e-05 4.16544e-05
0.00289 0.99711 4.16544e-05 4.16544e-05
0.00289 0.99711 4.16544e-05 4.16544e-05
0.00289 0.99711 4.16544e-05 4.16544e-05
0.00289 0.99711 4.16544e-05 4.16544e-05
0.00289 0.99711 4.16544e-05 4.16544e-05
0.00289 0.99711 4.16544e-05 4.16544e-05
0.00289 0.99711 4.16544e-05 4.16544e-05
0.00289 0.99711 4.16544e-05 4.16544e-05
0.00288 0.99712 4.16218e-05 4.16218e-05
0.00288 0.99712 4.16218e-05 4.16218e-05
0.00288 0.99712 4.16218e-05 4.16218e-05
0.00287 0.99713 4.14678e-05 4.14678e-05
0.00286 0.99714 4.13337e-05 4.13337e-05
0.00286 0.99714 4.13337e-05 4.13337e-05
0.00287 0.99713 4.13668e-05 4.13668e-05
0.00287 0.99713 4.13668e-05 4.13668e-05
0.00286 0.99714 4.11923e-05 4.11923e-05
0.00286 0.99714 4.11923e-05 4.11923e-05
0.00286 0.99714 4.11317e-05 4.11317e-05
0.00286 0.99714 4.11317e-05 4.11317e-05
0.00285 0.99715 4.10177e-05 4.10177e-05
0.00285 0.99715 4.10177e-05 4.10177e-05
0.00285 0.99715 4.10177e-05 4.10177e-05
0.00285 0.99715 4.10177e-05 4.10177e-05
0.00286 0.99714 4.11923e-05 4.11923e-05
0.00286 0.99714 4.11923e-05 4.11923e-05
0.00285 0.99715 4.08763e-05 4.08763e-05
0.00285 0.99715 4.08157e-05 4.08157e-05
0.00285 0.99715 4.08157e-05 4.08157e-05
0.00285 0.99715 4.08157e-05 4.08157e-05
0.00285 0.99715 4.08157e-05 4.08157e-05
0.00285 0.99715 4.08157e-05 4.08157e-05
0.00285 0.99715 4.08157e-05 4.08157e-05
0.00285 0.99715 4.08157e-05 4.08157e-05
0.00285 0.99715 4.08157e-05 4.08157e-05
0.00285 0.99715 4.08157e-05 4.08157e-05
0.00285 0.99715 4.08157e-05 4.08157e-05
0.00285 0.99715 4.08157e-05 4.08157e-05
0.00285 0.99715 4.08157e-05 4.08157e-05
0.00286 0.99714 4.09903e-05 4.09903e-05
0.00286 0.99714 4.09903e-05 4.09903e-05
0.00286 0.99714 4.09903e-05 4.09903e-05
0.00286 0.99714 4.09903e-05 4.09903e-05
0.00286 0.99714 4.09903e-05 4.09903e-05
0.00286 0.99714 4.09903e-05 4.09903e-05
0.00286 0.99714 4.09903e-05 4.09903e-05
0.00286 0.99714 4.09903e-05 4.09903e-05
0.00286 0.99714 4.09903e-05 4.09903e-05
0.00286 0.99714 4.09903e-05 4.09903e-05
0.00286 0.99714 4.09903e-05 4.09903e-05
0.00285 0.99715 4.08157e-05 4.08157e-05
0.00285 0.99715 4.08157e-05 4.08157e-05
0.00285 0.99715 4.08157e-05 4.08157e-05
0.00285 0.99715 4.08157e-05 4.08157e-05
0.00285 0.99715 4.08157e-05 4.08157e-05
0.00285 0.99715 4.08157e-05 4.08157e-05
0.00285 0.99715 4.08157e-05 4.08157e-05
0.00285 0.99715 4.08157e-05 4.08157e-05
0.00285 0.99715 4.08157e-05 4.08157e-05
0.00285 0.99715 4.08157e-05 4.08157e-05
0.00285 0.99715 4.08157e-05 4.08157e-05
0.00284 0.99716 4.07014e-05 4.07014e-05
0.00284 0.99716 4.07014e-05 4.07014e-05
0.00284 0.99716 4.07014e-05 4.07014e-05
0.00284 0.99716 4.07014e-05 4.07014e-05
0.00284 0.99716 4.07014e-05 4.07014e-05
0.00284 0.99716 4.07014e-05 4.07014e-05
0.00284 0.99716 4.07014e-05 4.07014e-05
0.00284 0.99716 4.07014e-05 4.07014e-05
0.00284 0.99716 4.07014e-05 4.07014e-05
0.00284 0.99716 4.07014e-05 4.07014e-05
0.00283 0.99717 4.06678e-05 4.06678e-05
0.00283 0.99717 4.06678e-05 4.06678e-05
0.00283 0.99717 4.06678e-05 4.06678e-05
0.00283 0.99717 4.06678e-05 4.06678e-05
0.00283 0.99717 4.06678e-05 4.06678e-05
0.00283 0.99717 4.06678e-05 4.06678e-05
0.00283 0.99717 4.06678e-05 4.06678e-05
0.00283 0.99717 4.06678e-05 4.06678e-05
0.00283 0.99717 4.06678e-05 4.06678e-05
0.00283 0.99717 4.06678e-05 4.06678e-05
0.00283 0.99717 4.06678e-05 4.06678e-05
0.00283 0.99717 4.06678e-05 4.06678e-05
0.00283 0.99717 4.06678e-05 4.06678e-05
0.00284 0.99716 4.07822e-05 4.07822e-05
0.00284 0.99716 4.07822e-05 4.07822e-05
0.00284 0.99716 4.07822e-05 4.07822e-05
0.00284 0.99716 4.07822e-05 4.07822e-05
0.00284 0.99716 4.07822e-05 4.07822e-05
0.00284 0.99716 4.07822e-05 4.07822e-05
0.00284 0.99716 4.07822e-05 4.07822e-05
0.00284 0.99716 4.07822e-05 4.07822e-05
0.00284 0.99716 4.07822e-05 4.07822e-05
0.00284 0.99716 4.07822e-05 4.07822e-05
0.00284 0.99716 4.07822e-05 4.07822e-05
0.00284 0.99716 4.07822e-05 4.07822e-05
0.00284 0.99716 4.07822e-05 4.07822e-05
0.00284 0.99716 4.07822e-05 4.07822e-05
0.00284 0.99716 4.07822e-05 4.07822e-05
0.00284 0.99716 4.07822e-05 4.07822e-05
0.00284 0.99716 4.07822e-05 4.07822e-05
0.00284 0.99716 4.07822e-05 4.07822e-05
0.00285 0.99715 4.08157e-05 4.08157e-05
0.00285 0.99715 4.08157e-05 4.08157e-05
0.00285 0.99715 4.08157e-05 4.08157e-05
0.00285 0.99715 4.08157e-05 4.08157e-05
0.00285 0.99715 4.08157e-05 4.08157e-05
0.00285 0.99715 4.08157e-05 4.08157e-05
0.00284 0.99716 4.07014e-05 4.07014e-05
0.00284 0.99716 4.07014e-05 4.07014e-05
0.00283 0.99717 4.06678e-05 4.06678e-05
0.00283 0.99717 4.06678e-05 4.06678e-05
0.00283 0.99717 4.06678e-05 4.06678e-05
0.00283 0.99717 4.06678e-05 4.06678e-05
0.00283 0.99717 4.06678e-05 4.06678e-05
0.00283 0.99717 4.06678e-05 4.06678e-05
0.00283 0.99717 4.06678e-05 4.06678e-05
0.00283 0.99717 4.06678e-05 4.06678e-05
0.00283 0.99717 4.06678e-05 4.06678e-05
0.00283 0.99717 4.06678e-05 4.06678e-05
0.00283 0.99717 4.06678e-05 4.06678e-05
0.00283 0.99717 4.06678e-05 4.06678e-05
0.00283 0.99717 4.06678e-05 4.06678e-05
0.00283 0.99717 4.06678e-05 4.06678e-05
0.00283 0.99717 4.06678e-05 4.06678e-05
0.00283 0.99717 4.06678e-05 4.06678e-05
0.00283 0.99717 4.06678e-05 4.06678e-05
0.00283 0.99717 4.06678e-05 4.06678e-05
0.00283 0.99717 4.06678e-05 4.06678e-05
0.00283 0.99717 4.06678e-05 4.06678e-05
0.00283 0.99717 4.06678e-05 4.06678e-05
0.00283 0.99717 4.06678e-05 4.06678e-05
0.00283 0.99717 4.06678e-05 4.06678e-05
0.00283 0.99717 4.06678e-05 4.06678e-05
0.00283 0.99717 4.06678e-05 4.06678e-05
0.00282 0.99718 4.06137e-05 4.06137e-05
0.00283 0.99717 4.06678e-05 4.06678e-05
0.00283 0.99717 4.06678e-05 4.06678e-05
0.00283 0.99717 4.06678e-05 4.06678e-05
0.00283 0.99717 4.06678e-05 4.06678e-05
0.00283 0.99717 4.06678e-05 4.06678e-05
0.00283 0.99717 4.06678e-05 4.06678e-05
0.00283 0.99717 4.06678e-05 4.06678e-05
0.00283 0.99717 4.06678e-05 4.06678e-05
0.00283 0.99717 4.06678e-05 4.06678e-05
0.00282 0.99718 4.06743e-05 4.06743e-05
0.00282 0.99718 4.06743e-05 4.06743e-05
0.00282 0.99718 4.06743e-05 4.06743e-05
0.00282 0.99718 4.06743e-05 4.06743e-05
0.00282 0.99718 4.06743e-05 4.06743e-05
0.00282 0.99718 4.06743e-05 4.06743e-05
0.00282 0.99718 4.06743e-05 4.06743e-05
0.00282 0.99718 4.06743e-05 4.06743e-05
0.00282 0.99718 4.06743e-05 4.06743e-05
0.00282 0.99718 4.06743e-05 4.06743e-05
0.00282 0.99718 4.06743e-05 4.06743e-05
0.00282 0.99718 4.06743e-05 4.06743e-05
0.00282 0.99718 4.06743e-05 4.06743e-05
0.00282 0.99718 4.06743e-05 4.06743e-05
0.00282 0.99718 4.06743e-05 4.06743e-05
0.00282 0.99718 4.06743e-05 4.06743e-05
0.00282 0.99718 4.06743e-05 4.06743e-05
0.00282 0.99718 4.06743e-05 4.06743e-05
0.00282 0.99718 4.06743e-05 4.06743e-05
0.00282 0.99718 4.06743e-05 4.06743e-05
0.00282 0.99718 4.06743e-05 4.06743e-05
0.00282 0.99718 4.06743e-05 4.06743e-05
0.00282 0.99718 4.06743e-05 4.06743e-05
0.00282 0.99718 4.06743e-05 4.06743e-05
0.00282 0.99718 4.06743e-05 4.06743e-05
0.00282 0.99718 4.06743e-05 4.06743e-05
0.00282 0.99718 4.06743e-05 4.06743e-05
0.00282 0.99718 4.06743e-05 4.06743e-05
0.00282 0.99718 4.06743e-05 4.06743e-05
0.00282 0.99718 4.06743e-05 4.06743e-05
0.00282 0.99718 4.06743e-05 4.06743e-05
0.00282 0.99718 4.06743e-05 4.06743e-05
0.00282 0.99718 4.06743e-05 4.06743e-05
0.00282 0.99718 4.06743e-05 4.06743e-05
0.00282 0.99718 4.06743e-05 4.06743e-05
0.00282 0.99718 4.06743e-05 4.06743e-05
0.00282 0.99718 4.06743e-05 4.06743e-05
0.00282 0.99718 4.06743e-05 4.06743e-05
0.00282 0.99718 4.06743e-05 4.06743e-05
0.00282 0.99718 4.06743e-05 4.06743e-05
0.00282 0.99718 4.06743e-05 4.06743e-05
0.00282 0.99718 4.06743e-05 4.06743e-05
0.00282 0.99718 4.06743e-05 4.06743e-05
0.00282 0.99718 4.06743e-05 4.06743e-05
0.00282 0.99718 4.06743e-05 4.06743e-05
0.00282 0.99718 4.06743e-05 4.06743e-05
0.00282 0.99718 4.06743e-05 4.06743e-05
0.00282 0.99718 4.06743e-05 4.06743e-05
0.00282 0.99718 4.06743e-05 4.06743e-05
0.00282 0.99718 4.06743e-05 4.06743e-05
0.00282 0.99718 4.06743e-05 4.06743e-05
0.00282 0.99718 4.06743e-05 4.06743e-05
0.00282 0.99718 4.06743e-05 4.06743e-05
0.00282 0.99718 4.06743e-05 4.06743e-05
0.00282 0.99718 4.06743e-05 4.06743e-05
0.00282 0.99718 4.06743e-05 4.06743e-05
0.00282 0.99718 4.06743e-05 4.06743e-05
0.00282 0.99718 4.06743e-05 4.06743e-05
0.00282 0.99718 4.06743e-05 4.06743e-05
0.00282 0.99718 4.06743e-05 4.06743e-05
0.00282 0.99718 4.06743e-05 4.06743e-05
0.00282 0.99718 4.06743e-05 4.06743e-05
0.00282 0.99718 4.06743e-05 4.06743e-05
0.00282 0.99718 4.06743e-05 4.06743e-05
0.00282 0.99718 4.06743e-05 4.06743e-05
0.00282 0.99718 4.06743e-05 4.06743e-05
0.00282 0.99718 4.06743e-05 4.06743e-05
0.00282 0.99718 4.06743e-05 4.06743e-05
0.00282 0.99718 4.06743e-05 4.06743e-05
0.00282 0.99718 4.06743e-05 4.06743e-05
0.00282 0.99718 4.06743e-05 4.06743e-05
0.00282 0.99718 4.06743e-05 4.06743e-05
0.00282 0.99718 4.06743e-05 4.06743e-05
0.00282 0.99718 4.06743e-05 4.06743e-05
0.00282 0.99718 4.06743e-05 4.06743e-05
0.00282 0.99718 4.06743e-05 4.06743e-05
0.00282 0.99718 4.06743e-05 4.06743e-05
0.00282 0.99718 4.06743e-05 4.06743e-05
0.00282 0.99718 4.06743e-05 4.06743e-05
0.00282 0.99718 4.06743e-05 4.06743e-05
0.00282 0.99718 4.06743e-05 4.06743e-05
0.00282 0.99718 4.06743e-05 4.06743e-05
0.00282 0.99718 4.06743e-05 4.06743e-05
0.00282 0.99718 4.06743e-05 4.06743e-05
