0.49971 0.50029 2.28544e-05 2.28544e-05
0.50001 0.49999 4.53029e-05 4.53029e-05
0.5 0.5 7.24848e-05 7.24848e-05
0.50048 0.49952 0.000100737 0.000100737
0.50084 0.49916 0.000109691 0.000109691
0.50008 0.49992 0.000132398 0.000132398
0.49988 0.50012 0.000143198 0.000143198
0.4998 0.5002 0.000152364 0.000152364
0.49982 0.50018 0.000167684 0.000167684
0.49942 0.50058 0.000184731 0.000184731
0.49938 0.50062 0.000187693 0.000187693
0.49918 0.50082 0.000193543 0.000193543
0.49897 0.50103 0.000218959 0.000218959
0.49901 0.50099 0.000214454 0.000214454
0.49831 0.50169 0.000212661 0.000212661
0.49763 0.50237 0.000217973 0.000217973
0.49726 0.50274 0.000237528 0.000237528
0.49792 0.50208 0.000273549 0.000273549
0.49846 0.50154 0.000255887 0.000255887
0.49921 0.50079 0.000231986 0.000231986
0.50006 0.49994 0.000232582 0.000232582
0.50015 0.49985 0.000233927 0.000233927
0.49958 0.50042 0.000232024 0.000232024
0.4997 0.5003 0.000232657 0.000232657
0.50043 0.49957 0.000238147 0.000238147
0.50061 0.49939 0.0002642 0.0002642
0.50081 0.49919 0.000278256 0.000278256
0.5013 0.4987 0.000284091 0.000284091
0.50072 0.49928 0.000302992 0.000302992
0.50038 0.49962 0.000316682 0.000316682
0.49976 0.50024 0.000297114 0.000297114
0.50062 0.49938 0.000276985 0.000276985
0.50146 0.49854 0.000309726 0.000309726
0.5012 0.4988 0.000283414 0.000283414
0.50169 0.49831 0.000287206 0.000287206
0.50154 0.49846 0.000336877 0.000336877
0.50145 0.49855 0.000332795 0.000332795
0.50183 0.49817 0.00030588 0.00030588
0.50181 0.49819 0.000299933 0.000299933
0.50132 0.49868 0.000279998 0.000279998
0.50138 0.49862 0.000280804 0.000280804
0.50155 0.49845 0.000264432 0.000264432
0.50118 0.49882 0.000275462 0.000275462
0.50215 0.49785 0.000289967 0.000289967
0.50144 0.49856 0.000269804 0.000269804
0.50197 0.49803 0.000261302 0.000261302
0.50195 0.49805 0.000289321 0.000289321
0.50162 0.49838 0.000268925 0.000268925
0.50154 0.49846 0.000273443 0.000273443
0.50211 0.49789 0.000260846 0.000260846
0.50219 0.49781 0.000261913 0.000261913
0.50188 0.49812 0.00028148 0.00028148
0.50137 0.49863 0.000298094 0.000298094
0.50111 0.49889 0.000283311 0.000283311
0.50137 0.49863 0.000285044 0.000285044
0.50139 0.49861 0.000271129 0.000271129
0.50154 0.49846 0.000266776 0.000266776
0.50083 0.49917 0.000237718 0.000237718
0.50076 0.49924 0.000238831 0.000238831
0.50145 0.49855 0.000224977 0.000224977
0.50145 0.49855 0.000229462 0.000229462
0.50095 0.49905 0.000227583 0.000227583
0.50176 0.49824 0.000244366 0.000244366
0.50095 0.49905 0.000232614 0.000232614
0.50079 0.49921 0.000265461 0.000265461
0.50049 0.49951 0.000243343 0.000243343
0.49995 0.50005 0.000276068 0.000276068
0.49973 0.50027 0.000258381 0.000258381
0.49992 0.50008 0.000268923 0.000268923
0.49996 0.50004 0.000288241 0.000288241
0.50082 0.49918 0.000272796 0.000272796
0.50145 0.49855 0.000263907 0.000263907
0.50089 0.49911 0.000262907 0.000262907
0.50087 0.49913 0.000264114 0.000264114
0.50051 0.49949 0.000239444 0.000239444
0.50076 0.49924 0.000219215 0.000219215
0.50043 0.49957 0.000223581 0.000223581
0.50087 0.49913 0.00024171 0.00024171
0.49998 0.50002 0.000240464 0.000240464
0.50011 0.49989 0.000238442 0.000238442
0.49968 0.50032 0.000260886 0.000260886
0.50004 0.49996 0.000278786 0.000278786
0.49974 0.50026 0.000283972 0.000283972
0.50028 0.49972 0.000274648 0.000274648
0.50042 0.49958 0.000288812 0.000288812
0.50077 0.49923 0.000305815 0.000305815
0.50034 0.49966 0.000321257 0.000321257
0.50024 0.49976 0.000305295 0.000305295
0.50009 0.49991 0.000325497 0.000325497
0.50046 0.49954 0.000312998 0.000312998
0.49982 0.50018 0.000337826 0.000337826
0.50027 0.49973 0.000361411 0.000361411
0.49988 0.50012 0.000364187 0.000364187
0.5006 0.4994 0.000370222 0.000370222
0.50146 0.49854 0.000379604 0.000379604
0.50113 0.49887 0.000361852 0.000361852
0.50108 0.49892 0.000357327 0.000357327
0.50063 0.49937 0.000356862 0.000356862
0.50048 0.49952 0.000354333 0.000354333
0.50189 0.49811 0.000356382 0.000356382
0.50233 0.49767 0.000356365 0.000356365
0.50233 0.49767 0.000347476 0.000347476
0.50215 0.49785 0.00035025 0.00035025
0.50216 0.49784 0.000350984 0.000350984
0.50265 0.49735 0.000354634 0.000354634
0.50256 0.49744 0.000348633 0.000348633
0.50283 0.49717 0.000370547 0.000370547
0.50285 0.49715 0.000378149 0.000378149
0.50274 0.49726 0.000381326 0.000381326
0.50237 0.49763 0.000343831 0.000343831
0.50225 0.49775 0.000347038 0.000347038
0.50261 0.49739 0.000336604 0.000336604
0.50268 0.49732 0.000369917 0.000369917
0.50199 0.49801 0.000353162 0.000353162
0.50104 0.49896 0.000354827 0.000354827
0.50145 0.49855 0.000371967 0.000371967
0.50129 0.49871 0.000400693 0.000400693
0.50115 0.49885 0.000398432 0.000398432
0.50122 0.49878 0.00037282 0.00037282
0.5003 0.4997 0.000368434 0.000368434
0.50009 0.49991 0.000358002 0.000358002
0.50063 0.49937 0.0003467 0.0003467
0.5011 0.4989 0.000376818 0.000376818
0.50054 0.49946 0.000364695 0.000364695
0.50017 0.49983 0.00034889 0.00034889
0.50026 0.49974 0.000364598 0.000364598
0.50018 0.49982 0.000381745 0.000381745
0.5 0.5 0.000380687 0.000380687
0.49959 0.50041 0.000413052 0.000413052
0.49991 0.50009 0.000413032 0.000413032
0.49941 0.50059 0.000428689 0.000428689
0.49984 0.50016 0.000433611 0.000433611
0.4992 0.5008 0.000409576 0.000409576
0.49972 0.50028 0.000394527 0.000394527
0.5002 0.4998 0.000385051 0.000385051
0.50183 0.49817 0.000388708 0.000388708
0.50237 0.49763 0.000393468 0.000393468
0.50161 0.49839 0.000364988 0.000364988
0.50235 0.49765 0.000368513 0.000368513
0.5028 0.4972 0.000349616 0.000349616
0.5025 0.4975 0.000359848 0.000359848
0.50208 0.49792 0.000353307 0.000353307
0.50191 0.49809 0.000374022 0.000374022
0.5023 0.4977 0.000336354 0.000336354
0.50164 0.49836 0.000366899 0.000366899
0.50157 0.49843 0.000382046 0.000382046
0.50101 0.49899 0.000363242 0.000363242
0.50146 0.49854 0.000352756 0.000352756
0.50147 0.49853 0.00036407 0.00036407
0.50197 0.49803 0.000359019 0.000359019
0.50136 0.49864 0.000378132 0.000378132
0.50216 0.49784 0.000365206 0.000365206
0.50185 0.49815 0.000357785 0.000357785
0.50221 0.49779 0.000337663 0.000337663
0.50133 0.49867 0.000339839 0.000339839
0.50079 0.49921 0.000337824 0.000337824
0.5007 0.4993 0.000327768 0.000327768
0.50072 0.49928 0.000353577 0.000353577
0.50078 0.49922 0.000337587 0.000337587
0.50108 0.49892 0.000345771 0.000345771
0.5012 0.4988 0.000349798 0.000349798
0.50122 0.49878 0.000376396 0.000376396
0.50106 0.49894 0.000407613 0.000407613
0.50121 0.49879 0.000402329 0.000402329
0.50097 0.49903 0.000374979 0.000374979
0.5018 0.4982 0.000376283 0.000376283
0.50092 0.49908 0.000368822 0.000368822
0.50086 0.49914 0.000391112 0.000391112
0.50051 0.49949 0.000380939 0.000380939
0.50093 0.49907 0.000364025 0.000364025
0.50139 0.49861 0.000357675 0.000357675
0.5021 0.4979 0.000344677 0.000344677
0.50158 0.49842 0.000380569 0.000380569
0.50152 0.49848 0.000383242 0.000383242
0.50148 0.49852 0.000384454 0.000384454
0.50175 0.49825 0.000374109 0.000374109
0.50248 0.49752 0.00038201 0.00038201
0.50291 0.49709 0.000394951 0.000394951
0.50311 0.49689 0.000357311 0.000357311
0.50219 0.49781 0.000368398 0.000368398
0.50137 0.49863 0.000359852 0.000359852
0.50138 0.49862 0.000369713 0.000369713
0.50121 0.49879 0.000345157 0.000345157
0.50062 0.49938 0.000388097 0.000388097
0.50065 0.49935 0.000438654 0.000438654
0.50085 0.49915 0.000423664 0.000423664
0.50013 0.49987 0.000417205 0.000417205
0.49949 0.50051 0.000398151 0.000398151
0.49975 0.50025 0.000400068 0.000400068
0.50015 0.49985 0.000398917 0.000398917
0.50098 0.49902 0.000412303 0.000412303
0.50104 0.49896 0.000411109 0.000411109
0.50108 0.49892 0.000407589 0.000407589
0.50168 0.49832 0.000409493 0.000409493
0.50134 0.49866 0.000390954 0.000390954
0.50086 0.49914 0.000406061 0.000406061
0.50144 0.49856 0.000387986 0.000387986
0.50174 0.49826 0.000358295 0.000358295
0.50212 0.49788 0.000393985 0.000393985
0.50166 0.49834 0.000397398 0.000397398
0.501 0.499 0.000405939 0.000405939
0.5009 0.4991 0.000402657 0.000402657
0.50109 0.49891 0.00042485 0.00042485
0.50062 0.49938 0.000397592 0.000397592
0.50031 0.49969 0.000363368 0.000363368
0.50011 0.49989 0.000363412 0.000363412
0.4999 0.5001 0.000376212 0.000376212
0.49993 0.50007 0.000363379 0.000363379
0.5001 0.4999 0.000382778 0.000382778
0.50032 0.49968 0.000364361 0.000364361
0.50036 0.49964 0.000361647 0.000361647
0.50032 0.49968 0.000368664 0.000368664
0.49974 0.50026 0.000404376 0.000404376
0.49931 0.50069 0.000412499 0.000412499
0.50023 0.49977 0.000401957 0.000401957
0.49979 0.50021 0.000413945 0.000413945
0.49957 0.50043 0.000375096 0.000375096
0.5002 0.4998 0.000396828 0.000396828
0.49936 0.50064 0.000383788 0.000383788
0.49961 0.50039 0.000399574 0.000399574
0.49964 0.50036 0.000377788 0.000377788
0.49968 0.50032 0.000395472 0.000395472
0.49992 0.50008 0.000398398 0.000398398
0.49921 0.50079 0.000364895 0.000364895
0.49856 0.50144 0.000370249 0.000370249
0.49976 0.50024 0.00039972 0.00039972
0.50019 0.49981 0.000392176 0.000392176
0.49983 0.50017 0.000372102 0.000372102
0.49996 0.50004 0.00034919 0.00034919
0.49899 0.50101 0.000362071 0.000362071
0.49973 0.50027 0.000378886 0.000378886
0.49923 0.50077 0.000394644 0.000394644
0.49953 0.50047 0.000401605 0.000401605
0.49922 0.50078 0.000423022 0.000423022
0.49965 0.50035 0.000407018 0.000407018
0.49923 0.50077 0.000417916 0.000417916
0.49917 0.50083 0.000413819 0.000413819
0.49936 0.50064 0.000409526 0.000409526
0.49956 0.50044 0.000391461 0.000391461
0.49964 0.50036 0.000376051 0.000376051
0.49987 0.50013 0.000365427 0.000365427
0.49935 0.50065 0.000346816 0.000346816
0.49955 0.50045 0.000371826 0.000371826
0.49967 0.50033 0.000395779 0.000395779
0.50008 0.49992 0.000405024 0.000405024
0.49954 0.50046 0.000416817 0.000416817
0.49915 0.50085 0.000396109 0.000396109
0.49917 0.50083 0.000432809 0.000432809
0.49924 0.50076 0.000446851 0.000446851
0.50046 0.49954 0.000435019 0.000435019
0.5015 0.4985 0.000445768 0.000445768
0.50139 0.49861 0.000453553 0.000453553
0.50099 0.49901 0.00042704 0.00042704
0.50107 0.49893 0.000397763 0.000397763
0.49977 0.50023 0.000397108 0.000397108
0.49995 0.50005 0.000414694 0.000414694
0.50011 0.49989 0.000406988 0.000406988
0.50063 0.49937 0.000418639 0.000418639
0.49962 0.50038 0.000408965 0.000408965
0.49907 0.50093 0.000434369 0.000434369
0.50002 0.49998 0.000402808 0.000402808
0.4997 0.5003 0.00040296 0.00040296
0.49945 0.50055 0.000399705 0.000399705
0.49884 0.50116 0.000383085 0.000383085
0.49913 0.50087 0.000410033 0.000410033
0.49899 0.50101 0.000440293 0.000440293
0.49934 0.50066 0.000401378 0.000401378
0.49994 0.50006 0.000403411 0.000403411
0.49993 0.50007 0.000371823 0.000371823
0.49989 0.50011 0.000384584 0.000384584
0.49963 0.50037 0.000400114 0.000400114
0.49985 0.50015 0.000417563 0.000417563
0.49967 0.50033 0.000437941 0.000437941
0.50077 0.49923 0.000421775 0.000421775
0.50116 0.49884 0.000409631 0.000409631
0.50146 0.49854 0.000362897 0.000362897
0.50159 0.49841 0.000370103 0.000370103
0.50174 0.49826 0.000399487 0.000399487
0.502 0.498 0.000410222 0.000410222
0.50138 0.49862 0.000406278 0.000406278
0.5012 0.4988 0.000386121 0.000386121
0.50185 0.49815 0.000429927 0.000429927
0.50169 0.49831 0.000428256 0.000428256
0.50209 0.49791 0.000440507 0.000440507
0.50159 0.49841 0.000458709 0.000458709
0.50182 0.49818 0.000483907 0.000483907
0.5015 0.4985 0.000470475 0.000470475
0.50229 0.49771 0.000445218 0.000445218
0.5024 0.4976 0.000427354 0.000427354
0.50249 0.49751 0.000402555 0.000402555
0.50222 0.49778 0.000397204 0.000397204
0.50189 0.49811 0.000411109 0.000411109
0.5017 0.4983 0.000400576 0.000400576
0.50212 0.49788 0.000418167 0.000418167
0.50122 0.49878 0.000401244 0.000401244
0.50182 0.49818 0.000395503 0.000395503
0.50146 0.49854 0.000405726 0.000405726
0.50158 0.49842 0.000418953 0.000418953
0.50172 0.49828 0.000435416 0.000435416
0.50238 0.49762 0.000397026 0.000397026
0.50269 0.49731 0.000388458 0.000388458
0.50263 0.49737 0.00039872 0.00039872
0.50259 0.49741 0.000403234 0.000403234
0.50149 0.49851 0.00041999 0.00041999
0.50157 0.49843 0.000465682 0.000465682
0.50162 0.49838 0.000478198 0.000478198
0.50168 0.49832 0.000468361 0.000468361
0.50128 0.49872 0.000464365 0.000464365
0.50166 0.49834 0.000444489 0.000444489
0.50215 0.49785 0.000428068 0.000428068
0.50253 0.49747 0.00046108 0.00046108
0.50232 0.49768 0.000417917 0.000417917
0.50237 0.49763 0.000404518 0.000404518
0.50264 0.49736 0.000418031 0.000418031
0.50256 0.49744 0.000416289 0.000416289
0.50291 0.49709 0.000407032 0.000407032
0.50261 0.49739 0.000402826 0.000402826
0.5026 0.4974 0.000388 0.000388
0.50216 0.49784 0.000400479 0.000400479
0.50234 0.49766 0.000397762 0.000397762
0.50278 0.49722 0.000440658 0.000440658
0.50298 0.49702 0.000417777 0.000417777
0.50326 0.49674 0.000411487 0.000411487
0.50349 0.49651 0.000405424 0.000405424
0.50302 0.49698 0.00041602 0.00041602
0.50333 0.49667 0.00040592 0.00040592
0.50347 0.49653 0.000445363 0.000445363
0.50361 0.49639 0.000457109 0.000457109
0.50309 0.49691 0.0004378 0.0004378
0.50185 0.49815 0.000411503 0.000411503
0.50175 0.49825 0.000402634 0.000402634
0.50221 0.49779 0.000406107 0.000406107
0.50237 0.49763 0.000416579 0.000416579
0.50176 0.49824 0.000426487 0.000426487
0.50272 0.49728 0.000438769 0.000438769
0.50273 0.49727 0.000425876 0.000425876
0.5021 0.4979 0.000432697 0.000432697
0.50271 0.49729 0.000428026 0.000428026
0.50262 0.49738 0.000474177 0.000474177
0.50277 0.49723 0.000409654 0.000409654
0.50248 0.49752 0.000418212 0.000418212
0.50281 0.49719 0.000408539 0.000408539
0.50298 0.49702 0.000404929 0.000404929
0.5034 0.4966 0.000412424 0.000412424
0.50403 0.49597 0.0004391 0.0004391
0.50378 0.49622 0.000438618 0.000438618
0.50439 0.49561 0.000453412 0.000453412
0.50422 0.49578 0.000423992 0.000423992
0.50384 0.49616 0.000411792 0.000411792
0.50292 0.49708 0.000408499 0.000408499
0.50313 0.49687 0.000411932 0.000411932
0.50282 0.49718 0.000424028 0.000424028
0.50245 0.49755 0.000413321 0.000413321
0.50334 0.49666 0.000415277 0.000415277
0.50419 0.49581 0.000439408 0.000439408
0.50431 0.49569 0.000410256 0.000410256
0.50445 0.49555 0.000444997 0.000444997
0.50464 0.49536 0.000452576 0.000452576
0.50386 0.49614 0.000459495 0.000459495
0.50399 0.49601 0.000479 0.000479
0.50329 0.49671 0.000510289 0.000510289
0.50362 0.49638 0.000481632 0.000481632
0.5039 0.4961 0.000482838 0.000482838
0.50352 0.49648 0.000511606 0.000511606
0.50424 0.49576 0.000492204 0.000492204
0.50391 0.49609 0.000484244 0.000484244
0.50342 0.49658 0.000472731 0.000472731
0.50355 0.49645 0.000452169 0.000452169
0.50336 0.49664 0.000435647 0.000435647
0.50222 0.49778 0.000436396 0.000436396
0.50188 0.49812 0.0004314 0.0004314
0.50146 0.49854 0.000464392 0.000464392
0.5012 0.4988 0.000456828 0.000456828
0.50034 0.49966 0.000478974 0.000478974
0.50038 0.49962 0.000469309 0.000469309
0.50049 0.49951 0.000481788 0.000481788
0.50052 0.49948 0.000492939 0.000492939
0.50046 0.49954 0.000496372 0.000496372
0.50079 0.49921 0.000507562 0.000507562
0.50047 0.49953 0.000514393 0.000514393
0.50089 0.49911 0.000484402 0.000484402
0.50174 0.49826 0.00047874 0.00047874
0.50183 0.49817 0.000478506 0.000478506
0.50174 0.49826 0.000500659 0.000500659
0.50198 0.49802 0.000450282 0.000450282
0.5027 0.4973 0.00045597 0.00045597
0.50347 0.49653 0.000471039 0.000471039
0.50307 0.49693 0.000429844 0.000429844
0.50277 0.49723 0.000418684 0.000418684
0.50246 0.49754 0.000403887 0.000403887
0.50177 0.49823 0.000397431 0.000397431
0.50211 0.49789 0.00038125 0.00038125
0.5014 0.4986 0.000374465 0.000374465
0.50117 0.49883 0.000385981 0.000385981
0.50052 0.49948 0.000391 0.000391
0.50074 0.49926 0.000402558 0.000402558
0.50137 0.49863 0.000404235 0.000404235
0.50095 0.49905 0.000408149 0.000408149
0.50165 0.49835 0.000399785 0.000399785
0.50153 0.49847 0.000435322 0.000435322
0.50196 0.49804 0.000404241 0.000404241
0.50178 0.49822 0.00039187 0.00039187
0.50251 0.49749 0.00034898 0.00034898
0.5017 0.4983 0.000361101 0.000361101
0.50104 0.49896 0.000354483 0.000354483
0.50085 0.49915 0.000318836 0.000318836
0.5 0.5 0.000318323 0.000318323
0.50058 0.49942 0.000337155 0.000337155
0.50032 0.49968 0.000372058 0.000372058
0.50107 0.49893 0.000405338 0.000405338
0.5011 0.4989 0.000433909 0.000433909
0.50155 0.49845 0.000417846 0.000417846
0.50193 0.49807 0.000415783 0.000415783
0.50219 0.49781 0.00045361 0.00045361
0.50217 0.49783 0.000436365 0.000436365
0.50275 0.49725 0.000449381 0.000449381
0.50274 0.49726 0.000459305 0.000459305
0.50242 0.49758 0.000440448 0.000440448
0.50214 0.49786 0.000457172 0.000457172
0.5022 0.4978 0.000457556 0.000457556
0.50183 0.49817 0.000446345 0.000446345
0.50268 0.49732 0.000425068 0.000425068
0.50234 0.49766 0.000394126 0.000394126
0.50129 0.49871 0.000414551 0.000414551
0.50114 0.49886 0.000443819 0.000443819
0.50116 0.49884 0.000469105 0.000469105
0.50102 0.49898 0.000485555 0.000485555
0.50063 0.49937 0.000487751 0.000487751
0.50032 0.49968 0.000462119 0.000462119
0.50091 0.49909 0.000484951 0.000484951
0.50092 0.49908 0.000445024 0.000445024
0.50081 0.49919 0.000487711 0.000487711
0.50036 0.49964 0.000517223 0.000517223
0.5001 0.4999 0.000535424 0.000535424
0.50038 0.49962 0.000509127 0.000509127
0.49994 0.50006 0.000488562 0.000488562
0.49976 0.50024 0.000479922 0.000479922
0.50044 0.49956 0.000462148 0.000462148
0.50035 0.49965 0.000469785 0.000469785
0.5002 0.4998 0.000497131 0.000497131
0.50015 0.49985 0.000474513 0.000474513
0.49957 0.50043 0.000462672 0.000462672
0.50015 0.49985 0.000449179 0.000449179
0.50097 0.49903 0.000452211 0.000452211
0.50253 0.49747 0.000439464 0.000439464
0.50203 0.49797 0.000447423 0.000447423
0.50265 0.49735 0.000460432 0.000460432
0.50304 0.49696 0.000494301 0.000494301
0.50255 0.49745 0.000513806 0.000513806
0.50279 0.49721 0.000505238 0.000505238
0.50266 0.49734 0.000497863 0.000497863
0.50302 0.49698 0.000465353 0.000465353
0.5032 0.4968 0.000478465 0.000478465
0.50304 0.49696 0.000467352 0.000467352
0.50317 0.49683 0.000492769 0.000492769
0.50242 0.49758 0.000499802 0.000499802
0.50287 0.49713 0.00051973 0.00051973
0.50283 0.49717 0.000515153 0.000515153
0.50212 0.49788 0.000561945 0.000561945
0.50256 0.49744 0.000576875 0.000576875
0.50316 0.49684 0.000581974 0.000581974
0.50308 0.49692 0.000585488 0.000585488
0.50282 0.49718 0.000591604 0.000591604
0.50295 0.49705 0.000596129 0.000596129
0.50313 0.49687 0.000574902 0.000574902
0.50268 0.49732 0.000560745 0.000560745
0.50199 0.49801 0.000527424 0.000527424
0.5019 0.4981 0.000470313 0.000470313
0.50229 0.49771 0.000447582 0.000447582
0.50233 0.49767 0.000439799 0.000439799
0.50227 0.49773 0.000446098 0.000446098
0.50134 0.49866 0.000454772 0.000454772
0.50158 0.49842 0.000443155 0.000443155
0.50061 0.49939 0.000460119 0.000460119
0.50098 0.49902 0.000476525 0.000476525
0.50127 0.49873 0.000510583 0.000510583
0.50119 0.49881 0.000511246 0.000511246
0.50143 0.49857 0.00047845 0.00047845
0.50085 0.49915 0.000449462 0.000449462
0.50149 0.49851 0.000464151 0.000464151
0.50123 0.49877 0.000459815 0.000459815
0.50173 0.49827 0.000471351 0.000471351
0.50207 0.49793 0.00045251 0.00045251
0.50221 0.49779 0.000417299 0.000417299
0.50152 0.49848 0.000424616 0.000424616
0.50124 0.49876 0.000427255 0.000427255
0.50031 0.49969 0.000458297 0.000458297
0.50065 0.49935 0.00044726 0.00044726
0.5013 0.4987 0.000479727 0.000479727
0.50192 0.49808 0.000505024 0.000505024
0.50241 0.49759 0.000507497 0.000507497
0.50177 0.49823 0.000515997 0.000515997
0.50217 0.49783 0.00047689 0.00047689
0.50197 0.49803 0.00044609 0.00044609
0.50173 0.49827 0.000444442 0.000444442
0.5015 0.4985 0.000477505 0.000477505
0.50184 0.49816 0.00045359 0.00045359
0.5015 0.4985 0.000440192 0.000440192
0.50152 0.49848 0.000452091 0.000452091
0.50169 0.49831 0.000491085 0.000491085
