0.50068 0.49932 5.14925e-05 5.14925e-05
0.50066 0.49934 0.000118873 0.000118873
0.50127 0.49873 0.000229189 0.000229189
0.50171 0.49829 0.000339137 0.000339137
0.50142 0.49858 0.000423337 0.000423337
0.50078 0.49922 0.000494072 0.000494072
0.50113 0.49887 0.000565549 0.000565549
0.50048 0.49952 0.000665868 0.000665868
0.50052 0.49948 0.000755101 0.000755101
0.50158 0.49842 0.000843317 0.000843317
0.50143 0.49857 0.000886268 0.000886268
0.50106 0.49894 0.000903208 0.000903208
0.50157 0.49843 0.000880854 0.000880854
0.50241 0.49759 0.000931012 0.000931012
0.50295 0.49705 0.000940573 0.000940573
0.50459 0.49541 0.00102132 0.00102132
0.50572 0.49428 0.00107016 0.00107016
0.50525 0.49475 0.00111181 0.00111181
0.50509 0.49491 0.00114828 0.00114828
0.506 0.494 0.00112396 0.00112396
0.50552 0.49448 0.00109779 0.00109779
0.50585 0.49415 0.00109829 0.00109829
0.50565 0.49435 0.00112647 0.00112647
0.50624 0.49376 0.00117311 0.00117311
0.50563 0.49437 0.00119516 0.00119516
0.50564 0.49436 0.00135823 0.00135823
0.50569 0.49431 0.00135963 0.00135963
0.50585 0.49415 0.00134999 0.00134999
0.50471 0.49529 0.00134887 0.00134887
0.50442 0.49558 0.00129342 0.00129342
0.50407 0.49593 0.00136502 0.00136502
0.5036 0.4964 0.001392 0.001392
0.50253 0.49747 0.00132585 0.00132585
0.50292 0.49708 0.00128589 0.00128589
0.50265 0.49735 0.00135352 0.00135352
0.50289 0.49711 0.00138555 0.00138555
0.50383 0.49617 0.00131208 0.00131208
0.50397 0.49603 0.0012951 0.0012951
0.50361 0.49639 0.00132769 0.00132769
0.50315 0.49685 0.0013591 0.0013591
0.50361 0.49639 0.00130234 0.00130234
0.50372 0.49628 0.00124358 0.00124358
0.50478 0.49522 0.00122341 0.00122341
0.50467 0.49533 0.001188 0.001188
0.50421 0.49579 0.00123847 0.00123847
0.50413 0.49587 0.00126545 0.00126545
0.50437 0.49563 0.0012748 0.0012748
0.50328 0.49672 0.00127113 0.00127113
0.50367 0.49633 0.00133994 0.00133994
0.50323 0.49677 0.00133577 0.00133577
0.5045 0.4955 0.00131849 0.00131849
0.50465 0.49535 0.00129122 0.00129122
0.50448 0.49552 0.00125981 0.00125981
0.50385 0.49615 0.00137742 0.00137742
0.50395 0.49605 0.00135447 0.00135447
0.50475 0.49525 0.00137076 0.00137076
0.50545 0.49455 0.00141762 0.00141762
0.50452 0.49548 0.00139653 0.00139653
0.50463 0.49537 0.00141729 0.00141729
0.50412 0.49588 0.00143356 0.00143356
0.50482 0.49518 0.00147059 0.00147059
0.50416 0.49584 0.00147543 0.00147543
0.50437 0.49563 0.00145183 0.00145183
0.50589 0.49411 0.00142246 0.00142246
0.50593 0.49407 0.00137136 0.00137136
0.50537 0.49463 0.00126896 0.00126896
0.50579 0.49421 0.00131259 0.00131259
0.50665 0.49335 0.00130158 0.00130158
0.50626 0.49374 0.00125555 0.00125555
0.50712 0.49288 0.00128948 0.00128948
0.50723 0.49277 0.00133537 0.00133537
0.50672 0.49328 0.00135693 0.00135693
0.50727 0.49273 0.00129375 0.00129375
0.50691 0.49309 0.0013496 0.0013496
0.50673 0.49327 0.00128878 0.00128878
0.50677 0.49323 0.00128321 0.00128321
0.50787 0.49213 0.00128003 0.00128003
0.50724 0.49276 0.00131293 0.00131293
0.50642 0.49358 0.00135417 0.00135417
0.50684 0.49316 0.00140551 0.00140551
0.50687 0.49313 0.00142727 0.00142727
0.50667 0.49333 0.00145329 0.00145329
0.50667 0.49333 0.00148045 0.00148045
0.50657 0.49343 0.00148489 0.00148489
0.50665 0.49335 0.0014693 0.0014693
0.50641 0.49359 0.00146008 0.00146008
0.50606 0.49394 0.00140365 0.00140365
0.50522 0.49478 0.00143219 0.00143219
0.50547 0.49453 0.00144332 0.00144332
0.505 0.495 0.00147644 0.00147644
0.50649 0.49351 0.00159656 0.00159656
0.50615 0.49385 0.00159088 0.00159088
0.50546 0.49454 0.00154142 0.00154142
0.50638 0.49362 0.00160018 0.00160018
0.50603 0.49397 0.00163136 0.00163136
0.50443 0.49557 0.00167435 0.00167435
0.5051 0.4949 0.00167597 0.00167597
0.50584 0.49416 0.00170595 0.00170595
0.50709 0.49291 0.00160158 0.00160158
0.50718 0.49282 0.00154534 0.00154534
0.507 0.493 0.00156846 0.00156846
0.50607 0.49393 0.00150465 0.00150465
0.50577 0.49423 0.00147895 0.00147895
0.50576 0.49424 0.001486 0.001486
0.50512 0.49488 0.00148738 0.00148738
0.50478 0.49522 0.00148377 0.00148377
0.50482 0.49518 0.00153775 0.00153775
0.5055 0.4945 0.00160579 0.00160579
0.50551 0.49449 0.00166144 0.00166144
0.5052 0.4948 0.00162659 0.00162659
0.5052 0.4948 0.00158448 0.00158448
0.50515 0.49485 0.00157597 0.00157597
0.50549 0.49451 0.00164512 0.00164512
0.50534 0.49466 0.00162738 0.00162738
0.50399 0.49601 0.00166054 0.00166054
0.50302 0.49698 0.00160814 0.00160814
0.50331 0.49669 0.00160698 0.00160698
0.50401 0.49599 0.00167787 0.00167787
0.50381 0.49619 0.00164407 0.00164407
0.50416 0.49584 0.0016688 0.0016688
0.50435 0.49565 0.00156019 0.00156019
0.50295 0.49705 0.00153702 0.00153702
0.50358 0.49642 0.00149606 0.00149606
0.50441 0.49559 0.00148532 0.00148532
0.50424 0.49576 0.00148117 0.00148117
0.5045 0.4955 0.00158058 0.00158058
0.50409 0.49591 0.00151883 0.00151883
0.50411 0.49589 0.00155046 0.00155046
0.50318 0.49682 0.00159175 0.00159175
0.50354 0.49646 0.00157734 0.00157734
0.50434 0.49566 0.00165524 0.00165524
0.50408 0.49592 0.00167949 0.00167949
0.50366 0.49634 0.00167376 0.00167376
0.50502 0.49498 0.00168115 0.00168115
0.50579 0.49421 0.00164352 0.00164352
0.50575 0.49425 0.00159793 0.00159793
0.50431 0.49569 0.00164371 0.00164371
0.50482 0.49518 0.00165869 0.00165869
0.50471 0.49529 0.0016673 0.0016673
0.50488 0.49512 0.00175655 0.00175655
0.50592 0.49408 0.0017364 0.0017364
0.50533 0.49467 0.00180325 0.00180325
0.50518 0.49482 0.00187566 0.00187566
0.50545 0.49455 0.00177435 0.00177435
0.50598 0.49402 0.00177596 0.00177596
0.50639 0.49361 0.00178947 0.00178947
0.50625 0.49375 0.00175166 0.00175166
0.50565 0.49435 0.00174478 0.00174478
0.50633 0.49367 0.001776 0.001776
0.50578 0.49422 0.00179611 0.00179611
0.50515 0.49485 0.00180756 0.00180756
0.505 0.495 0.00180681 0.00180681
0.50475 0.49525 0.00181471 0.00181471
0.50511 0.49489 0.00181879 0.00181879
0.505 0.495 0.00185523 0.00185523
0.50516 0.49484 0.00180935 0.00180935
0.50537 0.49463 0.00180199 0.00180199
0.5058 0.4942 0.0018483 0.0018483
0.50639 0.49361 0.00191705 0.00191705
0.50697 0.49303 0.00192371 0.00192371
0.50652 0.49348 0.00187801 0.00187801
0.50632 0.49368 0.00195398 0.00195398
0.50656 0.49344 0.00200449 0.00200449
0.50789 0.49211 0.00204349 0.00204349
0.50754 0.49246 0.00210126 0.00210126
0.50677 0.49323 0.00205883 0.00205883
0.50676 0.49324 0.00205841 0.00205841
0.50686 0.49314 0.00203812 0.00203812
0.50617 0.49383 0.00206772 0.00206772
0.50506 0.49494 0.00209234 0.00209234
0.50429 0.49571 0.00212504 0.00212504
0.50411 0.49589 0.00202044 0.00202044
0.50513 0.49487 0.00197278 0.00197278
0.50503 0.49497 0.00200197 0.00200197
0.50466 0.49534 0.00200061 0.00200061
0.5057 0.4943 0.00200981 0.00200981
0.50561 0.49439 0.002004 0.002004
0.50544 0.49456 0.00198384 0.00198384
0.50526 0.49474 0.00195714 0.00195714
0.50527 0.49473 0.00198695 0.00198695
0.50506 0.49494 0.00203343 0.00203343
0.50605 0.49395 0.00204142 0.00204142
0.50525 0.49475 0.00200114 0.00200114
0.50383 0.49617 0.00202451 0.00202451
0.5042 0.4958 0.00192966 0.00192966
0.50453 0.49547 0.00193225 0.00193225
0.50578 0.49422 0.00192718 0.00192718
0.50567 0.49433 0.00187933 0.00187933
0.50599 0.49401 0.00191433 0.00191433
0.50609 0.49391 0.00193732 0.00193732
0.50555 0.49445 0.00187383 0.00187383
0.50513 0.49487 0.00194108 0.00194108
0.50571 0.49429 0.00202417 0.00202417
0.50622 0.49378 0.00200888 0.00200888
0.50544 0.49456 0.00196191 0.00196191
0.50558 0.49442 0.00196873 0.00196873
0.50501 0.49499 0.00206302 0.00206302
0.50436 0.49564 0.00202195 0.00202195
0.50479 0.49521 0.00197954 0.00197954
0.50542 0.49458 0.00188756 0.00188756
0.50575 0.49425 0.00198076 0.00198076
0.50457 0.49543 0.00202514 0.00202514
0.50525 0.49475 0.00188298 0.00188298
0.50578 0.49422 0.00194868 0.00194868
0.50478 0.49522 0.00190476 0.00190476
0.50554 0.49446 0.00194969 0.00194969
0.5064 0.4936 0.00193949 0.00193949
0.50609 0.49391 0.00207655 0.00207655
0.50572 0.49428 0.00207742 0.00207742
0.50592 0.49408 0.00210678 0.00210678
0.50528 0.49472 0.00215142 0.00215142
0.50575 0.49425 0.00213894 0.00213894
0.50502 0.49498 0.00216887 0.00216887
0.50566 0.49434 0.00219653 0.00219653
0.50644 0.49356 0.00216215 0.00216215
0.50771 0.49229 0.00219986 0.00219986
0.50817 0.49183 0.00219636 0.00219636
0.5082 0.4918 0.00218432 0.00218432
0.50734 0.49266 0.00219089 0.00219089
0.50735 0.49265 0.00211407 0.00211407
0.50772 0.49228 0.00213465 0.00213465
0.5076 0.4924 0.00221006 0.00221006
0.50712 0.49288 0.00221988 0.00221988
0.50686 0.49314 0.0021536 0.0021536
0.50639 0.49361 0.00222984 0.00222984
0.50542 0.49458 0.00220996 0.00220996
0.50505 0.49495 0.00223546 0.00223546
0.50514 0.49486 0.00218966 0.00218966
0.50533 0.49467 0.00215097 0.00215097
0.5058 0.4942 0.0021542 0.0021542
0.50593 0.49407 0.00205851 0.00205851
0.5062 0.4938 0.00207083 0.00207083
0.50661 0.49339 0.00212903 0.00212903
0.50649 0.49351 0.00210296 0.00210296
0.50676 0.49324 0.00209033 0.00209033
0.5065 0.4935 0.00205757 0.00205757
0.50693 0.49307 0.00206281 0.00206281
0.50547 0.49453 0.00209415 0.00209415
0.50649 0.49351 0.00205643 0.00205643
0.5067 0.4933 0.00202645 0.00202645
0.50742 0.49258 0.00209972 0.00209972
0.50752 0.49248 0.0021231 0.0021231
0.50821 0.49179 0.00212251 0.00212251
0.50836 0.49164 0.00216286 0.00216286
0.50773 0.49227 0.00226751 0.00226751
0.50749 0.49251 0.00232801 0.00232801
0.50829 0.49171 0.00228772 0.00228772
0.50979 0.49021 0.00225774 0.00225774
0.50906 0.49094 0.002262 0.002262
0.5084 0.4916 0.00221069 0.00221069
0.50887 0.49113 0.00222296 0.00222296
0.50856 0.49144 0.00223395 0.00223395
0.50861 0.49139 0.00226937 0.00226937
0.50845 0.49155 0.00230027 0.00230027
0.50908 0.49092 0.00230397 0.00230397
0.50831 0.49169 0.00217248 0.00217248
0.50821 0.49179 0.00227924 0.00227924
0.5076 0.4924 0.00226855 0.00226855
0.50727 0.49273 0.00222951 0.00222951
0.50723 0.49277 0.00222553 0.00222553
0.50687 0.49313 0.00224143 0.00224143
0.50559 0.49441 0.00230146 0.00230146
0.50574 0.49426 0.00230795 0.00230795
0.50708 0.49292 0.00226688 0.00226688
0.50764 0.49236 0.00232991 0.00232991
0.50757 0.49243 0.00236815 0.00236815
0.50632 0.49368 0.00237331 0.00237331
0.50685 0.49315 0.00244156 0.00244156
0.50662 0.49338 0.00239478 0.00239478
0.50614 0.49386 0.00244079 0.00244079
0.50668 0.49332 0.00235559 0.00235559
0.50744 0.49256 0.00245433 0.00245433
0.50716 0.49284 0.00248971 0.00248971
0.50701 0.49299 0.00244839 0.00244839
0.50722 0.49278 0.00244577 0.00244577
0.5082 0.4918 0.00257345 0.00257345
0.50755 0.49245 0.00247134 0.00247134
0.5076 0.4924 0.0024756 0.0024756
0.50758 0.49242 0.00243513 0.00243513
0.50771 0.49229 0.00257081 0.00257081
0.50693 0.49307 0.00261625 0.00261625
0.50743 0.49257 0.00253407 0.00253407
0.5075 0.4925 0.00256351 0.00256351
0.50719 0.49281 0.00267236 0.00267236
0.50738 0.49262 0.00267709 0.00267709
0.50715 0.49285 0.0025833 0.0025833
0.50636 0.49364 0.00253728 0.00253728
0.50607 0.49393 0.00243962 0.00243962
0.50618 0.49382 0.00247566 0.00247566
0.50545 0.49455 0.00245484 0.00245484
0.50634 0.49366 0.00244572 0.00244572
0.50662 0.49338 0.00237458 0.00237458
0.50612 0.49388 0.00234077 0.00234077
0.50622 0.49378 0.00244007 0.00244007
0.50557 0.49443 0.00245211 0.00245211
0.50665 0.49335 0.00245162 0.00245162
0.50735 0.49265 0.002421 0.002421
0.50725 0.49275 0.00249793 0.00249793
0.50729 0.49271 0.0025317 0.0025317
0.5069 0.4931 0.00250643 0.00250643
0.50732 0.49268 0.00248242 0.00248242
0.50713 0.49287 0.00249809 0.00249809
0.50622 0.49378 0.00242846 0.00242846
0.50663 0.49337 0.00248007 0.00248007
0.50677 0.49323 0.00252967 0.00252967
0.50631 0.49369 0.00252486 0.00252486
0.50708 0.49292 0.0025124 0.0025124
0.50727 0.49273 0.00248545 0.00248545
0.50685 0.49315 0.00252096 0.00252096
0.50706 0.49294 0.00244151 0.00244151
0.50682 0.49318 0.00240019 0.00240019
0.50697 0.49303 0.00237528 0.00237528
0.50673 0.49327 0.002322 0.002322
0.50689 0.49311 0.00224856 0.00224856
0.506 0.494 0.00224566 0.00224566
0.50515 0.49485 0.00220728 0.00220728
0.50439 0.49561 0.00230687 0.00230687
0.50406 0.49594 0.0023605 0.0023605
0.50315 0.49685 0.00243306 0.00243306
0.50368 0.49632 0.00239434 0.00239434
0.50456 0.49544 0.00244692 0.00244692
0.50425 0.49575 0.00244595 0.00244595
0.50498 0.49502 0.00247479 0.00247479
0.50535 0.49465 0.00250383 0.00250383
0.5056 0.4944 0.00250186 0.00250186
0.50601 0.49399 0.00241888 0.00241888
0.50644 0.49356 0.00251667 0.00251667
0.50674 0.49326 0.00249569 0.00249569
0.50694 0.49306 0.00250289 0.00250289
0.50761 0.49239 0.00244091 0.00244091
0.50832 0.49168 0.00244206 0.00244206
0.50787 0.49213 0.00249226 0.00249226
0.50691 0.49309 0.00250251 0.00250251
0.50552 0.49448 0.00247253 0.00247253
0.50495 0.49505 0.00246684 0.00246684
0.50469 0.49531 0.00242997 0.00242997
0.50457 0.49543 0.00250895 0.00250895
0.50524 0.49476 0.00257861 0.00257861
0.50616 0.49384 0.00265246 0.00265246
0.5067 0.4933 0.00259466 0.00259466
0.50577 0.49423 0.00255345 0.00255345
0.50568 0.49432 0.00250109 0.00250109
0.50626 0.49374 0.00250696 0.00250696
0.5061 0.4939 0.00243148 0.00243148
0.50653 0.49347 0.00251777 0.00251777
0.50654 0.49346 0.00253209 0.00253209
0.5058 0.4942 0.00249139 0.00249139
0.50592 0.49408 0.00260563 0.00260563
0.50566 0.49434 0.00263326 0.00263326
0.50499 0.49501 0.00258912 0.00258912
0.50524 0.49476 0.00247291 0.00247291
0.50589 0.49411 0.00249224 0.00249224
0.50651 0.49349 0.00241688 0.00241688
0.50647 0.49353 0.00235035 0.00235035
0.50726 0.49274 0.00234339 0.00234339
0.50692 0.49308 0.00243676 0.00243676
0.50684 0.49316 0.00246989 0.00246989
0.5069 0.4931 0.00254421 0.00254421
0.50686 0.49314 0.00254576 0.00254576
0.50579 0.49421 0.00252001 0.00252001
0.50528 0.49472 0.00250243 0.00250243
0.50499 0.49501 0.00243718 0.00243718
0.50523 0.49477 0.00253343 0.00253343
0.50512 0.49488 0.00247978 0.00247978
0.50478 0.49522 0.00250514 0.00250514
0.50456 0.49544 0.00253005 0.00253005
0.50358 0.49642 0.00259903 0.00259903
0.50466 0.49534 0.00261645 0.00261645
0.50364 0.49636 0.00268526 0.00268526
0.50401 0.49599 0.00260454 0.00260454
0.50341 0.49659 0.00255822 0.00255822
0.50424 0.49576 0.0025359 0.0025359
0.50418 0.49582 0.0025836 0.0025836
0.50393 0.49607 0.00258936 0.00258936
0.50439 0.49561 0.00252955 0.00252955
0.50389 0.49611 0.00252327 0.00252327
0.50331 0.49669 0.00252842 0.00252842
0.50354 0.49646 0.00253841 0.00253841
0.50346 0.49654 0.00259092 0.00259092
0.50385 0.49615 0.0026913 0.0026913
0.50458 0.49542 0.00264972 0.00264972
0.50435 0.49565 0.00265738 0.00265738
0.50293 0.49707 0.00273396 0.00273396
0.50443 0.49557 0.00271946 0.00271946
0.50402 0.49598 0.00275008 0.00275008
0.50429 0.49571 0.0026671 0.0026671
0.50449 0.49551 0.00276221 0.00276221
0.50539 0.49461 0.00258893 0.00258893
0.50602 0.49398 0.00264091 0.00264091
0.50619 0.49381 0.00266935 0.00266935
0.50573 0.49427 0.00267612 0.00267612
0.50561 0.49439 0.00264416 0.00264416
0.50619 0.49381 0.0027123 0.0027123
0.5059 0.4941 0.00268039 0.00268039
0.50591 0.49409 0.0026974 0.0026974
0.50519 0.49481 0.00271692 0.00271692
0.50661 0.49339 0.00268236 0.00268236
0.50609 0.49391 0.00269224 0.00269224
0.50539 0.49461 0.00269309 0.00269309
0.50525 0.49475 0.00270063 0.00270063
0.50447 0.49553 0.00280815 0.00280815
0.50493 0.49507 0.00272601 0.00272601
0.50387 0.49613 0.00260793 0.00260793
0.50438 0.49562 0.00264923 0.00264923
0.50429 0.49571 0.00270873 0.00270873
0.50431 0.49569 0.00276399 0.00276399
0.50412 0.49588 0.00278815 0.00278815
0.50384 0.49616 0.00279886 0.00279886
0.50508 0.49492 0.00282119 0.00282119
0.50458 0.49542 0.0027837 0.0027837
0.50435 0.49565 0.00276195 0.00276195
0.504 0.496 0.0027384 0.0027384
0.5045 0.4955 0.00284338 0.00284338
0.50477 0.49523 0.0028107 0.0028107
0.50479 0.49521 0.00280451 0.00280451
0.50426 0.49574 0.0028183 0.0028183
0.50399 0.49601 0.00291066 0.00291066
0.50279 0.49721 0.00297401 0.00297401
0.50368 0.49632 0.00308105 0.00308105
0.50349 0.49651 0.00311155 0.00311155
0.50371 0.49629 0.0031192 0.0031192
0.50398 0.49602 0.00313675 0.00313675
0.5052 0.4948 0.00321273 0.00321273
0.50518 0.49482 0.0032488 0.0032488
0.50461 0.49539 0.00316248 0.00316248
0.50442 0.49558 0.00334495 0.00334495
0.50509 0.49491 0.00326744 0.00326744
0.50517 0.49483 0.00331485 0.00331485
0.50452 0.49548 0.00324538 0.00324538
0.5054 0.4946 0.00337176 0.00337176
0.50583 0.49417 0.00326024 0.00326024
0.50492 0.49508 0.00311359 0.00311359
0.50631 0.49369 0.00304636 0.00304636
0.50683 0.49317 0.00307895 0.00307895
0.50642 0.49358 0.0031261 0.0031261
0.50508 0.49492 0.003029 0.003029
0.50574 0.49426 0.00300387 0.00300387
0.50624 0.49376 0.00304097 0.00304097
0.50664 0.49336 0.00310813 0.00310813
0.50713 0.49287 0.003049 0.003049
0.50674 0.49326 0.00298743 0.00298743
0.50578 0.49422 0.0030051 0.0030051
0.50587 0.49413 0.00304268 0.00304268
0.50667 0.49333 0.00305337 0.00305337
0.50826 0.49174 0.00297379 0.00297379
0.50791 0.49209 0.00298115 0.00298115
0.50914 0.49086 0.00296317 0.00296317
0.51014 0.48986 0.00307426 0.00307426
0.50886 0.49114 0.00304465 0.00304465
0.50905 0.49095 0.00305334 0.00305334
0.50779 0.49221 0.00315087 0.00315087
0.50717 0.49283 0.00315919 0.00315919
0.50717 0.49283 0.00323081 0.00323081
0.5076 0.4924 0.00319691 0.00319691
0.50653 0.49347 0.00319219 0.00319219
0.50661 0.49339 0.00335723 0.00335723
0.50697 0.49303 0.00334035 0.00334035
0.5066 0.4934 0.00331111 0.00331111
0.50676 0.49324 0.00336669 0.00336669
0.50706 0.49294 0.00340222 0.00340222
0.50677 0.49323 0.00346483 0.00346483
0.50626 0.49374 0.00333038 0.00333038
0.50558 0.49442 0.00344588 0.00344588
0.50606 0.49394 0.00339771 0.00339771
0.50629 0.49371 0.00335542 0.00335542
0.50674 0.49326 0.00329571 0.00329571
0.5067 0.4933 0.00326346 0.00326346
0.50669 0.49331 0.00330777 0.00330777
0.50616 0.49384 0.00325175 0.00325175
0.50603 0.49397 0.00338189 0.00338189
0.50567 0.49433 0.00328616 0.00328616
0.50683 0.49317 0.00320142 0.00320142
0.50622 0.49378 0.00330312 0.00330312
0.50602 0.49398 0.0032498 0.0032498
0.50575 0.49425 0.00328199 0.00328199
0.50588 0.49412 0.00320148 0.00320148
0.50592 0.49408 0.00325494 0.00325494
0.50606 0.49394 0.00327577 0.00327577
0.50613 0.49387 0.00320246 0.00320246
0.50547 0.49453 0.00322029 0.00322029
0.50591 0.49409 0.00312669 0.00312669
0.50605 0.49395 0.00314114 0.00314114
0.507 0.493 0.0030939 0.0030939
0.50601 0.49399 0.00318043 0.00318043
0.50641 0.49359 0.00327101 0.00327101
0.50699 0.49301 0.00327395 0.00327395
0.5067 0.4933 0.00323447 0.00323447
0.50604 0.49396 0.00323483 0.00323483
0.50612 0.49388 0.00318683 0.00318683
0.5064 0.4936 0.00317931 0.00317931
0.50711 0.49289 0.00323818 0.00323818
0.50808 0.49192 0.00336078 0.00336078
0.50746 0.49254 0.003315 0.003315
0.50762 0.49238 0.00329068 0.00329068
0.50838 0.49162 0.00338608 0.00338608
0.50791 0.49209 0.00338241 0.00338241
0.50871 0.49129 0.00330694 0.00330694
0.50825 0.49175 0.00325942 0.00325942
0.5079 0.4921 0.00320779 0.00320779
0.50801 0.49199 0.00326904 0.00326904
