0.50877 0.49123 0.00234812 0.00234812
0.51757 0.48243 0.00809152 0.00809152
0.52508 0.47492 0.0164749 0.0164749
0.53215 0.46785 0.0261373 0.0261373
0.53673 0.46327 0.0368354 0.0368354
0.5424 0.4576 0.0482157 0.0482157
0.54761 0.45239 0.0601861 0.0601861
0.55241 0.44759 0.0716593 0.0716593
0.55594 0.44406 0.0827718 0.0827718
0.56009 0.43991 0.0932957 0.0932957
0.56311 0.43689 0.10327 0.10327
0.56578 0.43422 0.112606 0.112606
0.56821 0.43179 0.12151 0.12151
0.57054 0.42946 0.130054 0.130054
0.57257 0.42743 0.138104 0.138104
0.57496 0.42504 0.145408 0.145408
0.57647 0.42353 0.152375 0.152375
0.57841 0.42159 0.158633 0.158633
0.57908 0.42092 0.164276 0.164276
0.57991 0.42009 0.169314 0.169314
0.58136 0.41864 0.174042 0.174042
0.58188 0.41812 0.178223 0.178223
0.58294 0.41706 0.182018 0.182018
0.5834 0.4166 0.185633 0.185633
0.58414 0.41586 0.189168 0.189168
0.58475 0.41525 0.192557 0.192557
0.58535 0.41465 0.195406 0.195406
0.58628 0.41372 0.197863 0.197863
0.58646 0.41354 0.20012 0.20012
0.58696 0.41304 0.202228 0.202228
0.58716 0.41284 0.204101 0.204101
0.58761 0.41239 0.205696 0.205696
0.58785 0.41215 0.207213 0.207213
0.58821 0.41179 0.208664 0.208664
0.58847 0.41153 0.210026 0.210026
0.58862 0.41138 0.211006 0.211006
0.58876 0.41124 0.212054 0.212054
0.589 0.411 0.213026 0.213026
0.58911 0.41089 0.21371 0.21371
0.58927 0.41073 0.214349 0.214349
0.58949 0.41051 0.215154 0.215154
0.58956 0.41044 0.215825 0.215825
0.58967 0.41033 0.216347 0.216347
0.58985 0.41015 0.21686 0.21686
0.58999 0.41001 0.217394 0.217394
0.59006 0.40994 0.217866 0.217866
0.59027 0.40973 0.218238 0.218238
0.59029 0.40971 0.218667 0.218667
0.59037 0.40963 0.218998 0.218998
0.59061 0.40939 0.219311 0.219311
0.59072 0.40928 0.219561 0.219561
0.59081 0.40919 0.219812 0.219812
0.59086 0.40914 0.220102 0.220102
0.59103 0.40897 0.220464 0.220464
0.591 0.409 0.220767 0.220767
0.59094 0.40906 0.221081 0.221081
0.59093 0.40907 0.221367 0.221367
0.591 0.409 0.221633 0.221633
0.59091 0.40909 0.221918 0.221918
0.59094 0.40906 0.222133 0.222133
0.59103 0.40897 0.222326 0.222326
0.59103 0.40897 0.222494 0.222494
0.59104 0.40896 0.222649 0.222649
0.59106 0.40894 0.222874 0.222874
0.59108 0.40892 0.223093 0.223093
0.59131 0.40869 0.223324 0.223324
0.59141 0.40859 0.223547 0.223547
0.59157 0.40843 0.223724 0.223724
0.59186 0.40814 0.223892 0.223892
0.59199 0.40801 0.224121 0.224121
0.59192 0.40808 0.224338 0.224338
0.59216 0.40784 0.224539 0.224539
0.59224 0.40776 0.224681 0.224681
0.5923 0.4077 0.224813 0.224813
0.59248 0.40752 0.225014 0.225014
0.59246 0.40754 0.225149 0.225149
0.59258 0.40742 0.225306 0.225306
0.59281 0.40719 0.225541 0.225541
0.59297 0.40703 0.225678 0.225678
0.59314 0.40686 0.225866 0.225866
0.59317 0.40683 0.226113 0.226113
0.59343 0.40657 0.226268 0.226268
0.59345 0.40655 0.226455 0.226455
0.59364 0.40636 0.226647 0.226647
0.59382 0.40618 0.226857 0.226857
0.59388 0.40612 0.227092 0.227092
0.59393 0.40607 0.227322 0.227322
0.59411 0.40589 0.227581 0.227581
0.59427 0.40573 0.22779 0.22779
0.59428 0.40572 0.227924 0.227924
0.5945 0.4055 0.228063 0.228063
0.5946 0.4054 0.228163 0.228163
0.59459 0.40541 0.228447 0.228447
0.59465 0.40535 0.228688 0.228688
0.59488 0.40512 0.22889 0.22889
0.59503 0.40497 0.229155 0.229155
0.59499 0.40501 0.229353 0.229353
0.59509 0.40491 0.2295 0.2295
0.59514 0.40486 0.229726 0.229726
0.59525 0.40475 0.229898 0.229898
0.59529 0.40471 0.230064 0.230064
0.59535 0.40465 0.230231 0.230231
0.59536 0.40464 0.23042 0.23042
0.59542 0.40458 0.230664 0.230664
0.59549 0.40451 0.230881 0.230881
0.59566 0.40434 0.231054 0.231054
0.59584 0.40416 0.231207 0.231207
0.59596 0.40404 0.231357 0.231357
0.59604 0.40396 0.231573 0.231573
0.59608 0.40392 0.231727 0.231727
0.59622 0.40378 0.231891 0.231891
0.59617 0.40383 0.232015 0.232015
0.59623 0.40377 0.232244 0.232244
0.59634 0.40366 0.232372 0.232372
0.59645 0.40355 0.232478 0.232478
0.59647 0.40353 0.232671 0.232671
0.59666 0.40334 0.232856 0.232856
0.59675 0.40325 0.232991 0.232991
0.59689 0.40311 0.233119 0.233119
0.59693 0.40307 0.2333 0.2333
0.59694 0.40306 0.233407 0.233407
0.5969 0.4031 0.233564 0.233564
0.59697 0.40303 0.233737 0.233737
0.59711 0.40289 0.233884 0.233884
0.59729 0.40271 0.233973 0.233973
0.59734 0.40266 0.234097 0.234097
0.59739 0.40261 0.234231 0.234231
0.59758 0.40242 0.234363 0.234363
0.5976 0.4024 0.234477 0.234477
0.59764 0.40236 0.234644 0.234644
0.59768 0.40232 0.234731 0.234731
0.59764 0.40236 0.234849 0.234849
0.59771 0.40229 0.234923 0.234923
0.59777 0.40223 0.235066 0.235066
0.59777 0.40223 0.235152 0.235152
0.59789 0.40211 0.235276 0.235276
0.59804 0.40196 0.235347 0.235347
0.59817 0.40183 0.235418 0.235418
0.59832 0.40168 0.235485 0.235485
0.59848 0.40152 0.235577 0.235577
0.59852 0.40148 0.235627 0.235627
0.59853 0.40147 0.23573 0.23573
0.59849 0.40151 0.235812 0.235812
0.59854 0.40146 0.235889 0.235889
0.59861 0.40139 0.235999 0.235999
0.59872 0.40128 0.236059 0.236059
0.59878 0.40122 0.23615 0.23615
0.59878 0.40122 0.236188 0.236188
0.59886 0.40114 0.236244 0.236244
0.59883 0.40117 0.236347 0.236347
0.59889 0.40111 0.236408 0.236408
0.59896 0.40104 0.23644 0.23644
0.599 0.401 0.236471 0.236471
0.59913 0.40087 0.236541 0.236541
0.59914 0.40086 0.236577 0.236577
0.59913 0.40087 0.236634 0.236634
0.59914 0.40086 0.236687 0.236687
0.59918 0.40082 0.236713 0.236713
0.59924 0.40076 0.236796 0.236796
0.59932 0.40068 0.23684 0.23684
0.59937 0.40063 0.236919 0.236919
0.59951 0.40049 0.236972 0.236972
0.59955 0.40045 0.237046 0.237046
0.59949 0.40051 0.237114 0.237114
0.59958 0.40042 0.23717 0.23717
0.59962 0.40038 0.237226 0.237226
0.59965 0.40035 0.237299 0.237299
0.5997 0.4003 0.237306 0.237306
0.59978 0.40022 0.237375 0.237375
0.59984 0.40016 0.237423 0.237423
0.59988 0.40012 0.237435 0.237435
0.59991 0.40009 0.237473 0.237473
0.59988 0.40012 0.237494 0.237494
0.59989 0.40011 0.237551 0.237551
0.59996 0.40004 0.237611 0.237611
0.60004 0.39996 0.237641 0.237641
0.60001 0.39999 0.237663 0.237663
0.60002 0.39998 0.23769 0.23769
0.60013 0.39987 0.237708 0.237708
0.60018 0.39982 0.23772 0.23772
0.60021 0.39979 0.237762 0.237762
0.60023 0.39977 0.237825 0.237825
0.60023 0.39977 0.2379 0.2379
0.6002 0.3998 0.237958 0.237958
0.60024 0.39976 0.238004 0.238004
0.60023 0.39977 0.238042 0.238042
0.60022 0.39978 0.238096 0.238096
0.60027 0.39973 0.238207 0.238207
0.60031 0.39969 0.23822 0.23822
0.60032 0.39968 0.238233 0.238233
0.60036 0.39964 0.238277 0.238277
0.60045 0.39955 0.238302 0.238302
0.60054 0.39946 0.238345 0.238345
0.60056 0.39944 0.238406 0.238406
0.60052 0.39948 0.238433 0.238433
0.6005 0.3995 0.238457 0.238457
0.60053 0.39947 0.238522 0.238522
0.60048 0.39952 0.238639 0.238639
0.60045 0.39955 0.238649 0.238649
0.60043 0.39957 0.238693 0.238693
0.60044 0.39956 0.238767 0.238767
0.60045 0.39955 0.238822 0.238822
0.60047 0.39953 0.238866 0.238866
0.60043 0.39957 0.238908 0.238908
0.60038 0.39962 0.238945 0.238945
0.60036 0.39964 0.239033 0.239033
0.60029 0.39971 0.2391 0.2391
0.60027 0.39973 0.23912 0.23912
0.60024 0.39976 0.239201 0.239201
0.60029 0.39971 0.239267 0.239267
0.60029 0.39971 0.239332 0.239332
0.60029 0.39971 0.23939 0.23939
0.60036 0.39964 0.239466 0.239466
0.60033 0.39967 0.239524 0.239524
0.60031 0.39969 0.239582 0.239582
0.60032 0.39968 0.23966 0.23966
0.60031 0.39969 0.239739 0.239739
0.60027 0.39973 0.239832 0.239832
0.60028 0.39972 0.239883 0.239883
0.60033 0.39967 0.239926 0.239926
0.60031 0.39969 0.240018 0.240018
0.60034 0.39966 0.240038 0.240038
0.60034 0.39966 0.240098 0.240098
0.60033 0.39967 0.240183 0.240183
0.60028 0.39972 0.240276 0.240276
0.60029 0.39971 0.240314 0.240314
0.6003 0.3997 0.240367 0.240367
0.6003 0.3997 0.240399 0.240399
0.60026 0.39974 0.240453 0.240453
0.60023 0.39977 0.240549 0.240549
0.60023 0.39977 0.240614 0.240614
0.60022 0.39978 0.240706 0.240706
0.60021 0.39979 0.240766 0.240766
0.60018 0.39982 0.240814 0.240814
0.60012 0.39988 0.24091 0.24091
0.60012 0.39988 0.240944 0.240944
0.60009 0.39991 0.240992 0.240992
0.6001 0.3999 0.241033 0.241033
0.60009 0.39991 0.241114 0.241114
0.60007 0.39993 0.241153 0.241153
0.60007 0.39993 0.241205 0.241205
0.60008 0.39992 0.241266 0.241266
0.60005 0.39995 0.241316 0.241316
0.60008 0.39992 0.241374 0.241374
0.6001 0.3999 0.241407 0.241407
0.60012 0.39988 0.241458 0.241458
0.60013 0.39987 0.241502 0.241502
0.60012 0.39988 0.241531 0.241531
0.60009 0.39991 0.241564 0.241564
0.60009 0.39991 0.241601 0.241601
0.60009 0.39991 0.24162 0.24162
0.6001 0.3999 0.241646 0.241646
0.60008 0.39992 0.241687 0.241687
0.60005 0.39995 0.24174 0.24174
0.60003 0.39997 0.241782 0.241782
0.6 0.4 0.241816 0.241816
0.59997 0.40003 0.24187 0.24187
0.59999 0.40001 0.241885 0.241885
0.59998 0.40002 0.241897 0.241897
0.59999 0.40001 0.241905 0.241905
0.59999 0.40001 0.241943 0.241943
0.59999 0.40001 0.241943 0.241943
0.6 0.4 0.242009 0.242009
0.59997 0.40003 0.242044 0.242044
0.59996 0.40004 0.242056 0.242056
0.59998 0.40002 0.242091 0.242091
0.6 0.4 0.242106 0.242106
0.59997 0.40003 0.242181 0.242181
0.59997 0.40003 0.242201 0.242201
0.59998 0.40002 0.242209 0.242209
0.59999 0.40001 0.242216 0.242216
0.6 0.4 0.242224 0.242224
0.6 0.4 0.242244 0.242244
0.6 0.4 0.242244 0.242244
0.60002 0.39998 0.24226 0.24226
0.60001 0.39999 0.242272 0.242272
0.60001 0.39999 0.242272 0.242272
0.6 0.4 0.242284 0.242284
0.6 0.4 0.242284 0.242284
0.6 0.4 0.242284 0.242284
0.59999 0.40001 0.242296 0.242296
0.60001 0.39999 0.242312 0.242312
0.6 0.4 0.242324 0.242324
0.6 0.4 0.242324 0.242324
0.6 0.4 0.242324 0.242324
0.60001 0.39999 0.242332 0.242332
0.60001 0.39999 0.242332 0.242332
0.60001 0.39999 0.242332 0.242332
0.60001 0.39999 0.242352 0.242352
0.60001 0.39999 0.242352 0.242352
0.60001 0.39999 0.242352 0.242352
0.60001 0.39999 0.242372 0.242372
0.60001 0.39999 0.242372 0.242372
0.60001 0.39999 0.242372 0.242372
0.60001 0.39999 0.242372 0.242372
0.60001 0.39999 0.242372 0.242372
0.6 0.4 0.242384 0.242384
0.6 0.4 0.242384 0.242384
0.6 0.4 0.242384 0.242384
0.6 0.4 0.242384 0.242384
0.60001 0.39999 0.242392 0.242392
0.60001 0.39999 0.242392 0.242392
0.60001 0.39999 0.242392 0.242392
0.60001 0.39999 0.242392 0.242392
0.60001 0.39999 0.242392 0.242392
0.60001 0.39999 0.242392 0.242392
0.60001 0.39999 0.242392 0.242392
0.60001 0.39999 0.242392 0.242392
0.60001 0.39999 0.242392 0.242392
0.60001 0.39999 0.242392 0.242392
0.60001 0.39999 0.242392 0.242392
0.60001 0.39999 0.242392 0.242392
0.60001 0.39999 0.242392 0.242392
0.6 0.4 0.242404 0.242404
0.6 0.4 0.242404 0.242404
0.6 0.4 0.242404 0.242404
0.6 0.4 0.242404 0.242404
0.6 0.4 0.242404 0.242404
0.6 0.4 0.242404 0.242404
0.6 0.4 0.242404 0.242404
0.6 0.4 0.242404 0.242404
0.6 0.4 0.242404 0.242404
0.6 0.4 0.242404 0.242404
0.6 0.4 0.242404 0.242404
0.6 0.4 0.242404 0.242404
0.6 0.4 0.242404 0.242404
0.6 0.4 0.242404 0.242404
0.6 0.4 0.242404 0.242404
0.59999 0.40001 0.242416 0.242416
0.59999 0.40001 0.242416 0.242416
0.59999 0.40001 0.242416 0.242416
0.59999 0.40001 0.242416 0.242416
0.59999 0.40001 0.242416 0.242416
0.59999 0.40001 0.242416 0.242416
0.59999 0.40001 0.242416 0.242416
0.59999 0.40001 0.242416 0.242416
0.59999 0.40001 0.242416 0.242416
0.59999 0.40001 0.242416 0.242416
0.59999 0.40001 0.242416 0.242416
0.59999 0.40001 0.242416 0.242416
0.59999 0.40001 0.242416 0.242416
0.59999 0.40001 0.242416 0.242416
0.59999 0.40001 0.242416 0.242416
0.59999 0.40001 0.242416 0.242416
0.59999 0.40001 0.242416 0.242416
0.59999 0.40001 0.242416 0.242416
0.59999 0.40001 0.242416 0.242416
0.6 0.4 0.242424 0.242424
0.6 0.4 0.242424 0.242424
0.6 0.4 0.242424 0.242424
0.6 0.4 0.242424 0.242424
0.6 0.4 0.242424 0.242424
0.6 0.4 0.242424 0.242424
0.6 0.4 0.242424 0.242424
0.6 0.4 0.242424 0.242424
0.6 0.4 0.242424 0.242424
0.6 0.4 0.242424 0.242424
0.6 0.4 0.242424 0.242424
0.6 0.4 0.242424 0.242424
0.6 0.4 0.242424 0.242424
0.6 0.4 0.242424 0.242424
0.6 0.4 0.242424 0.242424
0.6 0.4 0.242424 0.242424
0.6 0.4 0.242424 0.242424
0.6 0.4 0.242424 0.242424
0.6 0.4 0.242424 0.242424
0.6 0.4 0.242424 0.242424
0.6 0.4 0.242424 0.242424
0.6 0.4 0.242424 0.242424
0.6 0.4 0.242424 0.242424
0.6 0.4 0.242424 0.242424
0.6 0.4 0.242424 0.242424
0.6 0.4 0.242424 0.242424
0.6 0.4 0.242424 0.242424
0.6 0.4 0.242424 0.242424
0.6 0.4 0.242424 0.242424
0.6 0.4 0.242424 0.242424
0.6 0.4 0.242424 0.242424
0.6 0.4 0.242424 0.242424
0.6 0.4 0.242424 0.242424
0.6 0.4 0.242424 0.242424
0.6 0.4 0.242424 0.242424
0.6 0.4 0.242424 0.242424
0.6 0.4 0.242424 0.242424
0.6 0.4 0.242424 0.242424
0.6 0.4 0.242424 0.242424
0.6 0.4 0.242424 0.242424
0.6 0.4 0.242424 0.242424
0.6 0.4 0.242424 0.242424
0.6 0.4 0.242424 0.242424
0.6 0.4 0.242424 0.242424
0.6 0.4 0.242424 0.242424
0.6 0.4 0.242424 0.242424
0.6 0.4 0.242424 0.242424
0.6 0.4 0.242424 0.242424
0.6 0.4 0.242424 0.242424
0.6 0.4 0.242424 0.242424
0.6 0.4 0.242424 0.242424
0.6 0.4 0.242424 0.242424
0.6 0.4 0.242424 0.242424
0.6 0.4 0.242424 0.242424
0.6 0.4 0.242424 0.242424
0.6 0.4 0.242424 0.242424
0.6 0.4 0.242424 0.242424
0.6 0.4 0.242424 0.242424
0.6 0.4 0.242424 0.242424
0.6 0.4 0.242424 0.242424
0.6 0.4 0.242424 0.242424
0.6 0.4 0.242424 0.242424
0.6 0.4 0.242424 0.242424
0.6 0.4 0.242424 0.242424
0.6 0.4 0.242424 0.242424
0.6 0.4 0.242424 0.242424
0.6 0.4 0.242424 0.242424
0.6 0.4 0.242424 0.242424
0.6 0.4 0.242424 0.242424
0.6 0.4 0.242424 0.242424
0.6 0.4 0.242424 0.242424
0.6 0.4 0.242424 0.242424
0.6 0.4 0.242424 0.242424
0.6 0.4 0.242424 0.242424
0.6 0.4 0.242424 0.242424
0.6 0.4 0.242424 0.242424
0.6 0.4 0.242424 0.242424
0.6 0.4 0.242424 0.242424
0.6 0.4 0.242424 0.242424
0.6 0.4 0.242424 0.242424
0.6 0.4 0.242424 0.242424
0.6 0.4 0.242424 0.242424
0.6 0.4 0.242424 0.242424
0.6 0.4 0.242424 0.242424
0.6 0.4 0.242424 0.242424
0.6 0.4 0.242424 0.242424
0.6 0.4 0.242424 0.242424
0.6 0.4 0.242424 0.242424
0.6 0.4 0.242424 0.242424
0.6 0.4 0.242424 0.242424
0.6 0.4 0.242424 0.242424
0.6 0.4 0.242424 0.242424
0.6 0.4 0.242424 0.242424
0.6 0.4 0.242424 0.242424
0.6 0.4 0.242424 0.242424
0.6 0.4 0.242424 0.242424
0.6 0.4 0.242424 0.242424
0.6 0.4 0.242424 0.242424
0.6 0.4 0.242424 0.242424
0.6 0.4 0.242424 0.242424
0.6 0.4 0.242424 0.242424
0.6 0.4 0.242424 0.242424
0.6 0.4 0.242424 0.242424
0.6 0.4 0.242424 0.242424
0.6 0.4 0.242424 0.242424
0.6 0.4 0.242424 0.242424
0.6 0.4 0.242424 0.242424
0.6 0.4 0.242424 0.242424
0.6 0.4 0.242424 0.242424
0.6 0.4 0.242424 0.242424
0.6 0.4 0.242424 0.242424
0.6 0.4 0.242424 0.242424
0.6 0.4 0.242424 0.242424
0.6 0.4 0.242424 0.242424
0.6 0.4 0.242424 0.242424
0.6 0.4 0.242424 0.242424
0.6 0.4 0.242424 0.242424
0.6 0.4 0.242424 0.242424
0.6 0.4 0.242424 0.242424
0.6 0.4 0.242424 0.242424
0.6 0.4 0.242424 0.242424
0.6 0.4 0.242424 0.242424
0.6 0.4 0.242424 0.242424
0.6 0.4 0.242424 0.242424
0.6 0.4 0.242424 0.242424
0.6 0.4 0.242424 0.242424
0.6 0.4 0.242424 0.242424
0.6 0.4 0.242424 0.242424
0.6 0.4 0.242424 0.242424
0.6 0.4 0.242424 0.242424
0.6 0.4 0.242424 0.242424
0.6 0.4 0.242424 0.242424
0.6 0.4 0.242424 0.242424
0.6 0.4 0.242424 0.242424
0.6 0.4 0.242424 0.242424
0.6 0.4 0.242424 0.242424
0.6 0.4 0.242424 0.242424
0.6 0.4 0.242424 0.242424
0.6 0.4 0.242424 0.242424
0.6 0.4 0.242424 0.242424
0.6 0.4 0.242424 0.242424
0.6 0.4 0.242424 0.242424
0.6 0.4 0.242424 0.242424
0.6 0.4 0.242424 0.242424
0.6 0.4 0.242424 0.242424
0.6 0.4 0.242424 0.242424
0.6 0.4 0.242424 0.242424
0.6 0.4 0.242424 0.242424
0.6 0.4 0.242424 0.242424
0.6 0.4 0.242424 0.242424
0.6 0.4 0.242424 0.242424
0.6 0.4 0.242424 0.242424
0.6 0.4 0.242424 0.242424
