0.19337 0.80663 1.28819e-05 1.28819e-05
0.18691 0.81309 3.86484e-05 3.86484e-05
0.18047 0.81953 6.65951e-05 6.65951e-05
0.17496 0.82504 0.000103069 0.000103069
0.1689 0.8311 0.000145343 0.000145343
0.16389 0.83611 0.000194402 0.000194402
0.15886 0.84114 0.00026499 0.00026499
0.15413 0.84587 0.000303124 0.000303124
0.14903 0.85097 0.000352837 0.000352837
0.14468 0.85532 0.000395897 0.000395897
0.14022 0.85978 0.000450759 0.000450759
0.136 0.864 0.00051602 0.00051602
0.13235 0.86765 0.000575705 0.000575705
0.12866 0.87134 0.000635964 0.000635964
0.12512 0.87488 0.000692935 0.000692935
0.12145 0.87855 0.000712634 0.000712634
0.11826 0.88174 0.000774881 0.000774881
0.11498 0.88502 0.000810262 0.000810262
0.11196 0.88804 0.000871817 0.000871817
0.10898 0.89102 0.000901495 0.000901495
0.10599 0.89401 0.000916313 0.000916313
0.10313 0.89687 0.000938417 0.000938417
0.10056 0.89944 0.000937946 0.000937946
0.0976 0.9024 0.000935152 0.000935152
0.09528 0.90472 0.000940466 0.000940466
0.09307 0.90693 0.000950066 0.000950066
0.09037 0.90963 0.00094472 0.00094472
0.08773 0.91227 0.000943876 0.000943876
0.08514 0.91486 0.000933637 0.000933637
0.08294 0.91706 0.000950663 0.000950663
0.08094 0.91906 0.00094133 0.00094133
0.07886 0.92114 0.000932788 0.000932788
0.07684 0.92316 0.000904237 0.000904237
0.07509 0.92491 0.000908487 0.000908487
0.07303 0.92697 0.000891908 0.000891908
0.07121 0.92879 0.00087841 0.00087841
0.06944 0.93056 0.000874794 0.000874794
0.06749 0.93251 0.00086997 0.00086997
0.06592 0.93408 0.00085363 0.00085363
0.0642 0.9358 0.000822828 0.000822828
0.06259 0.93741 0.000809234 0.000809234
0.06129 0.93871 0.000809602 0.000809602
0.05966 0.94034 0.000787944 0.000787944
0.05822 0.94178 0.000769365 0.000769365
0.05717 0.94283 0.00075788 0.00075788
0.0558 0.9442 0.000744121 0.000744121
0.0546 0.9454 0.000743414 0.000743414
0.05348 0.94652 0.000730717 0.000730717
0.05239 0.94761 0.000714867 0.000714867
0.05137 0.94863 0.00071272 0.00071272
0.05043 0.94957 0.000704106 0.000704106
0.04955 0.95045 0.000695947 0.000695947
0.04862 0.95138 0.000680743 0.000680743
0.04766 0.95234 0.000673701 0.000673701
0.04671 0.95329 0.000665824 0.000665824
0.04582 0.95418 0.000655139 0.000655139
0.04496 0.95504 0.000640645 0.000640645
0.04403 0.95597 0.000630171 0.000630171
0.04326 0.95674 0.000620376 0.000620376
0.04251 0.95749 0.000622293 0.000622293
0.04165 0.95835 0.000614371 0.000614371
0.04093 0.95907 0.0006075 0.0006075
0.04011 0.95989 0.00058824 0.00058824
0.03943 0.96057 0.00058049 0.00058049
0.03871 0.96129 0.000568592 0.000568592
0.03815 0.96185 0.000559422 0.000559422
0.0376 0.9624 0.000555414 0.000555414
0.03709 0.96291 0.00054584 0.00054584
0.03649 0.96351 0.000538151 0.000538151
0.03581 0.96419 0.000532499 0.000532499
0.03522 0.96478 0.00052682 0.00052682
0.03468 0.96532 0.000521614 0.000521614
0.03404 0.96596 0.000516241 0.000516241
0.0335 0.9665 0.000506414 0.000506414
0.03299 0.96701 0.000509768 0.000509768
0.03253 0.96747 0.000504716 0.000504716
0.03217 0.96783 0.000499173 0.000499173
0.03174 0.96826 0.00049579 0.00049579
0.0313 0.9687 0.000493101 0.000493101
0.03097 0.96903 0.000495383 0.000495383
0.0306 0.9694 0.000487616 0.000487616
0.03021 0.96979 0.000487319 0.000487319
0.02995 0.97005 0.000484351 0.000484351
0.02945 0.97055 0.000480351 0.000480351
0.02911 0.97089 0.000477634 0.000477634
0.02871 0.97129 0.000481501 0.000481501
0.02842 0.97158 0.000475539 0.000475539
0.02814 0.97186 0.00046996 0.00046996
0.02785 0.97215 0.000469159 0.000469159
0.02749 0.97251 0.000458333 0.000458333
0.02712 0.97288 0.000449117 0.000449117
0.02701 0.97299 0.000450858 0.000450858
0.02673 0.97327 0.00044333 0.00044333
0.02641 0.97359 0.000440164 0.000440164
0.02619 0.97381 0.000441812 0.000441812
0.02594 0.97406 0.000441572 0.000441572
0.0258 0.9742 0.00043796 0.00043796
0.02559 0.97441 0.000435456 0.000435456
0.02542 0.97458 0.000436165 0.000436165
0.0252 0.9748 0.00043598 0.00043598
0.025 0.975 0.000437131 0.000437131
0.02482 0.97518 0.000437907 0.000437907
0.02455 0.97545 0.000433179 0.000433179
0.02436 0.97564 0.000432859 0.000432859
0.02403 0.97597 0.000430252 0.000430252
0.02386 0.97614 0.000428243 0.000428243
0.0237 0.9763 0.000429889 0.000429889
0.02353 0.97647 0.000428959 0.000428959
0.02342 0.97658 0.000429903 0.000429903
0.02323 0.97677 0.000431957 0.000431957
0.02311 0.97689 0.000434281 0.000434281
0.02292 0.97708 0.000433771 0.000433771
0.02278 0.97722 0.000432274 0.000432274
0.0226 0.9774 0.000429859 0.000429859
0.02249 0.97751 0.000429909 0.000429909
0.02237 0.97763 0.000428478 0.000428478
0.02226 0.97774 0.000426316 0.000426316
0.02216 0.97784 0.000424459 0.000424459
0.02208 0.97792 0.000418256 0.000418256
0.0219 0.9781 0.000422475 0.000422475
0.02171 0.97829 0.000420046 0.000420046
0.02159 0.97841 0.000417638 0.000417638
0.02152 0.97848 0.000415888 0.000415888
0.0214 0.9786 0.000412545 0.000412545
0.02129 0.97871 0.000413097 0.000413097
0.02122 0.97878 0.000412537 0.000412537
0.02111 0.97889 0.00041125 0.00041125
0.02102 0.97898 0.000413939 0.000413939
0.02095 0.97905 0.000416088 0.000416088
0.0208 0.9792 0.000414242 0.000414242
0.02073 0.97927 0.000414179 0.000414179
0.02061 0.97939 0.000411634 0.000411634
0.02055 0.97945 0.000408957 0.000408957
0.02053 0.97947 0.000408999 0.000408999
0.02042 0.97958 0.000409357 0.000409357
0.02031 0.97969 0.000409408 0.000409408
0.02024 0.97976 0.000405679 0.000405679
0.02012 0.97988 0.000402006 0.000402006
0.02006 0.97994 0.000401309 0.000401309
0.01995 0.98005 0.000398876 0.000398876
0.01986 0.98014 0.000398647 0.000398647
0.01976 0.98024 0.00039479 0.00039479
0.01968 0.98032 0.000395493 0.000395493
0.0196 0.9804 0.000397475 0.000397475
0.01948 0.98052 0.000398131 0.000398131
0.01946 0.98054 0.000397847 0.000397847
0.01939 0.98061 0.000394483 0.000394483
0.01927 0.98073 0.000392179 0.000392179
0.0192 0.9808 0.000393576 0.000393576
0.01913 0.98087 0.000391549 0.000391549
0.01911 0.98089 0.000391089 0.000391089
0.01906 0.98094 0.000391592 0.000391592
0.01905 0.98095 0.000390593 0.000390593
0.01901 0.98099 0.000390576 0.000390576
0.01893 0.98107 0.000391642 0.000391642
0.01888 0.98112 0.000389783 0.000389783
0.01882 0.98118 0.000391078 0.000391078
0.01874 0.98126 0.000392497 0.000392497
0.01872 0.98128 0.000391396 0.000391396
0.01866 0.98134 0.000392509 0.000392509
0.01862 0.98138 0.000390581 0.000390581
0.01859 0.98141 0.000389638 0.000389638
0.01852 0.98148 0.000387989 0.000387989
0.01852 0.98148 0.000389424 0.000389424
0.01847 0.98153 0.000392555 0.000392555
0.01842 0.98158 0.000392064 0.000392064
0.0184 0.9816 0.000392586 0.000392586
0.01839 0.98161 0.000392604 0.000392604
0.01838 0.98162 0.000392238 0.000392238
0.01837 0.98163 0.000392417 0.000392417
0.01833 0.98167 0.00039287 0.00039287
0.01824 0.98176 0.000394245 0.000394245
0.01822 0.98178 0.000393325 0.000393325
0.01819 0.98181 0.000393327 0.000393327
0.01815 0.98185 0.000393927 0.000393927
0.01813 0.98187 0.000393508 0.000393508
0.0181 0.9819 0.000392879 0.000392879
0.01808 0.98192 0.000392519 0.000392519
0.01804 0.98196 0.000390402 0.000390402
0.01802 0.98198 0.000389555 0.000389555
0.01795 0.98205 0.000386412 0.000386412
0.01793 0.98207 0.000386813 0.000386813
0.01791 0.98209 0.000386891 0.000386891
0.01785 0.98215 0.000388088 0.000388088
0.01783 0.98217 0.000388385 0.000388385
0.01781 0.98219 0.000388499 0.000388499
0.01781 0.98219 0.000388822 0.000388822
0.0178 0.9822 0.00038903 0.00038903
0.01777 0.98223 0.000388381 0.000388381
0.01775 0.98225 0.000389785 0.000389785
0.01773 0.98227 0.000389411 0.000389411
0.01771 0.98229 0.000389945 0.000389945
0.01769 0.98231 0.000388661 0.000388661
0.01766 0.98234 0.000386186 0.000386186
0.01762 0.98238 0.000385551 0.000385551
0.01759 0.98241 0.00038382 0.00038382
0.01755 0.98245 0.000380654 0.000380654
0.01755 0.98245 0.000381927 0.000381927
0.01753 0.98247 0.00038009 0.00038009
0.01752 0.98248 0.000380171 0.000380171
0.0175 0.9825 0.000380838 0.000380838
0.01749 0.98251 0.000382333 0.000382333
0.01746 0.98254 0.000381524 0.000381524
0.01746 0.98254 0.000381524 0.000381524
0.01745 0.98255 0.000381684 0.000381684
0.01747 0.98253 0.000382635 0.000382635
0.01747 0.98253 0.000382635 0.000382635
0.01746 0.98254 0.000382857 0.000382857
0.01742 0.98258 0.000382226 0.000382226
0.01743 0.98257 0.000381945 0.000381945
0.01741 0.98259 0.000381618 0.000381618
0.0174 0.9826 0.000381818 0.000381818
0.01739 0.98261 0.00038125 0.00038125
0.01739 0.98261 0.000381331 0.000381331
0.01739 0.98261 0.000381331 0.000381331
0.01739 0.98261 0.000381331 0.000381331
0.01739 0.98261 0.000381331 0.000381331
0.01738 0.98262 0.000380218 0.000380218
0.01736 0.98264 0.000380556 0.000380556
0.01735 0.98265 0.000380735 0.000380735
0.01732 0.98268 0.000381028 0.000381028
0.01732 0.98268 0.000381028 0.000381028
0.01731 0.98269 0.000380155 0.000380155
0.01729 0.98271 0.000379279 0.000379279
0.0173 0.9827 0.000379222 0.000379222
0.0173 0.9827 0.000380556 0.000380556
0.0173 0.9827 0.000380212 0.000380212
0.01729 0.98271 0.00038037 0.00038037
0.01728 0.98272 0.000379274 0.000379274
0.01728 0.98272 0.000379274 0.000379274
0.01727 0.98273 0.000380704 0.000380704
0.01723 0.98277 0.000380623 0.000380623
0.01724 0.98276 0.000380467 0.000380467
0.0172 0.9828 0.000381071 0.000381071
0.0172 0.9828 0.000381071 0.000381071
0.01719 0.98281 0.000380842 0.000380842
0.01718 0.98282 0.000379765 0.000379765
0.01718 0.98282 0.000379765 0.000379765
0.01717 0.98283 0.00037986 0.00037986
0.01717 0.98283 0.00037986 0.00037986
0.01715 0.98285 0.000380109 0.000380109
0.01715 0.98285 0.000380109 0.000380109
0.01715 0.98285 0.000380109 0.000380109
0.01713 0.98287 0.000380518 0.000380518
0.01713 0.98287 0.000380518 0.000380518
0.01713 0.98287 0.000380518 0.000380518
0.01712 0.98288 0.000380571 0.000380571
0.01712 0.98288 0.000380571 0.000380571
0.0171 0.9829 0.000379404 0.000379404
0.01711 0.98289 0.000379634 0.000379634
0.01707 0.98293 0.000377864 0.000377864
0.01707 0.98293 0.000377864 0.000377864
0.01706 0.98294 0.000376764 0.000376764
0.01705 0.98295 0.000377038 0.000377038
0.01704 0.98296 0.000377049 0.000377049
0.01703 0.98297 0.000375989 0.000375989
0.01702 0.98298 0.000376202 0.000376202
0.01702 0.98298 0.000376202 0.000376202
0.01702 0.98298 0.000376202 0.000376202
0.01701 0.98299 0.000376313 0.000376313
0.01701 0.98299 0.000376313 0.000376313
0.017 0.983 0.000374869 0.000374869
0.01699 0.98301 0.000375141 0.000375141
0.01699 0.98301 0.000375141 0.000375141
0.01698 0.98302 0.000375212 0.000375212
0.01697 0.98303 0.000374474 0.000374474
0.01696 0.98304 0.000374625 0.000374625
0.01695 0.98305 0.000373442 0.000373442
0.01693 0.98307 0.000371318 0.000371318
0.01694 0.98306 0.0003724 0.0003724
0.01694 0.98306 0.0003724 0.0003724
0.01694 0.98306 0.0003724 0.0003724
0.01692 0.98308 0.00037167 0.00037167
0.01691 0.98309 0.000371901 0.000371901
0.0169 0.9831 0.000372111 0.000372111
0.01689 0.98311 0.00037218 0.00037218
0.01689 0.98311 0.00037218 0.00037218
0.01688 0.98312 0.000372349 0.000372349
0.01687 0.98313 0.00037272 0.00037272
0.01686 0.98314 0.000372485 0.000372485
0.01684 0.98316 0.00037256 0.00037256
0.01684 0.98316 0.00037256 0.00037256
0.01684 0.98316 0.00037256 0.00037256
0.01683 0.98317 0.000372728 0.000372728
0.01682 0.98318 0.000372513 0.000372513
0.01682 0.98318 0.000372513 0.000372513
0.01682 0.98318 0.000372755 0.000372755
0.01682 0.98318 0.000372755 0.000372755
0.01681 0.98319 0.000372661 0.000372661
0.01681 0.98319 0.000372661 0.000372661
0.01679 0.98321 0.000372996 0.000372996
0.01677 0.98323 0.00037325 0.00037325
0.01677 0.98323 0.00037325 0.00037325
0.01677 0.98323 0.00037325 0.00037325
0.01676 0.98324 0.000373457 0.000373457
0.01674 0.98326 0.000373992 0.000373992
0.01673 0.98327 0.000373916 0.000373916
0.01674 0.98326 0.000373992 0.000373992
0.01673 0.98327 0.000372906 0.000372906
0.01671 0.98329 0.000373036 0.000373036
0.0167 0.9833 0.000373242 0.000373242
0.0167 0.9833 0.000373242 0.000373242
0.01669 0.98331 0.000373549 0.000373549
0.01669 0.98331 0.000373549 0.000373549
0.01669 0.98331 0.000373549 0.000373549
0.01669 0.98331 0.000373549 0.000373549
0.01669 0.98331 0.000373327 0.000373327
0.01668 0.98332 0.000371917 0.000371917
0.01667 0.98333 0.000372143 0.000372143
0.01667 0.98333 0.000372143 0.000372143
0.01667 0.98333 0.000372143 0.000372143
0.01666 0.98334 0.000372449 0.000372449
0.01666 0.98334 0.000372449 0.000372449
0.01667 0.98333 0.000372223 0.000372223
0.01668 0.98332 0.000373634 0.000373634
0.01668 0.98332 0.000373634 0.000373634
0.01668 0.98332 0.000373634 0.000373634
0.01668 0.98332 0.000373634 0.000373634
0.01667 0.98333 0.000373718 0.000373718
0.01667 0.98333 0.000373718 0.000373718
0.01666 0.98334 0.000372651 0.000372651
0.01666 0.98334 0.000372651 0.000372651
0.01666 0.98334 0.000372651 0.000372651
0.01666 0.98334 0.000372651 0.000372651
0.01665 0.98335 0.000372856 0.000372856
0.01665 0.98335 0.000372856 0.000372856
0.01665 0.98335 0.000372856 0.000372856
0.01665 0.98335 0.000372856 0.000372856
0.01664 0.98336 0.000372556 0.000372556
0.01664 0.98336 0.000372556 0.000372556
0.01663 0.98337 0.000372741 0.000372741
0.01663 0.98337 0.000372741 0.000372741
0.01663 0.98337 0.000372741 0.000372741
0.01663 0.98337 0.000372741 0.000372741
0.01663 0.98337 0.000372741 0.000372741
0.01663 0.98337 0.000372741 0.000372741
0.01662 0.98338 0.000372016 0.000372016
0.01662 0.98338 0.000372016 0.000372016
0.0166 0.9834 0.000371919 0.000371919
0.0166 0.9834 0.000371919 0.000371919
0.0166 0.9834 0.000371919 0.000371919
0.0166 0.9834 0.000371919 0.000371919
0.01659 0.98341 0.000370992 0.000370992
0.01659 0.98341 0.000370992 0.000370992
0.01659 0.98341 0.000370992 0.000370992
0.01659 0.98341 0.000370992 0.000370992
0.01658 0.98342 0.000371115 0.000371115
0.01658 0.98342 0.000371115 0.000371115
0.01655 0.98345 0.000368513 0.000368513
0.01655 0.98345 0.000368513 0.000368513
0.01656 0.98344 0.000368532 0.000368532
0.01656 0.98344 0.000368532 0.000368532
0.01656 0.98344 0.000368532 0.000368532
0.01656 0.98344 0.000368532 0.000368532
0.01656 0.98344 0.000368532 0.000368532
0.01656 0.98344 0.000368532 0.000368532
0.01655 0.98345 0.000368513 0.000368513
0.01656 0.98344 0.000369683 0.000369683
0.01656 0.98344 0.000369683 0.000369683
0.01656 0.98344 0.000369683 0.000369683
0.01656 0.98344 0.000369683 0.000369683
0.01656 0.98344 0.00036936 0.00036936
0.01656 0.98344 0.00036936 0.00036936
0.01656 0.98344 0.00036936 0.00036936
0.01657 0.98343 0.000369702 0.000369702
0.01657 0.98343 0.000369702 0.000369702
0.01657 0.98343 0.000369702 0.000369702
0.01657 0.98343 0.000369702 0.000369702
0.01657 0.98343 0.000369702 0.000369702
0.01657 0.98343 0.000369702 0.000369702
0.01656 0.98344 0.000369905 0.000369905
0.01656 0.98344 0.000369905 0.000369905
0.01656 0.98344 0.000369905 0.000369905
0.01656 0.98344 0.000369905 0.000369905
0.01656 0.98344 0.000369905 0.000369905
0.01656 0.98344 0.000369905 0.000369905
0.01656 0.98344 0.000369905 0.000369905
0.01656 0.98344 0.000369905 0.000369905
0.01655 0.98345 0.000369583 0.000369583
0.01653 0.98347 0.000368777 0.000368777
0.01653 0.98347 0.000368777 0.000368777
0.01653 0.98347 0.000368777 0.000368777
0.01653 0.98347 0.000368777 0.000368777
0.01653 0.98347 0.000368777 0.000368777
0.01653 0.98347 0.000368777 0.000368777
0.01654 0.98346 0.000369099 0.000369099
0.01654 0.98346 0.000369099 0.000369099
0.01654 0.98346 0.000369099 0.000369099
0.01654 0.98346 0.000369099 0.000369099
0.01654 0.98346 0.000369099 0.000369099
0.01655 0.98345 0.000368856 0.000368856
0.01655 0.98345 0.000368856 0.000368856
0.01655 0.98345 0.000368856 0.000368856
0.01655 0.98345 0.000368856 0.000368856
0.01655 0.98345 0.000368856 0.000368856
0.01655 0.98345 0.000368856 0.000368856
0.01654 0.98346 0.000368837 0.000368837
0.01654 0.98346 0.000368837 0.000368837
0.01654 0.98346 0.000368837 0.000368837
0.01654 0.98346 0.000368837 0.000368837
0.01653 0.98347 0.000367666 0.000367666
0.01653 0.98347 0.000367666 0.000367666
0.01653 0.98347 0.000367666 0.000367666
0.01653 0.98347 0.000367666 0.000367666
0.01653 0.98347 0.000367666 0.000367666
0.01653 0.98347 0.000367666 0.000367666
0.01653 0.98347 0.000367666 0.000367666
0.01653 0.98347 0.000367666 0.000367666
0.01652 0.98348 0.000367787 0.000367787
0.01652 0.98348 0.000367787 0.000367787
0.01652 0.98348 0.000367787 0.000367787
0.01652 0.98348 0.000367787 0.000367787
0.01652 0.98348 0.000367787 0.000367787
0.01652 0.98348 0.000367787 0.000367787
0.01651 0.98349 0.000367566 0.000367566
0.01651 0.98349 0.000367566 0.000367566
0.01651 0.98349 0.000367566 0.000367566
0.01651 0.98349 0.000367566 0.000367566
0.0165 0.9835 0.000366677 0.000366677
0.0165 0.9835 0.000366677 0.000366677
0.0165 0.9835 0.000366677 0.000366677
0.0165 0.9835 0.000366677 0.000366677
0.0165 0.9835 0.000366677 0.000366677
0.0165 0.9835 0.000366677 0.000366677
0.0165 0.9835 0.000366677 0.000366677
0.0165 0.9835 0.000366677 0.000366677
0.01649 0.98351 0.000366333 0.000366333
0.0165 0.9835 0.000366677 0.000366677
0.0165 0.9835 0.000366677 0.000366677
0.0165 0.9835 0.000366677 0.000366677
0.0165 0.9835 0.000366677 0.000366677
0.0165 0.9835 0.000366677 0.000366677
0.0165 0.9835 0.000366677 0.000366677
0.0165 0.9835 0.000366677 0.000366677
0.0165 0.9835 0.000366677 0.000366677
0.01651 0.98349 0.000366899 0.000366899
0.01651 0.98349 0.000366899 0.000366899
0.01651 0.98349 0.000366899 0.000366899
0.01648 0.98352 0.000367383 0.000367383
0.01647 0.98353 0.00036706 0.00036706
0.01647 0.98353 0.00036706 0.00036706
0.01646 0.98354 0.00036714 0.00036714
0.01645 0.98355 0.000366795 0.000366795
0.01644 0.98356 0.000366936 0.000366936
0.01644 0.98356 0.000366936 0.000366936
0.01644 0.98356 0.000366936 0.000366936
0.01644 0.98356 0.000366936 0.000366936
0.01644 0.98356 0.000366936 0.000366936
0.01644 0.98356 0.000366936 0.000366936
0.01644 0.98356 0.000366936 0.000366936
0.01644 0.98356 0.000366936 0.000366936
0.01644 0.98356 0.000366936 0.000366936
0.01644 0.98356 0.000366936 0.000366936
0.01643 0.98357 0.000367177 0.000367177
0.01644 0.98356 0.000367037 0.000367037
0.01644 0.98356 0.000367037 0.000367037
0.01644 0.98356 0.000367037 0.000367037
0.01644 0.98356 0.000367037 0.000367037
0.01644 0.98356 0.000367037 0.000367037
0.01644 0.98356 0.000367037 0.000367037
0.01644 0.98356 0.000367037 0.000367037
0.01643 0.98357 0.000366813 0.000366813
0.01643 0.98357 0.000366813 0.000366813
0.01642 0.98358 0.000366893 0.000366893
0.01642 0.98358 0.000366893 0.000366893
0.01642 0.98358 0.000366893 0.000366893
0.01642 0.98358 0.000366893 0.000366893
0.01642 0.98358 0.000366893 0.000366893
0.01642 0.98358 0.000366893 0.000366893
0.01641 0.98359 0.000367113 0.000367113
0.01641 0.98359 0.000367113 0.000367113
0.01641 0.98359 0.000367113 0.000367113
0.01641 0.98359 0.000367113 0.000367113
0.01641 0.98359 0.000367113 0.000367113
0.01641 0.98359 0.000367113 0.000367113
0.01641 0.98359 0.000367113 0.000367113
0.01641 0.98359 0.000367113 0.000367113
0.01641 0.98359 0.000367113 0.000367113
0.01639 0.98361 0.000367109 0.000367109
0.01639 0.98361 0.000367109 0.000367109
0.01639 0.98361 0.000367109 0.000367109
0.01639 0.98361 0.000367109 0.000367109
0.01639 0.98361 0.000367109 0.000367109
0.01639 0.98361 0.000367109 0.000367109
0.01639 0.98361 0.000367109 0.000367109
0.01639 0.98361 0.000367109 0.000367109
0.01638 0.98362 0.000367248 0.000367248
0.01638 0.98362 0.000367248 0.000367248
0.01638 0.98362 0.000367248 0.000367248
0.01638 0.98362 0.000367248 0.000367248
0.01638 0.98362 0.000367248 0.000367248
0.01638 0.98362 0.000367248 0.000367248
0.01638 0.98362 0.000367248 0.000367248
0.01638 0.98362 0.000367248 0.000367248
0.01638 0.98362 0.000367248 0.000367248
0.01638 0.98362 0.000367248 0.000367248
0.01638 0.98362 0.000367248 0.000367248
0.01638 0.98362 0.000367248 0.000367248
0.01638 0.98362 0.000367248 0.000367248
0.01638 0.98362 0.000367248 0.000367248
