0.19976 0.80024 1.15176e-05 1.15176e-05
0.19988 0.80012 2.46925e-05 2.46925e-05
0.19977 0.80023 3.62193e-05 3.62193e-05
0.19932 0.80068 4.58966e-05 4.58966e-05
0.19867 0.80133 4.89304e-05 4.89304e-05
0.19911 0.80089 5.93918e-05 5.93918e-05
0.1996 0.8004 6.46465e-05 6.46465e-05
0.19966 0.80034 6.49135e-05 6.49135e-05
0.20036 0.79964 8.21317e-05 8.21317e-05
0.20002 0.79998 8.2242e-05 8.2242e-05
0.19992 0.80008 8.01552e-05 8.01552e-05
0.20016 0.79984 8.57115e-05 8.57115e-05
0.19987 0.80013 9.04779e-05 9.04779e-05
0.1993 0.8007 0.000107081 0.000107081
0.19958 0.80042 0.000107135 0.000107135
0.19954 0.80046 0.000104776 0.000104776
0.20024 0.79976 0.000106669 0.000106669
0.20061 0.79939 0.000107796 0.000107796
0.20021 0.79979 0.00011441 0.00011441
0.20069 0.79931 0.000116155 0.000116155
0.20134 0.79866 0.000111439 0.000111439
0.20083 0.79917 0.000104264 0.000104264
0.20124 0.79876 0.000116265 0.000116265
0.20078 0.79922 0.00013088 0.00013088
0.20068 0.79932 0.000131977 0.000131977
0.20094 0.79906 0.000140017 0.000140017
0.2008 0.7992 0.000141758 0.000141758
0.20104 0.79896 0.000127089 0.000127089
0.20063 0.79937 0.000124336 0.000124336
0.20029 0.79971 0.000128188 0.000128188
0.20025 0.79975 0.000133644 0.000133644
0.20063 0.79937 0.000128437 0.000128437
0.20088 0.79912 0.00013647 0.00013647
0.20059 0.79941 0.000150588 0.000150588
0.20042 0.79958 0.000158751 0.000158751
0.20076 0.79924 0.000176245 0.000176245
0.20032 0.79968 0.000189755 0.000189755
0.19994 0.80006 0.000190421 0.000190421
0.20041 0.79959 0.000185113 0.000185113
0.20069 0.79931 0.000180782 0.000180782
0.20008 0.79992 0.000178175 0.000178175
0.20044 0.79956 0.000191602 0.000191602
0.19981 0.80019 0.000207105 0.000207105
0.2004 0.7996 0.000190566 0.000190566
0.20015 0.79985 0.000175947 0.000175947
0.20033 0.79967 0.000174486 0.000174486
0.20069 0.79931 0.00017163 0.00017163
0.20052 0.79948 0.000167101 0.000167101
0.20075 0.79925 0.000163765 0.000163765
0.20089 0.79911 0.000163069 0.000163069
0.20141 0.79859 0.000165962 0.000165962
0.20146 0.79854 0.000158392 0.000158392
0.20184 0.79816 0.000166176 0.000166176
0.20161 0.79839 0.000161473 0.000161473
0.20169 0.79831 0.000159469 0.000159469
0.20129 0.79871 0.000173339 0.000173339
0.20146 0.79854 0.000174231 0.000174231
0.2015 0.7985 0.000159485 0.000159485
0.20171 0.79829 0.000172471 0.000172471
0.20141 0.79859 0.000171234 0.000171234
0.20125 0.79875 0.000158008 0.000158008
0.2012 0.7988 0.000135293 0.000135293
0.20147 0.79853 0.000141888 0.000141888
0.20135 0.79865 0.000148412 0.000148412
0.20133 0.79867 0.000146203 0.000146203
0.20089 0.79911 0.00015923 0.00015923
0.20101 0.79899 0.000159424 0.000159424
0.20061 0.79939 0.000156503 0.000156503
0.20063 0.79937 0.000156922 0.000156922
0.20012 0.79988 0.000144975 0.000144975
0.19961 0.80039 0.000148159 0.000148159
0.1998 0.8002 0.000161798 0.000161798
0.19964 0.80036 0.000150657 0.000150657
0.19998 0.80002 0.000142363 0.000142363
0.20036 0.79964 0.000142273 0.000142273
0.20037 0.79963 0.000138943 0.000138943
0.20026 0.79974 0.000144982 0.000144982
0.20031 0.79969 0.000138418 0.000138418
0.20005 0.79995 0.000140169 0.000140169
0.19965 0.80035 0.000161442 0.000161442
0.19979 0.80021 0.000170875 0.000170875
0.19956 0.80044 0.000161259 0.000161259
0.19989 0.80011 0.000156685 0.000156685
0.20018 0.79982 0.000144695 0.000144695
0.20021 0.79979 0.000151764 0.000151764
0.19969 0.80031 0.000154842 0.000154842
0.19971 0.80029 0.000154531 0.000154531
0.2004 0.7996 0.000153374 0.000153374
0.20031 0.79969 0.000154519 0.000154519
0.20012 0.79988 0.000153056 0.000153056
0.20004 0.79996 0.000150281 0.000150281
0.19924 0.80076 0.000152972 0.000152972
0.19951 0.80049 0.000165909 0.000165909
0.19942 0.80058 0.000181539 0.000181539
0.19983 0.80017 0.000180789 0.000180789
0.20028 0.79972 0.000177093 0.000177093
0.20004 0.79996 0.000167635 0.000167635
0.20059 0.79941 0.000166871 0.000166871
0.20066 0.79934 0.000168651 0.000168651
0.20053 0.79947 0.000159807 0.000159807
0.20071 0.79929 0.00016443 0.00016443
0.20027 0.79973 0.000176219 0.000176219
0.19942 0.80058 0.000162185 0.000162185
0.19918 0.80082 0.000166472 0.000166472
0.19896 0.80104 0.000163312 0.000163312
0.199 0.801 0.000164707 0.000164707
0.19887 0.80113 0.000162437 0.000162437
0.19921 0.80079 0.000166329 0.000166329
0.19965 0.80035 0.000172452 0.000172452
0.19985 0.80015 0.000168432 0.000168432
0.19996 0.80004 0.000167049 0.000167049
0.20003 0.79997 0.000163726 0.000163726
0.20037 0.79963 0.000161791 0.000161791
0.20013 0.79987 0.000161104 0.000161104
0.19995 0.80005 0.00016724 0.00016724
0.20031 0.79969 0.000164378 0.000164378
0.20032 0.79968 0.000167068 0.000167068
0.20093 0.79907 0.000162652 0.000162652
0.20052 0.79948 0.000162616 0.000162616
0.20092 0.79908 0.000158095 0.000158095
0.20127 0.79873 0.00015931 0.00015931
0.20111 0.79889 0.000162382 0.000162382
0.2008 0.7992 0.000163394 0.000163394
0.20093 0.79907 0.000169197 0.000169197
0.20078 0.79922 0.000149608 0.000149608
0.20034 0.79966 0.0001396 0.0001396
0.20043 0.79957 0.000136268 0.000136268
0.20048 0.79952 0.000142919 0.000142919
0.20026 0.79974 0.000143629 0.000143629
0.20007 0.79993 0.000156187 0.000156187
0.20029 0.79971 0.000163238 0.000163238
0.20065 0.79935 0.000167058 0.000167058
0.20018 0.79982 0.000165442 0.000165442
0.20046 0.79954 0.000173362 0.000173362
0.20076 0.79924 0.000178225 0.000178225
0.20099 0.79901 0.000182212 0.000182212
0.20099 0.79901 0.000200414 0.000200414
0.2013 0.7987 0.00020801 0.00020801
0.20154 0.79846 0.000211604 0.000211604
0.20153 0.79847 0.00020813 0.00020813
0.20144 0.79856 0.00019435 0.00019435
0.20092 0.79908 0.000195327 0.000195327
0.20091 0.79909 0.000198143 0.000198143
0.20054 0.79946 0.000192332 0.000192332
0.20024 0.79976 0.000188811 0.000188811
0.20025 0.79975 0.000191341 0.000191341
0.19977 0.80023 0.00021426 0.00021426
0.19948 0.80052 0.000200272 0.000200272
0.19879 0.80121 0.000190673 0.000190673
0.19926 0.80074 0.000186861 0.000186861
0.1996 0.8004 0.000185232 0.000185232
0.19974 0.80026 0.000194093 0.000194093
0.20011 0.79989 0.000189917 0.000189917
0.20026 0.79974 0.000184841 0.000184841
0.20009 0.79991 0.000188871 0.000188871
0.20028 0.79972 0.000169032 0.000169032
0.20071 0.79929 0.000180006 0.000180006
0.2005 0.7995 0.000179101 0.000179101
0.19962 0.80038 0.000172056 0.000172056
0.20037 0.79963 0.000189488 0.000189488
0.20016 0.79984 0.000198903 0.000198903
0.20016 0.79984 0.000190055 0.000190055
0.20044 0.79956 0.000191602 0.000191602
0.20058 0.79942 0.000195256 0.000195256
0.20038 0.79962 0.000194945 0.000194945
0.20012 0.79988 0.000185945 0.000185945
0.20067 0.79933 0.000176304 0.000176304
0.20051 0.79949 0.000176636 0.000176636
0.20077 0.79923 0.00019226 0.00019226
0.2008 0.7992 0.000202566 0.000202566
0.20089 0.79911 0.000186806 0.000186806
0.20105 0.79895 0.000180169 0.000180169
0.20102 0.79898 0.000176383 0.000176383
0.2002 0.7998 0.000167859 0.000167859
0.1995 0.8005 0.000168556 0.000168556
0.20006 0.79994 0.000160602 0.000160602
0.19983 0.80017 0.000166324 0.000166324
0.20011 0.79989 0.000162665 0.000162665
0.20012 0.79988 0.00017047 0.00017047
0.20022 0.79978 0.000178214 0.000178214
0.20021 0.79979 0.000171764 0.000171764
0.19983 0.80017 0.000160991 0.000160991
0.20016 0.79984 0.000166459 0.000166459
0.19971 0.80029 0.000181198 0.000181198
0.1995 0.8005 0.000191202 0.000191202
0.20038 0.79962 0.000185147 0.000185147
0.2002 0.7998 0.000176081 0.000176081
0.20011 0.79989 0.000178685 0.000178685
0.19985 0.80015 0.000160573 0.000160573
0.20051 0.79949 0.000177707 0.000177707
0.20004 0.79996 0.000178241 0.000178241
0.20006 0.79994 0.000171815 0.000171815
0.20031 0.79969 0.000186984 0.000186984
0.20048 0.79952 0.000170858 0.000170858
0.20074 0.79926 0.000165124 0.000165124
0.20015 0.79985 0.000155058 0.000155058
0.20071 0.79929 0.00015837 0.00015837
0.20041 0.79959 0.000162103 0.000162103
0.19991 0.80009 0.000166265 0.000166265
0.19973 0.80027 0.000161775 0.000161775
0.19939 0.80061 0.000167412 0.000167412
0.19931 0.80069 0.00018159 0.00018159
0.19962 0.80038 0.000179026 0.000179026
0.1996 0.8004 0.000170929 0.000170929
0.19979 0.80021 0.000160168 0.000160168
0.20009 0.79991 0.000160588 0.000160588
0.20035 0.79965 0.000160513 0.000160513
0.20088 0.79912 0.000163905 0.000163905
0.20076 0.79924 0.000172629 0.000172629
0.20098 0.79902 0.000163636 0.000163636
0.20099 0.79901 0.000168273 0.000168273
0.20104 0.79896 0.000166463 0.000166463
0.20127 0.79873 0.000156361 0.000156361
0.20124 0.79876 0.000146245 0.000146245
0.20082 0.79918 0.000150957 0.000150957
0.20078 0.79922 0.000153082 0.000153082
0.20025 0.79975 0.000152371 0.000152371
0.20039 0.79961 0.000181089 0.000181089
0.19997 0.80003 0.000185969 0.000185969
0.20008 0.79992 0.0001826 0.0001826
0.19951 0.80049 0.000181828 0.000181828
0.19884 0.80116 0.000190843 0.000190843
0.199 0.801 0.000181354 0.000181354
0.19918 0.80082 0.000183785 0.000183785
0.19919 0.80081 0.000178782 0.000178782
0.19916 0.80084 0.000175974 0.000175974
0.19898 0.80102 0.000180545 0.000180545
0.19924 0.80076 0.000178709 0.000178709
0.19926 0.80074 0.000175629 0.000175629
0.19913 0.80087 0.000188842 0.000188842
0.19924 0.80076 0.000192588 0.000192588
0.19943 0.80057 0.0001855 0.0001855
0.19955 0.80045 0.000183139 0.000183139
0.19986 0.80014 0.000179556 0.000179556
0.19956 0.80044 0.000179481 0.000179481
0.19887 0.80113 0.000182417 0.000182417
0.19912 0.80088 0.000188915 0.000188915
0.19928 0.80072 0.000187416 0.000187416
0.19964 0.80036 0.000182011 0.000182011
0.19939 0.80061 0.000170321 0.000170321
0.1996 0.8004 0.000174889 0.000174889
0.19999 0.80001 0.000174636 0.000174636
0.19942 0.80058 0.000170145 0.000170145
0.19905 0.80095 0.000159583 0.000159583
0.1995 0.8005 0.000180495 0.000180495
0.19968 0.80032 0.000183998 0.000183998
0.19983 0.80017 0.000183536 0.000183536
0.19961 0.80039 0.000186281 0.000186281
0.19979 0.80021 0.000187824 0.000187824
0.19961 0.80039 0.000190685 0.000190685
0.19994 0.80006 0.000190744 0.000190744
0.20023 0.79977 0.000186442 0.000186442
0.20009 0.79991 0.00018077 0.00018077
0.20013 0.79987 0.000186357 0.000186357
0.20051 0.79949 0.000188636 0.000188636
0.20047 0.79953 0.000189181 0.000189181
0.20065 0.79935 0.000177119 0.000177119
0.20071 0.79929 0.000170935 0.000170935
0.2002 0.7998 0.00016996 0.00016996
0.19991 0.80009 0.000167416 0.000167416
0.20048 0.79952 0.000166272 0.000166272
0.2008 0.7992 0.000166162 0.000166162
0.2005 0.7995 0.000156434 0.000156434
0.20092 0.79908 0.000151185 0.000151185
0.20087 0.79913 0.000149387 0.000149387
0.20065 0.79935 0.000148189 0.000148189
0.20059 0.79941 0.000145093 0.000145093
0.20004 0.79996 0.000135716 0.000135716
0.19964 0.80036 0.000158172 0.000158172
0.20009 0.79991 0.000150487 0.000150487
0.19982 0.80018 0.000148775 0.000148775
0.20003 0.79997 0.000148009 0.000148009
0.2003 0.7997 0.000144354 0.000144354
0.20038 0.79962 0.000141672 0.000141672
0.2003 0.7997 0.000138253 0.000138253
0.20031 0.79969 0.000138842 0.000138842
0.20039 0.79961 0.000144705 0.000144705
0.20038 0.79962 0.000156238 0.000156238
0.20091 0.79909 0.000155598 0.000155598
0.20093 0.79907 0.000153237 0.000153237
0.20068 0.79932 0.000152745 0.000152745
0.20052 0.79948 0.000165424 0.000165424
0.2004 0.7996 0.000151475 0.000151475
0.20062 0.79938 0.000146905 0.000146905
0.2007 0.7993 0.000158677 0.000158677
0.20022 0.79978 0.000158961 0.000158961
0.20031 0.79969 0.000165994 0.000165994
0.19957 0.80043 0.000163581 0.000163581
0.19956 0.80044 0.00015239 0.00015239
0.19961 0.80039 0.000145675 0.000145675
0.19954 0.80046 0.000143099 0.000143099
0.20041 0.79959 0.0001378 0.0001378
0.20009 0.79991 0.00014485 0.00014485
0.19994 0.80006 0.000149229 0.000149229
0.20022 0.79978 0.000154093 0.000154093
0.2004 0.7996 0.000161778 0.000161778
0.20047 0.79953 0.000165282 0.000165282
0.20054 0.79946 0.000158312 0.000158312
0.20027 0.79973 0.000167128 0.000167128
0.20052 0.79948 0.000171343 0.000171343
0.20014 0.79986 0.000169071 0.000169071
0.20045 0.79955 0.000189866 0.000189866
0.20081 0.79919 0.000184802 0.000184802
0.20063 0.79937 0.000186741 0.000186741
0.20091 0.79909 0.000191295 0.000191295
0.20069 0.79931 0.000193024 0.000193024
0.20089 0.79911 0.000193311 0.000193311
0.20065 0.79935 0.000165301 0.000165301
0.20082 0.79918 0.000145826 0.000145826
0.20068 0.79932 0.000150321 0.000150321
0.20038 0.79962 0.0001524 0.0001524
0.20011 0.79989 0.000170079 0.000170079
0.20028 0.79972 0.000182305 0.000182305
0.20039 0.79961 0.000183998 0.000183998
0.19977 0.80023 0.000183391 0.000183391
0.20079 0.79921 0.000191622 0.000191622
0.20008 0.79992 0.000188539 0.000188539
0.20053 0.79947 0.000178716 0.000178716
0.20033 0.79967 0.000189597 0.000189597
0.20053 0.79947 0.000185928 0.000185928
0.20049 0.79951 0.000189909 0.000189909
0.20085 0.79915 0.000189119 0.000189119
0.20065 0.79935 0.000190876 0.000190876
0.20065 0.79935 0.000193119 0.000193119
0.20012 0.79988 0.000191339 0.000191339
0.20023 0.79977 0.000183856 0.000183856
0.20029 0.79971 0.000189178 0.000189178
0.1999 0.8001 0.000186313 0.000186313
0.20021 0.79979 0.000189743 0.000189743
0.20004 0.79996 0.000187837 0.000187837
0.20009 0.79991 0.000185962 0.000185962
0.20004 0.79996 0.000188322 0.000188322
0.19981 0.80019 0.000183549 0.000183549
0.19956 0.80044 0.000181926 0.000181926
0.19897 0.80103 0.000188716 0.000188716
0.19948 0.80052 0.000199646 0.000199646
0.19971 0.80029 0.000184269 0.000184269
0.19956 0.80044 0.000186855 0.000186855
0.19909 0.80091 0.000193719 0.000193719
0.19941 0.80059 0.000187578 0.000187578
0.19936 0.80064 0.000191202 0.000191202
0.19977 0.80023 0.000179351 0.000179351
0.19998 0.80002 0.000172909 0.000172909
0.19942 0.80058 0.000165963 0.000165963
0.19944 0.80056 0.000174875 0.000174875
0.20001 0.79999 0.00017203 0.00017203
0.20014 0.79986 0.000172263 0.000172263
0.20014 0.79986 0.000177273 0.000177273
0.20049 0.79951 0.000170111 0.000170111
0.20054 0.79946 0.000178938 0.000178938
0.20081 0.79919 0.000204499 0.000204499
0.19989 0.80011 0.000216826 0.000216826
0.19978 0.80022 0.000212194 0.000212194
0.19972 0.80028 0.000206911 0.000206911
0.19983 0.80017 0.000201435 0.000201435
0.19978 0.80022 0.000194214 0.000194214
0.19924 0.80076 0.000184912 0.000184912
0.19936 0.80064 0.000180354 0.000180354
0.19959 0.80041 0.000181982 0.000181982
0.19958 0.80042 0.000190751 0.000190751
0.19919 0.80081 0.000191105 0.000191105
0.1994 0.8006 0.000179111 0.000179111
0.19962 0.80038 0.000187086 0.000187086
0.19959 0.80041 0.00017885 0.00017885
0.1997 0.8003 0.000177182 0.000177182
0.19977 0.80023 0.000166846 0.000166846
0.20003 0.79997 0.000176494 0.000176494
0.19959 0.80041 0.000189941 0.000189941
0.19953 0.80047 0.000181585 0.000181585
0.19963 0.80037 0.000171508 0.000171508
0.19971 0.80029 0.0001694 0.0001694
0.19977 0.80023 0.000170462 0.000170462
0.19935 0.80065 0.000172472 0.000172472
0.1996 0.8004 0.000167657 0.000167657
0.19995 0.80005 0.00017326 0.00017326
0.19999 0.80001 0.000181081 0.000181081
0.20005 0.79995 0.000196189 0.000196189
0.19971 0.80029 0.000201056 0.000201056
0.19944 0.80056 0.000205138 0.000205138
0.19947 0.80053 0.000192151 0.000192151
0.19949 0.80051 0.000192454 0.000192454
0.19893 0.80107 0.000193924 0.000193924
0.19959 0.80041 0.000191759 0.000191759
0.19948 0.80052 0.000183444 0.000183444
0.19927 0.80073 0.000183209 0.000183209
0.19973 0.80027 0.000174138 0.000174138
0.19974 0.80026 0.000178376 0.000178376
0.19962 0.80038 0.000166783 0.000166783
0.19949 0.80051 0.00017102 0.00017102
0.19955 0.80045 0.00016425 0.00016425
0.19969 0.80031 0.000166357 0.000166357
0.19967 0.80033 0.000183011 0.000183011
0.19932 0.80068 0.000183533 0.000183533
0.19932 0.80068 0.000188886 0.000188886
0.19932 0.80068 0.000186725 0.000186725
0.19931 0.80069 0.000191873 0.000191873
0.19955 0.80045 0.00019728 0.00019728
0.1992 0.8008 0.000206848 0.000206848
0.19915 0.80085 0.000202351 0.000202351
0.19975 0.80025 0.000192715 0.000192715
0.19935 0.80065 0.000207523 0.000207523
0.19873 0.80127 0.000201007 0.000201007
0.19941 0.80059 0.000202406 0.000202406
0.19908 0.80092 0.000200458 0.000200458
0.19911 0.80089 0.000205998 0.000205998
0.1993 0.8007 0.000195 0.000195
0.19957 0.80043 0.00018746 0.00018746
0.19898 0.80102 0.000182787 0.000182787
0.1988 0.8012 0.000184101 0.000184101
0.19878 0.80122 0.000183103 0.000183103
0.1991 0.8009 0.000156838 0.000156838
0.19911 0.80089 0.000167553 0.000167553
0.19973 0.80027 0.000173512 0.000173512
0.19954 0.80046 0.000159059 0.000159059
0.19984 0.80016 0.000178075 0.000178075
0.19944 0.80056 0.000176996 0.000176996
0.19974 0.80026 0.000193689 0.000193689
0.19988 0.80012 0.000196895 0.000196895
0.19972 0.80028 0.000206486 0.000206486
0.20006 0.79994 0.000226865 0.000226865
0.19952 0.80048 0.000223767 0.000223767
0.19967 0.80033 0.000224627 0.000224627
0.19999 0.80001 0.000211424 0.000211424
0.20021 0.79979 0.000205703 0.000205703
0.20003 0.79997 0.000198918 0.000198918
0.19993 0.80007 0.000193763 0.000193763
0.19934 0.80066 0.000192368 0.000192368
0.19989 0.80011 0.000185594 0.000185594
0.19994 0.80006 0.000189875 0.000189875
0.19979 0.80021 0.000187905 0.000187905
0.19957 0.80043 0.000188046 0.000188046
0.19975 0.80025 0.000184311 0.000184311
0.1995 0.8005 0.00017704 0.00017704
0.19982 0.80018 0.000171381 0.000171381
0.19937 0.80063 0.000158155 0.000158155
0.19894 0.80106 0.000163512 0.000163512
0.19915 0.80085 0.00015427 0.00015427
0.19889 0.80111 0.000163129 0.000163129
0.19911 0.80089 0.000162503 0.000162503
0.19903 0.80097 0.000177868 0.000177868
0.19885 0.80115 0.000175604 0.000175604
0.19945 0.80055 0.000182432 0.000182432
0.20025 0.79975 0.000186917 0.000186917
0.20012 0.79988 0.00019441 0.00019441
0.19983 0.80017 0.000176446 0.000176446
0.20008 0.79992 0.000189105 0.000189105
0.19984 0.80016 0.000183085 0.000183085
0.20025 0.79975 0.00017421 0.00017421
0.20016 0.79984 0.000180257 0.000180257
0.20051 0.79949 0.000180252 0.000180252
0.20079 0.79921 0.000170087 0.000170087
0.20087 0.79913 0.000178377 0.000178377
0.20164 0.79836 0.000172455 0.000172455
0.20108 0.79892 0.000172499 0.000172499
0.20046 0.79954 0.00016312 0.00016312
0.19984 0.80016 0.000148055 0.000148055
0.19983 0.80017 0.000159052 0.000159052
0.19981 0.80019 0.000160155 0.000160155
0.19952 0.80048 0.000168757 0.000168757
0.20015 0.79985 0.00017726 0.00017726
0.20034 0.79966 0.000173277 0.000173277
0.2004 0.7996 0.000181535 0.000181535
0.20023 0.79977 0.000196805 0.000196805
0.19949 0.80051 0.000194111 0.000194111
0.19929 0.80071 0.000197945 0.000197945
0.20021 0.79979 0.000216289 0.000216289
0.20047 0.79953 0.000224817 0.000224817
0.19982 0.80018 0.000210008 0.000210008
0.20011 0.79989 0.00019824 0.00019824
0.20019 0.79981 0.000200762 0.000200762
0.20022 0.79978 0.00020682 0.00020682
0.20014 0.79986 0.000201091 0.000201091
0.20012 0.79988 0.000201884 0.000201884
0.19997 0.80003 0.000199605 0.000199605
0.19985 0.80015 0.000199119 0.000199119
0.20021 0.79979 0.000204511 0.000204511
0.20012 0.79988 0.000187238 0.000187238
0.20008 0.79992 0.000192458 0.000192458
0.20011 0.79989 0.000193089 0.000193089
0.20019 0.79981 0.000196499 0.000196499
0.19956 0.80044 0.000190815 0.000190815
0.19954 0.80046 0.000190352 0.000190352
0.19965 0.80035 0.000199806 0.000199806
0.19949 0.80051 0.000194656 0.000194656
0.19974 0.80026 0.00019373 0.00019373
0.19943 0.80057 0.000176672 0.000176672
0.20004 0.79996 0.000184443 0.000184443
0.20039 0.79961 0.00017723 0.00017723
0.19983 0.80017 0.000168466 0.000168466
0.19981 0.80019 0.000158135 0.000158135
0.19993 0.80007 0.000155985 0.000155985
0.19992 0.80008 0.000170398 0.000170398
0.19997 0.80003 0.00017712 0.00017712
0.20015 0.79985 0.000186654 0.000186654
0.20039 0.79961 0.000177796 0.000177796
0.20081 0.79919 0.000185549 0.000185549
0.20037 0.79963 0.000196538 0.000196538
0.20036 0.79964 0.000208596 0.000208596
0.20015 0.79985 0.00019823 0.00019823
0.20046 0.79954 0.000202635 0.000202635
