0.50152 0.49848 4.86562e-05 4.86562e-05
0.50312 0.49688 0.000148349 0.000148349
0.50276 0.49724 0.000239093 0.000239093
0.50199 0.49801 0.000328555 0.000328555
0.50252 0.49748 0.000426777 0.000426777
0.50273 0.49727 0.000543997 0.000543997
0.50284 0.49716 0.000612641 0.000612641
0.50237 0.49763 0.00075569 0.00075569
0.50309 0.49691 0.000865578 0.000865578
0.5035 0.4965 0.000922677 0.000922677
0.50452 0.49548 0.00103421 0.00103421
0.505 0.495 0.0011279 0.0011279
0.50412 0.49588 0.00121019 0.00121019
0.50381 0.49619 0.00122931 0.00122931
0.50455 0.49545 0.0013477 0.0013477
0.50396 0.49604 0.0013698 0.0013698
0.504 0.496 0.00144325 0.00144325
0.50433 0.49567 0.00148354 0.00148354
0.50366 0.49634 0.00145 0.00145
0.50433 0.49567 0.00141841 0.00141841
0.50313 0.49687 0.00148914 0.00148914
0.50397 0.49603 0.00157821 0.00157821
0.50328 0.49672 0.00152725 0.00152725
0.50348 0.49652 0.00150437 0.00150437
0.50284 0.49716 0.00156335 0.00156335
0.50267 0.49733 0.00155024 0.00155024
0.50303 0.49697 0.00161623 0.00161623
0.50295 0.49705 0.00166209 0.00166209
0.50415 0.49585 0.00168698 0.00168698
0.50343 0.49657 0.00163588 0.00163588
0.5039 0.4961 0.00171849 0.00171849
0.50568 0.49432 0.00178788 0.00178788
0.50512 0.49488 0.00175815 0.00175815
0.50532 0.49468 0.00176743 0.00176743
0.50541 0.49459 0.00172974 0.00172974
0.50533 0.49467 0.001696 0.001696
0.50399 0.49601 0.00175157 0.00175157
0.50444 0.49556 0.0017094 0.0017094
0.5044 0.4956 0.00175729 0.00175729
0.50363 0.49637 0.00170997 0.00170997
0.50424 0.49576 0.00175408 0.00175408
0.50475 0.49525 0.00184296 0.00184296
0.50377 0.49623 0.00175319 0.00175319
0.50397 0.49603 0.00178512 0.00178512
0.50404 0.49596 0.00180937 0.00180937
0.50343 0.49657 0.00180279 0.00180279
0.5033 0.4967 0.00177108 0.00177108
0.50353 0.49647 0.00183761 0.00183761
0.5038 0.4962 0.00193244 0.00193244
0.50367 0.49633 0.00197764 0.00197764
0.50453 0.49547 0.00197637 0.00197637
0.50527 0.49473 0.00191571 0.00191571
0.50481 0.49519 0.0018108 0.0018108
0.50467 0.49533 0.00173897 0.00173897
0.5053 0.4947 0.00168118 0.00168118
0.50622 0.49378 0.001687 0.001687
0.50576 0.49424 0.00162748 0.00162748
0.5055 0.4945 0.00167425 0.00167425
0.50641 0.49359 0.00168635 0.00168635
0.50604 0.49396 0.00160786 0.00160786
0.50721 0.49279 0.00159027 0.00159027
0.50777 0.49223 0.00158814 0.00158814
0.50639 0.49361 0.00162186 0.00162186
0.50642 0.49358 0.00161542 0.00161542
0.50685 0.49315 0.00156678 0.00156678
0.50673 0.49327 0.00163792 0.00163792
0.50626 0.49374 0.00170623 0.00170623
0.50566 0.49434 0.0016853 0.0016853
0.50613 0.49387 0.00168506 0.00168506
0.50529 0.49471 0.00171627 0.00171627
0.50578 0.49422 0.00174498 0.00174498
0.50526 0.49474 0.00171098 0.00171098
0.50567 0.49433 0.00168768 0.00168768
0.50554 0.49446 0.0016749 0.0016749
0.50631 0.49369 0.00172981 0.00172981
0.50568 0.49432 0.0017205 0.0017205
0.50599 0.49401 0.00180605 0.00180605
0.50623 0.49377 0.00178881 0.00178881
0.50599 0.49401 0.00179054 0.00179054
0.5067 0.4933 0.00183843 0.00183843
0.50703 0.49297 0.0017931 0.0017931
0.50637 0.49363 0.00172521 0.00172521
0.50588 0.49412 0.00172033 0.00172033
0.50452 0.49548 0.00176005 0.00176005
0.5037 0.4963 0.00179177 0.00179177
0.50406 0.49594 0.00178701 0.00178701
0.50442 0.49558 0.00174998 0.00174998
0.50436 0.49564 0.00175304 0.00175304
0.50521 0.49479 0.00164908 0.00164908
0.50577 0.49423 0.00161454 0.00161454
0.50545 0.49455 0.00157918 0.00157918
0.50558 0.49442 0.00154736 0.00154736
0.50545 0.49455 0.001591 0.001591
0.50457 0.49543 0.001691 0.001691
0.50415 0.49585 0.0016876 0.0016876
0.50343 0.49657 0.00171217 0.00171217
0.50505 0.49495 0.00167589 0.00167589
0.50559 0.49441 0.00174293 0.00174293
0.50529 0.49471 0.0017671 0.0017671
0.50584 0.49416 0.00180585 0.00180585
0.50509 0.49491 0.00178277 0.00178277
0.50562 0.49438 0.00180854 0.00180854
0.50641 0.49359 0.00178796 0.00178796
0.5051 0.4949 0.00175536 0.00175536
0.50606 0.49394 0.00179719 0.00179719
0.50573 0.49427 0.00167375 0.00167375
0.50512 0.49488 0.00165758 0.00165758
0.50643 0.49357 0.00167667 0.00167667
0.50664 0.49336 0.00163217 0.00163217
0.50607 0.49393 0.00167796 0.00167796
0.5054 0.4946 0.00159828 0.00159828
0.50467 0.49533 0.00156542 0.00156542
0.50477 0.49523 0.00157828 0.00157828
0.50437 0.49563 0.00162365 0.00162365
0.50413 0.49587 0.00162518 0.00162518
0.50455 0.49545 0.00162764 0.00162764
0.50364 0.49636 0.00165559 0.00165559
0.50357 0.49643 0.00156043 0.00156043
0.50294 0.49706 0.00157458 0.00157458
0.5025 0.4975 0.00155904 0.00155904
0.50371 0.49629 0.00157483 0.00157483
0.50378 0.49622 0.00160842 0.00160842
0.50426 0.49574 0.0016004 0.0016004
0.50472 0.49528 0.00154972 0.00154972
0.50403 0.49597 0.00152872 0.00152872
0.50456 0.49544 0.00153447 0.00153447
0.5049 0.4951 0.001577 0.001577
0.50502 0.49498 0.00156709 0.00156709
0.50494 0.49506 0.00150785 0.00150785
0.50472 0.49528 0.00157382 0.00157382
0.50434 0.49566 0.00159168 0.00159168
0.50475 0.49525 0.00157542 0.00157542
0.50463 0.49537 0.0015182 0.0015182
0.50395 0.49605 0.00152853 0.00152853
0.5038 0.4962 0.00157036 0.00157036
0.50435 0.49565 0.00157981 0.00157981
0.50254 0.49746 0.0016773 0.0016773
0.50258 0.49742 0.00174208 0.00174208
0.50221 0.49779 0.00171199 0.00171199
0.50314 0.49686 0.00163343 0.00163343
0.50347 0.49653 0.00164787 0.00164787
0.50398 0.49602 0.00167485 0.00167485
0.50373 0.49627 0.00158519 0.00158519
0.50288 0.49712 0.00156673 0.00156673
0.50289 0.49711 0.0015766 0.0015766
0.5035 0.4965 0.00166423 0.00166423
0.50291 0.49709 0.00166618 0.00166618
0.50265 0.49735 0.00167328 0.00167328
0.50199 0.49801 0.00170264 0.00170264
0.50202 0.49798 0.00172871 0.00172871
0.5015 0.4985 0.00167403 0.00167403
0.50092 0.49908 0.0016649 0.0016649
0.5011 0.4989 0.00170379 0.00170379
0.50121 0.49879 0.00170354 0.00170354
0.50101 0.49899 0.00179617 0.00179617
0.50111 0.49889 0.00176174 0.00176174
0.50057 0.49943 0.00178461 0.00178461
0.50097 0.49903 0.0018392 0.0018392
0.50176 0.49824 0.00181237 0.00181237
0.50145 0.49855 0.00187423 0.00187423
0.50112 0.49888 0.00179134 0.00179134
0.50067 0.49933 0.00183481 0.00183481
0.5001 0.4999 0.00170112 0.00170112
0.50103 0.49897 0.00170971 0.00170971
0.50112 0.49888 0.00172712 0.00172712
0.50116 0.49884 0.00162583 0.00162583
0.50244 0.49756 0.00160154 0.00160154
0.50327 0.49673 0.00164842 0.00164842
0.50341 0.49659 0.00164414 0.00164414
0.50347 0.49653 0.00171255 0.00171255
0.50225 0.49775 0.00165469 0.00165469
0.50322 0.49678 0.00166357 0.00166357
0.50291 0.49709 0.00171885 0.00171885
0.50234 0.49766 0.00177057 0.00177057
0.50184 0.49816 0.00178959 0.00178959
0.50151 0.49849 0.00176783 0.00176783
0.50103 0.49897 0.00179532 0.00179532
0.50135 0.49865 0.00177001 0.00177001
0.50164 0.49836 0.00179557 0.00179557
0.50165 0.49835 0.00184758 0.00184758
0.50288 0.49712 0.0017679 0.0017679
0.50209 0.49791 0.00186414 0.00186414
0.5019 0.4981 0.00183969 0.00183969
0.50137 0.49863 0.00183232 0.00183232
0.50167 0.49833 0.00182626 0.00182626
0.50183 0.49817 0.00177715 0.00177715
0.50079 0.49921 0.00176328 0.00176328
0.50067 0.49933 0.00177634 0.00177634
0.49974 0.50026 0.00172272 0.00172272
0.49997 0.50003 0.00169229 0.00169229
0.50079 0.49921 0.00174538 0.00174538
0.50143 0.49857 0.00170772 0.00170772
0.49993 0.50007 0.00170336 0.00170336
0.50008 0.49992 0.00175531 0.00175531
0.50126 0.49874 0.0017708 0.0017708
0.50145 0.49855 0.00184191 0.00184191
0.50165 0.49835 0.00186718 0.00186718
0.50119 0.49881 0.00188733 0.00188733
0.50002 0.49998 0.00193655 0.00193655
0.49951 0.50049 0.00181702 0.00181702
0.49923 0.50077 0.00175252 0.00175252
0.50036 0.49964 0.00180439 0.00180439
0.50077 0.49923 0.00180868 0.00180868
0.50034 0.49966 0.00188021 0.00188021
0.50023 0.49977 0.00191012 0.00191012
0.50013 0.49987 0.00189254 0.00189254
0.50056 0.49944 0.00179356 0.00179356
0.50013 0.49987 0.00182991 0.00182991
0.5001 0.4999 0.00187902 0.00187902
0.49859 0.50141 0.00194647 0.00194647
0.49911 0.50089 0.00200479 0.00200479
0.49943 0.50057 0.00198227 0.00198227
0.50009 0.49991 0.00197374 0.00197374
0.5011 0.4989 0.00197332 0.00197332
0.50153 0.49847 0.00191431 0.00191431
0.5024 0.4976 0.00186713 0.00186713
0.50152 0.49848 0.00187684 0.00187684
0.50184 0.49816 0.00181662 0.00181662
0.50099 0.49901 0.00183427 0.00183427
0.50034 0.49966 0.00182518 0.00182518
0.50044 0.49956 0.00194057 0.00194057
0.49962 0.50038 0.00202721 0.00202721
0.49955 0.50045 0.00204017 0.00204017
0.49838 0.50162 0.00198466 0.00198466
0.49848 0.50152 0.00205051 0.00205051
0.49896 0.50104 0.00207731 0.00207731
0.49902 0.50098 0.00199519 0.00199519
0.49833 0.50167 0.00200756 0.00200756
0.49843 0.50157 0.00198645 0.00198645
0.49773 0.50227 0.00194008 0.00194008
0.49849 0.50151 0.00181979 0.00181979
0.49894 0.50106 0.0018362 0.0018362
0.49933 0.50067 0.00187889 0.00187889
0.49962 0.50038 0.00175284 0.00175284
0.50022 0.49978 0.00171169 0.00171169
0.49986 0.50014 0.00172685 0.00172685
0.49985 0.50015 0.00175249 0.00175249
0.50061 0.49939 0.0018298 0.0018298
0.50002 0.49998 0.00182984 0.00182984
0.50003 0.49997 0.00191294 0.00191294
0.49994 0.50006 0.00189321 0.00189321
0.49912 0.50088 0.00186302 0.00186302
0.49864 0.50136 0.00196401 0.00196401
0.49829 0.50171 0.00199445 0.00199445
0.49823 0.50177 0.00194323 0.00194323
0.49753 0.50247 0.00186619 0.00186619
0.49775 0.50225 0.00187657 0.00187657
0.4983 0.5017 0.0018748 0.0018748
0.49817 0.50183 0.00191871 0.00191871
0.49813 0.50187 0.00191642 0.00191642
0.49733 0.50267 0.00194885 0.00194885
0.49773 0.50227 0.00195404 0.00195404
0.49728 0.50272 0.00184037 0.00184037
0.49712 0.50288 0.00180152 0.00180152
0.49677 0.50323 0.00191786 0.00191786
0.49831 0.50169 0.00204062 0.00204062
0.49895 0.50105 0.00203366 0.00203366
0.49914 0.50086 0.00209382 0.00209382
0.49832 0.50168 0.0021267 0.0021267
0.49705 0.50295 0.00215227 0.00215227
0.49773 0.50227 0.0021843 0.0021843
0.49863 0.50137 0.00217143 0.00217143
0.49838 0.50162 0.00216519 0.00216519
0.49906 0.50094 0.00208864 0.00208864
0.49956 0.50044 0.00205821 0.00205821
0.50072 0.49928 0.00203107 0.00203107
0.5006 0.4994 0.00212162 0.00212162
0.50057 0.49943 0.00206077 0.00206077
0.50075 0.49925 0.00204647 0.00204647
0.50088 0.49912 0.0019916 0.0019916
0.50094 0.49906 0.0020006 0.0020006
0.502 0.498 0.00198529 0.00198529
0.50183 0.49817 0.00196315 0.00196315
0.50184 0.49816 0.00196432 0.00196432
0.50134 0.49866 0.00190788 0.00190788
0.50012 0.49988 0.0018639 0.0018639
0.5003 0.4997 0.00188652 0.00188652
0.49952 0.50048 0.00195773 0.00195773
0.50013 0.49987 0.00196729 0.00196729
0.50049 0.49951 0.00202155 0.00202155
0.50072 0.49928 0.00196956 0.00196956
0.50045 0.49955 0.00203649 0.00203649
0.5009 0.4991 0.00211472 0.00211472
0.50012 0.49988 0.00215267 0.00215267
0.50132 0.49868 0.00230028 0.00230028
0.50073 0.49927 0.0023341 0.0023341
0.5011 0.4989 0.00227807 0.00227807
0.50243 0.49757 0.00224988 0.00224988
0.50232 0.49768 0.00230675 0.00230675
0.5027 0.4973 0.0022774 0.0022774
0.50255 0.49745 0.00227974 0.00227974
0.50192 0.49808 0.00228848 0.00228848
0.50257 0.49743 0.00230243 0.00230243
0.50214 0.49786 0.00227543 0.00227543
0.50137 0.49863 0.0022627 0.0022627
0.50137 0.49863 0.00225961 0.00225961
0.50205 0.49795 0.00229116 0.00229116
0.50233 0.49767 0.00225657 0.00225657
0.50325 0.49675 0.00229655 0.00229655
0.50297 0.49703 0.0022526 0.0022526
0.50326 0.49674 0.00218419 0.00218419
0.50355 0.49645 0.0022088 0.0022088
0.50344 0.49656 0.00221265 0.00221265
0.50346 0.49654 0.00213926 0.00213926
0.50349 0.49651 0.00223738 0.00223738
0.50362 0.49638 0.00221864 0.00221864
0.50444 0.49556 0.00230738 0.00230738
0.50492 0.49508 0.00223761 0.00223761
0.50385 0.49615 0.00220587 0.00220587
0.50397 0.49603 0.00224569 0.00224569
0.50354 0.49646 0.00225659 0.00225659
0.50357 0.49643 0.00222346 0.00222346
0.50394 0.49606 0.00231232 0.00231232
0.50386 0.49614 0.00242689 0.00242689
0.50457 0.49543 0.00238322 0.00238322
0.50376 0.49624 0.00249162 0.00249162
0.50387 0.49613 0.00248143 0.00248143
0.50417 0.49583 0.00251756 0.00251756
0.50464 0.49536 0.00250413 0.00250413
0.50354 0.49646 0.00256003 0.00256003
0.50329 0.49671 0.00248881 0.00248881
0.50242 0.49758 0.0024834 0.0024834
0.50232 0.49768 0.00239891 0.00239891
0.50202 0.49798 0.00236758 0.00236758
0.50189 0.49811 0.00242893 0.00242893
0.50135 0.49865 0.00253076 0.00253076
0.5015 0.4985 0.00253922 0.00253922
0.50199 0.49801 0.00250831 0.00250831
0.50206 0.49794 0.00256119 0.00256119
0.50174 0.49826 0.00253557 0.00253557
0.50063 0.49937 0.00250931 0.00250931
0.49999 0.50001 0.00240654 0.00240654
0.49928 0.50072 0.00238651 0.00238651
0.49967 0.50033 0.00239051 0.00239051
0.49946 0.50054 0.00237647 0.00237647
0.49947 0.50053 0.00238787 0.00238787
0.50012 0.49988 0.00236223 0.00236223
0.49988 0.50012 0.00238338 0.00238338
0.49981 0.50019 0.00241852 0.00241852
0.49904 0.50096 0.00239052 0.00239052
0.49961 0.50039 0.00238117 0.00238117
0.49972 0.50028 0.00242727 0.00242727
0.50088 0.49912 0.00243344 0.00243344
0.49959 0.50041 0.00243271 0.00243271
0.49851 0.50149 0.00248613 0.00248613
0.49903 0.50097 0.00258047 0.00258047
0.49943 0.50057 0.00253908 0.00253908
0.50044 0.49956 0.00256902 0.00256902
0.49923 0.50077 0.00258072 0.00258072
0.4991 0.5009 0.00247464 0.00247464
0.49927 0.50073 0.00244083 0.00244083
0.50031 0.49969 0.00252468 0.00252468
0.49992 0.50008 0.00250054 0.00250054
0.49996 0.50004 0.00246226 0.00246226
0.49994 0.50006 0.0024401 0.0024401
0.5002 0.4998 0.00251261 0.00251261
0.50046 0.49954 0.00251936 0.00251936
0.50058 0.49942 0.00253089 0.00253089
0.50044 0.49956 0.00242803 0.00242803
0.49967 0.50033 0.0025681 0.0025681
0.49926 0.50074 0.00256335 0.00256335
0.49927 0.50073 0.0025222 0.0025222
0.49945 0.50055 0.00249013 0.00249013
0.49907 0.50093 0.0024817 0.0024817
0.49898 0.50102 0.00245947 0.00245947
0.49932 0.50068 0.00247533 0.00247533
0.49992 0.50008 0.00247331 0.00247331
0.50041 0.49959 0.00252919 0.00252919
0.50088 0.49912 0.00264146 0.00264146
0.50072 0.49928 0.00266752 0.00266752
0.50055 0.49945 0.00267455 0.00267455
0.50126 0.49874 0.0026827 0.0026827
0.50143 0.49857 0.00265724 0.00265724
0.50181 0.49819 0.00266173 0.00266173
0.50272 0.49728 0.00252338 0.00252338
0.50235 0.49765 0.00253857 0.00253857
0.50245 0.49755 0.0025736 0.0025736
0.50209 0.49791 0.00260709 0.00260709
0.50275 0.49725 0.00267069 0.00267069
0.50339 0.49661 0.00259208 0.00259208
0.50358 0.49642 0.00253524 0.00253524
0.50363 0.49637 0.00260494 0.00260494
0.50313 0.49687 0.0026147 0.0026147
0.50348 0.49652 0.00267851 0.00267851
0.50393 0.49607 0.00266067 0.00266067
0.50408 0.49592 0.00261189 0.00261189
0.50338 0.49662 0.00261264 0.00261264
0.50202 0.49798 0.00259507 0.00259507
0.50249 0.49751 0.00257023 0.00257023
0.50272 0.49728 0.00257927 0.00257927
0.50213 0.49787 0.00253092 0.00253092
0.50176 0.49824 0.00258812 0.00258812
0.50194 0.49806 0.00258537 0.00258537
0.50208 0.49792 0.00260325 0.00260325
0.49987 0.50013 0.00261005 0.00261005
0.5006 0.4994 0.00261816 0.00261816
0.50023 0.49977 0.00270703 0.00270703
0.49911 0.50089 0.00261066 0.00261066
0.49955 0.50045 0.00270574 0.00270574
0.49963 0.50037 0.00261735 0.00261735
0.49937 0.50063 0.00265642 0.00265642
0.50068 0.49932 0.0026881 0.0026881
0.5017 0.4983 0.00261476 0.00261476
0.50084 0.49916 0.00261264 0.00261264
0.50038 0.49962 0.00269193 0.00269193
0.50112 0.49888 0.00271962 0.00271962
0.50039 0.49961 0.00276174 0.00276174
0.50036 0.49964 0.00269157 0.00269157
0.5005 0.4995 0.00275609 0.00275609
0.50043 0.49957 0.00282742 0.00282742
0.50009 0.49991 0.00284079 0.00284079
0.50054 0.49946 0.00274455 0.00274455
0.50149 0.49851 0.00279607 0.00279607
0.502 0.498 0.00279952 0.00279952
0.50241 0.49759 0.00274744 0.00274744
0.50159 0.49841 0.00271659 0.00271659
0.50178 0.49822 0.00276054 0.00276054
0.50213 0.49787 0.00279785 0.00279785
0.50227 0.49773 0.00286291 0.00286291
0.50239 0.49761 0.00291246 0.00291246
0.50215 0.49785 0.00301453 0.00301453
0.50272 0.49728 0.00293758 0.00293758
0.50281 0.49719 0.0029406 0.0029406
0.50299 0.49701 0.00295811 0.00295811
0.50313 0.49687 0.00297773 0.00297773
0.50389 0.49611 0.00297369 0.00297369
0.50412 0.49588 0.00298932 0.00298932
0.50483 0.49517 0.0029854 0.0029854
0.50588 0.49412 0.0030473 0.0030473
0.50607 0.49393 0.00302841 0.00302841
0.50554 0.49446 0.00303526 0.00303526
0.50548 0.49452 0.00294936 0.00294936
0.50533 0.49467 0.00293828 0.00293828
0.5058 0.4942 0.002914 0.002914
0.50664 0.49336 0.00290791 0.00290791
0.50633 0.49367 0.00292196 0.00292196
0.50704 0.49296 0.00285636 0.00285636
0.50755 0.49245 0.00280328 0.00280328
0.50657 0.49343 0.0028319 0.0028319
0.50711 0.49289 0.00280321 0.00280321
0.50649 0.49351 0.00286678 0.00286678
0.5063 0.4937 0.00292997 0.00292997
0.506 0.494 0.00293863 0.00293863
0.50528 0.49472 0.00301859 0.00301859
0.50417 0.49583 0.00292719 0.00292719
0.50393 0.49607 0.00294996 0.00294996
0.50338 0.49662 0.00297442 0.00297442
0.50299 0.49701 0.00300965 0.00300965
0.50215 0.49785 0.00312999 0.00312999
0.50188 0.49812 0.00302815 0.00302815
0.50232 0.49768 0.00292769 0.00292769
0.5024 0.4976 0.00297653 0.00297653
0.50303 0.49697 0.00292241 0.00292241
0.5034 0.4966 0.00289931 0.00289931
0.50247 0.49753 0.00288379 0.00288379
0.50354 0.49646 0.002895 0.002895
0.5031 0.4969 0.00293567 0.00293567
0.50295 0.49705 0.00292288 0.00292288
0.50381 0.49619 0.00289191 0.00289191
0.50379 0.49621 0.00289186 0.00289186
0.50326 0.49674 0.00297838 0.00297838
0.50455 0.49545 0.00298253 0.00298253
0.50439 0.49561 0.00302662 0.00302662
0.50433 0.49567 0.00294721 0.00294721
0.50426 0.49574 0.00294949 0.00294949
0.50351 0.49649 0.0028751 0.0028751
0.50377 0.49623 0.00286557 0.00286557
0.50292 0.49708 0.00293579 0.00293579
0.50218 0.49782 0.0030351 0.0030351
0.502 0.498 0.00306374 0.00306374
0.50181 0.49819 0.00310745 0.00310745
0.50196 0.49804 0.00315042 0.00315042
0.50236 0.49764 0.00325167 0.00325167
0.50316 0.49684 0.00317282 0.00317282
0.5033 0.4967 0.00315452 0.00315452
0.50365 0.49635 0.00315187 0.00315187
0.50366 0.49634 0.0030394 0.0030394
0.50363 0.49637 0.00307048 0.00307048
0.5037 0.4963 0.00309179 0.00309179
0.50425 0.49575 0.00307607 0.00307607
0.50384 0.49616 0.00307898 0.00307898
0.50408 0.49592 0.00300001 0.00300001
0.50437 0.49563 0.00309826 0.00309826
0.50415 0.49585 0.00322617 0.00322617
0.50466 0.49534 0.00318546 0.00318546
0.505 0.495 0.00313349 0.00313349
0.50463 0.49537 0.00298805 0.00298805
0.50367 0.49633 0.00298836 0.00298836
0.50308 0.49692 0.00307759 0.00307759
0.50234 0.49766 0.00299982 0.00299982
0.5022 0.4978 0.00294901 0.00294901
0.50201 0.49799 0.00287649 0.00287649
0.5017 0.4983 0.00292718 0.00292718
0.50205 0.49795 0.00304156 0.00304156
0.50205 0.49795 0.00303991 0.00303991
0.50218 0.49782 0.00295039 0.00295039
0.50237 0.49763 0.00304082 0.00304082
0.50182 0.49818 0.00311684 0.00311684
0.50213 0.49787 0.00303316 0.00303316
0.50149 0.49851 0.00299722 0.00299722
