0.50949 0.49051 0.00203932 0.00203932
0.5179 0.4821 0.00704924 0.00704924
0.52361 0.47639 0.0142913 0.0142913
0.52949 0.47051 0.0225877 0.0225877
0.53501 0.46499 0.0315699 0.0315699
0.53946 0.46054 0.041601 0.041601
0.54449 0.45551 0.0516266 0.0516266
0.54833 0.45167 0.0613481 0.0613481
0.55115 0.44885 0.0709684 0.0709684
0.5544 0.4456 0.0803814 0.0803814
0.55713 0.44287 0.0894502 0.0894502
0.56005 0.43995 0.0980298 0.0980298
0.56252 0.43748 0.106338 0.106338
0.56451 0.43549 0.113694 0.113694
0.56642 0.43358 0.12047 0.12047
0.56765 0.43235 0.126761 0.126761
0.56912 0.43088 0.132552 0.132552
0.57018 0.42982 0.137989 0.137989
0.57153 0.42847 0.142903 0.142903
0.5726 0.4274 0.147377 0.147377
0.57401 0.42599 0.151511 0.151511
0.57512 0.42488 0.155189 0.155189
0.57634 0.42366 0.15879 0.15879
0.57735 0.42265 0.162005 0.162005
0.57816 0.42184 0.165137 0.165137
0.5791 0.4209 0.167728 0.167728
0.57976 0.42024 0.170459 0.170459
0.58043 0.41957 0.172789 0.172789
0.58113 0.41887 0.174623 0.174623
0.58165 0.41835 0.176529 0.176529
0.58196 0.41804 0.178047 0.178047
0.58239 0.41761 0.179631 0.179631
0.58271 0.41729 0.181139 0.181139
0.58293 0.41707 0.182399 0.182399
0.5835 0.4165 0.183617 0.183617
0.58385 0.41615 0.184532 0.184532
0.58398 0.41602 0.185565 0.185565
0.58422 0.41578 0.186563 0.186563
0.58454 0.41546 0.187312 0.187312
0.58461 0.41539 0.187933 0.187933
0.58483 0.41517 0.18857 0.18857
0.58504 0.41496 0.189095 0.189095
0.58515 0.41485 0.189616 0.189616
0.58522 0.41478 0.190161 0.190161
0.58541 0.41459 0.190693 0.190693
0.58556 0.41444 0.191107 0.191107
0.58579 0.41421 0.191445 0.191445
0.58595 0.41405 0.191742 0.191742
0.5861 0.4139 0.192111 0.192111
0.586 0.414 0.192485 0.192485
0.58617 0.41383 0.192728 0.192728
0.58645 0.41355 0.193051 0.193051
0.58653 0.41347 0.19322 0.19322
0.58667 0.41333 0.193439 0.193439
0.58671 0.41329 0.193588 0.193588
0.58675 0.41325 0.193724 0.193724
0.58688 0.41312 0.193952 0.193952
0.58695 0.41305 0.194154 0.194154
0.58696 0.41304 0.194328 0.194328
0.58709 0.41291 0.194503 0.194503
0.58715 0.41285 0.194626 0.194626
0.58721 0.41279 0.194764 0.194764
0.58732 0.41268 0.194855 0.194855
0.58731 0.41269 0.19498 0.19498
0.58731 0.41269 0.195055 0.195055
0.58736 0.41264 0.195142 0.195142
0.58744 0.41256 0.195221 0.195221
0.58742 0.41258 0.195337 0.195337
0.58747 0.41253 0.195426 0.195426
0.58754 0.41246 0.195479 0.195479
0.58758 0.41242 0.195644 0.195644
0.58762 0.41238 0.195738 0.195738
0.58768 0.41232 0.195822 0.195822
0.58771 0.41229 0.19588 0.19588
0.58781 0.41219 0.195949 0.195949
0.58782 0.41218 0.196071 0.196071
0.58787 0.41213 0.196124 0.196124
0.58794 0.41206 0.19618 0.19618
0.58791 0.41209 0.196227 0.196227
0.5879 0.4121 0.19629 0.19629
0.58792 0.41208 0.196365 0.196365
0.58799 0.41201 0.196416 0.196416
0.588 0.412 0.196495 0.196495
0.58803 0.41197 0.196592 0.196592
0.58804 0.41196 0.196672 0.196672
0.58814 0.41186 0.196699 0.196699
0.58817 0.41183 0.196739 0.196739
0.58825 0.41175 0.196773 0.196773
0.58838 0.41162 0.196838 0.196838
0.58841 0.41159 0.196874 0.196874
0.58843 0.41157 0.196901 0.196901
0.58849 0.41151 0.196955 0.196955
0.58857 0.41143 0.196972 0.196972
0.58866 0.41134 0.197021 0.197021
0.58872 0.41128 0.197116 0.197116
0.58875 0.41125 0.197166 0.197166
0.58874 0.41126 0.197231 0.197231
0.58882 0.41118 0.197289 0.197289
0.58885 0.41115 0.197344 0.197344
0.58884 0.41116 0.197396 0.197396
0.58893 0.41107 0.197449 0.197449
0.58891 0.41109 0.19749 0.19749
0.58894 0.41106 0.197532 0.197532
0.58897 0.41103 0.197605 0.197605
0.58905 0.41095 0.197647 0.197647
0.58905 0.41095 0.19772 0.19772
0.58911 0.41089 0.197771 0.197771
0.58912 0.41088 0.197814 0.197814
0.58912 0.41088 0.197845 0.197845
0.58912 0.41088 0.197872 0.197872
0.58921 0.41079 0.197918 0.197918
0.58922 0.41078 0.197954 0.197954
0.58918 0.41082 0.198035 0.198035
0.58921 0.41079 0.198085 0.198085
0.58931 0.41069 0.198144 0.198144
0.58935 0.41065 0.198189 0.198189
0.58943 0.41057 0.198242 0.198242
0.58952 0.41048 0.198309 0.198309
0.58958 0.41042 0.198352 0.198352
0.58966 0.41034 0.198406 0.198406
0.58979 0.41021 0.198468 0.198468
0.58982 0.41018 0.198513 0.198513
0.58987 0.41013 0.198551 0.198551
0.58991 0.41009 0.198596 0.198596
0.59 0.41 0.198632 0.198632
0.58996 0.41004 0.198683 0.198683
0.58998 0.41002 0.198729 0.198729
0.58994 0.41006 0.19877 0.19877
0.58995 0.41005 0.198824 0.198824
0.59006 0.40994 0.198879 0.198879
0.59003 0.40997 0.198933 0.198933
0.59009 0.40991 0.198975 0.198975
0.59017 0.40983 0.199027 0.199027
0.5902 0.4098 0.199067 0.199067
0.59018 0.40982 0.199125 0.199125
0.59028 0.40972 0.199172 0.199172
0.59033 0.40967 0.199184 0.199184
0.59041 0.40959 0.199245 0.199245
0.59048 0.40952 0.199288 0.199288
0.59051 0.40949 0.19934 0.19934
0.59061 0.40939 0.1994 0.1994
0.59062 0.40938 0.199463 0.199463
0.59065 0.40935 0.199511 0.199511
0.59059 0.40941 0.199568 0.199568
0.59061 0.40939 0.199583 0.199583
0.59063 0.40937 0.199598 0.199598
0.59061 0.40939 0.199616 0.199616
0.59056 0.40944 0.199669 0.199669
0.59055 0.40945 0.199705 0.199705
0.59055 0.40945 0.199756 0.199756
0.59057 0.40943 0.199796 0.199796
0.59055 0.40945 0.199829 0.199829
0.59059 0.40941 0.199878 0.199878
0.59063 0.40937 0.199904 0.199904
0.59067 0.40933 0.199956 0.199956
0.59069 0.40931 0.200003 0.200003
0.59066 0.40934 0.200032 0.200032
0.59066 0.40934 0.200081 0.200081
0.59066 0.40934 0.200147 0.200147
0.59075 0.40925 0.200165 0.200165
0.59075 0.40925 0.200209 0.200209
0.59073 0.40927 0.200264 0.200264
0.5908 0.4092 0.200328 0.200328
0.59081 0.40919 0.200379 0.200379
0.59089 0.40911 0.20043 0.20043
0.59085 0.40915 0.200483 0.200483
0.59086 0.40914 0.20055 0.20055
0.5909 0.4091 0.200591 0.200591
0.59092 0.40908 0.200599 0.200599
0.59093 0.40907 0.200632 0.200632
0.59097 0.40903 0.200658 0.200658
0.591 0.409 0.200681 0.200681
0.591 0.409 0.200713 0.200713
0.59102 0.40898 0.200778 0.200778
0.59102 0.40898 0.200827 0.200827
0.591 0.409 0.200876 0.200876
0.59104 0.40896 0.200908 0.200908
0.59097 0.40903 0.200974 0.200974
0.59097 0.40903 0.201022 0.201022
0.591 0.409 0.201039 0.201039
0.59101 0.40899 0.201068 0.201068
0.59101 0.40899 0.201144 0.201144
0.59101 0.40899 0.201154 0.201154
0.59099 0.40901 0.201201 0.201201
0.59102 0.40898 0.201261 0.201261
0.59104 0.40896 0.201287 0.201287
0.59104 0.40896 0.201328 0.201328
0.59099 0.40901 0.201367 0.201367
0.591 0.409 0.201402 0.201402
0.59104 0.40896 0.201436 0.201436
0.59107 0.40893 0.201451 0.201451
0.5911 0.4089 0.201469 0.201469
0.59115 0.40885 0.201507 0.201507
0.59117 0.40883 0.201554 0.201554
0.59113 0.40887 0.201606 0.201606
0.59113 0.40887 0.201657 0.201657
0.59115 0.40885 0.201689 0.201689
0.59116 0.40884 0.201743 0.201743
0.59116 0.40884 0.201777 0.201777
0.59114 0.40886 0.201804 0.201804
0.59115 0.40885 0.201834 0.201834
0.59119 0.40881 0.201843 0.201843
0.59125 0.40875 0.20189 0.20189
0.59126 0.40874 0.201922 0.201922
0.59138 0.40862 0.201941 0.201941
0.59141 0.40859 0.201991 0.201991
0.59145 0.40855 0.202009 0.202009
0.59146 0.40854 0.20205 0.20205
0.59148 0.40852 0.202118 0.202118
0.59152 0.40848 0.202149 0.202149
0.5915 0.4085 0.202186 0.202186
0.59155 0.40845 0.202211 0.202211
0.5916 0.4084 0.202236 0.202236
0.59159 0.40841 0.202261 0.202261
0.59168 0.40832 0.202292 0.202292
0.59173 0.40827 0.202313 0.202313
0.59174 0.40826 0.202337 0.202337
0.59176 0.40824 0.202371 0.202371
0.59174 0.40826 0.202421 0.202421
0.59174 0.40826 0.202465 0.202465
0.59184 0.40816 0.202488 0.202488
0.59183 0.40817 0.202522 0.202522
0.5918 0.4082 0.202548 0.202548
0.59184 0.40816 0.202569 0.202569
0.59181 0.40819 0.202614 0.202614
0.59187 0.40813 0.202636 0.202636
0.59187 0.40813 0.202673 0.202673
0.59193 0.40807 0.202722 0.202722
0.59202 0.40798 0.202774 0.202774
0.59194 0.40806 0.202822 0.202822
0.59192 0.40808 0.202866 0.202866
0.59194 0.40806 0.2029 0.2029
0.59197 0.40803 0.20291 0.20291
0.59196 0.40804 0.202994 0.202994
0.59197 0.40803 0.203072 0.203072
0.59198 0.40802 0.203108 0.203108
0.59199 0.40801 0.203139 0.203139
0.59207 0.40793 0.203174 0.203174
0.59213 0.40787 0.203232 0.203232
0.59211 0.40789 0.203249 0.203249
0.59212 0.40788 0.203272 0.203272
0.59209 0.40791 0.203316 0.203316
0.59214 0.40786 0.203336 0.203336
0.59221 0.40779 0.20339 0.20339
0.59224 0.40776 0.203426 0.203426
0.59226 0.40774 0.203463 0.203463
0.59234 0.40766 0.203504 0.203504
0.59235 0.40765 0.203543 0.203543
0.59236 0.40764 0.203593 0.203593
0.5924 0.4076 0.203631 0.203631
0.59238 0.40762 0.203694 0.203694
0.5924 0.4076 0.203739 0.203739
0.59241 0.40759 0.203777 0.203777
0.59249 0.40751 0.203819 0.203819
0.5925 0.4075 0.203822 0.203822
0.59245 0.40755 0.20387 0.20387
0.59249 0.40751 0.203882 0.203882
0.59246 0.40754 0.203908 0.203908
0.59245 0.40755 0.203923 0.203923
0.59253 0.40747 0.20399 0.20399
0.59255 0.40745 0.204015 0.204015
0.59259 0.40741 0.204075 0.204075
0.59259 0.40741 0.204117 0.204117
0.59261 0.40739 0.204169 0.204169
0.59262 0.40738 0.204213 0.204213
0.59263 0.40737 0.204242 0.204242
0.59266 0.40734 0.204286 0.204286
0.59267 0.40733 0.204312 0.204312
0.59268 0.40732 0.204363 0.204363
0.59266 0.40734 0.204422 0.204422
0.59262 0.40738 0.204488 0.204488
0.59262 0.40738 0.204515 0.204515
0.59264 0.40736 0.204566 0.204566
0.59269 0.40731 0.204599 0.204599
0.59272 0.40728 0.204645 0.204645
0.59271 0.40729 0.20469 0.20469
0.5927 0.4073 0.204743 0.204743
0.59267 0.40733 0.204773 0.204773
0.59267 0.40733 0.204812 0.204812
0.59261 0.40739 0.20491 0.20491
0.59266 0.40734 0.204919 0.204919
0.59271 0.40729 0.204936 0.204936
0.59278 0.40722 0.205011 0.205011
0.59275 0.40725 0.205071 0.205071
0.5927 0.4073 0.205112 0.205112
0.59271 0.40729 0.205177 0.205177
0.59268 0.40732 0.205211 0.205211
0.59265 0.40735 0.205246 0.205246
0.59263 0.40737 0.205304 0.205304
0.59264 0.40736 0.205359 0.205359
0.59262 0.40738 0.205398 0.205398
0.59261 0.40739 0.205449 0.205449
0.59263 0.40737 0.205484 0.205484
0.59264 0.40736 0.205511 0.205511
0.5927 0.4073 0.20558 0.20558
0.59273 0.40727 0.205621 0.205621
0.59273 0.40727 0.205705 0.205705
0.59276 0.40724 0.205727 0.205727
0.59278 0.40722 0.205752 0.205752
0.59278 0.40722 0.205812 0.205812
0.59282 0.40718 0.205866 0.205866
0.59287 0.40713 0.205866 0.205866
0.59292 0.40708 0.205931 0.205931
0.59297 0.40703 0.205957 0.205957
0.59295 0.40705 0.206025 0.206025
0.59293 0.40707 0.206073 0.206073
0.59295 0.40705 0.206148 0.206148
0.59297 0.40703 0.206176 0.206176
0.593 0.407 0.206222 0.206222
0.59297 0.40703 0.206266 0.206266
0.59296 0.40704 0.206311 0.206311
0.59297 0.40703 0.206377 0.206377
0.59298 0.40702 0.20644 0.20644
0.59292 0.40708 0.206535 0.206535
0.59291 0.40709 0.206566 0.206566
0.59291 0.40709 0.206604 0.206604
0.59299 0.40701 0.206631 0.206631
0.59297 0.40703 0.206696 0.206696
0.59301 0.40699 0.206739 0.206739
0.59296 0.40704 0.206815 0.206815
0.59298 0.40702 0.206821 0.206821
0.59302 0.40698 0.206905 0.206905
0.59303 0.40697 0.206942 0.206942
0.59308 0.40692 0.206974 0.206974
0.59308 0.40692 0.207011 0.207011
0.59312 0.40688 0.20706 0.20706
0.59309 0.40691 0.207096 0.207096
0.59309 0.40691 0.207176 0.207176
0.5931 0.4069 0.207227 0.207227
0.59308 0.40692 0.207269 0.207269
0.59311 0.40689 0.207315 0.207315
0.59308 0.40692 0.207357 0.207357
0.5931 0.4069 0.207405 0.207405
0.59313 0.40687 0.207455 0.207455
0.59313 0.40687 0.2075 0.2075
0.59314 0.40686 0.207516 0.207516
0.59313 0.40687 0.207558 0.207558
0.59306 0.40694 0.207628 0.207628
0.59306 0.40694 0.207676 0.207676
0.59314 0.40686 0.207715 0.207715
0.59315 0.40685 0.207781 0.207781
0.59312 0.40688 0.207847 0.207847
0.59309 0.40691 0.207923 0.207923
0.59312 0.40688 0.207962 0.207962
0.59311 0.40689 0.207994 0.207994
0.59313 0.40687 0.208034 0.208034
0.59317 0.40683 0.208072 0.208072
0.5931 0.4069 0.208145 0.208145
0.59311 0.40689 0.208207 0.208207
0.59311 0.40689 0.208251 0.208251
0.59315 0.40685 0.2083 0.2083
0.59309 0.40691 0.208431 0.208431
0.59315 0.40685 0.208473 0.208473
0.59315 0.40685 0.208525 0.208525
0.59314 0.40686 0.208569 0.208569
0.59319 0.40681 0.20861 0.20861
0.59323 0.40677 0.208643 0.208643
0.59329 0.40671 0.208703 0.208703
0.59325 0.40675 0.208755 0.208755
0.59326 0.40674 0.20883 0.20883
0.59326 0.40674 0.208871 0.208871
0.59331 0.40669 0.208916 0.208916
0.59335 0.40665 0.208932 0.208932
0.5933 0.4067 0.209011 0.209011
0.59329 0.40671 0.20908 0.20908
0.5933 0.4067 0.209123 0.209123
0.59331 0.40669 0.209171 0.209171
0.59336 0.40664 0.209221 0.209221
0.5934 0.4066 0.209284 0.209284
0.59343 0.40657 0.209395 0.209395
0.5934 0.4066 0.209475 0.209475
0.59341 0.40659 0.209519 0.209519
0.59338 0.40662 0.209552 0.209552
0.59339 0.40661 0.20965 0.20965
0.59338 0.40662 0.209695 0.209695
0.5934 0.4066 0.209731 0.209731
0.59338 0.40662 0.209789 0.209789
0.59338 0.40662 0.209844 0.209844
0.59331 0.40669 0.209897 0.209897
0.59334 0.40666 0.209986 0.209986
0.59336 0.40664 0.209998 0.209998
0.5934 0.4066 0.210035 0.210035
0.59342 0.40658 0.210105 0.210105
0.59339 0.40661 0.210146 0.210146
0.59344 0.40656 0.210167 0.210167
0.59347 0.40653 0.210185 0.210185
0.59349 0.40651 0.210233 0.210233
0.59351 0.40649 0.210275 0.210275
0.59343 0.40657 0.210328 0.210328
0.59339 0.40661 0.210379 0.210379
0.59328 0.40672 0.210473 0.210473
0.59328 0.40672 0.210492 0.210492
0.59327 0.40673 0.210527 0.210527
0.59324 0.40676 0.210593 0.210593
0.59328 0.40672 0.210654 0.210654
0.5933 0.4067 0.210697 0.210697
0.59333 0.40667 0.21077 0.21077
0.59331 0.40669 0.210839 0.210839
0.59329 0.40671 0.210885 0.210885
0.59328 0.40672 0.210924 0.210924
0.59327 0.40673 0.210977 0.210977
0.59324 0.40676 0.211064 0.211064
0.59325 0.40675 0.211098 0.211098
0.59329 0.40671 0.211162 0.211162
0.59328 0.40672 0.211215 0.211215
0.59325 0.40675 0.211275 0.211275
0.59326 0.40674 0.211302 0.211302
0.59324 0.40676 0.211306 0.211306
0.59325 0.40675 0.211321 0.211321
0.59322 0.40678 0.211395 0.211395
0.59321 0.40679 0.211434 0.211434
0.59321 0.40679 0.211454 0.211454
0.59326 0.40674 0.211494 0.211494
0.59328 0.40672 0.211518 0.211518
0.59328 0.40672 0.211585 0.211585
0.59328 0.40672 0.211661 0.211661
0.59324 0.40676 0.211734 0.211734
0.59326 0.40674 0.211761 0.211761
0.59328 0.40672 0.21183 0.21183
0.59324 0.40676 0.211895 0.211895
0.59326 0.40674 0.211911 0.211911
0.59328 0.40672 0.211964 0.211964
0.59329 0.40671 0.211996 0.211996
0.59327 0.40673 0.212015 0.212015
0.59326 0.40674 0.212081 0.212081
0.59327 0.40673 0.212104 0.212104
0.59327 0.40673 0.212149 0.212149
0.59331 0.40669 0.212219 0.212219
0.59328 0.40672 0.212283 0.212283
0.59327 0.40673 0.212344 0.212344
0.59324 0.40676 0.212403 0.212403
0.59326 0.40674 0.212444 0.212444
0.59326 0.40674 0.212475 0.212475
0.59327 0.40673 0.212539 0.212539
0.59327 0.40673 0.21259 0.21259
0.59325 0.40675 0.21262 0.21262
0.59325 0.40675 0.212649 0.212649
0.59326 0.40674 0.21267 0.21267
0.59328 0.40672 0.212701 0.212701
0.59327 0.40673 0.212738 0.212738
0.59329 0.40671 0.21279 0.21279
0.5933 0.4067 0.212838 0.212838
0.59335 0.40665 0.212882 0.212882
0.59338 0.40662 0.212912 0.212912
0.59335 0.40665 0.212974 0.212974
0.59338 0.40662 0.212995 0.212995
0.59341 0.40659 0.213037 0.213037
0.59342 0.40658 0.213082 0.213082
0.59343 0.40657 0.213142 0.213142
0.59342 0.40658 0.213192 0.213192
0.59337 0.40663 0.213319 0.213319
0.59339 0.40661 0.213375 0.213375
0.59341 0.40659 0.213426 0.213426
0.59338 0.40662 0.213519 0.213519
0.59344 0.40656 0.213537 0.213537
0.59345 0.40655 0.213556 0.213556
0.59345 0.40655 0.213616 0.213616
0.59344 0.40656 0.213636 0.213636
0.59349 0.40651 0.213662 0.213662
0.5935 0.4065 0.213732 0.213732
0.59352 0.40648 0.213742 0.213742
0.59351 0.40649 0.213767 0.213767
0.59356 0.40644 0.213801 0.213801
0.59354 0.40646 0.213854 0.213854
0.59357 0.40643 0.213875 0.213875
0.59361 0.40639 0.21388 0.21388
0.5936 0.4064 0.213963 0.213963
0.59357 0.40643 0.214025 0.214025
0.59356 0.40644 0.214058 0.214058
0.59353 0.40647 0.214099 0.214099
0.59352 0.40648 0.214154 0.214154
0.59354 0.40646 0.214189 0.214189
0.59357 0.40643 0.21425 0.21425
0.59356 0.40644 0.21429 0.21429
0.59363 0.40637 0.214342 0.214342
0.59362 0.40638 0.214368 0.214368
0.59362 0.40638 0.214429 0.214429
0.59364 0.40636 0.214474 0.214474
0.59359 0.40641 0.21452 0.21452
0.59358 0.40642 0.214564 0.214564
0.59356 0.40644 0.214624 0.214624
0.59355 0.40645 0.21467 0.21467
0.59356 0.40644 0.214717 0.214717
0.59356 0.40644 0.214744 0.214744
0.59358 0.40642 0.214817 0.214817
0.59358 0.40642 0.214854 0.214854
0.5936 0.4064 0.214872 0.214872
0.59358 0.40642 0.214893 0.214893
0.59361 0.40639 0.214951 0.214951
0.5936 0.4064 0.214972 0.214972
0.59359 0.40641 0.21501 0.21501
0.59359 0.40641 0.215033 0.215033
0.59366 0.40634 0.21509 0.21509
0.59367 0.40633 0.215113 0.215113
0.59368 0.40632 0.215147 0.215147
0.59372 0.40628 0.215192 0.215192
0.59371 0.40629 0.21523 0.21523
0.59373 0.40627 0.21524 0.21524
0.59374 0.40626 0.215299 0.215299
0.59374 0.40626 0.215358 0.215358
