0.50017 0.49983 4.48596e-06 4.48596e-06
0.5003 0.4997 8.9798e-06 8.9798e-06
0.5001 0.4999 1.25152e-05 1.25152e-05
0.49994 0.50006 1.63196e-05 1.63196e-05
0.49952 0.50048 1.80501e-05 1.80501e-05
0.49954 0.50046 2.01499e-05 2.01499e-05
0.49949 0.50051 2.48989e-05 2.48989e-05
0.49935 0.50065 2.23106e-05 2.23106e-05
0.49951 0.50049 2.23736e-05 2.23736e-05
0.49985 0.50015 2.20076e-05 2.20076e-05
0.50015 0.49985 2.46338e-05 2.46338e-05
0.5005 0.4995 2.2697e-05 2.2697e-05
0.50048 0.49952 2.5141e-05 2.5141e-05
0.50036 0.49964 2.35863e-05 2.35863e-05
0.50031 0.49969 2.56908e-05 2.56908e-05
0.50068 0.49932 3.29269e-05 3.29269e-05
0.50037 0.49963 3.54072e-05 3.54072e-05
0.50026 0.49974 3.81539e-05 3.81539e-05
0.49974 0.50026 3.75883e-05 3.75883e-05
0.49979 0.50021 3.98241e-05 3.98241e-05
0.50014 0.49986 3.99802e-05 3.99802e-05
0.50027 0.49973 3.91688e-05 3.91688e-05
0.50018 0.49982 4.12804e-05 4.12804e-05
0.50019 0.49981 3.85999e-05 3.85999e-05
0.50023 0.49977 3.90678e-05 3.90678e-05
0.50035 0.49965 3.89773e-05 3.89773e-05
0.50052 0.49948 4.3141e-05 4.3141e-05
0.5003 0.4997 4.19697e-05 4.19697e-05
0.50026 0.49974 3.86186e-05 3.86186e-05
0.50008 0.49992 4.04582e-05 4.04582e-05
0.4999 0.5001 4.07172e-05 4.07172e-05
0.5002 0.4998 4.33333e-05 4.33333e-05
0.50043 0.49957 4.45102e-05 4.45102e-05
0.50044 0.49956 4.36226e-05 4.36226e-05
0.50025 0.49975 4.38864e-05 4.38864e-05
0.50039 0.49961 4.42605e-05 4.42605e-05
0.50027 0.49973 4.16536e-05 4.16536e-05
0.50029 0.49971 4.31575e-05 4.31575e-05
0.50024 0.49976 4.48105e-05 4.48105e-05
0.50002 0.49998 4.30299e-05 4.30299e-05
0.50042 0.49958 4.43269e-05 4.43269e-05
0.50054 0.49946 4.21095e-05 4.21095e-05
0.50056 0.49944 4.01681e-05 4.01681e-05
0.50068 0.49932 4.54925e-05 4.54925e-05
0.50077 0.49923 3.96334e-05 3.96334e-05
0.5005 0.4995 4.27778e-05 4.27778e-05
0.5005 0.4995 4.31414e-05 4.31414e-05
0.50039 0.49961 4.18363e-05 4.18363e-05
0.50056 0.49944 4.80671e-05 4.80671e-05
0.50061 0.49939 4.72504e-05 4.72504e-05
0.50071 0.49929 4.61474e-05 4.61474e-05
0.50068 0.49932 5.07046e-05 5.07046e-05
0.50044 0.49956 4.55014e-05 4.55014e-05
0.50026 0.49974 4.55479e-05 4.55479e-05
0.50039 0.49961 4.74524e-05 4.74524e-05
0.50056 0.49944 4.46933e-05 4.46933e-05
0.5005 0.4995 4.9101e-05 4.9101e-05
0.50041 0.49959 5.30322e-05 5.30322e-05
0.50052 0.49948 5.30198e-05 5.30198e-05
0.50057 0.49943 5.14193e-05 5.14193e-05
0.50067 0.49933 5.73951e-05 5.73951e-05
0.50042 0.49958 5.74986e-05 5.74986e-05
0.50014 0.49986 5.45257e-05 5.45257e-05
0.5 0.5 5.26869e-05 5.26869e-05
0.50001 0.49999 5.09797e-05 5.09797e-05
0.5 0.5 5.07071e-05 5.07071e-05
0.50026 0.49974 4.89822e-05 4.89822e-05
0.50057 0.49943 5.26112e-05 5.26112e-05
0.5006 0.4994 5.31111e-05 5.31111e-05
0.50062 0.49938 4.97127e-05 4.97127e-05
0.50045 0.49955 5.16439e-05 5.16439e-05
0.50048 0.49952 5.07572e-05 5.07572e-05
0.50027 0.49973 5.11284e-05 5.11284e-05
0.50008 0.49992 5.21349e-05 5.21349e-05
0.49977 0.50023 4.28254e-05 4.28254e-05
0.49969 0.50031 4.17312e-05 4.17312e-05
0.4998 0.5002 4.12323e-05 4.12323e-05
0.50005 0.49995 4.16035e-05 4.16035e-05
0.50004 0.49996 3.9857e-05 3.9857e-05
0.49977 0.50023 4.00375e-05 4.00375e-05
0.49988 0.50012 4.18036e-05 4.18036e-05
0.49984 0.50016 3.98327e-05 3.98327e-05
0.49992 0.50008 4.56501e-05 4.56501e-05
0.49978 0.50022 4.49814e-05 4.49814e-05
0.49973 0.50027 4.77546e-05 4.77546e-05
0.49961 0.50039 4.49676e-05 4.49676e-05
0.49972 0.50028 4.6042e-05 4.6042e-05
0.49971 0.50029 4.31373e-05 4.31373e-05
0.49968 0.50032 4.50885e-05 4.50885e-05
0.49964 0.50036 4.97277e-05 4.97277e-05
0.49985 0.50015 5.13813e-05 5.13813e-05
0.49964 0.50036 4.97075e-05 4.97075e-05
0.49964 0.50036 5.12832e-05 5.12832e-05
0.49986 0.50014 4.8263e-05 4.8263e-05
0.49965 0.50035 4.77854e-05 4.77854e-05
0.4993 0.5007 5.01515e-05 5.01515e-05
0.49977 0.50023 4.90678e-05 4.90678e-05
0.4999 0.5001 5.40909e-05 5.40909e-05
0.4995 0.5005 5.95253e-05 5.95253e-05
0.4997 0.5003 6.34646e-05 6.34646e-05
0.49953 0.50047 6.33223e-05 6.33223e-05
0.49942 0.50058 6.13572e-05 6.13572e-05
0.49946 0.50054 6.47964e-05 6.47964e-05
0.49918 0.50082 6.04117e-05 6.04117e-05
0.49972 0.50028 5.66885e-05 5.66885e-05
0.49967 0.50033 5.44456e-05 5.44456e-05
0.49933 0.50067 5.55365e-05 5.55365e-05
0.49923 0.50077 5.66233e-05 5.66233e-05
0.49972 0.50028 5.56582e-05 5.56582e-05
0.49939 0.50061 5.5412e-05 5.5412e-05
0.49898 0.50102 5.79996e-05 5.79996e-05
0.49899 0.50101 6.15049e-05 6.15049e-05
0.49903 0.50097 5.31607e-05 5.31607e-05
0.49913 0.50087 5.29021e-05 5.29021e-05
0.49936 0.50064 5.40913e-05 5.40913e-05
0.49976 0.50024 5.27297e-05 5.27297e-05
0.50001 0.49999 5.02322e-05 5.02322e-05
0.50008 0.49992 4.85794e-05 4.85794e-05
0.49989 0.50011 4.93918e-05 4.93918e-05
0.49971 0.50029 5.07736e-05 5.07736e-05
0.49978 0.50022 5.41935e-05 5.41935e-05
0.49983 0.50017 5.45466e-05 5.45466e-05
0.50031 0.49969 5.71454e-05 5.71454e-05
0.50043 0.49957 5.23688e-05 5.23688e-05
0.50013 0.49987 5.10031e-05 5.10031e-05
0.49946 0.50054 5.31398e-05 5.31398e-05
0.49958 0.50042 5.49531e-05 5.49531e-05
0.49933 0.50067 5.34355e-05 5.34355e-05
0.4996 0.5004 4.72121e-05 4.72121e-05
0.49963 0.50037 5.11849e-05 5.11849e-05
0.49955 0.50045 5.43308e-05 5.43308e-05
0.49982 0.50018 5.27349e-05 5.27349e-05
0.50009 0.49991 5.47696e-05 5.47696e-05
0.5 0.5 5.87475e-05 5.87475e-05
0.49959 0.50041 5.73555e-05 5.73555e-05
0.49945 0.50055 6.1846e-05 6.1846e-05
0.49956 0.50044 6.10368e-05 6.10368e-05
0.49969 0.50031 5.74686e-05 5.74686e-05
0.50003 0.49997 5.35041e-05 5.35041e-05
0.50003 0.49997 5.04334e-05 5.04334e-05
0.50008 0.49992 4.67612e-05 4.67612e-05
0.50048 0.49952 4.44541e-05 4.44541e-05
0.50015 0.49985 5.04924e-05 5.04924e-05
0.49995 0.50005 4.86136e-05 4.86136e-05
0.5 0.5 4.68889e-05 4.68889e-05
0.49998 0.50002 4.45046e-05 4.45046e-05
0.49985 0.50015 4.39066e-05 4.39066e-05
0.50006 0.49994 4.51075e-05 4.51075e-05
0.4999 0.5001 5.10404e-05 5.10404e-05
0.49977 0.50023 5.13304e-05 5.13304e-05
0.50009 0.49991 5.49716e-05 5.49716e-05
0.49986 0.50014 5.47479e-05 5.47479e-05
0.49991 0.50009 5.32948e-05 5.32948e-05
0.49974 0.50026 5.11842e-05 5.11842e-05
0.49969 0.50031 5.1711e-05 5.1711e-05
0.49982 0.50018 5.14016e-05 5.14016e-05
0.49984 0.50016 4.8156e-05 4.8156e-05
0.4998 0.5002 4.66869e-05 4.66869e-05
0.49956 0.50044 4.62691e-05 4.62691e-05
0.49944 0.50056 4.34812e-05 4.34812e-05
0.49944 0.50056 4.736e-05 4.736e-05
0.49951 0.50049 5.13231e-05 5.13231e-05
0.4994 0.5006 4.66869e-05 4.66869e-05
0.49933 0.50067 4.7092e-05 4.7092e-05
0.49961 0.50039 4.77757e-05 4.77757e-05
0.49976 0.50024 5.39418e-05 5.39418e-05
0.49965 0.50035 5.51995e-05 5.51995e-05
0.49968 0.50032 5.22602e-05 5.22602e-05
0.49976 0.50024 4.55176e-05 4.55176e-05
0.50014 0.49986 4.57378e-05 4.57378e-05
0.50018 0.49982 4.39673e-05 4.39673e-05
0.50043 0.49957 4.53991e-05 4.53991e-05
0.5003 0.4997 4.64949e-05 4.64949e-05
0.50056 0.49944 4.40267e-05 4.40267e-05
0.50051 0.49949 4.35252e-05 4.35252e-05
0.50057 0.49943 4.06718e-05 4.06718e-05
0.50046 0.49954 4.33418e-05 4.33418e-05
0.50015 0.49985 4.33005e-05 4.33005e-05
0.49963 0.50037 4.06597e-05 4.06597e-05
0.49966 0.50034 3.99236e-05 3.99236e-05
0.49961 0.50039 4.04019e-05 4.04019e-05
0.49959 0.50041 4.33757e-05 4.33757e-05
0.49965 0.50035 4.28157e-05 4.28157e-05
0.49919 0.50081 4.77514e-05 4.77514e-05
0.49926 0.50074 4.85984e-05 4.85984e-05
0.4994 0.5006 5.33535e-05 5.33535e-05
0.49963 0.50037 5.16092e-05 5.16092e-05
0.49984 0.50016 5.38327e-05 5.38327e-05
0.49981 0.50019 5.08423e-05 5.08423e-05
0.49985 0.50015 5.20682e-05 5.20682e-05
0.49966 0.50034 5.01055e-05 5.01055e-05
0.49997 0.50003 5.0393e-05 5.0393e-05
0.5002 0.4998 4.70707e-05 4.70707e-05
0.50011 0.49989 4.65433e-05 4.65433e-05
0.50024 0.49976 4.98408e-05 4.98408e-05
0.49976 0.50024 5.41438e-05 5.41438e-05
0.49985 0.50015 5.21086e-05 5.21086e-05
0.49996 0.50004 5.26853e-05 5.26853e-05
0.50031 0.49969 5.55494e-05 5.55494e-05
0.50044 0.49956 6.00671e-05 6.00671e-05
0.50019 0.49981 5.69837e-05 5.69837e-05
0.50053 0.49947 5.71203e-05 5.71203e-05
0.50048 0.49952 5.80905e-05 5.80905e-05
0.50059 0.49941 5.50322e-05 5.50322e-05
0.50046 0.49954 5.27358e-05 5.27358e-05
0.50035 0.49965 4.95631e-05 4.95631e-05
0.50035 0.49965 4.59268e-05 4.59268e-05
0.50008 0.49992 4.51046e-05 4.51046e-05
0.50014 0.49986 4.41418e-05 4.41418e-05
0.50035 0.49965 4.48157e-05 4.48157e-05
0.50008 0.49992 4.53875e-05 4.53875e-05
0.50014 0.49986 4.4061e-05 4.4061e-05
0.50008 0.49992 4.60137e-05 4.60137e-05
0.50009 0.49991 4.85474e-05 4.85474e-05
0.50011 0.49989 4.71292e-05 4.71292e-05
0.50002 0.49998 4.81006e-05 4.81006e-05
0.5001 0.4999 4.77475e-05 4.77475e-05
0.50002 0.49998 5.31107e-05 5.31107e-05
0.50009 0.49991 5.54363e-05 5.54363e-05
0.50014 0.49986 5.03236e-05 5.03236e-05
0.50021 0.49979 4.33191e-05 4.33191e-05
0.49993 0.50007 4.57223e-05 4.57223e-05
0.50003 0.49997 4.63324e-05 4.63324e-05
0.50007 0.49993 5.16415e-05 5.16415e-05
0.50019 0.49981 4.98322e-05 4.98322e-05
0.49999 0.50001 4.86969e-05 4.86969e-05
0.49997 0.50003 4.87769e-05 4.87769e-05
0.49996 0.50004 4.11095e-05 4.11095e-05
0.49967 0.50033 4.02233e-05 4.02233e-05
0.49966 0.50034 3.81863e-05 3.81863e-05
0.49957 0.50043 4.2389e-05 4.2389e-05
0.49946 0.50054 4.18267e-05 4.18267e-05
0.5 0.5 4.84646e-05 4.84646e-05
0.50008 0.49992 5.05592e-05 5.05592e-05
0.50014 0.49986 4.66873e-05 4.66873e-05
0.50029 0.49971 4.65918e-05 4.65918e-05
0.50021 0.49979 4.55817e-05 4.55817e-05
0.50036 0.49964 4.50408e-05 4.50408e-05
0.50058 0.49942 4.54784e-05 4.54784e-05
0.50062 0.49938 4.63592e-05 4.63592e-05
0.50059 0.49941 4.62039e-05 4.62039e-05
0.50057 0.49943 4.45304e-05 4.45304e-05
0.50071 0.49929 4.33999e-05 4.33999e-05
0.50038 0.49962 4.35713e-05 4.35713e-05
0.50051 0.49949 4.12827e-05 4.12827e-05
0.5002 0.4998 3.96364e-05 3.96364e-05
0.49999 0.50001 4.31615e-05 4.31615e-05
0.49985 0.50015 4.08157e-05 4.08157e-05
0.49965 0.50035 3.87955e-05 3.87955e-05
0.49989 0.50011 4.22403e-05 4.22403e-05
0.49991 0.50009 4.50726e-05 4.50726e-05
0.49983 0.50017 4.28698e-05 4.28698e-05
0.50023 0.49977 4.30476e-05 4.30476e-05
0.50004 0.49996 4.35539e-05 4.35539e-05
0.49974 0.50026 4.27802e-05 4.27802e-05
0.49981 0.50019 4.66403e-05 4.66403e-05
0.49962 0.50038 4.85208e-05 4.85208e-05
0.49982 0.50018 4.81693e-05 4.81693e-05
0.49992 0.50008 5.27208e-05 5.27208e-05
0.50028 0.49972 4.88097e-05 4.88097e-05
0.50048 0.49952 4.72622e-05 4.72622e-05
0.50071 0.49929 4.53999e-05 4.53999e-05
0.5008 0.4992 4.50101e-05 4.50101e-05
0.50036 0.49964 4.51418e-05 4.51418e-05
0.50042 0.49958 4.65895e-05 4.65895e-05
0.50047 0.49953 4.66153e-05 4.66153e-05
0.50062 0.49938 4.33895e-05 4.33895e-05
0.5005 0.4995 4.84747e-05 4.84747e-05
0.50073 0.49927 5.0987e-05 5.0987e-05
0.50054 0.49946 4.86145e-05 4.86145e-05
0.5007 0.4993 4.79293e-05 4.79293e-05
0.50067 0.49933 4.57789e-05 4.57789e-05
0.5006 0.4994 4.54141e-05 4.54141e-05
0.501 0.499 4.79394e-05 4.79394e-05
0.50126 0.49874 4.41135e-05 4.41135e-05
0.50151 0.49849 4.08989e-05 4.08989e-05
0.50135 0.49865 4.15025e-05 4.15025e-05
0.50141 0.49859 4.40423e-05 4.40423e-05
0.5014 0.4986 4.49495e-05 4.49495e-05
0.50129 0.49871 4.72787e-05 4.72787e-05
0.50119 0.49881 5.30241e-05 5.30241e-05
0.50127 0.49873 5.40981e-05 5.40981e-05
0.50126 0.49874 5.62549e-05 5.62549e-05
0.50104 0.49896 5.67661e-05 5.67661e-05
0.50112 0.49888 5.46723e-05 5.46723e-05
0.50099 0.49901 5.85555e-05 5.85555e-05
0.50096 0.49904 5.24226e-05 5.24226e-05
0.50104 0.49896 5.15539e-05 5.15539e-05
0.50087 0.49913 5.21748e-05 5.21748e-05
0.50133 0.49867 5.14153e-05 5.14153e-05
0.50125 0.49875 5.00884e-05 5.00884e-05
0.50099 0.49901 5.42726e-05 5.42726e-05
0.50122 0.49878 5.25976e-05 5.25976e-05
0.50105 0.49895 5.26136e-05 5.26136e-05
0.5009 0.4991 5.24343e-05 5.24343e-05
0.50128 0.49872 5.67693e-05 5.67693e-05
0.50134 0.49866 5.54186e-05 5.54186e-05
0.50123 0.49877 5.21789e-05 5.21789e-05
0.50093 0.49907 5.29142e-05 5.29142e-05
0.50095 0.49905 5.13611e-05 5.13611e-05
0.50068 0.49932 5.18966e-05 5.18966e-05
0.50068 0.49932 5.13309e-05 5.13309e-05
0.5006 0.4994 5.13333e-05 5.13333e-05
0.50083 0.49917 5.33951e-05 5.33951e-05
0.50038 0.49962 4.92279e-05 4.92279e-05
0.5002 0.4998 4.91919e-05 4.91919e-05
0.50039 0.49961 5.04221e-05 5.04221e-05
0.50052 0.49948 5.23329e-05 5.23329e-05
0.50053 0.49947 4.85951e-05 4.85951e-05
0.50043 0.49957 4.73385e-05 4.73385e-05
0.50048 0.49952 4.65754e-05 4.65754e-05
0.50066 0.49934 4.50954e-05 4.50954e-05
0.5011 0.4989 4.23737e-05 4.23737e-05
0.5009 0.4991 4.30808e-05 4.30808e-05
0.50078 0.49922 4.01733e-05 4.01733e-05
0.50037 0.49963 4.00334e-05 4.00334e-05
0.50028 0.49972 4.04259e-05 4.04259e-05
0.49997 0.50003 4.28375e-05 4.28375e-05
0.49963 0.50037 4.58112e-05 4.58112e-05
0.49978 0.50022 4.2739e-05 4.2739e-05
0.49994 0.50006 4.66226e-05 4.66226e-05
0.50002 0.49998 5.19188e-05 5.19188e-05
0.49992 0.50008 4.57309e-05 4.57309e-05
0.49952 0.50048 4.3444e-05 4.3444e-05
0.49984 0.50016 4.38933e-05 4.38933e-05
0.49967 0.50033 4.44456e-05 4.44456e-05
0.49991 0.50009 4.13555e-05 4.13555e-05
0.49996 0.50004 4.29681e-05 4.29681e-05
0.50001 0.49999 4.44342e-05 4.44342e-05
0.49986 0.50014 4.85661e-05 4.85661e-05
0.50018 0.49982 4.42703e-05 4.42703e-05
0.50022 0.49978 4.60319e-05 4.60319e-05
0.50022 0.49978 4.40521e-05 4.40521e-05
0.5003 0.4997 4.09394e-05 4.09394e-05
0.5 0.5 3.97778e-05 3.97778e-05
0.4999 0.5001 4.05354e-05 4.05354e-05
0.50031 0.49969 4.24383e-05 4.24383e-05
0.50038 0.49962 3.97329e-05 3.97329e-05
0.50004 0.49996 4.0463e-05 4.0463e-05
0.5 0.5 4.06667e-05 4.06667e-05
0.50001 0.49999 4.01918e-05 4.01918e-05
0.50011 0.49989 3.921e-05 3.921e-05
0.50014 0.49986 4.23034e-05 4.23034e-05
0.50004 0.49996 4.39378e-05 4.39378e-05
0.50037 0.49963 4.26395e-05 4.26395e-05
0.50044 0.49956 4.44307e-05 4.44307e-05
0.50042 0.49958 4.3842e-05 4.3842e-05
0.50069 0.49931 4.88019e-05 4.88019e-05
0.50053 0.49947 5.17668e-05 5.17668e-05
0.50042 0.49958 5.18218e-05 5.18218e-05
0.50056 0.49944 5.44105e-05 5.44105e-05
0.50076 0.49924 5.32347e-05 5.32347e-05
0.50066 0.49934 4.9661e-05 4.9661e-05
0.50081 0.49919 5.5509e-05 5.5509e-05
0.50066 0.49934 5.62469e-05 5.62469e-05
0.50024 0.49976 4.89115e-05 4.89115e-05
0.50013 0.49987 4.86799e-05 4.86799e-05
0.50021 0.49979 4.73999e-05 4.73999e-05
0.5004 0.4996 4.32727e-05 4.32727e-05
0.50017 0.49983 4.16375e-05 4.16375e-05
0.5001 0.4999 4.11212e-05 4.11212e-05
0.50024 0.49976 4.14368e-05 4.14368e-05
0.50037 0.49963 4.35284e-05 4.35284e-05
0.50037 0.49963 4.31849e-05 4.31849e-05
0.5005 0.4995 4.46768e-05 4.46768e-05
0.5003 0.4997 4.94444e-05 4.94444e-05
0.50031 0.49969 5.24989e-05 5.24989e-05
0.50011 0.49989 5.42201e-05 5.42201e-05
0.49979 0.50021 5.17837e-05 5.17837e-05
0.50004 0.49996 5.0362e-05 5.0362e-05
0.4998 0.5002 4.7697e-05 4.7697e-05
0.50002 0.49998 4.64642e-05 4.64642e-05
0.49994 0.50006 4.58752e-05 4.58752e-05
0.50002 0.49998 4.46663e-05 4.46663e-05
0.5002 0.4998 4.26667e-05 4.26667e-05
0.50009 0.49991 4.30322e-05 4.30322e-05
0.50028 0.49972 4.65875e-05 4.65875e-05
0.5005 0.4995 4.39899e-05 4.39899e-05
0.50083 0.49917 4.74961e-05 4.74961e-05
0.50083 0.49917 4.71324e-05 4.71324e-05
0.50106 0.49894 4.96327e-05 4.96327e-05
0.50084 0.49916 4.83378e-05 4.83378e-05
0.50088 0.49912 4.7743e-05 4.7743e-05
0.50072 0.49928 4.86279e-05 4.86279e-05
0.5005 0.4995 4.81111e-05 4.81111e-05
0.5006 0.4994 4.54141e-05 4.54141e-05
0.50089 0.49911 4.63413e-05 4.63413e-05
0.50114 0.49886 4.37378e-05 4.37378e-05
0.50102 0.49898 4.61612e-05 4.61612e-05
0.50095 0.49905 4.54217e-05 4.54217e-05
0.5005 0.4995 4.61111e-05 4.61111e-05
0.50033 0.49967 4.82637e-05 4.82637e-05
0.50033 0.49967 5.07082e-05 5.07082e-05
0.49994 0.50006 4.97337e-05 4.97337e-05
0.49993 0.50007 4.80254e-05 4.80254e-05
0.49988 0.50012 4.66319e-05 4.66319e-05
0.50004 0.49996 5.12711e-05 5.12711e-05
0.50019 0.49981 5.51656e-05 5.51656e-05
0.49991 0.50009 5.83656e-05 5.83656e-05
0.50025 0.49975 5.68359e-05 5.68359e-05
0.50025 0.49975 5.59672e-05 5.59672e-05
0.50011 0.49989 5.44423e-05 5.44423e-05
0.50024 0.49976 4.95984e-05 4.95984e-05
0.5003 0.4997 4.60505e-05 4.60505e-05
0.50012 0.49988 4.79855e-05 4.79855e-05
0.5 0.5 4.72323e-05 4.72323e-05
0.49988 0.50012 4.76016e-05 4.76016e-05
0.49977 0.50023 4.90678e-05 4.90678e-05
0.49956 0.50044 4.57236e-05 4.57236e-05
0.49994 0.50006 4.56529e-05 4.56529e-05
0.5001 0.4999 4.29596e-05 4.29596e-05
0.50002 0.49998 4.75956e-05 4.75956e-05
0.50041 0.49959 4.60827e-05 4.60827e-05
0.50044 0.49956 4.80267e-05 4.80267e-05
0.50053 0.49947 5.23526e-05 5.23526e-05
0.50042 0.49958 5.6044e-05 5.6044e-05
0.50032 0.49968 5.52299e-05 5.52299e-05
0.50024 0.49976 5.23661e-05 5.23661e-05
0.5003 0.4997 4.55051e-05 4.55051e-05
0.50002 0.49998 4.71915e-05 4.71915e-05
0.5 0.5 5.10909e-05 5.10909e-05
0.50017 0.49983 5.08092e-05 5.08092e-05
0.50026 0.49974 4.81943e-05 4.81943e-05
0.50035 0.49965 4.65732e-05 4.65732e-05
0.50038 0.49962 4.54299e-05 4.54299e-05
0.50052 0.49948 4.63935e-05 4.63935e-05
0.50053 0.49947 4.87567e-05 4.87567e-05
0.50084 0.49916 5.16105e-05 5.16105e-05
0.50097 0.49903 4.82718e-05 4.82718e-05
0.50102 0.49898 4.22622e-05 4.22622e-05
0.5008 0.4992 4.08687e-05 4.08687e-05
0.50087 0.49913 4.02153e-05 4.02153e-05
0.50058 0.49942 4.01046e-05 4.01046e-05
0.50054 0.49946 3.93418e-05 3.93418e-05
0.50068 0.49932 4.01996e-05 4.01996e-05
0.50096 0.49904 3.5857e-05 3.5857e-05
0.50077 0.49923 3.20577e-05 3.20577e-05
0.50086 0.49914 2.98792e-05 2.98792e-05
0.50047 0.49953 2.92011e-05 2.92011e-05
0.50058 0.49942 3.22663e-05 3.22663e-05
0.50028 0.49972 3.66683e-05 3.66683e-05
0.5005 0.4995 3.87172e-05 3.87172e-05
0.50058 0.49942 4.17814e-05 4.17814e-05
0.50041 0.49959 4.27494e-05 4.27494e-05
0.50039 0.49961 4.38767e-05 4.38767e-05
0.50046 0.49954 4.50994e-05 4.50994e-05
0.50078 0.49922 4.56683e-05 4.56683e-05
0.50099 0.49901 4.64342e-05 4.64342e-05
0.50078 0.49922 4.62743e-05 4.62743e-05
0.50097 0.49903 5.65344e-05 5.65344e-05
0.50108 0.49892 5.73875e-05 5.73875e-05
0.50099 0.49901 5.69595e-05 5.69595e-05
0.50065 0.49935 5.45328e-05 5.45328e-05
0.50063 0.49937 5.35082e-05 5.35082e-05
0.5009 0.4991 5.40707e-05 5.40707e-05
0.50094 0.49906 4.96125e-05 4.96125e-05
0.50084 0.49916 4.82368e-05 4.82368e-05
0.50064 0.49936 5.09398e-05 5.09398e-05
0.50036 0.49964 4.97277e-05 4.97277e-05
0.50054 0.49946 5.49378e-05 5.49378e-05
0.50035 0.49965 5.30581e-05 5.30581e-05
0.50056 0.49944 4.69156e-05 4.69156e-05
0.50042 0.49958 4.77006e-05 4.77006e-05
0.50031 0.49969 4.69433e-05 4.69433e-05
0.50025 0.49975 4.74419e-05 4.74419e-05
0.50008 0.49992 5.00339e-05 5.00339e-05
0.50005 0.49995 4.94217e-05 4.94217e-05
0.50012 0.49988 5.42077e-05 5.42077e-05
0.50003 0.49997 4.98476e-05 4.98476e-05
0.5 0.5 4.30303e-05 4.30303e-05
0.50009 0.49991 4.08302e-05 4.08302e-05
0.50015 0.49985 4.24924e-05 4.24924e-05
0.49989 0.50011 4.64827e-05 4.64827e-05
0.50011 0.49989 4.77353e-05 4.77353e-05
0.50007 0.49993 4.55203e-05 4.55203e-05
0.50006 0.49994 4.36933e-05 4.36933e-05
0.49973 0.50027 4.05627e-05 4.05627e-05
0.49972 0.50028 4.0244e-05 4.0244e-05
0.49965 0.50035 4.15833e-05 4.15833e-05
0.49986 0.50014 4.62024e-05 4.62024e-05
0.49993 0.50007 4.51971e-05 4.51971e-05
0.50039 0.49961 4.44019e-05 4.44019e-05
0.50043 0.49957 4.4894e-05 4.4894e-05
0.50046 0.49954 4.46347e-05 4.46347e-05
0.5009 0.4991 4.6798e-05 4.6798e-05
0.50074 0.49926 4.87802e-05 4.87802e-05
0.50036 0.49964 5.3162e-05 5.3162e-05
0.50053 0.49947 5.59688e-05 5.59688e-05
0.50024 0.49976 5.37802e-05 5.37802e-05
0.50004 0.49996 5.2059e-05 5.2059e-05
0.49965 0.50035 5.16641e-05 5.16641e-05
0.49947 0.50053 5.54031e-05 5.54031e-05
0.49978 0.50022 5.43349e-05 5.43349e-05
0.49993 0.50007 5.71163e-05 5.71163e-05
0.49978 0.50022 5.63956e-05 5.63956e-05
0.49969 0.50031 5.37514e-05 5.37514e-05
0.49948 0.50052 5.91612e-05 5.91612e-05
0.4995 0.5005 5.51212e-05 5.51212e-05
0.49972 0.50028 5.68299e-05 5.68299e-05
0.49985 0.50015 5.11793e-05 5.11793e-05
