0.50066 0.49934 1.66711e-05 1.66711e-05
0.50002 0.49998 3.18784e-05 3.18784e-05
0.50026 0.49974 5.14873e-05 5.14873e-05
0.50022 0.49978 7.57895e-05 7.57895e-05
0.50045 0.49955 8.71187e-05 8.71187e-05
0.50026 0.49974 9.47196e-05 9.47196e-05
0.50106 0.49894 0.000114663 0.000114663
0.50079 0.49921 0.000103218 0.000103218
0.50115 0.49885 0.00010421 0.00010421
0.50061 0.49939 0.000109856 0.000109856
0.50064 0.49936 0.000134455 0.000134455
0.50122 0.49878 0.000136234 0.000136234
0.5005 0.4995 0.000146434 0.000146434
0.50091 0.49909 0.000135658 0.000135658
0.50187 0.49813 0.000134559 0.000134559
0.50176 0.49824 0.000135154 0.000135154
0.50155 0.49845 0.000144593 0.000144593
0.5018 0.4982 0.000140444 0.000140444
0.50161 0.49839 0.000146058 0.000146058
0.50098 0.49902 0.000141131 0.000141131
0.50062 0.49938 0.000156703 0.000156703
0.50038 0.49962 0.000158501 0.000158501
0.50028 0.49972 0.000156123 0.000156123
0.50086 0.49914 0.000158404 0.000158404
0.50081 0.49919 0.00018058 0.00018058
0.50096 0.49904 0.000176665 0.000176665
0.50068 0.49932 0.000169048 0.000169048
0.50093 0.49907 0.00018447 0.00018447
0.50056 0.49944 0.000199643 0.000199643
0.50053 0.49947 0.000199262 0.000199262
0.50129 0.49871 0.000176107 0.000176107
0.50126 0.49874 0.000188154 0.000188154
0.50147 0.49853 0.000215302 0.000215302
0.5017 0.4983 0.000189727 0.000189727
0.5012 0.4988 0.000178949 0.000178949
0.50047 0.49953 0.000184474 0.000184474
0.50044 0.49956 0.000155057 0.000155057
0.50073 0.49927 0.000157957 0.000157957
0.5005 0.4995 0.000162091 0.000162091
0.50063 0.49937 0.000167205 0.000167205
0.5005 0.4995 0.000191141 0.000191141
0.50021 0.49979 0.000174127 0.000174127
0.5012 0.4988 0.000178081 0.000178081
0.50196 0.49804 0.000182948 0.000182948
0.50153 0.49847 0.000176979 0.000176979
0.50164 0.49836 0.000183808 0.000183808
0.50172 0.49828 0.000184183 0.000184183
0.50211 0.49789 0.000183695 0.000183695
0.50134 0.49866 0.000190348 0.000190348
0.50111 0.49889 0.000204584 0.000204584
0.50057 0.49943 0.000207439 0.000207439
0.50118 0.49882 0.000219543 0.000219543
0.50126 0.49874 0.000222316 0.000222316
0.50114 0.49886 0.000217354 0.000217354
0.50106 0.49894 0.000218057 0.000218057
0.50072 0.49928 0.000236345 0.000236345
0.50039 0.49961 0.000230341 0.000230341
0.50085 0.49915 0.000222876 0.000222876
0.50106 0.49894 0.000200461 0.000200461
0.50212 0.49788 0.000187581 0.000187581
0.50194 0.49806 0.000199087 0.000199087
0.50136 0.49864 0.000196374 0.000196374
0.50057 0.49943 0.000178833 0.000178833
0.50075 0.49925 0.000188553 0.000188553
0.50079 0.49921 0.000202693 0.000202693
0.50033 0.49967 0.000205193 0.000205193
0.50014 0.49986 0.000206788 0.000206788
0.49999 0.50001 0.00020197 0.00020197
0.50015 0.49985 0.000199341 0.000199341
0.50006 0.49994 0.000201613 0.000201613
0.50033 0.49967 0.000218506 0.000218506
0.49945 0.50055 0.000226028 0.000226028
0.4992 0.5008 0.000218323 0.000218323
0.49895 0.50105 0.00022128 0.00022128
0.4986 0.5014 0.000234626 0.000234626
0.49917 0.50083 0.0002479 0.0002479
0.49931 0.50069 0.000239751 0.000239751
0.49947 0.50053 0.000247484 0.000247484
0.49965 0.50035 0.000240048 0.000240048
0.50038 0.49962 0.000250783 0.000250783
0.50043 0.49957 0.000247318 0.000247318
0.50039 0.49961 0.000287937 0.000287937
0.50004 0.49996 0.000285413 0.000285413
0.4999 0.5001 0.000288778 0.000288778
0.50037 0.49963 0.000286094 0.000286094
0.50057 0.49943 0.000276854 0.000276854
0.50027 0.49973 0.0002863 0.0002863
0.49979 0.50021 0.000313885 0.000313885
0.50048 0.49952 0.000279969 0.000279969
0.49951 0.50049 0.000271101 0.000271101
0.49906 0.50094 0.000255916 0.000255916
0.49899 0.50101 0.000255626 0.000255626
0.49839 0.50161 0.000251715 0.000251715
0.49909 0.50091 0.000238083 0.000238083
0.49934 0.50066 0.000233378 0.000233378
0.49928 0.50072 0.000213093 0.000213093
0.49897 0.50103 0.00023413 0.00023413
0.49882 0.50118 0.000227624 0.000227624
0.49977 0.50023 0.000251108 0.000251108
0.4999 0.5001 0.000241586 0.000241586
0.50041 0.49959 0.000260002 0.000260002
0.50073 0.49927 0.000255088 0.000255088
0.50107 0.49893 0.000246369 0.000246369
0.50215 0.49785 0.00024124 0.00024124
0.50157 0.49843 0.000209298 0.000209298
0.50005 0.49995 0.000212795 0.000212795
0.50002 0.49998 0.000212989 0.000212989
0.49983 0.50017 0.000225637 0.000225637
0.49945 0.50055 0.000216169 0.000216169
0.49932 0.50068 0.000233291 0.000233291
0.49925 0.50075 0.000220836 0.000220836
0.49895 0.50105 0.000217301 0.000217301
0.49901 0.50099 0.000214232 0.000214232
0.49891 0.50109 0.000215699 0.000215699
0.49868 0.50132 0.000219573 0.000219573
0.49866 0.50134 0.000240792 0.000240792
0.49937 0.50063 0.000252559 0.000252559
0.49927 0.50073 0.000258361 0.000258361
0.49915 0.50085 0.000256088 0.000256088
0.49863 0.50137 0.00024066 0.00024066
0.49806 0.50194 0.000262623 0.000262623
0.49875 0.50125 0.00025423 0.00025423
0.49872 0.50128 0.000255618 0.000255618
0.49844 0.50156 0.000271118 0.000271118
0.49874 0.50126 0.000261447 0.000261447
0.49865 0.50135 0.000261543 0.000261543
0.4985 0.5015 0.000236758 0.000236758
0.4988 0.5012 0.000243212 0.000243212
0.4993 0.5007 0.000242899 0.000242899
0.49929 0.50071 0.000231966 0.000231966
0.49933 0.50067 0.000224062 0.000224062
0.49914 0.50086 0.00023398 0.00023398
0.49905 0.50095 0.000234816 0.000234816
0.49933 0.50067 0.000221698 0.000221698
0.49959 0.50041 0.000226345 0.000226345
0.4997 0.5003 0.000233081 0.000233081
0.50005 0.49995 0.000255058 0.000255058
0.49912 0.50088 0.000250329 0.000250329
0.49929 0.50071 0.000249723 0.000249723
0.4997 0.5003 0.000244394 0.000244394
0.49991 0.50009 0.000255254 0.000255254
0.50013 0.49987 0.000239306 0.000239306
0.50017 0.49983 0.000254324 0.000254324
0.50073 0.49927 0.000252644 0.000252644
0.50055 0.49945 0.000262816 0.000262816
0.50078 0.49922 0.000243971 0.000243971
0.50105 0.49895 0.000254048 0.000254048
0.50124 0.49876 0.000223013 0.000223013
0.50104 0.49896 0.000223534 0.000223534
0.50059 0.49941 0.000228669 0.000228669
0.49996 0.50004 0.000222402 0.000222402
0.49962 0.50038 0.000213652 0.000213652
0.50015 0.49985 0.000217806 0.000217806
0.49973 0.50027 0.000218563 0.000218563
0.49975 0.50025 0.000244997 0.000244997
0.49925 0.50075 0.000242149 0.000242149
0.49912 0.50088 0.000232693 0.000232693
0.49986 0.50014 0.000213334 0.000213334
0.49992 0.50008 0.000222014 0.000222014
0.49968 0.50032 0.000213715 0.000213715
0.49957 0.50043 0.000197318 0.000197318
0.49917 0.50083 0.00020085 0.00020085
0.4988 0.5012 0.000205616 0.000205616
0.49925 0.50075 0.000217583 0.000217583
0.4992 0.5008 0.000223253 0.000223253
0.4988 0.5012 0.000210222 0.000210222
0.49882 0.50118 0.000204291 0.000204291
0.49858 0.50142 0.000186286 0.000186286
0.49831 0.50169 0.000217044 0.000217044
0.49829 0.50171 0.000230289 0.000230289
0.49933 0.50067 0.000233658 0.000233658
0.49936 0.50064 0.000234596 0.000234596
0.49954 0.50046 0.000239059 0.000239059
0.49944 0.50056 0.000235845 0.000235845
0.49847 0.50153 0.000238191 0.000238191
0.49819 0.50181 0.00024557 0.00024557
0.49819 0.50181 0.000269549 0.000269549
0.49709 0.50291 0.000261901 0.000261901
0.49703 0.50297 0.000238999 0.000238999
0.49676 0.50324 0.000245457 0.000245457
0.49707 0.50293 0.000256955 0.000256955
0.49762 0.50238 0.00025648 0.00025648
0.49749 0.50251 0.000270656 0.000270656
0.4975 0.5025 0.000293444 0.000293444
0.49731 0.50269 0.000279085 0.000279085
0.49745 0.50255 0.000260129 0.000260129
0.49725 0.50275 0.000293442 0.000293442
0.49754 0.50246 0.000277443 0.000277443
0.49724 0.50276 0.000251841 0.000251841
0.49779 0.50221 0.000239824 0.000239824
0.49876 0.50124 0.00022776 0.00022776
0.49843 0.50157 0.00023653 0.00023653
0.49847 0.50153 0.000251343 0.000251343
0.49865 0.50135 0.000268896 0.000268896
0.49835 0.50165 0.000277361 0.000277361
0.4981 0.5019 0.000277465 0.000277465
0.49829 0.50171 0.000270188 0.000270188
0.49827 0.50173 0.000262906 0.000262906
0.49867 0.50133 0.000250062 0.000250062
0.49933 0.50067 0.000272648 0.000272648
0.49956 0.50044 0.000268572 0.000268572
0.50043 0.49957 0.000214712 0.000214712
0.50039 0.49961 0.000218321 0.000218321
0.50007 0.49993 0.0002215 0.0002215
0.49992 0.50008 0.000254014 0.000254014
0.49977 0.50023 0.000260947 0.000260947
0.49913 0.50087 0.000257104 0.000257104
0.49977 0.50023 0.000267714 0.000267714
0.49912 0.50088 0.000252531 0.000252531
0.49903 0.50097 0.000233545 0.000233545
0.49876 0.50124 0.000234811 0.000234811
0.49878 0.50122 0.000219446 0.000219446
0.49911 0.50089 0.000201816 0.000201816
0.49877 0.50123 0.000229997 0.000229997
0.49892 0.50108 0.000232074 0.000232074
0.4985 0.5015 0.000213242 0.000213242
0.49914 0.50086 0.000211839 0.000211839
0.49854 0.50146 0.000227544 0.000227544
0.49952 0.50048 0.000229282 0.000229282
0.49994 0.50006 0.000222986 0.000222986
0.49992 0.50008 0.00022967 0.00022967
0.49949 0.50051 0.000218333 0.000218333
0.49946 0.50054 0.000246776 0.000246776
0.49971 0.50029 0.000253663 0.000253663
0.49867 0.50133 0.000254405 0.000254405
0.49875 0.50125 0.000236937 0.000236937
0.49932 0.50068 0.000229513 0.000229513
0.49933 0.50067 0.000242365 0.000242365
0.49932 0.50068 0.000263816 0.000263816
0.49945 0.50055 0.000271745 0.000271745
0.49961 0.50039 0.00028125 0.00028125
0.49919 0.50081 0.000287792 0.000287792
0.49917 0.50083 0.000295577 0.000295577
0.49947 0.50053 0.000286373 0.000286373
0.49953 0.50047 0.000295524 0.000295524
0.49986 0.50014 0.000319132 0.000319132
0.49996 0.50004 0.000290483 0.000290483
0.5001 0.4999 0.000303788 0.000303788
0.50042 0.49958 0.000298206 0.000298206
0.50018 0.49982 0.000311765 0.000311765
0.49992 0.50008 0.000312135 0.000312135
0.49921 0.50079 0.000308673 0.000308673
0.49988 0.50012 0.000284208 0.000284208
0.4999 0.5001 0.000268212 0.000268212
0.50023 0.49977 0.000271068 0.000271068
0.50022 0.49978 0.000285648 0.000285648
0.50021 0.49979 0.000275885 0.000275885
0.50015 0.49985 0.000264432 0.000264432
0.50014 0.49986 0.000259475 0.000259475
0.49994 0.50006 0.000264724 0.000264724
0.49973 0.50027 0.000271472 0.000271472
0.4998 0.5002 0.00029101 0.00029101
0.49985 0.50015 0.000286311 0.000286311
0.50006 0.49994 0.000284683 0.000284683
0.49955 0.50045 0.00028221 0.00028221
0.49978 0.50022 0.000276921 0.000276921
0.49991 0.50009 0.000276749 0.000276749
0.50008 0.49992 0.000289751 0.000289751
0.49952 0.50048 0.000287424 0.000287424
0.49894 0.50106 0.000299411 0.000299411
0.49828 0.50172 0.000297153 0.000297153
0.49812 0.50188 0.000298026 0.000298026
0.49878 0.50122 0.000271446 0.000271446
0.4995 0.5005 0.000277929 0.000277929
0.50009 0.49991 0.00027477 0.00027477
0.50066 0.49934 0.000253055 0.000253055
0.50049 0.49951 0.000293667 0.000293667
0.50113 0.49887 0.000291266 0.000291266
0.50053 0.49947 0.000307787 0.000307787
0.50063 0.49937 0.000314902 0.000314902
0.5009 0.4991 0.000316778 0.000316778
0.50089 0.49911 0.000312887 0.000312887
0.50039 0.49961 0.000283695 0.000283695
0.50048 0.49952 0.000284293 0.000284293
0.50047 0.49953 0.000279787 0.000279787
0.50048 0.49952 0.000295282 0.000295282
0.50049 0.49951 0.00031001 0.00031001
0.49977 0.50023 0.000322947 0.000322947
0.50028 0.49972 0.000320345 0.000320345
0.50021 0.49979 0.000315016 0.000315016
0.50047 0.49953 0.000319949 0.000319949
0.50031 0.49969 0.000301832 0.000301832
0.49993 0.50007 0.000300349 0.000300349
0.49952 0.50048 0.000302091 0.000302091
0.49875 0.50125 0.000314169 0.000314169
0.49872 0.50128 0.00030988 0.00030988
0.49886 0.50114 0.000308303 0.000308303
0.49905 0.50095 0.000312775 0.000312775
0.49948 0.50052 0.000319787 0.000319787
0.49922 0.50078 0.000312295 0.000312295
0.49993 0.50007 0.000291823 0.000291823
0.49981 0.50019 0.000306842 0.000306842
0.50043 0.49957 0.000306349 0.000306349
0.49982 0.50018 0.000311341 0.000311341
0.5001 0.4999 0.000326838 0.000326838
0.50051 0.49949 0.000326273 0.000326273
0.50053 0.49947 0.000324757 0.000324757
0.50177 0.49823 0.000326078 0.000326078
0.50171 0.49829 0.000294551 0.000294551
0.501 0.499 0.000276202 0.000276202
0.50094 0.49906 0.000286764 0.000286764
0.50095 0.49905 0.000275462 0.000275462
0.5014 0.4986 0.00027804 0.00027804
0.50205 0.49795 0.000284775 0.000284775
0.50201 0.49799 0.000275343 0.000275343
0.50141 0.49859 0.000278992 0.000278992
0.50135 0.49865 0.000304048 0.000304048
0.50168 0.49832 0.00029921 0.00029921
0.50209 0.49791 0.0002998 0.0002998
0.5021 0.4979 0.000290919 0.000290919
0.5016 0.4984 0.00028802 0.00028802
0.50088 0.49912 0.000334026 0.000334026
0.50127 0.49873 0.000321573 0.000321573
0.50103 0.49897 0.000304635 0.000304635
0.50148 0.49852 0.000289646 0.000289646
0.50145 0.49855 0.00028924 0.00028924
0.50137 0.49863 0.0003007 0.0003007
0.50126 0.49874 0.000299103 0.000299103
0.50136 0.49864 0.000288394 0.000288394
0.50194 0.49806 0.000273673 0.000273673
0.50152 0.49848 0.000319222 0.000319222
0.50142 0.49858 0.000328711 0.000328711
0.50155 0.49845 0.000307886 0.000307886
0.50169 0.49831 0.000317246 0.000317246
0.50143 0.49857 0.000335136 0.000335136
0.50165 0.49835 0.000322452 0.000322452
0.50171 0.49829 0.000326349 0.000326349
0.50121 0.49879 0.000324531 0.000324531
0.50092 0.49908 0.000319893 0.000319893
0.50076 0.49924 0.000319942 0.000319942
0.5012 0.4988 0.000311697 0.000311697
0.50169 0.49831 0.000329105 0.000329105
0.50141 0.49859 0.00034885 0.00034885
0.50171 0.49829 0.000338248 0.000338248
0.50194 0.49806 0.0003464 0.0003464
0.50212 0.49788 0.000362955 0.000362955
0.50246 0.49754 0.00038112 0.00038112
0.50166 0.49834 0.000401035 0.000401035
0.50211 0.49789 0.000377513 0.000377513
0.50209 0.49791 0.000369295 0.000369295
0.50245 0.49755 0.000344997 0.000344997
0.50133 0.49867 0.000334385 0.000334385
0.50161 0.49839 0.000338159 0.000338159
0.50174 0.49826 0.000325285 0.000325285
0.50187 0.49813 0.00033171 0.00033171
0.50129 0.49871 0.000338976 0.000338976
0.50109 0.49891 0.000317012 0.000317012
0.50114 0.49886 0.000314566 0.000314566
0.50158 0.49842 0.000308488 0.000308488
0.50167 0.49833 0.000280587 0.000280587
0.50174 0.49826 0.000294477 0.000294477
0.50117 0.49883 0.000267597 0.000267597
0.50097 0.49903 0.000259585 0.000259585
0.50093 0.49907 0.000290692 0.000290692
0.50109 0.49891 0.000307861 0.000307861
0.5019 0.4981 0.000305364 0.000305364
0.50228 0.49772 0.000299981 0.000299981
0.50239 0.49761 0.000292564 0.000292564
0.50206 0.49794 0.000273491 0.000273491
0.5018 0.4982 0.000262343 0.000262343
0.50143 0.49857 0.000281945 0.000281945
0.50106 0.49894 0.00027735 0.00027735
0.50056 0.49944 0.000270835 0.000270835
0.50098 0.49902 0.000260404 0.000260404
0.50142 0.49858 0.000281054 0.000281054
0.50147 0.49853 0.000274151 0.000274151
0.50107 0.49893 0.000271743 0.000271743
0.50082 0.49918 0.000266472 0.000266472
0.50148 0.49852 0.000294434 0.000294434
0.50188 0.49812 0.000282389 0.000282389
0.50199 0.49801 0.000281626 0.000281626
0.50174 0.49826 0.000303629 0.000303629
0.50183 0.49817 0.00029386 0.00029386
0.50114 0.49886 0.000274101 0.000274101
0.5011 0.4989 0.000274333 0.000274333
0.50075 0.49925 0.000254997 0.000254997
0.5007 0.4993 0.000267364 0.000267364
0.5003 0.4997 0.000279788 0.000279788
0.49996 0.50004 0.000301998 0.000301998
0.50071 0.49929 0.000291501 0.000291501
0.50069 0.49931 0.000285408 0.000285408
0.50104 0.49896 0.000284099 0.000284099
0.50114 0.49886 0.000309657 0.000309657
0.50091 0.49909 0.000326689 0.000326689
0.50078 0.49922 0.000321123 0.000321123
0.50056 0.49944 0.000309522 0.000309522
0.50084 0.49916 0.000295267 0.000295267
0.50172 0.49828 0.000268507 0.000268507
0.50209 0.49791 0.000284871 0.000284871
0.50213 0.49787 0.000281872 0.000281872
0.50167 0.49833 0.000275961 0.000275961
0.50133 0.49867 0.000290304 0.000290304
0.50114 0.49886 0.000275374 0.000275374
0.50161 0.49839 0.00029024 0.00029024
0.50128 0.49872 0.000284688 0.000284688
0.50109 0.49891 0.000261881 0.000261881
0.50116 0.49884 0.000228459 0.000228459
0.50064 0.49936 0.00023296 0.00023296
0.50131 0.49869 0.000260176 0.000260176
0.50175 0.49825 0.000236472 0.000236472
0.5019 0.4981 0.000228495 0.000228495
0.50081 0.49919 0.000217529 0.000217529
0.50106 0.49894 0.000205491 0.000205491
0.50155 0.49845 0.000219482 0.000219482
0.50215 0.49785 0.000233523 0.000233523
0.50129 0.49871 0.000255501 0.000255501
0.50145 0.49855 0.000250957 0.000250957
0.50142 0.49858 0.000252751 0.000252751
0.50122 0.49878 0.000242436 0.000242436
0.50154 0.49846 0.000241665 0.000241665
0.50131 0.49869 0.00023462 0.00023462
0.50104 0.49896 0.000228099 0.000228099
0.50078 0.49922 0.000224355 0.000224355
0.50027 0.49973 0.000219835 0.000219835
0.5005 0.4995 0.000234758 0.000234758
0.50053 0.49947 0.000237282 0.000237282
0.50066 0.49934 0.000229277 0.000229277
0.50038 0.49962 0.000231672 0.000231672
0.50051 0.49949 0.000232757 0.000232757
0.50078 0.49922 0.000233325 0.000233325
0.50031 0.49969 0.000227246 0.000227246
0.50027 0.49973 0.000226967 0.000226967
0.50055 0.49945 0.00024726 0.00024726
0.5006 0.4994 0.000261596 0.000261596
0.5008 0.4992 0.000284566 0.000284566
0.50118 0.49882 0.000290977 0.000290977
0.50099 0.49901 0.000278252 0.000278252
0.50054 0.49946 0.000280897 0.000280897
0.50036 0.49964 0.000301303 0.000301303
0.50033 0.49967 0.000311678 0.000311678
0.50077 0.49923 0.000313633 0.000313633
0.50022 0.49978 0.000293951 0.000293951
0.50019 0.49981 0.000314034 0.000314034
0.5006 0.4994 0.000312667 0.000312667
0.49998 0.50002 0.000312626 0.000312626
0.50013 0.49987 0.000288902 0.000288902
0.49986 0.50014 0.000292707 0.000292707
0.50034 0.49966 0.00028558 0.00028558
0.50078 0.49922 0.000265406 0.000265406
0.5005 0.4995 0.000265 0.000265
0.50102 0.49898 0.000259495 0.000259495
0.50014 0.49986 0.000271778 0.000271778
0.5001 0.4999 0.000299141 0.000299141
0.50013 0.49987 0.00028169 0.00028169
0.50061 0.49939 0.000270947 0.000270947
0.50028 0.49972 0.000284931 0.000284931
0.50071 0.49929 0.000298632 0.000298632
0.50154 0.49846 0.000275887 0.000275887
0.50132 0.49868 0.000296806 0.000296806
0.50068 0.49932 0.000292099 0.000292099
0.50015 0.49985 0.000276513 0.000276513
0.49997 0.50003 0.000280595 0.000280595
0.50011 0.49989 0.000282422 0.000282422
0.50011 0.49989 0.000286685 0.000286685
0.5 0.5 0.000282606 0.000282606
0.49991 0.50009 0.000289396 0.000289396
0.5004 0.4996 0.000284424 0.000284424
0.50039 0.49961 0.00028119 0.00028119
0.50004 0.49996 0.000286059 0.000286059
0.49986 0.50014 0.000267778 0.000267778
0.4997 0.5003 0.000255081 0.000255081
0.49968 0.50032 0.000247331 0.000247331
0.49975 0.50025 0.00022223 0.00022223
0.50019 0.49981 0.000240903 0.000240903
0.50001 0.49999 0.000235727 0.000235727
0.49998 0.50002 0.000256929 0.000256929
0.50022 0.49978 0.000275567 0.000275567
0.5008 0.4992 0.000288707 0.000288707
0.50107 0.49893 0.000312813 0.000312813
0.50134 0.49866 0.000301338 0.000301338
0.50135 0.49865 0.000294169 0.000294169
0.50171 0.49829 0.0002774 0.0002774
0.50159 0.49841 0.000256669 0.000256669
0.50093 0.49907 0.000268591 0.000268591
0.5007 0.4993 0.000297081 0.000297081
0.50097 0.49903 0.00028912 0.00028912
0.50075 0.49925 0.000265886 0.000265886
0.50108 0.49892 0.000261509 0.000261509
0.50068 0.49932 0.000267412 0.000267412
0.50068 0.49932 0.000270725 0.000270725
0.50004 0.49996 0.000266059 0.000266059
0.50104 0.49896 0.000268645 0.000268645
0.50088 0.49912 0.000280713 0.000280713
0.50087 0.49913 0.000268134 0.000268134
0.50133 0.49867 0.000276102 0.000276102
0.50113 0.49887 0.000300639 0.000300639
0.50112 0.49888 0.000341925 0.000341925
0.50148 0.49852 0.000339767 0.000339767
0.50135 0.49865 0.000322694 0.000322694
0.50165 0.49835 0.000312553 0.000312553
0.50131 0.49869 0.000309772 0.000309772
0.50196 0.49804 0.000299776 0.000299776
0.50213 0.49787 0.000301872 0.000301872
0.50168 0.49832 0.000312725 0.000312725
0.50154 0.49846 0.000294049 0.000294049
0.50147 0.49853 0.000310676 0.000310676
0.50122 0.49878 0.000283244 0.000283244
0.50084 0.49916 0.000289025 0.000289025
0.50032 0.49968 0.000268038 0.000268038
0.501 0.499 0.000266424 0.000266424
