0.50097 0.49903 2.64334e-05 2.64334e-05
0.50157 0.49843 4.68536e-05 4.68536e-05
0.50237 0.49763 6.57506e-05 6.57506e-05
0.50231 0.49769 9.36302e-05 9.36302e-05
0.50165 0.49835 0.000112432 0.000112432
0.50227 0.49773 0.000131108 0.000131108
0.50198 0.49802 0.000134424 0.000134424
0.50169 0.49831 0.000151691 0.000151691
0.50179 0.49821 0.000168006 0.000168006
0.50175 0.49825 0.000170169 0.000170169
0.502 0.498 0.000164283 0.000164283
0.50204 0.49796 0.000174463 0.000174463
0.50324 0.49676 0.000175598 0.000175598
0.50183 0.49817 0.000192446 0.000192446
0.50147 0.49853 0.000194736 0.000194736
0.50167 0.49833 0.000220345 0.000220345
0.50121 0.49879 0.000227905 0.000227905
0.50174 0.49826 0.000220457 0.000220457
0.50206 0.49794 0.000214825 0.000214825
0.50216 0.49784 0.000236459 0.000236459
0.5026 0.4974 0.00023996 0.00023996
0.50182 0.49818 0.000228957 0.000228957
0.50186 0.49814 0.000240081 0.000240081
0.50164 0.49836 0.000243142 0.000243142
0.50214 0.49786 0.000260667 0.000260667
0.50161 0.49839 0.000268139 0.000268139
0.50095 0.49905 0.000270694 0.000270694
0.50065 0.49935 0.000267664 0.000267664
0.50109 0.49891 0.000254042 0.000254042
0.50072 0.49928 0.00028188 0.00028188
0.49999 0.50001 0.000259283 0.000259283
0.49999 0.50001 0.000257323 0.000257323
0.50088 0.49912 0.000270309 0.000270309
0.5003 0.4997 0.000259303 0.000259303
0.50061 0.49939 0.000242786 0.000242786
0.50048 0.49952 0.000218192 0.000218192
0.50041 0.49959 0.000234123 0.000234123
0.50064 0.49936 0.000231 0.000231
0.50077 0.49923 0.00023527 0.00023527
0.50143 0.49857 0.000240995 0.000240995
0.50144 0.49856 0.000252572 0.000252572
0.50143 0.49857 0.000229621 0.000229621
0.5014 0.4986 0.000238202 0.000238202
0.50157 0.49843 0.000278086 0.000278086
0.5022 0.4978 0.000281374 0.000281374
0.50294 0.49706 0.0002704 0.0002704
0.50276 0.49724 0.000242002 0.000242002
0.5033 0.4967 0.000259505 0.000259505
0.50343 0.49657 0.000268288 0.000268288
0.50294 0.49706 0.000254097 0.000254097
0.50259 0.49741 0.000250871 0.000250871
0.50276 0.49724 0.000237558 0.000237558
0.50197 0.49803 0.000232676 0.000232676
0.50178 0.49822 0.000237628 0.000237628
0.50182 0.49818 0.000227381 0.000227381
0.50226 0.49774 0.000238538 0.000238538
0.50249 0.49751 0.000267545 0.000267545
0.50198 0.49802 0.000291535 0.000291535
0.50129 0.49871 0.000278976 0.000278976
0.50089 0.49911 0.000288159 0.000288159
0.5004 0.4996 0.000284646 0.000284646
0.5009 0.4991 0.000234354 0.000234354
0.50051 0.49949 0.00024801 0.00024801
0.49948 0.50052 0.000250192 0.000250192
0.49994 0.50006 0.000222178 0.000222178
0.49974 0.50026 0.000238417 0.000238417
0.49992 0.50008 0.000235266 0.000235266
0.50024 0.49976 0.000228972 0.000228972
0.49969 0.50031 0.000224216 0.000224216
0.4998 0.5002 0.000223737 0.000223737
0.49903 0.50097 0.000235908 0.000235908
0.4992 0.5008 0.000233071 0.000233071
0.49957 0.50043 0.000222874 0.000222874
0.50039 0.49961 0.000238543 0.000238543
0.50088 0.49912 0.000242612 0.000242612
0.50099 0.49901 0.000227202 0.000227202
0.50066 0.49934 0.000234489 0.000234489
0.5018 0.4982 0.000258848 0.000258848
0.50172 0.49828 0.00025982 0.00025982
0.50098 0.49902 0.000256282 0.000256282
0.50053 0.49947 0.000277019 0.000277019
0.50127 0.49873 0.000279714 0.000279714
0.50078 0.49922 0.000257547 0.000257547
0.50072 0.49928 0.000236284 0.000236284
0.50103 0.49897 0.000224393 0.000224393
0.50171 0.49829 0.00022639 0.00022639
0.5024 0.4976 0.000244 0.000244
0.50238 0.49762 0.000262218 0.000262218
0.5021 0.4979 0.000265162 0.000265162
0.50245 0.49755 0.000294917 0.000294917
0.50307 0.49693 0.000317197 0.000317197
0.50274 0.49726 0.000314558 0.000314558
0.50341 0.49659 0.000297214 0.000297214
0.50341 0.49659 0.000275881 0.000275881
0.50367 0.49633 0.000275799 0.000275799
0.50313 0.49687 0.000259993 0.000259993
0.5033 0.4967 0.000268798 0.000268798
0.50307 0.49693 0.000290631 0.000290631
0.50329 0.49671 0.000311198 0.000311198
0.50237 0.49763 0.000304761 0.000304761
0.50233 0.49767 0.000281819 0.000281819
0.50221 0.49779 0.000285339 0.000285339
0.50215 0.49785 0.000290533 0.000290533
0.50159 0.49841 0.000284749 0.000284749
0.50169 0.49831 0.000275772 0.000275772
0.50174 0.49826 0.000307649 0.000307649
0.50157 0.49843 0.00028453 0.00028453
0.5023 0.4977 0.000281828 0.000281828
0.50276 0.49724 0.000278144 0.000278144
0.50334 0.49666 0.000293863 0.000293863
0.50363 0.49637 0.000306114 0.000306114
0.50342 0.49658 0.000291438 0.000291438
0.50331 0.49669 0.000299388 0.000299388
0.50242 0.49758 0.000319377 0.000319377
0.50244 0.49756 0.000307158 0.000307158
0.50306 0.49694 0.000330522 0.000330522
0.50254 0.49746 0.000369261 0.000369261
0.50185 0.49815 0.000365098 0.000365098
0.50272 0.49728 0.000361577 0.000361577
0.50243 0.49757 0.000376025 0.000376025
0.50235 0.49765 0.000389644 0.000389644
0.50288 0.49712 0.000395703 0.000395703
0.5023 0.4977 0.000363081 0.000363081
0.50217 0.49783 0.000374021 0.000374021
0.50218 0.49782 0.000366674 0.000366674
0.50208 0.49792 0.000335913 0.000335913
0.50189 0.49811 0.000343574 0.000343574
0.50166 0.49834 0.000333136 0.000333136
0.50301 0.49699 0.000340151 0.000340151
0.50303 0.49697 0.000328918 0.000328918
0.50266 0.49734 0.000309257 0.000309257
0.50211 0.49789 0.000326624 0.000326624
0.50217 0.49783 0.000322223 0.000322223
0.50199 0.49801 0.00035203 0.00035203
0.50186 0.49814 0.000339576 0.000339576
0.5024 0.4976 0.000357434 0.000357434
0.50229 0.49771 0.000358834 0.000358834
0.50203 0.49797 0.00032611 0.00032611
0.50223 0.49777 0.00031626 0.00031626
0.50227 0.49773 0.00035026 0.00035026
0.50173 0.49827 0.000392745 0.000392745
0.50133 0.49867 0.000357941 0.000357941
0.50195 0.49805 0.000361361 0.000361361
0.50106 0.49894 0.000371107 0.000371107
0.50062 0.49938 0.000378945 0.000378945
0.50016 0.49984 0.000360944 0.000360944
0.49992 0.50008 0.000382175 0.000382175
0.49973 0.50027 0.000390684 0.000390684
0.50048 0.49952 0.000396474 0.000396474
0.50097 0.49903 0.000409039 0.000409039
0.50076 0.49924 0.000375518 0.000375518
0.50043 0.49957 0.000401015 0.000401015
0.49998 0.50002 0.000385798 0.000385798
0.50122 0.49878 0.000401062 0.000401062
0.50016 0.49984 0.000377206 0.000377206
0.50066 0.49934 0.000384025 0.000384025
0.50095 0.49905 0.000386876 0.000386876
0.50162 0.49838 0.000362541 0.000362541
0.50175 0.49825 0.000354896 0.000354896
0.50177 0.49823 0.000358341 0.000358341
0.50103 0.49897 0.000333221 0.000333221
0.50043 0.49957 0.000346712 0.000346712
0.4995 0.5005 0.000349182 0.000349182
0.49949 0.50051 0.000357263 0.000357263
0.50024 0.49976 0.000373821 0.000373821
0.50015 0.49985 0.000382068 0.000382068
0.49981 0.50019 0.000401711 0.000401711
0.49921 0.50079 0.000372511 0.000372511
0.49967 0.50033 0.000381557 0.000381557
0.49971 0.50029 0.000431602 0.000431602
0.49925 0.50075 0.000442432 0.000442432
0.4993 0.5007 0.000444273 0.000444273
0.49943 0.50057 0.000432995 0.000432995
0.4995 0.5005 0.000414495 0.000414495
0.50006 0.49994 0.00042335 0.00042335
0.49993 0.50007 0.000438712 0.000438712
0.50021 0.49979 0.000425481 0.000425481
0.5002 0.4998 0.000389293 0.000389293
0.50037 0.49963 0.000371771 0.000371771
0.5005 0.4995 0.00037698 0.00037698
0.50013 0.49987 0.00040773 0.00040773
0.50022 0.49978 0.00040482 0.00040482
0.50042 0.49958 0.000413095 0.000413095
0.49999 0.50001 0.000444879 0.000444879
0.49987 0.50013 0.000437528 0.000437528
0.50022 0.49978 0.00042587 0.00042587
0.49954 0.50046 0.000431059 0.000431059
0.50021 0.49979 0.000388673 0.000388673
0.49926 0.50074 0.000389386 0.000389386
0.49981 0.50019 0.000376943 0.000376943
0.49979 0.50021 0.000410228 0.000410228
0.5004 0.4996 0.000425111 0.000425111
0.5 0.5 0.000430283 0.000430283
0.49998 0.50002 0.000442787 0.000442787
0.49961 0.50039 0.00041422 0.00041422
0.50062 0.49938 0.000387854 0.000387854
0.50038 0.49962 0.000375511 0.000375511
0.50068 0.49932 0.000366381 0.000366381
0.50051 0.49949 0.000370757 0.000370757
0.49996 0.50004 0.000380322 0.000380322
0.49972 0.50028 0.000384486 0.000384486
0.49971 0.50029 0.000382309 0.000382309
0.50028 0.49972 0.000373476 0.000373476
0.50071 0.49929 0.000384349 0.000384349
0.50042 0.49958 0.000376307 0.000376307
0.50065 0.49935 0.000362533 0.000362533
0.50138 0.49862 0.000339753 0.000339753
0.50114 0.49886 0.000354243 0.000354243
0.49992 0.50008 0.00034466 0.00034466
0.49968 0.50032 0.00032028 0.00032028
0.49995 0.50005 0.000353159 0.000353159
0.50027 0.49973 0.000358745 0.000358745
0.49998 0.50002 0.000363596 0.000363596
0.49988 0.50012 0.000357602 0.000357602
0.49962 0.50038 0.000343369 0.000343369
0.50007 0.49993 0.000365864 0.000365864
0.49998 0.50002 0.000362808 0.000362808
0.50046 0.49954 0.000384877 0.000384877
0.50022 0.49978 0.000387204 0.000387204
0.50029 0.49971 0.000370854 0.000370854
0.50005 0.49995 0.000398109 0.000398109
0.50024 0.49976 0.000366285 0.000366285
0.50046 0.49954 0.000382615 0.000382615
0.49966 0.50034 0.000403398 0.000403398
0.49966 0.50034 0.000400186 0.000400186
0.49965 0.50035 0.000368088 0.000368088
0.50036 0.49964 0.000361041 0.000361041
0.50033 0.49967 0.000339314 0.000339314
0.50054 0.49946 0.000326655 0.000326655
0.50057 0.49943 0.000357217 0.000357217
0.50141 0.49859 0.000365557 0.000365557
0.50104 0.49896 0.000371312 0.000371312
0.50124 0.49876 0.000368649 0.000368649
0.501 0.499 0.000352949 0.000352949
0.50076 0.49924 0.00031976 0.00031976
0.49999 0.50001 0.000331727 0.000331727
0.49938 0.50062 0.000332299 0.000332299
0.49954 0.50046 0.000402695 0.000402695
0.49953 0.50047 0.000413686 0.000413686
0.4995 0.5005 0.000405869 0.000405869
0.49932 0.50068 0.000367452 0.000367452
0.49975 0.50025 0.000387907 0.000387907
0.49988 0.50012 0.00038247 0.00038247
0.49999 0.50001 0.000373505 0.000373505
0.5005 0.4995 0.000366354 0.000366354
0.50129 0.49871 0.000347642 0.000347642
0.50153 0.49847 0.000348938 0.000348938
0.50061 0.49939 0.000382463 0.000382463
0.50054 0.49946 0.000384978 0.000384978
0.50088 0.49912 0.000363905 0.000363905
0.50121 0.49879 0.000393178 0.000393178
0.50147 0.49853 0.000379464 0.000379464
0.50149 0.49851 0.000347848 0.000347848
0.50088 0.49912 0.000353157 0.000353157
0.50053 0.49947 0.000345504 0.000345504
0.50048 0.49952 0.000355707 0.000355707
0.50112 0.49888 0.000388693 0.000388693
0.50102 0.49898 0.000414828 0.000414828
0.50122 0.49878 0.000384295 0.000384295
0.5014 0.4986 0.000386465 0.000386465
0.50183 0.49817 0.000395557 0.000395557
0.50184 0.49816 0.000402439 0.000402439
0.5021 0.4979 0.000425626 0.000425626
0.50143 0.49857 0.000374288 0.000374288
0.50104 0.49896 0.000347897 0.000347897
0.50043 0.49957 0.000357035 0.000357035
0.50041 0.49959 0.000348143 0.000348143
0.50102 0.49898 0.000360383 0.000360383
0.50126 0.49874 0.000347346 0.000347346
0.50118 0.49882 0.000381402 0.000381402
0.50152 0.49848 0.000387747 0.000387747
0.50204 0.49796 0.000401978 0.000401978
0.50204 0.49796 0.000383231 0.000383231
0.50236 0.49764 0.000377303 0.000377303
0.50228 0.49772 0.000379214 0.000379214
0.50209 0.49791 0.000379416 0.000379416
0.50189 0.49811 0.00038618 0.00038618
0.50126 0.49874 0.000387265 0.000387265
0.5008 0.4992 0.000397172 0.000397172
0.50023 0.49977 0.00040026 0.00040026
0.50026 0.49974 0.000381366 0.000381366
0.50094 0.49906 0.000413269 0.000413269
0.50198 0.49802 0.000412141 0.000412141
0.50204 0.49796 0.000389433 0.000389433
0.50196 0.49804 0.000393534 0.000393534
0.50236 0.49764 0.000419728 0.000419728
0.50201 0.49799 0.000414858 0.000414858
0.50238 0.49762 0.000399026 0.000399026
0.50221 0.49779 0.00039837 0.00039837
0.50266 0.49734 0.000368873 0.000368873
0.5032 0.4968 0.000406101 0.000406101
0.50252 0.49748 0.000429242 0.000429242
0.50268 0.49732 0.000446482 0.000446482
0.50255 0.49745 0.000430856 0.000430856
0.50297 0.49703 0.000404474 0.000404474
0.50367 0.49633 0.000443213 0.000443213
0.50295 0.49705 0.000448614 0.000448614
0.50232 0.49768 0.000466301 0.000466301
0.5025 0.4975 0.000484434 0.000484434
0.50132 0.49868 0.000468018 0.000468018
0.50057 0.49943 0.000473258 0.000473258
0.50053 0.49947 0.000456373 0.000456373
0.50046 0.49954 0.000454938 0.000454938
0.49966 0.50034 0.000445499 0.000445499
0.49909 0.50091 0.000428588 0.000428588
0.4991 0.5009 0.000425364 0.000425364
0.49938 0.50062 0.000419612 0.000419612
0.49999 0.50001 0.000386091 0.000386091
0.50026 0.49974 0.000394699 0.000394699
0.50173 0.49827 0.000385977 0.000385977
0.50168 0.49832 0.000375573 0.000375573
0.50142 0.49858 0.000333196 0.000333196
0.50167 0.49833 0.000338244 0.000338244
0.50178 0.49822 0.000346315 0.000346315
0.50209 0.49791 0.000364507 0.000364507
0.50176 0.49824 0.000367538 0.000367538
0.50202 0.49798 0.000347899 0.000347899
0.50222 0.49778 0.000348153 0.000348153
0.50166 0.49834 0.000362085 0.000362085
0.50223 0.49777 0.000372078 0.000372078
0.5024 0.4976 0.000370788 0.000370788
0.50149 0.49851 0.000371141 0.000371141
0.50145 0.49855 0.000382149 0.000382149
0.50169 0.49831 0.000397994 0.000397994
0.50224 0.49776 0.000393457 0.000393457
0.50236 0.49764 0.000432455 0.000432455
0.50336 0.49664 0.000416576 0.000416576
0.50251 0.49749 0.000448071 0.000448071
0.502 0.498 0.000420343 0.000420343
0.50147 0.49853 0.000408211 0.000408211
0.50239 0.49761 0.000427755 0.000427755
0.50144 0.49856 0.000407077 0.000407077
0.50148 0.49852 0.000425666 0.000425666
0.50182 0.49818 0.000400553 0.000400553
0.50124 0.49876 0.000407114 0.000407114
0.50107 0.49893 0.000401783 0.000401783
0.50106 0.49894 0.000412158 0.000412158
0.5009 0.4991 0.000451465 0.000451465
0.50097 0.49903 0.000438757 0.000438757
0.50019 0.49981 0.000449428 0.000449428
0.50021 0.49979 0.000429481 0.000429481
0.50021 0.49979 0.000439056 0.000439056
0.50064 0.49936 0.000452475 0.000452475
0.50128 0.49872 0.000427396 0.000427396
0.50073 0.49927 0.000450159 0.000450159
0.50057 0.49943 0.000438308 0.000438308
0.50106 0.49894 0.000438562 0.000438562
0.50175 0.49825 0.000447624 0.000447624
0.50183 0.49817 0.00041093 0.00041093
0.50202 0.49798 0.000414161 0.000414161
0.50168 0.49832 0.000408866 0.000408866
0.50183 0.49817 0.000409395 0.000409395
0.50171 0.49829 0.000385764 0.000385764
0.50228 0.49772 0.000408891 0.000408891
0.50252 0.49748 0.000424313 0.000424313
0.50242 0.49758 0.000431297 0.000431297
0.50243 0.49757 0.000397157 0.000397157
0.5018 0.4982 0.000417798 0.000417798
0.501 0.499 0.000404768 0.000404768
0.50079 0.49921 0.000427804 0.000427804
0.50066 0.49934 0.000392328 0.000392328
0.5008 0.4992 0.000377313 0.000377313
0.50091 0.49909 0.00041285 0.00041285
0.50118 0.49882 0.000427947 0.000427947
0.50031 0.49969 0.000431529 0.000431529
0.5008 0.4992 0.000440323 0.000440323
0.50209 0.49791 0.000445335 0.000445335
0.50216 0.49784 0.000441206 0.000441206
0.50241 0.49759 0.000464547 0.000464547
0.502 0.498 0.000472364 0.000472364
0.50231 0.49769 0.000494196 0.000494196
0.50211 0.49789 0.000485755 0.000485755
0.50261 0.49739 0.000482018 0.000482018
0.50208 0.49792 0.000469933 0.000469933
0.50219 0.49781 0.000481388 0.000481388
0.50199 0.49801 0.000445747 0.000445747
0.50196 0.49804 0.000488564 0.000488564
0.50233 0.49767 0.00046485 0.00046485
0.50328 0.49672 0.000440204 0.000440204
0.50342 0.49658 0.000436347 0.000436347
0.50269 0.49731 0.000445792 0.000445792
0.50285 0.49715 0.00045627 0.00045627
0.50269 0.49731 0.000453933 0.000453933
0.50263 0.49737 0.000459104 0.000459104
0.50322 0.49678 0.000423567 0.000423567
0.50315 0.49685 0.000429543 0.000429543
0.50313 0.49687 0.000435569 0.000435569
0.50255 0.49745 0.000446109 0.000446109
0.50203 0.49797 0.000426676 0.000426676
0.50169 0.49831 0.000413388 0.000413388
0.50146 0.49854 0.000389039 0.000389039
0.50209 0.49791 0.000373962 0.000373962
0.50124 0.49876 0.000384103 0.000384103
0.50128 0.49872 0.000352062 0.000352062
0.50121 0.49879 0.000354329 0.000354329
0.5012 0.4988 0.000391253 0.000391253
0.50126 0.49874 0.000372255 0.000372255
0.50035 0.49965 0.000431482 0.000431482
0.50021 0.49979 0.000413804 0.000413804
0.49998 0.50002 0.00038408 0.00038408
0.49974 0.50026 0.000389891 0.000389891
0.50004 0.49996 0.000400625 0.000400625
0.50113 0.49887 0.000382094 0.000382094
0.50145 0.49855 0.000376412 0.000376412
0.50128 0.49872 0.000397375 0.000397375
0.502 0.498 0.000378081 0.000378081
0.50172 0.49828 0.000371658 0.000371658
0.50055 0.49945 0.000395381 0.000395381
0.50096 0.49904 0.00038915 0.00038915
0.50089 0.49911 0.000395028 0.000395028
0.5011 0.4989 0.000404859 0.000404859
0.50063 0.49937 0.000443629 0.000443629
0.50046 0.49954 0.000444554 0.000444554
0.50013 0.49987 0.000431993 0.000431993
0.50125 0.49875 0.000416088 0.000416088
0.50079 0.49921 0.000406248 0.000406248
0.50139 0.49861 0.00040119 0.00040119
0.50141 0.49859 0.00039477 0.00039477
0.50027 0.49973 0.00037129 0.00037129
0.50031 0.49969 0.000354802 0.000354802
0.50039 0.49961 0.000389372 0.000389372
0.50007 0.49993 0.000379318 0.000379318
0.50126 0.49874 0.00035872 0.00035872
0.50111 0.49889 0.000346301 0.000346301
0.50048 0.49952 0.000382252 0.000382252
0.50064 0.49936 0.000403344 0.000403344
0.50044 0.49956 0.000397784 0.000397784
0.5003 0.4997 0.000362556 0.000362556
0.50102 0.49898 0.000329737 0.000329737
0.50116 0.49884 0.000333408 0.000333408
0.50143 0.49857 0.000337015 0.000337015
0.50149 0.49851 0.000373505 0.000373505
0.50207 0.49793 0.000353763 0.000353763
0.50261 0.49739 0.000344665 0.000344665
0.50261 0.49739 0.000335493 0.000335493
0.50266 0.49734 0.000361237 0.000361237
0.50321 0.49679 0.000347824 0.000347824
0.50294 0.49706 0.000358905 0.000358905
0.50245 0.49755 0.000356311 0.000356311
0.50229 0.49771 0.000348572 0.000348572
0.50204 0.49796 0.000375736 0.000375736
0.5017 0.4983 0.000390495 0.000390495
0.50177 0.49823 0.00038129 0.00038129
0.50126 0.49874 0.000367366 0.000367366
0.50062 0.49938 0.000340258 0.000340258
0.50181 0.49819 0.000342559 0.000342559
0.50187 0.49813 0.000366195 0.000366195
0.50222 0.49778 0.000350052 0.000350052
0.50193 0.49807 0.00032948 0.00032948
0.50194 0.49806 0.000318845 0.000318845
0.50184 0.49816 0.000323105 0.000323105
0.50198 0.49802 0.000352747 0.000352747
0.50257 0.49743 0.000367965 0.000367965
0.50216 0.49784 0.000365893 0.000365893
0.50187 0.49813 0.000340821 0.000340821
0.50144 0.49856 0.00033338 0.00033338
0.50119 0.49881 0.000332903 0.000332903
0.50091 0.49909 0.000366628 0.000366628
0.50009 0.49991 0.000394446 0.000394446
0.49965 0.50035 0.000380351 0.000380351
0.49987 0.50013 0.00039872 0.00039872
0.49983 0.50017 0.000400203 0.000400203
0.50009 0.49991 0.00039784 0.00039784
0.50009 0.49991 0.00037279 0.00037279
0.5005 0.4995 0.000395687 0.000395687
0.5013 0.4987 0.000397444 0.000397444
0.50133 0.49867 0.000425395 0.000425395
0.5015 0.4985 0.000428899 0.000428899
0.50136 0.49864 0.000447505 0.000447505
0.50182 0.49818 0.000475886 0.000475886
0.50151 0.49849 0.000431646 0.000431646
0.50223 0.49777 0.000439068 0.000439068
0.5023 0.4977 0.000464919 0.000464919
0.50176 0.49824 0.000463114 0.000463114
0.50206 0.49794 0.000421047 0.000421047
0.50179 0.49821 0.000400228 0.000400228
0.5025 0.4975 0.000393303 0.000393303
0.50256 0.49744 0.000398249 0.000398249
0.5026 0.4974 0.000424667 0.000424667
0.50136 0.49864 0.000404091 0.000404091
0.50126 0.49874 0.000397932 0.000397932
0.50147 0.49853 0.000405322 0.000405322
0.50193 0.49807 0.000433278 0.000433278
0.50218 0.49782 0.000427967 0.000427967
0.50185 0.49815 0.000384149 0.000384149
0.50232 0.49768 0.000334361 0.000334361
0.50294 0.49706 0.000354259 0.000354259
0.50188 0.49812 0.000328854 0.000328854
0.5011 0.4989 0.000326051 0.000326051
0.50125 0.49875 0.000332513 0.000332513
0.50079 0.49921 0.000346067 0.000346067
0.50093 0.49907 0.000383763 0.000383763
0.50092 0.49908 0.00036967 0.00036967
0.50113 0.49887 0.000340963 0.000340963
0.50123 0.49877 0.000337573 0.000337573
0.50204 0.49796 0.000341312 0.000341312
0.50222 0.49778 0.000367688 0.000367688
0.5016 0.4984 0.000365394 0.000365394
0.50187 0.49813 0.000379811 0.000379811
0.50224 0.49776 0.000399134 0.000399134
