0.50024 0.49976 2.36606e-06 2.36606e-06
0.50032 0.49968 5.75515e-06 5.75515e-06
0.50022 0.49978 9.18343e-06 9.18343e-06
0.50024 0.49976 1.25681e-05 1.25681e-05
0.50027 0.49973 1.78759e-05 1.78759e-05
0.50037 0.49963 1.99526e-05 1.99526e-05
0.50048 0.49952 2.04137e-05 2.04137e-05
0.50045 0.49955 2.13005e-05 2.13005e-05
0.50037 0.49963 2.1993e-05 2.1993e-05
0.50028 0.49972 2.2244e-05 2.2244e-05
0.5003 0.4997 2.24949e-05 2.24949e-05
0.50022 0.49978 2.44966e-05 2.44966e-05
0.50016 0.49984 2.82166e-05 2.82166e-05
0.50033 0.49967 3.19001e-05 3.19001e-05
0.50026 0.49974 3.36489e-05 3.36489e-05
0.50019 0.49981 3.35898e-05 3.35898e-05
0.5 0.5 2.9697e-05 2.9697e-05
0.50008 0.49992 2.96703e-05 2.96703e-05
0.50007 0.49993 2.93587e-05 2.93587e-05
0.50002 0.49998 3.09289e-05 3.09289e-05
0.49992 0.50008 3.0943e-05 3.0943e-05
0.49993 0.50007 3.10961e-05 3.10961e-05
0.50008 0.49992 3.12865e-05 3.12865e-05
0.50011 0.49989 3.02807e-05 3.02807e-05
0.50015 0.49985 3.06338e-05 3.06338e-05
0.50014 0.49986 2.88489e-05 2.88489e-05
0.50019 0.49981 3.05999e-05 3.05999e-05
0.50033 0.49967 3.08294e-05 3.08294e-05
0.50028 0.49972 3.06683e-05 3.06683e-05
0.50037 0.49963 3.11647e-05 3.11647e-05
0.50028 0.49972 3.1537e-05 3.1537e-05
0.50026 0.49974 3.02145e-05 3.02145e-05
0.50035 0.49965 3.02702e-05 3.02702e-05
0.50037 0.49963 2.9387e-05 2.9387e-05
0.50036 0.49964 2.9364e-05 2.9364e-05
0.50032 0.49968 3.12703e-05 3.12703e-05
0.50037 0.49963 3.13668e-05 3.13668e-05
0.50043 0.49957 3.0894e-05 3.0894e-05
0.5004 0.4996 3.32323e-05 3.32323e-05
0.50032 0.49968 3.31087e-05 3.31087e-05
0.50024 0.49976 3.47903e-05 3.47903e-05
0.5002 0.4998 3.48485e-05 3.48485e-05
0.50016 0.49984 3.44792e-05 3.44792e-05
0.50011 0.49989 3.49676e-05 3.49676e-05
0.50015 0.49985 3.45934e-05 3.45934e-05
0.5002 0.4998 3.48687e-05 3.48687e-05
0.50022 0.49978 3.36683e-05 3.36683e-05
0.50021 0.49979 3.44302e-05 3.44302e-05
0.50026 0.49974 3.35479e-05 3.35479e-05
0.50022 0.49978 3.41329e-05 3.41329e-05
0.5002 0.4998 3.29697e-05 3.29697e-05
0.50016 0.49984 3.29438e-05 3.29438e-05
0.50013 0.49987 3.369e-05 3.369e-05
0.50012 0.49988 3.46521e-05 3.46521e-05
0.50009 0.49991 3.49918e-05 3.49918e-05
0.50007 0.49993 3.38839e-05 3.38839e-05
0.50008 0.49992 3.33673e-05 3.33673e-05
0.50011 0.49989 3.41999e-05 3.41999e-05
0.50009 0.49991 3.40019e-05 3.40019e-05
0.50007 0.49993 3.2793e-05 3.2793e-05
0.50012 0.49988 3.3743e-05 3.3743e-05
0.50013 0.49987 3.40334e-05 3.40334e-05
0.50019 0.49981 3.43373e-05 3.43373e-05
0.50021 0.49979 3.43696e-05 3.43696e-05
0.50018 0.49982 3.45733e-05 3.45733e-05
0.50021 0.49979 3.38645e-05 3.38645e-05
0.5002 0.4998 3.35758e-05 3.35758e-05
0.5002 0.4998 3.35758e-05 3.35758e-05
0.50021 0.49979 3.34201e-05 3.34201e-05
0.5002 0.4998 3.35152e-05 3.35152e-05
0.50018 0.49982 3.39471e-05 3.39471e-05
0.50016 0.49984 3.38125e-05 3.38125e-05
0.50018 0.49982 3.38461e-05 3.38461e-05
0.50015 0.49985 3.38864e-05 3.38864e-05
0.50014 0.49986 3.40004e-05 3.40004e-05
0.50014 0.49986 3.3859e-05 3.3859e-05
0.50017 0.49983 3.41627e-05 3.41627e-05
0.50015 0.49985 3.35429e-05 3.35429e-05
0.50017 0.49983 3.35163e-05 3.35163e-05
0.50014 0.49986 3.38388e-05 3.38388e-05
0.5001 0.4999 3.34444e-05 3.34444e-05
0.50009 0.49991 3.33757e-05 3.33757e-05
0.50009 0.49991 3.27898e-05 3.27898e-05
0.50007 0.49993 3.27728e-05 3.27728e-05
0.50005 0.49995 3.27955e-05 3.27955e-05
0.50002 0.49998 3.27875e-05 3.27875e-05
0.50003 0.49997 3.28577e-05 3.28577e-05
0.50009 0.49991 3.30524e-05 3.30524e-05
0.50009 0.49991 3.3012e-05 3.3012e-05
0.50009 0.49991 3.30928e-05 3.30928e-05
0.50011 0.49989 3.32302e-05 3.32302e-05
0.50011 0.49989 3.31696e-05 3.31696e-05
0.50011 0.49989 3.31696e-05 3.31696e-05
0.50015 0.49985 3.31187e-05 3.31187e-05
0.50014 0.49986 3.30913e-05 3.30913e-05
0.50015 0.49985 3.34217e-05 3.34217e-05
0.50014 0.49986 3.36974e-05 3.36974e-05
0.50015 0.49985 3.37854e-05 3.37854e-05
0.50013 0.49987 3.39122e-05 3.39122e-05
0.50015 0.49985 3.42904e-05 3.42904e-05
0.50013 0.49987 3.40738e-05 3.40738e-05
0.50015 0.49985 3.37045e-05 3.37045e-05
0.50016 0.49984 3.37923e-05 3.37923e-05
0.50015 0.49985 3.39672e-05 3.39672e-05
0.50017 0.49983 3.39809e-05 3.39809e-05
0.50016 0.49984 3.39539e-05 3.39539e-05
0.50013 0.49987 3.39324e-05 3.39324e-05
0.50013 0.49987 3.35486e-05 3.35486e-05
0.50013 0.49987 3.35486e-05 3.35486e-05
0.50012 0.49988 3.33592e-05 3.33592e-05
0.50011 0.49989 3.31696e-05 3.31696e-05
0.50012 0.49988 3.32784e-05 3.32784e-05
0.50011 0.49989 3.30888e-05 3.30888e-05
0.50013 0.49987 3.33264e-05 3.33264e-05
0.50013 0.49987 3.37708e-05 3.37708e-05
0.50012 0.49988 3.3743e-05 3.3743e-05
0.50012 0.49988 3.37228e-05 3.37228e-05
0.50012 0.49988 3.37228e-05 3.37228e-05
0.50012 0.49988 3.36622e-05 3.36622e-05
0.50012 0.49988 3.36622e-05 3.36622e-05
0.50013 0.49987 3.3589e-05 3.3589e-05
0.50013 0.49987 3.3589e-05 3.3589e-05
0.50013 0.49987 3.37708e-05 3.37708e-05
0.50011 0.49989 3.3513e-05 3.3513e-05
0.50011 0.49989 3.3513e-05 3.3513e-05
0.50012 0.49988 3.34198e-05 3.34198e-05
0.50011 0.49989 3.35332e-05 3.35332e-05
0.50011 0.49989 3.35332e-05 3.35332e-05
0.50012 0.49988 3.36824e-05 3.36824e-05
0.50011 0.49989 3.34928e-05 3.34928e-05
0.50011 0.49989 3.34928e-05 3.34928e-05
0.50011 0.49989 3.34928e-05 3.34928e-05
0.50012 0.49988 3.344e-05 3.344e-05
0.50013 0.49987 3.36294e-05 3.36294e-05
0.50012 0.49988 3.37228e-05 3.37228e-05
0.50013 0.49987 3.36294e-05 3.36294e-05
0.50013 0.49987 3.36294e-05 3.36294e-05
0.50014 0.49986 3.35156e-05 3.35156e-05
0.50014 0.49986 3.35156e-05 3.35156e-05
0.50015 0.49985 3.36641e-05 3.36641e-05
0.50016 0.49984 3.36913e-05 3.36913e-05
0.50015 0.49985 3.36641e-05 3.36641e-05
0.50014 0.49986 3.34145e-05 3.34145e-05
0.50014 0.49986 3.34145e-05 3.34145e-05
0.50015 0.49985 3.35429e-05 3.35429e-05
0.50016 0.49984 3.37519e-05 3.37519e-05
0.50016 0.49984 3.37519e-05 3.37519e-05
0.50016 0.49984 3.38529e-05 3.38529e-05
0.50016 0.49984 3.38529e-05 3.38529e-05
0.50016 0.49984 3.38529e-05 3.38529e-05
0.50015 0.49985 3.37045e-05 3.37045e-05
0.50014 0.49986 3.34549e-05 3.34549e-05
0.50014 0.49986 3.34549e-05 3.34549e-05
0.50014 0.49986 3.34549e-05 3.34549e-05
0.50013 0.49987 3.32456e-05 3.32456e-05
0.50013 0.49987 3.32456e-05 3.32456e-05
0.50013 0.49987 3.369e-05 3.369e-05
0.50014 0.49986 3.34954e-05 3.34954e-05
0.50015 0.49985 3.35631e-05 3.35631e-05
0.50014 0.49986 3.34752e-05 3.34752e-05
0.50013 0.49987 3.3488e-05 3.3488e-05
0.50013 0.49987 3.3488e-05 3.3488e-05
0.50012 0.49988 3.32784e-05 3.32784e-05
0.50013 0.49987 3.33668e-05 3.33668e-05
0.50013 0.49987 3.33668e-05 3.33668e-05
0.50014 0.49986 3.35156e-05 3.35156e-05
0.50014 0.49986 3.35156e-05 3.35156e-05
0.50014 0.49986 3.35156e-05 3.35156e-05
0.50014 0.49986 3.34752e-05 3.34752e-05
0.50013 0.49987 3.34476e-05 3.34476e-05
0.50014 0.49986 3.35156e-05 3.35156e-05
0.50012 0.49988 3.32986e-05 3.32986e-05
0.50011 0.49989 3.32302e-05 3.32302e-05
0.50011 0.49989 3.32302e-05 3.32302e-05
0.5001 0.4999 3.30404e-05 3.30404e-05
0.5001 0.4999 3.30404e-05 3.30404e-05
0.5001 0.4999 3.30404e-05 3.30404e-05
0.50011 0.49989 3.3109e-05 3.3109e-05
0.50011 0.49989 3.3109e-05 3.3109e-05
0.50011 0.49989 3.3109e-05 3.3109e-05
0.5001 0.4999 3.30202e-05 3.30202e-05
0.5001 0.4999 3.30202e-05 3.30202e-05
0.5001 0.4999 3.30202e-05 3.30202e-05
0.5001 0.4999 3.30202e-05 3.30202e-05
0.5001 0.4999 3.30202e-05 3.30202e-05
0.5001 0.4999 3.30202e-05 3.30202e-05
0.5001 0.4999 3.30202e-05 3.30202e-05
0.50011 0.49989 3.30888e-05 3.30888e-05
0.50012 0.49988 3.30764e-05 3.30764e-05
0.50012 0.49988 3.30764e-05 3.30764e-05
0.50012 0.49988 3.30764e-05 3.30764e-05
0.50012 0.49988 3.29754e-05 3.29754e-05
0.50011 0.49989 3.2907e-05 3.2907e-05
0.50011 0.49989 3.2907e-05 3.2907e-05
0.50011 0.49989 3.2907e-05 3.2907e-05
0.50012 0.49988 3.29956e-05 3.29956e-05
0.50012 0.49988 3.29956e-05 3.29956e-05
0.50012 0.49988 3.29956e-05 3.29956e-05
0.50012 0.49988 3.29956e-05 3.29956e-05
0.50013 0.49987 3.32456e-05 3.32456e-05
0.50013 0.49987 3.32456e-05 3.32456e-05
0.50013 0.49987 3.32456e-05 3.32456e-05
0.50014 0.49986 3.33943e-05 3.33943e-05
0.50014 0.49986 3.33943e-05 3.33943e-05
0.50014 0.49986 3.33943e-05 3.33943e-05
0.50014 0.49986 3.33943e-05 3.33943e-05
0.50014 0.49986 3.33943e-05 3.33943e-05
0.50014 0.49986 3.33943e-05 3.33943e-05
0.50014 0.49986 3.33943e-05 3.33943e-05
0.50014 0.49986 3.33943e-05 3.33943e-05
0.50014 0.49986 3.34752e-05 3.34752e-05
0.50014 0.49986 3.34752e-05 3.34752e-05
0.50014 0.49986 3.34752e-05 3.34752e-05
0.50014 0.49986 3.34752e-05 3.34752e-05
0.50014 0.49986 3.34752e-05 3.34752e-05
0.50014 0.49986 3.34752e-05 3.34752e-05
0.50014 0.49986 3.34752e-05 3.34752e-05
0.50013 0.49987 3.34072e-05 3.34072e-05
0.50013 0.49987 3.34072e-05 3.34072e-05
0.50014 0.49986 3.33943e-05 3.33943e-05
0.50014 0.49986 3.33943e-05 3.33943e-05
0.50014 0.49986 3.33943e-05 3.33943e-05
0.50016 0.49984 3.36509e-05 3.36509e-05
0.50016 0.49984 3.36509e-05 3.36509e-05
0.50016 0.49984 3.36509e-05 3.36509e-05
0.50016 0.49984 3.36509e-05 3.36509e-05
0.50016 0.49984 3.36509e-05 3.36509e-05
0.50016 0.49984 3.36509e-05 3.36509e-05
0.50015 0.49985 3.36843e-05 3.36843e-05
0.50015 0.49985 3.36843e-05 3.36843e-05
0.50015 0.49985 3.36843e-05 3.36843e-05
0.50015 0.49985 3.36843e-05 3.36843e-05
0.50015 0.49985 3.36843e-05 3.36843e-05
0.50015 0.49985 3.36843e-05 3.36843e-05
0.50015 0.49985 3.36843e-05 3.36843e-05
0.50015 0.49985 3.36843e-05 3.36843e-05
0.50015 0.49985 3.36843e-05 3.36843e-05
0.50016 0.49984 3.36509e-05 3.36509e-05
0.50015 0.49985 3.35631e-05 3.35631e-05
0.50015 0.49985 3.35631e-05 3.35631e-05
0.50014 0.49986 3.33135e-05 3.33135e-05
0.50014 0.49986 3.33135e-05 3.33135e-05
0.50015 0.49985 3.34015e-05 3.34015e-05
0.50015 0.49985 3.34015e-05 3.34015e-05
0.50015 0.49985 3.34015e-05 3.34015e-05
0.50016 0.49984 3.36509e-05 3.36509e-05
0.50016 0.49984 3.36509e-05 3.36509e-05
0.50017 0.49983 3.37183e-05 3.37183e-05
0.50017 0.49983 3.37183e-05 3.37183e-05
0.50016 0.49984 3.34691e-05 3.34691e-05
0.50016 0.49984 3.34691e-05 3.34691e-05
0.50016 0.49984 3.34691e-05 3.34691e-05
0.50016 0.49984 3.34691e-05 3.34691e-05
0.50015 0.49985 3.35025e-05 3.35025e-05
0.50016 0.49984 3.37519e-05 3.37519e-05
0.50016 0.49984 3.37519e-05 3.37519e-05
0.50016 0.49984 3.37519e-05 3.37519e-05
0.50016 0.49984 3.37519e-05 3.37519e-05
0.50016 0.49984 3.37519e-05 3.37519e-05
0.50015 0.49985 3.35631e-05 3.35631e-05
0.50015 0.49985 3.35631e-05 3.35631e-05
0.50015 0.49985 3.35631e-05 3.35631e-05
0.50015 0.49985 3.35631e-05 3.35631e-05
0.50015 0.49985 3.35631e-05 3.35631e-05
0.50015 0.49985 3.35631e-05 3.35631e-05
0.50015 0.49985 3.35631e-05 3.35631e-05
0.50015 0.49985 3.35631e-05 3.35631e-05
0.50014 0.49986 3.34752e-05 3.34752e-05
0.50014 0.49986 3.34752e-05 3.34752e-05
0.50014 0.49986 3.34752e-05 3.34752e-05
0.50014 0.49986 3.34752e-05 3.34752e-05
0.50015 0.49985 3.36641e-05 3.36641e-05
0.50016 0.49984 3.36307e-05 3.36307e-05
0.50016 0.49984 3.36307e-05 3.36307e-05
0.50016 0.49984 3.36307e-05 3.36307e-05
0.50016 0.49984 3.36307e-05 3.36307e-05
0.50016 0.49984 3.36307e-05 3.36307e-05
0.50015 0.49985 3.35631e-05 3.35631e-05
0.50015 0.49985 3.34015e-05 3.34015e-05
0.50015 0.49985 3.34015e-05 3.34015e-05
0.50014 0.49986 3.33135e-05 3.33135e-05
0.50014 0.49986 3.33135e-05 3.33135e-05
0.50014 0.49986 3.33135e-05 3.33135e-05
0.50014 0.49986 3.33135e-05 3.33135e-05
0.50015 0.49985 3.34015e-05 3.34015e-05
0.50016 0.49984 3.34691e-05 3.34691e-05
0.50016 0.49984 3.34691e-05 3.34691e-05
0.50016 0.49984 3.34691e-05 3.34691e-05
0.50016 0.49984 3.34691e-05 3.34691e-05
0.50016 0.49984 3.34691e-05 3.34691e-05
0.50016 0.49984 3.34691e-05 3.34691e-05
0.50015 0.49985 3.35025e-05 3.35025e-05
0.50014 0.49986 3.34145e-05 3.34145e-05
0.50014 0.49986 3.34145e-05 3.34145e-05
0.50015 0.49985 3.36641e-05 3.36641e-05
0.50015 0.49985 3.36641e-05 3.36641e-05
0.50015 0.49985 3.36641e-05 3.36641e-05
0.50015 0.49985 3.36641e-05 3.36641e-05
0.50015 0.49985 3.36641e-05 3.36641e-05
0.50015 0.49985 3.36641e-05 3.36641e-05
0.50015 0.49985 3.36641e-05 3.36641e-05
0.50015 0.49985 3.36641e-05 3.36641e-05
0.50015 0.49985 3.36641e-05 3.36641e-05
0.50015 0.49985 3.36641e-05 3.36641e-05
0.50015 0.49985 3.36641e-05 3.36641e-05
0.50015 0.49985 3.36641e-05 3.36641e-05
0.50015 0.49985 3.36641e-05 3.36641e-05
0.50015 0.49985 3.36641e-05 3.36641e-05
0.50015 0.49985 3.36641e-05 3.36641e-05
0.50016 0.49984 3.37519e-05 3.37519e-05
0.50016 0.49984 3.37519e-05 3.37519e-05
0.50016 0.49984 3.37519e-05 3.37519e-05
0.50016 0.49984 3.37519e-05 3.37519e-05
0.50016 0.49984 3.37519e-05 3.37519e-05
0.50016 0.49984 3.37519e-05 3.37519e-05
0.50016 0.49984 3.37519e-05 3.37519e-05
0.50016 0.49984 3.37519e-05 3.37519e-05
0.50015 0.49985 3.36641e-05 3.36641e-05
0.50015 0.49985 3.36641e-05 3.36641e-05
0.50015 0.49985 3.36641e-05 3.36641e-05
0.50014 0.49986 3.34145e-05 3.34145e-05
0.50014 0.49986 3.34145e-05 3.34145e-05
0.50015 0.49985 3.36641e-05 3.36641e-05
0.50015 0.49985 3.36641e-05 3.36641e-05
0.50015 0.49985 3.36641e-05 3.36641e-05
0.50015 0.49985 3.36641e-05 3.36641e-05
0.50015 0.49985 3.36641e-05 3.36641e-05
0.50015 0.49985 3.36641e-05 3.36641e-05
0.50015 0.49985 3.36641e-05 3.36641e-05
0.50015 0.49985 3.36641e-05 3.36641e-05
0.50015 0.49985 3.36641e-05 3.36641e-05
0.50015 0.49985 3.36641e-05 3.36641e-05
0.50015 0.49985 3.36641e-05 3.36641e-05
0.50015 0.49985 3.36641e-05 3.36641e-05
0.50015 0.49985 3.36641e-05 3.36641e-05
0.50015 0.49985 3.36641e-05 3.36641e-05
0.50015 0.49985 3.36641e-05 3.36641e-05
0.50015 0.49985 3.36641e-05 3.36641e-05
0.50015 0.49985 3.36641e-05 3.36641e-05
0.50015 0.49985 3.36641e-05 3.36641e-05
0.50015 0.49985 3.36641e-05 3.36641e-05
0.50015 0.49985 3.36641e-05 3.36641e-05
0.50015 0.49985 3.36641e-05 3.36641e-05
0.50015 0.49985 3.36641e-05 3.36641e-05
0.50015 0.49985 3.36641e-05 3.36641e-05
0.50015 0.49985 3.36641e-05 3.36641e-05
0.50015 0.49985 3.36641e-05 3.36641e-05
0.50015 0.49985 3.36641e-05 3.36641e-05
0.50015 0.49985 3.36641e-05 3.36641e-05
0.50015 0.49985 3.36641e-05 3.36641e-05
0.50015 0.49985 3.36641e-05 3.36641e-05
0.50015 0.49985 3.36641e-05 3.36641e-05
0.50015 0.49985 3.36641e-05 3.36641e-05
0.50015 0.49985 3.36641e-05 3.36641e-05
0.50015 0.49985 3.36641e-05 3.36641e-05
0.50015 0.49985 3.36641e-05 3.36641e-05
0.50015 0.49985 3.36641e-05 3.36641e-05
0.50015 0.49985 3.36641e-05 3.36641e-05
0.50015 0.49985 3.36641e-05 3.36641e-05
0.50015 0.49985 3.36641e-05 3.36641e-05
0.50015 0.49985 3.36641e-05 3.36641e-05
0.50015 0.49985 3.36641e-05 3.36641e-05
0.50015 0.49985 3.36641e-05 3.36641e-05
0.50015 0.49985 3.36641e-05 3.36641e-05
0.50015 0.49985 3.36641e-05 3.36641e-05
0.50015 0.49985 3.36641e-05 3.36641e-05
0.50015 0.49985 3.36641e-05 3.36641e-05
0.50015 0.49985 3.36641e-05 3.36641e-05
0.50015 0.49985 3.36641e-05 3.36641e-05
0.50015 0.49985 3.36641e-05 3.36641e-05
0.50015 0.49985 3.36641e-05 3.36641e-05
0.50015 0.49985 3.36641e-05 3.36641e-05
0.50015 0.49985 3.36641e-05 3.36641e-05
0.50015 0.49985 3.36641e-05 3.36641e-05
0.50015 0.49985 3.36641e-05 3.36641e-05
0.50015 0.49985 3.36641e-05 3.36641e-05
0.50015 0.49985 3.36641e-05 3.36641e-05
0.50015 0.49985 3.36641e-05 3.36641e-05
0.50015 0.49985 3.36641e-05 3.36641e-05
0.50015 0.49985 3.36641e-05 3.36641e-05
0.50015 0.49985 3.36641e-05 3.36641e-05
0.50015 0.49985 3.36641e-05 3.36641e-05
0.50015 0.49985 3.36641e-05 3.36641e-05
0.50015 0.49985 3.36641e-05 3.36641e-05
0.50014 0.49986 3.34145e-05 3.34145e-05
0.50014 0.49986 3.34145e-05 3.34145e-05
0.50014 0.49986 3.34145e-05 3.34145e-05
0.50014 0.49986 3.34145e-05 3.34145e-05
0.50014 0.49986 3.34145e-05 3.34145e-05
0.50014 0.49986 3.34145e-05 3.34145e-05
0.50014 0.49986 3.34145e-05 3.34145e-05
0.50014 0.49986 3.34145e-05 3.34145e-05
0.50014 0.49986 3.34145e-05 3.34145e-05
0.50014 0.49986 3.34145e-05 3.34145e-05
0.50014 0.49986 3.34145e-05 3.34145e-05
0.50014 0.49986 3.34145e-05 3.34145e-05
0.50014 0.49986 3.34145e-05 3.34145e-05
0.50014 0.49986 3.34145e-05 3.34145e-05
0.50014 0.49986 3.34145e-05 3.34145e-05
0.50014 0.49986 3.34145e-05 3.34145e-05
0.50014 0.49986 3.34145e-05 3.34145e-05
0.50014 0.49986 3.34145e-05 3.34145e-05
0.50014 0.49986 3.34145e-05 3.34145e-05
0.50014 0.49986 3.34145e-05 3.34145e-05
0.50014 0.49986 3.34145e-05 3.34145e-05
0.50014 0.49986 3.34145e-05 3.34145e-05
0.50014 0.49986 3.34145e-05 3.34145e-05
0.50014 0.49986 3.34145e-05 3.34145e-05
0.50014 0.49986 3.34145e-05 3.34145e-05
0.50014 0.49986 3.34145e-05 3.34145e-05
0.50014 0.49986 3.34145e-05 3.34145e-05
0.50014 0.49986 3.34145e-05 3.34145e-05
0.50014 0.49986 3.34145e-05 3.34145e-05
0.50014 0.49986 3.34145e-05 3.34145e-05
0.50014 0.49986 3.34145e-05 3.34145e-05
0.50014 0.49986 3.34145e-05 3.34145e-05
0.50014 0.49986 3.34145e-05 3.34145e-05
0.50014 0.49986 3.34145e-05 3.34145e-05
0.50014 0.49986 3.34145e-05 3.34145e-05
0.50014 0.49986 3.34145e-05 3.34145e-05
0.50014 0.49986 3.34145e-05 3.34145e-05
0.50014 0.49986 3.34145e-05 3.34145e-05
0.50014 0.49986 3.34145e-05 3.34145e-05
0.50014 0.49986 3.34145e-05 3.34145e-05
0.50014 0.49986 3.34145e-05 3.34145e-05
0.50014 0.49986 3.34145e-05 3.34145e-05
0.50014 0.49986 3.34145e-05 3.34145e-05
0.50014 0.49986 3.34145e-05 3.34145e-05
0.50014 0.49986 3.34145e-05 3.34145e-05
0.50014 0.49986 3.34145e-05 3.34145e-05
0.50014 0.49986 3.34145e-05 3.34145e-05
0.50014 0.49986 3.34145e-05 3.34145e-05
0.50014 0.49986 3.34145e-05 3.34145e-05
0.50014 0.49986 3.34145e-05 3.34145e-05
0.50014 0.49986 3.34145e-05 3.34145e-05
0.50014 0.49986 3.34145e-05 3.34145e-05
0.50014 0.49986 3.34145e-05 3.34145e-05
0.50014 0.49986 3.34145e-05 3.34145e-05
0.50014 0.49986 3.34145e-05 3.34145e-05
0.50014 0.49986 3.34145e-05 3.34145e-05
0.50014 0.49986 3.34145e-05 3.34145e-05
0.50014 0.49986 3.34145e-05 3.34145e-05
0.50014 0.49986 3.34145e-05 3.34145e-05
0.50014 0.49986 3.34145e-05 3.34145e-05
0.50014 0.49986 3.34145e-05 3.34145e-05
0.50014 0.49986 3.34145e-05 3.34145e-05
0.50014 0.49986 3.34145e-05 3.34145e-05
0.50014 0.49986 3.34145e-05 3.34145e-05
0.50014 0.49986 3.34145e-05 3.34145e-05
0.50014 0.49986 3.34145e-05 3.34145e-05
0.50014 0.49986 3.34145e-05 3.34145e-05
0.50014 0.49986 3.34145e-05 3.34145e-05
0.50014 0.49986 3.34145e-05 3.34145e-05
0.50014 0.49986 3.34145e-05 3.34145e-05
0.50014 0.49986 3.34145e-05 3.34145e-05
0.50014 0.49986 3.34145e-05 3.34145e-05
0.50014 0.49986 3.34145e-05 3.34145e-05
0.50014 0.49986 3.34145e-05 3.34145e-05
0.50014 0.49986 3.34145e-05 3.34145e-05
0.50014 0.49986 3.34145e-05 3.34145e-05
0.50014 0.49986 3.34145e-05 3.34145e-05
0.50014 0.49986 3.34145e-05 3.34145e-05
0.50014 0.49986 3.34145e-05 3.34145e-05
0.50014 0.49986 3.34145e-05 3.34145e-05
0.50014 0.49986 3.34145e-05 3.34145e-05
0.50014 0.49986 3.34145e-05 3.34145e-05
0.50014 0.49986 3.34145e-05 3.34145e-05
0.50014 0.49986 3.34145e-05 3.34145e-05
0.50014 0.49986 3.34145e-05 3.34145e-05
0.50014 0.49986 3.34145e-05 3.34145e-05
0.50013 0.49987 3.35486e-05 3.35486e-05
0.50013 0.49987 3.35486e-05 3.35486e-05
0.50013 0.49987 3.35486e-05 3.35486e-05
0.50013 0.49987 3.35486e-05 3.35486e-05
0.50013 0.49987 3.35486e-05 3.35486e-05
0.50013 0.49987 3.35486e-05 3.35486e-05
0.50013 0.49987 3.35486e-05 3.35486e-05
0.50014 0.49986 3.34145e-05 3.34145e-05
0.50014 0.49986 3.34145e-05 3.34145e-05
0.50014 0.49986 3.34145e-05 3.34145e-05
0.50015 0.49985 3.36641e-05 3.36641e-05
0.50015 0.49985 3.36641e-05 3.36641e-05
0.50015 0.49985 3.36641e-05 3.36641e-05
0.50015 0.49985 3.36641e-05 3.36641e-05
0.50015 0.49985 3.36641e-05 3.36641e-05
0.50015 0.49985 3.36641e-05 3.36641e-05
0.50015 0.49985 3.36641e-05 3.36641e-05
0.50015 0.49985 3.36641e-05 3.36641e-05
0.50015 0.49985 3.36641e-05 3.36641e-05
0.50015 0.49985 3.36641e-05 3.36641e-05
0.50015 0.49985 3.36641e-05 3.36641e-05
0.50015 0.49985 3.36641e-05 3.36641e-05
0.50015 0.49985 3.36641e-05 3.36641e-05
0.50015 0.49985 3.36641e-05 3.36641e-05
0.50015 0.49985 3.36641e-05 3.36641e-05
0.50014 0.49986 3.34145e-05 3.34145e-05
0.50014 0.49986 3.34145e-05 3.34145e-05
0.50014 0.49986 3.34145e-05 3.34145e-05
0.50014 0.49986 3.34145e-05 3.34145e-05
0.50014 0.49986 3.34145e-05 3.34145e-05
