0.5002 0.4998 5.63636e-06 5.63636e-06
0.50053 0.49947 1.47365e-05 1.47365e-05
0.50049 0.49951 1.801e-05 1.801e-05
0.50021 0.49979 2.54403e-05 2.54403e-05
0.50021 0.49979 2.60464e-05 2.60464e-05
0.5001 0.4999 3.31212e-05 3.31212e-05
0.50015 0.49985 3.87551e-05 3.87551e-05
0.49963 0.50037 3.71445e-05 3.71445e-05
0.49949 0.50051 3.92423e-05 3.92423e-05
0.49925 0.50075 3.98056e-05 3.98056e-05
0.49894 0.50106 4.4259e-05 4.4259e-05
0.49907 0.50093 4.61264e-05 4.61264e-05
0.49948 0.50052 4.84541e-05 4.84541e-05
0.4995 0.5005 4.81717e-05 4.81717e-05
0.49947 0.50053 5.05951e-05 5.05951e-05
0.49937 0.50063 5.1488e-05 5.1488e-05
0.49939 0.50061 5.08464e-05 5.08464e-05
0.49949 0.50051 4.88989e-05 4.88989e-05
0.49957 0.50043 4.85506e-05 4.85506e-05
0.4996 0.5004 4.98788e-05 4.98788e-05
0.4998 0.5002 5.31717e-05 5.31717e-05
0.49985 0.50015 5.40884e-05 5.40884e-05
0.49973 0.50027 5.61183e-05 5.61183e-05
0.49985 0.50015 5.27955e-05 5.27955e-05
0.4999 0.5001 5.62525e-05 5.62525e-05
0.49986 0.50014 5.67479e-05 5.67479e-05
0.49992 0.50008 5.92663e-05 5.92663e-05
0.50005 0.49995 5.89773e-05 5.89773e-05
0.49999 0.50001 6.00504e-05 6.00504e-05
0.49984 0.50016 6.31257e-05 6.31257e-05
0.50016 0.49984 6.09236e-05 6.09236e-05
0.50004 0.49996 6.43418e-05 6.43418e-05
0.49993 0.50007 6.249e-05 6.249e-05
0.50006 0.49994 6.19762e-05 6.19762e-05
0.50001 0.49999 5.9808e-05 5.9808e-05
0.50006 0.49994 5.98954e-05 5.98954e-05
0.50004 0.49996 6.0564e-05 6.0564e-05
0.50003 0.49997 6.08981e-05 6.08981e-05
0.49998 0.50002 5.98582e-05 5.98582e-05
0.50002 0.49998 6.26057e-05 6.26057e-05
0.49999 0.50001 6.29999e-05 6.29999e-05
0.49996 0.50004 6.23418e-05 6.23418e-05
0.49994 0.50006 6.44004e-05 6.44004e-05
0.49984 0.50016 6.39539e-05 6.39539e-05
0.49987 0.50013 6.33264e-05 6.33264e-05
0.49994 0.50006 6.54509e-05 6.54509e-05
0.49987 0.50013 6.569e-05 6.569e-05
0.49985 0.50015 6.61692e-05 6.61692e-05
0.49981 0.50019 6.71454e-05 6.71454e-05
0.49968 0.50032 6.86036e-05 6.86036e-05
0.49965 0.50035 6.95833e-05 6.95833e-05
0.49966 0.50034 6.81055e-05 6.81055e-05
0.4997 0.5003 6.85758e-05 6.85758e-05
0.49966 0.50034 6.83681e-05 6.83681e-05
0.49965 0.50035 6.6654e-05 6.6654e-05
0.49968 0.50032 6.68865e-05 6.68865e-05
0.49968 0.50032 6.64016e-05 6.64016e-05
0.4997 0.5003 6.59495e-05 6.59495e-05
0.49972 0.50028 6.72137e-05 6.72137e-05
0.49981 0.50019 6.69231e-05 6.69231e-05
0.4998 0.5002 6.74545e-05 6.74545e-05
0.49982 0.50018 6.98663e-05 6.98663e-05
0.49988 0.50012 7.06723e-05 7.06723e-05
0.49995 0.50005 7.1947e-05 7.1947e-05
0.49996 0.50004 7.02004e-05 7.02004e-05
0.4999 0.5001 6.8899e-05 6.8899e-05
0.49993 0.50007 6.93587e-05 6.93587e-05
0.49989 0.50011 6.9614e-05 6.9614e-05
0.49988 0.50012 6.87935e-05 6.87935e-05
0.49995 0.50005 6.89975e-05 6.89975e-05
0.49992 0.50008 6.97915e-05 6.97915e-05
0.49985 0.50015 7.10985e-05 7.10985e-05
0.4999 0.5001 7.14848e-05 7.14848e-05
0.49995 0.50005 7.12803e-05 7.12803e-05
0.49991 0.50009 7.16787e-05 7.16787e-05
0.4999 0.5001 7.07778e-05 7.07778e-05
0.49986 0.50014 7.19398e-05 7.19398e-05
0.49982 0.50018 7.09572e-05 7.09572e-05
0.49982 0.50018 6.99067e-05 6.99067e-05
0.49987 0.50013 7.06597e-05 7.06597e-05
0.49983 0.50017 7.0486e-05 7.0486e-05
0.49983 0.50017 6.84052e-05 6.84052e-05
0.49982 0.50018 6.75834e-05 6.75834e-05
0.4998 0.5002 6.74141e-05 6.74141e-05
0.49978 0.50022 6.66178e-05 6.66178e-05
0.49979 0.50021 6.75615e-05 6.75615e-05
0.49979 0.50021 6.72585e-05 6.72585e-05
0.49981 0.50019 6.79332e-05 6.79332e-05
0.49981 0.50019 6.85999e-05 6.85999e-05
0.49982 0.50018 6.91794e-05 6.91794e-05
0.49988 0.50012 6.944e-05 6.944e-05
0.49989 0.50011 6.85433e-05 6.85433e-05
0.49989 0.50011 6.87049e-05 6.87049e-05
0.49989 0.50011 6.88262e-05 6.88262e-05
0.49988 0.50012 6.89349e-05 6.89349e-05
0.49993 0.50007 6.94799e-05 6.94799e-05
0.49986 0.50014 6.98186e-05 6.98186e-05
0.49988 0.50012 7.02077e-05 7.02077e-05
0.49987 0.50013 7.02557e-05 7.02557e-05
0.49989 0.50011 7.01191e-05 7.01191e-05
0.49987 0.50013 6.92254e-05 6.92254e-05
0.49986 0.50014 6.89903e-05 6.89903e-05
0.49987 0.50013 6.93264e-05 6.93264e-05
0.49985 0.50015 6.89773e-05 6.89773e-05
0.49985 0.50015 6.92197e-05 6.92197e-05
0.49985 0.50015 6.96641e-05 6.96641e-05
0.49983 0.50017 6.92334e-05 6.92334e-05
0.49988 0.50012 6.90764e-05 6.90764e-05
0.49987 0.50013 6.89829e-05 6.89829e-05
0.4999 0.5001 6.86364e-05 6.86364e-05
0.49992 0.50008 6.90642e-05 6.90642e-05
0.49991 0.50009 6.87898e-05 6.87898e-05
0.49989 0.50011 6.84019e-05 6.84019e-05
0.49989 0.50011 6.84019e-05 6.84019e-05
0.4999 0.5001 6.83535e-05 6.83535e-05
0.49989 0.50011 6.83817e-05 6.83817e-05
0.49988 0.50012 6.82279e-05 6.82279e-05
0.49989 0.50011 6.79777e-05 6.79777e-05
0.49987 0.50013 6.85991e-05 6.85991e-05
0.49985 0.50015 6.8351e-05 6.8351e-05
0.49983 0.50017 6.81223e-05 6.81223e-05
0.49985 0.50015 6.79268e-05 6.79268e-05
0.49986 0.50014 6.7657e-05 6.7657e-05
0.49986 0.50014 6.7657e-05 6.7657e-05
0.49987 0.50013 6.80738e-05 6.80738e-05
0.49985 0.50015 6.79874e-05 6.79874e-05
0.49985 0.50015 6.78662e-05 6.78662e-05
0.49984 0.50016 6.8358e-05 6.8358e-05
0.49984 0.50016 6.80752e-05 6.80752e-05
0.49987 0.50013 6.78314e-05 6.78314e-05
0.49987 0.50013 6.78314e-05 6.78314e-05
0.49987 0.50013 6.78516e-05 6.78516e-05
0.49986 0.50014 6.78994e-05 6.78994e-05
0.49985 0.50015 6.8048e-05 6.8048e-05
0.49983 0.50017 6.85264e-05 6.85264e-05
0.49983 0.50017 6.85264e-05 6.85264e-05
0.49984 0.50016 6.84388e-05 6.84388e-05
0.49985 0.50015 6.84924e-05 6.84924e-05
0.49985 0.50015 6.84924e-05 6.84924e-05
0.49986 0.50014 6.82832e-05 6.82832e-05
0.49985 0.50015 6.83308e-05 6.83308e-05
0.49986 0.50014 6.81418e-05 6.81418e-05
0.49984 0.50016 6.82974e-05 6.82974e-05
0.49984 0.50016 6.82368e-05 6.82368e-05
0.49984 0.50016 6.82368e-05 6.82368e-05
0.49986 0.50014 6.82226e-05 6.82226e-05
0.49986 0.50014 6.82226e-05 6.82226e-05
0.49983 0.50017 6.87284e-05 6.87284e-05
0.49982 0.50018 6.89774e-05 6.89774e-05
0.49983 0.50017 6.889e-05 6.889e-05
0.49984 0.50016 6.88428e-05 6.88428e-05
0.49984 0.50016 6.8762e-05 6.8762e-05
0.49984 0.50016 6.8762e-05 6.8762e-05
0.49984 0.50016 6.8762e-05 6.8762e-05
0.49983 0.50017 6.87486e-05 6.87486e-05
0.49984 0.50016 6.84994e-05 6.84994e-05
0.49984 0.50016 6.84994e-05 6.84994e-05
0.49987 0.50013 6.79728e-05 6.79728e-05
0.49986 0.50014 6.79802e-05 6.79802e-05
0.49984 0.50016 6.82166e-05 6.82166e-05
0.49983 0.50017 6.83243e-05 6.83243e-05
0.49983 0.50017 6.83243e-05 6.83243e-05
0.49984 0.50016 6.82166e-05 6.82166e-05
0.49983 0.50017 6.80819e-05 6.80819e-05
0.49983 0.50017 6.80819e-05 6.80819e-05
0.49985 0.50015 6.78258e-05 6.78258e-05
0.49986 0.50014 6.796e-05 6.796e-05
0.49986 0.50014 6.81216e-05 6.81216e-05
0.49986 0.50014 6.81216e-05 6.81216e-05
0.49987 0.50013 6.78516e-05 6.78516e-05
0.49987 0.50013 6.78516e-05 6.78516e-05
0.49985 0.50015 6.81894e-05 6.81894e-05
0.49987 0.50013 6.81344e-05 6.81344e-05
0.49988 0.50012 6.79248e-05 6.79248e-05
0.49989 0.50011 6.78363e-05 6.78363e-05
0.49989 0.50011 6.78363e-05 6.78363e-05
0.4999 0.5001 6.78687e-05 6.78687e-05
0.49989 0.50011 6.79373e-05 6.79373e-05
0.49991 0.50009 6.76383e-05 6.76383e-05
0.4999 0.5001 6.76061e-05 6.76061e-05
0.4999 0.5001 6.76061e-05 6.76061e-05
0.4999 0.5001 6.76061e-05 6.76061e-05
0.49989 0.50011 6.77151e-05 6.77151e-05
0.49989 0.50011 6.77151e-05 6.77151e-05
0.49988 0.50012 6.77026e-05 6.77026e-05
0.49987 0.50013 6.79122e-05 6.79122e-05
0.49986 0.50014 6.79802e-05 6.79802e-05
0.49986 0.50014 6.79802e-05 6.79802e-05
0.49986 0.50014 6.79802e-05 6.79802e-05
0.49986 0.50014 6.79802e-05 6.79802e-05
0.49986 0.50014 6.79802e-05 6.79802e-05
0.49986 0.50014 6.79802e-05 6.79802e-05
0.49986 0.50014 6.79802e-05 6.79802e-05
0.49987 0.50013 6.76496e-05 6.76496e-05
0.49987 0.50013 6.76496e-05 6.76496e-05
0.49987 0.50013 6.76496e-05 6.76496e-05
0.49987 0.50013 6.76496e-05 6.76496e-05
0.49988 0.50012 6.744e-05 6.744e-05
0.49988 0.50012 6.744e-05 6.744e-05
0.49988 0.50012 6.744e-05 6.744e-05
0.49989 0.50011 6.74322e-05 6.74322e-05
0.49989 0.50011 6.74322e-05 6.74322e-05
0.49991 0.50009 6.75979e-05 6.75979e-05
0.4999 0.5001 6.79293e-05 6.79293e-05
0.4999 0.5001 6.79293e-05 6.79293e-05
0.4999 0.5001 6.79293e-05 6.79293e-05
0.4999 0.5001 6.79293e-05 6.79293e-05
0.4999 0.5001 6.79293e-05 6.79293e-05
0.49991 0.50009 6.79615e-05 6.79615e-05
0.49991 0.50009 6.79615e-05 6.79615e-05
0.4999 0.5001 6.78081e-05 6.78081e-05
0.4999 0.5001 6.78081e-05 6.78081e-05
0.4999 0.5001 6.78081e-05 6.78081e-05
0.4999 0.5001 6.78081e-05 6.78081e-05
0.4999 0.5001 6.78081e-05 6.78081e-05
0.49988 0.50012 6.75612e-05 6.75612e-05
0.49988 0.50012 6.75612e-05 6.75612e-05
0.49988 0.50012 6.75612e-05 6.75612e-05
0.49989 0.50011 6.77151e-05 6.77151e-05
0.49988 0.50012 6.79046e-05 6.79046e-05
0.49988 0.50012 6.79046e-05 6.79046e-05
0.49987 0.50013 6.79122e-05 6.79122e-05
0.49989 0.50011 6.80181e-05 6.80181e-05
0.49989 0.50011 6.80181e-05 6.80181e-05
0.4999 0.5001 6.76869e-05 6.76869e-05
0.49989 0.50011 6.74726e-05 6.74726e-05
0.49988 0.50012 6.78036e-05 6.78036e-05
0.49988 0.50012 6.78036e-05 6.78036e-05
0.49987 0.50013 6.75284e-05 6.75284e-05
0.49987 0.50013 6.75284e-05 6.75284e-05
0.49987 0.50013 6.75284e-05 6.75284e-05
0.49987 0.50013 6.75284e-05 6.75284e-05
0.49985 0.50015 6.77247e-05 6.77247e-05
0.49985 0.50015 6.77247e-05 6.77247e-05
0.49985 0.50015 6.77247e-05 6.77247e-05
0.49985 0.50015 6.77247e-05 6.77247e-05
0.49987 0.50013 6.81546e-05 6.81546e-05
0.49987 0.50013 6.81546e-05 6.81546e-05
0.49987 0.50013 6.81546e-05 6.81546e-05
0.49987 0.50013 6.82153e-05 6.82153e-05
0.49988 0.50012 6.81471e-05 6.81471e-05
0.49989 0.50011 6.79373e-05 6.79373e-05
0.49989 0.50011 6.79373e-05 6.79373e-05
0.49989 0.50011 6.79373e-05 6.79373e-05
0.49989 0.50011 6.79373e-05 6.79373e-05
0.49989 0.50011 6.79373e-05 6.79373e-05
0.49989 0.50011 6.79373e-05 6.79373e-05
0.49989 0.50011 6.79373e-05 6.79373e-05
0.49989 0.50011 6.79373e-05 6.79373e-05
0.49989 0.50011 6.79373e-05 6.79373e-05
0.49989 0.50011 6.79373e-05 6.79373e-05
0.49989 0.50011 6.79373e-05 6.79373e-05
0.49989 0.50011 6.79373e-05 6.79373e-05
0.49989 0.50011 6.79373e-05 6.79373e-05
0.49988 0.50012 6.80057e-05 6.80057e-05
0.49988 0.50012 6.80057e-05 6.80057e-05
0.49988 0.50012 6.80057e-05 6.80057e-05
0.49988 0.50012 6.80057e-05 6.80057e-05
0.49988 0.50012 6.80057e-05 6.80057e-05
0.49988 0.50012 6.80057e-05 6.80057e-05
0.49988 0.50012 6.80057e-05 6.80057e-05
0.49988 0.50012 6.80057e-05 6.80057e-05
0.49989 0.50011 6.79373e-05 6.79373e-05
0.49989 0.50011 6.79373e-05 6.79373e-05
0.49989 0.50011 6.79373e-05 6.79373e-05
0.49989 0.50011 6.79373e-05 6.79373e-05
0.49989 0.50011 6.79373e-05 6.79373e-05
0.49989 0.50011 6.79373e-05 6.79373e-05
0.49989 0.50011 6.79373e-05 6.79373e-05
0.49989 0.50011 6.79373e-05 6.79373e-05
0.49989 0.50011 6.79373e-05 6.79373e-05
0.49989 0.50011 6.79373e-05 6.79373e-05
0.49989 0.50011 6.79373e-05 6.79373e-05
0.49989 0.50011 6.79373e-05 6.79373e-05
0.49989 0.50011 6.79373e-05 6.79373e-05
0.49989 0.50011 6.79373e-05 6.79373e-05
0.49989 0.50011 6.79373e-05 6.79373e-05
0.49989 0.50011 6.79373e-05 6.79373e-05
0.49989 0.50011 6.79373e-05 6.79373e-05
0.49989 0.50011 6.79373e-05 6.79373e-05
0.49989 0.50011 6.79373e-05 6.79373e-05
0.49989 0.50011 6.79373e-05 6.79373e-05
0.49989 0.50011 6.79373e-05 6.79373e-05
0.49989 0.50011 6.79373e-05 6.79373e-05
0.49989 0.50011 6.79373e-05 6.79373e-05
0.49989 0.50011 6.79373e-05 6.79373e-05
0.49989 0.50011 6.79373e-05 6.79373e-05
0.49989 0.50011 6.79373e-05 6.79373e-05
0.49989 0.50011 6.79373e-05 6.79373e-05
0.49989 0.50011 6.79373e-05 6.79373e-05
0.49989 0.50011 6.79373e-05 6.79373e-05
0.49989 0.50011 6.79373e-05 6.79373e-05
0.49989 0.50011 6.79373e-05 6.79373e-05
0.49989 0.50011 6.79373e-05 6.79373e-05
0.49989 0.50011 6.79373e-05 6.79373e-05
0.49989 0.50011 6.79373e-05 6.79373e-05
0.4999 0.5001 6.78283e-05 6.78283e-05
0.4999 0.5001 6.78283e-05 6.78283e-05
0.4999 0.5001 6.78283e-05 6.78283e-05
0.49991 0.50009 6.74969e-05 6.74969e-05
0.49991 0.50009 6.74969e-05 6.74969e-05
0.49991 0.50009 6.74969e-05 6.74969e-05
0.49991 0.50009 6.74969e-05 6.74969e-05
0.49989 0.50011 6.79373e-05 6.79373e-05
0.49989 0.50011 6.79373e-05 6.79373e-05
0.49989 0.50011 6.79373e-05 6.79373e-05
0.49989 0.50011 6.79373e-05 6.79373e-05
0.49988 0.50012 6.80057e-05 6.80057e-05
0.49988 0.50012 6.80057e-05 6.80057e-05
0.49988 0.50012 6.80057e-05 6.80057e-05
0.4999 0.5001 6.78283e-05 6.78283e-05
0.4999 0.5001 6.78283e-05 6.78283e-05
0.4999 0.5001 6.78283e-05 6.78283e-05
0.4999 0.5001 6.78283e-05 6.78283e-05
0.4999 0.5001 6.78283e-05 6.78283e-05
0.4999 0.5001 6.78283e-05 6.78283e-05
0.4999 0.5001 6.78283e-05 6.78283e-05
0.4999 0.5001 6.78283e-05 6.78283e-05
0.4999 0.5001 6.78283e-05 6.78283e-05
0.4999 0.5001 6.78283e-05 6.78283e-05
0.4999 0.5001 6.78283e-05 6.78283e-05
0.4999 0.5001 6.78283e-05 6.78283e-05
0.4999 0.5001 6.78283e-05 6.78283e-05
0.4999 0.5001 6.78283e-05 6.78283e-05
0.4999 0.5001 6.78283e-05 6.78283e-05
0.4999 0.5001 6.78283e-05 6.78283e-05
0.4999 0.5001 6.78283e-05 6.78283e-05
0.4999 0.5001 6.78283e-05 6.78283e-05
0.49989 0.50011 6.78161e-05 6.78161e-05
0.49989 0.50011 6.78161e-05 6.78161e-05
0.49988 0.50012 6.78844e-05 6.78844e-05
0.49988 0.50012 6.78844e-05 6.78844e-05
0.49988 0.50012 6.78844e-05 6.78844e-05
0.49988 0.50012 6.78844e-05 6.78844e-05
0.49988 0.50012 6.78844e-05 6.78844e-05
0.49988 0.50012 6.78844e-05 6.78844e-05
0.49988 0.50012 6.78844e-05 6.78844e-05
0.49988 0.50012 6.78844e-05 6.78844e-05
0.49988 0.50012 6.78844e-05 6.78844e-05
0.49988 0.50012 6.78844e-05 6.78844e-05
0.49988 0.50012 6.78844e-05 6.78844e-05
0.49988 0.50012 6.78844e-05 6.78844e-05
0.49988 0.50012 6.78844e-05 6.78844e-05
0.49989 0.50011 6.78161e-05 6.78161e-05
0.4999 0.5001 6.74848e-05 6.74848e-05
0.4999 0.5001 6.74848e-05 6.74848e-05
0.4999 0.5001 6.74848e-05 6.74848e-05
0.4999 0.5001 6.74848e-05 6.74848e-05
0.4999 0.5001 6.74848e-05 6.74848e-05
0.4999 0.5001 6.74848e-05 6.74848e-05
0.4999 0.5001 6.74848e-05 6.74848e-05
0.4999 0.5001 6.74848e-05 6.74848e-05
0.4999 0.5001 6.74848e-05 6.74848e-05
0.4999 0.5001 6.74848e-05 6.74848e-05
0.4999 0.5001 6.74848e-05 6.74848e-05
0.4999 0.5001 6.74848e-05 6.74848e-05
0.49989 0.50011 6.78161e-05 6.78161e-05
0.49989 0.50011 6.78161e-05 6.78161e-05
0.49989 0.50011 6.78161e-05 6.78161e-05
0.49989 0.50011 6.78161e-05 6.78161e-05
0.49989 0.50011 6.78161e-05 6.78161e-05
0.49989 0.50011 6.78161e-05 6.78161e-05
0.49989 0.50011 6.78161e-05 6.78161e-05
0.49989 0.50011 6.78161e-05 6.78161e-05
0.49989 0.50011 6.78161e-05 6.78161e-05
0.49989 0.50011 6.78161e-05 6.78161e-05
0.49989 0.50011 6.78161e-05 6.78161e-05
0.49989 0.50011 6.78161e-05 6.78161e-05
0.49989 0.50011 6.78161e-05 6.78161e-05
0.49989 0.50011 6.78161e-05 6.78161e-05
0.49989 0.50011 6.78161e-05 6.78161e-05
0.49989 0.50011 6.78161e-05 6.78161e-05
0.49989 0.50011 6.78161e-05 6.78161e-05
0.49989 0.50011 6.78161e-05 6.78161e-05
0.49989 0.50011 6.78161e-05 6.78161e-05
0.49989 0.50011 6.78161e-05 6.78161e-05
0.49989 0.50011 6.78161e-05 6.78161e-05
0.49989 0.50011 6.78161e-05 6.78161e-05
0.49989 0.50011 6.78161e-05 6.78161e-05
0.49989 0.50011 6.78161e-05 6.78161e-05
0.4999 0.5001 6.74848e-05 6.74848e-05
0.4999 0.5001 6.74848e-05 6.74848e-05
0.49989 0.50011 6.73514e-05 6.73514e-05
0.49989 0.50011 6.73514e-05 6.73514e-05
0.49989 0.50011 6.73514e-05 6.73514e-05
0.49989 0.50011 6.73514e-05 6.73514e-05
0.49989 0.50011 6.73514e-05 6.73514e-05
0.4999 0.5001 6.74848e-05 6.74848e-05
0.4999 0.5001 6.74848e-05 6.74848e-05
0.4999 0.5001 6.74848e-05 6.74848e-05
0.4999 0.5001 6.74848e-05 6.74848e-05
0.4999 0.5001 6.74848e-05 6.74848e-05
0.4999 0.5001 6.74848e-05 6.74848e-05
0.4999 0.5001 6.74848e-05 6.74848e-05
0.4999 0.5001 6.74848e-05 6.74848e-05
0.49989 0.50011 6.73514e-05 6.73514e-05
0.49989 0.50011 6.73514e-05 6.73514e-05
0.49989 0.50011 6.73514e-05 6.73514e-05
0.49989 0.50011 6.73514e-05 6.73514e-05
0.49989 0.50011 6.73514e-05 6.73514e-05
0.49989 0.50011 6.73514e-05 6.73514e-05
0.49988 0.50012 6.76824e-05 6.76824e-05
0.49989 0.50011 6.73514e-05 6.73514e-05
0.49989 0.50011 6.73514e-05 6.73514e-05
0.49989 0.50011 6.73514e-05 6.73514e-05
0.49988 0.50012 6.76824e-05 6.76824e-05
0.49988 0.50012 6.76824e-05 6.76824e-05
0.49988 0.50012 6.76824e-05 6.76824e-05
0.49988 0.50012 6.76824e-05 6.76824e-05
0.4999 0.5001 6.74848e-05 6.74848e-05
0.4999 0.5001 6.74848e-05 6.74848e-05
0.4999 0.5001 6.74848e-05 6.74848e-05
0.4999 0.5001 6.74848e-05 6.74848e-05
0.4999 0.5001 6.74848e-05 6.74848e-05
0.49989 0.50011 6.73514e-05 6.73514e-05
0.49989 0.50011 6.73514e-05 6.73514e-05
0.49989 0.50011 6.73514e-05 6.73514e-05
0.49989 0.50011 6.73514e-05 6.73514e-05
0.49989 0.50011 6.73514e-05 6.73514e-05
0.49989 0.50011 6.73514e-05 6.73514e-05
0.4999 0.5001 6.74848e-05 6.74848e-05
0.4999 0.5001 6.74848e-05 6.74848e-05
0.4999 0.5001 6.74848e-05 6.74848e-05
0.4999 0.5001 6.74848e-05 6.74848e-05
0.4999 0.5001 6.74848e-05 6.74848e-05
0.4999 0.5001 6.74848e-05 6.74848e-05
0.4999 0.5001 6.74848e-05 6.74848e-05
0.4999 0.5001 6.74848e-05 6.74848e-05
0.4999 0.5001 6.74848e-05 6.74848e-05
0.4999 0.5001 6.74848e-05 6.74848e-05
0.4999 0.5001 6.74848e-05 6.74848e-05
0.4999 0.5001 6.74848e-05 6.74848e-05
0.4999 0.5001 6.74848e-05 6.74848e-05
0.4999 0.5001 6.74848e-05 6.74848e-05
0.4999 0.5001 6.74848e-05 6.74848e-05
0.4999 0.5001 6.74848e-05 6.74848e-05
0.49988 0.50012 6.74198e-05 6.74198e-05
0.49988 0.50012 6.74198e-05 6.74198e-05
0.49987 0.50013 6.7488e-05 6.7488e-05
0.49987 0.50013 6.7488e-05 6.7488e-05
0.49987 0.50013 6.7488e-05 6.7488e-05
0.49987 0.50013 6.7488e-05 6.7488e-05
0.49988 0.50012 6.76218e-05 6.76218e-05
0.49988 0.50012 6.76218e-05 6.76218e-05
0.49988 0.50012 6.76218e-05 6.76218e-05
0.49988 0.50012 6.76218e-05 6.76218e-05
0.49988 0.50012 6.76218e-05 6.76218e-05
0.49988 0.50012 6.76218e-05 6.76218e-05
0.49988 0.50012 6.76218e-05 6.76218e-05
0.49988 0.50012 6.76218e-05 6.76218e-05
0.49988 0.50012 6.76218e-05 6.76218e-05
0.49988 0.50012 6.76218e-05 6.76218e-05
0.49988 0.50012 6.76218e-05 6.76218e-05
0.49988 0.50012 6.76218e-05 6.76218e-05
0.49988 0.50012 6.76218e-05 6.76218e-05
0.49988 0.50012 6.76218e-05 6.76218e-05
0.49988 0.50012 6.76218e-05 6.76218e-05
0.49988 0.50012 6.76218e-05 6.76218e-05
0.49988 0.50012 6.76218e-05 6.76218e-05
0.49988 0.50012 6.76218e-05 6.76218e-05
0.49988 0.50012 6.76218e-05 6.76218e-05
0.49988 0.50012 6.76218e-05 6.76218e-05
0.49988 0.50012 6.76218e-05 6.76218e-05
0.49988 0.50012 6.76218e-05 6.76218e-05
0.49988 0.50012 6.76218e-05 6.76218e-05
0.49988 0.50012 6.76218e-05 6.76218e-05
0.49988 0.50012 6.76218e-05 6.76218e-05
0.49988 0.50012 6.76218e-05 6.76218e-05
0.49989 0.50011 6.75534e-05 6.75534e-05
0.49989 0.50011 6.75534e-05 6.75534e-05
0.49989 0.50011 6.75534e-05 6.75534e-05
0.49989 0.50011 6.75534e-05 6.75534e-05
0.49989 0.50011 6.75534e-05 6.75534e-05
0.49989 0.50011 6.75534e-05 6.75534e-05
0.49989 0.50011 6.75534e-05 6.75534e-05
0.49989 0.50011 6.75534e-05 6.75534e-05
0.49989 0.50011 6.75534e-05 6.75534e-05
0.49989 0.50011 6.75534e-05 6.75534e-05
0.49989 0.50011 6.75534e-05 6.75534e-05
0.49989 0.50011 6.75534e-05 6.75534e-05
0.49989 0.50011 6.75534e-05 6.75534e-05
0.49989 0.50011 6.75534e-05 6.75534e-05
0.49988 0.50012 6.74198e-05 6.74198e-05
0.49988 0.50012 6.74198e-05 6.74198e-05
0.49988 0.50012 6.74198e-05 6.74198e-05
0.49989 0.50011 6.75534e-05 6.75534e-05
0.49989 0.50011 6.75534e-05 6.75534e-05
0.49989 0.50011 6.75534e-05 6.75534e-05
0.49989 0.50011 6.75534e-05 6.75534e-05
0.49989 0.50011 6.75534e-05 6.75534e-05
0.49989 0.50011 6.75534e-05 6.75534e-05
0.49989 0.50011 6.75534e-05 6.75534e-05
0.49989 0.50011 6.75534e-05 6.75534e-05
0.49989 0.50011 6.75534e-05 6.75534e-05
0.49989 0.50011 6.75534e-05 6.75534e-05
0.49989 0.50011 6.75534e-05 6.75534e-05
0.49989 0.50011 6.75534e-05 6.75534e-05
0.49989 0.50011 6.75534e-05 6.75534e-05
0.49988 0.50012 6.74198e-05 6.74198e-05
0.49988 0.50012 6.74198e-05 6.74198e-05
