0.49966 0.50034 6.20646e-06 6.20646e-06
0.49983 0.50017 1.27486e-05 1.27486e-05
0.49961 0.50039 1.69878e-05 1.69878e-05
0.49922 0.50078 2.34461e-05 2.34461e-05
0.49938 0.50062 2.64198e-05 2.64198e-05
0.49965 0.50035 3.15227e-05 3.15227e-05
0.50014 0.49986 3.20004e-05 3.20004e-05
0.50018 0.49982 3.63713e-05 3.63713e-05
0.49994 0.50006 4.18954e-05 4.18954e-05
0.49984 0.50016 4.4762e-05 4.4762e-05
0.4998 0.5002 4.48081e-05 4.48081e-05
0.49963 0.50037 4.48819e-05 4.48819e-05
0.49966 0.50034 4.5762e-05 4.5762e-05
0.49976 0.50024 4.26691e-05 4.26691e-05
0.4998 0.5002 4.2101e-05 4.2101e-05
0.50001 0.49999 3.91009e-05 3.91009e-05
0.49996 0.50004 4.13721e-05 4.13721e-05
0.49997 0.50003 4.01304e-05 4.01304e-05
0.49987 0.50013 4.25385e-05 4.25385e-05
0.49999 0.50001 4.21514e-05 4.21514e-05
0.50012 0.49988 3.88541e-05 3.88541e-05
0.50028 0.49972 3.92945e-05 3.92945e-05
0.50021 0.49979 3.89353e-05 3.89353e-05
0.50024 0.49976 3.89923e-05 3.89923e-05
0.5 0.5 3.92121e-05 3.92121e-05
0.49999 0.50001 4.1606e-05 4.1606e-05
0.5 0.5 4.16364e-05 4.16364e-05
0.50019 0.49981 4.41151e-05 4.41151e-05
0.50025 0.49975 4.66338e-05 4.66338e-05
0.50033 0.49967 4.71526e-05 4.71526e-05
0.50047 0.49953 4.23324e-05 4.23324e-05
0.50032 0.49968 4.2442e-05 4.2442e-05
0.5002 0.4998 3.86061e-05 3.86061e-05
0.50016 0.49984 4.12469e-05 4.12469e-05
0.50017 0.49983 4.1193e-05 4.1193e-05
0.50014 0.49986 4.07883e-05 4.07883e-05
0.50009 0.49991 4.2406e-05 4.2406e-05
0.5 0.5 4.19798e-05 4.19798e-05
0.50002 0.49998 4.23026e-05 4.23026e-05
0.49996 0.50004 4.34529e-05 4.34529e-05
0.49987 0.50013 4.29223e-05 4.29223e-05
0.49992 0.50008 4.64178e-05 4.64178e-05
0.50003 0.49997 4.43122e-05 4.43122e-05
0.49994 0.50006 4.37337e-05 4.37337e-05
0.49994 0.50006 4.34307e-05 4.34307e-05
0.49992 0.50008 4.42562e-05 4.42562e-05
0.50007 0.49993 4.35809e-05 4.35809e-05
0.50003 0.49997 4.30799e-05 4.30799e-05
0.50009 0.49991 4.2911e-05 4.2911e-05
0.50006 0.49994 4.44206e-05 4.44206e-05
0.49998 0.50002 4.57976e-05 4.57976e-05
0.49994 0.50006 4.54711e-05 4.54711e-05
0.49998 0.50002 4.65653e-05 4.65653e-05
0.49996 0.50004 4.56145e-05 4.56145e-05
0.49993 0.50007 4.65102e-05 4.65102e-05
0.49989 0.50011 4.67049e-05 4.67049e-05
0.49992 0.50008 4.66602e-05 4.66602e-05
0.4999 0.5001 4.74848e-05 4.74848e-05
0.49983 0.50017 4.78395e-05 4.78395e-05
0.4998 0.5002 4.7798e-05 4.7798e-05
0.49982 0.50018 4.61895e-05 4.61895e-05
0.49976 0.50024 4.55176e-05 4.55176e-05
0.49978 0.50022 4.44562e-05 4.44562e-05
0.49979 0.50021 4.41474e-05 4.41474e-05
0.4998 0.5002 4.45051e-05 4.45051e-05
0.49989 0.50011 4.53918e-05 4.53918e-05
0.49992 0.50008 4.37713e-05 4.37713e-05
0.49991 0.50009 4.37595e-05 4.37595e-05
0.49984 0.50016 4.45196e-05 4.45196e-05
0.49981 0.50019 4.42969e-05 4.42969e-05
0.49982 0.50018 4.50582e-05 4.50582e-05
0.49981 0.50019 4.51049e-05 4.51049e-05
0.49982 0.50018 4.57653e-05 4.57653e-05
0.49973 0.50027 4.65627e-05 4.65627e-05
0.4998 0.5002 4.68283e-05 4.68283e-05
0.49982 0.50018 4.69774e-05 4.69774e-05
0.49987 0.50013 4.7387e-05 4.7387e-05
0.4999 0.5001 4.72626e-05 4.72626e-05
0.49984 0.50016 4.71257e-05 4.71257e-05
0.49993 0.50007 4.76011e-05 4.76011e-05
0.4999 0.5001 4.72626e-05 4.72626e-05
0.4999 0.5001 4.73434e-05 4.73434e-05
0.49989 0.50011 4.7008e-05 4.7008e-05
0.49994 0.50006 4.70065e-05 4.70065e-05
0.49992 0.50008 4.75491e-05 4.75491e-05
0.49995 0.50005 4.65934e-05 4.65934e-05
0.49996 0.50004 4.69277e-05 4.69277e-05
0.5 0.5 4.69697e-05 4.69697e-05
0.49996 0.50004 4.73519e-05 4.73519e-05
0.49994 0.50006 4.65014e-05 4.65014e-05
0.49996 0.50004 4.54731e-05 4.54731e-05
0.49995 0.50005 4.46742e-05 4.46742e-05
0.49993 0.50007 4.49142e-05 4.49142e-05
0.49995 0.50005 4.47348e-05 4.47348e-05
0.49992 0.50008 4.5044e-05 4.5044e-05
0.49994 0.50006 4.51075e-05 4.51075e-05
0.49995 0.50005 4.47955e-05 4.47955e-05
0.49994 0.50006 4.56933e-05 4.56933e-05
0.49996 0.50004 4.53923e-05 4.53923e-05
0.49994 0.50006 4.56731e-05 4.56731e-05
0.49995 0.50005 4.54823e-05 4.54823e-05
0.49996 0.50004 4.63418e-05 4.63418e-05
0.49994 0.50006 4.60368e-05 4.60368e-05
0.49993 0.50007 4.61264e-05 4.61264e-05
0.49995 0.50005 4.60278e-05 4.60278e-05
0.49994 0.50006 4.66226e-05 4.66226e-05
0.49991 0.50009 4.61029e-05 4.61029e-05
0.49992 0.50008 4.6236e-05 4.6236e-05
0.49991 0.50009 4.62645e-05 4.62645e-05
0.49992 0.50008 4.60339e-05 4.60339e-05
0.49992 0.50008 4.60339e-05 4.60339e-05
0.49993 0.50007 4.60052e-05 4.60052e-05
0.49992 0.50008 4.62562e-05 4.62562e-05
0.49992 0.50008 4.60541e-05 4.60541e-05
0.49989 0.50011 4.66443e-05 4.66443e-05
0.49988 0.50012 4.67531e-05 4.67531e-05
0.49988 0.50012 4.67531e-05 4.67531e-05
0.4999 0.5001 4.69798e-05 4.69798e-05
0.4999 0.5001 4.70202e-05 4.70202e-05
0.4999 0.5001 4.6899e-05 4.6899e-05
0.4999 0.5001 4.6899e-05 4.6899e-05
0.49989 0.50011 4.65635e-05 4.65635e-05
0.49989 0.50011 4.66039e-05 4.66039e-05
0.49988 0.50012 4.63087e-05 4.63087e-05
0.49987 0.50013 4.62961e-05 4.62961e-05
0.49987 0.50013 4.59324e-05 4.59324e-05
0.49988 0.50012 4.60259e-05 4.60259e-05
0.49985 0.50015 4.61288e-05 4.61288e-05
0.49982 0.50018 4.62299e-05 4.62299e-05
0.49981 0.50019 4.64585e-05 4.64585e-05
0.49982 0.50018 4.65127e-05 4.65127e-05
0.49981 0.50019 4.64181e-05 4.64181e-05
0.49982 0.50018 4.62299e-05 4.62299e-05
0.49983 0.50017 4.64052e-05 4.64052e-05
0.49982 0.50018 4.63309e-05 4.63309e-05
0.49984 0.50016 4.61156e-05 4.61156e-05
0.49983 0.50017 4.59809e-05 4.59809e-05
0.49983 0.50017 4.59809e-05 4.59809e-05
0.49981 0.50019 4.60544e-05 4.60544e-05
0.49981 0.50019 4.60544e-05 4.60544e-05
0.49981 0.50019 4.60948e-05 4.60948e-05
0.49984 0.50016 4.61762e-05 4.61762e-05
0.49984 0.50016 4.61762e-05 4.61762e-05
0.49984 0.50016 4.61762e-05 4.61762e-05
0.49981 0.50019 4.58726e-05 4.58726e-05
0.49981 0.50019 4.58726e-05 4.58726e-05
0.49979 0.50021 4.60666e-05 4.60666e-05
0.49982 0.50018 4.60885e-05 4.60885e-05
0.49983 0.50017 4.61627e-05 4.61627e-05
0.49984 0.50016 4.60145e-05 4.60145e-05
0.49983 0.50017 4.60617e-05 4.60617e-05
0.49983 0.50017 4.60617e-05 4.60617e-05
0.49983 0.50017 4.60617e-05 4.60617e-05
0.49983 0.50017 4.62435e-05 4.62435e-05
0.49983 0.50017 4.61425e-05 4.61425e-05
0.49983 0.50017 4.61425e-05 4.61425e-05
0.49985 0.50015 4.62096e-05 4.62096e-05
0.49985 0.50015 4.62096e-05 4.62096e-05
0.49986 0.50014 4.59802e-05 4.59802e-05
0.49985 0.50015 4.60278e-05 4.60278e-05
0.49985 0.50015 4.57247e-05 4.57247e-05
0.49984 0.50016 4.56307e-05 4.56307e-05
0.49984 0.50016 4.55297e-05 4.55297e-05
0.49984 0.50016 4.55297e-05 4.55297e-05
0.49984 0.50016 4.55297e-05 4.55297e-05
0.49983 0.50017 4.54961e-05 4.54961e-05
0.49983 0.50017 4.54961e-05 4.54961e-05
0.49982 0.50018 4.57653e-05 4.57653e-05
0.49984 0.50016 4.57519e-05 4.57519e-05
0.49984 0.50016 4.57519e-05 4.57519e-05
0.49984 0.50016 4.57519e-05 4.57519e-05
0.49984 0.50016 4.57519e-05 4.57519e-05
0.49984 0.50016 4.57519e-05 4.57519e-05
0.49983 0.50017 4.59203e-05 4.59203e-05
0.49983 0.50017 4.59203e-05 4.59203e-05
0.49981 0.50019 4.59938e-05 4.59938e-05
0.49983 0.50017 4.60415e-05 4.60415e-05
0.49982 0.50018 4.61087e-05 4.61087e-05
0.49984 0.50016 4.60145e-05 4.60145e-05
0.49985 0.50015 4.61894e-05 4.61894e-05
0.49985 0.50015 4.61894e-05 4.61894e-05
0.49985 0.50015 4.61894e-05 4.61894e-05
0.49986 0.50014 4.61418e-05 4.61418e-05
0.49986 0.50014 4.61418e-05 4.61418e-05
0.49983 0.50017 4.59203e-05 4.59203e-05
0.49983 0.50017 4.59203e-05 4.59203e-05
0.49984 0.50016 4.58731e-05 4.58731e-05
0.49984 0.50016 4.58731e-05 4.58731e-05
0.49984 0.50016 4.58731e-05 4.58731e-05
0.49984 0.50016 4.58731e-05 4.58731e-05
0.49983 0.50017 4.60415e-05 4.60415e-05
0.49984 0.50016 4.62166e-05 4.62166e-05
0.49983 0.50017 4.60415e-05 4.60415e-05
0.49983 0.50017 4.59405e-05 4.59405e-05
0.49983 0.50017 4.59405e-05 4.59405e-05
0.49983 0.50017 4.59405e-05 4.59405e-05
0.49982 0.50018 4.59673e-05 4.59673e-05
0.49982 0.50018 4.59673e-05 4.59673e-05
0.49982 0.50018 4.59673e-05 4.59673e-05
0.49982 0.50018 4.59673e-05 4.59673e-05
0.49982 0.50018 4.59673e-05 4.59673e-05
0.49983 0.50017 4.60415e-05 4.60415e-05
0.49983 0.50017 4.60415e-05 4.60415e-05
0.49983 0.50017 4.60415e-05 4.60415e-05
0.49983 0.50017 4.60415e-05 4.60415e-05
0.49983 0.50017 4.60415e-05 4.60415e-05
0.49983 0.50017 4.60415e-05 4.60415e-05
0.49985 0.50015 4.59672e-05 4.59672e-05
0.49985 0.50015 4.59672e-05 4.59672e-05
0.49985 0.50015 4.59672e-05 4.59672e-05
0.49985 0.50015 4.59672e-05 4.59672e-05
0.49985 0.50015 4.59672e-05 4.59672e-05
0.49985 0.50015 4.59672e-05 4.59672e-05
0.49985 0.50015 4.59672e-05 4.59672e-05
0.49984 0.50016 4.59337e-05 4.59337e-05
0.49984 0.50016 4.59337e-05 4.59337e-05
0.49984 0.50016 4.59337e-05 4.59337e-05
0.49984 0.50016 4.59337e-05 4.59337e-05
0.49984 0.50016 4.59337e-05 4.59337e-05
0.49985 0.50015 4.59066e-05 4.59066e-05
0.49985 0.50015 4.59066e-05 4.59066e-05
0.49985 0.50015 4.59066e-05 4.59066e-05
0.49986 0.50014 4.58994e-05 4.58994e-05
0.49986 0.50014 4.58994e-05 4.58994e-05
0.49986 0.50014 4.58994e-05 4.58994e-05
0.49986 0.50014 4.58994e-05 4.58994e-05
0.49986 0.50014 4.58994e-05 4.58994e-05
0.49985 0.50015 4.5947e-05 4.5947e-05
0.49985 0.50015 4.5947e-05 4.5947e-05
0.49985 0.50015 4.5947e-05 4.5947e-05
0.49985 0.50015 4.5947e-05 4.5947e-05
0.49985 0.50015 4.5947e-05 4.5947e-05
0.49985 0.50015 4.5947e-05 4.5947e-05
0.49985 0.50015 4.5947e-05 4.5947e-05
0.49984 0.50016 4.61156e-05 4.61156e-05
0.49984 0.50016 4.61156e-05 4.61156e-05
0.49984 0.50016 4.61156e-05 4.61156e-05
0.49986 0.50014 4.62428e-05 4.62428e-05
0.49985 0.50015 4.62096e-05 4.62096e-05
0.49985 0.50015 4.62096e-05 4.62096e-05
0.49985 0.50015 4.5947e-05 4.5947e-05
0.49984 0.50016 4.59539e-05 4.59539e-05
0.49984 0.50016 4.59539e-05 4.59539e-05
0.49984 0.50016 4.59539e-05 4.59539e-05
0.49984 0.50016 4.59539e-05 4.59539e-05
0.49984 0.50016 4.59539e-05 4.59539e-05
0.49983 0.50017 4.58597e-05 4.58597e-05
0.49983 0.50017 4.58597e-05 4.58597e-05
0.49983 0.50017 4.58597e-05 4.58597e-05
0.49983 0.50017 4.58597e-05 4.58597e-05
0.49983 0.50017 4.58597e-05 4.58597e-05
0.49984 0.50016 4.58529e-05 4.58529e-05
0.49984 0.50016 4.58529e-05 4.58529e-05
0.49984 0.50016 4.58529e-05 4.58529e-05
0.49984 0.50016 4.58529e-05 4.58529e-05
0.49984 0.50016 4.58529e-05 4.58529e-05
0.49984 0.50016 4.58529e-05 4.58529e-05
0.49984 0.50016 4.58529e-05 4.58529e-05
0.49984 0.50016 4.58529e-05 4.58529e-05
0.49984 0.50016 4.58529e-05 4.58529e-05
0.49985 0.50015 4.5947e-05 4.5947e-05
0.49985 0.50015 4.5947e-05 4.5947e-05
0.49985 0.50015 4.5947e-05 4.5947e-05
0.49985 0.50015 4.5947e-05 4.5947e-05
0.49985 0.50015 4.5947e-05 4.5947e-05
0.49985 0.50015 4.5947e-05 4.5947e-05
0.49985 0.50015 4.5947e-05 4.5947e-05
0.49985 0.50015 4.5947e-05 4.5947e-05
0.49985 0.50015 4.5947e-05 4.5947e-05
0.49985 0.50015 4.5947e-05 4.5947e-05
0.49986 0.50014 4.61216e-05 4.61216e-05
0.49985 0.50015 4.5947e-05 4.5947e-05
0.49985 0.50015 4.5947e-05 4.5947e-05
0.49985 0.50015 4.5947e-05 4.5947e-05
0.49985 0.50015 4.5947e-05 4.5947e-05
0.49984 0.50016 4.58529e-05 4.58529e-05
0.49984 0.50016 4.58529e-05 4.58529e-05
0.49984 0.50016 4.58529e-05 4.58529e-05
0.49985 0.50015 4.5947e-05 4.5947e-05
0.49985 0.50015 4.5947e-05 4.5947e-05
0.49985 0.50015 4.5947e-05 4.5947e-05
0.49985 0.50015 4.5947e-05 4.5947e-05
0.49985 0.50015 4.5947e-05 4.5947e-05
0.49985 0.50015 4.5947e-05 4.5947e-05
0.49984 0.50016 4.58529e-05 4.58529e-05
0.49985 0.50015 4.5947e-05 4.5947e-05
0.49985 0.50015 4.5947e-05 4.5947e-05
0.49985 0.50015 4.5947e-05 4.5947e-05
0.49985 0.50015 4.5947e-05 4.5947e-05
0.49985 0.50015 4.5947e-05 4.5947e-05
0.49985 0.50015 4.5947e-05 4.5947e-05
0.49985 0.50015 4.5947e-05 4.5947e-05
0.49985 0.50015 4.5947e-05 4.5947e-05
0.49985 0.50015 4.5947e-05 4.5947e-05
0.49985 0.50015 4.5947e-05 4.5947e-05
0.49985 0.50015 4.5947e-05 4.5947e-05
0.49984 0.50016 4.61156e-05 4.61156e-05
0.49984 0.50016 4.61156e-05 4.61156e-05
0.49984 0.50016 4.61156e-05 4.61156e-05
0.49984 0.50016 4.61156e-05 4.61156e-05
0.49984 0.50016 4.61156e-05 4.61156e-05
0.49984 0.50016 4.61156e-05 4.61156e-05
0.49983 0.50017 4.60213e-05 4.60213e-05
0.49983 0.50017 4.60213e-05 4.60213e-05
0.49983 0.50017 4.60213e-05 4.60213e-05
0.49983 0.50017 4.60213e-05 4.60213e-05
0.49983 0.50017 4.60213e-05 4.60213e-05
0.49983 0.50017 4.60213e-05 4.60213e-05
0.49983 0.50017 4.60213e-05 4.60213e-05
0.49983 0.50017 4.60213e-05 4.60213e-05
0.49983 0.50017 4.60213e-05 4.60213e-05
0.49983 0.50017 4.60213e-05 4.60213e-05
0.49983 0.50017 4.60213e-05 4.60213e-05
0.49983 0.50017 4.60213e-05 4.60213e-05
0.49983 0.50017 4.60213e-05 4.60213e-05
0.49983 0.50017 4.60213e-05 4.60213e-05
0.49983 0.50017 4.60213e-05 4.60213e-05
0.49983 0.50017 4.60213e-05 4.60213e-05
0.49983 0.50017 4.60213e-05 4.60213e-05
0.49983 0.50017 4.60213e-05 4.60213e-05
0.49984 0.50016 4.61156e-05 4.61156e-05
0.49984 0.50016 4.61156e-05 4.61156e-05
0.49984 0.50016 4.61156e-05 4.61156e-05
0.49984 0.50016 4.61156e-05 4.61156e-05
0.49984 0.50016 4.61156e-05 4.61156e-05
0.49984 0.50016 4.61156e-05 4.61156e-05
0.49984 0.50016 4.61156e-05 4.61156e-05
0.49984 0.50016 4.61156e-05 4.61156e-05
0.49984 0.50016 4.61156e-05 4.61156e-05
0.49984 0.50016 4.61156e-05 4.61156e-05
0.49984 0.50016 4.61156e-05 4.61156e-05
0.49984 0.50016 4.61156e-05 4.61156e-05
0.49984 0.50016 4.61156e-05 4.61156e-05
0.49985 0.50015 4.5947e-05 4.5947e-05
0.49985 0.50015 4.5947e-05 4.5947e-05
0.49985 0.50015 4.5947e-05 4.5947e-05
0.49984 0.50016 4.58529e-05 4.58529e-05
0.49984 0.50016 4.58529e-05 4.58529e-05
0.49984 0.50016 4.58529e-05 4.58529e-05
0.49985 0.50015 4.5947e-05 4.5947e-05
0.49985 0.50015 4.5947e-05 4.5947e-05
0.49985 0.50015 4.5947e-05 4.5947e-05
0.49985 0.50015 4.5947e-05 4.5947e-05
0.49985 0.50015 4.5947e-05 4.5947e-05
0.49985 0.50015 4.5947e-05 4.5947e-05
0.49985 0.50015 4.5947e-05 4.5947e-05
0.49984 0.50016 4.58529e-05 4.58529e-05
0.49984 0.50016 4.58529e-05 4.58529e-05
0.49984 0.50016 4.58529e-05 4.58529e-05
0.49984 0.50016 4.58529e-05 4.58529e-05
0.49984 0.50016 4.58529e-05 4.58529e-05
0.49983 0.50017 4.60213e-05 4.60213e-05
0.49983 0.50017 4.60213e-05 4.60213e-05
0.49984 0.50016 4.61156e-05 4.61156e-05
0.49984 0.50016 4.61156e-05 4.61156e-05
0.49984 0.50016 4.61156e-05 4.61156e-05
0.49984 0.50016 4.61156e-05 4.61156e-05
0.49983 0.50017 4.60213e-05 4.60213e-05
0.49983 0.50017 4.60213e-05 4.60213e-05
0.49983 0.50017 4.60213e-05 4.60213e-05
0.49982 0.50018 4.59067e-05 4.59067e-05
0.49982 0.50018 4.59067e-05 4.59067e-05
0.49982 0.50018 4.59067e-05 4.59067e-05
0.49982 0.50018 4.59067e-05 4.59067e-05
0.49982 0.50018 4.59067e-05 4.59067e-05
0.49982 0.50018 4.59067e-05 4.59067e-05
0.49983 0.50017 4.60011e-05 4.60011e-05
0.49983 0.50017 4.60011e-05 4.60011e-05
0.49983 0.50017 4.60011e-05 4.60011e-05
0.49983 0.50017 4.60011e-05 4.60011e-05
0.49983 0.50017 4.60011e-05 4.60011e-05
0.49983 0.50017 4.60011e-05 4.60011e-05
0.49983 0.50017 4.60011e-05 4.60011e-05
0.49983 0.50017 4.60011e-05 4.60011e-05
0.49983 0.50017 4.60011e-05 4.60011e-05
0.49983 0.50017 4.60011e-05 4.60011e-05
0.49983 0.50017 4.60011e-05 4.60011e-05
0.49982 0.50018 4.59067e-05 4.59067e-05
0.49982 0.50018 4.59067e-05 4.59067e-05
0.49982 0.50018 4.59067e-05 4.59067e-05
0.49982 0.50018 4.59067e-05 4.59067e-05
0.49982 0.50018 4.59067e-05 4.59067e-05
0.49982 0.50018 4.59067e-05 4.59067e-05
0.49982 0.50018 4.59067e-05 4.59067e-05
0.49982 0.50018 4.59067e-05 4.59067e-05
0.49982 0.50018 4.59067e-05 4.59067e-05
0.49982 0.50018 4.59067e-05 4.59067e-05
0.49982 0.50018 4.59067e-05 4.59067e-05
0.49982 0.50018 4.59067e-05 4.59067e-05
0.49982 0.50018 4.59067e-05 4.59067e-05
0.49982 0.50018 4.59067e-05 4.59067e-05
0.49982 0.50018 4.59067e-05 4.59067e-05
0.49982 0.50018 4.59067e-05 4.59067e-05
0.49982 0.50018 4.59067e-05 4.59067e-05
0.49982 0.50018 4.59067e-05 4.59067e-05
0.49982 0.50018 4.59067e-05 4.59067e-05
0.49982 0.50018 4.59067e-05 4.59067e-05
0.49983 0.50017 4.60819e-05 4.60819e-05
0.49983 0.50017 4.60819e-05 4.60819e-05
0.49984 0.50016 4.61964e-05 4.61964e-05
0.49984 0.50016 4.61964e-05 4.61964e-05
0.49984 0.50016 4.61964e-05 4.61964e-05
0.49983 0.50017 4.60213e-05 4.60213e-05
0.49984 0.50016 4.61156e-05 4.61156e-05
0.49984 0.50016 4.61156e-05 4.61156e-05
0.49984 0.50016 4.61156e-05 4.61156e-05
0.49984 0.50016 4.61156e-05 4.61156e-05
0.49984 0.50016 4.61156e-05 4.61156e-05
0.49984 0.50016 4.61156e-05 4.61156e-05
0.49984 0.50016 4.61156e-05 4.61156e-05
0.49984 0.50016 4.61156e-05 4.61156e-05
0.49984 0.50016 4.61156e-05 4.61156e-05
0.49984 0.50016 4.61156e-05 4.61156e-05
0.49984 0.50016 4.61156e-05 4.61156e-05
0.49984 0.50016 4.61156e-05 4.61156e-05
0.49984 0.50016 4.61156e-05 4.61156e-05
0.49984 0.50016 4.61156e-05 4.61156e-05
0.49983 0.50017 4.60213e-05 4.60213e-05
0.49983 0.50017 4.60213e-05 4.60213e-05
0.49983 0.50017 4.60213e-05 4.60213e-05
0.49983 0.50017 4.60213e-05 4.60213e-05
0.49983 0.50017 4.60213e-05 4.60213e-05
0.49983 0.50017 4.60213e-05 4.60213e-05
0.49983 0.50017 4.60213e-05 4.60213e-05
0.49983 0.50017 4.60213e-05 4.60213e-05
0.49983 0.50017 4.60213e-05 4.60213e-05
0.49983 0.50017 4.60213e-05 4.60213e-05
0.49983 0.50017 4.60213e-05 4.60213e-05
0.49983 0.50017 4.60213e-05 4.60213e-05
0.49983 0.50017 4.60213e-05 4.60213e-05
0.49983 0.50017 4.60213e-05 4.60213e-05
0.49983 0.50017 4.60213e-05 4.60213e-05
0.49983 0.50017 4.60213e-05 4.60213e-05
0.49983 0.50017 4.60213e-05 4.60213e-05
0.49983 0.50017 4.60213e-05 4.60213e-05
0.49983 0.50017 4.60213e-05 4.60213e-05
0.49983 0.50017 4.60213e-05 4.60213e-05
0.49983 0.50017 4.60213e-05 4.60213e-05
0.49983 0.50017 4.60213e-05 4.60213e-05
0.49983 0.50017 4.60213e-05 4.60213e-05
0.49983 0.50017 4.60213e-05 4.60213e-05
0.49983 0.50017 4.60213e-05 4.60213e-05
0.49983 0.50017 4.60213e-05 4.60213e-05
0.49983 0.50017 4.60213e-05 4.60213e-05
0.49983 0.50017 4.60213e-05 4.60213e-05
0.49984 0.50016 4.61156e-05 4.61156e-05
0.49984 0.50016 4.61156e-05 4.61156e-05
0.49984 0.50016 4.61156e-05 4.61156e-05
0.49984 0.50016 4.61156e-05 4.61156e-05
0.49983 0.50017 4.60213e-05 4.60213e-05
0.49983 0.50017 4.60213e-05 4.60213e-05
0.49983 0.50017 4.60213e-05 4.60213e-05
0.49983 0.50017 4.60213e-05 4.60213e-05
0.49983 0.50017 4.60213e-05 4.60213e-05
0.49983 0.50017 4.60213e-05 4.60213e-05
0.49983 0.50017 4.60213e-05 4.60213e-05
0.49983 0.50017 4.60213e-05 4.60213e-05
0.49983 0.50017 4.60213e-05 4.60213e-05
0.49983 0.50017 4.60213e-05 4.60213e-05
0.49983 0.50017 4.60213e-05 4.60213e-05
0.49983 0.50017 4.60213e-05 4.60213e-05
0.49983 0.50017 4.60213e-05 4.60213e-05
0.49983 0.50017 4.60213e-05 4.60213e-05
0.49983 0.50017 4.60213e-05 4.60213e-05
0.49983 0.50017 4.60213e-05 4.60213e-05
0.49983 0.50017 4.60213e-05 4.60213e-05
0.49983 0.50017 4.60213e-05 4.60213e-05
0.49983 0.50017 4.60213e-05 4.60213e-05
0.49982 0.50018 4.59067e-05 4.59067e-05
0.49982 0.50018 4.59067e-05 4.59067e-05
0.49982 0.50018 4.59067e-05 4.59067e-05
0.49982 0.50018 4.59067e-05 4.59067e-05
0.49982 0.50018 4.59067e-05 4.59067e-05
0.49982 0.50018 4.59067e-05 4.59067e-05
0.49982 0.50018 4.59067e-05 4.59067e-05
0.49983 0.50017 4.60011e-05 4.60011e-05
0.49983 0.50017 4.60011e-05 4.60011e-05
0.49983 0.50017 4.60011e-05 4.60011e-05
0.49983 0.50017 4.60011e-05 4.60011e-05
0.49982 0.50018 4.59067e-05 4.59067e-05
0.49982 0.50018 4.59067e-05 4.59067e-05
0.49982 0.50018 4.59067e-05 4.59067e-05
0.49982 0.50018 4.59067e-05 4.59067e-05
0.49982 0.50018 4.59067e-05 4.59067e-05
0.49982 0.50018 4.59067e-05 4.59067e-05
0.49982 0.50018 4.59067e-05 4.59067e-05
0.49982 0.50018 4.59067e-05 4.59067e-05
0.49982 0.50018 4.59067e-05 4.59067e-05
0.49982 0.50018 4.59067e-05 4.59067e-05
0.49982 0.50018 4.59067e-05 4.59067e-05
0.49982 0.50018 4.59067e-05 4.59067e-05
0.49982 0.50018 4.59067e-05 4.59067e-05
0.49982 0.50018 4.59067e-05 4.59067e-05
0.49982 0.50018 4.59067e-05 4.59067e-05
0.49982 0.50018 4.59067e-05 4.59067e-05
0.49982 0.50018 4.59067e-05 4.59067e-05
0.49982 0.50018 4.59067e-05 4.59067e-05
0.49982 0.50018 4.59067e-05 4.59067e-05
0.49982 0.50018 4.59067e-05 4.59067e-05
0.49982 0.50018 4.59067e-05 4.59067e-05
