0.50016 0.49984 6.84283e-06 6.84283e-06
0.50003 0.49997 1.16456e-05 1.16456e-05
0.50053 0.49947 1.80496e-05 1.80496e-05
0.50032 0.49968 2.27046e-05 2.27046e-05
0.5003 0.4997 2.28384e-05 2.28384e-05
0.50031 0.49969 2.98524e-05 2.98524e-05
0.50002 0.49998 3.26259e-05 3.26259e-05
0.50026 0.49974 4.01943e-05 4.01943e-05
0.5002 0.4998 3.99596e-05 3.99596e-05
0.50014 0.49986 4.03034e-05 4.03034e-05
0.50009 0.49991 4.0911e-05 4.0911e-05
0.49993 0.50007 4.16819e-05 4.16819e-05
0.50008 0.49992 4.49228e-05 4.49228e-05
0.49982 0.50018 4.67956e-05 4.67956e-05
0.49993 0.50007 5.01466e-05 5.01466e-05
0.50001 0.49999 5.09191e-05 5.09191e-05
0.50032 0.49968 4.55127e-05 4.55127e-05
0.50034 0.49966 4.39842e-05 4.39842e-05
0.50016 0.49984 4.79337e-05 4.79337e-05
0.50022 0.49978 4.80521e-05 4.80521e-05
0.50012 0.49988 4.70764e-05 4.70764e-05
0.50018 0.49982 5.03107e-05 5.03107e-05
0.50023 0.49977 5.05627e-05 5.05627e-05
0.50034 0.49966 5.03075e-05 5.03075e-05
0.50039 0.49961 4.9614e-05 4.9614e-05
0.50058 0.49942 4.62461e-05 4.62461e-05
0.50053 0.49947 4.87971e-05 4.87971e-05
0.50045 0.49955 4.75025e-05 4.75025e-05
0.50051 0.49949 4.89797e-05 4.89797e-05
0.50039 0.49961 5.01393e-05 5.01393e-05
0.50042 0.49958 4.70945e-05 4.70945e-05
0.50046 0.49954 4.82913e-05 4.82913e-05
0.50037 0.49963 4.9286e-05 4.9286e-05
0.50037 0.49963 4.90839e-05 4.90839e-05
0.50034 0.49966 5.01055e-05 5.01055e-05
0.50022 0.49978 5.02137e-05 5.02137e-05
0.50022 0.49978 4.80925e-05 4.80925e-05
0.50033 0.49967 4.88698e-05 4.88698e-05
0.50038 0.49962 4.82986e-05 4.82986e-05
0.50037 0.49963 4.69223e-05 4.69223e-05
0.50042 0.49958 4.71552e-05 4.71552e-05
0.50039 0.49961 4.9008e-05 4.9008e-05
0.50029 0.49971 4.81676e-05 4.81676e-05
0.50026 0.49974 4.90832e-05 4.90832e-05
0.50028 0.49972 5.04461e-05 5.04461e-05
0.50024 0.49976 5.13964e-05 5.13964e-05
0.50024 0.49976 5.06085e-05 5.06085e-05
0.5003 0.4997 5.10606e-05 5.10606e-05
0.50034 0.49966 4.93984e-05 4.93984e-05
0.50037 0.49963 4.88617e-05 4.88617e-05
0.50021 0.49979 4.89151e-05 4.89151e-05
0.50018 0.49982 4.82501e-05 4.82501e-05
0.50018 0.49982 4.7341e-05 4.7341e-05
0.50021 0.49979 4.82686e-05 4.82686e-05
0.50021 0.49979 4.89151e-05 4.89151e-05
0.50021 0.49979 4.87332e-05 4.87332e-05
0.50028 0.49972 4.85269e-05 4.85269e-05
0.50031 0.49969 4.96706e-05 4.96706e-05
0.50023 0.49977 5.00779e-05 5.00779e-05
0.50027 0.49973 5.0987e-05 5.0987e-05
0.50021 0.49979 5.12989e-05 5.12989e-05
0.5002 0.4998 5.17778e-05 5.17778e-05
0.50028 0.49972 5.09309e-05 5.09309e-05
0.5003 0.4997 5.1202e-05 5.1202e-05
0.5003 0.4997 5.13838e-05 5.13838e-05
0.50025 0.49975 5.17854e-05 5.17854e-05
0.50018 0.49982 5.14824e-05 5.14824e-05
0.50021 0.49979 5.24706e-05 5.24706e-05
0.50021 0.49979 5.27332e-05 5.27332e-05
0.50019 0.49981 5.32464e-05 5.32464e-05
0.50018 0.49982 5.25733e-05 5.25733e-05
0.50019 0.49981 5.1408e-05 5.1408e-05
0.50022 0.49978 5.11228e-05 5.11228e-05
0.50024 0.49976 5.13762e-05 5.13762e-05
0.50022 0.49978 5.15269e-05 5.15269e-05
0.50023 0.49977 5.10274e-05 5.10274e-05
0.5002 0.4998 5.05051e-05 5.05051e-05
0.50018 0.49982 5.0836e-05 5.0836e-05
0.50016 0.49984 5.06206e-05 5.06206e-05
0.50019 0.49981 5.01757e-05 5.01757e-05
0.50019 0.49981 5.01757e-05 5.01757e-05
0.50021 0.49979 4.98039e-05 4.98039e-05
0.50019 0.49981 4.98322e-05 4.98322e-05
0.5002 0.4998 5.02222e-05 5.02222e-05
0.50023 0.49977 4.99971e-05 4.99971e-05
0.50022 0.49978 4.98501e-05 4.98501e-05
0.50021 0.49979 5.01474e-05 5.01474e-05
0.50024 0.49976 4.99822e-05 4.99822e-05
0.50024 0.49976 4.9861e-05 4.9861e-05
0.50023 0.49977 4.97344e-05 4.97344e-05
0.50025 0.49975 5.00278e-05 5.00278e-05
0.50024 0.49976 5.03459e-05 5.03459e-05
0.50023 0.49977 5.05021e-05 5.05021e-05
0.50022 0.49978 5.05168e-05 5.05168e-05
0.50021 0.49979 5.03696e-05 5.03696e-05
0.50022 0.49978 5.03754e-05 5.03754e-05
0.50023 0.49977 5.03001e-05 5.03001e-05
0.50026 0.49974 5.00731e-05 5.00731e-05
0.50027 0.49973 4.97951e-05 4.97951e-05
0.50026 0.49974 4.97499e-05 4.97499e-05
0.50027 0.49973 4.98961e-05 4.98961e-05
0.50028 0.49972 4.9941e-05 4.9941e-05
0.50027 0.49973 4.98961e-05 4.98961e-05
0.50026 0.49974 4.98307e-05 4.98307e-05
0.50026 0.49974 4.98307e-05 4.98307e-05
0.50026 0.49974 5.03964e-05 5.03964e-05
0.50025 0.49975 5.06742e-05 5.06742e-05
0.50025 0.49975 5.01086e-05 5.01086e-05
0.50024 0.49976 5.00832e-05 5.00832e-05
0.50025 0.49975 4.97247e-05 4.97247e-05
0.50026 0.49974 4.97499e-05 4.97499e-05
0.50024 0.49976 4.97398e-05 4.97398e-05
0.50023 0.49977 4.96334e-05 4.96334e-05
0.50024 0.49976 4.9659e-05 4.9659e-05
0.50023 0.49977 4.97142e-05 4.97142e-05
0.50024 0.49976 4.98206e-05 4.98206e-05
0.50024 0.49976 4.98206e-05 4.98206e-05
0.50024 0.49976 4.98206e-05 4.98206e-05
0.50024 0.49976 4.97398e-05 4.97398e-05
0.50026 0.49974 4.98307e-05 4.98307e-05
0.50026 0.49974 5.01741e-05 5.01741e-05
0.50026 0.49974 5.01741e-05 5.01741e-05
0.50025 0.49975 5.02298e-05 5.02298e-05
0.50025 0.49975 5.02298e-05 5.02298e-05
0.50025 0.49975 5.02298e-05 5.02298e-05
0.50025 0.49975 5.02298e-05 5.02298e-05
0.50026 0.49974 5.00327e-05 5.00327e-05
0.50027 0.49973 5.00577e-05 5.00577e-05
0.50026 0.49974 4.98307e-05 4.98307e-05
0.50026 0.49974 4.98307e-05 4.98307e-05
0.50026 0.49974 4.98307e-05 4.98307e-05
0.50027 0.49973 4.97546e-05 4.97546e-05
0.50026 0.49974 4.98913e-05 4.98913e-05
0.50025 0.49975 4.97449e-05 4.97449e-05
0.50025 0.49975 4.97449e-05 4.97449e-05
0.50025 0.49975 4.97449e-05 4.97449e-05
0.50025 0.49975 4.97449e-05 4.97449e-05
0.50025 0.49975 4.97449e-05 4.97449e-05
0.50024 0.49976 4.98206e-05 4.98206e-05
0.50024 0.49976 4.98206e-05 4.98206e-05
0.50024 0.49976 4.98206e-05 4.98206e-05
0.50024 0.49976 4.98206e-05 4.98206e-05
0.50025 0.49975 4.96843e-05 4.96843e-05
0.50025 0.49975 4.96843e-05 4.96843e-05
0.50025 0.49975 4.96843e-05 4.96843e-05
0.50025 0.49975 4.96843e-05 4.96843e-05
0.50024 0.49976 4.98206e-05 4.98206e-05
0.50024 0.49976 4.98206e-05 4.98206e-05
0.50024 0.49976 4.98206e-05 4.98206e-05
0.50024 0.49976 4.98206e-05 4.98206e-05
0.50023 0.49977 5.00981e-05 5.00981e-05
0.50024 0.49976 4.9962e-05 4.9962e-05
0.50024 0.49976 4.9962e-05 4.9962e-05
0.50025 0.49975 4.96843e-05 4.96843e-05
0.50024 0.49976 4.9962e-05 4.9962e-05
0.50025 0.49975 4.98864e-05 4.98864e-05
0.50025 0.49975 4.98864e-05 4.98864e-05
0.50025 0.49975 4.98864e-05 4.98864e-05
0.50025 0.49975 4.98864e-05 4.98864e-05
0.50025 0.49975 4.98864e-05 4.98864e-05
0.50025 0.49975 4.98864e-05 4.98864e-05
0.50025 0.49975 4.98864e-05 4.98864e-05
0.50025 0.49975 4.98864e-05 4.98864e-05
0.50025 0.49975 4.98864e-05 4.98864e-05
0.50025 0.49975 4.98864e-05 4.98864e-05
0.50025 0.49975 4.98864e-05 4.98864e-05
0.50025 0.49975 4.98864e-05 4.98864e-05
0.50025 0.49975 4.98864e-05 4.98864e-05
0.50025 0.49975 4.98864e-05 4.98864e-05
0.50025 0.49975 4.98864e-05 4.98864e-05
0.50026 0.49974 4.96085e-05 4.96085e-05
0.50026 0.49974 4.96085e-05 4.96085e-05
0.50026 0.49974 4.96085e-05 4.96085e-05
0.50026 0.49974 4.96085e-05 4.96085e-05
0.50026 0.49974 4.96085e-05 4.96085e-05
0.50026 0.49974 4.96085e-05 4.96085e-05
0.50026 0.49974 4.96085e-05 4.96085e-05
0.50026 0.49974 4.96085e-05 4.96085e-05
0.50026 0.49974 4.96085e-05 4.96085e-05
0.50026 0.49974 4.96085e-05 4.96085e-05
0.50025 0.49975 4.98864e-05 4.98864e-05
0.50025 0.49975 4.98864e-05 4.98864e-05
0.50025 0.49975 4.98864e-05 4.98864e-05
0.50025 0.49975 4.98864e-05 4.98864e-05
0.50025 0.49975 4.98864e-05 4.98864e-05
0.50025 0.49975 4.98864e-05 4.98864e-05
0.50025 0.49975 4.98864e-05 4.98864e-05
0.50025 0.49975 4.98864e-05 4.98864e-05
0.50025 0.49975 4.98864e-05 4.98864e-05
0.50025 0.49975 4.98864e-05 4.98864e-05
0.50025 0.49975 4.98864e-05 4.98864e-05
0.50025 0.49975 4.98864e-05 4.98864e-05
0.50025 0.49975 4.98864e-05 4.98864e-05
0.50025 0.49975 4.98864e-05 4.98864e-05
0.50025 0.49975 4.98864e-05 4.98864e-05
0.50025 0.49975 4.98864e-05 4.98864e-05
0.50025 0.49975 4.98864e-05 4.98864e-05
0.50025 0.49975 4.98864e-05 4.98864e-05
0.50025 0.49975 4.98864e-05 4.98864e-05
0.50025 0.49975 4.98864e-05 4.98864e-05
0.50025 0.49975 4.98864e-05 4.98864e-05
0.50025 0.49975 4.98864e-05 4.98864e-05
0.50025 0.49975 4.98864e-05 4.98864e-05
0.50025 0.49975 4.98864e-05 4.98864e-05
0.50025 0.49975 4.98864e-05 4.98864e-05
0.50025 0.49975 4.98864e-05 4.98864e-05
0.50025 0.49975 4.98864e-05 4.98864e-05
0.50025 0.49975 4.98864e-05 4.98864e-05
0.50025 0.49975 4.98864e-05 4.98864e-05
0.50025 0.49975 4.98864e-05 4.98864e-05
0.50025 0.49975 4.98864e-05 4.98864e-05
0.50025 0.49975 4.98864e-05 4.98864e-05
0.50025 0.49975 4.98864e-05 4.98864e-05
0.50025 0.49975 4.98864e-05 4.98864e-05
0.50025 0.49975 4.98864e-05 4.98864e-05
0.50025 0.49975 4.98864e-05 4.98864e-05
0.50025 0.49975 4.98864e-05 4.98864e-05
0.50025 0.49975 4.98864e-05 4.98864e-05
0.50025 0.49975 4.98864e-05 4.98864e-05
0.50025 0.49975 4.98864e-05 4.98864e-05
0.50025 0.49975 4.98864e-05 4.98864e-05
0.50025 0.49975 4.98864e-05 4.98864e-05
0.50025 0.49975 4.98864e-05 4.98864e-05
0.50025 0.49975 4.98864e-05 4.98864e-05
0.50025 0.49975 4.98864e-05 4.98864e-05
0.50025 0.49975 4.98864e-05 4.98864e-05
0.50025 0.49975 4.98864e-05 4.98864e-05
0.50025 0.49975 4.98864e-05 4.98864e-05
0.50025 0.49975 4.98864e-05 4.98864e-05
0.50025 0.49975 4.98864e-05 4.98864e-05
0.50025 0.49975 4.98864e-05 4.98864e-05
0.50025 0.49975 4.98864e-05 4.98864e-05
0.50025 0.49975 4.98864e-05 4.98864e-05
0.50025 0.49975 4.98864e-05 4.98864e-05
0.50025 0.49975 4.98864e-05 4.98864e-05
0.50025 0.49975 4.98864e-05 4.98864e-05
0.50025 0.49975 4.98864e-05 4.98864e-05
0.50025 0.49975 4.98864e-05 4.98864e-05
0.50025 0.49975 4.98864e-05 4.98864e-05
0.50025 0.49975 4.98864e-05 4.98864e-05
0.50025 0.49975 4.98864e-05 4.98864e-05
0.50025 0.49975 4.98864e-05 4.98864e-05
0.50025 0.49975 4.98864e-05 4.98864e-05
0.50025 0.49975 4.98864e-05 4.98864e-05
0.50025 0.49975 4.98864e-05 4.98864e-05
0.50025 0.49975 4.98864e-05 4.98864e-05
0.50025 0.49975 4.98864e-05 4.98864e-05
0.50025 0.49975 4.98864e-05 4.98864e-05
0.50025 0.49975 4.98864e-05 4.98864e-05
0.50025 0.49975 4.98864e-05 4.98864e-05
0.50025 0.49975 4.98864e-05 4.98864e-05
0.50025 0.49975 4.98864e-05 4.98864e-05
0.50025 0.49975 4.98864e-05 4.98864e-05
0.50025 0.49975 4.98864e-05 4.98864e-05
0.50025 0.49975 4.98864e-05 4.98864e-05
0.50025 0.49975 4.98864e-05 4.98864e-05
0.50025 0.49975 4.98864e-05 4.98864e-05
0.50025 0.49975 4.98864e-05 4.98864e-05
0.50025 0.49975 4.98864e-05 4.98864e-05
0.50025 0.49975 4.98864e-05 4.98864e-05
0.50025 0.49975 4.98864e-05 4.98864e-05
0.50025 0.49975 4.98864e-05 4.98864e-05
0.50025 0.49975 4.98864e-05 4.98864e-05
0.50025 0.49975 4.98864e-05 4.98864e-05
0.50025 0.49975 4.98864e-05 4.98864e-05
0.50025 0.49975 4.98864e-05 4.98864e-05
0.50025 0.49975 4.98864e-05 4.98864e-05
0.50025 0.49975 4.98864e-05 4.98864e-05
0.50025 0.49975 4.98864e-05 4.98864e-05
0.50025 0.49975 4.98864e-05 4.98864e-05
0.50025 0.49975 4.98864e-05 4.98864e-05
0.50025 0.49975 4.98864e-05 4.98864e-05
0.50025 0.49975 4.98864e-05 4.98864e-05
0.50025 0.49975 4.98864e-05 4.98864e-05
0.50025 0.49975 4.98864e-05 4.98864e-05
0.50025 0.49975 4.98864e-05 4.98864e-05
0.50025 0.49975 4.98864e-05 4.98864e-05
0.50025 0.49975 4.98864e-05 4.98864e-05
0.50025 0.49975 4.98864e-05 4.98864e-05
0.50025 0.49975 4.98864e-05 4.98864e-05
0.50025 0.49975 4.98864e-05 4.98864e-05
0.50025 0.49975 4.98864e-05 4.98864e-05
0.50025 0.49975 4.98864e-05 4.98864e-05
0.50025 0.49975 4.98864e-05 4.98864e-05
0.50025 0.49975 4.98864e-05 4.98864e-05
0.50025 0.49975 4.98864e-05 4.98864e-05
0.50025 0.49975 4.98864e-05 4.98864e-05
0.50025 0.49975 4.98864e-05 4.98864e-05
0.50025 0.49975 4.98864e-05 4.98864e-05
0.50025 0.49975 4.98864e-05 4.98864e-05
0.50025 0.49975 4.98864e-05 4.98864e-05
0.50025 0.49975 4.98864e-05 4.98864e-05
0.50025 0.49975 4.98864e-05 4.98864e-05
0.50025 0.49975 4.98864e-05 4.98864e-05
0.50025 0.49975 4.98864e-05 4.98864e-05
0.50025 0.49975 4.98864e-05 4.98864e-05
0.50025 0.49975 4.98864e-05 4.98864e-05
0.50025 0.49975 4.98864e-05 4.98864e-05
0.50025 0.49975 4.98864e-05 4.98864e-05
0.50025 0.49975 4.98864e-05 4.98864e-05
0.50025 0.49975 4.98864e-05 4.98864e-05
0.50025 0.49975 4.98864e-05 4.98864e-05
0.50025 0.49975 4.98864e-05 4.98864e-05
0.50025 0.49975 4.98864e-05 4.98864e-05
0.50025 0.49975 4.98864e-05 4.98864e-05
0.50025 0.49975 4.98864e-05 4.98864e-05
0.50025 0.49975 4.98864e-05 4.98864e-05
0.50025 0.49975 4.98864e-05 4.98864e-05
0.50025 0.49975 4.98864e-05 4.98864e-05
0.50025 0.49975 4.98864e-05 4.98864e-05
0.50025 0.49975 4.98864e-05 4.98864e-05
0.50025 0.49975 4.98864e-05 4.98864e-05
0.50025 0.49975 4.98864e-05 4.98864e-05
0.50025 0.49975 4.98864e-05 4.98864e-05
0.50025 0.49975 4.98864e-05 4.98864e-05
0.50025 0.49975 4.98864e-05 4.98864e-05
0.50025 0.49975 4.98864e-05 4.98864e-05
0.50025 0.49975 4.98864e-05 4.98864e-05
0.50025 0.49975 4.98864e-05 4.98864e-05
0.50025 0.49975 4.98864e-05 4.98864e-05
0.50025 0.49975 4.98864e-05 4.98864e-05
0.50025 0.49975 4.98864e-05 4.98864e-05
0.50025 0.49975 4.98864e-05 4.98864e-05
0.50025 0.49975 4.98864e-05 4.98864e-05
0.50025 0.49975 4.98864e-05 4.98864e-05
0.50025 0.49975 4.98864e-05 4.98864e-05
0.50025 0.49975 4.98864e-05 4.98864e-05
0.50025 0.49975 4.98864e-05 4.98864e-05
0.50025 0.49975 4.98864e-05 4.98864e-05
0.50025 0.49975 4.98864e-05 4.98864e-05
0.50025 0.49975 4.98864e-05 4.98864e-05
0.50025 0.49975 4.98864e-05 4.98864e-05
0.50025 0.49975 4.98864e-05 4.98864e-05
0.50025 0.49975 4.98864e-05 4.98864e-05
0.50025 0.49975 4.98864e-05 4.98864e-05
0.50025 0.49975 4.98864e-05 4.98864e-05
0.50025 0.49975 4.98864e-05 4.98864e-05
0.50025 0.49975 4.98864e-05 4.98864e-05
0.50025 0.49975 4.98864e-05 4.98864e-05
0.50025 0.49975 4.98864e-05 4.98864e-05
0.50025 0.49975 4.98864e-05 4.98864e-05
0.50025 0.49975 4.98864e-05 4.98864e-05
0.50025 0.49975 4.98864e-05 4.98864e-05
0.50025 0.49975 4.98864e-05 4.98864e-05
0.50025 0.49975 4.98864e-05 4.98864e-05
0.50025 0.49975 4.98864e-05 4.98864e-05
0.50025 0.49975 4.98864e-05 4.98864e-05
0.50025 0.49975 4.98864e-05 4.98864e-05
0.50025 0.49975 4.98864e-05 4.98864e-05
0.50025 0.49975 4.98864e-05 4.98864e-05
0.50025 0.49975 4.98864e-05 4.98864e-05
0.50025 0.49975 4.98864e-05 4.98864e-05
0.50025 0.49975 4.98864e-05 4.98864e-05
0.50025 0.49975 4.98864e-05 4.98864e-05
0.50025 0.49975 4.98864e-05 4.98864e-05
0.50025 0.49975 4.98864e-05 4.98864e-05
0.50025 0.49975 4.98864e-05 4.98864e-05
0.50025 0.49975 4.98864e-05 4.98864e-05
0.50025 0.49975 4.98864e-05 4.98864e-05
0.50025 0.49975 4.98864e-05 4.98864e-05
0.50025 0.49975 4.98864e-05 4.98864e-05
0.50025 0.49975 4.98864e-05 4.98864e-05
0.50025 0.49975 4.98864e-05 4.98864e-05
0.50025 0.49975 4.98864e-05 4.98864e-05
0.50025 0.49975 4.98864e-05 4.98864e-05
0.50025 0.49975 4.98864e-05 4.98864e-05
0.50025 0.49975 4.98864e-05 4.98864e-05
0.50025 0.49975 4.98864e-05 4.98864e-05
0.50025 0.49975 4.98864e-05 4.98864e-05
0.50025 0.49975 4.98864e-05 4.98864e-05
0.50025 0.49975 4.98864e-05 4.98864e-05
0.50025 0.49975 4.98864e-05 4.98864e-05
0.50025 0.49975 4.98864e-05 4.98864e-05
0.50025 0.49975 4.98864e-05 4.98864e-05
0.50025 0.49975 4.98864e-05 4.98864e-05
0.50025 0.49975 4.98864e-05 4.98864e-05
0.50025 0.49975 4.98864e-05 4.98864e-05
0.50025 0.49975 4.98864e-05 4.98864e-05
0.50025 0.49975 4.98864e-05 4.98864e-05
0.50025 0.49975 4.98864e-05 4.98864e-05
0.50025 0.49975 4.98864e-05 4.98864e-05
0.50025 0.49975 4.98864e-05 4.98864e-05
0.50025 0.49975 4.98864e-05 4.98864e-05
0.50025 0.49975 4.98864e-05 4.98864e-05
0.50025 0.49975 4.98864e-05 4.98864e-05
0.50025 0.49975 4.98864e-05 4.98864e-05
0.50025 0.49975 4.98864e-05 4.98864e-05
0.50025 0.49975 4.98864e-05 4.98864e-05
0.50025 0.49975 4.98864e-05 4.98864e-05
0.50025 0.49975 4.98864e-05 4.98864e-05
0.50025 0.49975 4.98864e-05 4.98864e-05
0.50025 0.49975 4.98864e-05 4.98864e-05
0.50025 0.49975 4.98864e-05 4.98864e-05
0.50025 0.49975 4.98864e-05 4.98864e-05
0.50025 0.49975 4.98864e-05 4.98864e-05
0.50025 0.49975 4.98864e-05 4.98864e-05
0.50025 0.49975 4.98864e-05 4.98864e-05
0.50025 0.49975 4.98864e-05 4.98864e-05
0.50025 0.49975 4.98864e-05 4.98864e-05
0.50025 0.49975 4.98864e-05 4.98864e-05
0.50025 0.49975 4.98864e-05 4.98864e-05
0.50025 0.49975 4.98864e-05 4.98864e-05
0.50025 0.49975 4.98864e-05 4.98864e-05
0.50025 0.49975 4.98864e-05 4.98864e-05
0.50025 0.49975 4.98864e-05 4.98864e-05
0.50025 0.49975 4.98864e-05 4.98864e-05
0.50025 0.49975 4.98864e-05 4.98864e-05
0.50025 0.49975 4.98864e-05 4.98864e-05
0.50025 0.49975 4.98864e-05 4.98864e-05
0.50025 0.49975 4.98864e-05 4.98864e-05
0.50025 0.49975 4.98864e-05 4.98864e-05
0.50025 0.49975 4.98864e-05 4.98864e-05
0.50025 0.49975 4.98864e-05 4.98864e-05
0.50025 0.49975 4.98864e-05 4.98864e-05
0.50025 0.49975 4.98864e-05 4.98864e-05
0.50025 0.49975 4.98864e-05 4.98864e-05
0.50025 0.49975 4.98864e-05 4.98864e-05
0.50025 0.49975 4.98864e-05 4.98864e-05
0.50025 0.49975 4.98864e-05 4.98864e-05
0.50025 0.49975 4.98864e-05 4.98864e-05
0.50025 0.49975 4.98864e-05 4.98864e-05
0.50025 0.49975 4.98864e-05 4.98864e-05
0.50025 0.49975 4.98864e-05 4.98864e-05
0.50025 0.49975 4.98864e-05 4.98864e-05
0.50025 0.49975 4.98864e-05 4.98864e-05
0.50025 0.49975 4.98864e-05 4.98864e-05
0.50025 0.49975 4.98864e-05 4.98864e-05
0.50025 0.49975 4.98864e-05 4.98864e-05
0.50025 0.49975 4.98864e-05 4.98864e-05
0.50025 0.49975 4.98864e-05 4.98864e-05
0.50025 0.49975 4.98864e-05 4.98864e-05
0.50025 0.49975 4.98864e-05 4.98864e-05
0.50025 0.49975 4.98864e-05 4.98864e-05
0.50025 0.49975 4.98864e-05 4.98864e-05
0.50025 0.49975 4.98864e-05 4.98864e-05
0.50025 0.49975 4.98864e-05 4.98864e-05
0.50025 0.49975 4.98864e-05 4.98864e-05
0.50025 0.49975 4.98864e-05 4.98864e-05
0.50025 0.49975 4.98864e-05 4.98864e-05
0.50025 0.49975 4.98864e-05 4.98864e-05
0.50025 0.49975 4.98864e-05 4.98864e-05
0.50025 0.49975 4.98864e-05 4.98864e-05
0.50025 0.49975 4.98864e-05 4.98864e-05
0.50025 0.49975 4.98864e-05 4.98864e-05
0.50025 0.49975 4.98864e-05 4.98864e-05
0.50025 0.49975 4.98864e-05 4.98864e-05
0.50025 0.49975 4.98864e-05 4.98864e-05
0.50025 0.49975 4.98864e-05 4.98864e-05
0.50025 0.49975 4.98864e-05 4.98864e-05
0.50025 0.49975 4.98864e-05 4.98864e-05
0.50025 0.49975 4.98864e-05 4.98864e-05
0.50025 0.49975 4.98864e-05 4.98864e-05
0.50025 0.49975 4.98864e-05 4.98864e-05
0.50025 0.49975 4.98864e-05 4.98864e-05
0.50025 0.49975 4.98864e-05 4.98864e-05
0.50025 0.49975 4.98864e-05 4.98864e-05
0.50025 0.49975 4.98864e-05 4.98864e-05
0.50025 0.49975 4.98864e-05 4.98864e-05
0.50025 0.49975 4.98864e-05 4.98864e-05
0.50025 0.49975 4.98864e-05 4.98864e-05
0.50025 0.49975 4.98864e-05 4.98864e-05
0.50025 0.49975 4.98864e-05 4.98864e-05
0.50025 0.49975 4.98864e-05 4.98864e-05
0.50025 0.49975 4.98864e-05 4.98864e-05
0.50025 0.49975 4.98864e-05 4.98864e-05
0.50025 0.49975 4.98864e-05 4.98864e-05
0.50025 0.49975 4.98864e-05 4.98864e-05
0.50025 0.49975 4.98864e-05 4.98864e-05
0.50025 0.49975 4.98864e-05 4.98864e-05
0.50025 0.49975 4.98864e-05 4.98864e-05
0.50025 0.49975 4.98864e-05 4.98864e-05
0.50025 0.49975 4.98864e-05 4.98864e-05
0.50025 0.49975 4.98864e-05 4.98864e-05
0.50025 0.49975 4.98864e-05 4.98864e-05
0.50025 0.49975 4.98864e-05 4.98864e-05
0.50025 0.49975 4.98864e-05 4.98864e-05
0.50025 0.49975 4.98864e-05 4.98864e-05
0.50025 0.49975 4.98864e-05 4.98864e-05
0.50025 0.49975 4.98864e-05 4.98864e-05
0.50025 0.49975 4.98864e-05 4.98864e-05
0.50025 0.49975 4.98864e-05 4.98864e-05
0.50025 0.49975 4.98864e-05 4.98864e-05
0.50025 0.49975 4.98864e-05 4.98864e-05
0.50025 0.49975 4.98864e-05 4.98864e-05
0.50025 0.49975 4.98864e-05 4.98864e-05
0.50025 0.49975 4.98864e-05 4.98864e-05
0.50025 0.49975 4.98864e-05 4.98864e-05
0.50025 0.49975 4.98864e-05 4.98864e-05
0.50025 0.49975 4.98864e-05 4.98864e-05
0.50025 0.49975 4.98864e-05 4.98864e-05
0.50025 0.49975 4.98864e-05 4.98864e-05
0.50025 0.49975 4.98864e-05 4.98864e-05
0.50025 0.49975 4.98864e-05 4.98864e-05
0.50025 0.49975 4.98864e-05 4.98864e-05
0.50025 0.49975 4.98864e-05 4.98864e-05
0.50025 0.49975 4.98864e-05 4.98864e-05
0.50025 0.49975 4.98864e-05 4.98864e-05
0.50025 0.49975 4.98864e-05 4.98864e-05
0.50025 0.49975 4.98864e-05 4.98864e-05
0.50025 0.49975 4.98864e-05 4.98864e-05
