0.4983 0.5017 5.37273e-05 5.37273e-05
0.49625 0.50375 0.00016322 0.00016322
0.49575 0.50425 0.00027328 0.00027328
0.49483 0.50517 0.000415738 0.000415738
0.49404 0.50596 0.000539938 0.000539938
0.49421 0.50579 0.000601844 0.000601844
0.49338 0.50662 0.000720602 0.000720602
0.492 0.508 0.000823354 0.000823354
0.49119 0.50881 0.000957428 0.000957428
0.49062 0.50938 0.00110842 0.00110842
0.49078 0.50922 0.00121223 0.00121223
0.48972 0.51028 0.00131327 0.00131327
0.48936 0.51064 0.00139916 0.00139916
0.48837 0.51163 0.00151147 0.00151147
0.48803 0.51197 0.00160502 0.00160502
0.48823 0.51177 0.00165278 0.00165278
0.48812 0.51188 0.0016897 0.0016897
0.48791 0.51209 0.00173857 0.00173857
0.48774 0.51226 0.00183763 0.00183763
0.4874 0.5126 0.00189517 0.00189517
0.48766 0.51234 0.00197213 0.00197213
0.48772 0.51228 0.00200283 0.00200283
0.48753 0.51247 0.0020774 0.0020774
0.48712 0.51288 0.00215358 0.00215358
0.48691 0.51309 0.0022114 0.0022114
0.48678 0.51322 0.00227288 0.00227288
0.48701 0.51299 0.00232625 0.00232625
0.48743 0.51257 0.00235758 0.00235758
0.48736 0.51264 0.00243076 0.00243076
0.48675 0.51325 0.00248037 0.00248037
0.4869 0.5131 0.00251229 0.00251229
0.48623 0.51377 0.00257175 0.00257175
0.48628 0.51372 0.00259263 0.00259263
0.48621 0.51379 0.00260568 0.00260568
0.48628 0.51372 0.00263602 0.00263602
0.48578 0.51422 0.00262244 0.00262244
0.48561 0.51439 0.00262493 0.00262493
0.48554 0.51446 0.00262857 0.00262857
0.4853 0.5147 0.00266571 0.00266571
0.48518 0.51482 0.00267409 0.00267409
0.48518 0.51482 0.0026748 0.0026748
0.48506 0.51494 0.00269385 0.00269385
0.48505 0.51495 0.00269203 0.00269203
0.48533 0.51467 0.00267501 0.00267501
0.4851 0.5149 0.00267775 0.00267775
0.48511 0.51489 0.00270572 0.00270572
0.48503 0.51497 0.00272569 0.00272569
0.48491 0.51509 0.00273412 0.00273412
0.48477 0.51523 0.00272048 0.00272048
0.48482 0.51518 0.00271983 0.00271983
0.48481 0.51519 0.00271894 0.00271894
0.48468 0.51532 0.00274479 0.00274479
0.48458 0.51542 0.00275138 0.00275138
0.48431 0.51569 0.00278169 0.00278169
0.48402 0.51598 0.00279788 0.00279788
0.4842 0.5158 0.00279248 0.00279248
0.48425 0.51575 0.00282168 0.00282168
0.4842 0.5158 0.00284651 0.00284651
0.48418 0.51582 0.00286855 0.00286855
0.48421 0.51579 0.00286405 0.00286405
0.48419 0.51581 0.00287504 0.00287504
0.48399 0.51601 0.00288043 0.00288043
0.48382 0.51618 0.00288253 0.00288253
0.48372 0.51628 0.00288584 0.00288584
0.48373 0.51627 0.0028983 0.0028983
0.48373 0.51627 0.00289691 0.00289691
0.48369 0.51631 0.00288306 0.00288306
0.4836 0.5164 0.00287655 0.00287655
0.48353 0.51647 0.00288603 0.00288603
0.48357 0.51643 0.00288946 0.00288946
0.48357 0.51643 0.00289358 0.00289358
0.48352 0.51648 0.00289807 0.00289807
0.48352 0.51648 0.00290853 0.00290853
0.48364 0.51636 0.00289387 0.00289387
0.48375 0.51625 0.00288732 0.00288732
0.4837 0.5163 0.00290292 0.00290292
0.48362 0.51638 0.00290977 0.00290977
0.48353 0.51647 0.00291995 0.00291995
0.48352 0.51648 0.00291068 0.00291068
0.48345 0.51655 0.00291263 0.00291263
0.48346 0.51654 0.00291177 0.00291177
0.48337 0.51663 0.00290575 0.00290575
0.48341 0.51659 0.00291063 0.00291063
0.48347 0.51653 0.00291817 0.00291817
0.48352 0.51648 0.00291621 0.00291621
0.48344 0.51656 0.00292253 0.00292253
0.48346 0.51654 0.00292126 0.00292126
0.48351 0.51649 0.00292466 0.00292466
0.48352 0.51648 0.00292516 0.00292516
0.48353 0.51647 0.00292639 0.00292639
0.48352 0.51648 0.00292298 0.00292298
0.48351 0.51649 0.00292231 0.00292231
0.48359 0.51641 0.00292433 0.00292433
0.48363 0.51637 0.00292529 0.00292529
0.48356 0.51644 0.00292417 0.00292417
0.48352 0.51648 0.00292611 0.00292611
0.48352 0.51648 0.00292603 0.00292603
0.48353 0.51647 0.00293809 0.00293809
0.48351 0.51649 0.00293827 0.00293827
0.48351 0.51649 0.00293886 0.00293886
0.48338 0.51662 0.00292973 0.00292973
0.48344 0.51656 0.00292787 0.00292787
0.48342 0.51658 0.00293075 0.00293075
0.48343 0.51657 0.00293318 0.00293318
0.48338 0.51662 0.00293571 0.00293571
0.48339 0.51661 0.00293442 0.00293442
0.48341 0.51659 0.00293954 0.00293954
0.48343 0.51657 0.00294532 0.00294532
0.48347 0.51653 0.0029408 0.0029408
0.48347 0.51653 0.00293514 0.00293514
0.48351 0.51649 0.00293296 0.00293296
0.48348 0.51652 0.00293316 0.00293316
0.48345 0.51655 0.00293556 0.00293556
0.48346 0.51654 0.00293391 0.00293391
0.48348 0.51652 0.00293714 0.00293714
0.48345 0.51655 0.00293221 0.00293221
0.48346 0.51654 0.00293712 0.00293712
0.48349 0.51651 0.0029326 0.0029326
0.4835 0.5165 0.00293294 0.00293294
0.48351 0.51649 0.00293435 0.00293435
0.48354 0.51646 0.00293617 0.00293617
0.48353 0.51647 0.002933 0.002933
0.48353 0.51647 0.00293484 0.00293484
0.48354 0.51646 0.00293785 0.00293785
0.48352 0.51648 0.00293845 0.00293845
0.48349 0.51651 0.00293789 0.00293789
0.48347 0.51653 0.00293787 0.00293787
0.48347 0.51653 0.00293716 0.00293716
0.48349 0.51651 0.00293637 0.00293637
0.48349 0.51651 0.00293728 0.00293728
0.48348 0.51652 0.00293587 0.00293587
0.48347 0.51653 0.00293573 0.00293573
0.48346 0.51654 0.00293463 0.00293463
0.48346 0.51654 0.00292904 0.00292904
0.48345 0.51655 0.00292783 0.00292783
0.48346 0.51654 0.00292829 0.00292829
0.48347 0.51653 0.00292928 0.00292928
0.48349 0.51651 0.00292829 0.00292829
0.48349 0.51651 0.00292829 0.00292829
0.4835 0.5165 0.00292801 0.00292801
0.48351 0.51649 0.00293035 0.00293035
0.48351 0.51649 0.0029308 0.0029308
0.48351 0.51649 0.00293189 0.00293189
0.4835 0.5165 0.00293136 0.00293136
0.48349 0.51651 0.00293363 0.00293363
0.48349 0.51651 0.00293468 0.00293468
0.48346 0.51654 0.00293425 0.00293425
0.48346 0.51654 0.00293425 0.00293425
0.48345 0.51655 0.00293451 0.00293451
0.48346 0.51654 0.00293492 0.00293492
0.48345 0.51655 0.00293645 0.00293645
0.48345 0.51655 0.00293534 0.00293534
0.48344 0.51656 0.00293714 0.00293714
0.48346 0.51654 0.00293815 0.00293815
0.48346 0.51654 0.00293839 0.00293839
0.48344 0.51656 0.0029373 0.0029373
0.48343 0.51657 0.00293893 0.00293893
0.48346 0.51654 0.00293863 0.00293863
0.48345 0.51655 0.0029372 0.0029372
0.48347 0.51653 0.00293619 0.00293619
0.48348 0.51652 0.00293641 0.00293641
0.48349 0.51651 0.00293698 0.00293698
0.4835 0.5165 0.00293938 0.00293938
0.4835 0.5165 0.00293938 0.00293938
0.48349 0.51651 0.00293882 0.00293882
0.48347 0.51653 0.00293797 0.00293797
0.48345 0.51655 0.00293544 0.00293544
0.48344 0.51656 0.0029357 0.0029357
0.48345 0.51655 0.00293478 0.00293478
0.48348 0.51652 0.00293724 0.00293724
0.48348 0.51652 0.00293724 0.00293724
0.48349 0.51651 0.00293789 0.00293789
0.48349 0.51651 0.00293789 0.00293789
0.48347 0.51653 0.0029366 0.0029366
0.48347 0.51653 0.0029366 0.0029366
0.48347 0.51653 0.0029366 0.0029366
0.48347 0.51653 0.0029366 0.0029366
0.48345 0.51655 0.00293698 0.00293698
0.48346 0.51654 0.00293754 0.00293754
0.48348 0.51652 0.00293932 0.00293932
0.48349 0.51651 0.00293997 0.00293997
0.48349 0.51651 0.00293997 0.00293997
0.48349 0.51651 0.00293997 0.00293997
0.48349 0.51651 0.00293997 0.00293997
0.48348 0.51652 0.00293952 0.00293952
0.48348 0.51652 0.00293952 0.00293952
0.48348 0.51652 0.00293952 0.00293952
0.48349 0.51651 0.00293997 0.00293997
0.4835 0.5165 0.00294132 0.00294132
0.4835 0.5165 0.00294128 0.00294128
0.4835 0.5165 0.00294128 0.00294128
0.4835 0.5165 0.00294128 0.00294128
0.48348 0.51652 0.00294041 0.00294041
0.48348 0.51652 0.00294041 0.00294041
0.48347 0.51653 0.00293977 0.00293977
0.48347 0.51653 0.00293995 0.00293995
0.48347 0.51653 0.00293995 0.00293995
0.48347 0.51653 0.00294292 0.00294292
0.48346 0.51654 0.00294211 0.00294211
0.48346 0.51654 0.00294211 0.00294211
0.48346 0.51654 0.00294211 0.00294211
0.48346 0.51654 0.00294211 0.00294211
0.48345 0.51655 0.0029413 0.0029413
0.48345 0.51655 0.0029413 0.0029413
0.48345 0.51655 0.0029413 0.0029413
0.48345 0.51655 0.0029413 0.0029413
0.48345 0.51655 0.0029413 0.0029413
0.48345 0.51655 0.00294362 0.00294362
0.48346 0.51654 0.00294211 0.00294211
0.48346 0.51654 0.00294211 0.00294211
0.48347 0.51653 0.00294292 0.00294292
0.48347 0.51653 0.00294292 0.00294292
0.48347 0.51653 0.00294292 0.00294292
0.48346 0.51654 0.0029432 0.0029432
0.48347 0.51653 0.00294292 0.00294292
0.48347 0.51653 0.00294292 0.00294292
0.48347 0.51653 0.00294292 0.00294292
0.48347 0.51653 0.00294292 0.00294292
0.48349 0.51651 0.00294112 0.00294112
0.48348 0.51652 0.00294266 0.00294266
0.48348 0.51652 0.00294266 0.00294266
0.48348 0.51652 0.00294266 0.00294266
0.48348 0.51652 0.00294266 0.00294266
0.48348 0.51652 0.00294266 0.00294266
0.48348 0.51652 0.00294266 0.00294266
0.48348 0.51652 0.00294266 0.00294266
0.48348 0.51652 0.00294266 0.00294266
0.48347 0.51653 0.00294292 0.00294292
0.48347 0.51653 0.00294292 0.00294292
0.48347 0.51653 0.00294292 0.00294292
0.48347 0.51653 0.00294292 0.00294292
0.48347 0.51653 0.00294292 0.00294292
0.48347 0.51653 0.00294292 0.00294292
0.48347 0.51653 0.00294292 0.00294292
0.48347 0.51653 0.00294292 0.00294292
0.48347 0.51653 0.00294292 0.00294292
0.48347 0.51653 0.00294292 0.00294292
0.48347 0.51653 0.00294292 0.00294292
0.48346 0.51654 0.00294201 0.00294201
0.48346 0.51654 0.00294201 0.00294201
0.48346 0.51654 0.00294201 0.00294201
0.48346 0.51654 0.00294201 0.00294201
0.48346 0.51654 0.00294201 0.00294201
0.48346 0.51654 0.00294201 0.00294201
0.48346 0.51654 0.00294201 0.00294201
0.48345 0.51655 0.00294138 0.00294138
0.48345 0.51655 0.00294138 0.00294138
0.48345 0.51655 0.00294138 0.00294138
0.48345 0.51655 0.00294138 0.00294138
0.48346 0.51654 0.00294201 0.00294201
0.48346 0.51654 0.00294201 0.00294201
0.48345 0.51655 0.0029412 0.0029412
0.48345 0.51655 0.0029412 0.0029412
0.48345 0.51655 0.0029412 0.0029412
0.48345 0.51655 0.0029412 0.0029412
0.48345 0.51655 0.0029412 0.0029412
0.48345 0.51655 0.0029412 0.0029412
0.48344 0.51656 0.00294057 0.00294057
0.48344 0.51656 0.00294057 0.00294057
0.48344 0.51656 0.00294057 0.00294057
0.48344 0.51656 0.00294057 0.00294057
0.48343 0.51657 0.00294005 0.00294005
0.48343 0.51657 0.00294005 0.00294005
0.48343 0.51657 0.00294005 0.00294005
0.48343 0.51657 0.00294005 0.00294005
0.48343 0.51657 0.00294005 0.00294005
0.48343 0.51657 0.00294005 0.00294005
0.48343 0.51657 0.00294005 0.00294005
0.48343 0.51657 0.00294005 0.00294005
0.48343 0.51657 0.00294005 0.00294005
0.48343 0.51657 0.00294005 0.00294005
0.48343 0.51657 0.00294005 0.00294005
0.48343 0.51657 0.00294005 0.00294005
0.48343 0.51657 0.00294005 0.00294005
0.48343 0.51657 0.00294005 0.00294005
0.48343 0.51657 0.00294005 0.00294005
0.48343 0.51657 0.00294005 0.00294005
0.48343 0.51657 0.00294005 0.00294005
0.48343 0.51657 0.00294005 0.00294005
0.48343 0.51657 0.00294005 0.00294005
0.48343 0.51657 0.00294005 0.00294005
0.48343 0.51657 0.00294005 0.00294005
0.48343 0.51657 0.00294005 0.00294005
0.48343 0.51657 0.00294005 0.00294005
0.48342 0.51658 0.00293984 0.00293984
0.48342 0.51658 0.00293984 0.00293984
0.48342 0.51658 0.00293984 0.00293984
0.48342 0.51658 0.00293984 0.00293984
0.48343 0.51657 0.00293831 0.00293831
0.48343 0.51657 0.00293831 0.00293831
0.48343 0.51657 0.00293831 0.00293831
0.48343 0.51657 0.00293831 0.00293831
0.48343 0.51657 0.00293831 0.00293831
0.48343 0.51657 0.00293831 0.00293831
0.48341 0.51659 0.00294136 0.00294136
0.48341 0.51659 0.00294136 0.00294136
0.48341 0.51659 0.00294136 0.00294136
0.48341 0.51659 0.00294136 0.00294136
0.4834 0.5166 0.00294234 0.00294234
0.4834 0.5166 0.00294234 0.00294234
0.4834 0.5166 0.00294234 0.00294234
0.48341 0.51659 0.00294136 0.00294136
0.48342 0.51658 0.00293984 0.00293984
0.48342 0.51658 0.00293984 0.00293984
0.48342 0.51658 0.00293984 0.00293984
0.48343 0.51657 0.00293831 0.00293831
0.48343 0.51657 0.00293831 0.00293831
0.48343 0.51657 0.00293831 0.00293831
0.48343 0.51657 0.00293831 0.00293831
0.48343 0.51657 0.00293831 0.00293831
0.48343 0.51657 0.00293831 0.00293831
0.48343 0.51657 0.00293831 0.00293831
0.48344 0.51656 0.00293881 0.00293881
0.48344 0.51656 0.00293881 0.00293881
0.48344 0.51656 0.00293881 0.00293881
0.48344 0.51656 0.00293881 0.00293881
0.48343 0.51657 0.00293831 0.00293831
0.48343 0.51657 0.00293831 0.00293831
0.48343 0.51657 0.00293831 0.00293831
0.48343 0.51657 0.00293831 0.00293831
0.48343 0.51657 0.00293831 0.00293831
0.48343 0.51657 0.00293831 0.00293831
0.48343 0.51657 0.00293831 0.00293831
0.48343 0.51657 0.00293831 0.00293831
0.48343 0.51657 0.00293831 0.00293831
0.48343 0.51657 0.00293831 0.00293831
0.48343 0.51657 0.00293831 0.00293831
0.48343 0.51657 0.00293831 0.00293831
0.48343 0.51657 0.00293831 0.00293831
0.48343 0.51657 0.00293831 0.00293831
0.48343 0.51657 0.00293831 0.00293831
0.48342 0.51658 0.0029393 0.0029393
0.48342 0.51658 0.0029393 0.0029393
0.48342 0.51658 0.0029393 0.0029393
0.48342 0.51658 0.0029393 0.0029393
0.48342 0.51658 0.0029393 0.0029393
0.48342 0.51658 0.0029393 0.0029393
0.48342 0.51658 0.0029393 0.0029393
0.48342 0.51658 0.0029393 0.0029393
0.48342 0.51658 0.0029393 0.0029393
0.48342 0.51658 0.0029393 0.0029393
0.48342 0.51658 0.0029393 0.0029393
0.48341 0.51659 0.00294081 0.00294081
0.48341 0.51659 0.00294081 0.00294081
0.48341 0.51659 0.00294081 0.00294081
0.48342 0.51658 0.0029393 0.0029393
0.48342 0.51658 0.0029393 0.0029393
0.48342 0.51658 0.0029393 0.0029393
0.48342 0.51658 0.0029393 0.0029393
0.48342 0.51658 0.0029393 0.0029393
0.48343 0.51657 0.0029398 0.0029398
0.48343 0.51657 0.0029398 0.0029398
0.48343 0.51657 0.0029398 0.0029398
0.48343 0.51657 0.0029398 0.0029398
0.48343 0.51657 0.0029398 0.0029398
0.48343 0.51657 0.0029398 0.0029398
0.48343 0.51657 0.0029398 0.0029398
0.48343 0.51657 0.0029398 0.0029398
0.48343 0.51657 0.0029398 0.0029398
0.48343 0.51657 0.0029398 0.0029398
0.48343 0.51657 0.0029398 0.0029398
0.48343 0.51657 0.0029398 0.0029398
0.48343 0.51657 0.0029398 0.0029398
0.48343 0.51657 0.0029398 0.0029398
0.48343 0.51657 0.0029398 0.0029398
0.48343 0.51657 0.0029398 0.0029398
0.48343 0.51657 0.0029398 0.0029398
0.48343 0.51657 0.0029398 0.0029398
0.48343 0.51657 0.0029398 0.0029398
0.48343 0.51657 0.0029398 0.0029398
0.48343 0.51657 0.0029398 0.0029398
0.48343 0.51657 0.0029398 0.0029398
0.48343 0.51657 0.0029398 0.0029398
0.48343 0.51657 0.0029398 0.0029398
0.48343 0.51657 0.0029398 0.0029398
0.48343 0.51657 0.0029398 0.0029398
0.48343 0.51657 0.0029398 0.0029398
0.48343 0.51657 0.0029398 0.0029398
0.48343 0.51657 0.0029398 0.0029398
0.48343 0.51657 0.0029398 0.0029398
0.48343 0.51657 0.0029398 0.0029398
0.48343 0.51657 0.0029398 0.0029398
0.48343 0.51657 0.0029398 0.0029398
0.48343 0.51657 0.0029398 0.0029398
0.48343 0.51657 0.0029398 0.0029398
0.48343 0.51657 0.0029398 0.0029398
0.48343 0.51657 0.0029398 0.0029398
0.48343 0.51657 0.0029398 0.0029398
0.48343 0.51657 0.0029398 0.0029398
0.48343 0.51657 0.0029398 0.0029398
0.48343 0.51657 0.0029398 0.0029398
0.48343 0.51657 0.0029398 0.0029398
0.48343 0.51657 0.0029398 0.0029398
0.48343 0.51657 0.0029398 0.0029398
0.48343 0.51657 0.0029398 0.0029398
0.48343 0.51657 0.0029398 0.0029398
0.48343 0.51657 0.0029398 0.0029398
0.48343 0.51657 0.0029398 0.0029398
0.48343 0.51657 0.0029398 0.0029398
0.48343 0.51657 0.0029398 0.0029398
0.48343 0.51657 0.0029398 0.0029398
0.48343 0.51657 0.0029398 0.0029398
0.48343 0.51657 0.0029398 0.0029398
0.48343 0.51657 0.0029398 0.0029398
0.48343 0.51657 0.0029398 0.0029398
0.48343 0.51657 0.0029398 0.0029398
0.48343 0.51657 0.0029398 0.0029398
0.48343 0.51657 0.0029398 0.0029398
0.48343 0.51657 0.0029398 0.0029398
0.48343 0.51657 0.0029398 0.0029398
0.48343 0.51657 0.0029398 0.0029398
0.48343 0.51657 0.0029398 0.0029398
0.48343 0.51657 0.0029398 0.0029398
0.48343 0.51657 0.0029398 0.0029398
0.48343 0.51657 0.0029398 0.0029398
0.48343 0.51657 0.0029398 0.0029398
0.48343 0.51657 0.0029398 0.0029398
0.48343 0.51657 0.0029398 0.0029398
0.48343 0.51657 0.0029398 0.0029398
0.48343 0.51657 0.0029398 0.0029398
0.48343 0.51657 0.0029398 0.0029398
0.48343 0.51657 0.0029398 0.0029398
0.48343 0.51657 0.0029398 0.0029398
0.48343 0.51657 0.0029398 0.0029398
0.48343 0.51657 0.0029398 0.0029398
0.48343 0.51657 0.0029398 0.0029398
0.48343 0.51657 0.0029398 0.0029398
0.48343 0.51657 0.0029398 0.0029398
0.48343 0.51657 0.0029398 0.0029398
0.48343 0.51657 0.0029398 0.0029398
0.48342 0.51658 0.00293899 0.00293899
0.48343 0.51657 0.0029398 0.0029398
0.48343 0.51657 0.0029398 0.0029398
0.48343 0.51657 0.0029398 0.0029398
0.48343 0.51657 0.0029398 0.0029398
0.48343 0.51657 0.0029398 0.0029398
0.48343 0.51657 0.0029398 0.0029398
0.48343 0.51657 0.0029398 0.0029398
0.48343 0.51657 0.0029398 0.0029398
0.48343 0.51657 0.0029398 0.0029398
0.48343 0.51657 0.0029398 0.0029398
0.48343 0.51657 0.0029398 0.0029398
0.48343 0.51657 0.0029398 0.0029398
0.48343 0.51657 0.0029398 0.0029398
0.48343 0.51657 0.0029398 0.0029398
0.48343 0.51657 0.0029398 0.0029398
0.48343 0.51657 0.0029398 0.0029398
0.48343 0.51657 0.0029398 0.0029398
0.48343 0.51657 0.0029398 0.0029398
0.48343 0.51657 0.0029398 0.0029398
0.48343 0.51657 0.0029398 0.0029398
0.48343 0.51657 0.0029398 0.0029398
0.48343 0.51657 0.0029398 0.0029398
0.48343 0.51657 0.0029398 0.0029398
0.48343 0.51657 0.0029398 0.0029398
0.48343 0.51657 0.0029398 0.0029398
0.48343 0.51657 0.0029398 0.0029398
0.48343 0.51657 0.0029398 0.0029398
0.48343 0.51657 0.0029398 0.0029398
0.48343 0.51657 0.0029398 0.0029398
0.48343 0.51657 0.0029398 0.0029398
0.48343 0.51657 0.0029398 0.0029398
0.48343 0.51657 0.0029398 0.0029398
0.48343 0.51657 0.0029398 0.0029398
0.48343 0.51657 0.0029398 0.0029398
0.48343 0.51657 0.0029398 0.0029398
0.48343 0.51657 0.0029398 0.0029398
0.48343 0.51657 0.0029398 0.0029398
0.48343 0.51657 0.0029398 0.0029398
0.48344 0.51656 0.00293831 0.00293831
0.48344 0.51656 0.00293831 0.00293831
0.48344 0.51656 0.00293831 0.00293831
0.48344 0.51656 0.00293831 0.00293831
0.48344 0.51656 0.00293831 0.00293831
0.48344 0.51656 0.00293831 0.00293831
0.48344 0.51656 0.00293831 0.00293831
0.48344 0.51656 0.00293831 0.00293831
0.48344 0.51656 0.00293831 0.00293831
0.48344 0.51656 0.00293831 0.00293831
0.48344 0.51656 0.00293831 0.00293831
0.48344 0.51656 0.00293831 0.00293831
0.48344 0.51656 0.00293831 0.00293831
0.48344 0.51656 0.00293831 0.00293831
0.48344 0.51656 0.00293831 0.00293831
0.48344 0.51656 0.00293831 0.00293831
0.48344 0.51656 0.00293831 0.00293831
0.48343 0.51657 0.0029398 0.0029398
0.48344 0.51656 0.00293831 0.00293831
0.48344 0.51656 0.00293831 0.00293831
0.48344 0.51656 0.00293831 0.00293831
0.48344 0.51656 0.00293831 0.00293831
0.48344 0.51656 0.00293831 0.00293831
0.48344 0.51656 0.00293831 0.00293831
0.48344 0.51656 0.00293831 0.00293831
0.48344 0.51656 0.00293831 0.00293831
0.48344 0.51656 0.00293831 0.00293831
0.48344 0.51656 0.00293831 0.00293831
0.48344 0.51656 0.00293831 0.00293831
0.48343 0.51657 0.0029398 0.0029398
0.48343 0.51657 0.0029398 0.0029398
