5 6 4 3
4 4 5 4
5 7 7 8
9 5 11 6
3 4 3 4
5 7 8 8
4 4 6 5
1 8 2 10
2 5 5 7
5 4 6 6
3 6 10 13
7 6 9 6
4 4 5 8
8 2 10 5
6 0 7 0
3 3 2 5
4 3 4 4
5 2 4 3
5 2 6 4
4 6 4 5
4 6 8 7
6 8 9 7
5 6 5 6
8 8 10 7
2 6 2 7
8 8 9 5
6 9 6 9
4 7 3 9
3 7 8 7
4 8 3 6
8 6 9 8
8 8 10 8
6 14 9 13
4 10 5 11
10 10 8 8
5 7 7 10
9 8 8 12
7 5 9 7
16 5 15 7
8 8 10 8
0 5 1 4
7 6 7 5
2 3 5 2
7 5 9 7
8 5 14 5
8 2 11 4
7 0 11 2
11 5 12 8
2 5 5 9
3 6 8 7
9 3 10 8
8 6 8 6
5 8 5 14
6 7 5 8
7 8 12 11
10 7 8 8
9 12 9 14
9 7 10 6
7 8 6 12
5 6 5 5
6 8 8 12
11 6 14 7
3 5 6 6
11 9 15 7
3 7 4 8
5 7 5 7
6 4 5 6
9 7 9 9
7 2 8 3
4 5 6 6
8 8 11 10
5 3 6 3
5 6 5 8
7 9 9 10
3 6 3 12
10 6 11 8
7 8 7 9
11 4 10 5
2 0 3 1
3 6 4 6
2 12 3 12
8 5 7 7
8 5 11 11
2 5 2 10
6 7 5 10
10 8 12 11
4 7 7 11
10 4 12 4
6 6 7 5
4 7 6 10
2 6 9 6
7 5 7 6
3 7 5 10
2 6 4 8
9 7 11 5
5 1 8 6
8 9 7 7
6 5 7 8
6 4 11 4
4 4 4 9
