1 1 405 95
2 0 738 43
2 3 832 22
6 0 927 13
0 0 927 12
3 2 960 4
2 7 1000 0
1 0 1000 0
6 1 1000 0
1 0 1000 0
0 2 415 131
0 0 472 106
0 0 606 65
1 0 764 45
0 0 840 22
1 0 914 7
0 2 960 0
1 0 1000 0
0 0 1000 0
0 0 1000 0
2 2 159 275
0 0 118 404
0 0 89 491
3 0 68 595
2 0 54 632
1 0 31 717
1 4 18 798
2 0 15 833
0 0 5 913
1 1 5 912
2 1 162 340
0 0 145 398
0 0 142 432
0 1 127 450
1 1 100 566
0 1 78 619
1 2 62 674
0 0 48 724
1 0 30 793
0 0 20 871
0 2 134 369
0 1 140 376
1 1 102 509
2 1 80 589
3 0 94 577
0 4 79 619
2 1 71 638
1 1 64 690
0 1 49 735
0 1 28 808
1 1 331 143
2 0 474 132
0 1 569 101
1 2 630 85
0 1 668 73
0 2 681 69
2 1 684 65
0 0 725 57
3 0 797 44
1 0 821 44
0 0 240 291
0 3 217 337
0 2 197 362
2 2 202 377
1 0 197 385
2 3 189 402
0 0 189 411
3 10 174 435
0 2 172 440
2 0 169 454
1 0 134 402
5 2 73 585
2 0 42 716
3 1 37 726
2 0 19 802
0 0 15 916
1 0 11 937
1 2 5 958
0 1 0 973
0 0 0 1000
2 0 327 131
2 3 368 135
1 0 451 95
0 0 558 76
0 6 624 62
1 0 709 49
0 0 758 37
0 1 912 7
0 1 926 4
1 0 1000 0
5 2 221 276
0 1 196 337
0 0 211 335
2 0 221 329
2 0 206 345
0 1 206 344
0 3 197 354
5 0 214 340
2 1 206 378
2 2 196 391
