0 0 211 282
1 2 218 320
0 2 247 296
0 2 240 343
1 4 278 332
0 1 263 367
9 3 257 372
1 1 263 377
3 3 266 371
1 1 298 346
3 0 333 198
0 1 376 204
1 1 398 206
10 4 415 201
1 4 459 187
1 0 466 178
2 0 490 165
0 2 507 158
0 2 548 132
0 0 528 149
0 2 246 202
0 1 338 170
2 0 390 166
2 0 394 178
5 1 394 184
0 0 398 207
2 0 380 223
6 4 394 222
1 2 400 224
2 1 388 232
2 1 275 284
7 1 358 291
0 0 380 286
8 4 378 293
0 0 389 285
1 4 395 286
2 6 395 297
2 1 383 300
0 2 366 337
0 0 375 322
4 4 273 249
0 1 280 248
2 0 272 250
1 0 290 242
1 1 301 264
0 2 300 316
3 3 290 332
2 4 287 336
4 4 308 321
3 0 300 335
3 0 306 296
5 0 331 286
0 1 332 311
0 0 348 298
3 0 352 323
4 0 367 304
3 3 372 299
2 1 373 307
1 1 386 305
0 2 391 294
6 2 293 235
0 1 368 243
0 2 413 243
1 2 427 241
2 1 419 242
3 0 410 256
0 5 394 272
3 1 388 308
3 1 375 315
1 0 374 312
2 2 263 246
2 0 270 322
0 3 258 333
1 0 288 329
1 0 309 306
2 0 299 305
1 4 305 305
3 1 294 313
2 4 277 337
0 0 273 343
2 1 246 226
2 1 292 250
4 0 305 260
0 0 321 255
3 2 343 244
3 1 381 228
4 1 390 254
4 1 410 240
10 0 442 229
2 0 463 212
2 2 326 192
3 2 325 236
4 4 368 217
1 1 410 200
1 0 409 200
0 0 422 205
3 1 427 205
0 1 433 200
1 0 425 209
0 4 498 184
