1 5 4 7
6 8 5 10
5 8 2 11
7 7 8 10
5 9 11 10
3 6 3 11
5 5 7 7
5 9 6 13
3 8 4 12
5 5 6 7
3 5 8 9
7 7 10 9
7 5 8 7
4 3 5 5
7 7 7 8
3 10 2 11
2 3 2 6
7 6 11 8
7 8 9 6
2 4 4 8
7 9 10 10
5 7 7 9
12 5 13 8
7 5 11 7
3 12 5 13
6 6 5 9
12 13 13 15
3 13 5 14
9 2 12 3
9 2 15 6
7 8 4 10
7 2 8 4
6 4 8 4
7 8 9 12
7 3 8 5
9 8 12 7
11 4 13 6
6 9 12 12
10 6 16 9
8 7 7 8
12 8 14 11
9 11 12 14
14 11 17 9
4 7 6 8
6 3 9 8
8 7 11 10
11 11 8 13
7 6 9 8
14 8 15 9
4 10 8 12
7 7 8 8
7 8 9 9
11 7 14 7
6 6 9 11
4 6 7 7
6 9 7 13
7 3 8 4
6 9 9 11
3 8 4 13
8 9 8 10
9 6 11 10
9 10 10 8
8 6 7 8
12 5 15 5
5 5 4 6
6 8 6 11
7 5 5 6
8 6 11 8
9 10 16 12
6 4 7 5
6 11 13 8
6 7 10 4
13 12 13 11
7 5 8 5
11 5 8 5
7 10 9 8
9 4 15 5
9 6 11 8
11 5 10 5
8 8 10 10
5 5 10 13
5 6 7 5
4 4 5 6
5 9 8 13
4 10 8 11
6 6 6 6
8 6 9 9
7 2 7 4
8 6 9 7
3 9 2 11
7 3 12 6
1 6 5 6
6 6 6 5
6 6 10 9
6 10 6 10
4 7 7 8
5 6 9 7
9 5 15 4
6 4 14 4
6 9 7 11
