5 2 303 301
8 7 303 301
9 4 303 301
4 2 305 298
3 6 303 301
7 5 303 301
1 2 303 301
5 4 303 301
4 3 303 301
7 2 303 301
3 5 325 317
7 4 323 318
8 2 325 317
5 2 325 317
4 3 324 318
3 4 323 319
5 4 325 317
8 8 325 317
4 6 322 319
6 2 326 313
3 3 81 649
11 6 82 648
6 1 82 648
7 5 82 648
4 5 82 648
7 5 82 648
1 4 82 648
4 8 81 649
5 1 82 648
5 6 82 648
5 2 212 393
4 3 206 398
4 5 208 396
5 3 207 396
0 3 211 393
3 5 210 395
5 3 211 393
4 8 210 393
5 4 210 394
11 3 208 396
3 5 403 226
5 4 409 224
8 9 409 224
4 4 409 224
4 2 409 224
7 1 409 224
3 6 409 224
4 7 409 224
6 7 409 224
8 3 409 224
6 2 419 223
6 6 419 223
5 4 419 223
6 7 419 223
9 8 415 224
4 4 419 223
4 7 412 224
4 4 417 224
4 8 417 223
8 4 419 223
6 3 289 295
5 7 296 293
3 5 296 293
2 6 296 293
3 7 296 293
11 4 292 297
9 8 294 294
3 7 294 294
5 4 296 293
3 6 289 296
5 5 400 200
5 2 394 204
3 4 397 203
4 5 399 200
11 9 399 198
3 5 397 203
8 4 399 200
5 5 397 202
8 3 399 201
3 2 394 203
3 3 231 416
6 1 227 421
8 3 231 416
6 8 228 417
2 3 231 416
5 2 231 416
3 2 226 418
5 3 231 416
5 8 226 418
5 0 227 421
5 9 387 202
3 3 387 202
9 6 387 202
3 4 388 201
4 3 387 202
3 7 387 202
6 5 387 202
4 2 387 202
9 2 388 201
5 4 388 201
