7 7 0 199
7 5 0 1000
7 8 0 1000
5 4 0 1000
6 7 0 1000
7 4 0 1000
8 8 0 1000
6 4 0 1000
3 12 0 1000
7 10 0 1000
4 10 2 99
4 4 0 1000
3 7 0 1000
11 5 0 1000
6 8 0 1000
6 8 0 1000
9 4 0 1000
4 10 0 1000
7 7 0 1000
6 10 0 1000
9 2 0 527
9 11 0 1000
6 9 0 1000
10 6 0 1000
8 7 0 1000
12 8 0 1000
4 7 0 1000
5 13 0 1000
5 8 0 1000
11 3 0 1000
10 13 21 10
8 3 226 0
11 6 1000 0
7 11 1000 0
9 7 1000 0
9 4 1000 0
5 8 1000 0
11 5 1000 0
12 9 1000 0
9 4 1000 0
3 8 74 10
6 6 1000 0
7 4 1000 0
7 10 1000 0
6 9 1000 0
4 6 1000 0
10 9 1000 0
9 3 1000 0
5 8 1000 0
6 9 1000 0
3 8 42 7
9 5 1000 0
2 5 1000 0
7 4 1000 0
6 5 1000 0
6 6 1000 0
9 6 1000 0
8 7 1000 0
8 5 1000 0
6 6 1000 0
5 8 19 11
7 10 238 4
9 4 1000 0
9 2 1000 0
5 6 1000 0
10 3 1000 0
3 9 1000 0
4 4 1000 0
8 4 1000 0
4 2 1000 0
5 4 380 0
4 10 1000 0
3 2 1000 0
8 6 1000 0
7 2 1000 0
7 7 1000 0
10 11 1000 0
7 7 1000 0
6 7 1000 0
7 10 1000 0
12 8 25 14
6 5 29 12
13 5 156 1
7 4 1000 0
6 4 1000 0
6 9 1000 0
7 6 1000 0
1 5 1000 0
3 7 1000 0
9 5 1000 0
7 5 8 37
6 8 0 640
9 5 0 1000
7 3 0 1000
7 7 0 1000
4 6 0 1000
2 7 0 1000
4 8 0 1000
2 6 0 1000
9 4 0 1000
