1 4 189 315
3 1 169 425
1 1 171 459
10 1 149 536
2 0 129 607
0 4 76 723
1 7 89 692
1 0 79 748
4 0 60 780
2 0 51 813
0 1 161 416
0 1 134 509
1 4 112 583
2 0 85 650
6 2 55 733
1 1 38 781
0 1 20 828
1 0 18 895
0 1 2 939
3 0 0 1000
5 1 325 263
2 3 361 283
2 1 375 276
2 1 388 271
2 0 403 258
2 3 445 245
0 0 422 256
2 0 431 257
2 0 437 249
5 1 435 251
0 1 244 318
3 1 231 383
0 0 214 399
0 0 208 398
0 2 243 414
0 0 233 416
0 1 247 416
1 0 211 458
2 3 213 487
4 3 203 495
5 2 340 207
1 1 361 228
0 3 356 234
2 2 362 247
0 1 372 251
4 5 401 251
3 0 399 244
2 3 391 250
2 3 427 232
1 1 415 238
1 1 409 184
3 2 486 177
1 0 505 182
3 2 497 189
0 1 472 211
6 1 487 210
3 3 504 197
1 2 471 218
0 0 495 203
0 1 471 217
3 3 234 313
2 1 237 329
1 2 241 363
1 4 223 390
2 0 189 439
1 0 192 485
2 0 186 513
2 1 171 522
0 7 156 554
2 1 145 583
1 0 362 238
0 0 383 229
1 1 413 238
3 6 421 236
0 0 418 244
3 2 436 252
1 3 468 213
1 1 499 189
1 0 515 174
2 3 528 167
2 5 297 270
2 2 333 303
2 0 333 309
2 1 363 291
3 2 351 302
4 3 347 313
0 1 365 285
1 2 389 276
3 3 392 305
0 4 403 296
5 0 303 259
2 0 370 261
1 0 409 248
1 0 372 280
0 0 384 261
1 2 379 272
2 0 410 250
0 3 400 258
1 3 409 247
1 1 391 256
