5 10 216 407
8 0 221 402
6 3 221 404
6 4 220 404
9 4 216 409
5 5 220 406
4 7 218 408
7 6 218 410
8 2 220 404
6 4 220 404
5 5 306 296
3 2 307 295
0 5 307 295
7 0 307 295
6 2 307 295
6 2 306 296
3 8 307 295
2 6 307 295
3 5 302 297
4 5 307 295
4 6 296 303
2 4 296 303
6 6 298 300
4 9 296 303
1 6 290 304
3 6 296 303
4 2 296 303
8 7 296 303
3 2 296 303
2 7 296 303
4 1 84 643
5 7 84 643
2 4 83 646
3 9 84 643
1 11 84 643
3 4 84 643
7 5 84 643
5 4 84 643
5 2 80 650
4 3 82 645
7 0 222 404
1 3 222 404
5 6 219 406
2 5 222 404
4 4 216 406
1 4 222 404
1 1 222 404
10 5 222 404
1 4 222 404
5 3 222 404
8 4 396 209
4 7 396 209
7 3 396 209
4 6 396 209
2 5 396 209
5 3 396 209
5 4 402 197
5 2 397 206
5 3 396 209
1 5 396 209
2 2 144 507
2 4 144 507
7 3 138 511
5 4 144 507
7 5 144 507
4 4 141 511
3 5 144 507
5 6 144 507
3 6 142 509
2 4 139 511
2 3 517 151
7 3 511 154
7 4 517 151
1 3 517 151
0 3 517 151
3 5 518 148
5 4 517 151
4 2 520 149
5 7 518 148
5 4 520 149
10 5 145 515
4 8 148 510
10 6 146 515
7 4 146 515
4 6 146 515
7 7 146 515
6 4 146 515
2 4 145 517
6 3 146 515
8 7 146 515
7 5 218 402
5 7 218 403
7 2 217 400
6 3 218 403
0 3 210 408
3 7 218 403
3 7 218 403
7 6 218 402
5 6 218 403
7 3 218 403
