4 4 1000 0
3 7 1000 0
5 2 1000 0
4 4 1000 0
4 7 1000 0
4 4 1000 0
4 5 1000 0
5 5 1000 0
8 5 1000 0
2 4 1000 0
4 4 0 999
10 6 0 999
8 9 0 999
4 9 0 999
8 7 0 999
6 7 0 999
7 4 0 999
6 10 0 999
7 9 0 999
10 9 0 999
9 9 0 1000
8 6 0 1000
11 8 0 1000
9 4 0 1000
9 4 0 1000
4 8 0 1000
4 7 0 1000
9 10 0 1000
7 9 0 1000
7 11 0 1000
8 8 1000 0
9 7 1000 0
7 7 1000 0
12 7 1000 0
9 3 1000 0
3 7 1000 0
6 4 1000 0
13 9 1000 0
10 6 1000 0
5 6 1000 0
4 4 1000 0
7 11 1000 0
7 10 1000 0
10 3 1000 0
5 3 1000 0
7 7 1000 0
6 7 1000 0
4 3 1000 0
6 7 1000 0
4 3 1000 0
6 10 1000 0
9 8 1000 0
9 6 1000 0
15 6 1000 0
10 7 1000 0
6 8 1000 0
5 6 1000 0
9 6 1000 0
5 4 1000 0
5 7 1000 0
5 8 0 999
2 5 0 999
6 5 0 999
5 5 0 999
6 3 0 999
6 4 0 999
6 4 0 999
8 11 0 999
4 2 0 999
6 8 0 999
6 10 0 1000
4 4 0 1000
12 10 0 1000
10 7 0 1000
7 7 0 1000
6 9 0 1000
5 7 0 1000
8 7 0 1000
8 4 0 1000
6 5 0 1000
9 5 1000 0
8 8 1000 0
10 8 1000 0
7 5 1000 0
5 11 1000 0
10 6 1000 0
3 4 1000 0
4 7 1000 0
4 7 1000 0
8 4 1000 0
5 10 0 1000
8 11 0 1000
4 9 0 1000
5 4 0 1000
2 7 0 1000
7 8 0 1000
6 4 0 1000
5 8 0 1000
5 3 0 1000
5 7 0 1000
