1 0 156 261
2 0 190 335
0 0 187 351
0 2 187 353
2 3 186 384
3 0 168 412
2 0 159 435
1 0 156 450
0 1 160 450
0 1 142 464
1 2 141 248
0 3 176 299
2 0 213 325
0 0 232 322
3 0 228 344
0 0 237 337
2 1 221 360
0 0 229 363
2 2 227 367
0 1 224 379
0 0 139 200
0 0 201 237
0 0 211 276
1 3 220 283
1 3 236 281
0 1 224 296
1 3 209 298
0 0 225 279
1 2 226 294
1 0 236 320
3 1 152 236
0 1 158 336
0 0 156 376
6 0 146 411
1 1 139 443
2 1 146 458
1 4 155 439
1 1 151 443
5 1 157 443
1 1 144 447
1 0 230 154
4 0 276 184
1 1 275 201
0 0 282 221
2 0 270 227
0 0 267 232
0 0 284 232
2 2 274 241
1 0 274 244
4 0 271 246
1 4 141 165
8 3 174 220
0 1 188 268
1 1 234 241
3 0 233 240
0 0 238 261
0 2 253 264
1 0 258 281
1 1 267 272
4 2 253 299
0 11 157 226
2 0 161 327
0 0 163 391
3 1 173 400
1 4 177 386
1 0 178 389
0 0 200 365
1 7 202 352
0 0 201 351
0 1 200 361
0 1 159 193
0 0 188 276
1 1 175 312
1 1 180 350
2 1 200 341
1 0 190 355
1 0 195 345
0 2 217 332
1 0 219 343
1 2 204 354
1 0 199 185
0 1 234 214
0 1 233 250
2 0 253 250
1 2 242 274
4 1 223 294
0 2 232 320
0 0 242 306
5 0 219 327
1 0 228 298
0 1 220 128
3 2 313 128
0 0 293 151
2 0 345 130
2 0 362 142
4 2 393 125
5 1 418 119
1 1 420 122
0 0 441 127
1 0 449 118
