3 7 225 399
4 2 225 399
4 5 225 399
4 2 220 400
3 3 225 399
3 7 225 399
6 1 225 399
5 6 217 402
5 8 225 399
5 7 225 399
5 2 313 307
4 3 311 305
6 3 311 305
7 1 314 305
1 5 311 305
2 3 311 305
5 2 313 307
4 3 314 305
6 3 311 305
1 3 310 307
2 9 395 219
2 4 399 218
2 1 399 218
3 8 399 218
3 5 402 214
5 5 403 212
9 4 399 218
1 10 399 218
3 5 399 218
2 1 399 218
3 6 529 170
4 8 533 167
8 3 533 167
4 7 535 164
7 2 533 167
5 4 533 167
1 2 538 161
4 8 538 161
3 4 533 167
7 6 533 167
4 8 413 237
7 6 416 232
4 1 413 237
3 8 413 237
5 2 413 237
4 7 413 237
12 8 416 232
0 5 413 237
13 7 413 237
3 4 413 237
4 4 315 323
3 8 315 323
7 5 315 323
1 6 315 323
5 7 315 323
4 7 315 323
2 6 315 323
3 6 312 324
3 2 315 323
3 2 315 323
3 3 510 138
4 0 510 138
9 7 510 138
4 5 510 138
7 2 510 138
6 2 510 138
2 2 510 138
2 6 510 138
6 5 512 137
6 4 510 138
3 4 304 312
6 5 305 314
4 3 306 312
3 3 305 314
6 4 306 312
5 6 306 312
2 2 306 312
1 3 305 314
6 6 305 314
4 4 305 314
8 1 413 233
2 7 413 229
4 2 413 233
2 4 412 234
2 3 415 231
2 8 411 234
4 3 413 233
9 4 413 233
4 4 413 233
4 2 413 233
5 7 198 381
4 6 194 376
3 4 199 379
1 7 202 372
6 4 197 380
4 4 199 377
7 6 198 380
1 5 196 383
5 5 198 381
2 6 198 380
