8 6 8 6
8 5 8 5
4 5 4 5
4 5 4 5
6 8 6 8
5 12 5 12
6 5 6 5
6 7 6 7
2 8 2 8
5 3 5 3
7 3 7 3
5 2 5 2
6 2 6 2
4 4 4 4
3 1 3 1
5 3 5 3
5 2 5 2
8 1 8 1
4 6 4 6
2 5 2 5
7 1 7 1
1 0 1 0
4 3 4 3
4 5 4 5
2 4 2 4
3 2 3 2
2 5 2 5
3 1 3 1
4 2 4 2
2 2 2 2
5 2 5 2
5 3 5 3
6 5 6 5
6 7 6 7
5 1 5 1
7 4 7 4
7 4 7 4
6 5 6 5
3 8 3 8
4 6 4 6
1 4 1 4
6 7 6 7
3 4 3 4
5 7 5 7
8 8 8 8
9 4 9 4
3 4 3 4
7 5 7 5
5 1 5 1
8 4 8 4
9 3 9 3
6 4 6 4
4 8 4 8
3 2 3 2
7 2 7 2
4 6 4 6
7 5 7 5
4 5 4 5
8 5 8 5
5 9 5 9
10 5 10 5
5 4 5 4
6 9 6 9
4 6 4 6
6 5 6 5
7 5 7 5
6 5 6 5
5 6 5 6
2 0 2 0
6 4 6 4
3 6 3 6
5 2 5 2
4 1 4 1
4 8 4 8
7 5 7 5
5 4 5 4
4 2 4 2
3 4 3 4
5 1 5 1
5 5 5 5
5 0 5 0
7 8 7 8
9 11 9 11
5 7 5 7
6 6 6 6
7 6 7 6
9 5 9 5
8 2 8 2
6 2 6 2
4 3 4 3
8 1 8 1
3 3 3 3
8 6 8 6
3 4 3 4
5 3 5 3
3 3 3 3
5 7 5 7
8 4 8 4
5 4 5 4
3 6 3 6
