3 7 0 1000
8 7 0 1000
5 1 0 1000
8 5 0 1000
5 6 0 1000
2 1 0 1000
7 5 0 1000
7 8 0 1000
6 3 0 1000
5 5 0 1000
9 7 0 1000
5 8 0 1000
5 4 0 1000
5 8 0 1000
9 11 0 1000
4 6 0 1000
12 8 0 1000
9 7 0 1000
3 9 0 1000
6 6 0 1000
4 6 1000 0
8 4 1000 0
5 9 1000 0
6 9 1000 0
7 8 1000 0
7 6 1000 0
8 6 1000 0
5 7 1000 0
5 11 1000 0
7 3 1000 0
8 7 1000 0
4 5 1000 0
7 8 1000 0
2 7 1000 0
6 5 1000 0
7 6 1000 0
8 4 1000 0
13 3 1000 0
10 5 1000 0
2 9 1000 0
3 3 0 1000
5 7 0 1000
4 8 0 1000
8 7 0 1000
8 3 0 1000
5 2 0 1000
10 10 0 1000
10 7 0 1000
9 4 0 1000
2 5 0 1000
6 4 0 1000
8 5 0 1000
6 7 0 1000
7 6 0 1000
1 4 0 1000
5 7 0 1000
6 6 0 1000
4 2 0 1000
7 2 0 1000
7 6 0 1000
4 13 0 1000
6 6 0 1000
6 3 0 1000
5 3 0 1000
7 4 0 1000
7 6 0 1000
8 3 0 1000
5 7 0 1000
7 3 0 1000
6 11 0 1000
6 4 0 890
5 4 0 1000
5 8 0 1000
4 7 0 1000
6 3 0 1000
4 7 0 1000
5 8 0 1000
7 10 0 1000
8 6 0 1000
4 4 0 1000
3 5 0 1000
7 4 0 1000
3 10 0 1000
4 4 0 1000
8 8 0 1000
10 8 0 1000
3 3 0 1000
5 15 0 1000
10 9 0 1000
8 12 0 1000
4 6 1000 0
5 7 1000 0
7 4 1000 0
5 4 1000 0
6 6 1000 0
5 5 1000 0
5 4 1000 0
3 6 1000 0
2 5 1000 0
6 1 1000 0
