7 3 0 1000
7 5 0 1000
7 7 0 1000
8 2 0 1000
7 6 0 1000
8 7 0 1000
7 5 0 1000
5 10 0 1000
8 3 0 1000
8 3 0 1000
4 4 0 1000
8 6 0 1000
2 6 0 1000
4 4 0 1000
6 5 0 1000
5 5 0 1000
6 6 0 1000
5 4 0 1000
6 6 0 1000
0 9 0 1000
4 7 0 1000
9 6 0 1000
3 5 0 1000
4 6 0 1000
7 3 0 1000
6 7 0 1000
4 5 0 1000
3 4 0 1000
8 1 0 1000
6 9 0 1000
6 4 1000 0
4 1 1000 0
3 5 1000 0
9 3 1000 0
5 11 1000 0
3 6 1000 0
5 6 1000 0
10 6 1000 0
5 5 1000 0
5 6 1000 0
8 5 0 1000
5 5 0 1000
3 6 0 1000
3 8 0 1000
8 8 0 1000
9 5 0 1000
8 2 0 1000
7 7 0 1000
5 6 0 1000
7 10 0 1000
9 2 0 984
5 6 0 1000
7 6 0 1000
8 4 0 1000
3 9 0 1000
4 8 0 1000
6 6 0 1000
6 5 0 1000
6 5 0 1000
6 4 0 1000
9 8 0 1000
7 4 0 1000
3 7 0 1000
6 6 0 1000
7 7 0 1000
6 7 0 1000
16 6 0 1000
5 10 0 1000
8 7 0 1000
3 6 0 1000
8 9 1000 0
5 4 1000 0
5 8 1000 0
6 12 1000 0
3 13 1000 0
4 7 1000 0
4 3 1000 0
9 4 1000 0
7 8 1000 0
4 8 1000 0
5 7 1000 0
4 4 1000 0
4 4 1000 0
4 6 1000 0
7 6 1000 0
3 3 1000 0
4 7 1000 0
8 6 1000 0
8 9 1000 0
2 6 1000 0
4 5 0 1000
7 8 0 1000
8 1 0 1000
7 8 0 1000
7 8 0 1000
4 8 0 1000
5 6 0 1000
6 7 0 1000
5 7 0 1000
5 13 0 1000
