3 7 0 1000
3 5 0 1000
8 6 0 1000
8 6 0 1000
5 7 0 1000
2 12 0 1000
5 5 0 1000
7 10 0 1000
6 4 0 1000
3 2 0 1000
7 6 1000 0
4 4 1000 0
5 8 1000 0
6 2 1000 0
9 3 1000 0
2 6 1000 0
7 5 1000 0
7 4 1000 0
7 7 1000 0
8 5 1000 0
3 7 0 1000
13 5 0 1000
7 7 0 1000
2 12 0 1000
4 7 0 1000
5 9 0 1000
4 7 0 1000
6 8 0 1000
9 9 0 1000
10 5 0 1000
10 2 0 1000
4 6 0 1000
8 6 0 1000
10 4 0 1000
7 10 0 1000
12 8 0 1000
6 12 0 1000
10 6 0 1000
11 12 0 1000
6 7 0 1000
4 11 0 999
6 13 0 999
9 7 0 999
9 5 0 999
9 8 0 999
5 8 0 999
8 10 0 999
7 7 0 999
7 8 0 999
6 9 0 999
8 7 1000 0
8 12 1000 0
5 9 1000 0
8 7 1000 0
9 9 1000 0
11 4 1000 0
12 7 1000 0
9 4 1000 0
2 13 1000 0
5 10 1000 0
3 8 0 1000
8 6 0 1000
8 6 0 1000
5 9 0 1000
10 5 0 1000
7 7 0 1000
7 7 0 1000
11 7 0 1000
6 9 0 1000
8 10 0 1000
5 3 0 1000
5 4 0 1000
5 7 0 1000
6 4 0 1000
4 10 0 1000
9 6 0 1000
3 6 0 1000
7 2 0 1000
5 6 0 1000
5 7 0 1000
2 10 0 999
7 3 0 999
5 8 0 999
7 5 0 999
5 8 0 999
8 9 0 999
3 10 0 999
4 8 0 999
8 7 0 999
9 7 0 999
5 3 1000 0
5 4 1000 0
7 10 1000 0
7 9 1000 0
8 7 1000 0
6 7 1000 0
6 4 1000 0
8 8 1000 0
9 5 1000 0
11 5 1000 0
