5 6 7 4
6 7 5 9
4 4 7 5
9 6 11 4
3 9 2 10
6 4 6 4
5 7 6 7
3 8 4 11
6 4 8 5
7 3 7 6
2 5 5 5
7 8 10 6
7 6 10 9
10 6 12 4
9 5 10 7
3 4 6 5
9 8 10 6
6 10 6 9
7 7 8 7
9 10 11 15
10 5 12 6
3 12 4 10
7 5 9 6
4 10 7 10
4 3 7 3
5 6 6 7
3 5 6 6
7 2 9 6
7 8 7 9
6 2 9 4
7 9 9 8
7 7 6 9
8 8 10 11
7 11 7 12
10 6 11 3
9 6 10 4
4 4 7 5
6 8 5 8
3 7 4 9
8 6 8 4
5 5 10 6
5 8 3 8
3 2 7 3
6 10 11 10
5 7 5 10
8 5 6 7
10 4 12 9
5 3 4 5
4 9 5 11
8 5 9 8
7 5 8 3
2 2 4 5
5 5 7 8
11 3 10 6
9 5 11 10
5 8 5 10
10 2 11 4
5 6 7 8
7 6 8 7
5 8 7 6
5 4 5 4
8 5 9 7
4 4 8 8
6 4 8 4
8 5 11 6
6 7 9 8
3 9 5 12
8 8 9 11
9 4 11 5
6 5 6 6
6 7 6 10
7 8 10 11
7 4 10 10
7 12 8 19
14 5 11 5
9 7 10 7
10 6 11 7
7 7 9 10
8 11 7 13
2 9 4 11
6 9 8 10
8 3 13 3
6 8 7 12
5 8 8 8
3 9 3 10
8 8 11 15
7 4 11 6
10 10 8 10
7 5 11 6
8 4 8 8
7 8 5 11
5 4 5 10
6 5 5 10
6 5 6 8
3 8 5 7
5 5 5 10
6 7 7 6
7 3 10 3
8 4 7 5
7 7 7 10
