4 0 269 254
5 2 310 268
3 4 313 279
1 0 304 288
1 1 339 266
9 1 392 237
0 2 466 216
2 1 484 211
2 1 477 217
0 1 517 190
0 1 233 339
0 1 210 378
2 0 205 410
1 2 198 463
0 1 205 477
1 1 192 496
1 0 174 517
1 1 156 548
0 0 145 584
2 1 142 588
0 2 199 383
1 1 205 446
0 3 193 465
0 0 185 491
2 0 203 479
0 4 183 505
4 0 178 525
1 3 162 544
3 0 147 580
1 2 141 598
2 0 270 287
1 0 327 276
1 2 325 317
1 0 334 327
7 0 331 346
2 4 306 383
0 0 318 374
1 0 327 365
1 0 302 382
2 2 293 411
2 0 319 238
1 2 394 216
2 2 399 244
2 0 388 269
0 4 391 279
0 2 414 262
1 1 429 244
3 0 413 258
0 2 409 259
2 2 425 255
1 2 333 264
5 2 293 317
3 2 299 326
5 2 332 332
2 0 319 327
3 0 332 329
6 1 329 331
2 0 326 335
1 3 338 317
1 1 329 329
2 1 134 446
0 1 132 484
0 1 109 572
3 0 77 630
2 4 58 665
8 3 41 786
1 1 31 830
1 1 21 888
1 1 10 934
1 0 9 930
1 1 456 144
9 6 475 176
1 0 510 164
2 1 567 143
0 1 571 143
2 5 574 137
6 4 571 149
4 0 607 134
2 2 584 159
4 0 582 165
0 5 253 283
0 10 288 295
1 5 292 305
1 0 317 273
0 1 323 283
3 1 341 262
3 0 360 274
0 5 383 263
2 0 378 273
1 2 420 249
2 1 343 225
1 4 366 217
1 2 386 231
3 1 410 226
3 0 451 215
5 0 418 247
3 2 415 245
1 0 403 265
3 3 381 273
0 1 404 261
