0.18452 0.81548 4.43733e-05 4.43733e-05
0.17056 0.82944 0.000139582 0.000139582
0.15773 0.84227 0.000257068 0.000257068
0.1465 0.8535 0.000420495 0.000420495
0.13637 0.86363 0.000593205 0.000593205
0.12723 0.87277 0.000759149 0.000759149
0.11977 0.88023 0.000961876 0.000961876
0.11221 0.88779 0.00110475 0.00110475
0.10526 0.89474 0.00123454 0.00123454
0.09958 0.90042 0.00137756 0.00137756
0.09409 0.90591 0.00152525 0.00152525
0.08892 0.91108 0.00161816 0.00161816
0.08429 0.91571 0.00177035 0.00177035
0.08009 0.91991 0.00184226 0.00184226
0.07638 0.92362 0.00188204 0.00188204
0.07361 0.92639 0.00201895 0.00201895
0.07058 0.92942 0.00207746 0.00207746
0.06752 0.93248 0.00216169 0.00216169
0.06476 0.93524 0.00219107 0.00219107
0.06282 0.93718 0.00235568 0.00235568
0.06087 0.93913 0.00250284 0.00250284
0.05902 0.94098 0.00261762 0.00261762
0.0572 0.9428 0.00265489 0.00265489
0.05561 0.94439 0.00269749 0.00269749
0.05454 0.94546 0.00281128 0.00281128
0.05328 0.94672 0.0028014 0.0028014
0.05201 0.94799 0.0028212 0.0028212
0.0509 0.9491 0.00280724 0.00280724
0.04988 0.95012 0.00280142 0.00280142
0.049 0.951 0.00281653 0.00281653
0.04794 0.95206 0.00276343 0.00276343
0.04713 0.95287 0.00273892 0.00273892
0.04659 0.95341 0.00279144 0.00279144
0.04587 0.95413 0.00275462 0.00275462
0.04518 0.95482 0.00270187 0.00270187
0.04449 0.95551 0.00266944 0.00266944
0.04417 0.95583 0.00266786 0.00266786
0.04365 0.95635 0.00263318 0.00263318
0.04275 0.95725 0.00252185 0.00252185
0.04197 0.95803 0.00241399 0.00241399
0.04133 0.95867 0.00233723 0.00233723
0.0406 0.9594 0.00223881 0.00223881
0.04003 0.95997 0.00215369 0.00215369
0.03941 0.96059 0.00203835 0.00203835
0.03893 0.96107 0.00196902 0.00196902
0.03835 0.96165 0.00189946 0.00189946
0.03763 0.96237 0.00176222 0.00176222
0.03705 0.96295 0.00167671 0.00167671
0.03653 0.96347 0.00160603 0.00160603
0.03598 0.96402 0.00152467 0.00152467
0.03552 0.96448 0.00144686 0.00144686
0.03516 0.96484 0.00140597 0.00140597
0.03482 0.96518 0.001363 0.001363
0.03442 0.96558 0.00131138 0.00131138
0.03407 0.96593 0.00126665 0.00126665
0.03378 0.96622 0.00122258 0.00122258
0.03361 0.96639 0.00120208 0.00120208
0.03339 0.96661 0.00116804 0.00116804
0.03312 0.96688 0.00112233 0.00112233
0.03303 0.96697 0.00110944 0.00110944
0.0328 0.9672 0.00109471 0.00109471
0.03229 0.96771 0.00102712 0.00102712
0.032 0.968 0.000993939 0.000993939
0.03187 0.96813 0.000979326 0.000979326
0.03161 0.96839 0.000950058 0.000950058
0.03136 0.96864 0.000925889 0.000925889
0.0311 0.9689 0.00089296 0.00089296
0.03102 0.96898 0.000884444 0.000884444
0.0307 0.9693 0.000853869 0.000853869
0.03066 0.96934 0.000846388 0.000846388
0.03046 0.96954 0.000823746 0.000823746
0.03029 0.96971 0.0008054 0.0008054
0.03006 0.96994 0.000782744 0.000782744
0.03003 0.96997 0.000777767 0.000777767
0.02994 0.97006 0.000767168 0.000767168
0.02988 0.97012 0.00076443 0.00076443
0.02982 0.97018 0.000761664 0.000761664
0.02964 0.97036 0.000740152 0.000740152
0.02954 0.97046 0.000726534 0.000726534
0.02946 0.97054 0.000721625 0.000721625
0.02943 0.97057 0.000716167 0.000716167
0.0292 0.9708 0.00069802 0.00069802
0.029 0.971 0.000682848 0.000682848
0.02893 0.97107 0.000676409 0.000676409
0.02872 0.97128 0.000660284 0.000660284
0.02876 0.97124 0.00066273 0.00066273
0.02873 0.97127 0.000659957 0.000659957
0.02861 0.97139 0.000649372 0.000649372
0.02856 0.97144 0.000648471 0.000648471
0.02856 0.97144 0.000650673 0.000650673
0.02846 0.97154 0.000641786 0.000641786
0.02838 0.97162 0.000636783 0.000636783
0.02834 0.97166 0.000632974 0.000632974
0.02822 0.97178 0.000622557 0.000622557
0.02817 0.97183 0.00061788 0.00061788
0.02817 0.97183 0.000616102 0.000616102
0.02809 0.97191 0.000611416 0.000611416
0.0281 0.9719 0.000612798 0.000612798
0.02812 0.97188 0.000610996 0.000610996
0.02808 0.97192 0.000609468 0.000609468
0.02811 0.97189 0.000614139 0.000614139
0.02802 0.97198 0.00060505 0.00060505
0.02798 0.97202 0.000600989 0.000600989
0.02796 0.97204 0.000600423 0.000600423
0.02791 0.97209 0.000595517 0.000595517
0.02788 0.97212 0.000591985 0.000591985
0.02793 0.97207 0.000597015 0.000597015
0.02793 0.97207 0.000596833 0.000596833
0.02788 0.97212 0.000590713 0.000590713
0.02781 0.97219 0.000588519 0.000588519
0.02775 0.97225 0.000587301 0.000587301
0.02774 0.97226 0.000588114 0.000588114
0.02773 0.97227 0.000590341 0.000590341
0.02773 0.97227 0.000589048 0.000589048
0.02763 0.97237 0.000583771 0.000583771
0.02764 0.97236 0.000584556 0.000584556
0.02764 0.97236 0.000584091 0.000584091
0.0276 0.9724 0.000577798 0.000577798
0.02757 0.97243 0.000573541 0.000573541
0.02753 0.97247 0.000571444 0.000571444
0.02752 0.97248 0.000570676 0.000570676
0.02753 0.97247 0.000570332 0.000570332
0.0275 0.9725 0.000567747 0.000567747
0.02753 0.97247 0.000568252 0.000568252
0.02752 0.97248 0.000567969 0.000567969
0.02755 0.97245 0.000567826 0.000567826
0.02755 0.97245 0.000568674 0.000568674
0.02752 0.97248 0.00056805 0.00056805
0.02749 0.97251 0.000564434 0.000564434
0.0275 0.9725 0.000566737 0.000566737
0.02748 0.97252 0.000567686 0.000567686
0.02744 0.97256 0.000566754 0.000566754
0.02743 0.97257 0.000565864 0.000565864
0.02739 0.97261 0.000562968 0.000562968
0.02741 0.97259 0.000564648 0.000564648
0.02738 0.97262 0.000561632 0.000561632
0.02738 0.97262 0.000562157 0.000562157
0.02738 0.97262 0.000563107 0.000563107
0.02734 0.97266 0.000561742 0.000561742
0.02734 0.97266 0.000562328 0.000562328
0.02738 0.97262 0.0005624 0.0005624
0.02734 0.97266 0.000560934 0.000560934
0.02733 0.97267 0.000561395 0.000561395
0.02728 0.97272 0.000558204 0.000558204
0.02724 0.97276 0.000556326 0.000556326
0.02722 0.97278 0.00055581 0.00055581
0.02718 0.97282 0.000553826 0.000553826
0.02718 0.97282 0.000553826 0.000553826
0.02722 0.97278 0.000556618 0.000556618
0.02722 0.97278 0.000557163 0.000557163
0.02722 0.97278 0.000557204 0.000557204
0.02722 0.97278 0.000556093 0.000556093
0.02723 0.97277 0.000556361 0.000556361
0.02723 0.97277 0.000556442 0.000556442
0.02723 0.97277 0.000555835 0.000555835
0.02718 0.97282 0.000552876 0.000552876
0.02717 0.97283 0.000551294 0.000551294
0.02715 0.97285 0.000551321 0.000551321
0.02717 0.97283 0.000553678 0.000553678
0.02718 0.97282 0.000553058 0.000553058
0.0272 0.9728 0.000553616 0.000553616
0.02715 0.97285 0.000551826 0.000551826
0.02715 0.97285 0.000551826 0.000551826
0.02717 0.97283 0.00055192 0.00055192
0.02713 0.97287 0.000551549 0.000551549
0.02716 0.97284 0.000552661 0.000552661
0.02716 0.97284 0.000552661 0.000552661
0.02714 0.97286 0.000550526 0.000550526
0.02711 0.97289 0.000548826 0.000548826
0.02711 0.97289 0.000549957 0.000549957
0.02711 0.97289 0.000551735 0.000551735
0.02711 0.97289 0.000551735 0.000551735
0.02711 0.97289 0.000552281 0.000552281
0.02709 0.97291 0.000549719 0.000549719
0.02708 0.97292 0.000550196 0.000550196
0.02705 0.97295 0.000546876 0.000546876
0.02704 0.97296 0.000546584 0.000546584
0.02703 0.97297 0.000546373 0.000546373
0.02702 0.97298 0.000547252 0.000547252
0.02701 0.97299 0.000545283 0.000545283
0.027 0.973 0.000544808 0.000544808
0.027 0.973 0.000545131 0.000545131
0.02702 0.97298 0.000546828 0.000546828
0.02703 0.97297 0.00054706 0.00054706
0.02701 0.97299 0.000547162 0.000547162
0.02701 0.97299 0.000546697 0.000546697
0.027 0.973 0.000545919 0.000545919
0.027 0.973 0.000545919 0.000545919
0.02699 0.97301 0.000545949 0.000545949
0.02699 0.97301 0.000546273 0.000546273
0.02699 0.97301 0.000546273 0.000546273
0.02698 0.97302 0.00054604 0.00054604
0.02696 0.97304 0.000544726 0.000544726
0.02697 0.97303 0.000545161 0.000545161
0.02698 0.97302 0.00054602 0.00054602
0.02698 0.97302 0.00054602 0.00054602
0.02698 0.97302 0.00054602 0.00054602
0.02699 0.97301 0.000546475 0.000546475
0.027 0.973 0.000546949 0.000546949
0.02701 0.97299 0.00054805 0.00054805
0.02701 0.97299 0.00054805 0.00054805
0.02701 0.97299 0.00054805 0.00054805
0.027 0.973 0.000546869 0.000546869
0.02698 0.97302 0.000546242 0.000546242
0.02698 0.97302 0.000546969 0.000546969
0.02696 0.97304 0.000545776 0.000545776
0.02695 0.97305 0.000545038 0.000545038
0.02695 0.97305 0.000545038 0.000545038
0.02696 0.97304 0.00054618 0.00054618
0.02696 0.97304 0.00054618 0.00054618
0.02695 0.97305 0.000545987 0.000545987
0.02694 0.97306 0.00054634 0.00054634
0.02694 0.97306 0.000545309 0.000545309
0.02693 0.97307 0.000544874 0.000544874
0.02694 0.97306 0.000545309 0.000545309
0.02693 0.97307 0.000544571 0.000544571
0.02693 0.97307 0.000544571 0.000544571
0.02693 0.97307 0.000544571 0.000544571
0.02694 0.97306 0.000545309 0.000545309
0.02696 0.97304 0.00054614 0.00054614
0.02696 0.97304 0.00054614 0.00054614
0.02694 0.97306 0.000544239 0.000544239
0.02694 0.97306 0.000544239 0.000544239
0.02694 0.97306 0.000544239 0.000544239
0.02694 0.97306 0.000544239 0.000544239
0.02693 0.97307 0.000543803 0.000543803
0.02692 0.97308 0.000543064 0.000543064
0.02692 0.97308 0.00054268 0.00054268
0.02691 0.97309 0.000543032 0.000543032
0.02691 0.97309 0.000543032 0.000543032
0.02691 0.97309 0.000543032 0.000543032
0.02691 0.97309 0.000543032 0.000543032
0.0269 0.9731 0.000543 0.000543
0.02691 0.97309 0.000544426 0.000544426
0.02691 0.97309 0.000544426 0.000544426
0.02691 0.97309 0.000544426 0.000544426
0.02691 0.97309 0.000544426 0.000544426
0.02692 0.97308 0.000544458 0.000544458
0.02691 0.97309 0.000543982 0.000543982
0.0269 0.9731 0.000543566 0.000543566
0.0269 0.9731 0.000543566 0.000543566
0.02689 0.97311 0.000543392 0.000543392
0.02689 0.97311 0.000543392 0.000543392
0.0269 0.9731 0.000543808 0.000543808
0.02689 0.97311 0.000543392 0.000543392
0.02688 0.97312 0.000543743 0.000543743
0.0269 0.9731 0.000544333 0.000544333
0.0269 0.9731 0.000544333 0.000544333
0.0269 0.9731 0.000544333 0.000544333
0.02689 0.97311 0.000542907 0.000542907
0.02689 0.97311 0.000542907 0.000542907
0.02689 0.97311 0.00054319 0.00054319
0.02689 0.97311 0.00054319 0.00054319
0.02688 0.97312 0.00054346 0.00054346
0.02688 0.97312 0.00054346 0.00054346
0.02689 0.97311 0.00054319 0.00054319
0.02689 0.97311 0.00054319 0.00054319
0.02689 0.97311 0.00054319 0.00054319
0.02689 0.97311 0.000542139 0.000542139
0.02689 0.97311 0.000542139 0.000542139
0.02689 0.97311 0.000542139 0.000542139
0.02689 0.97311 0.000542139 0.000542139
0.02689 0.97311 0.000542139 0.000542139
0.02688 0.97312 0.000542491 0.000542491
0.02688 0.97312 0.000542491 0.000542491
0.02688 0.97312 0.000542491 0.000542491
0.02688 0.97312 0.000542491 0.000542491
0.02688 0.97312 0.000542491 0.000542491
0.02688 0.97312 0.000542794 0.000542794
0.02688 0.97312 0.000542794 0.000542794
0.02688 0.97312 0.000542794 0.000542794
0.02688 0.97312 0.000542794 0.000542794
0.02688 0.97312 0.000542794 0.000542794
0.02688 0.97312 0.000542794 0.000542794
0.02688 0.97312 0.000542794 0.000542794
0.02689 0.97311 0.00054319 0.00054319
0.02689 0.97311 0.00054319 0.00054319
0.02688 0.97312 0.000542349 0.000542349
0.02688 0.97312 0.000542349 0.000542349
0.02688 0.97312 0.000542349 0.000542349
0.02688 0.97312 0.000542349 0.000542349
0.02687 0.97313 0.000541953 0.000541953
0.02687 0.97313 0.000541953 0.000541953
0.02686 0.97314 0.000542223 0.000542223
0.02686 0.97314 0.000542223 0.000542223
0.02686 0.97314 0.000542223 0.000542223
0.02685 0.97315 0.000542189 0.000542189
0.02685 0.97315 0.000542189 0.000542189
0.02685 0.97315 0.000542189 0.000542189
0.02685 0.97315 0.000542189 0.000542189
0.02685 0.97315 0.000542189 0.000542189
0.02685 0.97315 0.000542189 0.000542189
0.02685 0.97315 0.000542189 0.000542189
0.02685 0.97315 0.000542189 0.000542189
0.02685 0.97315 0.000542189 0.000542189
0.02686 0.97314 0.000542223 0.000542223
0.02686 0.97314 0.000542223 0.000542223
0.02686 0.97314 0.000542223 0.000542223
0.02686 0.97314 0.000542223 0.000542223
0.02686 0.97314 0.000542223 0.000542223
0.02686 0.97314 0.000542223 0.000542223
0.02687 0.97313 0.000542619 0.000542619
0.02687 0.97313 0.000542619 0.000542619
0.02687 0.97313 0.000542619 0.000542619
0.02687 0.97313 0.000542619 0.000542619
0.02687 0.97313 0.000542619 0.000542619
0.02687 0.97313 0.000542619 0.000542619
0.02687 0.97313 0.000542619 0.000542619
0.02687 0.97313 0.000542619 0.000542619
0.02686 0.97314 0.000542586 0.000542586
0.02686 0.97314 0.000542586 0.000542586
0.02686 0.97314 0.000542586 0.000542586
0.02686 0.97314 0.000542586 0.000542586
0.02686 0.97314 0.000542586 0.000542586
0.02686 0.97314 0.000542586 0.000542586
0.02685 0.97315 0.000542189 0.000542189
0.02685 0.97315 0.000542189 0.000542189
0.02685 0.97315 0.000542189 0.000542189
0.02685 0.97315 0.000542189 0.000542189
0.02685 0.97315 0.000542189 0.000542189
0.02685 0.97315 0.000542189 0.000542189
0.02685 0.97315 0.000542189 0.000542189
0.02685 0.97315 0.000542189 0.000542189
0.02685 0.97315 0.000542189 0.000542189
0.02685 0.97315 0.000542189 0.000542189
0.02685 0.97315 0.000542189 0.000542189
0.02685 0.97315 0.000542189 0.000542189
0.02685 0.97315 0.000542189 0.000542189
0.02685 0.97315 0.000542189 0.000542189
0.02685 0.97315 0.000542189 0.000542189
0.02685 0.97315 0.000542189 0.000542189
0.02685 0.97315 0.000542189 0.000542189
0.02685 0.97315 0.000542189 0.000542189
0.02685 0.97315 0.000542189 0.000542189
0.02685 0.97315 0.000542189 0.000542189
0.02685 0.97315 0.000542189 0.000542189
0.02685 0.97315 0.000542189 0.000542189
0.02685 0.97315 0.000542189 0.000542189
0.02685 0.97315 0.000542189 0.000542189
0.02685 0.97315 0.000542189 0.000542189
0.02685 0.97315 0.000542189 0.000542189
0.02684 0.97316 0.000541853 0.000541853
0.02684 0.97316 0.000541853 0.000541853
0.02684 0.97316 0.000541853 0.000541853
0.02684 0.97316 0.000541853 0.000541853
0.02684 0.97316 0.000541853 0.000541853
0.02684 0.97316 0.000541853 0.000541853
0.02684 0.97316 0.000541853 0.000541853
0.02684 0.97316 0.000541853 0.000541853
0.02684 0.97316 0.000541853 0.000541853
0.02684 0.97316 0.000541853 0.000541853
0.02684 0.97316 0.000541853 0.000541853
0.02684 0.97316 0.000541853 0.000541853
0.02685 0.97315 0.000542189 0.000542189
0.02685 0.97315 0.000542189 0.000542189
0.02685 0.97315 0.000542189 0.000542189
0.02685 0.97315 0.000542189 0.000542189
0.02685 0.97315 0.000542189 0.000542189
0.02684 0.97316 0.000541853 0.000541853
0.02684 0.97316 0.000541853 0.000541853
0.02685 0.97315 0.000542189 0.000542189
0.02685 0.97315 0.000542189 0.000542189
0.02685 0.97315 0.000542189 0.000542189
0.02685 0.97315 0.000542189 0.000542189
0.02685 0.97315 0.000542189 0.000542189
0.02685 0.97315 0.000542189 0.000542189
0.02685 0.97315 0.000542189 0.000542189
0.02685 0.97315 0.000542189 0.000542189
0.02685 0.97315 0.000542189 0.000542189
0.02685 0.97315 0.000542189 0.000542189
0.02685 0.97315 0.000542189 0.000542189
0.02685 0.97315 0.000542189 0.000542189
0.02684 0.97316 0.000541813 0.000541813
0.02684 0.97316 0.000541813 0.000541813
0.02684 0.97316 0.000541813 0.000541813
0.02685 0.97315 0.000542189 0.000542189
0.02685 0.97315 0.000542189 0.000542189
0.02685 0.97315 0.000542189 0.000542189
0.02684 0.97316 0.000542237 0.000542237
0.02684 0.97316 0.000542237 0.000542237
0.02683 0.97317 0.00054186 0.00054186
0.02683 0.97317 0.00054186 0.00054186
0.02683 0.97317 0.00054186 0.00054186
0.02683 0.97317 0.000541476 0.000541476
0.02683 0.97317 0.000541476 0.000541476
0.02683 0.97317 0.000541476 0.000541476
0.02683 0.97317 0.000541476 0.000541476
0.02683 0.97317 0.000541476 0.000541476
0.02684 0.97316 0.000541813 0.000541813
0.02684 0.97316 0.000541813 0.000541813
0.02683 0.97317 0.000541476 0.000541476
0.02683 0.97317 0.000541476 0.000541476
0.02683 0.97317 0.000541476 0.000541476
0.02683 0.97317 0.000541476 0.000541476
0.02683 0.97317 0.000541476 0.000541476
0.02683 0.97317 0.000541476 0.000541476
0.02683 0.97317 0.000541476 0.000541476
0.02683 0.97317 0.000541476 0.000541476
0.02683 0.97317 0.000541476 0.000541476
0.02683 0.97317 0.000541476 0.000541476
0.02683 0.97317 0.000541476 0.000541476
0.02683 0.97317 0.000541476 0.000541476
0.02683 0.97317 0.000541476 0.000541476
0.02682 0.97318 0.000541301 0.000541301
0.02682 0.97318 0.000541301 0.000541301
0.02682 0.97318 0.000541301 0.000541301
0.02682 0.97318 0.000541301 0.000541301
0.02682 0.97318 0.000541301 0.000541301
0.02682 0.97318 0.000541301 0.000541301
0.02682 0.97318 0.000541301 0.000541301
0.02682 0.97318 0.000541301 0.000541301
0.02682 0.97318 0.000541301 0.000541301
0.02682 0.97318 0.000541341 0.000541341
0.02682 0.97318 0.000541341 0.000541341
0.02682 0.97318 0.000541341 0.000541341
0.02682 0.97318 0.000541341 0.000541341
0.02682 0.97318 0.000541341 0.000541341
0.02683 0.97317 0.000541476 0.000541476
0.02683 0.97317 0.000541476 0.000541476
0.02683 0.97317 0.000541476 0.000541476
0.02683 0.97317 0.000541476 0.000541476
0.02682 0.97318 0.00054122 0.00054122
0.02682 0.97318 0.00054122 0.00054122
0.02682 0.97318 0.00054122 0.00054122
0.02682 0.97318 0.00054122 0.00054122
0.02683 0.97317 0.000541476 0.000541476
0.02683 0.97317 0.000541476 0.000541476
0.02683 0.97317 0.000541476 0.000541476
0.02683 0.97317 0.000541476 0.000541476
0.02682 0.97318 0.0005412 0.0005412
0.02682 0.97318 0.0005412 0.0005412
0.02681 0.97319 0.000541024 0.000541024
0.02681 0.97319 0.000541024 0.000541024
0.02681 0.97319 0.000541024 0.000541024
0.02681 0.97319 0.000541024 0.000541024
0.02681 0.97319 0.000541024 0.000541024
0.02682 0.97318 0.000541301 0.000541301
0.02682 0.97318 0.000541301 0.000541301
0.02682 0.97318 0.000541301 0.000541301
0.02682 0.97318 0.000541301 0.000541301
0.02682 0.97318 0.000541301 0.000541301
0.02682 0.97318 0.000541301 0.000541301
0.02682 0.97318 0.000541301 0.000541301
0.02682 0.97318 0.000541301 0.000541301
0.02682 0.97318 0.000541301 0.000541301
0.02682 0.97318 0.000541301 0.000541301
0.02682 0.97318 0.000541301 0.000541301
0.02682 0.97318 0.000541301 0.000541301
0.02682 0.97318 0.000541301 0.000541301
0.02682 0.97318 0.000541301 0.000541301
0.02682 0.97318 0.000541301 0.000541301
0.02682 0.97318 0.000541301 0.000541301
0.02682 0.97318 0.000541301 0.000541301
0.02682 0.97318 0.000541301 0.000541301
0.02681 0.97319 0.000541024 0.000541024
0.02681 0.97319 0.000541024 0.000541024
0.02681 0.97319 0.000541024 0.000541024
0.02681 0.97319 0.000541024 0.000541024
0.02681 0.97319 0.000541024 0.000541024
0.02681 0.97319 0.000541024 0.000541024
0.02681 0.97319 0.000541024 0.000541024
0.02681 0.97319 0.000541024 0.000541024
0.02681 0.97319 0.000541024 0.000541024
0.02681 0.97319 0.000541024 0.000541024
0.02681 0.97319 0.000541024 0.000541024
0.02681 0.97319 0.000541024 0.000541024
0.02681 0.97319 0.000541024 0.000541024
0.02681 0.97319 0.000541024 0.000541024
0.02681 0.97319 0.000541024 0.000541024
0.02682 0.97318 0.000541301 0.000541301
0.02682 0.97318 0.000541301 0.000541301
0.02682 0.97318 0.000541301 0.000541301
0.02681 0.97319 0.000541024 0.000541024
0.02681 0.97319 0.000541024 0.000541024
0.02681 0.97319 0.000541024 0.000541024
0.02681 0.97319 0.000541024 0.000541024
0.02681 0.97319 0.000541024 0.000541024
0.02681 0.97319 0.000541024 0.000541024
0.02681 0.97319 0.000541024 0.000541024
0.02681 0.97319 0.000541024 0.000541024
0.02681 0.97319 0.000541024 0.000541024
0.02681 0.97319 0.000541024 0.000541024
0.02681 0.97319 0.000541024 0.000541024
0.02681 0.97319 0.000541024 0.000541024
0.02681 0.97319 0.000541024 0.000541024
0.02681 0.97319 0.000541024 0.000541024
0.0268 0.9732 0.000540768 0.000540768
0.02681 0.97319 0.000541024 0.000541024
0.02681 0.97319 0.000541024 0.000541024
0.02681 0.97319 0.000541024 0.000541024
0.0268 0.9732 0.000540889 0.000540889
0.0268 0.9732 0.000540889 0.000540889
0.0268 0.9732 0.000540889 0.000540889
0.0268 0.9732 0.000540889 0.000540889
0.0268 0.9732 0.000540889 0.000540889
0.0268 0.9732 0.000540889 0.000540889
0.0268 0.9732 0.000540889 0.000540889
0.0268 0.9732 0.000540889 0.000540889
0.0268 0.9732 0.000540889 0.000540889
0.0268 0.9732 0.000540889 0.000540889
