0.184734 0.815266 2.99764e-05 2.99764e-05
0.171252 0.828748 0.000104639 0.000104639
0.158769 0.841231 0.000217078 0.000217078
0.147852 0.852148 0.000327934 0.000327934
0.137696 0.862304 0.00046569 0.00046569
0.128672 0.871328 0.000618669 0.000618669
0.120428 0.879572 0.000774582 0.000774582
0.113307 0.886693 0.000926729 0.000926729
0.106792 0.893208 0.00107953 0.00107953
0.100777 0.899223 0.00120653 0.00120653
0.095442 0.904558 0.00133842 0.00133842
0.090639 0.909361 0.00145799 0.00145799
0.086253 0.913747 0.00157352 0.00157352
0.082274 0.917726 0.0016815 0.0016815
0.07857 0.92143 0.00176973 0.00176973
0.075359 0.924641 0.00187445 0.00187445
0.072458 0.927542 0.00195117 0.00195117
0.069869 0.930131 0.0020174 0.0020174
0.067542 0.932458 0.00208367 0.00208367
0.06527 0.93473 0.00216108 0.00216108
0.063369 0.936631 0.00222176 0.00222176
0.061572 0.938428 0.00228581 0.00228581
0.059995 0.940005 0.00234139 0.00234139
0.058517 0.941483 0.0023938 0.0023938
0.057154 0.942846 0.00243149 0.00243149
0.056004 0.943996 0.00246434 0.00246434
0.054949 0.945051 0.00249982 0.00249982
0.053915 0.946085 0.00251597 0.00251597
0.052884 0.947116 0.00253681 0.00253681
0.051927 0.948073 0.00253657 0.00253657
0.051065 0.948935 0.00253104 0.00253104
0.050166 0.949834 0.00249915 0.00249915
0.049423 0.950577 0.00247319 0.00247319
0.048666 0.951334 0.00242525 0.00242525
0.047964 0.952036 0.00238885 0.00238885
0.047252 0.952748 0.00235796 0.00235796
0.046685 0.953315 0.00232167 0.00232167
0.046045 0.953955 0.00226684 0.00226684
0.045445 0.954555 0.0022117 0.0022117
0.044713 0.955287 0.00212086 0.00212086
0.0441 0.9559 0.0020495 0.0020495
0.043591 0.956409 0.00199139 0.00199139
0.043001 0.956999 0.00190997 0.00190997
0.042502 0.957498 0.00185149 0.00185149
0.041896 0.958104 0.00175457 0.00175457
0.041305 0.958695 0.0016696 0.0016696
0.04081 0.95919 0.00159716 0.00159716
0.040318 0.959682 0.00152172 0.00152172
0.039798 0.960202 0.00144591 0.00144591
0.039339 0.960661 0.00138552 0.00138552
0.038907 0.961093 0.00132388 0.00132388
0.038469 0.961531 0.00126304 0.00126304
0.038093 0.961907 0.00121856 0.00121856
0.037695 0.962305 0.00116343 0.00116343
0.037327 0.962673 0.0011125 0.0011125
0.036956 0.963044 0.00106322 0.00106322
0.036612 0.963388 0.00101482 0.00101482
0.03634 0.96366 0.000978764 0.000978764
0.036039 0.963961 0.000941637 0.000941637
0.035744 0.964256 0.000904217 0.000904217
0.035448 0.964552 0.000864783 0.000864783
0.035183 0.964817 0.000837608 0.000837608
0.034949 0.965051 0.000808295 0.000808295
0.034706 0.965294 0.000776892 0.000776892
0.034541 0.965459 0.000757551 0.000757551
0.034334 0.965666 0.000731962 0.000731962
0.034145 0.965855 0.000714772 0.000714772
0.033976 0.966024 0.000697611 0.000697611
0.03384 0.96616 0.000681722 0.000681722
0.03365 0.96635 0.000661566 0.000661566
0.033512 0.966488 0.000644771 0.000644771
0.033381 0.966619 0.000628804 0.000628804
0.03325 0.96675 0.000615461 0.000615461
0.033098 0.966902 0.000597876 0.000597876
0.032982 0.967018 0.000585451 0.000585451
0.032856 0.967144 0.000573335 0.000573335
0.032777 0.967223 0.000567624 0.000567624
0.032668 0.967332 0.000556017 0.000556017
0.032557 0.967443 0.000545091 0.000545091
0.032478 0.967522 0.000537655 0.000537655
0.032416 0.967584 0.000531172 0.000531172
0.032343 0.967657 0.000524928 0.000524928
0.032263 0.967737 0.000516644 0.000516644
0.032177 0.967823 0.000508918 0.000508918
0.032094 0.967906 0.000500213 0.000500213
0.032021 0.967979 0.000494058 0.000494058
0.031948 0.968052 0.00048923 0.00048923
0.031896 0.968104 0.000484931 0.000484931
0.031823 0.968177 0.000479179 0.000479179
0.031742 0.968258 0.00047114 0.00047114
0.031694 0.968306 0.000466386 0.000466386
0.03162 0.96838 0.000460205 0.000460205
0.031569 0.968431 0.000454887 0.000454887
0.031522 0.968478 0.000451047 0.000451047
0.031471 0.968529 0.000446873 0.000446873
0.031423 0.968577 0.000441729 0.000441729
0.031358 0.968642 0.000436761 0.000436761
0.031311 0.968689 0.00043296 0.00043296
0.031266 0.968734 0.000429829 0.000429829
0.031245 0.968755 0.000428237 0.000428237
0.031226 0.968774 0.000426656 0.000426656
0.031204 0.968796 0.000425455 0.000425455
0.031162 0.968838 0.000422531 0.000422531
0.031118 0.968882 0.000418679 0.000418679
0.031076 0.968924 0.000415246 0.000415246
0.031039 0.968961 0.00041201 0.00041201
0.031014 0.968986 0.000409872 0.000409872
0.030981 0.969019 0.000407503 0.000407503
0.030956 0.969044 0.000405512 0.000405512
0.030898 0.969102 0.000401363 0.000401363
0.030869 0.969131 0.000398344 0.000398344
0.030856 0.969144 0.000398341 0.000398341
0.030834 0.969166 0.00039686 0.00039686
0.03082 0.96918 0.000395858 0.000395858
0.030793 0.969207 0.000393369 0.000393369
0.030793 0.969207 0.000393167 0.000393167
0.030757 0.969243 0.000390523 0.000390523
0.030754 0.969246 0.000390348 0.000390348
0.030755 0.969245 0.000390016 0.000390016
0.030744 0.969256 0.000390005 0.000390005
0.030733 0.969267 0.000388987 0.000388987
0.030696 0.969304 0.000386223 0.000386223
0.030668 0.969332 0.000384474 0.000384474
0.030652 0.969348 0.000383163 0.000383163
0.030628 0.969372 0.000381378 0.000381378
0.030613 0.969387 0.000380403 0.000380403
0.030585 0.969415 0.000378017 0.000378017
0.03057 0.96943 0.000376696 0.000376696
0.030547 0.969453 0.000375027 0.000375027
0.030539 0.969461 0.000374444 0.000374444
0.030523 0.969477 0.000373166 0.000373166
0.03051 0.96949 0.000371922 0.000371922
0.030496 0.969504 0.000371042 0.000371042
0.030486 0.969514 0.00037041 0.00037041
0.030475 0.969525 0.000369558 0.000369558
0.030467 0.969533 0.000369199 0.000369199
0.030458 0.969542 0.000368658 0.000368658
0.030457 0.969543 0.000368389 0.000368389
0.030445 0.969555 0.000368276 0.000368276
0.030441 0.969559 0.000367853 0.000367853
0.030427 0.969573 0.000367325 0.000367325
0.030424 0.969576 0.000366845 0.000366845
0.030412 0.969588 0.000365834 0.000365834
0.030397 0.969603 0.00036427 0.00036427
0.030379 0.969621 0.000362878 0.000362878
0.03037 0.96963 0.000362484 0.000362484
0.030367 0.969633 0.000362286 0.000362286
0.030357 0.969643 0.000361664 0.000361664
0.030351 0.969649 0.000361069 0.000361069
0.030342 0.969658 0.000360588 0.000360588
0.030347 0.969653 0.000360972 0.000360972
0.03033 0.96967 0.000359773 0.000359773
0.030323 0.969677 0.000358844 0.000358844
0.03031 0.96969 0.000357609 0.000357609
0.030306 0.969694 0.000357515 0.000357515
0.0303 0.9697 0.000356969 0.000356969
0.030289 0.969711 0.000356208 0.000356208
0.030284 0.969716 0.000355963 0.000355963
0.030277 0.969723 0.000355718 0.000355718
0.030268 0.969732 0.000354845 0.000354845
0.030252 0.969748 0.000353777 0.000353777
0.030243 0.969757 0.000353455 0.000353455
0.030239 0.969761 0.000353501 0.000353501
0.030236 0.969764 0.000353324 0.000353324
0.030215 0.969785 0.000352453 0.000352453
0.030214 0.969786 0.000352248 0.000352248
0.030202 0.969798 0.000351833 0.000351833
0.030195 0.969805 0.000351407 0.000351407
0.030186 0.969814 0.000350805 0.000350805
0.030186 0.969814 0.000350852 0.000350852
0.030188 0.969812 0.000350913 0.000350913
0.030179 0.969821 0.00035031 0.00035031
0.030181 0.969819 0.000350634 0.000350634
0.030176 0.969824 0.000350195 0.000350195
0.03018 0.96982 0.00035036 0.00035036
0.030175 0.969825 0.00035011 0.00035011
0.030166 0.969834 0.000349684 0.000349684
0.03017 0.96983 0.000349924 0.000349924
0.030177 0.969823 0.000350241 0.000350241
0.030173 0.969827 0.000349997 0.000349997
0.030168 0.969832 0.00034973 0.00034973
0.030161 0.969839 0.000349328 0.000349328
0.030153 0.969847 0.00034887 0.00034887
0.030149 0.969851 0.000348659 0.000348659
0.030147 0.969853 0.000348675 0.000348675
0.03014 0.96986 0.000348749 0.000348749
0.030134 0.969866 0.000348383 0.000348383
0.030129 0.969871 0.000348019 0.000348019
0.030126 0.969874 0.000347884 0.000347884
0.030118 0.969882 0.000347406 0.000347406
0.030114 0.969886 0.000347078 0.000347078
0.030109 0.969891 0.000346809 0.000346809
0.0301 0.9699 0.000346245 0.000346245
0.030101 0.969899 0.000346237 0.000346237
0.030095 0.969905 0.000345807 0.000345807
0.030095 0.969905 0.000345898 0.000345898
0.030088 0.969912 0.000345473 0.000345473
0.030086 0.969914 0.000345278 0.000345278
0.030081 0.969919 0.000345087 0.000345087
0.030077 0.969923 0.000344715 0.000344715
0.03008 0.96992 0.000344878 0.000344878
0.030071 0.969929 0.000344592 0.000344592
0.03006 0.96994 0.000344022 0.000344022
0.030058 0.969942 0.000343917 0.000343917
0.030059 0.969941 0.000343998 0.000343998
0.030057 0.969943 0.000343743 0.000343743
0.030051 0.969949 0.000343433 0.000343433
0.030049 0.969951 0.000343219 0.000343219
0.030048 0.969952 0.000343132 0.000343132
0.030053 0.969947 0.000343681 0.000343681
0.030049 0.969951 0.000343401 0.000343401
0.030049 0.969951 0.000343213 0.000343213
0.030047 0.969953 0.000343111 0.000343111
0.030043 0.969957 0.000342858 0.000342858
0.030045 0.969955 0.000343127 0.000343127
0.030039 0.969961 0.000342799 0.000342799
0.030035 0.969965 0.000342679 0.000342679
0.030034 0.969966 0.0003426 0.0003426
0.030036 0.969964 0.000342666 0.000342666
0.030036 0.969964 0.000342803 0.000342803
0.030032 0.969968 0.000342668 0.000342668
0.030037 0.969963 0.000343057 0.000343057
0.030035 0.969965 0.000343009 0.000343009
0.030034 0.969966 0.000342935 0.000342935
0.030032 0.969968 0.000342897 0.000342897
0.030033 0.969967 0.000342657 0.000342657
0.030032 0.969968 0.000342623 0.000342623
0.030028 0.969972 0.000342432 0.000342432
0.030026 0.969974 0.000342303 0.000342303
0.030029 0.969971 0.000342363 0.000342363
0.030026 0.969974 0.000342177 0.000342177
0.030024 0.969976 0.000342051 0.000342051
0.030019 0.969981 0.000341613 0.000341613
0.030017 0.969983 0.000341538 0.000341538
0.030015 0.969985 0.000341583 0.000341583
0.030013 0.969987 0.000341491 0.000341491
0.030015 0.969985 0.000341535 0.000341535
0.030017 0.969983 0.000341557 0.000341557
0.030013 0.969987 0.000341486 0.000341486
0.030012 0.969988 0.000341501 0.000341501
0.030011 0.969989 0.000341503 0.000341503
0.030014 0.969986 0.000341822 0.000341822
0.030014 0.969986 0.000341742 0.000341742
0.030011 0.969989 0.000341783 0.000341783
0.03001 0.96999 0.000341621 0.000341621
0.030006 0.969994 0.000341438 0.000341438
0.030006 0.969994 0.00034169 0.00034169
0.030009 0.969991 0.000341816 0.000341816
0.030006 0.969994 0.000341587 0.000341587
0.030006 0.969994 0.000341496 0.000341496
0.030007 0.969993 0.000341597 0.000341597
0.030003 0.969997 0.000341365 0.000341365
0.030002 0.969998 0.00034128 0.00034128
0.03 0.97 0.000341202 0.000341202
0.029999 0.970001 0.000341019 0.000341019
0.029995 0.970005 0.000340719 0.000340719
0.029995 0.970005 0.000340688 0.000340688
0.029991 0.970009 0.000340511 0.000340511
0.029987 0.970013 0.000340226 0.000340226
0.029987 0.970013 0.000340305 0.000340305
0.029987 0.970013 0.00034027 0.00034027
0.029982 0.970018 0.000340053 0.000340053
0.029977 0.970023 0.000339625 0.000339625
0.029978 0.970022 0.000339727 0.000339727
0.02998 0.97002 0.000339839 0.000339839
0.02998 0.97002 0.000339918 0.000339918
0.029982 0.970018 0.000339951 0.000339951
0.029984 0.970016 0.000340111 0.000340111
0.029982 0.970018 0.000339968 0.000339968
0.029977 0.970023 0.000339625 0.000339625
0.029977 0.970023 0.000339769 0.000339769
0.029978 0.970022 0.000339725 0.000339725
0.029979 0.970021 0.000339777 0.000339777
0.029979 0.970021 0.000339853 0.000339853
0.02998 0.97002 0.000339849 0.000339849
0.029978 0.970022 0.000339678 0.000339678
0.029975 0.970025 0.00033955 0.00033955
0.029975 0.970025 0.000339486 0.000339486
0.029975 0.970025 0.000339493 0.000339493
0.029973 0.970027 0.000339442 0.000339442
0.029971 0.970029 0.00033931 0.00033931
0.029973 0.970027 0.000339495 0.000339495
0.029972 0.970028 0.000339437 0.000339437
0.029973 0.970027 0.00033952 0.00033952
0.029972 0.970028 0.000339519 0.000339519
0.029969 0.970031 0.0003393 0.0003393
0.029969 0.970031 0.000339322 0.000339322
0.029967 0.970033 0.000339119 0.000339119
0.029968 0.970032 0.000339299 0.000339299
0.029969 0.970031 0.000339385 0.000339385
0.029966 0.970034 0.000339179 0.000339179
0.029963 0.970037 0.00033905 0.00033905
0.02996 0.97004 0.000338909 0.000338909
0.029962 0.970038 0.000339083 0.000339083
0.02996 0.97004 0.00033898 0.00033898
0.029958 0.970042 0.000338836 0.000338836
0.029962 0.970038 0.000338962 0.000338962
0.029958 0.970042 0.000338848 0.000338848
0.029959 0.970041 0.000338844 0.000338844
0.02996 0.97004 0.000338888 0.000338888
0.02996 0.97004 0.000338858 0.000338858
0.029956 0.970044 0.000338694 0.000338694
0.029955 0.970045 0.000338655 0.000338655
0.029953 0.970047 0.000338494 0.000338494
0.029951 0.970049 0.000338411 0.000338411
0.029951 0.970049 0.000338452 0.000338452
0.029949 0.970051 0.000338299 0.000338299
0.029945 0.970055 0.000337973 0.000337973
0.029946 0.970054 0.000338057 0.000338057
0.029944 0.970056 0.000337908 0.000337908
0.029945 0.970055 0.000338035 0.000338035
0.029945 0.970055 0.000338035 0.000338035
0.029946 0.970054 0.000338073 0.000338073
0.029946 0.970054 0.000338088 0.000338088
0.029947 0.970053 0.000338186 0.000338186
0.029946 0.970054 0.000338031 0.000338031
0.029944 0.970056 0.000338018 0.000338018
0.029941 0.970059 0.000337816 0.000337816
0.029939 0.970061 0.000337659 0.000337659
0.029939 0.970061 0.000337659 0.000337659
0.029939 0.970061 0.000337737 0.000337737
0.029939 0.970061 0.000337737 0.000337737
0.029936 0.970064 0.000337558 0.000337558
0.029936 0.970064 0.000337558 0.000337558
0.029935 0.970065 0.00033752 0.00033752
0.029936 0.970064 0.000337588 0.000337588
0.029933 0.970067 0.000337328 0.000337328
0.029934 0.970066 0.000337386 0.000337386
0.029934 0.970066 0.000337386 0.000337386
0.029934 0.970066 0.000337297 0.000337297
0.029932 0.970068 0.000337154 0.000337154
0.029934 0.970066 0.000337288 0.000337288
0.029932 0.970068 0.000337223 0.000337223
0.029931 0.970069 0.000337165 0.000337165
0.029932 0.970068 0.00033725 0.00033725
0.02993 0.97007 0.000337188 0.000337188
0.029931 0.970069 0.000337246 0.000337246
0.029928 0.970072 0.000337089 0.000337089
0.029927 0.970073 0.000337024 0.000337024
0.029925 0.970075 0.000336957 0.000336957
0.029924 0.970076 0.000336811 0.000336811
0.029924 0.970076 0.000336811 0.000336811
0.029924 0.970076 0.000336784 0.000336784
0.029922 0.970078 0.00033663 0.00033663
0.029922 0.970078 0.00033663 0.00033663
0.029922 0.970078 0.00033663 0.00033663
0.029924 0.970076 0.000336712 0.000336712
0.029923 0.970077 0.000336627 0.000336627
0.029923 0.970077 0.000336627 0.000336627
0.029923 0.970077 0.000336705 0.000336705
0.029922 0.970078 0.000336667 0.000336667
0.029921 0.970079 0.000336643 0.000336643
0.029922 0.970078 0.000336728 0.000336728
0.029921 0.970079 0.000336643 0.000336643
0.02992 0.97008 0.000336655 0.000336655
0.029917 0.970083 0.000336528 0.000336528
0.029916 0.970084 0.000336443 0.000336443
0.029916 0.970084 0.000336443 0.000336443
0.029916 0.970084 0.000336443 0.000336443
0.029915 0.970085 0.000336412 0.000336412
0.029914 0.970086 0.000336366 0.000336366
0.029914 0.970086 0.000336366 0.000336366
0.029913 0.970087 0.000336308 0.000336308
0.029913 0.970087 0.000336308 0.000336308
0.029911 0.970089 0.00033622 0.00033622
0.02991 0.97009 0.000336295 0.000336295
0.029909 0.970091 0.000336315 0.000336315
0.029908 0.970092 0.000336258 0.000336258
0.029909 0.970091 0.000336271 0.000336271
0.029907 0.970093 0.000336216 0.000336216
0.029907 0.970093 0.000336216 0.000336216
0.029909 0.970091 0.000336213 0.000336213
0.029909 0.970091 0.000336287 0.000336287
0.02991 0.97009 0.000336313 0.000336313
0.029911 0.970089 0.000336254 0.000336254
0.02991 0.97009 0.000336245 0.000336245
0.029908 0.970092 0.000336199 0.000336199
0.029908 0.970092 0.000336199 0.000336199
0.029907 0.970093 0.000336114 0.000336114
0.029909 0.970091 0.00033616 0.00033616
0.029908 0.970092 0.000336171 0.000336171
0.029908 0.970092 0.000336171 0.000336171
0.02991 0.97009 0.000336238 0.000336238
0.029909 0.970091 0.000336223 0.000336223
0.029908 0.970092 0.000336233 0.000336233
0.029907 0.970093 0.000336035 0.000336035
0.029908 0.970092 0.000336103 0.000336103
0.029908 0.970092 0.000336103 0.000336103
0.029908 0.970092 0.000336103 0.000336103
0.029908 0.970092 0.000336103 0.000336103
0.029908 0.970092 0.000336103 0.000336103
0.029908 0.970092 0.000336103 0.000336103
0.029909 0.970091 0.000336324 0.000336324
0.029908 0.970092 0.000336223 0.000336223
0.029909 0.970091 0.000336289 0.000336289
0.029908 0.970092 0.000336231 0.000336231
0.029907 0.970093 0.000336214 0.000336214
0.029905 0.970095 0.000336089 0.000336089
0.029904 0.970096 0.000336055 0.000336055
0.029905 0.970095 0.000336028 0.000336028
0.029905 0.970095 0.000336028 0.000336028
0.029904 0.970096 0.000336019 0.000336019
0.029904 0.970096 0.000336019 0.000336019
0.029903 0.970097 0.000335978 0.000335978
0.029903 0.970097 0.000335978 0.000335978
0.029903 0.970097 0.000335978 0.000335978
0.029903 0.970097 0.000335978 0.000335978
0.029904 0.970096 0.000336079 0.000336079
0.029902 0.970098 0.00033594 0.00033594
0.029902 0.970098 0.000335988 0.000335988
0.029902 0.970098 0.000335988 0.000335988
0.0299 0.9701 0.000335902 0.000335902
0.0299 0.9701 0.000335902 0.000335902
0.029898 0.970102 0.000335842 0.000335842
0.029897 0.970103 0.000335768 0.000335768
0.029897 0.970103 0.000335768 0.000335768
0.029895 0.970105 0.000335627 0.000335627
0.029897 0.970103 0.000335774 0.000335774
0.029896 0.970104 0.000335765 0.000335765
0.029895 0.970105 0.000335788 0.000335788
0.029896 0.970104 0.000335741 0.000335741
0.029896 0.970104 0.000335788 0.000335788
0.029895 0.970105 0.000335687 0.000335687
0.029894 0.970106 0.000335714 0.000335714
0.029894 0.970106 0.000335714 0.000335714
0.029893 0.970107 0.000335714 0.000335714
0.029894 0.970106 0.000335748 0.000335748
0.029892 0.970108 0.000335622 0.000335622
0.029893 0.970107 0.000335702 0.000335702
0.029893 0.970107 0.000335702 0.000335702
0.029894 0.970106 0.000335712 0.000335712
0.029893 0.970107 0.000335658 0.000335658
0.029894 0.970106 0.000335732 0.000335732
0.029894 0.970106 0.000335732 0.000335732
0.029893 0.970107 0.000335694 0.000335694
0.029892 0.970108 0.000335621 0.000335621
0.029892 0.970108 0.000335621 0.000335621
0.029893 0.970107 0.00033562 0.00033562
0.029892 0.970108 0.000335627 0.000335627
0.029893 0.970107 0.00033562 0.00033562
0.029893 0.970107 0.00033562 0.00033562
0.029893 0.970107 0.00033562 0.00033562
0.029893 0.970107 0.00033562 0.00033562
0.029893 0.970107 0.00033562 0.00033562
0.029892 0.970108 0.000335612 0.000335612
0.029891 0.970109 0.000335555 0.000335555
0.029891 0.970109 0.000335555 0.000335555
0.029891 0.970109 0.000335555 0.000335555
0.029891 0.970109 0.000335571 0.000335571
0.029892 0.970108 0.000335609 0.000335609
0.029892 0.970108 0.000335609 0.000335609
0.029892 0.970108 0.000335609 0.000335609
0.029892 0.970108 0.000335609 0.000335609
0.029891 0.970109 0.00033554 0.00033554
0.029891 0.970109 0.00033554 0.00033554
0.029891 0.970109 0.000335527 0.000335527
0.029891 0.970109 0.000335527 0.000335527
0.029888 0.970112 0.000335296 0.000335296
0.029889 0.970111 0.000335396 0.000335396
0.029889 0.970111 0.000335396 0.000335396
0.029888 0.970112 0.000335362 0.000335362
0.029887 0.970113 0.000335278 0.000335278
0.029888 0.970112 0.000335335 0.000335335
0.029888 0.970112 0.000335335 0.000335335
0.029887 0.970113 0.000335324 0.000335324
0.029888 0.970112 0.000335382 0.000335382
0.029889 0.970111 0.00033539 0.00033539
0.029888 0.970112 0.000335351 0.000335351
0.029889 0.970111 0.000335433 0.000335433
0.029889 0.970111 0.000335433 0.000335433
0.029889 0.970111 0.000335386 0.000335386
0.029889 0.970111 0.0003355 0.0003355
0.029888 0.970112 0.000335535 0.000335535
0.029887 0.970113 0.000335535 0.000335535
0.029886 0.970114 0.00033552 0.00033552
0.029886 0.970114 0.00033552 0.00033552
0.029886 0.970114 0.00033552 0.00033552
0.029885 0.970115 0.000335512 0.000335512
0.029884 0.970116 0.000335519 0.000335519
0.029885 0.970115 0.000335489 0.000335489
0.029884 0.970116 0.000335519 0.000335519
0.029885 0.970115 0.000335489 0.000335489
0.029885 0.970115 0.000335489 0.000335489
0.029884 0.970116 0.000335427 0.000335427
0.029884 0.970116 0.000335427 0.000335427
0.029885 0.970115 0.000335512 0.000335512
0.029885 0.970115 0.000335512 0.000335512
0.029883 0.970117 0.00033547 0.00033547
0.029883 0.970117 0.00033547 0.00033547
0.029883 0.970117 0.00033547 0.00033547
0.029883 0.970117 0.00033547 0.00033547
0.029883 0.970117 0.000335443 0.000335443
0.029883 0.970117 0.000335443 0.000335443
0.029883 0.970117 0.000335443 0.000335443
0.029883 0.970117 0.000335443 0.000335443
0.029883 0.970117 0.000335381 0.000335381
0.02988 0.97012 0.000335238 0.000335238
0.029879 0.970121 0.000335245 0.000335245
0.029879 0.970121 0.000335245 0.000335245
0.029879 0.970121 0.000335245 0.000335245
