0.50106 0.49894 0.000959208 0.000959208
0.50087 0.49913 0.00340236 0.00340236
0.50077 0.49923 0.00687521 0.00687521
0.4999 0.5001 0.0109846 0.0109846
0.50073 0.49927 0.015671 0.015671
0.50093 0.49907 0.020718 0.020718
0.50146 0.49854 0.0255039 0.0255039
0.50159 0.49841 0.0303154 0.0303154
0.50175 0.49825 0.0349763 0.0349763
0.50217 0.49783 0.0398584 0.0398584
0.50348 0.49652 0.0442254 0.0442254
0.5034 0.4966 0.0485849 0.0485849
0.50323 0.49677 0.0524979 0.0524979
0.50274 0.49726 0.0558905 0.0558905
0.50384 0.49616 0.0592493 0.0592493
0.50422 0.49578 0.0624455 0.0624455
0.5041 0.4959 0.0652652 0.0652652
0.5041 0.4959 0.0679845 0.0679845
0.50434 0.49566 0.0702628 0.0702628
0.50442 0.49558 0.0725791 0.0725791
0.50452 0.49548 0.074771 0.074771
0.50397 0.49603 0.0768368 0.0768368
0.50391 0.49609 0.0787026 0.0787026
0.50405 0.49595 0.0800983 0.0800983
0.50381 0.49619 0.0814683 0.0814683
0.50356 0.49644 0.0828089 0.0828089
0.50344 0.49656 0.0839694 0.0839694
0.50329 0.49671 0.085179 0.085179
0.50338 0.49662 0.0861011 0.0861011
0.50326 0.49674 0.0869308 0.0869308
0.50327 0.49673 0.0877501 0.0877501
0.50328 0.49672 0.0884494 0.0884494
0.50308 0.49692 0.0891773 0.0891773
0.50309 0.49691 0.0897363 0.0897363
0.50306 0.49694 0.0903035 0.0903035
0.50342 0.49658 0.0908654 0.0908654
0.50354 0.49646 0.091363 0.091363
0.50325 0.49675 0.0918618 0.0918618
0.50327 0.49673 0.0921474 0.0921474
0.50342 0.49658 0.0925459 0.0925459
0.50334 0.49666 0.0929369 0.0929369
0.50325 0.49675 0.093265 0.093265
0.50329 0.49671 0.0935239 0.0935239
0.50313 0.49687 0.093741 0.093741
0.50302 0.49698 0.0940869 0.0940869
0.50302 0.49698 0.0942452 0.0942452
0.50292 0.49708 0.0943924 0.0943924
0.50287 0.49713 0.0946392 0.0946392
0.50299 0.49701 0.0948025 0.0948025
0.50308 0.49692 0.0948606 0.0948606
0.50312 0.49688 0.0949782 0.0949782
0.50324 0.49676 0.0950689 0.0950689
0.50318 0.49682 0.095213 0.095213
0.50312 0.49688 0.0954019 0.0954019
0.50304 0.49696 0.0955784 0.0955784
0.50321 0.49679 0.0956941 0.0956941
0.50323 0.49677 0.0957472 0.0957472
0.50322 0.49678 0.0958429 0.0958429
0.50315 0.49685 0.0959165 0.0959165
0.50308 0.49692 0.0960446 0.0960446
0.50296 0.49704 0.0961038 0.0961038
0.5029 0.4971 0.0962299 0.0962299
0.50288 0.49712 0.0963022 0.0963022
0.5029 0.4971 0.0963359 0.0963359
0.50299 0.49701 0.0963749 0.0963749
0.50294 0.49706 0.0964624 0.0964624
0.50301 0.49699 0.0965008 0.0965008
0.50293 0.49707 0.0965663 0.0965663
0.50295 0.49705 0.0966276 0.0966276
0.50303 0.49697 0.0966258 0.0966258
0.50305 0.49695 0.0966498 0.0966498
0.50299 0.49701 0.0967163 0.0967163
0.50295 0.49705 0.096788 0.096788
0.50288 0.49712 0.0968313 0.0968313
0.50298 0.49702 0.0968819 0.0968819
0.50302 0.49698 0.0969416 0.0969416
0.50315 0.49685 0.0969823 0.0969823
0.50318 0.49682 0.0970456 0.0970456
0.50316 0.49684 0.0970787 0.0970787
0.50309 0.49691 0.0970946 0.0970946
0.50298 0.49702 0.0971688 0.0971688
0.50296 0.49704 0.0971798 0.0971798
0.50282 0.49718 0.097281 0.097281
0.5028 0.4972 0.0973477 0.0973477
0.50294 0.49706 0.0973831 0.0973831
0.50302 0.49698 0.0974283 0.0974283
0.50293 0.49707 0.0974956 0.0974956
0.50301 0.49699 0.0975594 0.0975594
0.50303 0.49697 0.0976145 0.0976145
0.50304 0.49696 0.0976209 0.0976209
0.50307 0.49693 0.0976989 0.0976989
0.50301 0.49699 0.0977242 0.0977242
0.50307 0.49693 0.0977871 0.0977871
0.50315 0.49685 0.0978242 0.0978242
0.5032 0.4968 0.0978366 0.0978366
0.50313 0.49687 0.0979269 0.0979269
0.50309 0.49691 0.0979668 0.0979668
0.50323 0.49677 0.0980224 0.0980224
0.50325 0.49675 0.0980606 0.0980606
0.50336 0.49664 0.0981053 0.0981053
0.50333 0.49667 0.0981444 0.0981444
0.50332 0.49668 0.0981509 0.0981509
0.50333 0.49667 0.0981858 0.0981858
0.50329 0.49671 0.0982144 0.0982144
0.50334 0.49666 0.098233 0.098233
0.50335 0.49665 0.0982755 0.0982755
0.50323 0.49677 0.0983218 0.0983218
0.50325 0.49675 0.0983551 0.0983551
0.50339 0.49661 0.098425 0.098425
0.50344 0.49656 0.0984767 0.0984767
0.50346 0.49654 0.0985273 0.0985273
0.50347 0.49653 0.0985539 0.0985539
0.5035 0.4965 0.0985488 0.0985488
0.50348 0.49652 0.0985535 0.0985535
0.50351 0.49649 0.0985882 0.0985882
0.50351 0.49649 0.0985801 0.0985801
0.5034 0.4966 0.0986448 0.0986448
0.50337 0.49663 0.0987382 0.0987382
0.50341 0.49659 0.098816 0.098816
0.50343 0.49657 0.0988651 0.0988651
0.50342 0.49658 0.0988811 0.0988811
0.50335 0.49665 0.0988988 0.0988988
0.50346 0.49654 0.0989487 0.0989487
0.50342 0.49658 0.0989819 0.0989819
0.50336 0.49664 0.0989942 0.0989942
0.50337 0.49663 0.0990271 0.0990271
0.50344 0.49656 0.0990515 0.0990515
0.50348 0.49652 0.0990642 0.0990642
0.5034 0.4966 0.0991215 0.0991215
0.50339 0.49661 0.099178 0.099178
0.50346 0.49654 0.0992197 0.0992197
0.50355 0.49645 0.0992518 0.0992518
0.50357 0.49643 0.0992584 0.0992584
0.50357 0.49643 0.0993141 0.0993141
0.50361 0.49639 0.0993469 0.0993469
0.50367 0.49633 0.0993839 0.0993839
0.50375 0.49625 0.0994132 0.0994132
0.50384 0.49616 0.0994427 0.0994427
0.50393 0.49607 0.0994407 0.0994407
0.50393 0.49607 0.0995237 0.0995237
0.50402 0.49598 0.0995518 0.0995518
0.50405 0.49595 0.0995568 0.0995568
0.50406 0.49594 0.0995918 0.0995918
0.5041 0.4959 0.0996848 0.0996848
0.50405 0.49595 0.0997118 0.0997118
0.50406 0.49594 0.0998035 0.0998035
0.50406 0.49594 0.0998463 0.0998463
0.50405 0.49595 0.0998996 0.0998996
0.504 0.496 0.0999364 0.0999364
0.50395 0.49605 0.100002 0.100002
0.50394 0.49606 0.100049 0.100049
0.50381 0.49619 0.100091 0.100091
0.50384 0.49616 0.100124 0.100124
0.50385 0.49615 0.100185 0.100185
0.50388 0.49612 0.100183 0.100183
0.50391 0.49609 0.100264 0.100264
0.5039 0.4961 0.100304 0.100304
0.50386 0.49614 0.100322 0.100322
0.50378 0.49622 0.100349 0.100349
0.50373 0.49627 0.100368 0.100368
0.50371 0.49629 0.100369 0.100369
0.50369 0.49631 0.100397 0.100397
0.50364 0.49636 0.100447 0.100447
0.50355 0.49645 0.100507 0.100507
0.50357 0.49643 0.100542 0.100542
0.50365 0.49635 0.100573 0.100573
0.50359 0.49641 0.100626 0.100626
0.5036 0.4964 0.10062 0.10062
0.50358 0.49642 0.100636 0.100636
0.50358 0.49642 0.100621 0.100621
0.50361 0.49639 0.100645 0.100645
0.50364 0.49636 0.100685 0.100685
0.50363 0.49637 0.100697 0.100697
0.50363 0.49637 0.100726 0.100726
0.50359 0.49641 0.100758 0.100758
0.50356 0.49644 0.100767 0.100767
0.50359 0.49641 0.100816 0.100816
0.50365 0.49635 0.100876 0.100876
0.50369 0.49631 0.100921 0.100921
0.50378 0.49622 0.100952 0.100952
0.50385 0.49615 0.101047 0.101047
0.50382 0.49618 0.101069 0.101069
0.5038 0.4962 0.101109 0.101109
0.50377 0.49623 0.101138 0.101138
0.50364 0.49636 0.101188 0.101188
0.5037 0.4963 0.101214 0.101214
0.50354 0.49646 0.101235 0.101235
0.50354 0.49646 0.101277 0.101277
0.50359 0.49641 0.101292 0.101292
0.5036 0.4964 0.10136 0.10136
0.5036 0.4964 0.101413 0.101413
0.50359 0.49641 0.101419 0.101419
0.50363 0.49637 0.101456 0.101456
0.50364 0.49636 0.101529 0.101529
0.50367 0.49633 0.101545 0.101545
0.50371 0.49629 0.101596 0.101596
0.50368 0.49632 0.101668 0.101668
0.50368 0.49632 0.101686 0.101686
0.50371 0.49629 0.101692 0.101692
0.50376 0.49624 0.101743 0.101743
0.50372 0.49628 0.101787 0.101787
0.5037 0.4963 0.101826 0.101826
0.50367 0.49633 0.101831 0.101831
0.50364 0.49636 0.101864 0.101864
0.50367 0.49633 0.101916 0.101916
0.50362 0.49638 0.101948 0.101948
0.50364 0.49636 0.101952 0.101952
0.50375 0.49625 0.102023 0.102023
0.50369 0.49631 0.10205 0.10205
0.50374 0.49626 0.102082 0.102082
0.50382 0.49618 0.102136 0.102136
0.50384 0.49616 0.10217 0.10217
0.50379 0.49621 0.102197 0.102197
0.5038 0.4962 0.102236 0.102236
0.50387 0.49613 0.102261 0.102261
0.50383 0.49617 0.102301 0.102301
0.5038 0.4962 0.102339 0.102339
0.50385 0.49615 0.10238 0.10238
0.50388 0.49612 0.102441 0.102441
0.50389 0.49611 0.102493 0.102493
0.50391 0.49609 0.102545 0.102545
0.50381 0.49619 0.102558 0.102558
0.50378 0.49622 0.102573 0.102573
0.50375 0.49625 0.102618 0.102618
0.50372 0.49628 0.102644 0.102644
0.5037 0.4963 0.102644 0.102644
0.50369 0.49631 0.102667 0.102667
0.50367 0.49633 0.102689 0.102689
0.50365 0.49635 0.102688 0.102688
0.50366 0.49634 0.102733 0.102733
0.50366 0.49634 0.102769 0.102769
0.50364 0.49636 0.102792 0.102792
0.50361 0.49639 0.102814 0.102814
0.50366 0.49634 0.10285 0.10285
0.5037 0.4963 0.102911 0.102911
0.5037 0.4963 0.102973 0.102973
0.50374 0.49626 0.103031 0.103031
0.5037 0.4963 0.103068 0.103068
0.50377 0.49623 0.103123 0.103123
0.50373 0.49627 0.103157 0.103157
0.50371 0.49629 0.103208 0.103208
0.50371 0.49629 0.103283 0.103283
0.5037 0.4963 0.103342 0.103342
0.50371 0.49629 0.103354 0.103354
0.50372 0.49628 0.103357 0.103357
0.50373 0.49627 0.10339 0.10339
0.50369 0.49631 0.103435 0.103435
0.50375 0.49625 0.103491 0.103491
0.50366 0.49634 0.103537 0.103537
0.50368 0.49632 0.10359 0.10359
0.50374 0.49626 0.103615 0.103615
0.50379 0.49621 0.103665 0.103665
0.50387 0.49613 0.103711 0.103711
0.50396 0.49604 0.103749 0.103749
0.50396 0.49604 0.10378 0.10378
0.50395 0.49605 0.103819 0.103819
0.5039 0.4961 0.103869 0.103869
0.50385 0.49615 0.103912 0.103912
0.5038 0.4962 0.103959 0.103959
0.50376 0.49624 0.103979 0.103979
0.50378 0.49622 0.104011 0.104011
0.50376 0.49624 0.104031 0.104031
0.50366 0.49634 0.104136 0.104136
0.50365 0.49635 0.104155 0.104155
0.50364 0.49636 0.104154 0.104154
0.50366 0.49634 0.104168 0.104168
0.50367 0.49633 0.104207 0.104207
0.50367 0.49633 0.1043 0.1043
0.50371 0.49629 0.104329 0.104329
0.50368 0.49632 0.104372 0.104372
0.50366 0.49634 0.104396 0.104396
0.50357 0.49643 0.10444 0.10444
0.50362 0.49638 0.104479 0.104479
0.50366 0.49634 0.104522 0.104522
0.50364 0.49636 0.104566 0.104566
0.50369 0.49631 0.1046 0.1046
0.50373 0.49627 0.104672 0.104672
0.50374 0.49626 0.104729 0.104729
0.50372 0.49628 0.104736 0.104736
0.50375 0.49625 0.104754 0.104754
0.5038 0.4962 0.10477 0.10477
0.50373 0.49627 0.104841 0.104841
0.50366 0.49634 0.104846 0.104846
0.50361 0.49639 0.104884 0.104884
0.50359 0.49641 0.104874 0.104874
0.50354 0.49646 0.104893 0.104893
0.50357 0.49643 0.104887 0.104887
0.50357 0.49643 0.10498 0.10498
0.50349 0.49651 0.10497 0.10497
0.50349 0.49651 0.105023 0.105023
0.50344 0.49656 0.105048 0.105048
0.50345 0.49655 0.105084 0.105084
0.50341 0.49659 0.105086 0.105086
0.50349 0.49651 0.105135 0.105135
0.50348 0.49652 0.105195 0.105195
0.50341 0.49659 0.105245 0.105245
0.50349 0.49651 0.105251 0.105251
0.50343 0.49657 0.105299 0.105299
0.50341 0.49659 0.105342 0.105342
0.50338 0.49662 0.10536 0.10536
0.50337 0.49663 0.10539 0.10539
0.50327 0.49673 0.105401 0.105401
0.50325 0.49675 0.105408 0.105408
0.50323 0.49677 0.10542 0.10542
0.50331 0.49669 0.105427 0.105427
0.5033 0.4967 0.105472 0.105472
0.5032 0.4968 0.105495 0.105495
0.50326 0.49674 0.105514 0.105514
0.50332 0.49668 0.10556 0.10556
0.50342 0.49658 0.105619 0.105619
0.50355 0.49645 0.105604 0.105604
0.50358 0.49642 0.105608 0.105608
0.50364 0.49636 0.105676 0.105676
0.50368 0.49632 0.105701 0.105701
0.50362 0.49638 0.105701 0.105701
0.50369 0.49631 0.105736 0.105736
0.50368 0.49632 0.10577 0.10577
0.5037 0.4963 0.10579 0.10579
0.5037 0.4963 0.105831 0.105831
0.50362 0.49638 0.10586 0.10586
0.50365 0.49635 0.105905 0.105905
0.50364 0.49636 0.105909 0.105909
0.50369 0.49631 0.105915 0.105915
0.50368 0.49632 0.105949 0.105949
0.50364 0.49636 0.105986 0.105986
0.50367 0.49633 0.106008 0.106008
0.50369 0.49631 0.106038 0.106038
0.50364 0.49636 0.106083 0.106083
0.5036 0.4964 0.106115 0.106115
0.50361 0.49639 0.106109 0.106109
0.50357 0.49643 0.106128 0.106128
0.50354 0.49646 0.106148 0.106148
0.50353 0.49647 0.106161 0.106161
0.50358 0.49642 0.106178 0.106178
0.50367 0.49633 0.10624 0.10624
0.50364 0.49636 0.106239 0.106239
0.50369 0.49631 0.106261 0.106261
0.50374 0.49626 0.106306 0.106306
0.50374 0.49626 0.106326 0.106326
0.50374 0.49626 0.106344 0.106344
0.50376 0.49624 0.106371 0.106371
0.50377 0.49623 0.106384 0.106384
0.50382 0.49618 0.10643 0.10643
0.50381 0.49619 0.10646 0.10646
0.50382 0.49618 0.106469 0.106469
0.50384 0.49616 0.106488 0.106488
0.50389 0.49611 0.106492 0.106492
0.50388 0.49612 0.106528 0.106528
0.50387 0.49613 0.106552 0.106552
0.50374 0.49626 0.106562 0.106562
0.50367 0.49633 0.10657 0.10657
0.50363 0.49637 0.106602 0.106602
0.50362 0.49638 0.106623 0.106623
0.5036 0.4964 0.106651 0.106651
0.50363 0.49637 0.106684 0.106684
0.50367 0.49633 0.106684 0.106684
0.50364 0.49636 0.106725 0.106725
0.50366 0.49634 0.106764 0.106764
0.5037 0.4963 0.106805 0.106805
0.50371 0.49629 0.106838 0.106838
0.50367 0.49633 0.106844 0.106844
0.50369 0.49631 0.106869 0.106869
0.5037 0.4963 0.106917 0.106917
0.50372 0.49628 0.106935 0.106935
0.50371 0.49629 0.106958 0.106958
0.50374 0.49626 0.106993 0.106993
0.50378 0.49622 0.107013 0.107013
0.50378 0.49622 0.107035 0.107035
0.50369 0.49631 0.107059 0.107059
0.50365 0.49635 0.107058 0.107058
0.50368 0.49632 0.107097 0.107097
0.50367 0.49633 0.107113 0.107113
0.50368 0.49632 0.107143 0.107143
0.50372 0.49628 0.10717 0.10717
0.50372 0.49628 0.1072 0.1072
0.50367 0.49633 0.107181 0.107181
0.50366 0.49634 0.107243 0.107243
0.50369 0.49631 0.107287 0.107287
0.50371 0.49629 0.107318 0.107318
0.50374 0.49626 0.107288 0.107288
0.50368 0.49632 0.107296 0.107296
0.50372 0.49628 0.107341 0.107341
0.50369 0.49631 0.107374 0.107374
0.50371 0.49629 0.107412 0.107412
0.50373 0.49627 0.107446 0.107446
0.50376 0.49624 0.107489 0.107489
0.50376 0.49624 0.107518 0.107518
0.5038 0.4962 0.107532 0.107532
0.50372 0.49628 0.107542 0.107542
0.5037 0.4963 0.107558 0.107558
0.50374 0.49626 0.10763 0.10763
0.5037 0.4963 0.107667 0.107667
0.50364 0.49636 0.107728 0.107728
0.50364 0.49636 0.107805 0.107805
0.50367 0.49633 0.10785 0.10785
0.50362 0.49638 0.107919 0.107919
0.50366 0.49634 0.107965 0.107965
0.50361 0.49639 0.107987 0.107987
0.50368 0.49632 0.108019 0.108019
0.50372 0.49628 0.108032 0.108032
0.50367 0.49633 0.108055 0.108055
0.50375 0.49625 0.108064 0.108064
0.50375 0.49625 0.108126 0.108126
0.50377 0.49623 0.108179 0.108179
0.50377 0.49623 0.108208 0.108208
0.50388 0.49612 0.108239 0.108239
0.50393 0.49607 0.108268 0.108268
0.50401 0.49599 0.10831 0.10831
0.50397 0.49603 0.108355 0.108355
0.50388 0.49612 0.108363 0.108363
0.50385 0.49615 0.108389 0.108389
0.50389 0.49611 0.108417 0.108417
0.5039 0.4961 0.108454 0.108454
0.504 0.496 0.108456 0.108456
0.504 0.496 0.108476 0.108476
0.50395 0.49605 0.108511 0.108511
0.504 0.496 0.108512 0.108512
0.50398 0.49602 0.108518 0.108518
0.50404 0.49596 0.108517 0.108517
0.50407 0.49593 0.10855 0.10855
0.5041 0.4959 0.108596 0.108596
0.50414 0.49586 0.108574 0.108574
0.50423 0.49577 0.108596 0.108596
0.50422 0.49578 0.108618 0.108618
0.50427 0.49573 0.108655 0.108655
0.50427 0.49573 0.108651 0.108651
0.50431 0.49569 0.108727 0.108727
0.5043 0.4957 0.108731 0.108731
0.50424 0.49576 0.108767 0.108767
0.50419 0.49581 0.108796 0.108796
0.50424 0.49576 0.108828 0.108828
0.50422 0.49578 0.108879 0.108879
0.50423 0.49577 0.108927 0.108927
0.50423 0.49577 0.108985 0.108985
0.50422 0.49578 0.108999 0.108999
0.50415 0.49585 0.109022 0.109022
0.50412 0.49588 0.109045 0.109045
0.50411 0.49589 0.109069 0.109069
0.50409 0.49591 0.109127 0.109127
0.50411 0.49589 0.109147 0.109147
0.5041 0.4959 0.109195 0.109195
0.50404 0.49596 0.109199 0.109199
0.50403 0.49597 0.109215 0.109215
0.50408 0.49592 0.109274 0.109274
0.50406 0.49594 0.109273 0.109273
0.50402 0.49598 0.109309 0.109309
0.50403 0.49597 0.109353 0.109353
0.50404 0.49596 0.109362 0.109362
0.50407 0.49593 0.109383 0.109383
0.50405 0.49595 0.109404 0.109404
0.50397 0.49603 0.109439 0.109439
0.50405 0.49595 0.109437 0.109437
0.50402 0.49598 0.109469 0.109469
0.50404 0.49596 0.109512 0.109512
0.50409 0.49591 0.109569 0.109569
0.50407 0.49593 0.109544 0.109544
0.50408 0.49592 0.109559 0.109559
0.50409 0.49591 0.109544 0.109544
0.50413 0.49587 0.109576 0.109576
0.50417 0.49583 0.109606 0.109606
0.50416 0.49584 0.109659 0.109659
0.50411 0.49589 0.109687 0.109687
0.50409 0.49591 0.109739 0.109739
0.50407 0.49593 0.109768 0.109768
0.504 0.496 0.109806 0.109806
0.50391 0.49609 0.109833 0.109833
0.504 0.496 0.10985 0.10985
0.50402 0.49598 0.109868 0.109868
0.50398 0.49602 0.109905 0.109905
0.50401 0.49599 0.109948 0.109948
0.50394 0.49606 0.109967 0.109967
0.50397 0.49603 0.109995 0.109995
0.504 0.496 0.110019 0.110019
0.504 0.496 0.110022 0.110022
0.50406 0.49594 0.110054 0.110054
0.50404 0.49596 0.110069 0.110069
0.50409 0.49591 0.110138 0.110138
0.50414 0.49586 0.11017 0.11017
0.50411 0.49589 0.110169 0.110169
0.50411 0.49589 0.110212 0.110212
0.50408 0.49592 0.110236 0.110236
0.50404 0.49596 0.110256 0.110256
0.50398 0.49602 0.110329 0.110329
0.50405 0.49595 0.11039 0.11039
0.50409 0.49591 0.110413 0.110413
0.50414 0.49586 0.110447 0.110447
0.50415 0.49585 0.110464 0.110464
0.50421 0.49579 0.110534 0.110534
0.50418 0.49582 0.110557 0.110557
0.5042 0.4958 0.110592 0.110592
0.50417 0.49583 0.110606 0.110606
0.50422 0.49578 0.110628 0.110628
0.50415 0.49585 0.110702 0.110702
0.50409 0.49591 0.110755 0.110755
0.50406 0.49594 0.110793 0.110793
0.5041 0.4959 0.110801 0.110801
0.50413 0.49587 0.110827 0.110827
0.50405 0.49595 0.110839 0.110839
0.50403 0.49597 0.110886 0.110886
0.50405 0.49595 0.110938 0.110938
