0.50071 0.49929 1.23898e-05 1.23898e-05
0.50081 0.49919 3.08625e-05 3.08625e-05
0.50099 0.49901 5.48787e-05 5.48787e-05
0.50151 0.49849 8.49999e-05 8.49999e-05
0.50149 0.49851 9.68383e-05 9.68383e-05
0.50198 0.49802 0.000113899 0.000113899
0.50182 0.49818 0.000162068 0.000162068
0.50248 0.49752 0.000194091 0.000194091
0.50242 0.49758 0.000223175 0.000223175
0.50182 0.49818 0.000257826 0.000257826
0.50195 0.49805 0.00029324 0.00029324
0.50184 0.49816 0.000341267 0.000341267
0.50154 0.49846 0.000395584 0.000395584
0.5019 0.4981 0.000401465 0.000401465
0.50197 0.49803 0.000425787 0.000425787
0.50256 0.49744 0.000451178 0.000451178
0.50273 0.49727 0.000459229 0.000459229
0.50317 0.49683 0.000490587 0.000490587
0.50365 0.49635 0.000500533 0.000500533
0.5036 0.4964 0.000508667 0.000508667
0.50345 0.49655 0.000550533 0.000550533
0.50367 0.49633 0.000566365 0.000566365
0.50418 0.49582 0.000564331 0.000564331
0.504 0.496 0.000587556 0.000587556
0.50376 0.49624 0.000602447 0.000602447
0.50384 0.49616 0.000620459 0.000620459
0.50378 0.49622 0.000621163 0.000621163
0.50366 0.49634 0.000643419 0.000643419
0.5038 0.4962 0.000645859 0.000645859
0.50303 0.49697 0.000647969 0.000647969
0.50272 0.49728 0.000662466 0.000662466
0.50266 0.49734 0.000667742 0.000667742
0.50214 0.49786 0.000707495 0.000707495
0.50227 0.49773 0.000703189 0.000703189
0.50223 0.49777 0.000721977 0.000721977
0.50282 0.49718 0.00075324 0.00075324
0.50231 0.49769 0.000733529 0.000733529
0.50178 0.49822 0.000746719 0.000746719
0.50211 0.49789 0.000772867 0.000772867
0.50144 0.49856 0.000794471 0.000794471
0.50132 0.49868 0.000816846 0.000816846
0.50119 0.49881 0.000827085 0.000827085
0.50101 0.49899 0.000850454 0.000850454
0.50112 0.49888 0.000852268 0.000852268
0.50083 0.49917 0.000849658 0.000849658
0.50111 0.49889 0.00084818 0.00084818
0.50123 0.49877 0.00081927 0.00081927
0.50121 0.49879 0.000809097 0.000809097
0.50131 0.49869 0.000839731 0.000839731
0.50163 0.49837 0.00081173 0.00081173
0.5023 0.4977 0.000790232 0.000790232
0.50261 0.49739 0.000829695 0.000829695
0.50342 0.49658 0.000828913 0.000828913
0.50338 0.49662 0.00084242 0.00084242
0.50325 0.49675 0.000842088 0.000842088
0.5033 0.4967 0.000891667 0.000891667
0.50319 0.49681 0.000865024 0.000865024
0.50289 0.49711 0.000911493 0.000911493
0.50218 0.49782 0.000947523 0.000947523
0.50246 0.49754 0.000940008 0.000940008
0.50233 0.49767 0.000913637 0.000913637
0.50218 0.49782 0.000881179 0.000881179
0.5019 0.4981 0.000914899 0.000914899
0.50196 0.49804 0.000936928 0.000936928
0.50184 0.49816 0.000914984 0.000914984
0.50147 0.49853 0.000894635 0.000894635
0.50116 0.49884 0.00090856 0.00090856
0.50115 0.49885 0.000955907 0.000955907
0.50127 0.49873 0.00101444 0.00101444
0.50114 0.49886 0.00101525 0.00101525
0.50122 0.49878 0.00102587 0.00102587
0.50119 0.49881 0.00104656 0.00104656
0.50155 0.49845 0.00103613 0.00103613
0.50174 0.49826 0.00103628 0.00103628
0.50217 0.49783 0.00104707 0.00104707
0.50278 0.49722 0.00104393 0.00104393
0.50266 0.49734 0.0010375 0.0010375
0.50279 0.49721 0.00105669 0.00105669
0.50263 0.49737 0.00101555 0.00101555
0.50246 0.49754 0.00102082 0.00102082
0.5031 0.4969 0.00103498 0.00103498
0.5036 0.4964 0.00103315 0.00103315
0.50351 0.49649 0.00105357 0.00105357
0.50411 0.49589 0.00109 0.00109
0.50426 0.49574 0.00111553 0.00111553
0.50424 0.49576 0.00116334 0.00116334
0.50419 0.49581 0.00117648 0.00117648
0.50431 0.49569 0.00117147 0.00117147
0.50352 0.49648 0.00115435 0.00115435
0.50356 0.49644 0.0011415 0.0011415
0.50365 0.49635 0.00114047 0.00114047
0.50366 0.49634 0.00114061 0.00114061
0.50448 0.49552 0.00113894 0.00113894
0.50405 0.49595 0.00117613 0.00117613
0.50361 0.49639 0.00115921 0.00115921
0.50334 0.49666 0.0011616 0.0011616
0.5025 0.4975 0.00117615 0.00117615
0.50266 0.49734 0.00121263 0.00121263
0.50246 0.49754 0.00118799 0.00118799
0.50279 0.49721 0.00120126 0.00120126
0.50313 0.49687 0.00116209 0.00116209
0.50299 0.49701 0.00115049 0.00115049
0.50268 0.49732 0.00117258 0.00117258
0.50294 0.49706 0.00115555 0.00115555
0.50258 0.49742 0.00117483 0.00117483
0.50354 0.49646 0.00116811 0.00116811
0.50352 0.49648 0.00117122 0.00117122
0.50384 0.49616 0.00122113 0.00122113
0.5034 0.4966 0.00122174 0.00122174
0.50382 0.49618 0.00123106 0.00123106
0.50408 0.49592 0.00122262 0.00122262
0.50436 0.49564 0.00125015 0.00125015
0.50466 0.49534 0.00128693 0.00128693
0.50419 0.49581 0.00128902 0.00128902
0.50425 0.49575 0.0012893 0.0012893
0.50402 0.49598 0.00128428 0.00128428
0.5038 0.4962 0.00130325 0.00130325
0.50433 0.49567 0.00129305 0.00129305
0.5039 0.4961 0.00129928 0.00129928
0.50449 0.49551 0.00126496 0.00126496
0.50482 0.49518 0.00128621 0.00128621
0.50467 0.49533 0.0012903 0.0012903
0.5048 0.4952 0.00131275 0.00131275
0.50482 0.49518 0.00134566 0.00134566
0.50518 0.49482 0.00133799 0.00133799
0.50517 0.49483 0.00130762 0.00130762
0.50479 0.49521 0.00127041 0.00127041
0.50453 0.49547 0.00129088 0.00129088
0.50481 0.49519 0.00133563 0.00133563
0.50505 0.49495 0.00133445 0.00133445
0.50508 0.49492 0.00132262 0.00132262
0.50474 0.49526 0.00133409 0.00133409
0.50529 0.49471 0.00135568 0.00135568
0.50551 0.49449 0.00138522 0.00138522
0.50538 0.49462 0.0014408 0.0014408
0.50525 0.49475 0.00148185 0.00148185
0.50567 0.49433 0.00148824 0.00148824
0.50576 0.49424 0.00153534 0.00153534
0.50587 0.49413 0.00155321 0.00155321
0.50614 0.49386 0.00151826 0.00151826
0.50661 0.49339 0.00152854 0.00152854
0.50658 0.49342 0.0015097 0.0015097
0.5065 0.4935 0.00147355 0.00147355
0.5065 0.4935 0.00153837 0.00153837
0.5064 0.4936 0.00157057 0.00157057
0.50647 0.49353 0.00158407 0.00158407
0.50666 0.49334 0.00158661 0.00158661
0.50748 0.49252 0.00159245 0.00159245
0.50663 0.49337 0.0015971 0.0015971
0.50631 0.49369 0.00159919 0.00159919
0.50635 0.49365 0.00164615 0.00164615
0.50604 0.49396 0.00164778 0.00164778
0.5067 0.4933 0.00164102 0.00164102
0.50637 0.49363 0.00169286 0.00169286
0.50637 0.49363 0.00168387 0.00168387
0.50691 0.49309 0.00161784 0.00161784
0.5071 0.4929 0.00158805 0.00158805
0.50703 0.49297 0.00157997 0.00157997
0.50716 0.49284 0.00159644 0.00159644
0.50742 0.49258 0.00158901 0.00158901
0.50734 0.49266 0.00158778 0.00158778
0.50704 0.49296 0.00160786 0.00160786
0.50655 0.49345 0.00165435 0.00165435
0.50708 0.49292 0.00168333 0.00168333
0.50691 0.49309 0.00168891 0.00168891
0.50717 0.49283 0.00169004 0.00169004
0.50705 0.49295 0.00167261 0.00167261
0.50647 0.49353 0.00163478 0.00163478
0.5064 0.4936 0.00162046 0.00162046
0.50679 0.49321 0.00164681 0.00164681
0.50683 0.49317 0.00167467 0.00167467
0.50643 0.49357 0.00170132 0.00170132
0.50694 0.49306 0.00170796 0.00170796
0.50636 0.49364 0.00170922 0.00170922
0.50664 0.49336 0.00170771 0.00170771
0.50622 0.49378 0.00171789 0.00171789
0.50615 0.49385 0.00171653 0.00171653
0.50618 0.49382 0.00170817 0.00170817
0.50602 0.49398 0.00171323 0.00171323
0.50606 0.49394 0.00170767 0.00170767
0.5063 0.4937 0.00176338 0.00176338
0.50624 0.49376 0.00177835 0.00177835
0.50576 0.49424 0.00174515 0.00174515
0.50585 0.49415 0.00173843 0.00173843
0.50538 0.49462 0.00169161 0.00169161
0.50511 0.49489 0.00171929 0.00171929
0.50521 0.49479 0.00168639 0.00168639
0.5041 0.4959 0.00167258 0.00167258
0.50443 0.49557 0.0017315 0.0017315
0.50485 0.49515 0.00177811 0.00177811
0.50511 0.49489 0.00178705 0.00178705
0.50579 0.49421 0.0017912 0.0017912
0.50589 0.49411 0.00178858 0.00178858
0.506 0.494 0.00178984 0.00178984
0.50638 0.49362 0.00177753 0.00177753
0.50639 0.49361 0.00182285 0.00182285
0.50609 0.49391 0.00182515 0.00182515
0.50587 0.49413 0.00185151 0.00185151
0.50582 0.49418 0.00180678 0.00180678
0.50495 0.49505 0.00177217 0.00177217
0.50455 0.49545 0.00177368 0.00177368
0.50445 0.49555 0.00179678 0.00179678
0.50426 0.49574 0.00179832 0.00179832
0.50372 0.49628 0.00172725 0.00172725
0.50279 0.49721 0.00173984 0.00173984
0.50277 0.49723 0.00178404 0.00178404
0.50243 0.49757 0.00181326 0.00181326
0.50308 0.49692 0.00188292 0.00188292
0.50287 0.49713 0.00184426 0.00184426
0.50269 0.49731 0.00183609 0.00183609
0.50238 0.49762 0.0017981 0.0017981
0.50197 0.49803 0.00182781 0.00182781
0.50194 0.49806 0.00180927 0.00180927
0.50252 0.49748 0.00179488 0.00179488
0.50198 0.49802 0.00178513 0.00178513
0.50199 0.49801 0.00176621 0.00176621
0.50171 0.49829 0.00182411 0.00182411
0.50217 0.49783 0.00182107 0.00182107
0.50219 0.49781 0.0018528 0.0018528
0.50224 0.49776 0.00187608 0.00187608
0.50243 0.49757 0.0018299 0.0018299
0.50249 0.49751 0.0018666 0.0018666
0.50311 0.49689 0.00189083 0.00189083
0.50264 0.49736 0.00191967 0.00191967
0.50294 0.49706 0.00190905 0.00190905
0.50278 0.49722 0.00190791 0.00190791
0.50333 0.49667 0.00192794 0.00192794
0.50313 0.49687 0.00197822 0.00197822
0.5031 0.4969 0.0019668 0.0019668
0.50344 0.49656 0.00193807 0.00193807
0.50371 0.49629 0.00196152 0.00196152
0.5037 0.4963 0.00194969 0.00194969
0.50386 0.49614 0.00190341 0.00190341
0.50378 0.49622 0.00180803 0.00180803
0.50342 0.49658 0.00175588 0.00175588
0.50407 0.49593 0.00175562 0.00175562
0.50414 0.49586 0.00182212 0.00182212
0.5046 0.4954 0.00179863 0.00179863
0.50516 0.49484 0.00181109 0.00181109
0.50491 0.49509 0.00186416 0.00186416
0.50499 0.49501 0.00190936 0.00190936
0.50444 0.49556 0.00194974 0.00194974
0.50431 0.49569 0.00196549 0.00196549
0.50455 0.49545 0.00199704 0.00199704
0.50439 0.49561 0.00195969 0.00195969
0.50423 0.49577 0.0020004 0.0020004
0.5043 0.4957 0.00203829 0.00203829
0.50445 0.49555 0.00207047 0.00207047
0.50446 0.49554 0.00206546 0.00206546
0.50482 0.49518 0.00201168 0.00201168
0.50511 0.49489 0.0020747 0.0020747
0.50479 0.49521 0.00206431 0.00206431
0.50462 0.49538 0.00208793 0.00208793
0.5038 0.4962 0.00216257 0.00216257
0.50321 0.49679 0.00221451 0.00221451
0.50343 0.49657 0.00220532 0.00220532
0.50363 0.49637 0.00214337 0.00214337
0.50347 0.49653 0.00218938 0.00218938
0.50385 0.49615 0.00217991 0.00217991
0.50385 0.49615 0.0021832 0.0021832
0.50388 0.49612 0.0021572 0.0021572
0.50377 0.49623 0.00220016 0.00220016
0.50449 0.49551 0.00218175 0.00218175
0.50418 0.49582 0.00218995 0.00218995
0.50411 0.49589 0.00223212 0.00223212
0.50506 0.49494 0.00217117 0.00217117
0.50536 0.49464 0.00219217 0.00219217
0.50556 0.49444 0.00221251 0.00221251
0.50598 0.49402 0.00224594 0.00224594
0.50585 0.49415 0.00225253 0.00225253
0.50514 0.49486 0.00219105 0.00219105
0.50582 0.49418 0.00217579 0.00217579
0.5058 0.4942 0.00218749 0.00218749
0.50617 0.49383 0.00215752 0.00215752
0.50633 0.49367 0.00216317 0.00216317
0.50669 0.49331 0.00219098 0.00219098
0.50689 0.49311 0.00219345 0.00219345
0.50678 0.49322 0.00216308 0.00216308
0.50666 0.49334 0.00222788 0.00222788
0.50653 0.49347 0.00226821 0.00226821
0.50746 0.49254 0.00232914 0.00232914
0.50766 0.49234 0.00232202 0.00232202
0.50757 0.49243 0.00236229 0.00236229
0.50777 0.49223 0.0024838 0.0024838
0.50836 0.49164 0.00247088 0.00247088
0.50815 0.49185 0.00249076 0.00249076
0.50757 0.49243 0.002531 0.002531
0.50812 0.49188 0.00252809 0.00252809
0.50866 0.49134 0.00251895 0.00251895
0.5089 0.4911 0.00254902 0.00254902
0.50921 0.49079 0.00252178 0.00252178
0.50897 0.49103 0.00253898 0.00253898
0.5093 0.4907 0.00250753 0.00250753
0.50855 0.49145 0.00254914 0.00254914
0.50834 0.49166 0.0025793 0.0025793
0.50797 0.49203 0.00256334 0.00256334
0.50767 0.49233 0.00253733 0.00253733
0.50786 0.49214 0.00250186 0.00250186
0.50787 0.49213 0.0025329 0.0025329
0.50813 0.49187 0.0024946 0.0024946
0.508 0.492 0.00254125 0.00254125
0.50767 0.49233 0.00256717 0.00256717
0.50749 0.49251 0.0025913 0.0025913
0.50782 0.49218 0.00260106 0.00260106
0.50763 0.49237 0.00262862 0.00262862
0.50706 0.49294 0.00257226 0.00257226
0.50744 0.49256 0.00252657 0.00252657
0.50745 0.49255 0.00250789 0.00250789
0.50751 0.49249 0.00247658 0.00247658
0.50737 0.49263 0.00252452 0.00252452
0.50753 0.49247 0.00251516 0.00251516
0.50816 0.49184 0.00247773 0.00247773
0.5082 0.4918 0.00252244 0.00252244
0.50784 0.49216 0.00251482 0.00251482
0.50803 0.49197 0.00257219 0.00257219
0.50828 0.49172 0.00258709 0.00258709
0.50866 0.49134 0.00261804 0.00261804
0.50823 0.49177 0.00252929 0.00252929
0.50873 0.49127 0.00248763 0.00248763
0.50909 0.49091 0.0025195 0.0025195
0.5084 0.4916 0.00255202 0.00255202
0.50804 0.49196 0.00255254 0.00255254
0.50804 0.49196 0.0025137 0.0025137
0.50772 0.49228 0.00247604 0.00247604
0.50762 0.49238 0.00244973 0.00244973
0.50718 0.49282 0.00242977 0.00242977
0.50764 0.49236 0.00246676 0.00246676
0.5075 0.4925 0.00246676 0.00246676
0.5074 0.4926 0.0024244 0.0024244
0.50751 0.49249 0.00238957 0.00238957
0.50775 0.49225 0.0024175 0.0024175
0.50732 0.49268 0.00243608 0.00243608
0.507 0.493 0.00246861 0.00246861
0.50697 0.49303 0.00250851 0.00250851
0.50679 0.49321 0.0025052 0.0025052
0.50725 0.49275 0.00250762 0.00250762
0.5072 0.4928 0.00247028 0.00247028
0.50748 0.49252 0.0024147 0.0024147
0.50681 0.49319 0.00245106 0.00245106
0.50701 0.49299 0.00252987 0.00252987
0.50701 0.49299 0.00246569 0.00246569
0.507 0.493 0.00247653 0.00247653
0.50745 0.49255 0.00245942 0.00245942
0.50723 0.49277 0.00245943 0.00245943
0.50692 0.49308 0.00249353 0.00249353
0.5062 0.4938 0.00251101 0.00251101
0.50559 0.49441 0.00251529 0.00251529
0.50572 0.49428 0.00247752 0.00247752
0.50646 0.49354 0.00249999 0.00249999
0.50663 0.49337 0.00252308 0.00252308
0.5062 0.4938 0.00252404 0.00252404
0.50664 0.49336 0.00246926 0.00246926
0.50626 0.49374 0.00251413 0.00251413
0.50587 0.49413 0.00245809 0.00245809
0.506 0.494 0.00244846 0.00244846
0.50649 0.49351 0.00243979 0.00243979
0.50677 0.49323 0.00245357 0.00245357
0.50687 0.49313 0.00245597 0.00245597
0.50686 0.49314 0.00242234 0.00242234
0.50661 0.49339 0.00244703 0.00244703
0.50684 0.49316 0.00248763 0.00248763
0.5075 0.4925 0.00246387 0.00246387
0.50765 0.49235 0.00246043 0.00246043
0.50708 0.49292 0.00248664 0.00248664
0.50756 0.49244 0.00249659 0.00249659
0.50748 0.49252 0.00252926 0.00252926
0.50629 0.49371 0.00261825 0.00261825
0.50661 0.49339 0.00260749 0.00260749
0.50692 0.49308 0.00257791 0.00257791
0.50757 0.49243 0.00265336 0.00265336
0.50759 0.49241 0.00262562 0.00262562
0.50823 0.49177 0.00261903 0.00261903
0.50858 0.49142 0.0026318 0.0026318
0.5087 0.4913 0.00264672 0.00264672
0.50871 0.49129 0.00267492 0.00267492
0.5088 0.4912 0.00263881 0.00263881
0.50938 0.49062 0.00268557 0.00268557
0.50926 0.49074 0.00268874 0.00268874
0.50962 0.49038 0.00260911 0.00260911
0.50954 0.49046 0.00257181 0.00257181
0.50972 0.49028 0.00258499 0.00258499
0.50979 0.49021 0.00259279 0.00259279
0.51039 0.48961 0.00260943 0.00260943
0.51052 0.48948 0.00262449 0.00262449
0.51047 0.48953 0.0025786 0.0025786
0.51015 0.48985 0.00261318 0.00261318
0.51005 0.48995 0.00258724 0.00258724
0.51019 0.48981 0.0026064 0.0026064
0.50999 0.49001 0.00265114 0.00265114
0.50978 0.49022 0.00269347 0.00269347
0.51024 0.48976 0.00272297 0.00272297
0.51094 0.48906 0.00273046 0.00273046
0.51088 0.48912 0.00275192 0.00275192
0.51085 0.48915 0.00273558 0.00273558
0.51139 0.48861 0.0027125 0.0027125
0.51128 0.48872 0.00265998 0.00265998
0.51108 0.48892 0.00271112 0.00271112
0.51133 0.48867 0.0027382 0.0027382
0.5112 0.4888 0.0027339 0.0027339
0.51166 0.48834 0.00275057 0.00275057
0.51234 0.48766 0.00274166 0.00274166
0.51293 0.48707 0.00279215 0.00279215
0.5124 0.4876 0.00271194 0.00271194
0.51261 0.48739 0.00271994 0.00271994
0.51247 0.48753 0.00271094 0.00271094
0.51306 0.48694 0.00275545 0.00275545
0.51291 0.48709 0.0027518 0.0027518
0.51298 0.48702 0.00275855 0.00275855
0.51275 0.48725 0.00277722 0.00277722
0.51263 0.48737 0.00271985 0.00271985
0.51247 0.48753 0.00276742 0.00276742
0.51265 0.48735 0.00283372 0.00283372
0.51309 0.48691 0.0028116 0.0028116
0.51298 0.48702 0.00279481 0.00279481
0.51264 0.48736 0.00273577 0.00273577
0.51265 0.48735 0.00277558 0.00277558
0.51282 0.48718 0.0027237 0.0027237
0.5126 0.4874 0.00276012 0.00276012
0.51269 0.48731 0.00272131 0.00272131
0.51257 0.48743 0.00277237 0.00277237
0.51218 0.48782 0.002731 0.002731
0.5125 0.4875 0.00268694 0.00268694
0.51257 0.48743 0.00272148 0.00272148
0.51243 0.48757 0.0026934 0.0026934
0.51169 0.48831 0.00265904 0.00265904
0.51095 0.48905 0.00265979 0.00265979
0.51101 0.48899 0.00264999 0.00264999
0.51155 0.48845 0.00267168 0.00267168
0.51121 0.48879 0.00264877 0.00264877
0.51201 0.48799 0.00259645 0.00259645
0.51068 0.48932 0.00262872 0.00262872
0.51057 0.48943 0.00262053 0.00262053
0.5097 0.4903 0.00269094 0.00269094
0.50994 0.49006 0.00270783 0.00270783
0.50998 0.49002 0.00271125 0.00271125
0.50997 0.49003 0.00268094 0.00268094
0.50995 0.49005 0.00271134 0.00271134
0.51 0.49 0.00272147 0.00272147
0.50988 0.49012 0.00280368 0.00280368
0.51045 0.48955 0.00281419 0.00281419
0.51039 0.48961 0.0027803 0.0027803
0.50948 0.49052 0.00280056 0.00280056
0.50952 0.49048 0.00275684 0.00275684
0.50946 0.49054 0.00270888 0.00270888
0.50978 0.49022 0.0027008 0.0027008
0.5095 0.4905 0.00267542 0.00267542
0.50977 0.49023 0.00270483 0.00270483
0.50955 0.49045 0.00273023 0.00273023
0.50984 0.49016 0.00279024 0.00279024
0.50926 0.49074 0.00285324 0.00285324
0.50882 0.49118 0.00295457 0.00295457
0.50867 0.49133 0.00295822 0.00295822
0.50792 0.49208 0.00298648 0.00298648
0.50819 0.49181 0.00295169 0.00295169
0.50787 0.49213 0.00293294 0.00293294
0.50797 0.49203 0.00294649 0.00294649
0.50847 0.49153 0.00295076 0.00295076
0.50829 0.49171 0.00295815 0.00295815
0.50849 0.49151 0.00295716 0.00295716
0.50952 0.49048 0.00292734 0.00292734
0.50945 0.49055 0.00295577 0.00295577
0.50884 0.49116 0.00298698 0.00298698
0.50871 0.49129 0.00299611 0.00299611
0.50844 0.49156 0.00296356 0.00296356
0.50769 0.49231 0.00297244 0.00297244
0.5077 0.4923 0.0030086 0.0030086
0.50828 0.49172 0.00303709 0.00303709
0.5083 0.4917 0.00300243 0.00300243
0.50803 0.49197 0.00300952 0.00300952
0.50829 0.49171 0.00301976 0.00301976
0.50791 0.49209 0.00301499 0.00301499
0.50751 0.49249 0.00301128 0.00301128
0.50733 0.49267 0.00301762 0.00301762
0.50745 0.49255 0.00299599 0.00299599
0.50674 0.49326 0.00305476 0.00305476
0.50677 0.49323 0.00301672 0.00301672
0.50668 0.49332 0.00295565 0.00295565
0.50736 0.49264 0.00302979 0.00302979
0.50795 0.49205 0.00300593 0.00300593
0.50816 0.49184 0.00296834 0.00296834
0.50806 0.49194 0.0030022 0.0030022
0.50819 0.49181 0.00293953 0.00293953
0.50823 0.49177 0.00297214 0.00297214
0.50837 0.49163 0.00297783 0.00297783
0.5078 0.4922 0.00294459 0.00294459
0.50814 0.49186 0.00290095 0.00290095
0.50839 0.49161 0.0029687 0.0029687
0.50871 0.49129 0.00305312 0.00305312
0.509 0.491 0.00310457 0.00310457
0.50912 0.49088 0.00313328 0.00313328
0.50867 0.49133 0.00309602 0.00309602
0.50851 0.49149 0.00309999 0.00309999
0.5091 0.4909 0.00309643 0.00309643
0.50899 0.49101 0.0031293 0.0031293
0.50889 0.49111 0.00317218 0.00317218
0.50838 0.49162 0.00316513 0.00316513
0.5085 0.4915 0.0031893 0.0031893
0.50865 0.49135 0.0032408 0.0032408
0.50917 0.49083 0.00329628 0.00329628
0.50936 0.49064 0.0033425 0.0033425
