0.49963 0.50037 8.74051e-06 8.74051e-06
0.49959 0.50041 1.66282e-05 1.66282e-05
0.49952 0.50048 2.36461e-05 2.36461e-05
0.50023 0.49977 2.88254e-05 2.88254e-05
0.50062 0.49938 3.54905e-05 3.54905e-05
0.50064 0.49936 4.42125e-05 4.42125e-05
0.50075 0.49925 4.55025e-05 4.55025e-05
0.50069 0.49931 4.69635e-05 4.69635e-05
0.50039 0.49961 5.40787e-05 5.40787e-05
0.50069 0.49931 5.31858e-05 5.31858e-05
0.50084 0.49916 4.81964e-05 4.81964e-05
0.50085 0.49915 4.83106e-05 4.83106e-05
0.50083 0.49917 5.05062e-05 5.05062e-05
0.50105 0.49895 5.56237e-05 5.56237e-05
0.50035 0.49965 5.64318e-05 5.64318e-05
0.5002 0.4998 5.82828e-05 5.82828e-05
0.50004 0.49996 5.77964e-05 5.77964e-05
0.50014 0.49986 5.80812e-05 5.80812e-05
0.50054 0.49946 6.59681e-05 6.59681e-05
0.50011 0.49989 6.94524e-05 6.94524e-05
0.5002 0.4998 7.1596e-05 7.1596e-05
0.50061 0.49939 7.18161e-05 7.18161e-05
0.50114 0.49886 7.3556e-05 7.3556e-05
0.50109 0.49891 7.76787e-05 7.76787e-05
0.50095 0.49905 8.36035e-05 8.36035e-05
0.50063 0.49937 7.73466e-05 7.73466e-05
0.50036 0.49964 8.25762e-05 8.25762e-05
0.50014 0.49986 8.49499e-05 8.49499e-05
0.50035 0.49965 7.43308e-05 7.43308e-05
0.50064 0.49936 8.296e-05 8.296e-05
0.50028 0.49972 8.62642e-05 8.62642e-05
0.50069 0.49931 8.43575e-05 8.43575e-05
0.5008 0.4992 8.29091e-05 8.29091e-05
0.5009 0.4991 7.81717e-05 7.81717e-05
0.50098 0.49902 8.64238e-05 8.64238e-05
0.50072 0.49928 8.53552e-05 8.53552e-05
0.50055 0.49945 8.69167e-05 8.69167e-05
0.50024 0.49976 8.43863e-05 8.43863e-05
0.50021 0.49979 9.30969e-05 9.30969e-05
0.50031 0.49969 9.07615e-05 9.07615e-05
0.49997 0.50003 8.71607e-05 8.71607e-05
0.50036 0.49964 9.2556e-05 9.2556e-05
0.50024 0.49976 9.59014e-05 9.59014e-05
0.50016 0.49984 9.95297e-05 9.95297e-05
0.49981 0.50019 0.000101852 0.000101852
0.49974 0.50026 0.000111588 0.000111588
0.49969 0.50031 0.000119024 0.000119024
0.49952 0.50048 0.000107989 0.000107989
0.49976 0.50024 0.00010572 0.00010572
0.49982 0.50018 0.000104028 0.000104028
0.49974 0.50026 0.00010379 0.00010379
0.49994 0.50006 0.000111411 0.000111411
0.49998 0.50002 0.000116363 0.000116363
0.50047 0.49953 0.000110716 0.000110716
0.50043 0.49957 0.000116328 0.000116328
0.5002 0.4998 0.000114828 0.000114828
0.49958 0.50042 0.000117862 0.000117862
0.49952 0.50048 0.000111444 0.000111444
0.49968 0.50032 0.000106543 0.000106543
0.49988 0.50012 0.000104086 0.000104086
0.50022 0.49978 0.000107365 0.000107365
0.50016 0.49984 9.61964e-05 9.61964e-05
0.49975 0.50025 9.69571e-05 9.69571e-05
0.49929 0.50071 9.84302e-05 9.84302e-05
0.49867 0.50133 0.000100082 0.000100082
0.4988 0.5012 9.65253e-05 9.65253e-05
0.49905 0.50095 8.76439e-05 8.76439e-05
0.4994 0.5006 9.02222e-05 9.02222e-05
0.49906 0.50094 8.41176e-05 8.41176e-05
0.49815 0.50185 8.63106e-05 8.63106e-05
0.49815 0.50185 8.2351e-05 8.2351e-05
0.49823 0.50177 8.58557e-05 8.58557e-05
0.49832 0.50168 8.99168e-05 8.99168e-05
0.49828 0.50172 9.49107e-05 9.49107e-05
0.49848 0.50152 9.42319e-05 9.42319e-05
0.49877 0.50123 8.99769e-05 8.99769e-05
0.4994 0.5006 9.03434e-05 9.03434e-05
0.49925 0.50075 9.4149e-05 9.4149e-05
0.49943 0.50057 8.90759e-05 8.90759e-05
0.49953 0.50047 7.88981e-05 7.88981e-05
0.49931 0.50069 7.29029e-05 7.29029e-05
0.49952 0.50048 7.99289e-05 7.99289e-05
0.49938 0.50062 8.29248e-05 8.29248e-05
0.49858 0.50142 7.96198e-05 7.96198e-05
0.49874 0.50126 7.81337e-05 7.81337e-05
0.49841 0.50159 7.96989e-05 7.96989e-05
0.49817 0.50183 7.97587e-05 7.97587e-05
0.49805 0.50195 7.69975e-05 7.69975e-05
0.4981 0.5019 7.93232e-05 7.93232e-05
0.49874 0.50126 7.23964e-05 7.23964e-05
0.49844 0.50156 8.46529e-05 8.46529e-05
0.49868 0.50132 7.75531e-05 7.75531e-05
0.49874 0.50126 8.20529e-05 8.20529e-05
0.49882 0.50118 9.15834e-05 9.15834e-05
0.49931 0.50069 9.04383e-05 9.04383e-05
0.4998 0.5002 9.75758e-05 9.75758e-05
0.49944 0.50056 0.00010932 0.00010932
0.49941 0.50059 0.000104022 0.000104022
0.49899 0.50101 0.000109061 0.000109061
0.49935 0.50065 0.000103098 0.000103098
0.49926 0.50074 0.000108033 0.000108033
0.499 0.501 0.000105535 0.000105535
0.49907 0.50093 0.000112874 0.000112874
0.49911 0.50089 0.000107998 0.000107998
0.49923 0.50077 0.000112684 0.000112684
0.49947 0.50053 0.000109827 0.000109827
0.49951 0.50049 0.000110656 0.000110656
0.49932 0.50068 0.000107088 0.000107088
0.499 0.501 0.000106727 0.000106727
0.49884 0.50116 0.000113065 0.000113065
0.49883 0.50117 0.000118446 0.000118446
0.49885 0.50115 0.000110008 0.000110008
0.49923 0.50077 9.88254e-05 9.88254e-05
0.49896 0.50104 0.000104968 0.000104968
0.49827 0.50173 0.000107189 0.000107189
0.49826 0.50174 0.000108215 0.000108215
0.49866 0.50134 0.000111661 0.000111661
0.49874 0.50126 0.000116538 0.000116538
0.49891 0.50109 0.000117557 0.000117557
0.49894 0.50106 0.00012038 0.00012038
0.49922 0.50078 0.000117103 0.000117103
0.49954 0.50046 0.000108897 0.000108897
0.49974 0.50026 0.000114154 0.000114154
0.49982 0.50018 0.000108715 0.000108715
0.49934 0.50066 0.000105318 0.000105318
0.49982 0.50018 0.000103765 0.000103765
0.49957 0.50043 0.00010346 0.00010346
0.49971 0.50029 0.000106329 0.000106329
0.49944 0.50056 0.000108693 0.000108693
0.49969 0.50031 0.000103145 0.000103145
0.49958 0.50042 0.000102266 0.000102266
0.49929 0.50071 0.000106228 0.000106228
0.49957 0.50043 0.00010346 0.00010346
0.49983 0.50017 0.000103415 0.000103415
0.49962 0.50038 9.88238e-05 9.88238e-05
0.49985 0.50015 9.4351e-05 9.4351e-05
0.49966 0.50034 9.60651e-05 9.60651e-05
0.49952 0.50048 0.000102939 0.000102939
0.49993 0.50007 0.000102753 0.000102753
0.49995 0.50005 0.000106573 0.000106573
0.49966 0.50034 0.000107944 0.000107944
0.49952 0.50048 0.000104697 0.000104697
0.49957 0.50043 0.000116349 0.000116349
0.49987 0.50013 0.000123488 0.000123488
0.50013 0.49987 0.000137852 0.000137852
0.50001 0.49999 0.000138495 0.000138495
0.50033 0.49967 0.000130506 0.000130506
0.50037 0.49963 0.000131892 0.000131892
0.50019 0.49981 0.00011763 0.00011763
0.49972 0.50028 0.000116749 0.000116749
0.49952 0.50048 0.000116676 0.000116676
0.49921 0.50079 0.000123258 0.000123258
0.49925 0.50075 0.000125745 0.000125745
0.49891 0.50109 0.000125719 0.000125719
0.49892 0.50108 0.00012666 0.00012666
0.49851 0.50149 0.000120596 0.000120596
0.49878 0.50122 0.000119769 0.000119769
0.49902 0.50098 0.000114121 0.000114121
0.49887 0.50113 0.000119872 0.000119872
0.49898 0.50102 0.000116747 0.000116747
0.49908 0.50092 0.000114478 0.000114478
0.49886 0.50114 0.00011198 0.00011198
0.49849 0.50151 0.000121707 0.000121707
0.49826 0.50174 0.000122376 0.000122376
0.49855 0.50145 0.000113624 0.000113624
0.49862 0.50138 0.000111753 0.000111753
0.49826 0.50174 0.00011076 0.00011076
0.49843 0.50157 0.00010748 0.00010748
0.49824 0.50176 0.000107093 0.000107093
0.49867 0.50133 0.000119395 0.000119395
0.4991 0.5009 0.000122717 0.000122717
0.49915 0.50085 0.000109321 0.000109321
0.49938 0.50062 0.00011646 0.00011646
0.49914 0.50086 0.000115859 0.000115859
0.49967 0.50033 0.000100971 0.000100971
0.49954 0.50046 9.47964e-05 9.47964e-05
0.50007 0.49993 8.90961e-05 8.90961e-05
0.49943 0.50057 9.42072e-05 9.42072e-05
0.49922 0.50078 9.60117e-05 9.60117e-05
0.49907 0.50093 9.26112e-05 9.26112e-05
0.49919 0.50081 9.47615e-05 9.47615e-05
0.49903 0.50097 0.000103484 0.000103484
0.49936 0.50064 9.81923e-05 9.81923e-05
0.49951 0.50049 0.000101 0.000101
0.49932 0.50068 0.000101957 0.000101957
0.49955 0.50045 0.000104876 0.000104876
0.50001 0.49999 0.000103323 0.000103323
0.50009 0.49991 0.000113355 0.000113355
0.50017 0.49983 0.000118405 0.000118405
0.49997 0.50003 0.000115484 0.000115484
0.50028 0.49972 0.000119981 0.000119981
0.50007 0.49993 0.000118652 0.000118652
0.5 0.5 0.00011297 0.00011297
0.5001 0.4999 0.000113323 0.000113323
0.50011 0.49989 0.000108402 0.000108402
0.5002 0.4998 0.000119535 0.000119535
0.50054 0.49946 0.000116514 0.000116514
0.50033 0.49967 0.00011386 0.00011386
0.50068 0.49932 0.000111331 0.000111331
0.50082 0.49918 0.000108937 0.000108937
0.50088 0.49912 0.000107016 0.000107016
0.50075 0.49925 0.000110331 0.000110331
0.50021 0.49979 0.000120915 0.000120915
0.50026 0.49974 0.000116821 0.000116821
0.50017 0.49983 0.000112385 0.000112385
0.50012 0.49988 0.000117056 0.000117056
0.49997 0.50003 0.000114918 0.000114918
0.49996 0.50004 0.000114766 0.000114766
0.50023 0.49977 0.000116199 0.000116199
0.50047 0.49953 0.000116413 0.000116413
0.4998 0.5002 0.000117192 0.000117192
0.49971 0.50029 0.000118834 0.000118834
0.50023 0.49977 0.000115431 0.000115431
0.50065 0.49935 0.000118654 0.000118654
0.50044 0.49956 0.000110269 0.000110269
0.50014 0.49986 0.000101334 0.000101334
0.50044 0.49956 9.94206e-05 9.94206e-05
0.50077 0.49923 9.15324e-05 9.15324e-05
0.50056 0.49944 8.02893e-05 8.02893e-05
0.50021 0.49979 7.72989e-05 7.72989e-05
0.49999 0.50001 7.46363e-05 7.46363e-05
0.50016 0.49984 8.61762e-05 8.61762e-05
0.49984 0.50016 8.52873e-05 8.52873e-05
0.49962 0.50038 8.90057e-05 8.90057e-05
0.49914 0.50086 8.44448e-05 8.44448e-05
0.49953 0.50047 8.65951e-05 8.65951e-05
0.49957 0.50043 8.50759e-05 8.50759e-05
0.49925 0.50075 8.36035e-05 8.36035e-05
0.49942 0.50058 9.9236e-05 9.9236e-05
0.49922 0.50078 0.000104901 0.000104901
0.49967 0.50033 9.83243e-05 9.83243e-05
0.49946 0.50054 9.73216e-05 9.73216e-05
0.49981 0.50019 0.000115953 0.000115953
0.49974 0.50026 0.000113851 0.000113851
0.49902 0.50098 0.000112303 0.000112303
0.49927 0.50073 9.86839e-05 9.86839e-05
0.49994 0.50006 9.04812e-05 9.04812e-05
0.49988 0.50012 9.48945e-05 9.48945e-05
0.49993 0.50007 8.64698e-05 8.64698e-05
0.49945 0.50055 8.80076e-05 8.80076e-05
0.49943 0.50057 9.16415e-05 9.16415e-05
0.4999 0.5001 9.25354e-05 9.25354e-05
0.49966 0.50034 0.000101136 0.000101136
0.49955 0.50045 0.000100371 0.000100371
0.49921 0.50079 0.000103905 0.000103905
0.49888 0.50112 0.000106834 0.000106834
0.49903 0.50097 8.79688e-05 8.79688e-05
0.49905 0.50095 0.000100088 0.000100088
0.49889 0.50111 0.000101008 0.000101008
0.49919 0.50081 0.000100943 0.000100943
0.4993 0.5007 0.00010203 0.00010203
0.49939 0.50061 0.00011517 0.00011517
0.50006 0.49994 0.000117815 0.000117815
0.5003 0.4997 0.000107646 0.000107646
0.49989 0.50011 0.000103089 0.000103089
0.50022 0.49978 0.000102315 0.000102315
0.49951 0.50049 0.000106838 0.000106838
0.49884 0.50116 0.000113408 0.000113408
0.49919 0.50081 0.000113347 0.000113347
0.4995 0.5005 0.000104838 0.000104838
0.49988 0.50012 0.000108672 0.000108672
0.50043 0.49957 0.000107985 0.000107985
0.50065 0.49935 0.000114553 0.000114553
0.5007 0.4993 0.000108515 0.000108515
0.50079 0.49921 0.000110673 0.000110673
0.50065 0.49935 0.000110432 0.000110432
0.50062 0.49938 0.000114804 0.000114804
0.50073 0.49927 0.000118866 0.000118866
0.50115 0.49885 0.000113301 0.000113301
0.50115 0.49885 0.000115361 0.000115361
0.501 0.499 0.000117434 0.000117434
0.50095 0.49905 0.000119785 0.000119785
0.50083 0.49917 0.000106405 0.000106405
0.50008 0.49992 0.000108963 0.000108963
0.49984 0.50016 0.00010858 0.00010858
0.49967 0.50033 0.000106425 0.000106425
0.49955 0.50045 0.000107523 0.000107523
0.49986 0.50014 0.000107879 0.000107879
0.50007 0.49993 0.000113197 0.000113197
0.49995 0.50005 0.000108614 0.000108614
0.49998 0.50002 0.000111737 0.000111737
0.49987 0.50013 0.000107771 0.000107771
0.50055 0.49945 0.000119765 0.000119765
0.49998 0.50002 0.000116565 0.000116565
0.49989 0.50011 0.000110947 0.000110947
0.4997 0.5003 0.000105323 0.000105323
0.49998 0.50002 0.000108343 0.000108343
0.49987 0.50013 0.000100963 0.000100963
0.50004 0.49996 9.58368e-05 9.58368e-05
0.50011 0.49989 0.000118442 0.000118442
0.49977 0.50023 0.000115573 0.000115573
0.49999 0.50001 0.000120757 0.000120757
0.49985 0.50015 0.000116189 0.000116189
0.50011 0.49989 0.00011323 0.00011323
0.49995 0.50005 0.000114876 0.000114876
0.5002 0.4998 0.000108444 0.000108444
0.50006 0.49994 0.000114946 0.000114946
0.49987 0.50013 0.000107589 0.000107589
0.49982 0.50018 0.000102088 0.000102088
0.49978 0.50022 0.000113668 0.000113668
0.50015 0.49985 0.000119058 0.000119058
0.50017 0.49983 0.000132506 0.000132506
0.50016 0.49984 0.000128035 0.000128035
0.49957 0.50043 0.000120066 0.000120066
0.49975 0.50025 0.000112391 0.000112391
0.49964 0.50036 0.000120657 0.000120657
0.49914 0.50086 0.000109415 0.000109415
0.49958 0.50042 0.00010964 0.00010964
0.49934 0.50066 0.000112469 0.000112469
0.49923 0.50077 0.000120704 0.000120704
0.4987 0.5013 0.000111222 0.000111222
0.49897 0.50103 0.000121019 0.000121019
0.49902 0.50098 0.000125394 0.000125394
0.49912 0.50088 0.000127864 0.000127864
0.49899 0.50101 0.000133444 0.000133444
0.49943 0.50057 0.000121743 0.000121743
0.49944 0.50056 0.000127219 0.000127219
0.49951 0.50049 0.000117081 0.000117081
0.50001 0.49999 0.000113808 0.000113808
0.50028 0.49972 0.000107739 0.000107739
0.50003 0.49997 0.000106009 0.000106009
0.50013 0.49987 0.000107852 0.000107852
0.50021 0.49979 0.000119117 0.000119117
0.49987 0.50013 0.000118114 0.000118114
0.50001 0.49999 0.000113222 0.000113222
0.49993 0.50007 0.000117803 0.000117803
0.49971 0.50029 0.000122753 0.000122753
0.50054 0.49946 0.000114049 0.000114049
0.50029 0.49971 0.000108955 0.000108955
0.50025 0.49975 0.000109038 0.000109038
0.49975 0.50025 0.000117098 0.000117098
0.49958 0.50042 0.00012461 0.00012461
0.50018 0.49982 0.000116755 0.000116755
0.50012 0.49988 0.000125662 0.000125662
0.5005 0.4995 0.000127162 0.000127162
0.5005 0.4995 0.000127667 0.000127667
0.50058 0.49942 0.000122428 0.000122428
0.50102 0.49898 0.000124949 0.000124949
0.50048 0.49952 0.000113444 0.000113444
0.50066 0.49934 0.000113358 0.000113358
0.50112 0.49888 0.000115783 0.000115783
0.50098 0.49902 0.000121878 0.000121878
0.50077 0.49923 0.000127835 0.000127835
0.50024 0.49976 0.000121861 0.000121861
0.49951 0.50049 0.000115263 0.000115263
0.49947 0.50053 0.00011512 0.00011512
0.49932 0.50068 0.000125109 0.000125109
0.49926 0.50074 0.000127669 0.000127669
0.4999 0.5001 0.000121 0.000121
0.49997 0.50003 0.000134353 0.000134353
0.50052 0.49948 0.000135383 0.000135383
0.50066 0.49934 0.000149257 0.000149257
0.50061 0.49939 0.000144119 0.000144119
0.50097 0.49903 0.000134595 0.000134595
0.50101 0.49899 0.000134414 0.000134414
0.50083 0.49917 0.000143415 0.000143415
0.50037 0.49963 0.000133246 0.000133246
0.50084 0.49916 0.000125307 0.000125307
0.50074 0.49926 0.000124134 0.000124134
0.50008 0.49992 0.000119852 0.000119852
0.49993 0.50007 0.000110995 0.000110995
0.4999 0.5001 0.000121202 0.000121202
0.50028 0.49972 0.000115274 0.000115274
0.5004 0.4996 0.000112465 0.000112465
0.50042 0.49958 0.000112792 0.000112792
0.50022 0.49978 0.000102274 0.000102274
0.50019 0.49981 0.000102822 0.000102822
0.50011 0.49989 0.000112261 0.000112261
0.4999 0.5001 0.000112354 0.000112354
0.49982 0.50018 0.00010928 0.00010928
0.49964 0.50036 0.000103606 0.000103606
0.49967 0.50033 0.000110021 0.000110021
0.49941 0.50059 0.000111335 0.000111335
0.49922 0.50078 0.000104759 0.000104759
0.49972 0.50028 0.000109537 0.000109537
0.49978 0.50022 0.000114678 0.000114678
0.49971 0.50029 0.000112471 0.000112471
0.4998 0.5002 0.000111495 0.000111495
0.50004 0.49996 0.000109069 0.000109069
0.50028 0.49972 0.000116648 0.000116648
0.49952 0.50048 0.000124757 0.000124757
0.49952 0.50048 0.000126414 0.000126414
0.49974 0.50026 0.000118013 0.000118013
0.49999 0.50001 0.000115222 0.000115222
0.50032 0.49968 0.000106907 0.000106907
0.50059 0.49941 9.65474e-05 9.65474e-05
0.50018 0.49982 8.99067e-05 8.99067e-05
0.50071 0.49929 0.000100491 0.000100491
0.50039 0.49961 9.81595e-05 9.81595e-05
0.50045 0.49955 0.000109038 0.000109038
0.50045 0.49955 0.000121907 0.000121907
0.50055 0.49945 0.00012227 0.00012227
0.50054 0.49946 0.000122675 0.000122675
0.50043 0.49957 0.000117985 0.000117985
0.50058 0.49942 0.000121802 0.000121802
0.50025 0.49975 0.000120795 0.000120795
0.50002 0.49998 0.00011705 0.00011705
0.50042 0.49958 0.000132973 0.000132973
0.50057 0.49943 0.000128167 0.000128167
0.50081 0.49919 0.000134155 0.000134155
0.50057 0.49943 0.000136773 0.000136773
0.5006 0.4994 0.000130707 0.000130707
0.50087 0.49913 0.000120013 0.000120013
0.50038 0.49962 0.000114501 0.000114501
0.50003 0.49997 0.000108474 0.000108474
0.49997 0.50003 0.00011308 0.00011308
0.49988 0.50012 0.000120874 0.000120874
0.49961 0.50039 0.000118503 0.000118503
0.49941 0.50059 0.00012685 0.00012685
0.49942 0.50058 0.000119317 0.000119317
0.49904 0.50096 0.000118281 0.000118281
0.49913 0.50087 0.000115852 0.000115852
0.49955 0.50045 0.000117826 0.000117826
0.49932 0.50068 0.000118402 0.000118402
0.49956 0.50044 0.000112572 0.000112572
0.49947 0.50053 0.000112918 0.000112918
0.49974 0.50026 0.000117023 0.000117023
0.49948 0.50052 0.000122232 0.000122232
0.49998 0.50002 0.000120686 0.000120686
0.50017 0.49983 0.000117173 0.000117173
0.49964 0.50036 0.000109606 0.000109606
0.49947 0.50053 0.000102009 0.000102009
0.49982 0.50018 0.00011021 0.00011021
0.50029 0.49971 0.000109804 0.000109804
0.4999 0.5001 0.000103909 0.000103909
0.50002 0.49998 0.000111858 0.000111858
0.50004 0.49996 0.000104402 0.000104402
0.50031 0.49969 0.000108822 0.000108822
0.50035 0.49965 0.000106997 0.000106997
0.50038 0.49962 0.000108278 0.000108278
0.50027 0.49973 0.000111593 0.000111593
0.50013 0.49987 9.5387e-05 9.5387e-05
0.49997 0.50003 8.25142e-05 8.25142e-05
0.50033 0.49967 9.02435e-05 9.02435e-05
0.49975 0.50025 9.38662e-05 9.38662e-05
0.50018 0.49982 9.25935e-05 9.25935e-05
0.50032 0.49968 9.63814e-05 9.63814e-05
0.50021 0.49979 0.000106632 0.000106632
0.50092 0.49908 9.97915e-05 9.97915e-05
0.50059 0.49941 0.000105113 0.000105113
0.50086 0.49914 0.000107213 0.000107213
0.50083 0.49917 0.000105496 0.000105496
0.50109 0.49891 9.86888e-05 9.86888e-05
0.50133 0.49867 9.92334e-05 9.92334e-05
0.50132 0.49868 0.000108422 0.000108422
0.50133 0.49867 0.000110547 0.000110547
0.50124 0.49876 0.000107821 0.000107821
0.50111 0.49889 0.000103594 0.000103594
0.50136 0.49864 0.00010597 0.00010597
0.50139 0.49861 0.000102362 0.000102362
0.50102 0.49898 0.000107474 0.000107474
0.50111 0.49889 0.000109412 0.000109412
0.50106 0.49894 0.000106825 0.000106825
0.50076 0.49924 0.00010275 0.00010275
0.50052 0.49948 0.000104373 0.000104373
0.5006 0.4994 0.000100768 0.000100768
0.50069 0.49931 0.000108034 0.000108034
0.50105 0.49895 0.000102048 0.000102048
0.50113 0.49887 0.000105589 0.000105589
0.50099 0.49901 0.000111606 0.000111606
0.50129 0.49871 0.000101844 0.000101844
0.50141 0.49859 0.000106608 0.000106608
0.50137 0.49863 0.000114195 0.000114195
0.50072 0.49928 0.000111961 0.000111961
0.50127 0.49873 0.000131149 0.000131149
0.50129 0.49871 0.000131642 0.000131642
0.50177 0.49823 0.000122724 0.000122724
0.50127 0.49873 0.000110805 0.000110805
0.50122 0.49878 0.000106396 0.000106396
0.50081 0.49919 0.000104095 0.000104095
0.50087 0.49913 0.000113124 0.000113124
0.50086 0.49914 0.000113657 0.000113657
0.50085 0.49915 0.000109583 0.000109583
0.50049 0.49951 9.49595e-05 9.49595e-05
0.50086 0.49914 8.81216e-05 8.81216e-05
0.50136 0.49864 0.000100091 0.000100091
0.50195 0.49805 9.89167e-05 9.89167e-05
0.5017 0.4983 9.97273e-05 9.97273e-05
0.50227 0.49773 9.20173e-05 9.20173e-05
0.50212 0.49788 9.67935e-05 9.67935e-05
0.50191 0.49809 0.000105497 0.000105497
0.50173 0.49827 0.00011125 0.00011125
0.50162 0.49838 0.000115874 0.000115874
0.50188 0.49812 0.00012144 0.00012144
0.50175 0.49825 0.000120856 0.000120856
0.50123 0.49877 0.000122159 0.000122159
0.50112 0.49888 0.000118632 0.000118632
0.50159 0.49841 0.000116911 0.000116911
0.50138 0.49862 0.0001244 0.0001244
0.50125 0.49875 0.000119624 0.000119624
0.50071 0.49929 0.00013344 0.00013344
0.50055 0.49945 0.000128088 0.000128088
0.49993 0.50007 0.000131399 0.000131399
0.50011 0.49989 0.000127776 0.000127776
0.50011 0.49989 0.000136099 0.000136099
0.50032 0.49968 0.000133048 0.000133048
0.50032 0.49968 0.000139008 0.000139008
0.5005 0.4995 0.000139141 0.000139141
0.5003 0.4997 0.000135061 0.000135061
0.49943 0.50057 0.000132773 0.000132773
