0.49982 0.50018 9.61895e-05 9.61895e-05
0.4985 0.5015 0.000222556 0.000222556
0.49746 0.50254 0.000360695 0.000360695
0.49789 0.50211 0.000545957 0.000545957
0.49908 0.50092 0.00067765 0.00067765
0.49918 0.50082 0.000858513 0.000858513
0.49792 0.50208 0.000954438 0.000954438
0.49764 0.50236 0.00108714 0.00108714
0.49904 0.50096 0.00116331 0.00116331
0.49881 0.50119 0.00126242 0.00126242
0.49762 0.50238 0.00136848 0.00136848
0.49779 0.50221 0.00142875 0.00142875
0.49769 0.50231 0.0014462 0.0014462
0.49795 0.50205 0.00150859 0.00150859
0.49674 0.50326 0.00155959 0.00155959
0.49705 0.50295 0.00168536 0.00168536
0.49723 0.50277 0.00174838 0.00174838
0.4956 0.5044 0.00173469 0.00173469
0.49603 0.50397 0.00171666 0.00171666
0.49615 0.50385 0.00171789 0.00171789
0.49703 0.50297 0.0017413 0.0017413
0.49753 0.50247 0.00178561 0.00178561
0.49734 0.50266 0.00184621 0.00184621
0.49722 0.50278 0.00191611 0.00191611
0.49611 0.50389 0.00187774 0.00187774
0.49633 0.50367 0.001818 0.001818
0.49628 0.50372 0.00182782 0.00182782
0.49719 0.50281 0.00182706 0.00182706
0.49663 0.50337 0.00187476 0.00187476
0.49545 0.50455 0.00192572 0.00192572
0.49582 0.50418 0.00195403 0.00195403
0.49607 0.50393 0.00196029 0.00196029
0.49539 0.50461 0.00197652 0.00197652
0.49543 0.50457 0.00190526 0.00190526
0.4961 0.5039 0.001895 0.001895
0.49606 0.50394 0.00183549 0.00183549
0.49688 0.50312 0.00179619 0.00179619
0.4957 0.5043 0.00188397 0.00188397
0.4967 0.5033 0.00198938 0.00198938
0.49794 0.50206 0.00200309 0.00200309
0.49761 0.50239 0.00196557 0.00196557
0.49765 0.50235 0.00195433 0.00195433
0.49658 0.50342 0.00208229 0.00208229
0.49607 0.50393 0.00211201 0.00211201
0.49588 0.50412 0.00208732 0.00208732
0.49606 0.50394 0.00202355 0.00202355
0.49659 0.50341 0.00201752 0.00201752
0.49652 0.50348 0.00197165 0.00197165
0.49758 0.50242 0.00202766 0.00202766
0.49786 0.50214 0.00217836 0.00217836
0.4966 0.5034 0.00214097 0.00214097
0.49654 0.50346 0.0020448 0.0020448
0.49762 0.50238 0.00205337 0.00205337
0.49795 0.50205 0.00210029 0.00210029
0.49887 0.50113 0.00218725 0.00218725
0.49926 0.50074 0.00216341 0.00216341
0.49876 0.50124 0.00220083 0.00220083
0.49972 0.50028 0.00223412 0.00223412
0.4983 0.5017 0.00220381 0.00220381
0.49887 0.50113 0.00222086 0.00222086
0.4981 0.5019 0.00212801 0.00212801
0.49826 0.50174 0.00207474 0.00207474
0.49931 0.50069 0.00205589 0.00205589
0.50008 0.49992 0.0021111 0.0021111
0.49797 0.50203 0.00208641 0.00208641
0.49795 0.50205 0.00215463 0.00215463
0.49809 0.50191 0.00216156 0.00216156
0.49862 0.50138 0.00217309 0.00217309
0.49798 0.50202 0.00217507 0.00217507
0.49769 0.50231 0.00214941 0.00214941
0.49804 0.50196 0.00222624 0.00222624
0.49699 0.50301 0.00211647 0.00211647
0.49742 0.50258 0.00212443 0.00212443
0.49642 0.50358 0.00213586 0.00213586
0.49669 0.50331 0.00218218 0.00218218
0.4967 0.5033 0.00225518 0.00225518
0.49772 0.50228 0.00224382 0.00224382
0.49734 0.50266 0.00221695 0.00221695
0.49727 0.50273 0.0023045 0.0023045
0.49586 0.50414 0.00229804 0.00229804
0.497 0.503 0.00230457 0.00230457
0.49641 0.50359 0.00232669 0.00232669
0.49707 0.50293 0.00228724 0.00228724
0.49656 0.50344 0.00231225 0.00231225
0.49676 0.50324 0.00217681 0.00217681
0.49679 0.50321 0.00233724 0.00233724
0.49574 0.50426 0.00238486 0.00238486
0.49603 0.50397 0.00241241 0.00241241
0.49586 0.50414 0.00233232 0.00233232
0.49653 0.50347 0.00234732 0.00234732
0.49692 0.50308 0.00237385 0.00237385
0.49646 0.50354 0.00241128 0.00241128
0.49654 0.50346 0.00229797 0.00229797
0.49658 0.50342 0.00224172 0.00224172
0.49646 0.50354 0.00231389 0.00231389
0.4966 0.5034 0.00241257 0.00241257
0.4974 0.5026 0.00244968 0.00244968
0.49672 0.50328 0.00246 0.00246
0.49528 0.50472 0.00253948 0.00253948
0.49416 0.50584 0.00243702 0.00243702
0.49455 0.50545 0.00247322 0.00247322
0.49438 0.50562 0.00249034 0.00249034
0.49485 0.50515 0.00251886 0.00251886
0.4955 0.5045 0.00255203 0.00255203
0.49497 0.50503 0.00244736 0.00244736
0.49452 0.50548 0.00245928 0.00245928
0.49529 0.50471 0.0025039 0.0025039
0.49635 0.50365 0.00245041 0.00245041
0.49669 0.50331 0.0024983 0.0024983
0.49691 0.50309 0.00256447 0.00256447
0.49737 0.50263 0.002663 0.002663
0.49782 0.50218 0.00262187 0.00262187
0.49806 0.50194 0.00263796 0.00263796
0.49756 0.50244 0.00249989 0.00249989
0.49811 0.50189 0.00241507 0.00241507
0.4975 0.5025 0.00252086 0.00252086
0.49731 0.50269 0.00259753 0.00259753
0.49755 0.50245 0.00253793 0.00253793
0.496 0.504 0.00249424 0.00249424
0.49465 0.50535 0.00260807 0.00260807
0.49419 0.50581 0.00269315 0.00269315
0.49327 0.50673 0.00259596 0.00259596
0.49311 0.50689 0.00257204 0.00257204
0.49401 0.50599 0.00257924 0.00257924
0.49288 0.50712 0.00254635 0.00254635
0.49274 0.50726 0.00246799 0.00246799
0.4941 0.5059 0.00249672 0.00249672
0.49419 0.50581 0.00246923 0.00246923
0.49427 0.50573 0.00249472 0.00249472
0.49462 0.50538 0.0025547 0.0025547
0.49495 0.50505 0.00257869 0.00257869
0.49516 0.50484 0.00254874 0.00254874
0.49549 0.50451 0.0024352 0.0024352
0.49516 0.50484 0.00246498 0.00246498
0.49518 0.50482 0.00243003 0.00243003
0.49509 0.50491 0.00252681 0.00252681
0.495 0.505 0.00252115 0.00252115
0.49518 0.50482 0.00254849 0.00254849
0.49668 0.50332 0.00266836 0.00266836
0.4966 0.5034 0.00273766 0.00273766
0.49704 0.50296 0.00269675 0.00269675
0.49758 0.50242 0.00273516 0.00273516
0.49638 0.50362 0.00266876 0.00266876
0.49621 0.50379 0.00266011 0.00266011
0.49679 0.50321 0.00269114 0.00269114
0.49807 0.50193 0.00265902 0.00265902
0.49828 0.50172 0.00271483 0.00271483
0.49913 0.50087 0.00271731 0.00271731
0.49962 0.50038 0.00270086 0.00270086
0.50008 0.49992 0.00255523 0.00255523
0.49913 0.50087 0.00262379 0.00262379
0.49814 0.50186 0.00265172 0.00265172
0.49812 0.50188 0.00261869 0.00261869
0.49802 0.50198 0.00261289 0.00261289
0.49744 0.50256 0.00274362 0.00274362
0.49846 0.50154 0.00263746 0.00263746
0.49825 0.50175 0.00264805 0.00264805
0.49795 0.50205 0.00267738 0.00267738
0.498 0.502 0.00267069 0.00267069
0.4982 0.5018 0.00268347 0.00268347
0.49677 0.50323 0.00272737 0.00272737
0.49786 0.50214 0.00267202 0.00267202
0.49723 0.50277 0.0026926 0.0026926
0.49676 0.50324 0.0027814 0.0027814
0.49615 0.50385 0.00269627 0.00269627
0.49705 0.50295 0.00264611 0.00264611
0.49616 0.50384 0.00269311 0.00269311
0.49691 0.50309 0.00272208 0.00272208
0.49718 0.50282 0.00288799 0.00288799
0.49709 0.50291 0.00278853 0.00278853
0.49696 0.50304 0.0026861 0.0026861
0.49697 0.50303 0.00274114 0.00274114
0.49731 0.50269 0.0028702 0.0028702
0.49702 0.50298 0.0029736 0.0029736
0.49782 0.50218 0.0028448 0.0028448
0.49788 0.50212 0.00281774 0.00281774
0.49801 0.50199 0.00289924 0.00289924
0.49798 0.50202 0.00295083 0.00295083
0.49743 0.50257 0.0028912 0.0028912
0.49697 0.50303 0.00289229 0.00289229
0.4968 0.5032 0.00296251 0.00296251
0.4958 0.5042 0.00300834 0.00300834
0.49677 0.50323 0.00297218 0.00297218
0.49705 0.50295 0.00299328 0.00299328
0.4967 0.5033 0.00285645 0.00285645
0.4983 0.5017 0.00272009 0.00272009
0.49913 0.50087 0.00280587 0.00280587
0.49852 0.50148 0.00285179 0.00285179
0.49794 0.50206 0.00289008 0.00289008
0.49738 0.50262 0.00279004 0.00279004
0.49777 0.50223 0.00274543 0.00274543
0.49775 0.50225 0.00275799 0.00275799
0.49714 0.50286 0.00274257 0.00274257
0.4976 0.5024 0.00271455 0.00271455
0.49626 0.50374 0.00269682 0.00269682
0.49523 0.50477 0.00282923 0.00282923
0.49671 0.50329 0.0028192 0.0028192
0.49648 0.50352 0.00284522 0.00284522
0.49769 0.50231 0.00293999 0.00293999
0.49827 0.50173 0.00300636 0.00300636
0.49859 0.50141 0.00293681 0.00293681
0.49851 0.50149 0.00292421 0.00292421
0.49793 0.50207 0.00286839 0.00286839
0.49779 0.50221 0.00295261 0.00295261
0.49853 0.50147 0.00284686 0.00284686
0.49786 0.50214 0.00279838 0.00279838
0.49824 0.50176 0.00278679 0.00278679
0.49897 0.50103 0.00289027 0.00289027
0.49993 0.50007 0.00288314 0.00288314
0.49947 0.50053 0.00289045 0.00289045
0.4999 0.5001 0.00284207 0.00284207
0.49962 0.50038 0.00297206 0.00297206
0.49917 0.50083 0.0029157 0.0029157
0.49894 0.50106 0.00283511 0.00283511
0.49939 0.50061 0.00275446 0.00275446
0.4988 0.5012 0.00283097 0.00283097
0.49918 0.50082 0.00283399 0.00283399
0.49796 0.50204 0.00289329 0.00289329
0.49778 0.50222 0.00295684 0.00295684
0.49789 0.50211 0.0029299 0.0029299
0.49721 0.50279 0.0028218 0.0028218
0.498 0.502 0.00277319 0.00277319
0.49739 0.50261 0.00273402 0.00273402
0.49848 0.50152 0.00279676 0.00279676
0.4985 0.5015 0.00286763 0.00286763
0.49791 0.50209 0.0029217 0.0029217
0.49776 0.50224 0.00275297 0.00275297
0.49732 0.50268 0.00264145 0.00264145
0.49802 0.50198 0.0026917 0.0026917
0.49832 0.50168 0.00268349 0.00268349
0.49788 0.50212 0.00267671 0.00267671
0.49777 0.50223 0.00272592 0.00272592
0.49784 0.50216 0.00282195 0.00282195
0.49679 0.50321 0.00286845 0.00286845
0.49739 0.50261 0.00285004 0.00285004
0.49945 0.50055 0.00276625 0.00276625
0.4994 0.5006 0.00275998 0.00275998
0.49886 0.50114 0.00285285 0.00285285
0.49846 0.50154 0.00285433 0.00285433
0.49836 0.50164 0.00280241 0.00280241
0.49735 0.50265 0.00287092 0.00287092
0.49889 0.50111 0.00290473 0.00290473
0.49784 0.50216 0.00294052 0.00294052
0.49871 0.50129 0.00293724 0.00293724
0.49881 0.50119 0.00284799 0.00284799
0.49886 0.50114 0.00284384 0.00284384
0.49904 0.50096 0.00288361 0.00288361
0.49928 0.50072 0.00285877 0.00285877
0.49975 0.50025 0.00285439 0.00285439
0.49811 0.50189 0.00288357 0.00288357
0.49805 0.50195 0.00288904 0.00288904
0.49789 0.50211 0.00291068 0.00291068
0.49893 0.50107 0.00291601 0.00291601
0.4986 0.5014 0.00293554 0.00293554
0.49892 0.50108 0.00291177 0.00291177
0.50001 0.49999 0.00281007 0.00281007
0.50093 0.49907 0.00300596 0.00300596
0.49992 0.50008 0.00298044 0.00298044
0.49918 0.50082 0.00300946 0.00300946
0.50123 0.49877 0.00306149 0.00306149
0.50101 0.49899 0.00306801 0.00306801
0.50113 0.49887 0.00315553 0.00315553
0.50124 0.49876 0.00309859 0.00309859
0.50172 0.49828 0.0030095 0.0030095
0.50167 0.49833 0.00322477 0.00322477
0.5017 0.4983 0.00317338 0.00317338
0.50141 0.49859 0.00323006 0.00323006
0.50148 0.49852 0.00316403 0.00316403
0.50025 0.49975 0.00322486 0.00322486
0.49949 0.50051 0.00324942 0.00324942
0.49979 0.50021 0.00327764 0.00327764
0.49995 0.50005 0.00320611 0.00320611
0.49993 0.50007 0.00324306 0.00324306
0.50033 0.49967 0.00336725 0.00336725
0.49955 0.50045 0.00334851 0.00334851
0.49929 0.50071 0.00320277 0.00320277
0.49905 0.50095 0.00314502 0.00314502
0.49937 0.50063 0.00312567 0.00312567
0.4991 0.5009 0.00313621 0.00313621
0.49936 0.50064 0.00316468 0.00316468
0.49915 0.50085 0.00319506 0.00319506
0.49987 0.50013 0.00326615 0.00326615
0.50007 0.49993 0.00323592 0.00323592
0.49932 0.50068 0.00328188 0.00328188
0.49961 0.50039 0.00317816 0.00317816
0.49788 0.50212 0.00314912 0.00314912
0.49714 0.50286 0.00308851 0.00308851
0.49788 0.50212 0.00308871 0.00308871
0.4988 0.5012 0.00306485 0.00306485
0.50027 0.49973 0.00313747 0.00313747
0.50109 0.49891 0.00317891 0.00317891
0.50076 0.49924 0.00306921 0.00306921
0.50088 0.49912 0.00306128 0.00306128
0.50039 0.49961 0.00297224 0.00297224
0.50113 0.49887 0.00288028 0.00288028
0.4997 0.5003 0.00300379 0.00300379
0.5004 0.4996 0.00306644 0.00306644
0.50073 0.49927 0.00310004 0.00310004
0.50013 0.49987 0.00318468 0.00318468
0.50014 0.49986 0.00321548 0.00321548
0.50124 0.49876 0.0032779 0.0032779
0.50132 0.49868 0.0033543 0.0033543
0.50039 0.49961 0.00326662 0.00326662
0.50001 0.49999 0.00320607 0.00320607
0.49948 0.50052 0.00314098 0.00314098
0.49999 0.50001 0.00315845 0.00315845
0.49942 0.50058 0.00311065 0.00311065
0.49874 0.50126 0.00313127 0.00313127
0.49833 0.50167 0.00316578 0.00316578
0.49863 0.50137 0.0031368 0.0031368
0.49819 0.50181 0.00323624 0.00323624
0.49949 0.50051 0.00327373 0.00327373
0.49948 0.50052 0.00329565 0.00329565
0.49979 0.50021 0.00327231 0.00327231
0.49947 0.50053 0.0032229 0.0032229
0.49995 0.50005 0.00327916 0.00327916
0.50084 0.49916 0.00328765 0.00328765
0.50162 0.49838 0.00328941 0.00328941
0.50183 0.49817 0.0032976 0.0032976
0.50274 0.49726 0.00336153 0.00336153
0.50208 0.49792 0.00339715 0.00339715
0.5025 0.4975 0.00347993 0.00347993
0.50287 0.49713 0.00343652 0.00343652
0.50207 0.49793 0.00335213 0.00335213
0.50218 0.49782 0.00334455 0.00334455
0.50162 0.49838 0.00340973 0.00340973
0.5005 0.4995 0.00350401 0.00350401
0.49956 0.50044 0.00352825 0.00352825
0.50093 0.49907 0.00349859 0.00349859
0.50051 0.49949 0.00343169 0.00343169
0.50207 0.49793 0.00339508 0.00339508
0.50251 0.49749 0.0033692 0.0033692
0.50248 0.49752 0.00345445 0.00345445
0.50179 0.49821 0.00341855 0.00341855
0.50123 0.49877 0.00340903 0.00340903
0.50185 0.49815 0.00341639 0.00341639
0.5018 0.4982 0.00345703 0.00345703
0.50095 0.49905 0.00361387 0.00361387
0.49929 0.50071 0.00355437 0.00355437
0.49903 0.50097 0.00348453 0.00348453
0.49974 0.50026 0.00344159 0.00344159
0.49998 0.50002 0.00339192 0.00339192
0.501 0.499 0.00340491 0.00340491
0.50063 0.49937 0.00350076 0.00350076
0.50083 0.49917 0.00340746 0.00340746
0.50091 0.49909 0.00333426 0.00333426
0.50091 0.49909 0.00330808 0.00330808
0.50137 0.49863 0.00325852 0.00325852
0.50148 0.49852 0.00343415 0.00343415
0.50116 0.49884 0.00356022 0.00356022
0.50155 0.49845 0.00361267 0.00361267
0.50189 0.49811 0.00350456 0.00350456
0.50119 0.49881 0.003583 0.003583
0.50009 0.49991 0.00351168 0.00351168
0.49885 0.50115 0.00348843 0.00348843
0.498 0.502 0.00352659 0.00352659
0.49814 0.50186 0.00360378 0.00360378
0.4997 0.5003 0.0036109 0.0036109
0.49988 0.50012 0.00351209 0.00351209
0.49996 0.50004 0.00372254 0.00372254
0.49863 0.50137 0.00364624 0.00364624
0.49853 0.50147 0.00365847 0.00365847
0.4992 0.5008 0.00366998 0.00366998
0.49938 0.50062 0.00368341 0.00368341
0.49965 0.50035 0.00371914 0.00371914
0.50038 0.49962 0.00371567 0.00371567
0.50044 0.49956 0.00371845 0.00371845
0.50135 0.49865 0.00365215 0.00365215
0.50193 0.49807 0.00375996 0.00375996
0.50151 0.49849 0.00381771 0.00381771
0.50118 0.49882 0.00386962 0.00386962
0.50111 0.49889 0.00386553 0.00386553
0.49972 0.50028 0.00379883 0.00379883
0.49961 0.50039 0.00376161 0.00376161
0.499 0.501 0.00364451 0.00364451
0.49897 0.50103 0.00364084 0.00364084
0.49829 0.50171 0.00364936 0.00364936
0.49856 0.50144 0.00367132 0.00367132
0.49907 0.50093 0.0036311 0.0036311
0.49929 0.50071 0.00366487 0.00366487
0.49928 0.50072 0.00362958 0.00362958
0.50056 0.49944 0.00366562 0.00366562
0.4999 0.5001 0.00362799 0.00362799
0.49989 0.50011 0.00334618 0.00334618
0.49958 0.50042 0.00349802 0.00349802
0.49981 0.50019 0.00366062 0.00366062
0.50024 0.49976 0.00364418 0.00364418
0.49927 0.50073 0.00354224 0.00354224
0.4993 0.5007 0.00374423 0.00374423
0.50022 0.49978 0.00375743 0.00375743
0.50073 0.49927 0.00380062 0.00380062
0.50122 0.49878 0.00384508 0.00384508
0.50123 0.49877 0.00393495 0.00393495
0.50085 0.49915 0.00397884 0.00397884
0.50073 0.49927 0.00398602 0.00398602
0.50121 0.49879 0.00384597 0.00384597
0.50009 0.49991 0.00387677 0.00387677
0.4996 0.5004 0.00392966 0.00392966
0.49983 0.50017 0.00392843 0.00392843
0.49953 0.50047 0.00378554 0.00378554
0.49981 0.50019 0.00391474 0.00391474
0.49952 0.50048 0.00401589 0.00401589
0.49972 0.50028 0.0039842 0.0039842
0.49924 0.50076 0.00384412 0.00384412
0.49973 0.50027 0.00384626 0.00384626
0.50037 0.49963 0.0037765 0.0037765
0.50082 0.49918 0.00381265 0.00381265
0.50028 0.49972 0.00378035 0.00378035
0.50062 0.49938 0.00374406 0.00374406
0.5004 0.4996 0.00381602 0.00381602
0.49923 0.50077 0.0038527 0.0038527
0.49903 0.50097 0.00390152 0.00390152
0.49901 0.50099 0.00386557 0.00386557
0.50003 0.49997 0.00381253 0.00381253
0.50032 0.49968 0.00377066 0.00377066
0.49996 0.50004 0.00376677 0.00376677
0.4996 0.5004 0.00381941 0.00381941
0.49949 0.50051 0.00385843 0.00385843
0.49936 0.50064 0.00392118 0.00392118
0.4995 0.5005 0.00388373 0.00388373
0.50027 0.49973 0.00383545 0.00383545
0.50038 0.49962 0.00372553 0.00372553
0.50063 0.49937 0.00386884 0.00386884
0.50022 0.49978 0.0039893 0.0039893
0.50037 0.49963 0.00411098 0.00411098
0.49984 0.50016 0.00425886 0.00425886
0.49966 0.50034 0.00431946 0.00431946
0.49925 0.50075 0.0042717 0.0042717
0.49958 0.50042 0.00421645 0.00421645
0.49901 0.50099 0.00419583 0.00419583
0.49776 0.50224 0.00418715 0.00418715
0.49878 0.50122 0.00420943 0.00420943
0.49895 0.50105 0.00429067 0.00429067
0.4988 0.5012 0.00422022 0.00422022
0.49881 0.50119 0.00423438 0.00423438
0.49997 0.50003 0.00433803 0.00433803
0.49877 0.50123 0.00431814 0.00431814
0.49953 0.50047 0.00423257 0.00423257
0.49956 0.50044 0.00433035 0.00433035
0.50072 0.49928 0.00442261 0.00442261
0.50006 0.49994 0.00429082 0.00429082
0.50048 0.49952 0.00418316 0.00418316
0.501 0.499 0.00414863 0.00414863
0.50162 0.49838 0.00412012 0.00412012
0.50145 0.49855 0.00404732 0.00404732
0.50133 0.49867 0.00399996 0.00399996
0.50168 0.49832 0.00386875 0.00386875
0.50244 0.49756 0.00387813 0.00387813
0.50338 0.49662 0.00381278 0.00381278
0.50324 0.49676 0.00396305 0.00396305
0.50273 0.49727 0.00406218 0.00406218
0.50231 0.49769 0.00402771 0.00402771
0.50106 0.49894 0.00403921 0.00403921
0.50085 0.49915 0.00397179 0.00397179
0.50048 0.49952 0.00401312 0.00401312
0.50034 0.49966 0.00397273 0.00397273
0.50127 0.49873 0.00400743 0.00400743
0.50127 0.49873 0.00407163 0.00407163
0.50061 0.49939 0.00420778 0.00420778
0.50133 0.49867 0.00421578 0.00421578
0.50087 0.49913 0.00424046 0.00424046
0.50073 0.49927 0.00433751 0.00433751
0.50082 0.49918 0.00424752 0.00424752
0.5004 0.4996 0.00417962 0.00417962
0.5002 0.4998 0.00419313 0.00419313
0.49933 0.50067 0.0041081 0.0041081
0.49906 0.50094 0.00414226 0.00414226
0.4991 0.5009 0.00409637 0.00409637
0.49903 0.50097 0.00406765 0.00406765
0.49802 0.50198 0.00398404 0.00398404
0.49735 0.50265 0.00400053 0.00400053
0.49729 0.50271 0.0042435 0.0042435
0.49907 0.50093 0.0042396 0.0042396
0.49833 0.50167 0.00426588 0.00426588
0.49749 0.50251 0.00427809 0.00427809
0.49755 0.50245 0.00428793 0.00428793
0.49815 0.50185 0.00425564 0.00425564
0.49754 0.50246 0.00423128 0.00423128
0.49747 0.50253 0.00418025 0.00418025
0.49679 0.50321 0.00414401 0.00414401
0.49709 0.50291 0.00413673 0.00413673
0.4969 0.5031 0.0042488 0.0042488
0.49736 0.50264 0.00428029 0.00428029
0.49821 0.50179 0.00416263 0.00416263
0.49816 0.50184 0.00413771 0.00413771
0.49779 0.50221 0.00413835 0.00413835
0.49809 0.50191 0.00398204 0.00398204
0.49733 0.50267 0.00402388 0.00402388
0.49787 0.50213 0.00399646 0.00399646
0.49827 0.50173 0.0040578 0.0040578
0.49727 0.50273 0.00404901 0.00404901
0.49766 0.50234 0.00415322 0.00415322
0.49754 0.50246 0.00411954 0.00411954
0.49737 0.50263 0.00416371 0.00416371
0.49716 0.50284 0.00415254 0.00415254
0.49793 0.50207 0.00408685 0.00408685
0.49765 0.50235 0.00395461 0.00395461
0.49811 0.50189 0.00406889 0.00406889
0.49827 0.50173 0.00409503 0.00409503
0.49847 0.50153 0.00416292 0.00416292
