0.7024 0.2976 0.00023 0.00023
0.70312 0.29688 0.000259682 0.000259682
0.70298 0.29702 0.00030406 0.00030406
0.70394 0.29606 0.000391148 0.000391148
0.70453 0.29547 0.000482878 0.000482878
0.70517 0.29483 0.000550789 0.000550789
0.70571 0.29429 0.000630612 0.000630612
0.70651 0.29349 0.000731081 0.000731081
0.70624 0.29376 0.000800103 0.000800103
0.706 0.294 0.000818444 0.000818444
0.70662 0.29338 0.000811794 0.000811794
0.70762 0.29238 0.000846622 0.000846622
0.70765 0.29235 0.000941644 0.000941644
0.70715 0.29285 0.00095526 0.00095526
0.70695 0.29305 0.00100009 0.00100009
0.70647 0.29353 0.00101698 0.00101698
0.70721 0.29279 0.00105073 0.00105073
0.70658 0.29342 0.00105808 0.00105808
0.70553 0.29447 0.00105425 0.00105425
0.70516 0.29484 0.00104603 0.00104603
0.70547 0.29453 0.000966332 0.000966332
0.70561 0.29439 0.000991634 0.000991634
0.70585 0.29415 0.00100108 0.00100108
0.70695 0.29305 0.00105465 0.00105465
0.7069 0.2931 0.00104011 0.00104011
0.70718 0.29282 0.0010108 0.0010108
0.7059 0.2941 0.00101831 0.00101831
0.70563 0.29437 0.00101714 0.00101714
0.70492 0.29508 0.00111662 0.00111662
0.70453 0.29547 0.00112045 0.00112045
0.70478 0.29522 0.00114429 0.00114429
0.70506 0.29494 0.00107274 0.00107274
0.70542 0.29458 0.00111239 0.00111239
0.70452 0.29548 0.00108078 0.00108078
0.70405 0.29595 0.00105635 0.00105635
0.70497 0.29503 0.00107482 0.00107482
0.70591 0.29409 0.00102984 0.00102984
0.70547 0.29453 0.00106722 0.00106722
0.70437 0.29563 0.00109159 0.00109159
0.70429 0.29571 0.00102518 0.00102518
0.70433 0.29567 0.00107008 0.00107008
0.70368 0.29632 0.00108277 0.00108277
0.70368 0.29632 0.00102448 0.00102448
0.70422 0.29578 0.00108272 0.00108272
0.70431 0.29569 0.00109155 0.00109155
0.70371 0.29629 0.00112494 0.00112494
0.70496 0.29504 0.00111077 0.00111077
0.70424 0.29576 0.00116847 0.00116847
0.70485 0.29515 0.00110443 0.00110443
0.70552 0.29448 0.00114276 0.00114276
0.70556 0.29444 0.00108609 0.00108609
0.70461 0.29539 0.00110565 0.00110565
0.70347 0.29653 0.00105455 0.00105455
0.70282 0.29718 0.00103092 0.00103092
0.70314 0.29686 0.00110295 0.00110295
0.70421 0.29579 0.00113405 0.00113405
0.70519 0.29481 0.00111412 0.00111412
0.70551 0.29449 0.00112759 0.00112759
0.70519 0.29481 0.00111749 0.00111749
0.7056 0.2944 0.00109339 0.00109339
0.7051 0.2949 0.00102557 0.00102557
0.70691 0.29309 0.000994608 0.000994608
0.70608 0.29392 0.00100694 0.00100694
0.70674 0.29326 0.00102927 0.00102927
0.70656 0.29344 0.000995239 0.000995239
0.70726 0.29274 0.00101335 0.00101335
0.70811 0.29189 0.00106384 0.00106384
0.70684 0.29316 0.00106163 0.00106163
0.70555 0.29445 0.00113013 0.00113013
0.70444 0.29556 0.00116354 0.00116354
0.70403 0.29597 0.00110712 0.00110712
0.70478 0.29522 0.00112823 0.00112823
0.70322 0.29678 0.00118335 0.00118335
0.7035 0.2965 0.00114191 0.00114191
0.70355 0.29645 0.0010475 0.0010475
0.70378 0.29622 0.00104583 0.00104583
0.7038 0.2962 0.00112659 0.00112659
0.70337 0.29663 0.00114721 0.00114721
0.7035 0.2965 0.0010869 0.0010869
0.70399 0.29601 0.00108344 0.00108344
0.70369 0.29631 0.00114129 0.00114129
0.70402 0.29598 0.00121038 0.00121038
0.70464 0.29536 0.0012111 0.0012111
0.70385 0.29615 0.00120263 0.00120263
0.70422 0.29578 0.00119252 0.00119252
0.70466 0.29534 0.00124255 0.00124255
0.70393 0.29607 0.00129213 0.00129213
0.70431 0.29569 0.00128181 0.00128181
0.70351 0.29649 0.00127003 0.00127003
0.7037 0.2963 0.00130492 0.00130492
0.70345 0.29655 0.00128777 0.00128777
0.70306 0.29694 0.00128339 0.00128339
0.70272 0.29728 0.00128281 0.00128281
0.70298 0.29702 0.0013136 0.0013136
0.70328 0.29672 0.00122923 0.00122923
0.70261 0.29739 0.00123105 0.00123105
0.70264 0.29736 0.00129409 0.00129409
0.70326 0.29674 0.00129684 0.00129684
0.70402 0.29598 0.00127636 0.00127636
0.70393 0.29607 0.00122752 0.00122752
0.70462 0.29538 0.00121389 0.00121389
0.70463 0.29537 0.00122666 0.00122666
0.70432 0.29568 0.00119034 0.00119034
0.70406 0.29594 0.0011744 0.0011744
0.70401 0.29599 0.0011769 0.0011769
0.70338 0.29662 0.00114737 0.00114737
0.70307 0.29693 0.00110007 0.00110007
0.7034 0.2966 0.00112095 0.00112095
0.70376 0.29624 0.00115273 0.00115273
0.70371 0.29629 0.00114041 0.00114041
0.70408 0.29592 0.00114751 0.00114751
0.70479 0.29521 0.00118795 0.00118795
0.70442 0.29558 0.00124691 0.00124691
0.70502 0.29498 0.00131962 0.00131962
0.70416 0.29584 0.00132199 0.00132199
0.70385 0.29615 0.00139132 0.00139132
0.70315 0.29685 0.00144702 0.00144702
0.70252 0.29748 0.00143413 0.00143413
0.70281 0.29719 0.00131494 0.00131494
0.70263 0.29737 0.00132551 0.00132551
0.70306 0.29694 0.00134228 0.00134228
0.70299 0.29701 0.00139664 0.00139664
0.70333 0.29667 0.00139065 0.00139065
0.70322 0.29678 0.00143605 0.00143605
0.70289 0.29711 0.00136495 0.00136495
0.70415 0.29585 0.00132247 0.00132247
0.704 0.296 0.00137121 0.00137121
0.70374 0.29626 0.00134423 0.00134423
0.70272 0.29728 0.00133748 0.00133748
0.702 0.298 0.00134321 0.00134321
0.70073 0.29927 0.00134648 0.00134648
0.70017 0.29983 0.00143885 0.00143885
0.70079 0.29921 0.00140799 0.00140799
0.70019 0.29981 0.00140488 0.00140488
0.70046 0.29954 0.0013716 0.0013716
0.70189 0.29811 0.0014863 0.0014863
0.70214 0.29786 0.00145485 0.00145485
0.70182 0.29818 0.00131166 0.00131166
0.7012 0.2988 0.00137196 0.00137196
0.70156 0.29844 0.00144235 0.00144235
0.70076 0.29924 0.00151756 0.00151756
0.70153 0.29847 0.00148595 0.00148595
0.70101 0.29899 0.0014247 0.0014247
0.70058 0.29942 0.00152996 0.00152996
0.70004 0.29996 0.00151075 0.00151075
0.70092 0.29908 0.00154189 0.00154189
0.70073 0.29927 0.00149638 0.00149638
0.70113 0.29887 0.00150864 0.00150864
0.70145 0.29855 0.00149366 0.00149366
0.70173 0.29827 0.00151161 0.00151161
0.70162 0.29838 0.00150078 0.00150078
0.70251 0.29749 0.0014932 0.0014932
0.70257 0.29743 0.00148071 0.00148071
0.70333 0.29667 0.00151279 0.00151279
0.70312 0.29688 0.00153459 0.00153459
0.70297 0.29703 0.00149744 0.00149744
0.70241 0.29759 0.00152317 0.00152317
0.70207 0.29793 0.0015254 0.0015254
0.70163 0.29837 0.00146413 0.00146413
0.70272 0.29728 0.00138796 0.00138796
0.70305 0.29695 0.00139554 0.00139554
0.70381 0.29619 0.00143007 0.00143007
0.70311 0.29689 0.00142955 0.00142955
0.70293 0.29707 0.0014435 0.0014435
0.70216 0.29784 0.00149323 0.00149323
0.70233 0.29767 0.00151378 0.00151378
0.70229 0.29771 0.00150914 0.00150914
0.70222 0.29778 0.00148433 0.00148433
0.7026 0.2974 0.0014799 0.0014799
0.70288 0.29712 0.00152679 0.00152679
0.70178 0.29822 0.00158496 0.00158496
0.70126 0.29874 0.00152266 0.00152266
0.70144 0.29856 0.00154978 0.00154978
0.70157 0.29843 0.0015974 0.0015974
0.70202 0.29798 0.00159978 0.00159978
0.70191 0.29809 0.00151437 0.00151437
0.70226 0.29774 0.00154611 0.00154611
0.70209 0.29791 0.00157877 0.00157877
0.70301 0.29699 0.00147397 0.00147397
0.7032 0.2968 0.0015001 0.0015001
0.70487 0.29513 0.00147571 0.00147571
0.70504 0.29496 0.00153448 0.00153448
0.70433 0.29567 0.00155725 0.00155725
0.70539 0.29461 0.00156759 0.00156759
0.70481 0.29519 0.00158953 0.00158953
0.70488 0.29512 0.00163037 0.00163037
0.70467 0.29533 0.00151501 0.00151501
0.70475 0.29525 0.00157863 0.00157863
0.70398 0.29602 0.00158307 0.00158307
0.70458 0.29542 0.00160146 0.00160146
0.70367 0.29633 0.00159598 0.00159598
0.70309 0.29691 0.00163354 0.00163354
0.70305 0.29695 0.00159678 0.00159678
0.7039 0.2961 0.00153951 0.00153951
0.70414 0.29586 0.00151727 0.00151727
0.7038 0.2962 0.00152754 0.00152754
0.70422 0.29578 0.00154989 0.00154989
0.70421 0.29579 0.00156833 0.00156833
0.70402 0.29598 0.00149331 0.00149331
0.70343 0.29657 0.00155764 0.00155764
0.70323 0.29677 0.00152652 0.00152652
0.70449 0.29551 0.00146021 0.00146021
0.70437 0.29563 0.00148422 0.00148422
0.70442 0.29558 0.00152087 0.00152087
0.70424 0.29576 0.0014694 0.0014694
0.70478 0.29522 0.00152662 0.00152662
0.70529 0.29471 0.00155857 0.00155857
0.70552 0.29448 0.00158377 0.00158377
0.70538 0.29462 0.00158446 0.00158446
0.70651 0.29349 0.00157575 0.00157575
0.7072 0.2928 0.00155784 0.00155784
0.70739 0.29261 0.00157765 0.00157765
0.70771 0.29229 0.00154463 0.00154463
0.70785 0.29215 0.00161486 0.00161486
0.70646 0.29354 0.00159415 0.00159415
0.70697 0.29303 0.00158736 0.00158736
0.70734 0.29266 0.00160192 0.00160192
0.70699 0.29301 0.00166726 0.00166726
0.70641 0.29359 0.00176639 0.00176639
0.70592 0.29408 0.00174185 0.00174185
0.70511 0.29489 0.00172967 0.00172967
0.70549 0.29451 0.00175631 0.00175631
0.7054 0.2946 0.00166582 0.00166582
0.70406 0.29594 0.00157048 0.00157048
0.70384 0.29616 0.0015263 0.0015263
0.70448 0.29552 0.00153377 0.00153377
0.70403 0.29597 0.00153096 0.00153096
0.70482 0.29518 0.00147278 0.00147278
0.70581 0.29419 0.00142258 0.00142258
0.70663 0.29337 0.00136916 0.00136916
0.70584 0.29416 0.00141812 0.00141812
0.70489 0.29511 0.00145222 0.00145222
0.7051 0.2949 0.00140478 0.00140478
0.70485 0.29515 0.00151158 0.00151158
0.7054 0.2946 0.00163446 0.00163446
0.70651 0.29349 0.00162763 0.00162763
0.70682 0.29318 0.00153411 0.00153411
0.70694 0.29306 0.00148678 0.00148678
0.70772 0.29228 0.00151641 0.00151641
0.70759 0.29241 0.00158051 0.00158051
0.70766 0.29234 0.00159184 0.00159184
0.70793 0.29207 0.00162724 0.00162724
0.70767 0.29233 0.00166441 0.00166441
0.70833 0.29167 0.00169548 0.00169548
0.70779 0.29221 0.001757 0.001757
0.70708 0.29292 0.00173706 0.00173706
0.70644 0.29356 0.00166225 0.00166225
0.70602 0.29398 0.0015924 0.0015924
0.70536 0.29464 0.00156502 0.00156502
0.70594 0.29406 0.00144319 0.00144319
0.70571 0.29429 0.00154017 0.00154017
0.70659 0.29341 0.00151895 0.00151895
0.70667 0.29333 0.00151392 0.00151392
0.70589 0.29411 0.00156905 0.00156905
0.7066 0.2934 0.00163885 0.00163885
0.70641 0.29359 0.00162317 0.00162317
0.70546 0.29454 0.00161407 0.00161407
0.70514 0.29486 0.00150814 0.00150814
0.70471 0.29529 0.00155504 0.00155504
0.70456 0.29544 0.00157619 0.00157619
0.7049 0.2951 0.00154187 0.00154187
0.70411 0.29589 0.00154305 0.00154305
0.70436 0.29564 0.00159611 0.00159611
0.70417 0.29583 0.00164746 0.00164746
0.705 0.295 0.00161693 0.00161693
0.70478 0.29522 0.00160203 0.00160203
0.70522 0.29478 0.00167189 0.00167189
0.70576 0.29424 0.00165148 0.00165148
0.70545 0.29455 0.00172162 0.00172162
0.70511 0.29489 0.00183206 0.00183206
0.70471 0.29529 0.00186154 0.00186154
0.70536 0.29464 0.00172118 0.00172118
0.70683 0.29317 0.00172923 0.00172923
0.70736 0.29264 0.00173043 0.00173043
0.70719 0.29281 0.0016725 0.0016725
0.70632 0.29368 0.00167691 0.00167691
0.70752 0.29248 0.00172821 0.00172821
0.70738 0.29262 0.00173505 0.00173505
0.70775 0.29225 0.00167358 0.00167358
0.70742 0.29258 0.00171029 0.00171029
0.70726 0.29274 0.00159468 0.00159468
0.70647 0.29353 0.00162211 0.00162211
0.70637 0.29363 0.00162054 0.00162054
0.70641 0.29359 0.00157851 0.00157851
0.70566 0.29434 0.00158009 0.00158009
0.70499 0.29501 0.00160086 0.00160086
0.70499 0.29501 0.00156381 0.00156381
0.70433 0.29567 0.00157012 0.00157012
0.70473 0.29527 0.00164345 0.00164345
0.70449 0.29551 0.00175017 0.00175017
0.70451 0.29549 0.00174492 0.00174492
0.70485 0.29515 0.00180469 0.00180469
0.70501 0.29499 0.00178264 0.00178264
0.70555 0.29445 0.00177451 0.00177451
0.70632 0.29368 0.00183503 0.00183503
0.70652 0.29348 0.00179108 0.00179108
0.70819 0.29181 0.00180797 0.00180797
0.70834 0.29166 0.0018096 0.0018096
0.70794 0.29206 0.00191375 0.00191375
0.70804 0.29196 0.00182749 0.00182749
0.70808 0.29192 0.00179597 0.00179597
0.7067 0.2933 0.001847 0.001847
0.70632 0.29368 0.00190024 0.00190024
0.70654 0.29346 0.0018556 0.0018556
0.70612 0.29388 0.00185508 0.00185508
0.70575 0.29425 0.00189502 0.00189502
0.70536 0.29464 0.00184195 0.00184195
0.70595 0.29405 0.00185336 0.00185336
0.70578 0.29422 0.00189492 0.00189492
0.70552 0.29448 0.00189843 0.00189843
0.70556 0.29444 0.00193807 0.00193807
0.70682 0.29318 0.00180892 0.00180892
0.70587 0.29413 0.00195268 0.00195268
0.70573 0.29427 0.00192573 0.00192573
0.7063 0.2937 0.00192799 0.00192799
0.70603 0.29397 0.00190868 0.00190868
0.70561 0.29439 0.00188309 0.00188309
0.7051 0.2949 0.00181833 0.00181833
0.70466 0.29534 0.00185667 0.00185667
0.70403 0.29597 0.0018432 0.0018432
0.70479 0.29521 0.00192467 0.00192467
0.70432 0.29568 0.00205188 0.00205188
0.7046 0.2954 0.00210026 0.00210026
0.70493 0.29507 0.00205007 0.00205007
0.70507 0.29493 0.00201887 0.00201887
0.70448 0.29552 0.00191987 0.00191987
0.70389 0.29611 0.00189248 0.00189248
0.70455 0.29545 0.00192625 0.00192625
0.70448 0.29552 0.0019555 0.0019555
0.70566 0.29434 0.00198586 0.00198586
0.70545 0.29455 0.00188635 0.00188635
0.705 0.295 0.00188099 0.00188099
0.7049 0.2951 0.00186748 0.00186748
0.70561 0.29439 0.00184355 0.00184355
0.70585 0.29415 0.0019174 0.0019174
0.70621 0.29379 0.00193439 0.00193439
0.70597 0.29403 0.00194478 0.00194478
0.70582 0.29418 0.00190007 0.00190007
0.70607 0.29393 0.00193637 0.00193637
0.70595 0.29405 0.00193702 0.00193702
0.70725 0.29275 0.00199009 0.00199009
0.70712 0.29288 0.00196605 0.00196605
0.70756 0.29244 0.00198092 0.00198092
0.7082 0.2918 0.00195956 0.00195956
0.70824 0.29176 0.00198602 0.00198602
0.70779 0.29221 0.00202546 0.00202546
0.70751 0.29249 0.00193843 0.00193843
0.70656 0.29344 0.00194098 0.00194098
0.70621 0.29379 0.00189213 0.00189213
0.70617 0.29383 0.00192931 0.00192931
0.70655 0.29345 0.00192944 0.00192944
0.70596 0.29404 0.00190012 0.00190012
0.70637 0.29363 0.00200624 0.00200624
0.7069 0.2931 0.00196862 0.00196862
0.70688 0.29312 0.00192423 0.00192423
0.7076 0.2924 0.00192432 0.00192432
0.708 0.292 0.00199034 0.00199034
0.70826 0.29174 0.00193068 0.00193068
0.70889 0.29111 0.00192673 0.00192673
0.70797 0.29203 0.00197332 0.00197332
0.70905 0.29095 0.00199314 0.00199314
0.70863 0.29137 0.00196153 0.00196153
0.70761 0.29239 0.00200093 0.00200093
0.7076 0.2924 0.00195257 0.00195257
0.70777 0.29223 0.00191466 0.00191466
0.70687 0.29313 0.00190898 0.00190898
0.7078 0.2922 0.00197206 0.00197206
0.70752 0.29248 0.00191926 0.00191926
0.70802 0.29198 0.00188863 0.00188863
0.70841 0.29159 0.00186673 0.00186673
0.70783 0.29217 0.00180301 0.00180301
0.70688 0.29312 0.00185736 0.00185736
0.70728 0.29272 0.00183517 0.00183517
0.70642 0.29358 0.00187913 0.00187913
0.70682 0.29318 0.00190235 0.00190235
0.70702 0.29298 0.00192675 0.00192675
0.70689 0.29311 0.00191834 0.00191834
0.70712 0.29288 0.00200439 0.00200439
0.70692 0.29308 0.00195866 0.00195866
0.70635 0.29365 0.00191728 0.00191728
0.70586 0.29414 0.00197089 0.00197089
0.70496 0.29504 0.0019621 0.0019621
0.706 0.294 0.00199075 0.00199075
0.70604 0.29396 0.00206701 0.00206701
0.70564 0.29436 0.00212021 0.00212021
0.70528 0.29472 0.0021516 0.0021516
0.70544 0.29456 0.00220445 0.00220445
0.70588 0.29412 0.00214221 0.00214221
0.70636 0.29364 0.00210282 0.00210282
0.70662 0.29338 0.00197347 0.00197347
0.70675 0.29325 0.00205033 0.00205033
0.70614 0.29386 0.00202265 0.00202265
0.70572 0.29428 0.0019522 0.0019522
0.70505 0.29495 0.00205762 0.00205762
0.70591 0.29409 0.00217176 0.00217176
0.70672 0.29328 0.00213954 0.00213954
0.70679 0.29321 0.00222637 0.00222637
0.70573 0.29427 0.00223396 0.00223396
0.70508 0.29492 0.00225763 0.00225763
0.70437 0.29563 0.00226005 0.00226005
0.70321 0.29679 0.00229554 0.00229554
0.70329 0.29671 0.00217405 0.00217405
0.70385 0.29615 0.002125 0.002125
0.70376 0.29624 0.00210188 0.00210188
0.70344 0.29656 0.00209459 0.00209459
0.70461 0.29539 0.00205418 0.00205418
0.7044 0.2956 0.00207329 0.00207329
0.70348 0.29652 0.00217088 0.00217088
0.70406 0.29594 0.00214729 0.00214729
0.70508 0.29492 0.0021004 0.0021004
0.70385 0.29615 0.00203338 0.00203338
0.70318 0.29682 0.00207692 0.00207692
0.70282 0.29718 0.00213035 0.00213035
0.70227 0.29773 0.00214933 0.00214933
0.70288 0.29712 0.00216758 0.00216758
0.70392 0.29608 0.00208803 0.00208803
0.70372 0.29628 0.00207109 0.00207109
0.70367 0.29633 0.0020996 0.0020996
0.7045 0.2955 0.00213791 0.00213791
0.7049 0.2951 0.00209546 0.00209546
0.70427 0.29573 0.00210192 0.00210192
0.70474 0.29526 0.00209541 0.00209541
0.70418 0.29582 0.00213015 0.00213015
0.70536 0.29464 0.00210692 0.00210692
0.70519 0.29481 0.00213704 0.00213704
0.70494 0.29506 0.00214632 0.00214632
0.70521 0.29479 0.0020555 0.0020555
0.7063 0.2937 0.00202302 0.00202302
0.7065 0.2935 0.00193177 0.00193177
0.70705 0.29295 0.00192779 0.00192779
0.70689 0.29311 0.0020007 0.0020007
0.7077 0.2923 0.00200324 0.00200324
0.70786 0.29214 0.00207331 0.00207331
0.70815 0.29185 0.00210847 0.00210847
0.70925 0.29075 0.00218958 0.00218958
0.70748 0.29252 0.00220825 0.00220825
0.70778 0.29222 0.00230387 0.00230387
0.70836 0.29164 0.00233825 0.00233825
0.70716 0.29284 0.00239658 0.00239658
0.70673 0.29327 0.0023062 0.0023062
0.70675 0.29325 0.00232633 0.00232633
0.70732 0.29268 0.00230198 0.00230198
0.70667 0.29333 0.00227608 0.00227608
0.70685 0.29315 0.00234051 0.00234051
0.70733 0.29267 0.00235 0.00235
0.70765 0.29235 0.00235342 0.00235342
0.7079 0.2921 0.00233015 0.00233015
0.70798 0.29202 0.00237655 0.00237655
0.70817 0.29183 0.00241398 0.00241398
0.70778 0.29222 0.00245656 0.00245656
0.70686 0.29314 0.00243784 0.00243784
0.70635 0.29365 0.00242924 0.00242924
0.70765 0.29235 0.00243748 0.00243748
0.70774 0.29226 0.0024387 0.0024387
0.70712 0.29288 0.00251089 0.00251089
0.70649 0.29351 0.00252078 0.00252078
0.70705 0.29295 0.00242823 0.00242823
0.70682 0.29318 0.00243502 0.00243502
0.70738 0.29262 0.00239238 0.00239238
0.70734 0.29266 0.00229009 0.00229009
0.70785 0.29215 0.00235797 0.00235797
0.70741 0.29259 0.00235562 0.00235562
0.70713 0.29287 0.00234201 0.00234201
0.7065 0.2935 0.00232597 0.00232597
0.70635 0.29365 0.00244841 0.00244841
0.70684 0.29316 0.00247969 0.00247969
0.70706 0.29294 0.00252634 0.00252634
0.70859 0.29141 0.00250536 0.00250536
0.70714 0.29286 0.00238937 0.00238937
0.70703 0.29297 0.00241767 0.00241767
0.70593 0.29407 0.00245831 0.00245831
0.7061 0.2939 0.00246181 0.00246181
0.70509 0.29491 0.00249818 0.00249818
0.70524 0.29476 0.00247241 0.00247241
0.70588 0.29412 0.00244964 0.00244964
0.70473 0.29527 0.00233531 0.00233531
0.70619 0.29381 0.00242955 0.00242955
0.70563 0.29437 0.00253104 0.00253104
0.70561 0.29439 0.00254757 0.00254757
0.70609 0.29391 0.00251307 0.00251307
0.70684 0.29316 0.00248408 0.00248408
0.70667 0.29333 0.00239576 0.00239576
0.7055 0.2945 0.00232672 0.00232672
0.70542 0.29458 0.00238059 0.00238059
0.70614 0.29386 0.00246073 0.00246073
0.70666 0.29334 0.00243873 0.00243873
0.70789 0.29211 0.00241202 0.00241202
0.70703 0.29297 0.00246385 0.00246385
0.70695 0.29305 0.00248803 0.00248803
0.70644 0.29356 0.00248613 0.00248613
0.70585 0.29415 0.00249039 0.00249039
0.70596 0.29404 0.00253955 0.00253955
0.70632 0.29368 0.00255535 0.00255535
0.70639 0.29361 0.00257034 0.00257034
0.70639 0.29361 0.00246949 0.00246949
0.70663 0.29337 0.00239351 0.00239351
0.70644 0.29356 0.00246073 0.00246073
0.70619 0.29381 0.00254157 0.00254157
0.70496 0.29504 0.00265535 0.00265535
0.70611 0.29389 0.00265038 0.00265038
