0.49823 0.50177 4.49466e-05 4.49466e-05
0.49669 0.50331 0.000155469 0.000155469
0.4956 0.5044 0.00020901 0.00020901
0.49485 0.50515 0.000278957 0.000278957
0.49357 0.50643 0.000362975 0.000362975
0.49283 0.50717 0.000450526 0.000450526
0.49149 0.50851 0.000508333 0.000508333
0.49011 0.50989 0.000566988 0.000566988
0.49009 0.50991 0.00065778 0.00065778
0.48991 0.51009 0.000739133 0.000739133
0.48914 0.51086 0.000819798 0.000819798
0.48833 0.51167 0.000877981 0.000877981
0.4879 0.5121 0.000944919 0.000944919
0.48731 0.51269 0.000959246 0.000959246
0.48766 0.51234 0.00101045 0.00101045
0.48755 0.51245 0.00105865 0.00105865
0.48753 0.51247 0.00111199 0.00111199
0.48741 0.51259 0.00115927 0.00115927
0.48705 0.51295 0.00116724 0.00116724
0.48709 0.51291 0.00122671 0.00122671
0.48671 0.51329 0.00123259 0.00123259
0.487 0.513 0.00129083 0.00129083
0.48693 0.51307 0.00134142 0.00134142
0.48697 0.51303 0.00139403 0.00139403
0.4868 0.5132 0.00140234 0.00140234
0.4864 0.5136 0.00143149 0.00143149
0.48594 0.51406 0.00144347 0.00144347
0.4856 0.5144 0.00146143 0.00146143
0.48562 0.51438 0.00152141 0.00152141
0.48591 0.51409 0.00155877 0.00155877
0.48566 0.51434 0.00156891 0.00156891
0.48548 0.51452 0.00156692 0.00156692
0.48531 0.51469 0.00159842 0.00159842
0.48506 0.51494 0.00161472 0.00161472
0.48499 0.51501 0.00163252 0.00163252
0.48478 0.51522 0.0016508 0.0016508
0.48505 0.51495 0.00165108 0.00165108
0.48506 0.51494 0.00164577 0.00164577
0.48507 0.51493 0.00164837 0.00164837
0.48485 0.51515 0.00166968 0.00166968
0.4847 0.5153 0.00169274 0.00169274
0.48444 0.51556 0.00170003 0.00170003
0.48448 0.51552 0.00170377 0.00170377
0.48423 0.51577 0.00172834 0.00172834
0.48428 0.51572 0.00175277 0.00175277
0.48414 0.51586 0.0017618 0.0017618
0.48426 0.51574 0.00177383 0.00177383
0.48411 0.51589 0.00178052 0.00178052
0.48383 0.51617 0.00180263 0.00180263
0.48377 0.51623 0.00182206 0.00182206
0.48392 0.51608 0.0018387 0.0018387
0.48395 0.51605 0.00184387 0.00184387
0.48392 0.51608 0.00185359 0.00185359
0.48397 0.51603 0.00185247 0.00185247
0.48416 0.51584 0.00184971 0.00184971
0.48417 0.51583 0.00185319 0.00185319
0.48419 0.51581 0.00185965 0.00185965
0.48407 0.51593 0.0018579 0.0018579
0.484 0.516 0.00186887 0.00186887
0.48412 0.51588 0.0018775 0.0018775
0.48412 0.51588 0.00187081 0.00187081
0.48399 0.51601 0.00186672 0.00186672
0.484 0.516 0.00187202 0.00187202
0.48397 0.51603 0.0018806 0.0018806
0.48392 0.51608 0.00188401 0.00188401
0.48385 0.51615 0.00188352 0.00188352
0.48379 0.51621 0.00187572 0.00187572
0.48386 0.51614 0.00189667 0.00189667
0.48381 0.51619 0.00189882 0.00189882
0.48393 0.51607 0.00189875 0.00189875
0.4838 0.5162 0.00188925 0.00188925
0.48378 0.51622 0.00189423 0.00189423
0.48369 0.51631 0.00188826 0.00188826
0.48363 0.51637 0.00188426 0.00188426
0.4838 0.5162 0.00188461 0.00188461
0.48375 0.51625 0.00189231 0.00189231
0.48379 0.51621 0.00191748 0.00191748
0.48377 0.51623 0.00192466 0.00192466
0.48387 0.51613 0.00191912 0.00191912
0.48398 0.51602 0.00191578 0.00191578
0.48391 0.51609 0.00191835 0.00191835
0.4837 0.5163 0.00192124 0.00192124
0.48367 0.51633 0.00191513 0.00191513
0.48353 0.51647 0.00191868 0.00191868
0.48352 0.51648 0.00192094 0.00192094
0.48354 0.51646 0.00191837 0.00191837
0.48356 0.51644 0.00193245 0.00193245
0.48344 0.51656 0.00193465 0.00193465
0.48353 0.51647 0.00194326 0.00194326
0.48354 0.51646 0.00192845 0.00192845
0.48361 0.51639 0.0019303 0.0019303
0.48351 0.51649 0.00192841 0.00192841
0.48356 0.51644 0.00193217 0.00193217
0.4835 0.5165 0.00192688 0.00192688
0.48353 0.51647 0.00192227 0.00192227
0.48357 0.51643 0.00192344 0.00192344
0.48358 0.51642 0.00192829 0.00192829
0.48347 0.51653 0.0019306 0.0019306
0.48346 0.51654 0.00192973 0.00192973
0.48352 0.51648 0.00193443 0.00193443
0.48352 0.51648 0.00192938 0.00192938
0.48346 0.51654 0.00192518 0.00192518
0.48342 0.51658 0.00193099 0.00193099
0.4834 0.5166 0.00192194 0.00192194
0.48346 0.51654 0.00191946 0.00191946
0.48349 0.51651 0.00192312 0.00192312
0.48346 0.51654 0.00191631 0.00191631
0.48354 0.51646 0.00191979 0.00191979
0.48356 0.51644 0.00191459 0.00191459
0.48362 0.51638 0.00192268 0.00192268
0.48353 0.51647 0.00192142 0.00192142
0.48356 0.51644 0.00192821 0.00192821
0.48362 0.51638 0.00192945 0.00192945
0.48364 0.51636 0.00193054 0.00193054
0.48365 0.51635 0.0019332 0.0019332
0.48367 0.51633 0.0019316 0.0019316
0.48361 0.51639 0.00193337 0.00193337
0.48363 0.51637 0.00193866 0.00193866
0.48363 0.51637 0.00193953 0.00193953
0.4836 0.5164 0.0019424 0.0019424
0.48357 0.51643 0.00193845 0.00193845
0.48359 0.51641 0.00193974 0.00193974
0.48356 0.51644 0.00193514 0.00193514
0.48351 0.51649 0.00193181 0.00193181
0.48342 0.51658 0.00193208 0.00193208
0.48343 0.51657 0.0019332 0.0019332
0.48344 0.51656 0.00193558 0.00193558
0.48345 0.51655 0.00193811 0.00193811
0.48346 0.51654 0.00194144 0.00194144
0.4835 0.5165 0.00194011 0.00194011
0.4835 0.5165 0.00194074 0.00194074
0.48352 0.51648 0.00194066 0.00194066
0.48353 0.51647 0.00193942 0.00193942
0.48351 0.51649 0.00193904 0.00193904
0.48351 0.51649 0.00193845 0.00193845
0.4835 0.5165 0.00194268 0.00194268
0.48354 0.51646 0.0019387 0.0019387
0.48351 0.51649 0.00193864 0.00193864
0.48351 0.51649 0.00193866 0.00193866
0.48348 0.51652 0.00193534 0.00193534
0.48347 0.51653 0.00193653 0.00193653
0.48347 0.51653 0.00194015 0.00194015
0.48345 0.51655 0.00194015 0.00194015
0.4835 0.5165 0.00194054 0.00194054
0.48352 0.51648 0.00193888 0.00193888
0.48353 0.51647 0.0019387 0.0019387
0.48351 0.51649 0.00193839 0.00193839
0.48351 0.51649 0.00193944 0.00193944
0.48348 0.51652 0.00194051 0.00194051
0.48352 0.51648 0.001941 0.001941
0.48353 0.51647 0.00194078 0.00194078
0.48354 0.51646 0.0019411 0.0019411
0.48352 0.51648 0.00194298 0.00194298
0.48351 0.51649 0.00194492 0.00194492
0.48352 0.51648 0.00194237 0.00194237
0.4835 0.5165 0.00194136 0.00194136
0.48353 0.51647 0.00194072 0.00194072
0.48354 0.51646 0.00194387 0.00194387
0.48352 0.51648 0.00194433 0.00194433
0.48351 0.51649 0.00194144 0.00194144
0.48348 0.51652 0.00194276 0.00194276
0.48347 0.51653 0.00194249 0.00194249
0.48344 0.51656 0.00194098 0.00194098
0.48342 0.51658 0.00194126 0.00194126
0.4834 0.5166 0.00193885 0.00193885
0.48341 0.51659 0.00193881 0.00193881
0.48339 0.51661 0.00193921 0.00193921
0.48339 0.51661 0.00193921 0.00193921
0.48341 0.51659 0.00194026 0.00194026
0.4834 0.5166 0.00193879 0.00193879
0.48341 0.51659 0.00193921 0.00193921
0.48341 0.51659 0.00193905 0.00193905
0.48338 0.51662 0.00193977 0.00193977
0.48339 0.51661 0.00194169 0.00194169
0.48339 0.51661 0.00194287 0.00194287
0.48339 0.51661 0.00194182 0.00194182
0.48337 0.51663 0.00194135 0.00194135
0.48337 0.51663 0.00194135 0.00194135
0.48335 0.51665 0.00194092 0.00194092
0.48338 0.51662 0.00194042 0.00194042
0.48338 0.51662 0.00194042 0.00194042
0.48338 0.51662 0.00194204 0.00194204
0.48338 0.51662 0.00194204 0.00194204
0.48337 0.51663 0.00194268 0.00194268
0.48337 0.51663 0.00194268 0.00194268
0.48337 0.51663 0.00194268 0.00194268
0.48338 0.51662 0.00194408 0.00194408
0.4834 0.5166 0.00194267 0.00194267
0.48339 0.51661 0.00194428 0.00194428
0.48341 0.51659 0.00194485 0.00194485
0.48341 0.51659 0.00194485 0.00194485
0.48341 0.51659 0.00194346 0.00194346
0.48341 0.51659 0.00194321 0.00194321
0.4834 0.5166 0.00194248 0.00194248
0.48339 0.51661 0.00194343 0.00194343
0.48339 0.51661 0.00194343 0.00194343
0.4834 0.5166 0.00194311 0.00194311
0.48341 0.51659 0.00194216 0.00194216
0.4834 0.5166 0.00194529 0.00194529
0.4834 0.5166 0.00194529 0.00194529
0.4834 0.5166 0.00194529 0.00194529
0.48341 0.51659 0.00194568 0.00194568
0.4834 0.5166 0.00194749 0.00194749
0.48339 0.51661 0.00194747 0.00194747
0.48341 0.51659 0.00194725 0.00194725
0.4834 0.5166 0.00194699 0.00194699
0.48339 0.51661 0.00194794 0.00194794
0.4834 0.5166 0.00194731 0.00194731
0.48341 0.51659 0.00194673 0.00194673
0.48341 0.51659 0.00194673 0.00194673
0.48341 0.51659 0.00194673 0.00194673
0.4834 0.5166 0.00194735 0.00194735
0.4834 0.5166 0.00194735 0.00194735
0.4834 0.5166 0.00194735 0.00194735
0.4834 0.5166 0.00194735 0.00194735
0.48341 0.51659 0.00194673 0.00194673
0.48341 0.51659 0.00194673 0.00194673
0.48338 0.51662 0.00194484 0.00194484
0.48336 0.51664 0.00194452 0.00194452
0.48336 0.51664 0.00194526 0.00194526
0.48337 0.51663 0.00194716 0.00194716
0.48337 0.51663 0.00194716 0.00194716
0.48337 0.51663 0.00194716 0.00194716
0.48337 0.51663 0.00194716 0.00194716
0.48337 0.51663 0.00194716 0.00194716
0.48336 0.51664 0.00194621 0.00194621
0.48336 0.51664 0.00194621 0.00194621
0.48336 0.51664 0.00194621 0.00194621
0.48336 0.51664 0.00194621 0.00194621
0.48336 0.51664 0.00194621 0.00194621
0.48337 0.51663 0.00194642 0.00194642
0.48337 0.51663 0.00194642 0.00194642
0.48337 0.51663 0.00194642 0.00194642
0.48337 0.51663 0.00194642 0.00194642
0.48337 0.51663 0.00194642 0.00194642
0.48337 0.51663 0.00194642 0.00194642
0.48337 0.51663 0.00194642 0.00194642
0.48336 0.51664 0.00194452 0.00194452
0.48336 0.51664 0.00194452 0.00194452
0.48336 0.51664 0.00194452 0.00194452
0.48336 0.51664 0.00194452 0.00194452
0.48336 0.51664 0.00194452 0.00194452
0.48336 0.51664 0.00194452 0.00194452
0.48337 0.51663 0.00194474 0.00194474
0.48337 0.51663 0.00194474 0.00194474
0.48337 0.51663 0.00194474 0.00194474
0.48337 0.51663 0.00194474 0.00194474
0.48338 0.51662 0.00194664 0.00194664
0.48338 0.51662 0.00194664 0.00194664
0.48338 0.51662 0.00194664 0.00194664
0.48337 0.51663 0.00194723 0.00194723
0.48337 0.51663 0.00194723 0.00194723
0.48337 0.51663 0.00194723 0.00194723
0.48336 0.51664 0.00194532 0.00194532
0.48336 0.51664 0.00194532 0.00194532
0.48336 0.51664 0.00194532 0.00194532
0.48336 0.51664 0.00194532 0.00194532
0.48337 0.51663 0.00194535 0.00194535
0.48337 0.51663 0.00194535 0.00194535
0.48337 0.51663 0.00194535 0.00194535
0.48337 0.51663 0.00194535 0.00194535
0.48337 0.51663 0.00194535 0.00194535
0.48337 0.51663 0.00194535 0.00194535
0.48337 0.51663 0.00194535 0.00194535
0.48336 0.51664 0.00194532 0.00194532
0.48337 0.51663 0.00194535 0.00194535
0.48337 0.51663 0.00194535 0.00194535
0.48337 0.51663 0.00194535 0.00194535
0.48337 0.51663 0.00194535 0.00194535
0.48337 0.51663 0.00194535 0.00194535
0.48337 0.51663 0.00194535 0.00194535
0.48337 0.51663 0.00194535 0.00194535
0.48337 0.51663 0.00194535 0.00194535
0.48338 0.51662 0.00194511 0.00194511
0.48339 0.51661 0.00194452 0.00194452
0.48339 0.51661 0.00194452 0.00194452
0.48338 0.51662 0.00194476 0.00194476
0.48338 0.51662 0.00194476 0.00194476
0.48338 0.51662 0.00194476 0.00194476
0.48338 0.51662 0.00194476 0.00194476
0.48337 0.51663 0.00194535 0.00194535
0.48337 0.51663 0.00194535 0.00194535
0.48337 0.51663 0.00194535 0.00194535
0.48337 0.51663 0.00194535 0.00194535
0.48337 0.51663 0.00194535 0.00194535
0.48337 0.51663 0.00194535 0.00194535
0.48337 0.51663 0.00194535 0.00194535
0.48337 0.51663 0.00194535 0.00194535
0.48338 0.51662 0.00194725 0.00194725
0.48338 0.51662 0.00194725 0.00194725
0.48338 0.51662 0.00194725 0.00194725
0.48338 0.51662 0.00194725 0.00194725
0.48338 0.51662 0.00194725 0.00194725
0.48337 0.51663 0.00194702 0.00194702
0.48338 0.51662 0.00194725 0.00194725
0.48338 0.51662 0.00194725 0.00194725
0.48338 0.51662 0.00194725 0.00194725
0.48338 0.51662 0.00194725 0.00194725
0.48338 0.51662 0.00194725 0.00194725
0.48338 0.51662 0.00194725 0.00194725
0.48338 0.51662 0.00194725 0.00194725
0.48338 0.51662 0.00194725 0.00194725
0.48338 0.51662 0.00194725 0.00194725
0.48338 0.51662 0.00194725 0.00194725
0.48338 0.51662 0.00194725 0.00194725
0.48338 0.51662 0.00194725 0.00194725
0.48338 0.51662 0.00194725 0.00194725
0.48338 0.51662 0.00194725 0.00194725
0.48338 0.51662 0.00194725 0.00194725
0.48338 0.51662 0.00194725 0.00194725
0.48338 0.51662 0.00194725 0.00194725
0.48337 0.51663 0.00194702 0.00194702
0.48338 0.51662 0.00194725 0.00194725
0.48338 0.51662 0.00194725 0.00194725
0.48337 0.51663 0.00194535 0.00194535
0.48337 0.51663 0.00194535 0.00194535
0.48337 0.51663 0.00194535 0.00194535
0.48339 0.51661 0.00194452 0.00194452
0.48339 0.51661 0.00194452 0.00194452
0.48338 0.51662 0.00194511 0.00194511
0.48338 0.51662 0.00194511 0.00194511
0.48339 0.51661 0.00194701 0.00194701
0.48339 0.51661 0.00194701 0.00194701
0.48339 0.51661 0.00194701 0.00194701
0.48339 0.51661 0.00194701 0.00194701
0.48339 0.51661 0.00194701 0.00194701
0.48339 0.51661 0.00194701 0.00194701
0.48339 0.51661 0.00194701 0.00194701
0.48339 0.51661 0.00194701 0.00194701
0.48339 0.51661 0.00194701 0.00194701
0.48339 0.51661 0.00194701 0.00194701
0.48338 0.51662 0.00194511 0.00194511
0.48338 0.51662 0.00194511 0.00194511
0.48338 0.51662 0.00194511 0.00194511
0.48338 0.51662 0.00194511 0.00194511
0.48338 0.51662 0.00194511 0.00194511
0.48338 0.51662 0.00194511 0.00194511
0.48338 0.51662 0.00194511 0.00194511
0.48338 0.51662 0.00194511 0.00194511
0.48338 0.51662 0.00194511 0.00194511
0.48338 0.51662 0.00194511 0.00194511
0.48338 0.51662 0.00194511 0.00194511
0.48338 0.51662 0.00194511 0.00194511
0.48339 0.51661 0.00194701 0.00194701
0.48339 0.51661 0.00194701 0.00194701
0.48339 0.51661 0.00194701 0.00194701
0.48339 0.51661 0.00194701 0.00194701
0.48339 0.51661 0.00194701 0.00194701
0.48339 0.51661 0.00194701 0.00194701
0.48339 0.51661 0.00194701 0.00194701
0.48339 0.51661 0.00194701 0.00194701
0.48339 0.51661 0.00194701 0.00194701
0.48339 0.51661 0.00194701 0.00194701
0.48339 0.51661 0.00194701 0.00194701
0.48339 0.51661 0.00194701 0.00194701
0.48339 0.51661 0.00194701 0.00194701
0.48339 0.51661 0.00194701 0.00194701
0.48339 0.51661 0.00194701 0.00194701
0.48339 0.51661 0.00194701 0.00194701
0.48339 0.51661 0.00194701 0.00194701
0.4834 0.5166 0.00194642 0.00194642
0.4834 0.5166 0.00194642 0.00194642
0.4834 0.5166 0.00194642 0.00194642
0.4834 0.5166 0.00194642 0.00194642
0.4834 0.5166 0.00194642 0.00194642
0.4834 0.5166 0.00194642 0.00194642
0.4834 0.5166 0.00194642 0.00194642
0.4834 0.5166 0.00194642 0.00194642
0.4834 0.5166 0.00194642 0.00194642
0.4834 0.5166 0.00194642 0.00194642
0.4834 0.5166 0.00194642 0.00194642
0.4834 0.5166 0.00194642 0.00194642
0.4834 0.5166 0.00194642 0.00194642
0.4834 0.5166 0.00194642 0.00194642
0.4834 0.5166 0.00194642 0.00194642
0.4834 0.5166 0.00194642 0.00194642
0.4834 0.5166 0.00194642 0.00194642
0.4834 0.5166 0.00194642 0.00194642
0.4834 0.5166 0.00194642 0.00194642
0.4834 0.5166 0.00194642 0.00194642
0.4834 0.5166 0.00194642 0.00194642
0.48339 0.51661 0.00194701 0.00194701
0.48339 0.51661 0.00194701 0.00194701
0.48339 0.51661 0.00194701 0.00194701
0.48339 0.51661 0.00194701 0.00194701
0.48339 0.51661 0.00194701 0.00194701
0.48339 0.51661 0.00194701 0.00194701
0.48339 0.51661 0.00194701 0.00194701
0.48339 0.51661 0.00194701 0.00194701
0.48339 0.51661 0.00194701 0.00194701
0.48339 0.51661 0.00194701 0.00194701
0.48339 0.51661 0.00194701 0.00194701
0.48339 0.51661 0.00194701 0.00194701
0.48339 0.51661 0.00194701 0.00194701
0.48339 0.51661 0.00194701 0.00194701
0.48339 0.51661 0.00194701 0.00194701
0.48339 0.51661 0.00194701 0.00194701
0.48339 0.51661 0.00194701 0.00194701
0.48339 0.51661 0.00194701 0.00194701
0.48339 0.51661 0.00194701 0.00194701
0.48339 0.51661 0.00194701 0.00194701
0.48339 0.51661 0.00194701 0.00194701
0.48339 0.51661 0.00194701 0.00194701
0.48339 0.51661 0.00194701 0.00194701
0.48339 0.51661 0.00194701 0.00194701
0.48339 0.51661 0.00194701 0.00194701
0.48339 0.51661 0.00194701 0.00194701
0.48339 0.51661 0.00194701 0.00194701
0.48339 0.51661 0.00194701 0.00194701
0.48339 0.51661 0.00194701 0.00194701
0.48339 0.51661 0.00194701 0.00194701
0.48339 0.51661 0.00194701 0.00194701
0.48339 0.51661 0.00194701 0.00194701
0.48339 0.51661 0.00194701 0.00194701
0.48339 0.51661 0.00194701 0.00194701
0.48339 0.51661 0.00194701 0.00194701
0.48339 0.51661 0.00194701 0.00194701
0.48339 0.51661 0.00194701 0.00194701
0.48339 0.51661 0.00194701 0.00194701
0.48339 0.51661 0.00194701 0.00194701
0.48339 0.51661 0.00194701 0.00194701
0.48339 0.51661 0.00194701 0.00194701
0.48339 0.51661 0.00194701 0.00194701
0.48339 0.51661 0.00194701 0.00194701
0.48339 0.51661 0.00194701 0.00194701
0.48339 0.51661 0.00194701 0.00194701
0.48339 0.51661 0.00194701 0.00194701
0.48339 0.51661 0.00194701 0.00194701
0.48339 0.51661 0.00194701 0.00194701
0.48339 0.51661 0.00194701 0.00194701
0.48339 0.51661 0.00194701 0.00194701
0.48339 0.51661 0.00194701 0.00194701
0.48339 0.51661 0.00194701 0.00194701
0.48339 0.51661 0.00194701 0.00194701
0.48339 0.51661 0.00194701 0.00194701
0.48339 0.51661 0.00194701 0.00194701
0.48339 0.51661 0.00194701 0.00194701
0.48339 0.51661 0.00194701 0.00194701
0.48339 0.51661 0.00194701 0.00194701
0.48339 0.51661 0.00194701 0.00194701
0.48339 0.51661 0.00194701 0.00194701
0.48339 0.51661 0.00194701 0.00194701
0.48339 0.51661 0.00194701 0.00194701
0.48339 0.51661 0.00194701 0.00194701
0.48339 0.51661 0.00194701 0.00194701
0.48339 0.51661 0.00194701 0.00194701
0.48339 0.51661 0.00194701 0.00194701
0.48339 0.51661 0.00194701 0.00194701
0.48339 0.51661 0.00194701 0.00194701
0.48339 0.51661 0.00194701 0.00194701
0.48339 0.51661 0.00194701 0.00194701
0.48339 0.51661 0.00194701 0.00194701
0.48339 0.51661 0.00194701 0.00194701
0.48339 0.51661 0.00194701 0.00194701
0.48339 0.51661 0.00194701 0.00194701
0.48339 0.51661 0.00194701 0.00194701
0.48339 0.51661 0.00194701 0.00194701
0.48339 0.51661 0.00194701 0.00194701
0.48339 0.51661 0.00194701 0.00194701
0.48339 0.51661 0.00194701 0.00194701
0.48339 0.51661 0.00194701 0.00194701
0.48339 0.51661 0.00194701 0.00194701
0.48339 0.51661 0.00194701 0.00194701
0.48339 0.51661 0.00194701 0.00194701
0.48339 0.51661 0.00194701 0.00194701
0.48339 0.51661 0.00194701 0.00194701
0.48339 0.51661 0.00194701 0.00194701
0.48339 0.51661 0.00194701 0.00194701
0.48339 0.51661 0.00194701 0.00194701
0.48339 0.51661 0.00194701 0.00194701
0.48339 0.51661 0.00194701 0.00194701
0.48339 0.51661 0.00194701 0.00194701
0.48339 0.51661 0.00194701 0.00194701
0.48339 0.51661 0.00194701 0.00194701
0.48339 0.51661 0.00194701 0.00194701
0.48339 0.51661 0.00194701 0.00194701
0.48339 0.51661 0.00194701 0.00194701
0.48339 0.51661 0.00194701 0.00194701
0.48339 0.51661 0.00194701 0.00194701
0.48339 0.51661 0.00194701 0.00194701
0.48339 0.51661 0.00194701 0.00194701
0.48339 0.51661 0.00194701 0.00194701
0.48339 0.51661 0.00194701 0.00194701
0.48339 0.51661 0.00194701 0.00194701
0.48339 0.51661 0.00194701 0.00194701
0.48339 0.51661 0.00194701 0.00194701
0.48339 0.51661 0.00194701 0.00194701
0.48339 0.51661 0.00194701 0.00194701
0.48339 0.51661 0.00194701 0.00194701
0.48339 0.51661 0.00194701 0.00194701
0.48339 0.51661 0.00194701 0.00194701
0.48339 0.51661 0.00194701 0.00194701
0.48339 0.51661 0.00194701 0.00194701
0.48339 0.51661 0.00194701 0.00194701
0.48339 0.51661 0.00194701 0.00194701
0.48339 0.51661 0.00194701 0.00194701
0.48339 0.51661 0.00194701 0.00194701
0.48339 0.51661 0.00194701 0.00194701
0.48339 0.51661 0.00194701 0.00194701
0.48339 0.51661 0.00194701 0.00194701
