0.49985 0.50015 0.000297523 0.000297523
0.49902 0.50098 0.000388262 0.000388262
0.49879 0.50121 0.000494915 0.000494915
0.49779 0.50221 0.000653521 0.000653521
0.49738 0.50262 0.000813672 0.000813672
0.49679 0.50321 0.000949016 0.000949016
0.49666 0.50334 0.00107299 0.00107299
0.49648 0.50352 0.00128419 0.00128419
0.49675 0.50325 0.00149423 0.00149423
0.49568 0.50432 0.00166212 0.00166212
0.49549 0.50451 0.00175233 0.00175233
0.49524 0.50476 0.00189509 0.00189509
0.49497 0.50503 0.0020449 0.0020449
0.49459 0.50541 0.00216729 0.00216729
0.49471 0.50529 0.00225546 0.00225546
0.49496 0.50504 0.00231238 0.00231238
0.49439 0.50561 0.00237493 0.00237493
0.4942 0.5058 0.00253816 0.00253816
0.49378 0.50622 0.00261278 0.00261278
0.49329 0.50671 0.00273619 0.00273619
0.49304 0.50696 0.00280695 0.00280695
0.49351 0.50649 0.00290328 0.00290328
0.49336 0.50664 0.00296579 0.00296579
0.49325 0.50675 0.00302946 0.00302946
0.49305 0.50695 0.00309185 0.00309185
0.49289 0.50711 0.00313382 0.00313382
0.49237 0.50763 0.00317949 0.00317949
0.49227 0.50773 0.0032244 0.0032244
0.49293 0.50707 0.00324592 0.00324592
0.49255 0.50745 0.00326172 0.00326172
0.49249 0.50751 0.00329674 0.00329674
0.49268 0.50732 0.00331182 0.00331182
0.49249 0.50751 0.00333946 0.00333946
0.49241 0.50759 0.00336224 0.00336224
0.49225 0.50775 0.00341831 0.00341831
0.49242 0.50758 0.00345764 0.00345764
0.49214 0.50786 0.00350042 0.00350042
0.49207 0.50793 0.00351265 0.00351265
0.49215 0.50785 0.00353944 0.00353944
0.49205 0.50795 0.00355122 0.00355122
0.49233 0.50767 0.00360204 0.00360204
0.49213 0.50787 0.00362222 0.00362222
0.49187 0.50813 0.00365965 0.00365965
0.49199 0.50801 0.00368902 0.00368902
0.4918 0.5082 0.00373067 0.00373067
0.49184 0.50816 0.00377109 0.00377109
0.492 0.508 0.00377646 0.00377646
0.49187 0.50813 0.0037969 0.0037969
0.49208 0.50792 0.00383777 0.00383777
0.49212 0.50788 0.0038538 0.0038538
0.49216 0.50784 0.0038806 0.0038806
0.49207 0.50793 0.00389849 0.00389849
0.49212 0.50788 0.0039112 0.0039112
0.49197 0.50803 0.00391284 0.00391284
0.49203 0.50797 0.00393371 0.00393371
0.49178 0.50822 0.00396266 0.00396266
0.49192 0.50808 0.00395963 0.00395963
0.49183 0.50817 0.00396426 0.00396426
0.49173 0.50827 0.00397917 0.00397917
0.49171 0.50829 0.00397114 0.00397114
0.49173 0.50827 0.00397143 0.00397143
0.49173 0.50827 0.00396311 0.00396311
0.49177 0.50823 0.00395422 0.00395422
0.49174 0.50826 0.00397327 0.00397327
0.49162 0.50838 0.0039562 0.0039562
0.49161 0.50839 0.00397606 0.00397606
0.49152 0.50848 0.0039811 0.0039811
0.49174 0.50826 0.00399017 0.00399017
0.49182 0.50818 0.00401088 0.00401088
0.49179 0.50821 0.00402736 0.00402736
0.49168 0.50832 0.00406058 0.00406058
0.49161 0.50839 0.00406384 0.00406384
0.49162 0.50838 0.00407173 0.00407173
0.49168 0.50832 0.00406561 0.00406561
0.49164 0.50836 0.00406217 0.00406217
0.49166 0.50834 0.00407384 0.00407384
0.49159 0.50841 0.00408855 0.00408855
0.49154 0.50846 0.00408518 0.00408518
0.49162 0.50838 0.00408299 0.00408299
0.49167 0.50833 0.00407782 0.00407782
0.49172 0.50828 0.00407717 0.00407717
0.49171 0.50829 0.00408201 0.00408201
0.49172 0.50828 0.0040897 0.0040897
0.49175 0.50825 0.00408655 0.00408655
0.49166 0.50834 0.00409372 0.00409372
0.49167 0.50833 0.00409576 0.00409576
0.49169 0.50831 0.0040908 0.0040908
0.49163 0.50837 0.00409401 0.00409401
0.4917 0.5083 0.00410223 0.00410223
0.49175 0.50825 0.00409455 0.00409455
0.49163 0.50837 0.00409232 0.00409232
0.49164 0.50836 0.00408522 0.00408522
0.49161 0.50839 0.00408687 0.00408687
0.49157 0.50843 0.0040872 0.0040872
0.49153 0.50847 0.00409429 0.00409429
0.49165 0.50835 0.00408708 0.00408708
0.49163 0.50837 0.00409563 0.00409563
0.49161 0.50839 0.00409448 0.00409448
0.49159 0.50841 0.00409428 0.00409428
0.49154 0.50846 0.00409861 0.00409861
0.49155 0.50845 0.00410871 0.00410871
0.49151 0.50849 0.00410722 0.00410722
0.49147 0.50853 0.0041115 0.0041115
0.49155 0.50845 0.00411209 0.00411209
0.4915 0.5085 0.00410641 0.00410641
0.49156 0.50844 0.00410964 0.00410964
0.4916 0.5084 0.00411042 0.00411042
0.4916 0.5084 0.004116 0.004116
0.49158 0.50842 0.00412505 0.00412505
0.49158 0.50842 0.00413483 0.00413483
0.49159 0.50841 0.00413412 0.00413412
0.4916 0.5084 0.00414059 0.00414059
0.49166 0.50834 0.00413449 0.00413449
0.49163 0.50837 0.0041269 0.0041269
0.49164 0.50836 0.00413045 0.00413045
0.49163 0.50837 0.00413537 0.00413537
0.49154 0.50846 0.00413106 0.00413106
0.49153 0.50847 0.00413575 0.00413575
0.4915 0.5085 0.00413496 0.00413496
0.49141 0.50859 0.00413216 0.00413216
0.49145 0.50855 0.00413191 0.00413191
0.49145 0.50855 0.004133 0.004133
0.49149 0.50851 0.0041366 0.0041366
0.49149 0.50851 0.00413987 0.00413987
0.49149 0.50851 0.00414654 0.00414654
0.4915 0.5085 0.00414621 0.00414621
0.49148 0.50852 0.00414759 0.00414759
0.49147 0.50853 0.00414435 0.00414435
0.49147 0.50853 0.00414577 0.00414577
0.49149 0.50851 0.00414413 0.00414413
0.49147 0.50853 0.0041455 0.0041455
0.49149 0.50851 0.00414322 0.00414322
0.49147 0.50853 0.00413783 0.00413783
0.49147 0.50853 0.00413975 0.00413975
0.49148 0.50852 0.00414126 0.00414126
0.4915 0.5085 0.00414225 0.00414225
0.49146 0.50854 0.00414558 0.00414558
0.49146 0.50854 0.004145 0.004145
0.49149 0.50851 0.0041489 0.0041489
0.49146 0.50854 0.00414787 0.00414787
0.49145 0.50855 0.00414566 0.00414566
0.49143 0.50857 0.0041474 0.0041474
0.49147 0.50853 0.00415041 0.00415041
0.49143 0.50857 0.00415037 0.00415037
0.49145 0.50855 0.00414859 0.00414859
0.49146 0.50854 0.00414811 0.00414811
0.49144 0.50856 0.00415017 0.00415017
0.49144 0.50856 0.00414514 0.00414514
0.49146 0.50854 0.00414944 0.00414944
0.49148 0.50852 0.00414906 0.00414906
0.49145 0.50855 0.00414979 0.00414979
0.49144 0.50856 0.00415118 0.00415118
0.49144 0.50856 0.00415564 0.00415564
0.49143 0.50857 0.00415807 0.00415807
0.49142 0.50858 0.00415802 0.00415802
0.49143 0.50857 0.00415724 0.00415724
0.49143 0.50857 0.00415859 0.00415859
0.4914 0.5086 0.00415806 0.00415806
0.49138 0.50862 0.00415793 0.00415793
0.49139 0.50861 0.00415899 0.00415899
0.49141 0.50859 0.0041563 0.0041563
0.49144 0.50856 0.00415504 0.00415504
0.49145 0.50855 0.00415316 0.00415316
0.49145 0.50855 0.0041552 0.0041552
0.49147 0.50853 0.00415558 0.00415558
0.49148 0.50852 0.0041568 0.0041568
0.49149 0.50851 0.00415724 0.00415724
0.4915 0.5085 0.00415619 0.00415619
0.4915 0.5085 0.0041546 0.0041546
0.4915 0.5085 0.00415569 0.00415569
0.49149 0.50851 0.00415775 0.00415775
0.49151 0.50849 0.00415773 0.00415773
0.49152 0.50848 0.00415734 0.00415734
0.49151 0.50849 0.00415538 0.00415538
0.49152 0.50848 0.00415502 0.00415502
0.49151 0.50849 0.00415522 0.00415522
0.4915 0.5085 0.00415748 0.00415748
0.49147 0.50853 0.0041573 0.0041573
0.49148 0.50852 0.00415781 0.00415781
0.49146 0.50854 0.00415861 0.00415861
0.49147 0.50853 0.00415789 0.00415789
0.49148 0.50852 0.00416219 0.00416219
0.49148 0.50852 0.00416233 0.00416233
0.49147 0.50853 0.00416243 0.00416243
0.49148 0.50852 0.00416221 0.00416221
0.49146 0.50854 0.0041607 0.0041607
0.49148 0.50852 0.00415827 0.00415827
0.49147 0.50853 0.00415617 0.00415617
0.49145 0.50855 0.00415944 0.00415944
0.49147 0.50853 0.00415987 0.00415987
0.49149 0.50851 0.00416027 0.00416027
0.49148 0.50852 0.00415912 0.00415912
0.49149 0.50851 0.00415694 0.00415694
0.49146 0.50854 0.00415651 0.00415651
0.49143 0.50857 0.00415647 0.00415647
0.49143 0.50857 0.00415647 0.00415647
0.49145 0.50855 0.00415716 0.00415716
0.49146 0.50854 0.00415829 0.00415829
0.49148 0.50852 0.00415896 0.00415896
0.49148 0.50852 0.00415926 0.00415926
0.49149 0.50851 0.00415906 0.00415906
0.49149 0.50851 0.00415906 0.00415906
0.49147 0.50853 0.00416122 0.00416122
0.49146 0.50854 0.00416112 0.00416112
0.49146 0.50854 0.00416112 0.00416112
0.49145 0.50855 0.00416164 0.00416164
0.49144 0.50856 0.00416065 0.00416065
0.49144 0.50856 0.00416073 0.00416073
0.49144 0.50856 0.00416073 0.00416073
0.49146 0.50854 0.00416074 0.00416074
0.49146 0.50854 0.00416074 0.00416074
0.49145 0.50855 0.00416486 0.00416486
0.49144 0.50856 0.00416494 0.00416494
0.49143 0.50857 0.00416756 0.00416756
0.49143 0.50857 0.00416756 0.00416756
0.49141 0.50859 0.00416891 0.00416891
0.49141 0.50859 0.00416891 0.00416891
0.4914 0.5086 0.00416927 0.00416927
0.4914 0.5086 0.00416927 0.00416927
0.49139 0.50861 0.00416937 0.00416937
0.49139 0.50861 0.00416767 0.00416767
0.49142 0.50858 0.00416461 0.00416461
0.49142 0.50858 0.00416445 0.00416445
0.49143 0.50857 0.00416419 0.00416419
0.49144 0.50856 0.00416498 0.00416498
0.49141 0.50859 0.00416723 0.00416723
0.49142 0.50858 0.0041674 0.0041674
0.49139 0.50861 0.00417169 0.00417169
0.49139 0.50861 0.00417169 0.00417169
0.49139 0.50861 0.00417169 0.00417169
0.4914 0.5086 0.0041716 0.0041716
0.4914 0.5086 0.0041716 0.0041716
0.4914 0.5086 0.0041716 0.0041716
0.4914 0.5086 0.0041716 0.0041716
0.49141 0.50859 0.00417 0.00417
0.49143 0.50857 0.00417019 0.00417019
0.49143 0.50857 0.00416962 0.00416962
0.49143 0.50857 0.00417013 0.00417013
0.49143 0.50857 0.00417013 0.00417013
0.49145 0.50855 0.00416791 0.00416791
0.49144 0.50856 0.0041672 0.0041672
0.49144 0.50856 0.004167 0.004167
0.49144 0.50856 0.004167 0.004167
0.49143 0.50857 0.00416738 0.00416738
0.49142 0.50858 0.00416724 0.00416724
0.49142 0.50858 0.00416724 0.00416724
0.49142 0.50858 0.00416724 0.00416724
0.49143 0.50857 0.00416794 0.00416794
0.49142 0.50858 0.0041698 0.0041698
0.49142 0.50858 0.0041698 0.0041698
0.49143 0.50857 0.00416942 0.00416942
0.49142 0.50858 0.00417174 0.00417174
0.49141 0.50859 0.00417103 0.00417103
0.4914 0.5086 0.00417291 0.00417291
0.4914 0.5086 0.00417291 0.00417291
0.49141 0.50859 0.00417311 0.00417311
0.49142 0.50858 0.00417291 0.00417291
0.49143 0.50857 0.00417059 0.00417059
0.49144 0.50856 0.00417041 0.00417041
0.49144 0.50856 0.00417041 0.00417041
0.49144 0.50856 0.00417041 0.00417041
0.49143 0.50857 0.00417067 0.00417067
0.49142 0.50858 0.00417085 0.00417085
0.49142 0.50858 0.00417085 0.00417085
0.49142 0.50858 0.00417085 0.00417085
0.49141 0.50859 0.00417123 0.00417123
0.4914 0.5086 0.00417176 0.00417176
0.49141 0.50859 0.00416946 0.00416946
0.49142 0.50858 0.0041696 0.0041696
0.49141 0.50859 0.00416946 0.00416946
0.49142 0.50858 0.00416756 0.00416756
0.49142 0.50858 0.00416754 0.00416754
0.49144 0.50856 0.00416528 0.00416528
0.49144 0.50856 0.00416528 0.00416528
0.49144 0.50856 0.00416528 0.00416528
0.49144 0.50856 0.00416528 0.00416528
0.49145 0.50855 0.00416492 0.00416492
0.49143 0.50857 0.00416912 0.00416912
0.49142 0.50858 0.00417021 0.00417021
0.49143 0.50857 0.00416994 0.00416994
0.49143 0.50857 0.00416994 0.00416994
0.49143 0.50857 0.00416994 0.00416994
0.49143 0.50857 0.00416994 0.00416994
0.49143 0.50857 0.00416994 0.00416994
0.49142 0.50858 0.00417033 0.00417033
0.49141 0.50859 0.0041722 0.0041722
0.49141 0.50859 0.0041722 0.0041722
0.4914 0.5086 0.00417246 0.00417246
0.4914 0.5086 0.00417246 0.00417246
0.4914 0.5086 0.00417246 0.00417246
0.49141 0.50859 0.00417059 0.00417059
0.49141 0.50859 0.00417059 0.00417059
0.4914 0.5086 0.00417291 0.00417291
0.4914 0.5086 0.00417291 0.00417291
0.4914 0.5086 0.00417291 0.00417291
0.4914 0.5086 0.00417291 0.00417291
0.4914 0.5086 0.00417291 0.00417291
0.4914 0.5086 0.00417291 0.00417291
0.4914 0.5086 0.00417291 0.00417291
0.4914 0.5086 0.00417291 0.00417291
0.4914 0.5086 0.00417291 0.00417291
0.4914 0.5086 0.00417291 0.00417291
0.4914 0.5086 0.00417216 0.00417216
0.4914 0.5086 0.00417216 0.00417216
0.4914 0.5086 0.00417216 0.00417216
0.4914 0.5086 0.00417216 0.00417216
0.4914 0.5086 0.00417216 0.00417216
0.4914 0.5086 0.00417216 0.00417216
0.4914 0.5086 0.00417216 0.00417216
0.49141 0.50859 0.00416984 0.00416984
0.4914 0.5086 0.00417246 0.00417246
0.49141 0.50859 0.00416984 0.00416984
0.49142 0.50858 0.00416796 0.00416796
0.49142 0.50858 0.00416796 0.00416796
0.49142 0.50858 0.00416796 0.00416796
0.49142 0.50858 0.00416796 0.00416796
0.49142 0.50858 0.00416796 0.00416796
0.49142 0.50858 0.00416796 0.00416796
0.49142 0.50858 0.00416796 0.00416796
0.49142 0.50858 0.00416796 0.00416796
0.49142 0.50858 0.00416796 0.00416796
0.49142 0.50858 0.00416796 0.00416796
0.49142 0.50858 0.00416796 0.00416796
0.49142 0.50858 0.00416796 0.00416796
0.49142 0.50858 0.00416796 0.00416796
0.49142 0.50858 0.00416796 0.00416796
0.49142 0.50858 0.00416873 0.00416873
0.49142 0.50858 0.00416873 0.00416873
0.49142 0.50858 0.00416873 0.00416873
0.49142 0.50858 0.00416873 0.00416873
0.49142 0.50858 0.00416873 0.00416873
0.49142 0.50858 0.00416873 0.00416873
0.49142 0.50858 0.00416873 0.00416873
0.49141 0.50859 0.00416873 0.00416873
0.4914 0.5086 0.00417059 0.00417059
0.4914 0.5086 0.00417059 0.00417059
0.4914 0.5086 0.00417059 0.00417059
0.4914 0.5086 0.00417059 0.00417059
0.4914 0.5086 0.00417059 0.00417059
0.49141 0.50859 0.00417059 0.00417059
0.49141 0.50859 0.00417059 0.00417059
0.4914 0.5086 0.00417246 0.00417246
0.4914 0.5086 0.00417246 0.00417246
0.4914 0.5086 0.00417246 0.00417246
0.4914 0.5086 0.00417246 0.00417246
0.4914 0.5086 0.00417246 0.00417246
0.4914 0.5086 0.00417246 0.00417246
0.4914 0.5086 0.00417246 0.00417246
0.4914 0.5086 0.00417246 0.00417246
0.4914 0.5086 0.00417246 0.00417246
0.4914 0.5086 0.00417246 0.00417246
0.4914 0.5086 0.00417246 0.00417246
0.4914 0.5086 0.00417246 0.00417246
0.49139 0.50861 0.0041723 0.0041723
0.49139 0.50861 0.0041723 0.0041723
0.49139 0.50861 0.0041723 0.0041723
0.49139 0.50861 0.0041723 0.0041723
0.49139 0.50861 0.0041723 0.0041723
0.49139 0.50861 0.0041723 0.0041723
0.4914 0.5086 0.00417143 0.00417143
0.4914 0.5086 0.00417143 0.00417143
0.4914 0.5086 0.00417143 0.00417143
0.4914 0.5086 0.00417143 0.00417143
0.4914 0.5086 0.00417143 0.00417143
0.4914 0.5086 0.00417143 0.00417143
0.4914 0.5086 0.00417143 0.00417143
0.4914 0.5086 0.00417143 0.00417143
0.4914 0.5086 0.00417143 0.00417143
0.49141 0.50859 0.00416881 0.00416881
0.49141 0.50859 0.00416881 0.00416881
0.49141 0.50859 0.00416881 0.00416881
0.49141 0.50859 0.00416881 0.00416881
0.4914 0.5086 0.00417002 0.00417002
0.4914 0.5086 0.00417002 0.00417002
0.4914 0.5086 0.00417002 0.00417002
0.4914 0.5086 0.00417002 0.00417002
0.4914 0.5086 0.00417002 0.00417002
0.4914 0.5086 0.00417002 0.00417002
0.4914 0.5086 0.00417002 0.00417002
0.4914 0.5086 0.00417002 0.00417002
0.4914 0.5086 0.00417002 0.00417002
0.49142 0.50858 0.00416831 0.00416831
0.49142 0.50858 0.00416831 0.00416831
0.49141 0.50859 0.00416917 0.00416917
0.49141 0.50859 0.00416917 0.00416917
0.49141 0.50859 0.00416917 0.00416917
0.49141 0.50859 0.00416917 0.00416917
0.49142 0.50858 0.00416831 0.00416831
0.49142 0.50858 0.00416831 0.00416831
0.49142 0.50858 0.00416831 0.00416831
0.49142 0.50858 0.00416831 0.00416831
0.49142 0.50858 0.00416831 0.00416831
0.49142 0.50858 0.00416831 0.00416831
0.49142 0.50858 0.00416831 0.00416831
0.49141 0.50859 0.00416814 0.00416814
0.49139 0.50861 0.00416901 0.00416901
0.4914 0.5086 0.00416917 0.00416917
0.49141 0.50859 0.0041683 0.0041683
0.49141 0.50859 0.0041683 0.0041683
0.49141 0.50859 0.00416972 0.00416972
0.49141 0.50859 0.00416972 0.00416972
0.49141 0.50859 0.00416972 0.00416972
0.49141 0.50859 0.00416972 0.00416972
0.49141 0.50859 0.00416972 0.00416972
0.49141 0.50859 0.00416972 0.00416972
0.4914 0.5086 0.00416956 0.00416956
0.4914 0.5086 0.00416956 0.00416956
0.4914 0.5086 0.00416956 0.00416956
0.49142 0.50858 0.00416709 0.00416709
0.49142 0.50858 0.00416709 0.00416709
0.49142 0.50858 0.00416709 0.00416709
0.49142 0.50858 0.00416709 0.00416709
0.49142 0.50858 0.00416709 0.00416709
0.49142 0.50858 0.00416709 0.00416709
0.49142 0.50858 0.00416709 0.00416709
0.49142 0.50858 0.00416709 0.00416709
0.49142 0.50858 0.00416709 0.00416709
0.49142 0.50858 0.00416709 0.00416709
0.49142 0.50858 0.00416709 0.00416709
0.49141 0.50859 0.00416972 0.00416972
0.49141 0.50859 0.00416972 0.00416972
0.49141 0.50859 0.00416972 0.00416972
0.49141 0.50859 0.00416972 0.00416972
0.49142 0.50858 0.00416709 0.00416709
0.49142 0.50858 0.00416709 0.00416709
0.49142 0.50858 0.00416709 0.00416709
0.49142 0.50858 0.00416709 0.00416709
0.49142 0.50858 0.00416709 0.00416709
0.49141 0.50859 0.00416693 0.00416693
0.4914 0.5086 0.00416814 0.00416814
0.4914 0.5086 0.00416814 0.00416814
0.4914 0.5086 0.00416814 0.00416814
0.49141 0.50859 0.0041683 0.0041683
0.49141 0.50859 0.0041683 0.0041683
0.49141 0.50859 0.0041683 0.0041683
0.49141 0.50859 0.0041683 0.0041683
0.49141 0.50859 0.0041683 0.0041683
0.4914 0.5086 0.00416917 0.00416917
0.4914 0.5086 0.00416917 0.00416917
0.49141 0.50859 0.0041683 0.0041683
0.49141 0.50859 0.0041683 0.0041683
0.49141 0.50859 0.0041683 0.0041683
0.49141 0.50859 0.0041683 0.0041683
0.49141 0.50859 0.0041683 0.0041683
0.49141 0.50859 0.0041683 0.0041683
0.49142 0.50858 0.00416709 0.00416709
0.49142 0.50858 0.00416709 0.00416709
0.49142 0.50858 0.00416709 0.00416709
0.49142 0.50858 0.00416709 0.00416709
0.49142 0.50858 0.00416709 0.00416709
0.49142 0.50858 0.00416709 0.00416709
0.49141 0.50859 0.00416693 0.00416693
0.49141 0.50859 0.00416693 0.00416693
0.49141 0.50859 0.00416693 0.00416693
0.49141 0.50859 0.00416693 0.00416693
0.49141 0.50859 0.00416693 0.00416693
0.49141 0.50859 0.00416693 0.00416693
0.49141 0.50859 0.00416693 0.00416693
0.49141 0.50859 0.00416693 0.00416693
0.49141 0.50859 0.00416693 0.00416693
0.49141 0.50859 0.00416693 0.00416693
0.49141 0.50859 0.00416693 0.00416693
0.49141 0.50859 0.00416693 0.00416693
0.49141 0.50859 0.00416693 0.00416693
0.49141 0.50859 0.00416693 0.00416693
0.49141 0.50859 0.00416693 0.00416693
0.49141 0.50859 0.00416693 0.00416693
0.49141 0.50859 0.00416693 0.00416693
0.49142 0.50858 0.00416709 0.00416709
0.49142 0.50858 0.00416709 0.00416709
0.49142 0.50858 0.00416709 0.00416709
0.49142 0.50858 0.00416709 0.00416709
0.49141 0.50859 0.00416972 0.00416972
0.49141 0.50859 0.00416972 0.00416972
0.49141 0.50859 0.00416972 0.00416972
0.49141 0.50859 0.00416972 0.00416972
0.49141 0.50859 0.00416972 0.00416972
0.49141 0.50859 0.00416972 0.00416972
0.49141 0.50859 0.00416972 0.00416972
0.49141 0.50859 0.00416972 0.00416972
0.49141 0.50859 0.00416972 0.00416972
0.49141 0.50859 0.00416972 0.00416972
0.49141 0.50859 0.00416972 0.00416972
0.49141 0.50859 0.00416972 0.00416972
0.49141 0.50859 0.00416972 0.00416972
0.49141 0.50859 0.00416972 0.00416972
0.49142 0.50858 0.00416709 0.00416709
0.4914 0.5086 0.00416814 0.00416814
0.4914 0.5086 0.00416814 0.00416814
0.49141 0.50859 0.00416693 0.00416693
0.49141 0.50859 0.00416693 0.00416693
0.49142 0.50858 0.00416709 0.00416709
0.4914 0.5086 0.00416814 0.00416814
0.4914 0.5086 0.00416814 0.00416814
0.49139 0.50861 0.00417077 0.00417077
0.49139 0.50861 0.00417077 0.00417077
0.49139 0.50861 0.00417077 0.00417077
0.49139 0.50861 0.00417077 0.00417077
0.49139 0.50861 0.00417077 0.00417077
0.49139 0.50861 0.00417077 0.00417077
