0.49898 0.50102 3.72319e-05 3.72319e-05
0.49899 0.50101 9.01514e-05 9.01514e-05
0.49796 0.50204 0.000158322 0.000158322
0.49689 0.50311 0.000214584 0.000214584
0.49661 0.50339 0.000248523 0.000248523
0.49765 0.50235 0.000308432 0.000308432
0.49761 0.50239 0.000406988 0.000406988
0.49821 0.50179 0.000459966 0.000459966
0.49843 0.50157 0.000507096 0.000507096
0.49786 0.50214 0.000584647 0.000584647
0.49792 0.50208 0.000651246 0.000651246
0.49734 0.50266 0.000683924 0.000683924
0.49748 0.50252 0.000737242 0.000737242
0.49761 0.50239 0.000773493 0.000773493
0.49775 0.50225 0.000803341 0.000803341
0.49724 0.50276 0.000823598 0.000823598
0.49611 0.50389 0.000836058 0.000836058
0.49627 0.50373 0.000818866 0.000818866
0.49587 0.50413 0.000845427 0.000845427
0.49563 0.50437 0.000875569 0.000875569
0.49585 0.50415 0.00087021 0.00087021
0.49595 0.50405 0.000905038 0.000905038
0.49635 0.50365 0.000905199 0.000905199
0.49591 0.50409 0.000951477 0.000951477
0.49613 0.50387 0.000989448 0.000989448
0.49615 0.50385 0.001067 0.001067
0.4969 0.5031 0.00111476 0.00111476
0.49749 0.50251 0.00110227 0.00110227
0.49662 0.50338 0.00109095 0.00109095
0.4971 0.5029 0.00110894 0.00110894
0.49663 0.50337 0.0011188 0.0011188
0.49552 0.50448 0.00112581 0.00112581
0.49501 0.50499 0.00108371 0.00108371
0.49512 0.50488 0.00110479 0.00110479
0.49434 0.50566 0.0010917 0.0010917
0.49473 0.50527 0.00105737 0.00105737
0.49581 0.50419 0.00107058 0.00107058
0.49557 0.50443 0.00114192 0.00114192
0.49514 0.50486 0.00117125 0.00117125
0.49544 0.50456 0.00121081 0.00121081
0.49534 0.50466 0.00121501 0.00121501
0.49391 0.50609 0.00122913 0.00122913
0.4944 0.5056 0.00121018 0.00121018
0.49402 0.50598 0.00109996 0.00109996
0.49446 0.50554 0.00108878 0.00108878
0.49339 0.50661 0.00112414 0.00112414
0.49321 0.50679 0.00107995 0.00107995
0.49331 0.50669 0.00104975 0.00104975
0.494 0.506 0.00105812 0.00105812
0.49338 0.50662 0.00107337 0.00107337
0.49429 0.50571 0.00103916 0.00103916
0.49512 0.50488 0.00105293 0.00105293
0.49496 0.50504 0.00102117 0.00102117
0.49495 0.50505 0.00101267 0.00101267
0.49588 0.50412 0.000984632 0.000984632
0.49497 0.50503 0.000975161 0.000975161
0.49486 0.50514 0.000985132 0.000985132
0.49438 0.50562 0.00102145 0.00102145
0.49472 0.50528 0.00104133 0.00104133
0.49402 0.50598 0.0010702 0.0010702
0.49333 0.50667 0.00108041 0.00108041
0.49374 0.50626 0.00111535 0.00111535
0.49396 0.50604 0.0011482 0.0011482
0.49419 0.50581 0.00110028 0.00110028
0.49404 0.50596 0.00114204 0.00114204
0.49498 0.50502 0.00117614 0.00117614
0.49433 0.50567 0.00124424 0.00124424
0.49391 0.50609 0.00123109 0.00123109
0.4946 0.5054 0.0012802 0.0012802
0.49394 0.50606 0.00126642 0.00126642
0.49388 0.50612 0.00128734 0.00128734
0.49487 0.50513 0.00127155 0.00127155
0.49484 0.50516 0.00125418 0.00125418
0.49391 0.50609 0.00123734 0.00123734
0.49393 0.50607 0.00124289 0.00124289
0.49395 0.50605 0.001233 0.001233
0.49448 0.50552 0.00123082 0.00123082
0.4946 0.5054 0.00126065 0.00126065
0.49501 0.50499 0.00123916 0.00123916
0.49475 0.50525 0.00120102 0.00120102
0.49534 0.50466 0.00125223 0.00125223
0.49555 0.50445 0.00131758 0.00131758
0.49521 0.50479 0.00130611 0.00130611
0.49483 0.50517 0.00134271 0.00134271
0.49546 0.50454 0.00134221 0.00134221
0.49601 0.50399 0.00135831 0.00135831
0.49631 0.50369 0.00139644 0.00139644
0.49624 0.50376 0.00132372 0.00132372
0.49538 0.50462 0.00134846 0.00134846
0.49463 0.50537 0.0012926 0.0012926
0.49435 0.50565 0.00129843 0.00129843
0.49488 0.50512 0.00134898 0.00134898
0.49491 0.50509 0.00139972 0.00139972
0.49435 0.50565 0.00132651 0.00132651
0.49467 0.50533 0.00130285 0.00130285
0.49365 0.50635 0.00137995 0.00137995
0.49332 0.50668 0.00133862 0.00133862
0.49331 0.50669 0.0014242 0.0014242
0.49337 0.50663 0.00142997 0.00142997
0.49304 0.50696 0.00137917 0.00137917
0.49212 0.50788 0.00137324 0.00137324
0.49305 0.50695 0.00135813 0.00135813
0.49282 0.50718 0.00135817 0.00135817
0.49254 0.50746 0.00138633 0.00138633
0.49309 0.50691 0.00141796 0.00141796
0.49325 0.50675 0.00143429 0.00143429
0.4944 0.5056 0.00145392 0.00145392
0.49356 0.50644 0.00147118 0.00147118
0.49429 0.50571 0.00144235 0.00144235
0.49541 0.50459 0.00149049 0.00149049
0.49456 0.50544 0.001453 0.001453
0.49335 0.50665 0.0014734 0.0014734
0.49309 0.50691 0.00146037 0.00146037
0.49328 0.50672 0.00138382 0.00138382
0.49366 0.50634 0.00139356 0.00139356
0.49327 0.50673 0.00138012 0.00138012
0.49427 0.50573 0.0013885 0.0013885
0.49379 0.50621 0.00131885 0.00131885
0.49419 0.50581 0.00132096 0.00132096
0.49465 0.50535 0.00134025 0.00134025
0.49486 0.50514 0.00135548 0.00135548
0.49437 0.50563 0.00128739 0.00128739
0.49406 0.50594 0.00131248 0.00131248
0.49387 0.50613 0.00127316 0.00127316
0.49339 0.50661 0.00135856 0.00135856
0.49428 0.50572 0.00138321 0.00138321
0.49383 0.50617 0.00137386 0.00137386
0.4939 0.5061 0.00137209 0.00137209
0.49385 0.50615 0.00143595 0.00143595
0.49426 0.50574 0.00147628 0.00147628
0.4943 0.5057 0.00148231 0.00148231
0.49506 0.50494 0.00149131 0.00149131
0.49563 0.50437 0.0015744 0.0015744
0.49511 0.50489 0.00158376 0.00158376
0.49496 0.50504 0.00153155 0.00153155
0.49514 0.50486 0.00149354 0.00149354
0.49561 0.50439 0.00149218 0.00149218
0.4959 0.5041 0.00147567 0.00147567
0.49481 0.50519 0.00153569 0.00153569
0.49458 0.50542 0.00163457 0.00163457
0.49546 0.50454 0.00166508 0.00166508
0.49594 0.50406 0.00166145 0.00166145
0.49589 0.50411 0.00160121 0.00160121
0.49555 0.50445 0.00158051 0.00158051
0.49546 0.50454 0.0015934 0.0015934
0.49527 0.50473 0.0015938 0.0015938
0.49468 0.50532 0.00152369 0.00152369
0.49434 0.50566 0.00154079 0.00154079
0.49512 0.50488 0.00159841 0.00159841
0.49517 0.50483 0.00163354 0.00163354
0.49539 0.50461 0.00168032 0.00168032
0.49532 0.50468 0.00166448 0.00166448
0.49512 0.50488 0.00170164 0.00170164
0.49524 0.50476 0.00172439 0.00172439
0.49517 0.50483 0.00170952 0.00170952
0.49427 0.50573 0.00174537 0.00174537
0.4941 0.5059 0.00173926 0.00173926
0.49495 0.50505 0.00178174 0.00178174
0.49414 0.50586 0.00172309 0.00172309
0.49473 0.50527 0.00169224 0.00169224
0.49475 0.50525 0.00163037 0.00163037
0.49447 0.50553 0.00162647 0.00162647
0.49352 0.50648 0.00167649 0.00167649
0.49384 0.50616 0.00167371 0.00167371
0.4934 0.5066 0.00171491 0.00171491
0.49344 0.50656 0.00170829 0.00170829
0.49365 0.50635 0.0016976 0.0016976
0.4935 0.5065 0.00170015 0.00170015
0.49382 0.50618 0.0017614 0.0017614
0.49369 0.50631 0.00182117 0.00182117
0.49449 0.50551 0.00175553 0.00175553
0.49547 0.50453 0.0017191 0.0017191
0.49429 0.50571 0.00176647 0.00176647
0.49465 0.50535 0.00173564 0.00173564
0.49478 0.50522 0.00170555 0.00170555
0.49464 0.50536 0.00174981 0.00174981
0.49452 0.50548 0.00182195 0.00182195
0.49331 0.50669 0.00181377 0.00181377
0.49361 0.50639 0.00181664 0.00181664
0.49364 0.50636 0.00184009 0.00184009
0.49422 0.50578 0.00183773 0.00183773
0.49463 0.50537 0.00175646 0.00175646
0.49422 0.50578 0.00178706 0.00178706
0.4953 0.5047 0.00183803 0.00183803
0.49555 0.50445 0.00183595 0.00183595
0.49534 0.50466 0.00182843 0.00182843
0.49405 0.50595 0.0018709 0.0018709
0.49294 0.50706 0.00187434 0.00187434
0.49357 0.50643 0.00185067 0.00185067
0.49381 0.50619 0.00182153 0.00182153
0.49443 0.50557 0.00189744 0.00189744
0.49364 0.50636 0.00187512 0.00187512
0.49344 0.50656 0.00186568 0.00186568
0.49497 0.50503 0.00184738 0.00184738
0.49466 0.50534 0.00187287 0.00187287
0.49518 0.50482 0.00188211 0.00188211
0.4948 0.5052 0.0019078 0.0019078
0.49479 0.50521 0.00186896 0.00186896
0.49585 0.50415 0.00193437 0.00193437
0.49563 0.50437 0.0019742 0.0019742
0.4957 0.5043 0.00203241 0.00203241
0.49509 0.50491 0.00204818 0.00204818
0.4947 0.5053 0.00204965 0.00204965
0.49559 0.50441 0.00194707 0.00194707
0.49556 0.50444 0.00198603 0.00198603
0.49577 0.50423 0.00200107 0.00200107
0.49544 0.50456 0.00202053 0.00202053
0.49569 0.50431 0.00201876 0.00201876
0.49564 0.50436 0.00197751 0.00197751
0.4958 0.5042 0.00193103 0.00193103
0.49587 0.50413 0.00196607 0.00196607
0.49582 0.50418 0.00190276 0.00190276
0.49507 0.50493 0.00194912 0.00194912
0.49495 0.50505 0.00193785 0.00193785
0.49462 0.50538 0.00197705 0.00197705
0.49332 0.50668 0.00197767 0.00197767
0.49429 0.50571 0.00199205 0.00199205
0.49338 0.50662 0.00203311 0.00203311
0.49388 0.50612 0.00199562 0.00199562
0.49356 0.50644 0.00195033 0.00195033
0.49381 0.50619 0.00204054 0.00204054
0.49336 0.50664 0.00204641 0.00204641
0.49283 0.50717 0.00207366 0.00207366
0.49352 0.50648 0.00206922 0.00206922
0.49377 0.50623 0.0020498 0.0020498
0.49413 0.50587 0.00213032 0.00213032
0.49362 0.50638 0.00210121 0.00210121
0.49308 0.50692 0.00209613 0.00209613
0.49353 0.50647 0.00205785 0.00205785
0.49356 0.50644 0.00201843 0.00201843
0.49493 0.50507 0.00210568 0.00210568
0.49478 0.50522 0.00207922 0.00207922
0.49511 0.50489 0.00212875 0.00212875
0.49552 0.50448 0.00210195 0.00210195
0.49507 0.50493 0.00201825 0.00201825
0.49477 0.50523 0.00199216 0.00199216
0.49461 0.50539 0.00193782 0.00193782
0.49438 0.50562 0.00205292 0.00205292
0.49419 0.50581 0.00206781 0.00206781
0.49415 0.50585 0.00205653 0.00205653
0.49338 0.50662 0.00203458 0.00203458
0.4932 0.5068 0.00201624 0.00201624
0.49319 0.50681 0.00195127 0.00195127
0.49325 0.50675 0.00200332 0.00200332
0.49298 0.50702 0.00200513 0.00200513
0.4928 0.5072 0.00200244 0.00200244
0.49387 0.50613 0.00198785 0.00198785
0.49395 0.50605 0.00199676 0.00199676
0.4936 0.5064 0.00193026 0.00193026
0.4937 0.5063 0.00203195 0.00203195
0.49413 0.50587 0.00199577 0.00199577
0.49425 0.50575 0.00196112 0.00196112
0.49472 0.50528 0.00198925 0.00198925
0.49428 0.50572 0.00202493 0.00202493
0.49477 0.50523 0.00199283 0.00199283
0.49478 0.50522 0.00199023 0.00199023
0.49456 0.50544 0.00193795 0.00193795
0.49448 0.50552 0.00187835 0.00187835
0.49456 0.50544 0.0018313 0.0018313
0.49433 0.50567 0.0019699 0.0019699
0.49435 0.50565 0.00198762 0.00198762
0.49435 0.50565 0.00194718 0.00194718
0.49478 0.50522 0.00204044 0.00204044
0.49399 0.50601 0.00210023 0.00210023
0.4942 0.5058 0.00211152 0.00211152
0.49484 0.50516 0.00212181 0.00212181
0.49427 0.50573 0.00208628 0.00208628
0.4943 0.5057 0.00217579 0.00217579
0.49466 0.50534 0.00216853 0.00216853
0.49491 0.50509 0.00216812 0.00216812
0.49516 0.50484 0.00216464 0.00216464
0.4947 0.5053 0.00221231 0.00221231
0.49448 0.50552 0.00215726 0.00215726
0.49498 0.50502 0.00215574 0.00215574
0.49521 0.50479 0.00212289 0.00212289
0.49499 0.50501 0.00213369 0.00213369
0.49559 0.50441 0.00213055 0.00213055
0.49498 0.50502 0.00209046 0.00209046
0.49503 0.50497 0.00209805 0.00209805
0.49564 0.50436 0.00205278 0.00205278
0.49527 0.50473 0.00201683 0.00201683
0.49522 0.50478 0.00196692 0.00196692
0.4944 0.5056 0.00198842 0.00198842
0.49468 0.50532 0.0019562 0.0019562
0.49511 0.50489 0.00199234 0.00199234
0.49429 0.50571 0.00201637 0.00201637
0.494 0.506 0.00203295 0.00203295
0.4943 0.5057 0.00210357 0.00210357
0.49394 0.50606 0.00216779 0.00216779
0.49478 0.50522 0.00224096 0.00224096
0.49511 0.50489 0.00219448 0.00219448
0.49466 0.50534 0.00223954 0.00223954
0.49463 0.50537 0.00227943 0.00227943
0.49381 0.50619 0.00224319 0.00224319
0.494 0.506 0.00224766 0.00224766
0.49318 0.50682 0.00225777 0.00225777
0.49265 0.50735 0.00221938 0.00221938
0.49224 0.50776 0.00216239 0.00216239
0.493 0.507 0.00224949 0.00224949
0.49338 0.50662 0.0022245 0.0022245
0.49361 0.50639 0.00222899 0.00222899
0.49416 0.50584 0.00224264 0.00224264
0.49354 0.50646 0.00216958 0.00216958
0.49396 0.50604 0.00213555 0.00213555
0.49368 0.50632 0.00210388 0.00210388
0.4945 0.5055 0.00214393 0.00214393
0.49452 0.50548 0.00214098 0.00214098
0.49434 0.50566 0.00213683 0.00213683
0.49431 0.50569 0.00215557 0.00215557
0.49403 0.50597 0.00225015 0.00225015
0.49344 0.50656 0.00218659 0.00218659
0.49344 0.50656 0.00219344 0.00219344
0.49353 0.50647 0.00214464 0.00214464
0.49301 0.50699 0.00215904 0.00215904
0.49289 0.50711 0.00218921 0.00218921
0.49287 0.50713 0.00216832 0.00216832
0.49301 0.50699 0.00210252 0.00210252
0.49288 0.50712 0.00211124 0.00211124
0.4937 0.5063 0.00209714 0.00209714
0.49387 0.50613 0.00216284 0.00216284
0.49369 0.50631 0.00215331 0.00215331
0.4935 0.5065 0.00219197 0.00219197
0.49299 0.50701 0.00211375 0.00211375
0.49351 0.50649 0.00208833 0.00208833
0.49303 0.50697 0.00214623 0.00214623
0.49403 0.50597 0.00209106 0.00209106
0.49402 0.50598 0.00213491 0.00213491
0.49282 0.50718 0.00211172 0.00211172
0.49326 0.50674 0.00209296 0.00209296
0.4939 0.5061 0.00213037 0.00213037
0.49388 0.50612 0.00213706 0.00213706
0.49396 0.50604 0.00209782 0.00209782
0.49455 0.50545 0.00214352 0.00214352
0.49497 0.50503 0.00215591 0.00215591
0.49602 0.50398 0.00216503 0.00216503
0.49585 0.50415 0.00213473 0.00213473
0.49577 0.50423 0.0022399 0.0022399
0.49662 0.50338 0.00223686 0.00223686
0.49722 0.50278 0.00227357 0.00227357
0.49823 0.50177 0.00226246 0.00226246
0.49782 0.50218 0.00226488 0.00226488
0.49746 0.50254 0.00226007 0.00226007
0.4966 0.5034 0.00225976 0.00225976
0.49639 0.50361 0.00226761 0.00226761
0.49723 0.50277 0.002344 0.002344
0.49676 0.50324 0.00235368 0.00235368
0.49645 0.50355 0.00227433 0.00227433
0.49675 0.50325 0.00229684 0.00229684
0.49646 0.50354 0.00219173 0.00219173
0.496 0.504 0.00228178 0.00228178
0.4957 0.5043 0.00237611 0.00237611
0.49657 0.50343 0.00242724 0.00242724
0.49641 0.50359 0.00251424 0.00251424
0.49634 0.50366 0.00248283 0.00248283
0.4966 0.5034 0.00250519 0.00250519
0.49646 0.50354 0.00253726 0.00253726
0.49681 0.50319 0.00247854 0.00247854
0.49638 0.50362 0.00241468 0.00241468
0.49594 0.50406 0.00245923 0.00245923
0.49594 0.50406 0.00239899 0.00239899
0.49602 0.50398 0.00231109 0.00231109
0.49676 0.50324 0.00236166 0.00236166
0.49671 0.50329 0.00230704 0.00230704
0.49692 0.50308 0.00230925 0.00230925
0.49622 0.50378 0.002325 0.002325
0.49751 0.50249 0.00230946 0.00230946
0.49711 0.50289 0.00235357 0.00235357
0.49792 0.50208 0.00234395 0.00234395
0.4977 0.5023 0.00239652 0.00239652
0.49806 0.50194 0.00236301 0.00236301
0.49818 0.50182 0.00237096 0.00237096
0.49786 0.50214 0.00237408 0.00237408
0.4979 0.5021 0.0024107 0.0024107
0.49768 0.50232 0.00225565 0.00225565
0.49772 0.50228 0.00228228 0.00228228
0.49731 0.50269 0.00236991 0.00236991
0.49571 0.50429 0.00245536 0.00245536
0.49537 0.50463 0.00249042 0.00249042
0.49507 0.50493 0.0024497 0.0024497
0.49528 0.50472 0.00257 0.00257
0.49511 0.50489 0.00256634 0.00256634
0.4955 0.5045 0.00254167 0.00254167
0.49589 0.50411 0.00247713 0.00247713
0.49579 0.50421 0.00248811 0.00248811
0.49667 0.50333 0.00246774 0.00246774
0.49704 0.50296 0.00248533 0.00248533
0.49695 0.50305 0.00243356 0.00243356
0.49761 0.50239 0.00244266 0.00244266
0.49708 0.50292 0.00243151 0.00243151
0.49741 0.50259 0.00236869 0.00236869
0.49738 0.50262 0.00227103 0.00227103
0.49683 0.50317 0.00232877 0.00232877
0.49644 0.50356 0.00225512 0.00225512
0.49678 0.50322 0.00231139 0.00231139
0.49687 0.50313 0.00231892 0.00231892
0.49731 0.50269 0.00240888 0.00240888
0.49752 0.50248 0.00239825 0.00239825
0.4972 0.5028 0.00230434 0.00230434
0.49706 0.50294 0.00223761 0.00223761
0.49708 0.50292 0.00221296 0.00221296
0.49709 0.50291 0.0022218 0.0022218
0.49746 0.50254 0.00221591 0.00221591
0.49575 0.50425 0.00227417 0.00227417
0.49548 0.50452 0.002155 0.002155
0.49578 0.50422 0.0021807 0.0021807
0.49574 0.50426 0.00221329 0.00221329
0.49608 0.50392 0.00222811 0.00222811
0.49583 0.50417 0.00230804 0.00230804
0.4963 0.5037 0.00229452 0.00229452
0.49547 0.50453 0.00225916 0.00225916
0.49655 0.50345 0.00228867 0.00228867
0.4966 0.5034 0.00237598 0.00237598
0.49685 0.50315 0.00240999 0.00240999
0.4962 0.5038 0.00237556 0.00237556
0.49575 0.50425 0.00238269 0.00238269
0.49526 0.50474 0.00241492 0.00241492
0.49439 0.50561 0.00232806 0.00232806
0.49515 0.50485 0.00224439 0.00224439
0.49562 0.50438 0.00228054 0.00228054
0.4959 0.5041 0.00221062 0.00221062
0.49589 0.50411 0.00218406 0.00218406
0.49552 0.50448 0.00217274 0.00217274
0.49665 0.50335 0.00218954 0.00218954
0.49639 0.50361 0.00222804 0.00222804
0.49593 0.50407 0.00224861 0.00224861
0.49595 0.50405 0.00231306 0.00231306
0.49471 0.50529 0.00235835 0.00235835
0.49533 0.50467 0.00228253 0.00228253
0.49448 0.50552 0.00228589 0.00228589
0.49379 0.50621 0.00225855 0.00225855
0.49388 0.50612 0.00222079 0.00222079
0.49404 0.50596 0.00221159 0.00221159
0.49498 0.50502 0.00223109 0.00223109
0.49471 0.50529 0.00228786 0.00228786
0.49508 0.50492 0.00231908 0.00231908
0.49585 0.50415 0.00227401 0.00227401
0.49582 0.50418 0.0023672 0.0023672
0.49664 0.50336 0.00242458 0.00242458
0.49619 0.50381 0.00239262 0.00239262
0.49615 0.50385 0.0024213 0.0024213
0.49603 0.50397 0.00248995 0.00248995
0.49608 0.50392 0.00246816 0.00246816
0.49685 0.50315 0.0024897 0.0024897
0.4963 0.5037 0.00247518 0.00247518
0.49647 0.50353 0.00249839 0.00249839
0.49641 0.50359 0.00252063 0.00252063
0.49682 0.50318 0.00243471 0.00243471
0.49724 0.50276 0.00246845 0.00246845
0.49707 0.50293 0.00252421 0.00252421
0.49714 0.50286 0.0025201 0.0025201
0.4973 0.5027 0.0025589 0.0025589
0.49714 0.50286 0.00249636 0.00249636
0.49629 0.50371 0.00252073 0.00252073
0.49529 0.50471 0.00248962 0.00248962
0.49527 0.50473 0.00253862 0.00253862
0.49599 0.50401 0.00234906 0.00234906
0.49493 0.50507 0.00234697 0.00234697
0.49476 0.50524 0.00237311 0.00237311
0.49533 0.50467 0.00245992 0.00245992
0.4949 0.5051 0.00247678 0.00247678
0.49464 0.50536 0.00248793 0.00248793
0.49428 0.50572 0.00248469 0.00248469
0.49472 0.50528 0.0024574 0.0024574
0.49412 0.50588 0.00245195 0.00245195
0.4943 0.5057 0.00238643 0.00238643
0.4941 0.5059 0.00250035 0.00250035
0.49404 0.50596 0.00248921 0.00248921
0.49441 0.50559 0.00241675 0.00241675
0.49416 0.50584 0.00237248 0.00237248
0.49445 0.50555 0.00238486 0.00238486
0.49447 0.50553 0.00243728 0.00243728
0.49466 0.50534 0.00247596 0.00247596
0.4942 0.5058 0.00248044 0.00248044
0.49386 0.50614 0.0025522 0.0025522
0.49338 0.50662 0.00260668 0.00260668
0.49247 0.50753 0.0026535 0.0026535
0.49226 0.50774 0.00270922 0.00270922
0.49229 0.50771 0.00260837 0.00260837
0.49217 0.50783 0.00252978 0.00252978
0.49296 0.50704 0.00252303 0.00252303
0.49265 0.50735 0.00249653 0.00249653
0.49304 0.50696 0.00246885 0.00246885
0.49354 0.50646 0.00250389 0.00250389
0.49326 0.50674 0.00252478 0.00252478
0.49354 0.50646 0.00244827 0.00244827
0.49353 0.50647 0.00242508 0.00242508
0.4937 0.5063 0.00250076 0.00250076
0.49394 0.50606 0.00251664 0.00251664
0.4945 0.5055 0.00264456 0.00264456
0.49342 0.50658 0.00260812 0.00260812
0.49333 0.50667 0.00264038 0.00264038
0.4929 0.5071 0.00260282 0.00260282
0.49236 0.50764 0.00257211 0.00257211
0.49277 0.50723 0.00271537 0.00271537
0.49281 0.50719 0.00269456 0.00269456
0.49226 0.50774 0.00266874 0.00266874
0.49252 0.50748 0.00271809 0.00271809
0.49257 0.50743 0.00268897 0.00268897
0.49266 0.50734 0.00255011 0.00255011
0.49276 0.50724 0.00261778 0.00261778
