0.65014 0.34986 0.000202627 0.000202627
0.65127 0.34873 0.000281068 0.000281068
0.65109 0.34891 0.000330972 0.000330972
0.65119 0.34881 0.000431085 0.000431085
0.65111 0.34889 0.000492483 0.000492483
0.6514 0.3486 0.00050402 0.00050402
0.65241 0.34759 0.000599416 0.000599416
0.65217 0.34783 0.000657334 0.000657334
0.6528 0.3472 0.000667636 0.000667636
0.65273 0.34727 0.000716644 0.000716644
0.65312 0.34688 0.000815581 0.000815581
0.6528 0.3472 0.000880707 0.000880707
0.6535 0.3465 0.000887283 0.000887283
0.65377 0.34623 0.000979452 0.000979452
0.65392 0.34608 0.000963105 0.000963105
0.65375 0.34625 0.000985745 0.000985745
0.65321 0.34679 0.00104007 0.00104007
0.65316 0.34684 0.00101605 0.00101605
0.65216 0.34784 0.00108143 0.00108143
0.65244 0.34756 0.00110811 0.00110811
0.65188 0.34812 0.00123706 0.00123706
0.65237 0.34763 0.00115129 0.00115129
0.65276 0.34724 0.00116873 0.00116873
0.65298 0.34702 0.00118448 0.00118448
0.6528 0.3472 0.00119984 0.00119984
0.65252 0.34748 0.00117488 0.00117488
0.65256 0.34744 0.0012195 0.0012195
0.65393 0.34607 0.00121459 0.00121459
0.65444 0.34556 0.00123855 0.00123855
0.65521 0.34479 0.00119017 0.00119017
0.65536 0.34464 0.00116999 0.00116999
0.65489 0.34511 0.0012562 0.0012562
0.65609 0.34391 0.00113196 0.00113196
0.65604 0.34396 0.00111186 0.00111186
0.65631 0.34369 0.0010548 0.0010548
0.65667 0.34333 0.00107063 0.00107063
0.65502 0.34498 0.00113875 0.00113875
0.65488 0.34512 0.00112326 0.00112326
0.65457 0.34543 0.00114091 0.00114091
0.65375 0.34625 0.00118282 0.00118282
0.65416 0.34584 0.00114171 0.00114171
0.65396 0.34604 0.00121628 0.00121628
0.65371 0.34629 0.00121186 0.00121186
0.65314 0.34686 0.00119438 0.00119438
0.6537 0.3463 0.00122498 0.00122498
0.65374 0.34626 0.00118561 0.00118561
0.65338 0.34662 0.00123543 0.00123543
0.6532 0.3468 0.00127087 0.00127087
0.65306 0.34694 0.00127321 0.00127321
0.65312 0.34688 0.00130102 0.00130102
0.65242 0.34758 0.00119681 0.00119681
0.65202 0.34798 0.00114388 0.00114388
0.65222 0.34778 0.00116977 0.00116977
0.65226 0.34774 0.00115028 0.00115028
0.65243 0.34757 0.00122671 0.00122671
0.65248 0.34752 0.00119694 0.00119694
0.65318 0.34682 0.00113134 0.00113134
0.65386 0.34614 0.00109038 0.00109038
0.6544 0.3456 0.00110667 0.00110667
0.65436 0.34564 0.0011205 0.0011205
0.65421 0.34579 0.00114449 0.00114449
0.65493 0.34507 0.00110221 0.00110221
0.65433 0.34567 0.00115568 0.00115568
0.65577 0.34423 0.00113307 0.00113307
0.65533 0.34467 0.00116978 0.00116978
0.65542 0.34458 0.0011755 0.0011755
0.65524 0.34476 0.00123091 0.00123091
0.65594 0.34406 0.00121731 0.00121731
0.65702 0.34298 0.00123135 0.00123135
0.65537 0.34463 0.00127723 0.00127723
0.6561 0.3439 0.00127229 0.00127229
0.65623 0.34377 0.00133186 0.00133186
0.65572 0.34428 0.00130321 0.00130321
0.6546 0.3454 0.00132398 0.00132398
0.65481 0.34519 0.00141242 0.00141242
0.65571 0.34429 0.00142263 0.00142263
0.65629 0.34371 0.00140932 0.00140932
0.65585 0.34415 0.001283 0.001283
0.6559 0.3441 0.00130074 0.00130074
0.65585 0.34415 0.0013809 0.0013809
0.65551 0.34449 0.00135668 0.00135668
0.65532 0.34468 0.00127929 0.00127929
0.65479 0.34521 0.00137782 0.00137782
0.65566 0.34434 0.00130631 0.00130631
0.65516 0.34484 0.0012206 0.0012206
0.65443 0.34557 0.00122518 0.00122518
0.65407 0.34593 0.00126223 0.00126223
0.65421 0.34579 0.00128126 0.00128126
0.65619 0.34381 0.00128361 0.00128361
0.65615 0.34385 0.00123892 0.00123892
0.65645 0.34355 0.00125219 0.00125219
0.65638 0.34362 0.0012564 0.0012564
0.65619 0.34381 0.00120993 0.00120993
0.6558 0.3442 0.00128295 0.00128295
0.65504 0.34496 0.00127165 0.00127165
0.65444 0.34556 0.00133253 0.00133253
0.65437 0.34563 0.00127858 0.00127858
0.65356 0.34644 0.00132164 0.00132164
0.65385 0.34615 0.00130803 0.00130803
0.65406 0.34594 0.00137254 0.00137254
0.65388 0.34612 0.00143639 0.00143639
0.65369 0.34631 0.00153143 0.00153143
0.65363 0.34637 0.00153797 0.00153797
0.65308 0.34692 0.00156462 0.00156462
0.65325 0.34675 0.00161536 0.00161536
0.65469 0.34531 0.0015464 0.0015464
0.65429 0.34571 0.00148005 0.00148005
0.65435 0.34565 0.00151174 0.00151174
0.65505 0.34495 0.00157425 0.00157425
0.65458 0.34542 0.00155528 0.00155528
0.65467 0.34533 0.00152855 0.00152855
0.6538 0.3462 0.00150582 0.00150582
0.65419 0.34581 0.00155638 0.00155638
0.65437 0.34563 0.00152842 0.00152842
0.65577 0.34423 0.0016143 0.0016143
0.65507 0.34493 0.00167221 0.00167221
0.65503 0.34497 0.00166577 0.00166577
0.65372 0.34628 0.00161521 0.00161521
0.65409 0.34591 0.00160313 0.00160313
0.65424 0.34576 0.00171677 0.00171677
0.65419 0.34581 0.00180506 0.00180506
0.65491 0.34509 0.00175218 0.00175218
0.65444 0.34556 0.00172681 0.00172681
0.65485 0.34515 0.00164035 0.00164035
0.65586 0.34414 0.00160976 0.00160976
0.65565 0.34435 0.00158678 0.00158678
0.6557 0.3443 0.00160247 0.00160247
0.6553 0.3447 0.00166914 0.00166914
0.65428 0.34572 0.00162239 0.00162239
0.65433 0.34567 0.00153063 0.00153063
0.65393 0.34607 0.00144417 0.00144417
0.654 0.346 0.00145461 0.00145461
0.65434 0.34566 0.00150756 0.00150756
0.65464 0.34536 0.00155987 0.00155987
0.65399 0.34601 0.00153312 0.00153312
0.65411 0.34589 0.00151169 0.00151169
0.65349 0.34651 0.00147007 0.00147007
0.65401 0.34599 0.00150284 0.00150284
0.65382 0.34618 0.00159417 0.00159417
0.65386 0.34614 0.00160065 0.00160065
0.65456 0.34544 0.00166217 0.00166217
0.65515 0.34485 0.00174017 0.00174017
0.65444 0.34556 0.00171807 0.00171807
0.65428 0.34572 0.00168043 0.00168043
0.65479 0.34521 0.00165483 0.00165483
0.65479 0.34521 0.00162223 0.00162223
0.65429 0.34571 0.00168255 0.00168255
0.65469 0.34531 0.0016127 0.0016127
0.65447 0.34553 0.00164043 0.00164043
0.65472 0.34528 0.00160881 0.00160881
0.6533 0.3467 0.00163908 0.00163908
0.65404 0.34596 0.00174887 0.00174887
0.65425 0.34575 0.00169298 0.00169298
0.6554 0.3446 0.00159501 0.00159501
0.65519 0.34481 0.00155082 0.00155082
0.65484 0.34516 0.00148284 0.00148284
0.65569 0.34431 0.0014127 0.0014127
0.65491 0.34509 0.00139473 0.00139473
0.65553 0.34447 0.00145492 0.00145492
0.65541 0.34459 0.00141558 0.00141558
0.655 0.345 0.0014918 0.0014918
0.65553 0.34447 0.00143334 0.00143334
0.65521 0.34479 0.00141653 0.00141653
0.6546 0.3454 0.00146293 0.00146293
0.65447 0.34553 0.00147795 0.00147795
0.65296 0.34704 0.00150291 0.00150291
0.65262 0.34738 0.00152024 0.00152024
0.65211 0.34789 0.00149374 0.00149374
0.65244 0.34756 0.00149199 0.00149199
0.65236 0.34764 0.0014845 0.0014845
0.65172 0.34828 0.00154602 0.00154602
0.6513 0.3487 0.00160965 0.00160965
0.65206 0.34794 0.00158379 0.00158379
0.65128 0.34872 0.00165699 0.00165699
0.6513 0.3487 0.00174209 0.00174209
0.65249 0.34751 0.00169264 0.00169264
0.65262 0.34738 0.00159555 0.00159555
0.65274 0.34726 0.0015986 0.0015986
0.65359 0.34641 0.00156026 0.00156026
0.65377 0.34623 0.00160495 0.00160495
0.65448 0.34552 0.00160532 0.00160532
0.65469 0.34531 0.00166733 0.00166733
0.65541 0.34459 0.00168921 0.00168921
0.65463 0.34537 0.00162312 0.00162312
0.65365 0.34635 0.00163977 0.00163977
0.6535 0.3465 0.00159983 0.00159983
0.65201 0.34799 0.00160932 0.00160932
0.65212 0.34788 0.00162275 0.00162275
0.65256 0.34744 0.00158952 0.00158952
0.65228 0.34772 0.00151311 0.00151311
0.65264 0.34736 0.00140086 0.00140086
0.65214 0.34786 0.00144661 0.00144661
0.65223 0.34777 0.00137093 0.00137093
0.65197 0.34803 0.0015307 0.0015307
0.65367 0.34633 0.00149117 0.00149117
0.65424 0.34576 0.00150928 0.00150928
0.65489 0.34511 0.00150935 0.00150935
0.65411 0.34589 0.00149341 0.00149341
0.65571 0.34429 0.00146425 0.00146425
0.65547 0.34453 0.0014994 0.0014994
0.65551 0.34449 0.00156843 0.00156843
0.65536 0.34464 0.00157625 0.00157625
0.65511 0.34489 0.00163402 0.00163402
0.65494 0.34506 0.00169573 0.00169573
0.6554 0.3446 0.00165877 0.00165877
0.65527 0.34473 0.00162133 0.00162133
0.65434 0.34566 0.00152916 0.00152916
0.65339 0.34661 0.00149545 0.00149545
0.65381 0.34619 0.00156074 0.00156074
0.65248 0.34752 0.00171383 0.00171383
0.65312 0.34688 0.00172201 0.00172201
0.65373 0.34627 0.00170903 0.00170903
0.65498 0.34502 0.00171509 0.00171509
0.65453 0.34547 0.00173698 0.00173698
0.65455 0.34545 0.00174118 0.00174118
0.65426 0.34574 0.00167118 0.00167118
0.6546 0.3454 0.00174497 0.00174497
0.6548 0.3452 0.00172139 0.00172139
0.65531 0.34469 0.00166636 0.00166636
0.65535 0.34465 0.0015976 0.0015976
0.65434 0.34566 0.00165891 0.00165891
0.65336 0.34664 0.00158801 0.00158801
0.65397 0.34603 0.00158874 0.00158874
0.65387 0.34613 0.00153331 0.00153331
0.65455 0.34545 0.0014856 0.0014856
0.65495 0.34505 0.00152676 0.00152676
0.65626 0.34374 0.00158274 0.00158274
0.65541 0.34459 0.00163301 0.00163301
0.6547 0.3453 0.00168955 0.00168955
0.65476 0.34524 0.00170958 0.00170958
0.65446 0.34554 0.00177457 0.00177457
0.65455 0.34545 0.00176641 0.00176641
0.65534 0.34466 0.00177952 0.00177952
0.6552 0.3448 0.00170188 0.00170188
0.6547 0.3453 0.00164017 0.00164017
0.65542 0.34458 0.00163711 0.00163711
0.65548 0.34452 0.00166486 0.00166486
0.65467 0.34533 0.00167863 0.00167863
0.65433 0.34567 0.00163319 0.00163319
0.65343 0.34657 0.00163031 0.00163031
0.6526 0.3474 0.00173349 0.00173349
0.65365 0.34635 0.0017155 0.0017155
0.65286 0.34714 0.00173279 0.00173279
0.65269 0.34731 0.00172664 0.00172664
0.65239 0.34761 0.00172608 0.00172608
0.65218 0.34782 0.00173542 0.00173542
0.65293 0.34707 0.00177786 0.00177786
0.65346 0.34654 0.00174876 0.00174876
0.65284 0.34716 0.00168519 0.00168519
0.65347 0.34653 0.00166019 0.00166019
0.65515 0.34485 0.00160071 0.00160071
0.65584 0.34416 0.00164335 0.00164335
0.65556 0.34444 0.00163679 0.00163679
0.65588 0.34412 0.00172483 0.00172483
0.65574 0.34426 0.00168165 0.00168165
0.65482 0.34518 0.00181851 0.00181851
0.65549 0.34451 0.00186977 0.00186977
0.65467 0.34533 0.00194546 0.00194546
0.65463 0.34537 0.0018182 0.0018182
0.65457 0.34543 0.00184065 0.00184065
0.65358 0.34642 0.00176998 0.00176998
0.65475 0.34525 0.00176863 0.00176863
0.65651 0.34349 0.00169409 0.00169409
0.65631 0.34369 0.00172102 0.00172102
0.65573 0.34427 0.00179733 0.00179733
0.65636 0.34364 0.001773 0.001773
0.65627 0.34373 0.00181472 0.00181472
0.65676 0.34324 0.0017575 0.0017575
0.65729 0.34271 0.0018059 0.0018059
0.65644 0.34356 0.00176827 0.00176827
0.65596 0.34404 0.00176339 0.00176339
0.65557 0.34443 0.00177283 0.00177283
0.65533 0.34467 0.0017623 0.0017623
0.65527 0.34473 0.0018178 0.0018178
0.654 0.346 0.00192384 0.00192384
0.65406 0.34594 0.00187828 0.00187828
0.65405 0.34595 0.00187484 0.00187484
0.65586 0.34414 0.00182842 0.00182842
0.65584 0.34416 0.00180236 0.00180236
0.65578 0.34422 0.00174256 0.00174256
0.65577 0.34423 0.00178081 0.00178081
0.65667 0.34333 0.0017223 0.0017223
0.65736 0.34264 0.00176302 0.00176302
0.65768 0.34232 0.00178883 0.00178883
0.65763 0.34237 0.00184945 0.00184945
0.65807 0.34193 0.00189837 0.00189837
0.65703 0.34297 0.00198686 0.00198686
0.65661 0.34339 0.00198137 0.00198137
0.65582 0.34418 0.00201502 0.00201502
0.656 0.344 0.0019577 0.0019577
0.656 0.344 0.00185848 0.00185848
0.65632 0.34368 0.00190123 0.00190123
0.656 0.344 0.00192919 0.00192919
0.65548 0.34452 0.00190718 0.00190718
0.6552 0.3448 0.00197145 0.00197145
0.65506 0.34494 0.00188927 0.00188927
0.65513 0.34487 0.0019503 0.0019503
0.65526 0.34474 0.00198722 0.00198722
0.6563 0.3437 0.00198611 0.00198611
0.65573 0.34427 0.00193761 0.00193761
0.65531 0.34469 0.0018864 0.0018864
0.6553 0.3447 0.00184591 0.00184591
0.6549 0.3451 0.00186819 0.00186819
0.65477 0.34523 0.00181689 0.00181689
0.65498 0.34502 0.00180283 0.00180283
0.65503 0.34497 0.0018248 0.0018248
0.65505 0.34495 0.00188328 0.00188328
0.65555 0.34445 0.00189003 0.00189003
0.65522 0.34478 0.00185577 0.00185577
0.65378 0.34622 0.00187789 0.00187789
0.65409 0.34591 0.00189313 0.00189313
0.65412 0.34588 0.00184025 0.00184025
0.65613 0.34387 0.00179844 0.00179844
0.65545 0.34455 0.00178098 0.00178098
0.65504 0.34496 0.00185656 0.00185656
0.65555 0.34445 0.00176306 0.00176306
0.65657 0.34343 0.00184798 0.00184798
0.65655 0.34345 0.0017755 0.0017755
0.65628 0.34372 0.0018494 0.0018494
0.65708 0.34292 0.00182064 0.00182064
0.65777 0.34223 0.00185784 0.00185784
0.65797 0.34203 0.00186534 0.00186534
0.65862 0.34138 0.00200676 0.00200676
0.65899 0.34101 0.00195068 0.00195068
0.65949 0.34051 0.00204017 0.00204017
0.65947 0.34053 0.00197187 0.00197187
0.65872 0.34128 0.00198372 0.00198372
0.65755 0.34245 0.00198987 0.00198987
0.65631 0.34369 0.00203367 0.00203367
0.65638 0.34362 0.00208018 0.00208018
0.65689 0.34311 0.00217521 0.00217521
0.65544 0.34456 0.00211936 0.00211936
0.65573 0.34427 0.00213644 0.00213644
0.65563 0.34437 0.00211628 0.00211628
0.6553 0.3447 0.00209239 0.00209239
0.65574 0.34426 0.0019912 0.0019912
0.65511 0.34489 0.0019885 0.0019885
0.65601 0.34399 0.00196793 0.00196793
0.65622 0.34378 0.00200953 0.00200953
0.65727 0.34273 0.0019121 0.0019121
0.65754 0.34246 0.00192793 0.00192793
0.65674 0.34326 0.00191642 0.00191642
0.65596 0.34404 0.0019003 0.0019003
0.65521 0.34479 0.00188043 0.00188043
0.65455 0.34545 0.00197601 0.00197601
0.65514 0.34486 0.00198133 0.00198133
0.65465 0.34535 0.00199104 0.00199104
0.655 0.345 0.00199244 0.00199244
0.65534 0.34466 0.00209708 0.00209708
0.65575 0.34425 0.00195405 0.00195405
0.65531 0.34469 0.00200278 0.00200278
0.65435 0.34565 0.00207191 0.00207191
0.65384 0.34616 0.00221523 0.00221523
0.65482 0.34518 0.00214437 0.00214437
0.65504 0.34496 0.0020845 0.0020845
0.65464 0.34536 0.00204995 0.00204995
0.65553 0.34447 0.00201631 0.00201631
0.65624 0.34376 0.00199113 0.00199113
0.6555 0.3445 0.0020254 0.0020254
0.65553 0.34447 0.00202688 0.00202688
0.65565 0.34435 0.00202851 0.00202851
0.65522 0.34478 0.00199048 0.00199048
0.65587 0.34413 0.00207646 0.00207646
0.65626 0.34374 0.00209987 0.00209987
0.65514 0.34486 0.00212485 0.00212485
0.655 0.345 0.00205653 0.00205653
0.65598 0.34402 0.00208551 0.00208551
0.65613 0.34387 0.0020769 0.0020769
0.65598 0.34402 0.00209457 0.00209457
0.65591 0.34409 0.00208673 0.00208673
0.65686 0.34314 0.0021295 0.0021295
0.65697 0.34303 0.00206518 0.00206518
0.65677 0.34323 0.00207751 0.00207751
0.65649 0.34351 0.00205207 0.00205207
0.65701 0.34299 0.00199431 0.00199431
0.65618 0.34382 0.00192686 0.00192686
0.65643 0.34357 0.00193235 0.00193235
0.65632 0.34368 0.00196818 0.00196818
0.65554 0.34446 0.0019052 0.0019052
0.65562 0.34438 0.00185042 0.00185042
0.65552 0.34448 0.00185876 0.00185876
0.65624 0.34376 0.00191521 0.00191521
0.65503 0.34497 0.00195435 0.00195435
0.65554 0.34446 0.00196286 0.00196286
0.65527 0.34473 0.00198226 0.00198226
0.65486 0.34514 0.00196057 0.00196057
0.65448 0.34552 0.00192387 0.00192387
0.65417 0.34583 0.00188643 0.00188643
0.65453 0.34547 0.00186686 0.00186686
0.65548 0.34452 0.00193587 0.00193587
0.65582 0.34418 0.00194581 0.00194581
0.65627 0.34373 0.00198404 0.00198404
0.65565 0.34435 0.00201478 0.00201478
0.65529 0.34471 0.00207447 0.00207447
0.65515 0.34485 0.00223453 0.00223453
0.6556 0.3444 0.00229253 0.00229253
0.65554 0.34446 0.00223272 0.00223272
0.65586 0.34414 0.00221273 0.00221273
0.6556 0.3444 0.00219356 0.00219356
0.65484 0.34516 0.00223993 0.00223993
0.65371 0.34629 0.00220849 0.00220849
0.65349 0.34651 0.00207886 0.00207886
0.65397 0.34603 0.00216225 0.00216225
0.65396 0.34604 0.00220311 0.00220311
0.65409 0.34591 0.00222132 0.00222132
0.65409 0.34591 0.00217382 0.00217382
0.65412 0.34588 0.00229714 0.00229714
0.65485 0.34515 0.00231805 0.00231805
0.65476 0.34524 0.00235101 0.00235101
0.65499 0.34501 0.00231506 0.00231506
0.65517 0.34483 0.0022403 0.0022403
0.65522 0.34478 0.00233876 0.00233876
0.65568 0.34432 0.00236398 0.00236398
0.6559 0.3441 0.00224108 0.00224108
0.65576 0.34424 0.00225544 0.00225544
0.65572 0.34428 0.00234497 0.00234497
0.65574 0.34426 0.00236341 0.00236341
0.65576 0.34424 0.00237356 0.00237356
0.6559 0.3441 0.00240312 0.00240312
0.65603 0.34397 0.00231732 0.00231732
0.65652 0.34348 0.00239797 0.00239797
0.65551 0.34449 0.00250134 0.00250134
0.6553 0.3447 0.00238043 0.00238043
0.65545 0.34455 0.0022834 0.0022834
0.65583 0.34417 0.00224372 0.00224372
0.65674 0.34326 0.00218351 0.00218351
0.65734 0.34266 0.00224322 0.00224322
0.65767 0.34233 0.00230628 0.00230628
0.65816 0.34184 0.00226026 0.00226026
0.65985 0.34015 0.00221651 0.00221651
0.65942 0.34058 0.00230299 0.00230299
0.65837 0.34163 0.00230458 0.00230458
0.65897 0.34103 0.0022171 0.0022171
0.65882 0.34118 0.00229522 0.00229522
0.65804 0.34196 0.00236058 0.00236058
0.65756 0.34244 0.00237126 0.00237126
0.6576 0.3424 0.00238628 0.00238628
0.6574 0.3426 0.00232493 0.00232493
0.65701 0.34299 0.00228088 0.00228088
0.65708 0.34292 0.00232529 0.00232529
0.65722 0.34278 0.00228179 0.00228179
0.65632 0.34368 0.00222729 0.00222729
0.65675 0.34325 0.00231324 0.00231324
0.65695 0.34305 0.0022553 0.0022553
0.65737 0.34263 0.00229278 0.00229278
0.65622 0.34378 0.00233502 0.00233502
0.65607 0.34393 0.00239534 0.00239534
0.65541 0.34459 0.00236287 0.00236287
0.65676 0.34324 0.00213085 0.00213085
0.65617 0.34383 0.00218802 0.00218802
0.65529 0.34471 0.00225287 0.00225287
0.65467 0.34533 0.00232144 0.00232144
0.65465 0.34535 0.00233193 0.00233193
0.65482 0.34518 0.00228255 0.00228255
0.65475 0.34525 0.00231057 0.00231057
0.65546 0.34454 0.0022889 0.0022889
0.65463 0.34537 0.00233254 0.00233254
0.6554 0.3446 0.00243018 0.00243018
0.65578 0.34422 0.0023304 0.0023304
0.65626 0.34374 0.00236575 0.00236575
0.65663 0.34337 0.00242106 0.00242106
0.65669 0.34331 0.00241498 0.00241498
0.65623 0.34377 0.00251087 0.00251087
0.65672 0.34328 0.00242366 0.00242366
0.65741 0.34259 0.00242243 0.00242243
0.65751 0.34249 0.00233393 0.00233393
0.65747 0.34253 0.0023367 0.0023367
0.65705 0.34295 0.00228536 0.00228536
0.65719 0.34281 0.00233161 0.00233161
0.65739 0.34261 0.00229539 0.00229539
0.65652 0.34348 0.00229064 0.00229064
0.65665 0.34335 0.00231562 0.00231562
0.65628 0.34372 0.00232798 0.00232798
0.6565 0.3435 0.00234314 0.00234314
0.65651 0.34349 0.00233104 0.00233104
0.65533 0.34467 0.00232689 0.00232689
0.6566 0.3434 0.0024116 0.0024116
0.65703 0.34297 0.00243597 0.00243597
0.65629 0.34371 0.00249393 0.00249393
0.65703 0.34297 0.00236443 0.00236443
0.65635 0.34365 0.00240372 0.00240372
0.65602 0.34398 0.00249303 0.00249303
0.65613 0.34387 0.0024707 0.0024707
0.65701 0.34299 0.00251948 0.00251948
0.65757 0.34243 0.00263431 0.00263431
0.65758 0.34242 0.0026321 0.0026321
0.65742 0.34258 0.00259041 0.00259041
0.65745 0.34255 0.00257342 0.00257342
0.65714 0.34286 0.00258725 0.00258725
0.65712 0.34288 0.00251172 0.00251172
0.657 0.343 0.00246657 0.00246657
0.65691 0.34309 0.00241265 0.00241265
0.65615 0.34385 0.00237625 0.00237625
0.65647 0.34353 0.00237292 0.00237292
0.65565 0.34435 0.00235413 0.00235413
0.65616 0.34384 0.00244373 0.00244373
0.657 0.343 0.00240081 0.00240081
0.6572 0.3428 0.00237327 0.00237327
0.65716 0.34284 0.00244488 0.00244488
0.65674 0.34326 0.00243191 0.00243191
