0.4946 0.5054 0.000253556 0.000253556
0.49257 0.50743 0.00037247 0.00037247
0.48944 0.51056 0.000582148 0.000582148
0.48716 0.51284 0.000772237 0.000772237
0.48607 0.51393 0.000963035 0.000963035
0.48481 0.51519 0.00111082 0.00111082
0.48304 0.51696 0.00132511 0.00132511
0.48224 0.51776 0.00156521 0.00156521
0.48152 0.51848 0.00180486 0.00180486
0.4812 0.5188 0.00189208 0.00189208
0.48027 0.51973 0.00210022 0.00210022
0.47934 0.52066 0.00222219 0.00222219
0.47911 0.52089 0.00231279 0.00231279
0.47825 0.52175 0.00246496 0.00246496
0.47813 0.52187 0.00265369 0.00265369
0.47774 0.52226 0.00277456 0.00277456
0.477 0.523 0.00291388 0.00291388
0.47632 0.52368 0.00302511 0.00302511
0.47608 0.52392 0.00319349 0.00319349
0.47566 0.52434 0.00331219 0.00331219
0.47521 0.52479 0.00340384 0.00340384
0.47524 0.52476 0.0035358 0.0035358
0.47537 0.52463 0.00369882 0.00369882
0.4753 0.5247 0.00375389 0.00375389
0.47533 0.52467 0.00387184 0.00387184
0.47529 0.52471 0.00393077 0.00393077
0.47468 0.52532 0.00397547 0.00397547
0.47385 0.52615 0.0040294 0.0040294
0.47389 0.52611 0.00407438 0.00407438
0.47322 0.52678 0.00413438 0.00413438
0.47302 0.52698 0.00419764 0.00419764
0.47297 0.52703 0.004175 0.004175
0.47268 0.52732 0.00419501 0.00419501
0.47235 0.52765 0.00425542 0.00425542
0.47264 0.52736 0.00430926 0.00430926
0.47226 0.52774 0.00437019 0.00437019
0.47233 0.52767 0.00439441 0.00439441
0.47204 0.52796 0.00441549 0.00441549
0.47227 0.52773 0.00446367 0.00446367
0.47249 0.52751 0.00447524 0.00447524
0.4725 0.5275 0.00453738 0.00453738
0.47246 0.52754 0.0045454 0.0045454
0.47211 0.52789 0.0045621 0.0045621
0.47206 0.52794 0.00461313 0.00461313
0.47198 0.52802 0.00461848 0.00461848
0.47182 0.52818 0.00462179 0.00462179
0.47196 0.52804 0.00465495 0.00465495
0.472 0.528 0.00467154 0.00467154
0.47205 0.52795 0.00468544 0.00468544
0.47201 0.52799 0.00470946 0.00470946
0.47184 0.52816 0.00473559 0.00473559
0.47159 0.52841 0.00475707 0.00475707
0.47157 0.52843 0.00477295 0.00477295
0.47161 0.52839 0.0047722 0.0047722
0.47155 0.52845 0.00479789 0.00479789
0.47143 0.52857 0.00481364 0.00481364
0.47139 0.52861 0.0048324 0.0048324
0.47126 0.52874 0.00485256 0.00485256
0.47098 0.52902 0.00487968 0.00487968
0.471 0.529 0.00487004 0.00487004
0.47093 0.52907 0.00487295 0.00487295
0.47086 0.52914 0.00491063 0.00491063
0.47097 0.52903 0.00492629 0.00492629
0.47101 0.52899 0.00493462 0.00493462
0.4708 0.5292 0.00495299 0.00495299
0.47072 0.52928 0.00495626 0.00495626
0.4705 0.5295 0.00498292 0.00498292
0.47034 0.52966 0.00498645 0.00498645
0.47044 0.52956 0.00500152 0.00500152
0.47055 0.52945 0.00499142 0.00499142
0.47053 0.52947 0.00499732 0.00499732
0.4706 0.5294 0.00497943 0.00497943
0.47064 0.52936 0.00498292 0.00498292
0.47061 0.52939 0.00498313 0.00498313
0.4705 0.5295 0.00496953 0.00496953
0.47039 0.52961 0.00497416 0.00497416
0.47029 0.52971 0.00498302 0.00498302
0.47031 0.52969 0.00498327 0.00498327
0.47038 0.52962 0.00499482 0.00499482
0.47042 0.52958 0.00501445 0.00501445
0.47042 0.52958 0.00501596 0.00501596
0.47036 0.52964 0.0050153 0.0050153
0.47037 0.52963 0.00505207 0.00505207
0.47031 0.52969 0.00505632 0.00505632
0.47033 0.52967 0.0050562 0.0050562
0.47036 0.52964 0.0050632 0.0050632
0.47047 0.52953 0.00506403 0.00506403
0.47056 0.52944 0.00505387 0.00505387
0.4705 0.5295 0.00506775 0.00506775
0.47051 0.52949 0.00506892 0.00506892
0.47047 0.52953 0.00507358 0.00507358
0.47043 0.52957 0.00506465 0.00506465
0.47039 0.52961 0.00506701 0.00506701
0.47042 0.52958 0.00507128 0.00507128
0.47043 0.52957 0.00507293 0.00507293
0.47033 0.52967 0.00507935 0.00507935
0.47042 0.52958 0.00507944 0.00507944
0.47038 0.52962 0.00507789 0.00507789
0.47033 0.52967 0.00507978 0.00507978
0.47034 0.52966 0.00507895 0.00507895
0.47032 0.52968 0.0050807 0.0050807
0.47033 0.52967 0.0050842 0.0050842
0.47035 0.52965 0.0050851 0.0050851
0.47029 0.52971 0.00508142 0.00508142
0.47031 0.52969 0.0050809 0.0050809
0.47029 0.52971 0.005079 0.005079
0.47027 0.52973 0.00508355 0.00508355
0.47033 0.52967 0.00508632 0.00508632
0.47028 0.52972 0.00508584 0.00508584
0.47028 0.52972 0.00507824 0.00507824
0.47024 0.52976 0.00509184 0.00509184
0.47024 0.52976 0.00510172 0.00510172
0.47025 0.52975 0.00510599 0.00510599
0.47023 0.52977 0.00510608 0.00510608
0.47023 0.52977 0.00510418 0.00510418
0.47021 0.52979 0.00509811 0.00509811
0.47026 0.52974 0.00509811 0.00509811
0.47024 0.52976 0.00510445 0.00510445
0.47025 0.52975 0.00510736 0.00510736
0.47022 0.52978 0.00511155 0.00511155
0.47029 0.52971 0.00511077 0.00511077
0.47033 0.52967 0.00510624 0.00510624
0.47028 0.52972 0.0051075 0.0051075
0.47026 0.52974 0.00510363 0.00510363
0.47027 0.52973 0.00510616 0.00510616
0.47024 0.52976 0.00510703 0.00510703
0.47023 0.52977 0.00510798 0.00510798
0.47025 0.52975 0.0051128 0.0051128
0.47022 0.52978 0.00510757 0.00510757
0.47027 0.52973 0.00511285 0.00511285
0.47026 0.52974 0.00511244 0.00511244
0.47027 0.52973 0.00511618 0.00511618
0.47026 0.52974 0.00511355 0.00511355
0.47024 0.52976 0.00510948 0.00510948
0.4702 0.5298 0.00510994 0.00510994
0.4702 0.5298 0.00511178 0.00511178
0.47016 0.52984 0.00511359 0.00511359
0.47013 0.52987 0.00511238 0.00511238
0.47014 0.52986 0.00510776 0.00510776
0.47014 0.52986 0.00510562 0.00510562
0.47017 0.52983 0.00511026 0.00511026
0.47015 0.52985 0.0051077 0.0051077
0.47012 0.52988 0.00511061 0.00511061
0.47017 0.52983 0.00511311 0.00511311
0.47016 0.52984 0.00511462 0.00511462
0.47017 0.52983 0.00511554 0.00511554
0.4702 0.5298 0.00511079 0.00511079
0.47021 0.52979 0.00510972 0.00510972
0.47022 0.52978 0.00511252 0.00511252
0.47018 0.52982 0.00510958 0.00510958
0.4702 0.5298 0.00510996 0.00510996
0.47021 0.52979 0.00511108 0.00511108
0.47021 0.52979 0.00511344 0.00511344
0.4702 0.5298 0.00511491 0.00511491
0.47018 0.52982 0.00511649 0.00511649
0.47021 0.52979 0.0051178 0.0051178
0.47021 0.52979 0.00511875 0.00511875
0.47022 0.52978 0.00511993 0.00511993
0.47021 0.52979 0.00512073 0.00512073
0.4702 0.5298 0.00511752 0.00511752
0.47019 0.52981 0.0051124 0.0051124
0.47019 0.52981 0.00511359 0.00511359
0.47016 0.52984 0.00511921 0.00511921
0.47012 0.52988 0.00511823 0.00511823
0.47012 0.52988 0.00512091 0.00512091
0.47011 0.52989 0.00511998 0.00511998
0.47011 0.52989 0.00511998 0.00511998
0.47014 0.52986 0.00511931 0.00511931
0.47013 0.52987 0.00511888 0.00511888
0.47013 0.52987 0.0051205 0.0051205
0.47015 0.52985 0.00512154 0.00512154
0.47015 0.52985 0.00511829 0.00511829
0.47013 0.52987 0.0051147 0.0051147
0.47011 0.52989 0.00511539 0.00511539
0.47012 0.52988 0.00511734 0.00511734
0.47009 0.52991 0.00511744 0.00511744
0.47008 0.52992 0.00511811 0.00511811
0.47009 0.52991 0.00511598 0.00511598
0.47009 0.52991 0.00511598 0.00511598
0.47007 0.52993 0.00511962 0.00511962
0.47007 0.52993 0.00511962 0.00511962
0.47007 0.52993 0.00511962 0.00511962
0.47006 0.52994 0.00511856 0.00511856
0.47005 0.52995 0.00511926 0.00511926
0.47006 0.52994 0.00512123 0.00512123
0.47006 0.52994 0.00512482 0.00512482
0.47006 0.52994 0.00512482 0.00512482
0.47006 0.52994 0.00512695 0.00512695
0.47007 0.52993 0.005129 0.005129
0.47006 0.52994 0.00512695 0.00512695
0.47005 0.52995 0.00512987 0.00512987
0.47004 0.52996 0.00513008 0.00513008
0.47003 0.52997 0.00512823 0.00512823
0.47003 0.52997 0.00513084 0.00513084
0.47003 0.52997 0.00513084 0.00513084
0.47003 0.52997 0.00512643 0.00512643
0.47003 0.52997 0.00512643 0.00512643
0.47003 0.52997 0.00512643 0.00512643
0.47002 0.52998 0.00512503 0.00512503
0.47003 0.52997 0.00512599 0.00512599
0.47003 0.52997 0.00512682 0.00512682
0.47003 0.52997 0.00512682 0.00512682
0.47004 0.52996 0.00512388 0.00512388
0.47004 0.52996 0.00512388 0.00512388
0.47004 0.52996 0.00512388 0.00512388
0.47003 0.52997 0.00512292 0.00512292
0.47003 0.52997 0.00512292 0.00512292
0.47008 0.52992 0.00512319 0.00512319
0.47009 0.52991 0.00512465 0.00512465
0.47009 0.52991 0.00512857 0.00512857
0.47009 0.52991 0.00512857 0.00512857
0.47009 0.52991 0.00512841 0.00512841
0.47009 0.52991 0.00512841 0.00512841
0.47008 0.52992 0.00512694 0.00512694
0.47007 0.52993 0.00512716 0.00512716
0.47008 0.52992 0.00512694 0.00512694
0.47009 0.52991 0.00512727 0.00512727
0.47009 0.52991 0.00512727 0.00512727
0.4701 0.5299 0.00512708 0.00512708
0.47009 0.52991 0.00512727 0.00512727
0.47009 0.52991 0.00512727 0.00512727
0.47009 0.52991 0.00512727 0.00512727
0.47009 0.52991 0.00512727 0.00512727
0.47007 0.52993 0.00512908 0.00512908
0.47006 0.52994 0.0051281 0.0051281
0.47005 0.52995 0.00512667 0.00512667
0.47005 0.52995 0.00512667 0.00512667
0.47005 0.52995 0.00512667 0.00512667
0.47005 0.52995 0.00512667 0.00512667
0.47006 0.52994 0.00512814 0.00512814
0.47006 0.52994 0.00512814 0.00512814
0.47006 0.52994 0.00512814 0.00512814
0.47007 0.52993 0.00512798 0.00512798
0.47007 0.52993 0.00512798 0.00512798
0.47006 0.52994 0.00512703 0.00512703
0.47006 0.52994 0.00512917 0.00512917
0.47006 0.52994 0.00512842 0.00512842
0.47005 0.52995 0.00512696 0.00512696
0.47006 0.52994 0.00512911 0.00512911
0.47006 0.52994 0.00512911 0.00512911
0.47006 0.52994 0.00512911 0.00512911
0.47007 0.52993 0.00513007 0.00513007
0.47007 0.52993 0.00513007 0.00513007
0.47009 0.52991 0.00512641 0.00512641
0.47008 0.52992 0.00512656 0.00512656
0.47008 0.52992 0.00512656 0.00512656
0.47008 0.52992 0.00512656 0.00512656
0.47008 0.52992 0.00512656 0.00512656
0.47008 0.52992 0.00512656 0.00512656
0.47008 0.52992 0.00512656 0.00512656
0.47007 0.52993 0.00512677 0.00512677
0.47007 0.52993 0.00512677 0.00512677
0.47007 0.52993 0.00512677 0.00512677
0.47006 0.52994 0.00512749 0.00512749
0.47006 0.52994 0.00512749 0.00512749
0.47006 0.52994 0.00512749 0.00512749
0.47004 0.52996 0.00512901 0.00512901
0.47004 0.52996 0.00512901 0.00512901
0.47005 0.52995 0.00513047 0.00513047
0.47005 0.52995 0.00513047 0.00513047
0.47004 0.52996 0.00513307 0.00513307
0.47005 0.52995 0.00513471 0.00513471
0.47006 0.52994 0.00513567 0.00513567
0.47006 0.52994 0.00513567 0.00513567
0.47006 0.52994 0.00513567 0.00513567
0.47006 0.52994 0.00513567 0.00513567
0.47006 0.52994 0.00513567 0.00513567
0.47006 0.52994 0.00513567 0.00513567
0.47006 0.52994 0.00513567 0.00513567
0.47006 0.52994 0.00513567 0.00513567
0.47006 0.52994 0.00513567 0.00513567
0.47006 0.52994 0.00513567 0.00513567
0.47006 0.52994 0.00513567 0.00513567
0.47006 0.52994 0.00513567 0.00513567
0.47006 0.52994 0.00513567 0.00513567
0.47006 0.52994 0.00513567 0.00513567
0.47006 0.52994 0.00513567 0.00513567
0.47006 0.52994 0.00513567 0.00513567
0.47006 0.52994 0.00513567 0.00513567
0.47005 0.52995 0.00513649 0.00513649
0.47005 0.52995 0.00513421 0.00513421
0.47005 0.52995 0.00513421 0.00513421
0.47006 0.52994 0.00513567 0.00513567
0.47006 0.52994 0.00513567 0.00513567
0.47006 0.52994 0.00513567 0.00513567
0.47006 0.52994 0.00513567 0.00513567
0.47006 0.52994 0.00513567 0.00513567
0.47005 0.52995 0.00513649 0.00513649
0.47005 0.52995 0.00513649 0.00513649
0.47005 0.52995 0.00513649 0.00513649
0.47005 0.52995 0.00513649 0.00513649
0.47005 0.52995 0.00513649 0.00513649
0.47005 0.52995 0.00513649 0.00513649
0.47004 0.52996 0.00513485 0.00513485
0.47005 0.52995 0.00513403 0.00513403
0.47004 0.52996 0.00513256 0.00513256
0.47004 0.52996 0.00513256 0.00513256
0.47004 0.52996 0.00513256 0.00513256
0.47005 0.52995 0.00513235 0.00513235
0.47004 0.52996 0.0051302 0.0051302
0.47005 0.52995 0.00513235 0.00513235
0.47005 0.52995 0.00513235 0.00513235
0.47005 0.52995 0.00513235 0.00513235
0.47005 0.52995 0.00513235 0.00513235
0.47005 0.52995 0.00513235 0.00513235
0.47005 0.52995 0.00513235 0.00513235
0.47006 0.52994 0.00512941 0.00512941
0.47006 0.52994 0.00512941 0.00512941
0.47006 0.52994 0.00512941 0.00512941
0.47006 0.52994 0.00512941 0.00512941
0.47006 0.52994 0.00512941 0.00512941
0.47006 0.52994 0.00512941 0.00512941
0.47006 0.52994 0.00512941 0.00512941
0.47006 0.52994 0.00512941 0.00512941
0.47006 0.52994 0.00512941 0.00512941
0.47006 0.52994 0.00512941 0.00512941
0.47006 0.52994 0.00512941 0.00512941
0.47007 0.52993 0.00513087 0.00513087
0.47007 0.52993 0.00513087 0.00513087
0.47005 0.52995 0.00513235 0.00513235
0.47005 0.52995 0.00513235 0.00513235
0.47005 0.52995 0.00513235 0.00513235
0.47005 0.52995 0.00513235 0.00513235
0.47005 0.52995 0.00513235 0.00513235
0.47005 0.52995 0.00513235 0.00513235
0.47005 0.52995 0.00513235 0.00513235
0.47005 0.52995 0.00513235 0.00513235
0.47005 0.52995 0.00513235 0.00513235
0.47005 0.52995 0.00513235 0.00513235
0.47005 0.52995 0.00513235 0.00513235
0.47005 0.52995 0.00513235 0.00513235
0.47005 0.52995 0.00513235 0.00513235
0.47006 0.52994 0.005134 0.005134
0.47006 0.52994 0.005134 0.005134
0.47006 0.52994 0.005134 0.005134
0.47006 0.52994 0.005134 0.005134
0.47006 0.52994 0.005134 0.005134
0.47006 0.52994 0.005134 0.005134
0.47006 0.52994 0.005134 0.005134
0.47006 0.52994 0.005134 0.005134
0.47006 0.52994 0.005134 0.005134
0.47006 0.52994 0.005134 0.005134
0.47007 0.52993 0.00513546 0.00513546
0.47007 0.52993 0.00513546 0.00513546
0.47007 0.52993 0.00513546 0.00513546
0.47006 0.52994 0.00513567 0.00513567
0.47006 0.52994 0.00513567 0.00513567
0.47006 0.52994 0.00513567 0.00513567
0.47006 0.52994 0.00513567 0.00513567
0.47006 0.52994 0.00513567 0.00513567
0.47006 0.52994 0.00513567 0.00513567
0.47006 0.52994 0.00513567 0.00513567
0.47006 0.52994 0.00513567 0.00513567
0.47005 0.52995 0.00513649 0.00513649
0.47005 0.52995 0.00513649 0.00513649
0.47005 0.52995 0.00513649 0.00513649
0.47005 0.52995 0.00513649 0.00513649
0.47005 0.52995 0.00513649 0.00513649
0.47005 0.52995 0.00513649 0.00513649
0.47005 0.52995 0.00513649 0.00513649
0.47006 0.52994 0.00513567 0.00513567
0.47006 0.52994 0.00513567 0.00513567
0.47005 0.52995 0.00513421 0.00513421
0.47005 0.52995 0.00513421 0.00513421
0.47004 0.52996 0.00513256 0.00513256
0.47004 0.52996 0.00513256 0.00513256
0.47004 0.52996 0.00513256 0.00513256
0.47004 0.52996 0.00513256 0.00513256
0.47004 0.52996 0.00513256 0.00513256
0.47004 0.52996 0.00513256 0.00513256
0.47005 0.52995 0.00513421 0.00513421
0.47005 0.52995 0.00513421 0.00513421
0.47005 0.52995 0.00513421 0.00513421
0.47005 0.52995 0.00513421 0.00513421
0.47005 0.52995 0.00513421 0.00513421
0.47004 0.52996 0.00513503 0.00513503
0.47004 0.52996 0.00513503 0.00513503
0.47004 0.52996 0.00513503 0.00513503
0.47004 0.52996 0.00513503 0.00513503
0.47004 0.52996 0.00513503 0.00513503
0.47004 0.52996 0.00513503 0.00513503
0.47004 0.52996 0.00513503 0.00513503
0.47004 0.52996 0.00513503 0.00513503
0.47005 0.52995 0.00513649 0.00513649
0.47005 0.52995 0.00513649 0.00513649
0.47005 0.52995 0.00513649 0.00513649
0.47005 0.52995 0.00513649 0.00513649
0.47005 0.52995 0.00513649 0.00513649
0.47005 0.52995 0.00513649 0.00513649
0.47005 0.52995 0.00513649 0.00513649
0.47005 0.52995 0.00513649 0.00513649
0.47005 0.52995 0.00513649 0.00513649
0.47005 0.52995 0.00513649 0.00513649
0.47005 0.52995 0.00513649 0.00513649
0.47005 0.52995 0.00513649 0.00513649
0.47005 0.52995 0.00513649 0.00513649
0.47004 0.52996 0.00513503 0.00513503
0.47004 0.52996 0.00513503 0.00513503
0.47004 0.52996 0.00513503 0.00513503
0.47005 0.52995 0.00513649 0.00513649
0.47005 0.52995 0.00513649 0.00513649
0.47005 0.52995 0.00513649 0.00513649
0.47005 0.52995 0.00513649 0.00513649
0.47005 0.52995 0.00513649 0.00513649
0.47005 0.52995 0.00513649 0.00513649
0.47005 0.52995 0.00513649 0.00513649
0.47005 0.52995 0.00513649 0.00513649
0.47006 0.52994 0.00513355 0.00513355
0.47006 0.52994 0.00513355 0.00513355
0.47006 0.52994 0.00513355 0.00513355
0.47006 0.52994 0.00513355 0.00513355
0.47006 0.52994 0.00513355 0.00513355
0.47006 0.52994 0.00513355 0.00513355
0.47006 0.52994 0.00513355 0.00513355
0.47006 0.52994 0.00513355 0.00513355
0.47006 0.52994 0.00513355 0.00513355
0.47006 0.52994 0.00513355 0.00513355
0.47006 0.52994 0.00513355 0.00513355
0.47006 0.52994 0.00513355 0.00513355
0.47006 0.52994 0.00513355 0.00513355
0.47006 0.52994 0.00513355 0.00513355
0.47006 0.52994 0.00513355 0.00513355
0.47006 0.52994 0.00513355 0.00513355
0.47006 0.52994 0.00513355 0.00513355
0.47006 0.52994 0.00513355 0.00513355
0.47006 0.52994 0.00513355 0.00513355
0.47005 0.52995 0.00513649 0.00513649
0.47005 0.52995 0.00513649 0.00513649
0.47005 0.52995 0.00513649 0.00513649
0.47005 0.52995 0.00513649 0.00513649
0.47005 0.52995 0.00513649 0.00513649
0.47006 0.52994 0.00513355 0.00513355
0.47006 0.52994 0.00513355 0.00513355
0.47006 0.52994 0.00513355 0.00513355
0.47006 0.52994 0.00513355 0.00513355
0.47006 0.52994 0.00513355 0.00513355
0.47006 0.52994 0.00513355 0.00513355
0.47006 0.52994 0.00513355 0.00513355
0.47006 0.52994 0.00513355 0.00513355
0.47006 0.52994 0.00513355 0.00513355
0.47006 0.52994 0.00513355 0.00513355
0.47006 0.52994 0.00513355 0.00513355
0.47006 0.52994 0.00513355 0.00513355
0.47006 0.52994 0.00513355 0.00513355
0.47006 0.52994 0.00513355 0.00513355
0.47006 0.52994 0.00513355 0.00513355
0.47006 0.52994 0.00513355 0.00513355
0.47006 0.52994 0.00513355 0.00513355
0.47006 0.52994 0.00513355 0.00513355
0.47006 0.52994 0.00513355 0.00513355
0.47006 0.52994 0.00513355 0.00513355
0.47006 0.52994 0.00513355 0.00513355
0.47006 0.52994 0.00513355 0.00513355
0.47006 0.52994 0.00513355 0.00513355
0.47006 0.52994 0.00513355 0.00513355
0.47006 0.52994 0.00513355 0.00513355
0.47006 0.52994 0.00513355 0.00513355
0.47006 0.52994 0.00513355 0.00513355
0.47006 0.52994 0.00513355 0.00513355
0.47006 0.52994 0.00513355 0.00513355
0.47006 0.52994 0.00513355 0.00513355
0.47006 0.52994 0.00513355 0.00513355
0.47006 0.52994 0.00513355 0.00513355
0.47006 0.52994 0.00513355 0.00513355
0.47006 0.52994 0.00513355 0.00513355
0.47006 0.52994 0.00513355 0.00513355
0.47006 0.52994 0.00513355 0.00513355
0.47006 0.52994 0.00513355 0.00513355
0.47006 0.52994 0.00513355 0.00513355
0.47006 0.52994 0.00513355 0.00513355
0.47006 0.52994 0.00513355 0.00513355
0.47006 0.52994 0.00513355 0.00513355
0.47006 0.52994 0.00513355 0.00513355
0.47006 0.52994 0.00513355 0.00513355
0.47005 0.52995 0.00513649 0.00513649
0.47005 0.52995 0.00513649 0.00513649
0.47005 0.52995 0.00513649 0.00513649
0.47005 0.52995 0.00513649 0.00513649
0.47005 0.52995 0.00513649 0.00513649
0.47005 0.52995 0.00513649 0.00513649
0.47005 0.52995 0.00513649 0.00513649
0.47005 0.52995 0.00513649 0.00513649
0.47005 0.52995 0.00513649 0.00513649
0.47005 0.52995 0.00513649 0.00513649
0.47005 0.52995 0.00513649 0.00513649
0.47005 0.52995 0.00513649 0.00513649
0.47005 0.52995 0.00513649 0.00513649
0.47005 0.52995 0.00513649 0.00513649
0.47005 0.52995 0.00513649 0.00513649
0.47005 0.52995 0.00513649 0.00513649
0.47005 0.52995 0.00513649 0.00513649
0.47005 0.52995 0.00513649 0.00513649
0.47005 0.52995 0.00513649 0.00513649
0.47005 0.52995 0.00513649 0.00513649
0.47005 0.52995 0.00513649 0.00513649
0.47005 0.52995 0.00513649 0.00513649
0.47005 0.52995 0.00513649 0.00513649
0.47006 0.52994 0.00513355 0.00513355
0.47006 0.52994 0.00513355 0.00513355
0.47006 0.52994 0.00513355 0.00513355
