0.49973 0.50027 2.33102e-05 2.33102e-05
0.49996 0.50004 4.92913e-05 4.92913e-05
0.50037 0.49963 6.89223e-05 6.89223e-05
0.49993 0.50007 8.96617e-05 8.96617e-05
0.49998 0.50002 0.000101697 0.000101697
0.50005 0.49995 0.000133664 0.000133664
0.49957 0.50043 0.000177702 0.000177702
0.49951 0.50049 0.000195768 0.000195768
0.49934 0.50066 0.000205176 0.000205176
0.4989 0.5011 0.000236192 0.000236192
0.49887 0.50113 0.0002587 0.0002587
0.49884 0.50116 0.000296398 0.000296398
0.49825 0.50175 0.000325624 0.000325624
0.49849 0.50151 0.000362151 0.000362151
0.49784 0.50216 0.000405429 0.000405429
0.49697 0.50303 0.000433383 0.000433383
0.49656 0.50344 0.000450128 0.000450128
0.49706 0.50294 0.000469855 0.000469855
0.49706 0.50294 0.000498623 0.000498623
0.49675 0.50325 0.000493078 0.000493078
0.49661 0.50339 0.000498947 0.000498947
0.49662 0.50338 0.000523107 0.000523107
0.49669 0.50331 0.00055262 0.00055262
0.49646 0.50354 0.000570695 0.000570695
0.49715 0.50285 0.000609543 0.000609543
0.49759 0.50241 0.000636749 0.000636749
0.49714 0.50286 0.000625011 0.000625011
0.49677 0.50323 0.00065931 0.00065931
0.49676 0.50324 0.000683154 0.000683154
0.4965 0.5035 0.000675121 0.000675121
0.49651 0.50349 0.000699505 0.000699505
0.49671 0.50329 0.000728652 0.000728652
0.49695 0.50305 0.000732068 0.000732068
0.49633 0.50367 0.000747254 0.000747254
0.49647 0.50353 0.000749423 0.000749423
0.49611 0.50389 0.000734806 0.000734806
0.49634 0.50366 0.000757499 0.000757499
0.49555 0.50445 0.000704937 0.000704937
0.49561 0.50439 0.000704321 0.000704321
0.49468 0.50532 0.000696321 0.000696321
0.49579 0.50421 0.000655339 0.000655339
0.49545 0.50455 0.000677583 0.000677583
0.49536 0.50464 0.000675869 0.000675869
0.49571 0.50429 0.000734612 0.000734612
0.49659 0.50341 0.000755618 0.000755618
0.49662 0.50338 0.00075244 0.00075244
0.49675 0.50325 0.00076128 0.00076128
0.49712 0.50288 0.000821299 0.000821299
0.49695 0.50305 0.000885967 0.000885967
0.49758 0.50242 0.000871034 0.000871034
0.49771 0.50229 0.000835461 0.000835461
0.49842 0.50158 0.0008656 0.0008656
0.49848 0.50152 0.000864111 0.000864111
0.49826 0.50174 0.000885972 0.000885972
0.49777 0.50223 0.000878058 0.000878058
0.4977 0.5023 0.000902434 0.000902434
0.4973 0.5027 0.000935606 0.000935606
0.4975 0.5025 0.000914091 0.000914091
0.49789 0.50211 0.000900442 0.000900442
0.49757 0.50243 0.000915096 0.000915096
0.49633 0.50367 0.000934789 0.000934789
0.49646 0.50354 0.000909685 0.000909685
0.49656 0.50344 0.000919017 0.000919017
0.49686 0.50314 0.000917677 0.000917677
0.49677 0.50323 0.000908866 0.000908866
0.49664 0.50336 0.000878718 0.000878718
0.49663 0.50337 0.000875367 0.000875367
0.49651 0.50349 0.000872899 0.000872899
0.49676 0.50324 0.000864447 0.000864447
0.49608 0.50392 0.000886741 0.000886741
0.49605 0.50395 0.000910715 0.000910715
0.49524 0.50476 0.000892811 0.000892811
0.49521 0.50479 0.000927521 0.000927521
0.49513 0.50487 0.000949145 0.000949145
0.49484 0.50516 0.00092555 0.00092555
0.49472 0.50528 0.000900062 0.000900062
0.49449 0.50551 0.000896656 0.000896656
0.49407 0.50593 0.000876793 0.000876793
0.49423 0.50577 0.000882017 0.000882017
0.49418 0.50582 0.000850553 0.000850553
0.49509 0.50491 0.000846345 0.000846345
0.49419 0.50581 0.000861004 0.000861004
0.49479 0.50521 0.000868551 0.000868551
0.49484 0.50516 0.000856015 0.000856015
0.49516 0.50484 0.000832176 0.000832176
0.49499 0.50501 0.000849343 0.000849343
0.49506 0.50494 0.000826703 0.000826703
0.49535 0.50465 0.000780129 0.000780129
0.49561 0.50439 0.000809856 0.000809856
0.49564 0.50436 0.000835526 0.000835526
0.49543 0.50457 0.00079247 0.00079247
0.49573 0.50427 0.000800502 0.000800502
0.49561 0.50439 0.000784988 0.000784988
0.49566 0.50434 0.000783237 0.000783237
0.49601 0.50399 0.000809646 0.000809646
0.49618 0.50382 0.000826109 0.000826109
0.49585 0.50415 0.00083924 0.00083924
0.49582 0.50418 0.000835422 0.000835422
0.49587 0.50413 0.000853044 0.000853044
0.49553 0.50447 0.000888615 0.000888615
0.4958 0.5042 0.000905879 0.000905879
0.49618 0.50382 0.000926513 0.000926513
0.49627 0.50373 0.000914017 0.000914017
0.49633 0.50367 0.00090792 0.00090792
0.49655 0.50345 0.000900088 0.000900088
0.49619 0.50381 0.000918984 0.000918984
0.49606 0.50394 0.000950845 0.000950845
0.49568 0.50432 0.000970846 0.000970846
0.49581 0.50419 0.00098561 0.00098561
0.49642 0.50358 0.000980165 0.000980165
0.49649 0.50351 0.00102561 0.00102561
0.49587 0.50413 0.00101032 0.00101032
0.49627 0.50373 0.00101125 0.00101125
0.49668 0.50332 0.00103327 0.00103327
0.49623 0.50377 0.00103573 0.00103573
0.49672 0.50328 0.00105907 0.00105907
0.49692 0.50308 0.00108872 0.00108872
0.4967 0.5033 0.00114409 0.00114409
0.49656 0.50344 0.00119043 0.00119043
0.49601 0.50399 0.00120395 0.00120395
0.4958 0.5042 0.00120608 0.00120608
0.49505 0.50495 0.00119393 0.00119393
0.49465 0.50535 0.00117762 0.00117762
0.4951 0.5049 0.00119336 0.00119336
0.49444 0.50556 0.00116898 0.00116898
0.49456 0.50544 0.00115819 0.00115819
0.49456 0.50544 0.00116013 0.00116013
0.49457 0.50543 0.00114833 0.00114833
0.49506 0.50494 0.00113695 0.00113695
0.4958 0.5042 0.00117905 0.00117905
0.49639 0.50361 0.00118537 0.00118537
0.49649 0.50351 0.00115373 0.00115373
0.49619 0.50381 0.00119583 0.00119583
0.49616 0.50384 0.00121799 0.00121799
0.49571 0.50429 0.00122368 0.00122368
0.49585 0.50415 0.00117221 0.00117221
0.496 0.504 0.00116541 0.00116541
0.49661 0.50339 0.0011402 0.0011402
0.49587 0.50413 0.00115234 0.00115234
0.49575 0.50425 0.001111 0.001111
0.49555 0.50445 0.00111987 0.00111987
0.49584 0.50416 0.00111834 0.00111834
0.49675 0.50325 0.00110078 0.00110078
0.49717 0.50283 0.00112036 0.00112036
0.49713 0.50287 0.00109935 0.00109935
0.49708 0.50292 0.00110622 0.00110622
0.4971 0.5029 0.00113159 0.00113159
0.49726 0.50274 0.00111359 0.00111359
0.49649 0.50351 0.00110096 0.00110096
0.49566 0.50434 0.0011079 0.0011079
0.49561 0.50439 0.00109186 0.00109186
0.49512 0.50488 0.00106518 0.00106518
0.49477 0.50523 0.00105032 0.00105032
0.49486 0.50514 0.0010638 0.0010638
0.49482 0.50518 0.00111041 0.00111041
0.49371 0.50629 0.00116667 0.00116667
0.49424 0.50576 0.00117812 0.00117812
0.49424 0.50576 0.00113865 0.00113865
0.49404 0.50596 0.00116299 0.00116299
0.49404 0.50596 0.00116109 0.00116109
0.49419 0.50581 0.00118805 0.00118805
0.4938 0.5062 0.00119816 0.00119816
0.4936 0.5064 0.00120547 0.00120547
0.49329 0.50671 0.00124988 0.00124988
0.49364 0.50636 0.00131213 0.00131213
0.49299 0.50701 0.00131363 0.00131363
0.49327 0.50673 0.00130644 0.00130644
0.49289 0.50711 0.00134139 0.00134139
0.49346 0.50654 0.00135668 0.00135668
0.49425 0.50575 0.00134752 0.00134752
0.49522 0.50478 0.00130953 0.00130953
0.49483 0.50517 0.00129897 0.00129897
0.49557 0.50443 0.00131827 0.00131827
0.49518 0.50482 0.00133524 0.00133524
0.49521 0.50479 0.00129597 0.00129597
0.49502 0.50498 0.00128125 0.00128125
0.49454 0.50546 0.0012551 0.0012551
0.49446 0.50554 0.0012788 0.0012788
0.49493 0.50507 0.00132827 0.00132827
0.49471 0.50529 0.00137304 0.00137304
0.49508 0.50492 0.00135383 0.00135383
0.49501 0.50499 0.00136953 0.00136953
0.49461 0.50539 0.0013343 0.0013343
0.49454 0.50546 0.00142912 0.00142912
0.49517 0.50483 0.00145667 0.00145667
0.49541 0.50459 0.00141026 0.00141026
0.49521 0.50479 0.00137889 0.00137889
0.49507 0.50493 0.00139752 0.00139752
0.49502 0.50498 0.00136107 0.00136107
0.49526 0.50474 0.00140807 0.00140807
0.49491 0.50509 0.00143574 0.00143574
0.49499 0.50501 0.00143153 0.00143153
0.49542 0.50458 0.00138237 0.00138237
0.49455 0.50545 0.00137678 0.00137678
0.49417 0.50583 0.00136935 0.00136935
0.49446 0.50554 0.00140833 0.00140833
0.49447 0.50553 0.00139112 0.00139112
0.49452 0.50548 0.00134183 0.00134183
0.49479 0.50521 0.00135584 0.00135584
0.4947 0.5053 0.00136151 0.00136151
0.49483 0.50517 0.00133525 0.00133525
0.49479 0.50521 0.00130172 0.00130172
0.49537 0.50463 0.00129165 0.00129165
0.49543 0.50457 0.0012898 0.0012898
0.49553 0.50447 0.0012808 0.0012808
0.49503 0.50497 0.00125916 0.00125916
0.49509 0.50491 0.00128202 0.00128202
0.49509 0.50491 0.00128717 0.00128717
0.49543 0.50457 0.00126603 0.00126603
0.49573 0.50427 0.00128701 0.00128701
0.49616 0.50384 0.00130343 0.00130343
0.49537 0.50463 0.00135832 0.00135832
0.49527 0.50473 0.00134246 0.00134246
0.49542 0.50458 0.00133479 0.00133479
0.49534 0.50466 0.00132538 0.00132538
0.49629 0.50371 0.00132815 0.00132815
0.49549 0.50451 0.00131385 0.00131385
0.49633 0.50367 0.00127313 0.00127313
0.49659 0.50341 0.00124586 0.00124586
0.49697 0.50303 0.00121425 0.00121425
0.49699 0.50301 0.00116241 0.00116241
0.49667 0.50333 0.00119964 0.00119964
0.49692 0.50308 0.00122315 0.00122315
0.49755 0.50245 0.0012177 0.0012177
0.49717 0.50283 0.00121962 0.00121962
0.49688 0.50312 0.00121811 0.00121811
0.4963 0.5037 0.00117607 0.00117607
0.49629 0.50371 0.00116172 0.00116172
0.49632 0.50368 0.00116285 0.00116285
0.49565 0.50435 0.00117134 0.00117134
0.49587 0.50413 0.00118278 0.00118278
0.4957 0.5043 0.00121264 0.00121264
0.49634 0.50366 0.00123097 0.00123097
0.49666 0.50334 0.00121207 0.00121207
0.49629 0.50371 0.0012017 0.0012017
0.49604 0.50396 0.00121149 0.00121149
0.4962 0.5038 0.00123497 0.00123497
0.49503 0.50497 0.00122627 0.00122627
0.49493 0.50507 0.00127859 0.00127859
0.49475 0.50525 0.00130991 0.00130991
0.49379 0.50621 0.00130673 0.00130673
0.49334 0.50666 0.00133926 0.00133926
0.49382 0.50618 0.00134316 0.00134316
0.49478 0.50522 0.0013506 0.0013506
0.49459 0.50541 0.00136332 0.00136332
0.49408 0.50592 0.00135832 0.00135832
0.49424 0.50576 0.00137477 0.00137477
0.49361 0.50639 0.00129909 0.00129909
0.49314 0.50686 0.00127721 0.00127721
0.4928 0.5072 0.00126727 0.00126727
0.49282 0.50718 0.00129045 0.00129045
0.49289 0.50711 0.00134505 0.00134505
0.49357 0.50643 0.00136645 0.00136645
0.49267 0.50733 0.00139903 0.00139903
0.49294 0.50706 0.00140751 0.00140751
0.49263 0.50737 0.00141488 0.00141488
0.49321 0.50679 0.0014713 0.0014713
0.49304 0.50696 0.00149216 0.00149216
0.49282 0.50718 0.00150225 0.00150225
0.49261 0.50739 0.00153446 0.00153446
0.4914 0.5086 0.00158901 0.00158901
0.49133 0.50867 0.00158519 0.00158519
0.49076 0.50924 0.0015815 0.0015815
0.49078 0.50922 0.00155575 0.00155575
0.49058 0.50942 0.00151156 0.00151156
0.49072 0.50928 0.00151253 0.00151253
0.49083 0.50917 0.00152386 0.00152386
0.49057 0.50943 0.00147829 0.00147829
0.49105 0.50895 0.00147383 0.00147383
0.49095 0.50905 0.00151641 0.00151641
0.49038 0.50962 0.00148121 0.00148121
0.49152 0.50848 0.00148955 0.00148955
0.49089 0.50911 0.00144307 0.00144307
0.49075 0.50925 0.00144552 0.00144552
0.49058 0.50942 0.00147964 0.00147964
0.49101 0.50899 0.00151882 0.00151882
0.49077 0.50923 0.00157147 0.00157147
0.49075 0.50925 0.00159011 0.00159011
0.49091 0.50909 0.00159125 0.00159125
0.49134 0.50866 0.00160081 0.00160081
0.4914 0.5086 0.00162737 0.00162737
0.49097 0.50903 0.00167399 0.00167399
0.4911 0.5089 0.00163193 0.00163193
0.49117 0.50883 0.00162566 0.00162566
0.49168 0.50832 0.00161363 0.00161363
0.49158 0.50842 0.00158253 0.00158253
0.49111 0.50889 0.00159723 0.00159723
0.49076 0.50924 0.00156457 0.00156457
0.4907 0.5093 0.0016074 0.0016074
0.49141 0.50859 0.00156441 0.00156441
0.49169 0.50831 0.00158056 0.00158056
0.49185 0.50815 0.00155855 0.00155855
0.49192 0.50808 0.00154622 0.00154622
0.49205 0.50795 0.00156134 0.00156134
0.49178 0.50822 0.00157654 0.00157654
0.49196 0.50804 0.00165386 0.00165386
0.49152 0.50848 0.00160938 0.00160938
0.4912 0.5088 0.00167327 0.00167327
0.49093 0.50907 0.0016554 0.0016554
0.4918 0.5082 0.00159477 0.00159477
0.49208 0.50792 0.00166195 0.00166195
0.4917 0.5083 0.00165546 0.00165546
0.49222 0.50778 0.00162147 0.00162147
0.49195 0.50805 0.00158162 0.00158162
0.49212 0.50788 0.00152582 0.00152582
0.49134 0.50866 0.00154421 0.00154421
0.49164 0.50836 0.00151132 0.00151132
0.49201 0.50799 0.00150506 0.00150506
0.49145 0.50855 0.00149766 0.00149766
0.49148 0.50852 0.0015151 0.0015151
0.4917 0.5083 0.00158389 0.00158389
0.4916 0.5084 0.00164479 0.00164479
0.49166 0.50834 0.00163562 0.00163562
0.49123 0.50877 0.00163773 0.00163773
0.49176 0.50824 0.00163002 0.00163002
0.49198 0.50802 0.00168982 0.00168982
0.49169 0.50831 0.00164157 0.00164157
0.49257 0.50743 0.00164605 0.00164605
0.49213 0.50787 0.00161735 0.00161735
0.49194 0.50806 0.00166939 0.00166939
0.49223 0.50777 0.00176911 0.00176911
0.49219 0.50781 0.00177818 0.00177818
0.49206 0.50794 0.00176131 0.00176131
0.49176 0.50824 0.00178946 0.00178946
0.49128 0.50872 0.00176536 0.00176536
0.49079 0.50921 0.001675 0.001675
0.4902 0.5098 0.00170547 0.00170547
0.49028 0.50972 0.00173016 0.00173016
0.49004 0.50996 0.00174184 0.00174184
0.49058 0.50942 0.00170417 0.00170417
0.49082 0.50918 0.00171217 0.00171217
0.49089 0.50911 0.00171169 0.00171169
0.49081 0.50919 0.00174801 0.00174801
0.49103 0.50897 0.00179215 0.00179215
0.49146 0.50854 0.00175865 0.00175865
0.49127 0.50873 0.00174856 0.00174856
0.49171 0.50829 0.00173609 0.00173609
0.49202 0.50798 0.00183679 0.00183679
0.49229 0.50771 0.00186758 0.00186758
0.4929 0.5071 0.00191225 0.00191225
0.49255 0.50745 0.00191859 0.00191859
0.49233 0.50767 0.00195295 0.00195295
0.49229 0.50771 0.00195455 0.00195455
0.49237 0.50763 0.00193046 0.00193046
0.49181 0.50819 0.00194357 0.00194357
0.49205 0.50795 0.00186241 0.00186241
0.49172 0.50828 0.00189315 0.00189315
0.49121 0.50879 0.00184376 0.00184376
0.49106 0.50894 0.00187959 0.00187959
0.49047 0.50953 0.00186199 0.00186199
0.49088 0.50912 0.00184704 0.00184704
0.49109 0.50891 0.00192626 0.00192626
0.49114 0.50886 0.00198994 0.00198994
0.49085 0.50915 0.00194019 0.00194019
0.49095 0.50905 0.00194528 0.00194528
0.49145 0.50855 0.0020173 0.0020173
0.49098 0.50902 0.00200018 0.00200018
0.49092 0.50908 0.00191634 0.00191634
0.49079 0.50921 0.00195631 0.00195631
0.49158 0.50842 0.00200055 0.00200055
0.49188 0.50812 0.00204817 0.00204817
0.49161 0.50839 0.0020345 0.0020345
0.4909 0.5091 0.00204294 0.00204294
0.49091 0.50909 0.00207319 0.00207319
0.49098 0.50902 0.00206133 0.00206133
0.49097 0.50903 0.00203595 0.00203595
0.49091 0.50909 0.00207366 0.00207366
0.49092 0.50908 0.00207864 0.00207864
0.4908 0.5092 0.00213162 0.00213162
0.49016 0.50984 0.00218169 0.00218169
0.49033 0.50967 0.00208861 0.00208861
0.49053 0.50947 0.00212288 0.00212288
0.49075 0.50925 0.00214043 0.00214043
0.49131 0.50869 0.00217904 0.00217904
0.49172 0.50828 0.00220523 0.00220523
0.49205 0.50795 0.00218787 0.00218787
0.49279 0.50721 0.00216661 0.00216661
0.49317 0.50683 0.00211756 0.00211756
0.49296 0.50704 0.00211067 0.00211067
0.49254 0.50746 0.00205164 0.00205164
0.49275 0.50725 0.00210451 0.00210451
0.49196 0.50804 0.00214141 0.00214141
0.49169 0.50831 0.00218462 0.00218462
0.49122 0.50878 0.00220157 0.00220157
0.4908 0.5092 0.00214754 0.00214754
0.49029 0.50971 0.00210285 0.00210285
0.49054 0.50946 0.0020636 0.0020636
0.49038 0.50962 0.00210099 0.00210099
0.49005 0.50995 0.0021395 0.0021395
0.48992 0.51008 0.0021991 0.0021991
0.48988 0.51012 0.00222154 0.00222154
0.4893 0.5107 0.00223775 0.00223775
0.48862 0.51138 0.00221074 0.00221074
0.48911 0.51089 0.00217648 0.00217648
0.48913 0.51087 0.00214472 0.00214472
0.48892 0.51108 0.00211783 0.00211783
0.48854 0.51146 0.00213449 0.00213449
0.48845 0.51155 0.00209516 0.00209516
0.48852 0.51148 0.00213427 0.00213427
0.48801 0.51199 0.00208478 0.00208478
0.48801 0.51199 0.0020573 0.0020573
0.48733 0.51267 0.00206146 0.00206146
0.48716 0.51284 0.00209484 0.00209484
0.48693 0.51307 0.00205443 0.00205443
0.48697 0.51303 0.00201272 0.00201272
0.48729 0.51271 0.00203823 0.00203823
0.48791 0.51209 0.00202626 0.00202626
0.48854 0.51146 0.00202583 0.00202583
0.48918 0.51082 0.00200756 0.00200756
0.48953 0.51047 0.00204843 0.00204843
0.48948 0.51052 0.00205633 0.00205633
0.48985 0.51015 0.0020191 0.0020191
0.49001 0.50999 0.00201363 0.00201363
0.4905 0.5095 0.00209759 0.00209759
0.49117 0.50883 0.00208085 0.00208085
0.49062 0.50938 0.00212741 0.00212741
0.49093 0.50907 0.00210495 0.00210495
0.49116 0.50884 0.00213153 0.00213153
0.49067 0.50933 0.00212636 0.00212636
0.49094 0.50906 0.0021588 0.0021588
0.49092 0.50908 0.00221038 0.00221038
0.49123 0.50877 0.00219917 0.00219917
0.49124 0.50876 0.00216378 0.00216378
0.49098 0.50902 0.00222087 0.00222087
0.49114 0.50886 0.00216099 0.00216099
0.4915 0.5085 0.00211148 0.00211148
0.49155 0.50845 0.00219039 0.00219039
0.49031 0.50969 0.00218193 0.00218193
0.49084 0.50916 0.00217628 0.00217628
0.49105 0.50895 0.00209942 0.00209942
0.49093 0.50907 0.00207716 0.00207716
0.49122 0.50878 0.00206664 0.00206664
0.49094 0.50906 0.0020519 0.0020519
0.49118 0.50882 0.00205954 0.00205954
0.49119 0.50881 0.00206102 0.00206102
0.49116 0.50884 0.00202664 0.00202664
0.49147 0.50853 0.00199201 0.00199201
0.4912 0.5088 0.00209554 0.00209554
0.4908 0.5092 0.00205923 0.00205923
0.4908 0.5092 0.00199115 0.00199115
0.49112 0.50888 0.00202023 0.00202023
0.49169 0.50831 0.00203666 0.00203666
0.491 0.509 0.00202848 0.00202848
0.49121 0.50879 0.00205683 0.00205683
0.49127 0.50873 0.00203662 0.00203662
0.49 0.51 0.00209489 0.00209489
0.48983 0.51017 0.00202535 0.00202535
0.48973 0.51027 0.00207234 0.00207234
0.48994 0.51006 0.00204491 0.00204491
0.49043 0.50957 0.00214504 0.00214504
0.49024 0.50976 0.00217267 0.00217267
0.4904 0.5096 0.00213923 0.00213923
0.49049 0.50951 0.00208728 0.00208728
0.49029 0.50971 0.00207772 0.00207772
0.49077 0.50923 0.00211048 0.00211048
0.49076 0.50924 0.00209188 0.00209188
0.49107 0.50893 0.00209798 0.00209798
0.49128 0.50872 0.00212245 0.00212245
0.49136 0.50864 0.00214534 0.00214534
0.49142 0.50858 0.00212344 0.00212344
0.4907 0.5093 0.00222029 0.00222029
0.49042 0.50958 0.00224344 0.00224344
0.4906 0.5094 0.0022496 0.0022496
0.49006 0.50994 0.00230194 0.00230194
0.49091 0.50909 0.00230542 0.00230542
0.49089 0.50911 0.00227765 0.00227765
0.49046 0.50954 0.00229346 0.00229346
0.48991 0.51009 0.00228853 0.00228853
0.48951 0.51049 0.00224344 0.00224344
0.48965 0.51035 0.00229007 0.00229007
0.48976 0.51024 0.00227483 0.00227483
0.48969 0.51031 0.00223319 0.00223319
0.4895 0.5105 0.00219064 0.00219064
0.48887 0.51113 0.0021962 0.0021962
0.48938 0.51062 0.00217915 0.00217915
0.49002 0.50998 0.00213071 0.00213071
0.49071 0.50929 0.00210936 0.00210936
0.49085 0.50915 0.00210257 0.00210257
0.49051 0.50949 0.00209668 0.00209668
0.49083 0.50917 0.00209994 0.00209994
0.49072 0.50928 0.00214519 0.00214519
0.49024 0.50976 0.00218843 0.00218843
0.49014 0.50986 0.0021859 0.0021859
0.49017 0.50983 0.00219942 0.00219942
0.49039 0.50961 0.002214 0.002214
0.49082 0.50918 0.00231661 0.00231661
0.49071 0.50929 0.00231692 0.00231692
0.49089 0.50911 0.00222248 0.00222248
0.48949 0.51051 0.00226009 0.00226009
0.4897 0.5103 0.00228696 0.00228696
0.48999 0.51001 0.00236995 0.00236995
0.48924 0.51076 0.00244477 0.00244477
0.48881 0.51119 0.00239157 0.00239157
0.4894 0.5106 0.00238893 0.00238893
0.48913 0.51087 0.00237712 0.00237712
0.48872 0.51128 0.00245509 0.00245509
0.48903 0.51097 0.00241849 0.00241849
0.48926 0.51074 0.0023589 0.0023589
0.48989 0.51011 0.0023264 0.0023264
0.49034 0.50966 0.00230427 0.00230427
