0.50068 0.49932 0.000127472 0.000127472
0.50249 0.49751 0.000420353 0.000420353
0.50349 0.49651 0.000782818 0.000782818
0.50329 0.49671 0.00115443 0.00115443
0.50447 0.49553 0.00157169 0.00157169
0.5046 0.4954 0.00202917 0.00202917
0.50601 0.49399 0.00244346 0.00244346
0.5064 0.4936 0.00283428 0.00283428
0.50636 0.49364 0.0032134 0.0032134
0.50759 0.49241 0.0035394 0.0035394
0.50772 0.49228 0.00395111 0.00395111
0.50723 0.49277 0.00422935 0.00422935
0.50776 0.49224 0.00454469 0.00454469
0.50828 0.49172 0.00488259 0.00488259
0.50856 0.49144 0.00515261 0.00515261
0.50879 0.49121 0.00545999 0.00545999
0.50864 0.49136 0.00570456 0.00570456
0.50857 0.49143 0.00588479 0.00588479
0.50835 0.49165 0.00616346 0.00616346
0.50796 0.49204 0.00638305 0.00638305
0.50819 0.49181 0.00661848 0.00661848
0.50839 0.49161 0.00681129 0.00681129
0.50846 0.49154 0.00697407 0.00697407
0.50857 0.49143 0.00706665 0.00706665
0.50851 0.49149 0.00717011 0.00717011
0.50871 0.49129 0.00727516 0.00727516
0.5087 0.4913 0.00738526 0.00738526
0.50881 0.49119 0.00756484 0.00756484
0.5087 0.4913 0.00767835 0.00767835
0.50892 0.49108 0.0077863 0.0077863
0.50885 0.49115 0.00784453 0.00784453
0.50863 0.49137 0.00791327 0.00791327
0.50879 0.49121 0.0079318 0.0079318
0.50914 0.49086 0.00798115 0.00798115
0.50905 0.49095 0.00801001 0.00801001
0.50893 0.49107 0.00804071 0.00804071
0.50879 0.49121 0.00808906 0.00808906
0.50859 0.49141 0.00813709 0.00813709
0.50862 0.49138 0.00818119 0.00818119
0.50868 0.49132 0.00821632 0.00821632
0.50868 0.49132 0.0082805 0.0082805
0.50884 0.49116 0.00833115 0.00833115
0.50896 0.49104 0.00833901 0.00833901
0.50882 0.49118 0.00837025 0.00837025
0.50893 0.49107 0.00839471 0.00839471
0.50908 0.49092 0.00841133 0.00841133
0.50915 0.49085 0.00841673 0.00841673
0.50913 0.49087 0.00842751 0.00842751
0.50917 0.49083 0.00844087 0.00844087
0.50931 0.49069 0.00845731 0.00845731
0.50932 0.49068 0.00846483 0.00846483
0.50943 0.49057 0.00847865 0.00847865
0.50948 0.49052 0.00848445 0.00848445
0.50944 0.49056 0.00849431 0.00849431
0.5094 0.4906 0.00850628 0.00850628
0.50934 0.49066 0.00852928 0.00852928
0.50952 0.49048 0.00855977 0.00855977
0.50955 0.49045 0.00857308 0.00857308
0.50969 0.49031 0.00857323 0.00857323
0.50968 0.49032 0.00860479 0.00860479
0.50965 0.49035 0.00860882 0.00860882
0.50968 0.49032 0.00860351 0.00860351
0.50978 0.49022 0.00861209 0.00861209
0.50985 0.49015 0.00861665 0.00861665
0.5099 0.4901 0.00862607 0.00862607
0.50995 0.49005 0.00865124 0.00865124
0.51001 0.48999 0.00865458 0.00865458
0.51014 0.48986 0.00866853 0.00866853
0.51012 0.48988 0.00867645 0.00867645
0.51009 0.48991 0.00869111 0.00869111
0.51026 0.48974 0.00871118 0.00871118
0.51034 0.48966 0.00871627 0.00871627
0.51018 0.48982 0.00870587 0.00870587
0.51023 0.48977 0.00871798 0.00871798
0.51034 0.48966 0.0087239 0.0087239
0.5103 0.4897 0.00872403 0.00872403
0.51024 0.48976 0.00871441 0.00871441
0.51025 0.48975 0.00873621 0.00873621
0.51031 0.48969 0.00874401 0.00874401
0.51028 0.48972 0.00874933 0.00874933
0.51028 0.48972 0.00874051 0.00874051
0.51023 0.48977 0.00875743 0.00875743
0.51024 0.48976 0.00878037 0.00878037
0.51038 0.48962 0.00879444 0.00879444
0.51047 0.48953 0.00878958 0.00878958
0.51055 0.48945 0.00878708 0.00878708
0.5105 0.4895 0.00880807 0.00880807
0.5106 0.4894 0.00881917 0.00881917
0.51059 0.48941 0.00885184 0.00885184
0.51059 0.48941 0.00886212 0.00886212
0.51057 0.48943 0.00886425 0.00886425
0.51055 0.48945 0.00885799 0.00885799
0.51054 0.48946 0.00885803 0.00885803
0.51057 0.48943 0.00885683 0.00885683
0.51052 0.48948 0.00887389 0.00887389
0.51042 0.48958 0.00888091 0.00888091
0.5104 0.4896 0.00888937 0.00888937
0.51047 0.48953 0.00887694 0.00887694
0.51056 0.48944 0.00889712 0.00889712
0.51059 0.48941 0.00890392 0.00890392
0.51059 0.48941 0.00891493 0.00891493
0.51063 0.48937 0.00892931 0.00892931
0.5106 0.4894 0.00894265 0.00894265
0.5106 0.4894 0.00895236 0.00895236
0.51053 0.48947 0.00896106 0.00896106
0.51051 0.48949 0.00896607 0.00896607
0.51052 0.48948 0.00897181 0.00897181
0.51059 0.48941 0.00898196 0.00898196
0.51054 0.48946 0.00897415 0.00897415
0.51056 0.48944 0.00898219 0.00898219
0.51052 0.48948 0.00899845 0.00899845
0.51048 0.48952 0.00900272 0.00900272
0.51046 0.48954 0.00900742 0.00900742
0.51047 0.48953 0.00900777 0.00900777
0.51048 0.48952 0.00901441 0.00901441
0.51051 0.48949 0.00901829 0.00901829
0.51052 0.48948 0.00901995 0.00901995
0.51062 0.48938 0.00903185 0.00903185
0.51063 0.48937 0.00903692 0.00903692
0.51065 0.48935 0.00904286 0.00904286
0.51063 0.48937 0.00904696 0.00904696
0.51066 0.48934 0.00904366 0.00904366
0.51058 0.48942 0.00904831 0.00904831
0.51058 0.48942 0.00904475 0.00904475
0.51056 0.48944 0.00904255 0.00904255
0.51056 0.48944 0.00904296 0.00904296
0.51052 0.48948 0.00905783 0.00905783
0.51048 0.48952 0.00906579 0.00906579
0.51045 0.48955 0.009069 0.009069
0.51043 0.48957 0.00908063 0.00908063
0.51046 0.48954 0.00908704 0.00908704
0.51041 0.48959 0.00909249 0.00909249
0.51038 0.48962 0.0090984 0.0090984
0.5104 0.4896 0.00910152 0.00910152
0.51045 0.48955 0.00909873 0.00909873
0.51046 0.48954 0.00910063 0.00910063
0.51043 0.48957 0.00909712 0.00909712
0.51035 0.48965 0.00910659 0.00910659
0.51039 0.48961 0.00910301 0.00910301
0.51039 0.48961 0.00910614 0.00910614
0.51041 0.48959 0.00911057 0.00911057
0.51044 0.48956 0.00911217 0.00911217
0.51039 0.48961 0.00911824 0.00911824
0.51036 0.48964 0.00913138 0.00913138
0.51037 0.48963 0.00913591 0.00913591
0.51042 0.48958 0.00914289 0.00914289
0.51043 0.48957 0.00913784 0.00913784
0.51042 0.48958 0.00913471 0.00913471
0.5104 0.4896 0.00912935 0.00912935
0.51035 0.48965 0.00914221 0.00914221
0.51031 0.48969 0.00913597 0.00913597
0.51033 0.48967 0.00913689 0.00913689
0.51031 0.48969 0.00913826 0.00913826
0.51027 0.48973 0.00913626 0.00913626
0.51023 0.48977 0.00913606 0.00913606
0.51024 0.48976 0.00914558 0.00914558
0.51018 0.48982 0.00914053 0.00914053
0.51018 0.48982 0.00913544 0.00913544
0.51012 0.48988 0.00914231 0.00914231
0.51013 0.48987 0.00914549 0.00914549
0.51011 0.48989 0.0091439 0.0091439
0.51013 0.48987 0.00914393 0.00914393
0.51014 0.48986 0.00914853 0.00914853
0.51012 0.48988 0.00915491 0.00915491
0.51008 0.48992 0.00915504 0.00915504
0.51006 0.48994 0.0091484 0.0091484
0.51003 0.48997 0.00914647 0.00914647
0.51002 0.48998 0.00913529 0.00913529
0.51004 0.48996 0.00913919 0.00913919
0.51003 0.48997 0.00913894 0.00913894
0.51003 0.48997 0.0091386 0.0091386
0.51002 0.48998 0.00914634 0.00914634
0.51004 0.48996 0.00914093 0.00914093
0.51003 0.48997 0.00914076 0.00914076
0.50999 0.49001 0.00913862 0.00913862
0.50998 0.49002 0.00912915 0.00912915
0.50996 0.49004 0.00913361 0.00913361
0.50995 0.49005 0.0091315 0.0091315
0.50997 0.49003 0.0091331 0.0091331
0.50998 0.49002 0.00913689 0.00913689
0.50994 0.49006 0.00912951 0.00912951
0.50994 0.49006 0.00912543 0.00912543
0.50995 0.49005 0.00912324 0.00912324
0.50995 0.49005 0.00911857 0.00911857
0.50994 0.49006 0.00911622 0.00911622
0.50991 0.49009 0.00911067 0.00911067
0.50989 0.49011 0.00910844 0.00910844
0.50995 0.49005 0.00910118 0.00910118
0.50998 0.49002 0.00909452 0.00909452
0.50998 0.49002 0.00908586 0.00908586
0.50998 0.49002 0.00908162 0.00908162
0.50996 0.49004 0.00908204 0.00908204
0.50996 0.49004 0.0090861 0.0090861
0.50994 0.49006 0.00908412 0.00908412
0.50996 0.49004 0.0090878 0.0090878
0.50996 0.49004 0.00908333 0.00908333
0.50999 0.49001 0.00908078 0.00908078
0.50996 0.49004 0.00908351 0.00908351
0.50992 0.49008 0.00907559 0.00907559
0.5099 0.4901 0.00907203 0.00907203
0.50989 0.49011 0.00907222 0.00907222
0.5099 0.4901 0.00907607 0.00907607
0.50987 0.49013 0.00908282 0.00908282
0.50986 0.49014 0.00908503 0.00908503
0.50987 0.49013 0.00908258 0.00908258
0.5099 0.4901 0.00907761 0.00907761
0.50987 0.49013 0.00907593 0.00907593
0.50987 0.49013 0.00907587 0.00907587
0.50987 0.49013 0.00906969 0.00906969
0.50989 0.49011 0.00906723 0.00906723
0.50987 0.49013 0.00906745 0.00906745
0.50988 0.49012 0.00907126 0.00907126
0.5099 0.4901 0.00907086 0.00907086
0.50988 0.49012 0.00908132 0.00908132
0.50982 0.49018 0.00907847 0.00907847
0.50983 0.49017 0.00907824 0.00907824
0.50985 0.49015 0.00908397 0.00908397
0.50982 0.49018 0.00908037 0.00908037
0.50984 0.49016 0.00907985 0.00907985
0.50987 0.49013 0.00908531 0.00908531
0.50985 0.49015 0.00908554 0.00908554
0.50983 0.49017 0.0090879 0.0090879
0.50986 0.49014 0.00908105 0.00908105
0.50983 0.49017 0.00908162 0.00908162
0.50984 0.49016 0.00908545 0.00908545
0.50984 0.49016 0.00908333 0.00908333
0.50988 0.49012 0.00908049 0.00908049
0.5099 0.4901 0.00908213 0.00908213
0.50988 0.49012 0.00908045 0.00908045
0.50988 0.49012 0.00908045 0.00908045
0.50989 0.49011 0.00907824 0.00907824
0.5099 0.4901 0.00907199 0.00907199
0.50994 0.49006 0.00906915 0.00906915
0.50995 0.49005 0.00906484 0.00906484
0.50997 0.49003 0.00905833 0.00905833
0.50993 0.49007 0.0090571 0.0090571
0.50993 0.49007 0.00905508 0.00905508
0.50991 0.49009 0.00905754 0.00905754
0.50988 0.49012 0.00906013 0.00906013
0.50989 0.49011 0.00905588 0.00905588
0.50991 0.49009 0.00905954 0.00905954
0.50987 0.49013 0.00906232 0.00906232
0.50986 0.49014 0.00906251 0.00906251
0.50986 0.49014 0.00906461 0.00906461
0.50986 0.49014 0.00906661 0.00906661
0.50987 0.49013 0.00906642 0.00906642
0.50987 0.49013 0.00906642 0.00906642
0.50989 0.49011 0.00906198 0.00906198
0.5099 0.4901 0.00906585 0.00906585
0.50989 0.49011 0.00906602 0.00906602
0.5099 0.4901 0.00906577 0.00906577
0.50988 0.49012 0.00906413 0.00906413
0.50988 0.49012 0.00906007 0.00906007
0.50989 0.49011 0.00905572 0.00905572
0.50991 0.49009 0.00905532 0.00905532
0.5099 0.4901 0.00905757 0.00905757
0.50988 0.49012 0.00905388 0.00905388
0.50989 0.49011 0.00904751 0.00904751
0.50989 0.49011 0.00904751 0.00904751
0.50989 0.49011 0.00904755 0.00904755
0.5099 0.4901 0.00904534 0.00904534
0.50992 0.49008 0.00903878 0.00903878
0.50993 0.49007 0.00903861 0.00903861
0.5099 0.4901 0.0090392 0.0090392
0.5099 0.4901 0.00903918 0.00903918
0.50988 0.49012 0.00903758 0.00903758
0.50991 0.49009 0.00903697 0.00903697
0.50991 0.49009 0.00904107 0.00904107
0.50991 0.49009 0.00904717 0.00904717
0.50988 0.49012 0.00904376 0.00904376
0.50989 0.49011 0.00904769 0.00904769
0.50989 0.49011 0.00904772 0.00904772
0.50985 0.49015 0.00904249 0.00904249
0.50985 0.49015 0.00904251 0.00904251
0.50986 0.49014 0.0090402 0.0090402
0.5099 0.4901 0.00903736 0.00903736
0.50989 0.49011 0.00904561 0.00904561
0.50987 0.49013 0.00904801 0.00904801
0.50986 0.49014 0.00904822 0.00904822
0.50984 0.49016 0.00904866 0.00904866
0.50981 0.49019 0.00904719 0.00904719
0.50981 0.49019 0.00904113 0.00904113
0.50984 0.49016 0.00903842 0.00903842
0.50984 0.49016 0.00903642 0.00903642
0.50981 0.49019 0.00903706 0.00903706
0.50985 0.49015 0.00903633 0.00903633
0.50985 0.49015 0.00903429 0.00903429
0.50985 0.49015 0.00903633 0.00903633
0.50984 0.49016 0.0090345 0.0090345
0.50987 0.49013 0.00903595 0.00903595
0.50988 0.49012 0.00903776 0.00903776
0.50986 0.49014 0.00904022 0.00904022
0.50992 0.49008 0.0090369 0.0090369
0.50993 0.49007 0.00903463 0.00903463
0.50989 0.49011 0.00903345 0.00903345
0.50988 0.49012 0.00903974 0.00903974
0.50983 0.49017 0.00904481 0.00904481
0.50982 0.49018 0.009047 0.009047
0.5098 0.4902 0.00904525 0.00904525
0.50981 0.49019 0.00904306 0.00904306
0.50978 0.49022 0.00904575 0.00904575
0.50979 0.49021 0.00904144 0.00904144
0.50981 0.49019 0.00903896 0.00903896
0.5098 0.4902 0.00904127 0.00904127
0.50982 0.49018 0.00904086 0.00904086
0.50978 0.49022 0.00903767 0.00903767
0.50976 0.49024 0.00903802 0.00903802
0.50978 0.49022 0.00903963 0.00903963
0.50978 0.49022 0.00903963 0.00903963
0.50979 0.49021 0.00903742 0.00903742
0.5098 0.4902 0.00903717 0.00903717
0.50978 0.49022 0.00903557 0.00903557
0.50979 0.49021 0.00903738 0.00903738
0.50983 0.49017 0.00904065 0.00904065
0.50982 0.49018 0.00904084 0.00904084
0.50979 0.49021 0.00904764 0.00904764
0.50977 0.49023 0.00904804 0.00904804
0.50978 0.49022 0.00904785 0.00904785
0.50981 0.49019 0.00905129 0.00905129
0.5098 0.4902 0.00905149 0.00905149
0.50979 0.49021 0.00904972 0.00904972
0.50979 0.49021 0.00904972 0.00904972
0.50978 0.49022 0.00904791 0.00904791
0.50978 0.49022 0.00904795 0.00904795
0.50979 0.49021 0.00904974 0.00904974
0.50979 0.49021 0.00904566 0.00904566
0.50978 0.49022 0.00904997 0.00904997
0.50976 0.49024 0.00905037 0.00905037
0.50975 0.49025 0.00904851 0.00904851
0.50978 0.49022 0.00905399 0.00905399
0.50979 0.49021 0.00905986 0.00905986
0.50979 0.49021 0.00905988 0.00905988
0.5098 0.4902 0.00905968 0.00905968
0.50981 0.49019 0.00905949 0.00905949
0.50981 0.49019 0.00906343 0.00906343
0.5098 0.4902 0.00905756 0.00905756
0.5098 0.4902 0.00905141 0.00905141
0.5098 0.4902 0.00904941 0.00904941
0.50983 0.49017 0.00905697 0.00905697
0.50985 0.49015 0.00905453 0.00905453
0.50986 0.49014 0.00905434 0.00905434
0.50986 0.49014 0.00905642 0.00905642
0.50985 0.49015 0.00905871 0.00905871
0.50981 0.49019 0.00906759 0.00906759
0.50984 0.49016 0.00906296 0.00906296
0.50986 0.49014 0.00906665 0.00906665
0.50983 0.49017 0.00906115 0.00906115
0.50981 0.49019 0.00906971 0.00906971
0.50979 0.49021 0.00907415 0.00907415
0.50979 0.49021 0.00908025 0.00908025
0.50976 0.49024 0.00907887 0.00907887
0.50975 0.49025 0.00907902 0.00907902
0.50972 0.49028 0.0090735 0.0090735
0.50971 0.49029 0.00907568 0.00907568
0.50972 0.49028 0.00908156 0.00908156
0.5097 0.4903 0.00907791 0.00907791
0.50972 0.49028 0.0090755 0.0090755
0.50973 0.49027 0.00907323 0.00907323
0.50973 0.49027 0.00907323 0.00907323
0.50973 0.49027 0.00907527 0.00907527
0.50972 0.49028 0.0090734 0.0090734
0.50973 0.49027 0.00907323 0.00907323
0.50974 0.49026 0.00907102 0.00907102
0.50974 0.49026 0.00907094 0.00907094
0.50976 0.49024 0.00906441 0.00906441
0.50978 0.49022 0.00906597 0.00906597
0.50979 0.49021 0.00905768 0.00905768
0.50977 0.49023 0.009054 0.009054
0.50978 0.49022 0.00905583 0.00905583
0.50977 0.49023 0.00905808 0.00905808
0.50976 0.49024 0.00905214 0.00905214
0.50974 0.49026 0.00905258 0.00905258
0.50976 0.49024 0.00905012 0.00905012
0.50978 0.49022 0.00905579 0.00905579
0.50982 0.49018 0.00905494 0.00905494
0.50983 0.49017 0.00905881 0.00905881
0.50979 0.49021 0.00906366 0.00906366
0.50981 0.49019 0.00906537 0.00906537
0.50982 0.49018 0.00906924 0.00906924
0.50983 0.49017 0.00906901 0.00906901
0.50985 0.49015 0.00906457 0.00906457
0.50984 0.49016 0.0090668 0.0090668
0.50982 0.49018 0.00906716 0.00906716
0.50984 0.49016 0.0090668 0.0090668
0.50983 0.49017 0.00906497 0.00906497
0.50982 0.49018 0.00906112 0.00906112
0.50982 0.49018 0.00906118 0.00906118
0.5098 0.4902 0.00906364 0.00906364
0.50982 0.49018 0.00906326 0.00906326
0.50982 0.49018 0.00906328 0.00906328
0.50982 0.49018 0.00905918 0.00905918
0.50983 0.49017 0.00905691 0.00905691
0.50983 0.49017 0.00905691 0.00905691
0.50984 0.49016 0.00905464 0.00905464
0.50982 0.49018 0.00905102 0.00905102
0.50979 0.49021 0.00904552 0.00904552
0.50979 0.49021 0.00903946 0.00903946
0.50981 0.49019 0.00903698 0.00903698
0.50982 0.49018 0.00903473 0.00903473
0.50985 0.49015 0.00903411 0.00903411
0.50984 0.49016 0.00903638 0.00903638
0.50983 0.49017 0.00903859 0.00903859
0.50983 0.49017 0.00904267 0.00904267
0.50985 0.49015 0.00904435 0.00904435
0.50984 0.49016 0.0090548 0.0090548
0.50983 0.49017 0.00904893 0.00904893
0.50988 0.49012 0.00904995 0.00904995
0.50989 0.49011 0.00905374 0.00905374
0.50989 0.49011 0.00905978 0.00905978
0.50989 0.49011 0.00906184 0.00906184
0.50994 0.49006 0.00906087 0.00906087
0.50994 0.49006 0.00905884 0.00905884
0.50996 0.49004 0.00905842 0.00905842
0.50999 0.49001 0.00905987 0.00905987
0.50997 0.49003 0.00905819 0.00905819
0.50995 0.49005 0.00906071 0.00906071
0.50995 0.49005 0.00906069 0.00906069
0.50992 0.49008 0.00905929 0.00905929
0.50989 0.49011 0.00905996 0.00905996
0.50988 0.49012 0.00905605 0.00905605
0.50989 0.49011 0.00905182 0.00905182
0.50991 0.49009 0.00904729 0.00904729
0.50988 0.49012 0.00904992 0.00904992
0.50987 0.49013 0.00904609 0.00904609
0.50988 0.49012 0.00904595 0.00904595
0.50987 0.49013 0.00904815 0.00904815
0.5099 0.4901 0.00904965 0.00904965
0.50989 0.49011 0.00904576 0.00904576
0.50991 0.49009 0.00904127 0.00904127
0.50989 0.49011 0.00903961 0.00903961
0.50988 0.49012 0.00903984 0.00903984
0.50988 0.49012 0.00904601 0.00904601
0.5099 0.4901 0.00904351 0.00904351
0.50987 0.49013 0.00904207 0.00904207
0.50988 0.49012 0.00903978 0.00903978
0.50986 0.49014 0.00904022 0.00904022
0.50988 0.49012 0.00903982 0.00903982
0.50989 0.49011 0.00903555 0.00903555
0.50988 0.49012 0.00903168 0.00903168
0.5099 0.4901 0.00903126 0.00903126
0.5099 0.4901 0.00902724 0.00902724
0.50992 0.49008 0.00903088 0.00903088
0.50994 0.49006 0.00903248 0.00903248
0.50996 0.49004 0.00903414 0.00903414
0.50996 0.49004 0.0090321 0.0090321
0.50998 0.49002 0.00902968 0.00902968
0.50997 0.49003 0.00902785 0.00902785
0.50995 0.49005 0.00903025 0.00903025
0.50995 0.49005 0.00902615 0.00902615
0.50993 0.49007 0.00902655 0.00902655
0.50992 0.49008 0.00902672 0.00902672
0.50989 0.49011 0.00903539 0.00903539
0.50989 0.49011 0.00903949 0.00903949
0.50988 0.49012 0.00903768 0.00903768
0.50985 0.49015 0.00903623 0.00903623
0.50986 0.49014 0.00903806 0.00903806
0.50985 0.49015 0.00904027 0.00904027
0.50982 0.49018 0.00904496 0.00904496
0.50985 0.49015 0.00904031 0.00904031
0.50985 0.49015 0.00904031 0.00904031
0.50982 0.49018 0.00904088 0.00904088
0.50985 0.49015 0.00904233 0.00904233
0.50983 0.49017 0.00903867 0.00903867
0.50982 0.49018 0.00903686 0.00903686
0.50982 0.49018 0.00903682 0.00903682
0.50985 0.49015 0.00904233 0.00904233
0.50986 0.49014 0.00904416 0.00904416
0.50984 0.49016 0.00904658 0.00904658
0.50982 0.49018 0.0090511 0.0090511
0.50982 0.49018 0.00905314 0.00905314
0.50981 0.49019 0.00906149 0.00906149
0.50984 0.49016 0.00905476 0.00905476
0.50985 0.49015 0.00905051 0.00905051
0.50985 0.49015 0.00905051 0.00905051
0.50985 0.49015 0.00905249 0.00905249
0.50984 0.49016 0.00905882 0.00905882
0.50985 0.49015 0.00905863 0.00905863
0.50985 0.49015 0.00905869 0.00905869
0.50981 0.49019 0.00906163 0.00906163
0.50981 0.49019 0.00905751 0.00905751
0.5098 0.4902 0.00905564 0.00905564
0.5098 0.4902 0.00905768 0.00905768
0.50978 0.49022 0.00905599 0.00905599
0.5098 0.4902 0.00904552 0.00904552
0.50979 0.49021 0.0090396 0.0090396
0.50979 0.49021 0.0090396 0.0090396
0.50984 0.49016 0.00903654 0.00903654
0.50984 0.49016 0.0090386 0.0090386
0.50981 0.49019 0.00904923 0.00904923
0.50981 0.49019 0.00904319 0.00904319
0.5098 0.4902 0.00904547 0.00904547
0.50982 0.49018 0.00905108 0.00905108
0.50983 0.49017 0.00904879 0.00904879
0.50981 0.49019 0.00904921 0.00904921
0.50979 0.49021 0.00904554 0.00904554
0.5098 0.4902 0.00904337 0.00904337
0.50982 0.49018 0.00904292 0.00904292
0.50984 0.49016 0.00904454 0.00904454
0.50984 0.49016 0.0090405 0.0090405
0.50985 0.49015 0.00903825 0.00903825
