0.49993 0.50007 2.65102e-05 2.65102e-05
0.50053 0.49947 4.30395e-05 4.30395e-05
0.5002 0.4998 5.68283e-05 5.68283e-05
0.50087 0.49913 7.86395e-05 7.86395e-05
0.49987 0.50013 0.000106943 0.000106943
0.49987 0.50013 0.00011373 0.00011373
0.49935 0.50065 0.000149947 0.000149947
0.49934 0.50066 0.000160186 0.000160186
0.4995 0.5005 0.000161929 0.000161929
0.50014 0.49986 0.000154223 0.000154223
0.49985 0.50015 0.000156694 0.000156694
0.4998 0.5002 0.000168061 0.000168061
0.49963 0.50037 0.000174882 0.000174882
0.50002 0.49998 0.000161858 0.000161858
0.49921 0.50079 0.000170875 0.000170875
0.49987 0.50013 0.000153831 0.000153831
0.49959 0.50041 0.000173376 0.000173376
0.49977 0.50023 0.000193876 0.000193876
0.49951 0.50049 0.000196879 0.000196879
0.49926 0.50074 0.000210861 0.000210861
0.49915 0.50085 0.000233806 0.000233806
0.49879 0.50121 0.000258996 0.000258996
0.49857 0.50143 0.000238874 0.000238874
0.49783 0.50217 0.000215738 0.000215738
0.4984 0.5016 0.000204121 0.000204121
0.49883 0.50117 0.000226405 0.000226405
0.4983 0.5017 0.000254495 0.000254495
0.49822 0.50178 0.000267446 0.000267446
0.49764 0.50236 0.000292213 0.000292213
0.49751 0.50249 0.000265889 0.000265889
0.49786 0.50214 0.000270061 0.000270061
0.49876 0.50124 0.000275033 0.000275033
0.49906 0.50094 0.000285269 0.000285269
0.4984 0.5016 0.000284707 0.000284707
0.49851 0.50149 0.000288374 0.000288374
0.49857 0.50143 0.000280995 0.000280995
0.49926 0.50074 0.000290376 0.000290376
0.49914 0.50086 0.000287031 0.000287031
0.49917 0.50083 0.000271132 0.000271132
0.49964 0.50036 0.00024494 0.00024494
0.49943 0.50057 0.000251561 0.000251561
0.4997 0.5003 0.000264535 0.000264535
0.49988 0.50012 0.000267097 0.000267097
0.50055 0.49945 0.000291866 0.000291866
0.50074 0.49926 0.000288255 0.000288255
0.50089 0.49911 0.00028024 0.00028024
0.50187 0.49813 0.000302296 0.000302296
0.50154 0.49846 0.000293443 0.000293443
0.50088 0.49912 0.000256551 0.000256551
0.50025 0.49975 0.000296331 0.000296331
0.50025 0.49975 0.000298674 0.000298674
0.49997 0.50003 0.000292938 0.000292938
0.50019 0.49981 0.000279085 0.000279085
0.50021 0.49979 0.000277501 0.000277501
0.49986 0.50014 0.000281091 0.000281091
0.49987 0.50013 0.00028468 0.00028468
0.50018 0.49982 0.00028128 0.00028128
0.50061 0.49939 0.00030319 0.00030319
0.50077 0.49923 0.000289452 0.000289452
0.4999 0.5001 0.000297929 0.000297929
0.50001 0.49999 0.000287667 0.000287667
0.50001 0.49999 0.000293101 0.000293101
0.50056 0.49944 0.00029732 0.00029732
0.50001 0.49999 0.000312677 0.000312677
0.50096 0.49904 0.000303514 0.000303514
0.50019 0.49981 0.000312216 0.000312216
0.50096 0.49904 0.000298241 0.000298241
0.50034 0.49966 0.000317055 0.000317055
0.49973 0.50027 0.000300906 0.000300906
0.50044 0.49956 0.000292087 0.000292087
0.50012 0.49988 0.000296955 0.000296955
0.50079 0.49921 0.000278875 0.000278875
0.50047 0.49953 0.000295726 0.000295726
0.50011 0.49989 0.000300402 0.000300402
0.50044 0.49956 0.00029639 0.00029639
0.50035 0.49965 0.000281361 0.000281361
0.50072 0.49928 0.000290769 0.000290769
0.50025 0.49975 0.000288351 0.000288351
0.49982 0.50018 0.000302695 0.000302695
0.50053 0.49947 0.000313181 0.000313181
0.50025 0.49975 0.000307947 0.000307947
0.49923 0.50077 0.000308138 0.000308138
0.49903 0.50097 0.000314454 0.000314454
0.49846 0.50154 0.000285827 0.000285827
0.49836 0.50164 0.000297263 0.000297263
0.4976 0.5024 0.000334808 0.000334808
0.4976 0.5024 0.000349616 0.000349616
0.49833 0.50167 0.000337678 0.000337678
0.49854 0.50146 0.000328493 0.000328493
0.4981 0.5019 0.000328596 0.000328596
0.49879 0.50121 0.000338168 0.000338168
0.49939 0.50061 0.000308119 0.000308119
0.499 0.501 0.000310465 0.000310465
0.49939 0.50061 0.000347392 0.000347392
0.49936 0.50064 0.000327445 0.000327445
0.49949 0.50051 0.000337283 0.000337283
0.4993 0.5007 0.000336313 0.000336313
0.49888 0.50112 0.000362612 0.000362612
0.49883 0.50117 0.000344143 0.000344143
0.49831 0.50169 0.000323024 0.000323024
0.49796 0.50204 0.000353029 0.000353029
0.49778 0.50222 0.00034183 0.00034183
0.49694 0.50306 0.000326441 0.000326441
0.49755 0.50245 0.000309947 0.000309947
0.49836 0.50164 0.000328778 0.000328778
0.49837 0.50163 0.000334902 0.000334902
0.4993 0.5007 0.000341465 0.000341465
0.4994 0.5006 0.000366384 0.000366384
0.49848 0.50152 0.000369828 0.000369828
0.49861 0.50139 0.000352079 0.000352079
0.49864 0.50136 0.000364879 0.000364879
0.49818 0.50182 0.000382412 0.000382412
0.49839 0.50161 0.000361271 0.000361271
0.49822 0.50178 0.00034181 0.00034181
0.49802 0.50198 0.000370323 0.000370323
0.49794 0.50206 0.000369512 0.000369512
0.49846 0.50154 0.000368877 0.000368877
0.4987 0.5013 0.000354374 0.000354374
0.49817 0.50183 0.000337233 0.000337233
0.49687 0.50313 0.000348619 0.000348619
0.49658 0.50342 0.000334569 0.000334569
0.49717 0.50283 0.000315132 0.000315132
0.49677 0.50323 0.000320623 0.000320623
0.4977 0.5023 0.000332152 0.000332152
0.4975 0.5025 0.000342677 0.000342677
0.49728 0.50272 0.000351295 0.000351295
0.49799 0.50201 0.000354677 0.000354677
0.49864 0.50136 0.000357606 0.000357606
0.49854 0.50146 0.000332594 0.000332594
0.49728 0.50272 0.000349456 0.000349456
0.49795 0.50205 0.000341745 0.000341745
0.49851 0.50149 0.000360535 0.000360535
0.49876 0.50124 0.000337033 0.000337033
0.4986 0.5014 0.000350788 0.000350788
0.49808 0.50192 0.000358761 0.000358761
0.49766 0.50234 0.000347439 0.000347439
0.49792 0.50208 0.000343691 0.000343691
0.4982 0.5018 0.00035699 0.00035699
0.49774 0.50226 0.000350558 0.000350558
0.49775 0.50225 0.000347139 0.000347139
0.49819 0.50181 0.000348782 0.000348782
0.49803 0.50197 0.000326191 0.000326191
0.49844 0.50156 0.000331663 0.000331663
0.49836 0.50164 0.000341081 0.000341081
0.4989 0.5011 0.000364657 0.000364657
0.49879 0.50121 0.000361461 0.000361461
0.49869 0.50131 0.000370135 0.000370135
0.49922 0.50078 0.000344113 0.000344113
0.49996 0.50004 0.000349312 0.000349312
0.49918 0.50082 0.000357179 0.000357179
0.49907 0.50093 0.000331743 0.000331743
0.49858 0.50142 0.000316792 0.000316792
0.49856 0.50144 0.000320128 0.000320128
0.49922 0.50078 0.000324618 0.000324618
0.49932 0.50068 0.000344907 0.000344907
0.49989 0.50011 0.000346483 0.000346483
0.49915 0.50085 0.000343563 0.000343563
0.49926 0.50074 0.00037773 0.00037773
0.49923 0.50077 0.000374442 0.000374442
0.49911 0.50089 0.000396624 0.000396624
0.49936 0.50064 0.00040399 0.00040399
0.49948 0.50052 0.000418252 0.000418252
0.49947 0.50053 0.000404837 0.000404837
0.49901 0.50099 0.000389242 0.000389242
0.49889 0.50111 0.000353432 0.000353432
0.49898 0.50102 0.000340444 0.000340444
0.49871 0.50129 0.000344147 0.000344147
0.49992 0.50008 0.000374357 0.000374357
0.50061 0.49939 0.000372826 0.000372826
0.50038 0.49962 0.000352743 0.000352743
0.49969 0.50031 0.000338883 0.000338883
0.49971 0.50029 0.000313036 0.000313036
0.49961 0.50039 0.000331089 0.000331089
0.50053 0.49947 0.000322575 0.000322575
0.4999 0.5001 0.000353646 0.000353646
0.4994 0.5006 0.000333737 0.000333737
0.49927 0.50073 0.000303189 0.000303189
0.49916 0.50084 0.000304257 0.000304257
0.49892 0.50108 0.000307852 0.000307852
0.4983 0.5017 0.000314535 0.000314535
0.49825 0.50175 0.000317422 0.000317422
0.49856 0.50144 0.000335663 0.000335663
0.49907 0.50093 0.00035053 0.00035053
0.49886 0.50114 0.000347758 0.000347758
0.4994 0.5006 0.000347859 0.000347859
0.49894 0.50106 0.000334077 0.000334077
0.49883 0.50117 0.000328749 0.000328749
0.49926 0.50074 0.000343164 0.000343164
0.49878 0.50122 0.000357244 0.000357244
0.49842 0.50158 0.000349983 0.000349983
0.49731 0.50269 0.000345085 0.000345085
0.49779 0.50221 0.00033045 0.00033045
0.49733 0.50267 0.000337355 0.000337355
0.49807 0.50193 0.000355884 0.000355884
0.49972 0.50028 0.000386123 0.000386123
0.49987 0.50013 0.000367549 0.000367549
0.50035 0.49965 0.000353765 0.000353765
0.49972 0.50028 0.000356305 0.000356305
0.4989 0.5011 0.000344455 0.000344455
0.49856 0.50144 0.000353461 0.000353461
0.49864 0.50136 0.000331364 0.000331364
0.49861 0.50139 0.000377574 0.000377574
0.49939 0.50061 0.000401978 0.000401978
0.49942 0.50058 0.000385559 0.000385559
0.49924 0.50076 0.000371497 0.000371497
0.49931 0.50069 0.000357691 0.000357691
0.49991 0.50009 0.000359012 0.000359012
0.50007 0.49993 0.000336025 0.000336025
0.49953 0.50047 0.00033908 0.00033908
0.4993 0.5007 0.000318515 0.000318515
0.49838 0.50162 0.000330581 0.000330581
0.49873 0.50127 0.000322745 0.000322745
0.49967 0.50033 0.00029491 0.00029491
0.4996 0.5004 0.000334061 0.000334061
0.49977 0.50023 0.000358058 0.000358058
0.49927 0.50073 0.000379027 0.000379027
0.49885 0.50115 0.000380977 0.000380977
0.4988 0.5012 0.000420727 0.000420727
0.49778 0.50222 0.000406699 0.000406699
0.49777 0.50223 0.00040733 0.00040733
0.49874 0.50126 0.000406336 0.000406336
0.49987 0.50013 0.000388761 0.000388761
0.50038 0.49962 0.000367147 0.000367147
0.50067 0.49933 0.000384971 0.000384971
0.50048 0.49952 0.000372979 0.000372979
0.50066 0.49934 0.000371378 0.000371378
0.50121 0.49879 0.000349279 0.000349279
0.50027 0.49973 0.000350058 0.000350058
0.50002 0.49998 0.000338343 0.000338343
0.5004 0.4996 0.000330646 0.000330646
0.50068 0.49932 0.000341392 0.000341392
0.50023 0.49977 0.000319411 0.000319411
0.49999 0.50001 0.000337303 0.000337303
0.50048 0.49952 0.000356575 0.000356575
0.50017 0.49983 0.000345981 0.000345981
0.49954 0.50046 0.000328231 0.000328231
0.49927 0.50073 0.00034131 0.00034131
0.49912 0.50088 0.000360693 0.000360693
0.49885 0.50115 0.000369624 0.000369624
0.49873 0.50127 0.000389472 0.000389472
0.49919 0.50081 0.000365751 0.000365751
0.49902 0.50098 0.000398868 0.000398868
0.49922 0.50078 0.000395911 0.000395911
0.49838 0.50162 0.000395006 0.000395006
0.49826 0.50174 0.000390376 0.000390376
0.4989 0.5011 0.000396636 0.000396636
0.49851 0.50149 0.000408111 0.000408111
0.49844 0.50156 0.00042037 0.00042037
0.49901 0.50099 0.000412192 0.000412192
0.49977 0.50023 0.000381714 0.000381714
0.49978 0.50022 0.000379891 0.000379891
0.4996 0.5004 0.000408525 0.000408525
0.49945 0.50055 0.000403987 0.000403987
0.49876 0.50124 0.000427376 0.000427376
0.49888 0.50112 0.000401602 0.000401602
0.49893 0.50107 0.000412248 0.000412248
0.4987 0.5013 0.000394455 0.000394455
0.49864 0.50136 0.000408798 0.000408798
0.49935 0.50065 0.000416735 0.000416735
0.49966 0.50034 0.000423358 0.000423358
0.49994 0.50006 0.000424804 0.000424804
0.49984 0.50016 0.000416419 0.000416419
0.50035 0.49965 0.000425927 0.000425927
0.50092 0.49908 0.000413549 0.000413549
0.50094 0.49906 0.00043733 0.00043733
0.50155 0.49845 0.000412432 0.000412432
0.50125 0.49875 0.000409442 0.000409442
0.50054 0.49946 0.000406473 0.000406473
0.50106 0.49894 0.000417976 0.000417976
0.50065 0.49935 0.000398331 0.000398331
0.50138 0.49862 0.000362541 0.000362541
0.5012 0.4988 0.000360323 0.000360323
0.50129 0.49871 0.000402309 0.000402309
0.50196 0.49804 0.000412019 0.000412019
0.50244 0.49756 0.000405905 0.000405905
0.50114 0.49886 0.000396223 0.000396223
0.50039 0.49961 0.000410584 0.000410584
0.50094 0.49906 0.000384724 0.000384724
0.5007 0.4993 0.000397485 0.000397485
0.50091 0.49909 0.00038881 0.00038881
0.50101 0.49899 0.000397869 0.000397869
0.50055 0.49945 0.000390412 0.000390412
0.50078 0.49922 0.000393406 0.000393406
0.50069 0.49931 0.00040563 0.00040563
0.50054 0.49946 0.000365019 0.000365019
0.50048 0.49952 0.000369767 0.000369767
0.50036 0.49964 0.000391465 0.000391465
0.49962 0.50038 0.000383955 0.000383955
0.49935 0.50065 0.000429078 0.000429078
0.49873 0.50127 0.000406037 0.000406037
0.499 0.501 0.000409737 0.000409737
0.50017 0.49983 0.000422648 0.000422648
0.50024 0.49976 0.000430144 0.000430144
0.49977 0.50023 0.000411452 0.000411452
0.49995 0.50005 0.000395361 0.000395361
0.50031 0.49969 0.000385953 0.000385953
0.50006 0.49994 0.000356724 0.000356724
0.4992 0.5008 0.000351677 0.000351677
0.50006 0.49994 0.000384239 0.000384239
0.50038 0.49962 0.000366703 0.000366703
0.50025 0.49975 0.000381624 0.000381624
0.49921 0.50079 0.000354915 0.000354915
0.49986 0.50014 0.000330162 0.000330162
0.49985 0.50015 0.000345967 0.000345967
0.49981 0.50019 0.000340135 0.000340135
0.49987 0.50013 0.000342922 0.000342922
0.49962 0.50038 0.000357955 0.000357955
0.49995 0.50005 0.000367583 0.000367583
0.49943 0.50057 0.000360894 0.000360894
0.499 0.501 0.000350384 0.000350384
0.49936 0.50064 0.000358273 0.000358273
0.49961 0.50039 0.000332806 0.000332806
0.49909 0.50091 0.000322547 0.000322547
0.49922 0.50078 0.000314436 0.000314436
0.50011 0.49989 0.000315028 0.000315028
0.50036 0.49964 0.000338011 0.000338011
0.50051 0.49949 0.000331869 0.000331869
0.50059 0.49941 0.000303901 0.000303901
0.50031 0.49969 0.000310842 0.000310842
0.50005 0.49995 0.000328674 0.000328674
0.50035 0.49965 0.000354775 0.000354775
0.49977 0.50023 0.000377593 0.000377593
0.49997 0.50003 0.000395605 0.000395605
0.50108 0.49892 0.00037064 0.00037064
0.50048 0.49952 0.000362171 0.000362171
0.50029 0.49971 0.000385541 0.000385541
0.50003 0.49997 0.000397039 0.000397039
0.5009 0.4991 0.000396253 0.000396253
0.5013 0.4987 0.000413949 0.000413949
0.50051 0.49949 0.000373343 0.000373343
0.50058 0.49942 0.000371095 0.000371095
0.50006 0.49994 0.000349512 0.000349512
0.49995 0.50005 0.000361139 0.000361139
0.49914 0.50086 0.000345192 0.000345192
0.49927 0.50073 0.00035432 0.00035432
0.49972 0.50028 0.000380224 0.000380224
0.49938 0.50062 0.000398541 0.000398541
0.49907 0.50093 0.000463177 0.000463177
0.49873 0.50127 0.00043026 0.00043026
0.49842 0.50158 0.000442347 0.000442347
0.49895 0.50105 0.000414331 0.000414331
0.49883 0.50117 0.000412425 0.000412425
0.49882 0.50118 0.000378695 0.000378695
0.4986 0.5014 0.000353071 0.000353071
0.49883 0.50117 0.000347637 0.000347637
0.49841 0.50159 0.00031782 0.00031782
0.49842 0.50158 0.00032766 0.00032766
0.49855 0.50145 0.000332735 0.000332735
0.49871 0.50129 0.000367602 0.000367602
0.49891 0.50109 0.00038081 0.00038081
0.4997 0.5003 0.000368131 0.000368131
0.50008 0.49992 0.00034664 0.00034664
0.50016 0.49984 0.000362398 0.000362398
0.50008 0.49992 0.000370721 0.000370721
0.50016 0.49984 0.000396823 0.000396823
0.50034 0.49966 0.000413439 0.000413439
0.50005 0.49995 0.000390896 0.000390896
0.49989 0.50011 0.000390907 0.000390907
0.49983 0.50017 0.000383839 0.000383839
0.50005 0.49995 0.000399765 0.000399765
0.50042 0.49958 0.000384973 0.000384973
0.50061 0.49939 0.000377069 0.000377069
0.50015 0.49985 0.000377826 0.000377826
0.50024 0.49976 0.000383053 0.000383053
0.50068 0.49932 0.000382866 0.000382866
0.50037 0.49963 0.000374518 0.000374518
0.50009 0.49991 0.000376042 0.000376042
0.50046 0.49954 0.000375645 0.000375645
0.50034 0.49966 0.000402449 0.000402449
0.49973 0.50027 0.000373654 0.000373654
0.50016 0.49984 0.000362802 0.000362802
0.49966 0.50034 0.000375015 0.000375015
0.50022 0.49978 0.000385325 0.000385325
0.49927 0.50073 0.000386967 0.000386967
0.49858 0.50142 0.000379377 0.000379377
0.49909 0.50091 0.000366063 0.000366063
0.49886 0.50114 0.000342909 0.000342909
0.4986 0.5014 0.000308444 0.000308444
0.49857 0.50143 0.000307581 0.000307581
0.49863 0.50137 0.000332437 0.000332437
0.49829 0.50171 0.000338087 0.000338087
0.49886 0.50114 0.00037996 0.00037996
0.49815 0.50185 0.000374068 0.000374068
0.49877 0.50123 0.000376987 0.000376987
0.49892 0.50108 0.000381165 0.000381165
0.4995 0.5005 0.000391141 0.000391141
0.49972 0.50028 0.000408264 0.000408264
0.49943 0.50057 0.000413096 0.000413096
0.49957 0.50043 0.00041045 0.00041045
0.49922 0.50078 0.000395911 0.000395911
0.49925 0.50075 0.000402391 0.000402391
0.49989 0.50011 0.000444968 0.000444968
0.49982 0.50018 0.000413664 0.000413664
0.50049 0.49951 0.000418495 0.000418495
0.50091 0.49909 0.000407214 0.000407214
0.50065 0.49935 0.00039124 0.00039124
0.50094 0.49906 0.000420017 0.000420017
0.50002 0.49998 0.000415656 0.000415656
0.49969 0.50031 0.000427812 0.000427812
0.49944 0.50056 0.000429623 0.000429623
0.49936 0.50064 0.000440758 0.000440758
0.49934 0.50066 0.000414368 0.000414368
0.49892 0.50108 0.000414781 0.000414781
0.49912 0.50088 0.000382228 0.000382228
0.499 0.501 0.000391616 0.000391616
0.49939 0.50061 0.000404543 0.000404543
0.49919 0.50081 0.000380337 0.000380337
0.49905 0.50095 0.000402169 0.000402169
0.49824 0.50176 0.000427053 0.000427053
0.49864 0.50136 0.000393667 0.000393667
0.49896 0.50104 0.000410887 0.000410887
0.49911 0.50089 0.000428079 0.000428079
0.49897 0.50103 0.000415827 0.000415827
0.49913 0.50087 0.000414033 0.000414033
0.49976 0.50024 0.000439053 0.000439053
0.501 0.499 0.000497657 0.000497657
0.50089 0.49911 0.000493048 0.000493048
0.50126 0.49874 0.000463811 0.000463811
0.50143 0.49857 0.0004415 0.0004415
0.50045 0.49955 0.000478149 0.000478149
0.50004 0.49996 0.000477716 0.000477716
0.50007 0.49993 0.000464591 0.000464591
0.49968 0.50032 0.000475594 0.000475594
0.49939 0.50061 0.0004862 0.0004862
0.49986 0.50014 0.000457576 0.000457576
0.49974 0.50026 0.000482659 0.000482659
0.49893 0.50107 0.000496753 0.000496753
0.49852 0.50148 0.000455121 0.000455121
0.49851 0.50149 0.000434454 0.000434454
0.49798 0.50202 0.000422303 0.000422303
0.49754 0.50246 0.000427443 0.000427443
0.49771 0.50229 0.00040942 0.00040942
0.49781 0.50219 0.000395792 0.000395792
0.49853 0.50147 0.00038611 0.00038611
0.49872 0.50128 0.000371557 0.000371557
0.49939 0.50061 0.000379654 0.000379654
0.49903 0.50097 0.000362898 0.000362898
0.49858 0.50142 0.000372913 0.000372913
0.49938 0.50062 0.000410783 0.000410783
0.49895 0.50105 0.000434715 0.000434715
0.49887 0.50113 0.000422902 0.000422902
0.49863 0.50137 0.000420983 0.000420983
0.49937 0.50063 0.00040771 0.00040771
0.49894 0.50106 0.000427936 0.000427936
0.49911 0.50089 0.000450624 0.000450624
0.49933 0.50067 0.000458708 0.000458708
0.49979 0.50021 0.000457299 0.000457299
0.50057 0.49943 0.000443359 0.000443359
0.50034 0.49966 0.000430206 0.000430206
0.49965 0.50035 0.000446634 0.000446634
0.49838 0.50162 0.000409066 0.000409066
0.49901 0.50099 0.00041797 0.00041797
0.4988 0.5012 0.000415354 0.000415354
0.49874 0.50126 0.000391871 0.000391871
0.49767 0.50233 0.000392769 0.000392769
0.49835 0.50165 0.000373543 0.000373543
0.49837 0.50163 0.000351124 0.000351124
0.49829 0.50171 0.000352147 0.000352147
0.49813 0.50187 0.00033666 0.00033666
0.49819 0.50181 0.000336964 0.000336964
0.49788 0.50212 0.000371985 0.000371985
0.4979 0.5021 0.000375485 0.000375485
0.49737 0.50263 0.000341084 0.000341084
0.49784 0.50216 0.000334297 0.000334297
0.49797 0.50203 0.000326191 0.000326191
0.49841 0.50159 0.000351174 0.000351174
0.4977 0.5023 0.000351707 0.000351707
0.49797 0.50203 0.000372231 0.000372231
0.49818 0.50182 0.000386189 0.000386189
0.4994 0.5006 0.000402323 0.000402323
0.49943 0.50057 0.000369985 0.000369985
0.4993 0.5007 0.000357727 0.000357727
0.49827 0.50173 0.000393048 0.000393048
0.49814 0.50186 0.000390647 0.000390647
0.49792 0.50208 0.000372398 0.000372398
0.49826 0.50174 0.000350093 0.000350093
0.49856 0.50144 0.00037433 0.00037433
0.49761 0.50239 0.00041022 0.00041022
0.49807 0.50193 0.000382308 0.000382308
0.49901 0.50099 0.000375101 0.000375101
0.49961 0.50039 0.000375008 0.000375008
0.49937 0.50063 0.000407468 0.000407468
0.4998 0.5002 0.000426606 0.000426606
0.50009 0.49991 0.000383759 0.000383759
0.5004 0.4996 0.000382626 0.000382626
0.49971 0.50029 0.000394269 0.000394269
0.49969 0.50031 0.000408701 0.000408701
0.49836 0.50164 0.000439889 0.000439889
0.49836 0.50164 0.000449243 0.000449243
0.49797 0.50203 0.000464817 0.000464817
0.49836 0.50164 0.000466819 0.000466819
0.49895 0.50105 0.000469038 0.000469038
0.49938 0.50062 0.00045848 0.00045848
0.4989 0.5011 0.000428818 0.000428818
0.49897 0.50103 0.000414454 0.000414454
0.49782 0.50218 0.000450513 0.000450513
0.4982 0.5018 0.000465313 0.000465313
0.49867 0.50133 0.000446668 0.000446668
0.49858 0.50142 0.000423842 0.000423842
0.49846 0.50154 0.000391766 0.000391766
