0.55128 0.44872 0.000347456 0.000347456
0.55246 0.44754 0.000338069 0.000338069
0.55561 0.44439 0.000396644 0.000396644
0.55701 0.44299 0.000491788 0.000491788
0.55704 0.44296 0.000563332 0.000563332
0.55841 0.44159 0.000595557 0.000595557
0.55801 0.44199 0.00065803 0.00065803
0.55831 0.44169 0.0007466 0.0007466
0.5575 0.4425 0.000762798 0.000762798
0.55875 0.44125 0.000786472 0.000786472
0.55792 0.44208 0.000864135 0.000864135
0.55806 0.44194 0.000935471 0.000935471
0.55879 0.44121 0.000998713 0.000998713
0.55843 0.44157 0.00100772 0.00100772
0.55781 0.44219 0.00105551 0.00105551
0.55926 0.44074 0.00109183 0.00109183
0.55871 0.44129 0.00104667 0.00104667
0.55925 0.44075 0.00105053 0.00105053
0.55809 0.44191 0.00100028 0.00100028
0.55788 0.44212 0.0010756 0.0010756
0.55755 0.44245 0.00107964 0.00107964
0.55749 0.44251 0.00112926 0.00112926
0.55829 0.44171 0.00111281 0.00111281
0.55819 0.44181 0.00111416 0.00111416
0.55845 0.44155 0.00103433 0.00103433
0.5592 0.4408 0.00102059 0.00102059
0.55958 0.44042 0.00103942 0.00103942
0.56033 0.43967 0.00109392 0.00109392
0.55973 0.44027 0.00110303 0.00110303
0.56058 0.43942 0.00107105 0.00107105
0.56094 0.43906 0.00105266 0.00105266
0.56083 0.43917 0.00108226 0.00108226
0.55967 0.44033 0.00108166 0.00108166
0.56103 0.43897 0.00112987 0.00112987
0.56111 0.43889 0.00120068 0.00120068
0.56029 0.43971 0.0012814 0.0012814
0.56129 0.43871 0.00128742 0.00128742
0.56083 0.43917 0.00128962 0.00128962
0.56062 0.43938 0.00120295 0.00120295
0.56 0.44 0.00124257 0.00124257
0.55923 0.44077 0.00125634 0.00125634
0.55827 0.44173 0.0012687 0.0012687
0.55799 0.44201 0.00125924 0.00125924
0.55908 0.44092 0.00120818 0.00120818
0.55909 0.44091 0.00120929 0.00120929
0.55925 0.44075 0.00125067 0.00125067
0.5607 0.4393 0.00129043 0.00129043
0.56078 0.43922 0.00118369 0.00118369
0.56086 0.43914 0.00124259 0.00124259
0.56153 0.43847 0.00120967 0.00120967
0.56128 0.43872 0.00122828 0.00122828
0.5608 0.4392 0.00126194 0.00126194
0.56111 0.43889 0.00131644 0.00131644
0.5608 0.4392 0.00123432 0.00123432
0.56165 0.43835 0.00126912 0.00126912
0.5621 0.4379 0.00123484 0.00123484
0.56211 0.43789 0.00123357 0.00123357
0.56283 0.43717 0.00125693 0.00125693
0.56323 0.43677 0.00127897 0.00127897
0.56202 0.43798 0.00121642 0.00121642
0.56165 0.43835 0.00121484 0.00121484
0.56146 0.43854 0.00124318 0.00124318
0.56146 0.43854 0.00118389 0.00118389
0.56217 0.43783 0.00122125 0.00122125
0.56109 0.43891 0.00118703 0.00118703
0.56005 0.43995 0.00113286 0.00113286
0.56016 0.43984 0.00117668 0.00117668
0.56017 0.43983 0.00125061 0.00125061
0.56113 0.43887 0.00134232 0.00134232
0.56091 0.43909 0.00135325 0.00135325
0.56059 0.43941 0.00140944 0.00140944
0.56053 0.43947 0.00135118 0.00135118
0.56072 0.43928 0.0014142 0.0014142
0.56097 0.43903 0.00141233 0.00141233
0.56135 0.43865 0.00138851 0.00138851
0.56167 0.43833 0.00134491 0.00134491
0.563 0.437 0.00144386 0.00144386
0.56327 0.43673 0.00130058 0.00130058
0.56272 0.43728 0.00127354 0.00127354
0.56208 0.43792 0.00133898 0.00133898
0.56247 0.43753 0.00134676 0.00134676
0.56171 0.43829 0.00140061 0.00140061
0.56196 0.43804 0.00148133 0.00148133
0.56226 0.43774 0.00142607 0.00142607
0.56226 0.43774 0.00138391 0.00138391
0.56217 0.43783 0.00131828 0.00131828
0.56255 0.43745 0.0012453 0.0012453
0.56177 0.43823 0.00130808 0.00130808
0.56298 0.43702 0.00118467 0.00118467
0.56324 0.43676 0.00120723 0.00120723
0.56276 0.43724 0.00123808 0.00123808
0.56274 0.43726 0.0013469 0.0013469
0.56161 0.43839 0.00131204 0.00131204
0.56048 0.43952 0.00132821 0.00132821
0.56087 0.43913 0.00140351 0.00140351
0.5621 0.4379 0.00143734 0.00143734
0.56261 0.43739 0.00146804 0.00146804
0.56347 0.43653 0.00137229 0.00137229
0.56348 0.43652 0.0014069 0.0014069
0.56261 0.43739 0.00144919 0.00144919
0.56168 0.43832 0.0015318 0.0015318
0.56071 0.43929 0.00153423 0.00153423
0.56017 0.43983 0.00159303 0.00159303
0.55983 0.44017 0.00167731 0.00167731
0.56009 0.43991 0.00162224 0.00162224
0.5614 0.4386 0.00153859 0.00153859
0.56241 0.43759 0.00154071 0.00154071
0.5619 0.4381 0.00155641 0.00155641
0.56247 0.43753 0.00157066 0.00157066
0.56093 0.43907 0.00155645 0.00155645
0.56156 0.43844 0.00141712 0.00141712
0.56095 0.43905 0.00137999 0.00137999
0.56104 0.43896 0.00135135 0.00135135
0.56114 0.43886 0.0014416 0.0014416
0.56166 0.43834 0.00151964 0.00151964
0.56172 0.43828 0.0014136 0.0014136
0.56166 0.43834 0.00134574 0.00134574
0.56206 0.43794 0.00144218 0.00144218
0.56238 0.43762 0.00147381 0.00147381
0.56335 0.43665 0.00147001 0.00147001
0.56326 0.43674 0.00150858 0.00150858
0.56296 0.43704 0.0015541 0.0015541
0.56248 0.43752 0.00160571 0.00160571
0.56198 0.43802 0.00156741 0.00156741
0.56212 0.43788 0.0014818 0.0014818
0.56151 0.43849 0.00143837 0.00143837
0.56251 0.43749 0.00139502 0.00139502
0.56397 0.43603 0.00138419 0.00138419
0.5645 0.4355 0.00141328 0.00141328
0.56359 0.43641 0.00133481 0.00133481
0.56349 0.43651 0.00132375 0.00132375
0.56381 0.43619 0.00137288 0.00137288
0.56309 0.43691 0.00132873 0.00132873
0.56269 0.43731 0.00126169 0.00126169
0.5618 0.4382 0.00132855 0.00132855
0.56262 0.43738 0.00135975 0.00135975
0.56182 0.43818 0.00145445 0.00145445
0.56229 0.43771 0.00139861 0.00139861
0.56202 0.43798 0.00140778 0.00140778
0.56222 0.43778 0.00149573 0.00149573
0.56184 0.43816 0.00149208 0.00149208
0.56205 0.43795 0.00150338 0.00150338
0.56064 0.43936 0.00151076 0.00151076
0.56097 0.43903 0.00148538 0.00148538
0.56121 0.43879 0.00147645 0.00147645
0.5619 0.4381 0.00155478 0.00155478
0.56315 0.43685 0.00157211 0.00157211
0.56275 0.43725 0.00157134 0.00157134
0.56198 0.43802 0.00151553 0.00151553
0.56098 0.43902 0.00150537 0.00150537
0.5612 0.4388 0.00157545 0.00157545
0.56047 0.43953 0.0015589 0.0015589
0.56114 0.43886 0.00151047 0.00151047
0.56226 0.43774 0.00156672 0.00156672
0.56245 0.43755 0.00153522 0.00153522
0.56255 0.43745 0.00160902 0.00160902
0.56228 0.43772 0.00166103 0.00166103
0.5628 0.4372 0.00175376 0.00175376
0.56331 0.43669 0.00166662 0.00166662
0.56343 0.43657 0.00166077 0.00166077
0.56332 0.43668 0.00161359 0.00161359
0.56379 0.43621 0.00167811 0.00167811
0.56477 0.43523 0.00161485 0.00161485
0.56394 0.43606 0.00158428 0.00158428
0.56433 0.43567 0.00147711 0.00147711
0.56436 0.43564 0.00147411 0.00147411
0.56386 0.43614 0.00146047 0.00146047
0.56298 0.43702 0.00141547 0.00141547
0.5629 0.4371 0.00142751 0.00142751
0.56339 0.43661 0.00143258 0.00143258
0.56299 0.43701 0.00139197 0.00139197
0.56229 0.43771 0.0014519 0.0014519
0.56338 0.43662 0.00147656 0.00147656
0.56366 0.43634 0.00146699 0.00146699
0.56373 0.43627 0.00139452 0.00139452
0.56421 0.43579 0.00144188 0.00144188
0.56433 0.43567 0.00141758 0.00141758
0.5649 0.4351 0.00152191 0.00152191
0.56539 0.43461 0.00158374 0.00158374
0.56504 0.43496 0.00162521 0.00162521
0.56456 0.43544 0.001577 0.001577
0.56393 0.43607 0.0016299 0.0016299
0.56404 0.43596 0.00167464 0.00167464
0.56391 0.43609 0.00168142 0.00168142
0.56445 0.43555 0.00160288 0.00160288
0.56417 0.43583 0.00163497 0.00163497
0.56466 0.43534 0.00157344 0.00157344
0.56559 0.43441 0.00154509 0.00154509
0.56597 0.43403 0.001599 0.001599
0.56495 0.43505 0.00153768 0.00153768
0.56364 0.43636 0.00156296 0.00156296
0.56411 0.43589 0.00151273 0.00151273
0.56535 0.43465 0.00154374 0.00154374
0.56508 0.43492 0.00155878 0.00155878
0.56554 0.43446 0.00165857 0.00165857
0.56605 0.43395 0.0016732 0.0016732
0.56675 0.43325 0.00158579 0.00158579
0.56682 0.43318 0.00155439 0.00155439
0.56598 0.43402 0.00167 0.00167
0.56552 0.43448 0.00170926 0.00170926
0.56497 0.43503 0.00168807 0.00168807
0.56425 0.43575 0.00168403 0.00168403
0.56412 0.43588 0.00169597 0.00169597
0.56396 0.43604 0.00175198 0.00175198
0.56349 0.43651 0.00172866 0.00172866
0.56397 0.43603 0.0016813 0.0016813
0.56416 0.43584 0.00173141 0.00173141
0.56474 0.43526 0.00176702 0.00176702
0.56469 0.43531 0.00173575 0.00173575
0.56466 0.43534 0.00170031 0.00170031
0.56449 0.43551 0.00175559 0.00175559
0.56384 0.43616 0.00177088 0.00177088
0.564 0.436 0.00170822 0.00170822
0.56409 0.43591 0.0017294 0.0017294
0.56453 0.43547 0.00168126 0.00168126
0.56555 0.43445 0.00158393 0.00158393
0.56497 0.43503 0.00162274 0.00162274
0.56635 0.43365 0.0017052 0.0017052
0.5666 0.4334 0.00182703 0.00182703
0.56633 0.43367 0.00174812 0.00174812
0.56645 0.43355 0.00171492 0.00171492
0.56722 0.43278 0.00171318 0.00171318
0.56727 0.43273 0.00171317 0.00171317
0.56626 0.43374 0.00165609 0.00165609
0.56586 0.43414 0.00160739 0.00160739
0.56605 0.43395 0.00170073 0.00170073
0.56557 0.43443 0.00171625 0.00171625
0.56466 0.43534 0.00171352 0.00171352
0.56491 0.43509 0.00171422 0.00171422
0.56568 0.43432 0.00165551 0.00165551
0.56456 0.43544 0.00177124 0.00177124
0.56317 0.43683 0.00177933 0.00177933
0.5646 0.4354 0.00173111 0.00173111
0.56479 0.43521 0.00179197 0.00179197
0.56441 0.43559 0.00183083 0.00183083
0.56564 0.43436 0.00182225 0.00182225
0.56647 0.43353 0.00185003 0.00185003
0.56585 0.43415 0.00188981 0.00188981
0.5659 0.4341 0.00184971 0.00184971
0.56563 0.43437 0.00179916 0.00179916
0.56646 0.43354 0.00178061 0.00178061
0.56566 0.43434 0.00180079 0.00180079
0.56622 0.43378 0.0017751 0.0017751
0.56578 0.43422 0.00174551 0.00174551
0.56651 0.43349 0.00179825 0.00179825
0.56714 0.43286 0.00185853 0.00185853
0.56635 0.43365 0.00188377 0.00188377
0.56468 0.43532 0.00185244 0.00185244
0.56418 0.43582 0.00188061 0.00188061
0.56362 0.43638 0.00195153 0.00195153
0.56308 0.43692 0.00187092 0.00187092
0.56299 0.43701 0.00185797 0.00185797
0.56345 0.43655 0.00180841 0.00180841
0.56383 0.43617 0.0018119 0.0018119
0.56376 0.43624 0.00186491 0.00186491
0.56448 0.43552 0.00187122 0.00187122
0.56429 0.43571 0.00184201 0.00184201
0.56465 0.43535 0.00184799 0.00184799
0.56493 0.43507 0.00179152 0.00179152
0.56553 0.43447 0.00190011 0.00190011
0.56672 0.43328 0.00190166 0.00190166
0.5666 0.4334 0.00187865 0.00187865
0.56683 0.43317 0.00184851 0.00184851
0.56646 0.43354 0.00179587 0.00179587
0.56685 0.43315 0.00175453 0.00175453
0.56575 0.43425 0.00176156 0.00176156
0.56667 0.43333 0.00177794 0.00177794
0.56651 0.43349 0.00187062 0.00187062
0.56746 0.43254 0.00184324 0.00184324
0.56752 0.43248 0.00185653 0.00185653
0.56698 0.43302 0.00186966 0.00186966
0.56552 0.43448 0.00196512 0.00196512
0.56655 0.43345 0.00193358 0.00193358
0.56625 0.43375 0.00196278 0.00196278
0.56624 0.43376 0.00199558 0.00199558
0.56593 0.43407 0.00183211 0.00183211
0.56548 0.43452 0.0018335 0.0018335
0.5649 0.4351 0.00186858 0.00186858
0.56562 0.43438 0.00191947 0.00191947
0.56432 0.43568 0.00186687 0.00186687
0.56409 0.43591 0.00183433 0.00183433
0.56467 0.43533 0.00193711 0.00193711
0.56364 0.43636 0.00194662 0.00194662
0.56289 0.43711 0.00194755 0.00194755
0.56305 0.43695 0.0019073 0.0019073
0.56323 0.43677 0.00196068 0.00196068
0.56366 0.43634 0.00191746 0.00191746
0.56386 0.43614 0.00201893 0.00201893
0.5636 0.4364 0.00196267 0.00196267
0.56429 0.43571 0.00201251 0.00201251
0.56362 0.43638 0.00185109 0.00185109
0.56327 0.43673 0.00189943 0.00189943
0.56295 0.43705 0.00189512 0.00189512
0.56286 0.43714 0.00188576 0.00188576
0.56206 0.43794 0.00194767 0.00194767
0.56222 0.43778 0.00190613 0.00190613
0.56225 0.43775 0.00195191 0.00195191
0.56215 0.43785 0.00191057 0.00191057
0.56222 0.43778 0.00191011 0.00191011
0.5622 0.4378 0.00204477 0.00204477
0.56288 0.43712 0.00201039 0.00201039
0.56307 0.43693 0.00211156 0.00211156
0.56268 0.43732 0.00208693 0.00208693
0.56119 0.43881 0.00202672 0.00202672
0.56236 0.43764 0.00202506 0.00202506
0.5631 0.4369 0.00207593 0.00207593
0.56255 0.43745 0.00201799 0.00201799
0.56287 0.43713 0.00198971 0.00198971
0.56276 0.43724 0.00198111 0.00198111
0.56259 0.43741 0.0020101 0.0020101
0.5631 0.4369 0.00206775 0.00206775
0.56308 0.43692 0.00214276 0.00214276
0.56312 0.43688 0.00206849 0.00206849
0.56367 0.43633 0.00199735 0.00199735
0.56279 0.43721 0.00193251 0.00193251
0.56312 0.43688 0.00212508 0.00212508
0.56378 0.43622 0.00214591 0.00214591
0.56457 0.43543 0.00215005 0.00215005
0.56475 0.43525 0.00223791 0.00223791
0.56429 0.43571 0.00224283 0.00224283
0.56475 0.43525 0.00224857 0.00224857
0.56461 0.43539 0.00217297 0.00217297
0.5642 0.4358 0.00210057 0.00210057
0.56412 0.43588 0.00206742 0.00206742
0.5643 0.4357 0.00207702 0.00207702
0.56556 0.43444 0.00206778 0.00206778
0.56605 0.43395 0.00204076 0.00204076
0.56527 0.43473 0.00197285 0.00197285
0.56447 0.43553 0.00197064 0.00197064
0.56547 0.43453 0.00199249 0.00199249
0.56397 0.43603 0.00200789 0.00200789
0.56427 0.43573 0.00203555 0.00203555
0.56381 0.43619 0.00201565 0.00201565
0.56333 0.43667 0.00205135 0.00205135
0.56326 0.43674 0.00200961 0.00200961
0.56298 0.43702 0.00207786 0.00207786
0.5635 0.4365 0.002105 0.002105
0.56358 0.43642 0.00205196 0.00205196
0.56355 0.43645 0.002103 0.002103
0.56421 0.43579 0.00199784 0.00199784
0.56413 0.43587 0.00211951 0.00211951
0.56443 0.43557 0.00223265 0.00223265
0.56361 0.43639 0.00220176 0.00220176
0.5631 0.4369 0.0021234 0.0021234
0.56182 0.43818 0.00218801 0.00218801
0.56151 0.43849 0.00220959 0.00220959
0.56229 0.43771 0.00217413 0.00217413
0.56311 0.43689 0.00218452 0.00218452
0.56374 0.43626 0.00232258 0.00232258
0.56366 0.43634 0.00221609 0.00221609
0.56457 0.43543 0.00223392 0.00223392
0.56429 0.43571 0.00229593 0.00229593
0.56345 0.43655 0.00229985 0.00229985
0.56355 0.43645 0.00241688 0.00241688
0.56445 0.43555 0.00242742 0.00242742
0.56394 0.43606 0.0024386 0.0024386
0.56212 0.43788 0.00237087 0.00237087
0.56118 0.43882 0.00233801 0.00233801
0.56203 0.43797 0.00229619 0.00229619
0.56129 0.43871 0.00224772 0.00224772
0.55993 0.44007 0.00223592 0.00223592
0.55967 0.44033 0.00221816 0.00221816
0.55965 0.44035 0.00218987 0.00218987
0.56033 0.43967 0.00219713 0.00219713
0.56055 0.43945 0.00228847 0.00228847
0.56124 0.43876 0.00219911 0.00219911
0.56098 0.43902 0.00214145 0.00214145
0.56115 0.43885 0.00213395 0.00213395
0.56226 0.43774 0.00218201 0.00218201
0.5627 0.4373 0.00205753 0.00205753
0.56168 0.43832 0.00202784 0.00202784
0.56203 0.43797 0.00201243 0.00201243
0.56158 0.43842 0.00202118 0.00202118
0.56189 0.43811 0.00207572 0.00207572
0.56218 0.43782 0.00211659 0.00211659
0.56231 0.43769 0.00209094 0.00209094
0.56242 0.43758 0.001998 0.001998
0.56215 0.43785 0.0021213 0.0021213
0.56173 0.43827 0.00209412 0.00209412
0.56222 0.43778 0.00212631 0.00212631
0.56204 0.43796 0.00220763 0.00220763
0.56229 0.43771 0.00220285 0.00220285
0.56265 0.43735 0.0021711 0.0021711
0.5628 0.4372 0.0020537 0.0020537
0.56199 0.43801 0.00209573 0.00209573
0.56303 0.43697 0.00212508 0.00212508
0.5624 0.4376 0.00208782 0.00208782
0.56121 0.43879 0.00204532 0.00204532
0.56141 0.43859 0.00207982 0.00207982
0.56158 0.43842 0.00212384 0.00212384
0.56183 0.43817 0.00214677 0.00214677
0.56224 0.43776 0.00214418 0.00214418
0.56341 0.43659 0.00221406 0.00221406
0.56345 0.43655 0.00212768 0.00212768
0.56389 0.43611 0.00216456 0.00216456
0.56343 0.43657 0.00219394 0.00219394
0.56426 0.43574 0.00219527 0.00219527
0.56367 0.43633 0.00218806 0.00218806
0.56426 0.43574 0.0022791 0.0022791
0.56381 0.43619 0.00223054 0.00223054
0.56314 0.43686 0.00219194 0.00219194
0.56197 0.43803 0.00217294 0.00217294
0.56218 0.43782 0.00218332 0.00218332
0.5611 0.4389 0.00215811 0.00215811
0.56098 0.43902 0.00216604 0.00216604
0.56062 0.43938 0.00219406 0.00219406
0.56077 0.43923 0.00229513 0.00229513
0.56127 0.43873 0.00228874 0.00228874
0.56171 0.43829 0.00236328 0.00236328
0.56168 0.43832 0.00228367 0.00228367
0.56196 0.43804 0.00231733 0.00231733
0.56265 0.43735 0.00235655 0.00235655
0.56316 0.43684 0.00232713 0.00232713
0.56202 0.43798 0.0024357 0.0024357
0.56157 0.43843 0.00236469 0.00236469
0.56072 0.43928 0.00237424 0.00237424
0.56008 0.43992 0.00234282 0.00234282
0.5607 0.4393 0.00222456 0.00222456
0.56094 0.43906 0.00214662 0.00214662
0.56223 0.43777 0.00213763 0.00213763
0.56293 0.43707 0.00216982 0.00216982
0.56266 0.43734 0.00224635 0.00224635
0.5639 0.4361 0.00224813 0.00224813
0.56456 0.43544 0.00218431 0.00218431
0.56466 0.43534 0.00225847 0.00225847
0.56386 0.43614 0.0022096 0.0022096
0.56356 0.43644 0.00226481 0.00226481
0.56361 0.43639 0.00234559 0.00234559
0.56297 0.43703 0.00233284 0.00233284
0.56367 0.43633 0.00231622 0.00231622
0.56425 0.43575 0.00237504 0.00237504
0.56369 0.43631 0.00254803 0.00254803
0.56432 0.43568 0.00243699 0.00243699
0.56513 0.43487 0.0024187 0.0024187
0.56422 0.43578 0.00247361 0.00247361
0.56449 0.43551 0.00232312 0.00232312
0.56397 0.43603 0.00235136 0.00235136
0.56431 0.43569 0.00237058 0.00237058
0.56445 0.43555 0.0023652 0.0023652
0.56369 0.43631 0.00232462 0.00232462
0.56457 0.43543 0.00228845 0.00228845
0.5652 0.4348 0.00231291 0.00231291
0.56564 0.43436 0.00233462 0.00233462
0.56529 0.43471 0.00236643 0.00236643
0.56354 0.43646 0.00228631 0.00228631
0.564 0.436 0.00216123 0.00216123
0.56361 0.43639 0.00220442 0.00220442
0.56468 0.43532 0.00228499 0.00228499
0.56539 0.43461 0.00233963 0.00233963
0.56423 0.43577 0.00226105 0.00226105
0.56354 0.43646 0.0022288 0.0022288
0.56337 0.43663 0.0022703 0.0022703
0.5642 0.4358 0.00228343 0.00228343
0.56594 0.43406 0.00216151 0.00216151
0.56657 0.43343 0.00230164 0.00230164
0.56606 0.43394 0.00239822 0.00239822
0.56658 0.43342 0.00234893 0.00234893
0.56557 0.43443 0.00238788 0.00238788
0.56551 0.43449 0.00237825 0.00237825
0.56676 0.43324 0.00230744 0.00230744
0.56681 0.43319 0.00220359 0.00220359
0.56615 0.43385 0.00225839 0.00225839
0.56571 0.43429 0.00230035 0.00230035
0.56511 0.43489 0.00218301 0.00218301
0.56502 0.43498 0.00220452 0.00220452
0.56462 0.43538 0.00234741 0.00234741
0.56475 0.43525 0.00235391 0.00235391
0.56437 0.43563 0.00238866 0.00238866
0.56511 0.43489 0.00235066 0.00235066
0.56526 0.43474 0.00225076 0.00225076
0.56475 0.43525 0.00229213 0.00229213
0.5645 0.4355 0.00225888 0.00225888
0.56385 0.43615 0.0023077 0.0023077
0.56437 0.43563 0.00238409 0.00238409
0.56371 0.43629 0.00242079 0.00242079
0.56423 0.43577 0.00240129 0.00240129
0.56452 0.43548 0.00236839 0.00236839
0.56506 0.43494 0.00238305 0.00238305
0.56472 0.43528 0.0024142 0.0024142
0.56445 0.43555 0.00240387 0.00240387
0.56536 0.43464 0.00257801 0.00257801
0.56619 0.43381 0.0026267 0.0026267
0.56632 0.43368 0.00259905 0.00259905
0.56548 0.43452 0.0025413 0.0025413
0.56612 0.43388 0.00251613 0.00251613
0.56693 0.43307 0.00257411 0.00257411
0.56775 0.43225 0.00260597 0.00260597
0.56648 0.43352 0.00259276 0.00259276
0.56715 0.43285 0.00264144 0.00264144
0.56723 0.43277 0.00257226 0.00257226
0.56611 0.43389 0.00260903 0.00260903
0.56611 0.43389 0.00260792 0.00260792
0.56545 0.43455 0.00273395 0.00273395
0.56509 0.43491 0.00274871 0.00274871
0.56525 0.43475 0.00276427 0.00276427
0.56581 0.43419 0.00265856 0.00265856
0.56609 0.43391 0.00251748 0.00251748
0.56654 0.43346 0.00262415 0.00262415
0.56752 0.43248 0.00270585 0.00270585
0.56722 0.43278 0.00265793 0.00265793
