0.70081 0.29919 0.00524397 0.00524397
0.70167 0.29833 0.00447014 0.00447014
0.70149 0.29851 0.00411645 0.00411645
0.70191 0.29809 0.00365471 0.00365471
0.70198 0.29802 0.00342287 0.00342287
0.70228 0.29772 0.00323839 0.00323839
0.70305 0.29695 0.00313989 0.00313989
0.70348 0.29652 0.00312593 0.00312593
0.70397 0.29603 0.00294657 0.00294657
0.70533 0.29467 0.00294255 0.00294255
0.70519 0.29481 0.00294955 0.00294955
0.70494 0.29506 0.00292155 0.00292155
0.7049 0.2951 0.00296235 0.00296235
0.7041 0.2959 0.00299381 0.00299381
0.70411 0.29589 0.00291697 0.00291697
0.70371 0.29629 0.00300582 0.00300582
0.70404 0.29596 0.00298685 0.00298685
0.70459 0.29541 0.00297875 0.00297875
0.70496 0.29504 0.00304335 0.00304335
0.70623 0.29377 0.00303285 0.00303285
0.70689 0.29311 0.00311717 0.00311717
0.70568 0.29432 0.00322563 0.00322563
0.70632 0.29368 0.00328218 0.00328218
0.70564 0.29436 0.00343983 0.00343983
0.70542 0.29458 0.00347219 0.00347219
0.70599 0.29401 0.00344316 0.00344316
0.70642 0.29358 0.00343461 0.00343461
0.70655 0.29345 0.00351849 0.00351849
0.70628 0.29372 0.00347277 0.00347277
0.70554 0.29446 0.00325379 0.00325379
0.7058 0.2942 0.00323206 0.00323206
0.70672 0.29328 0.00322509 0.00322509
0.70647 0.29353 0.00320872 0.00320872
0.7072 0.2928 0.0032479 0.0032479
0.70681 0.29319 0.00313892 0.00313892
0.70689 0.29311 0.00321214 0.00321214
0.70675 0.29325 0.0032312 0.0032312
0.70633 0.29367 0.00316905 0.00316905
0.70642 0.29358 0.00325823 0.00325823
0.70604 0.29396 0.00319396 0.00319396
0.70575 0.29425 0.00321886 0.00321886
0.70563 0.29437 0.00326914 0.00326914
0.70591 0.29409 0.00341233 0.00341233
0.70624 0.29376 0.00341824 0.00341824
0.70622 0.29378 0.00343791 0.00343791
0.70536 0.29464 0.00339593 0.00339593
0.70783 0.29217 0.00343255 0.00343255
0.70645 0.29355 0.00347219 0.00347219
0.70607 0.29393 0.00341938 0.00341938
0.70472 0.29528 0.00350641 0.00350641
0.70504 0.29496 0.00349525 0.00349525
0.70517 0.29483 0.00356253 0.00356253
0.70554 0.29446 0.00350223 0.00350223
0.70635 0.29365 0.0035952 0.0035952
0.70554 0.29446 0.0036532 0.0036532
0.70651 0.29349 0.00364563 0.00364563
0.70825 0.29175 0.00367276 0.00367276
0.70855 0.29145 0.00352766 0.00352766
0.70858 0.29142 0.00354849 0.00354849
0.70876 0.29124 0.00356982 0.00356982
0.70863 0.29137 0.00357478 0.00357478
0.70798 0.29202 0.00352372 0.00352372
0.70756 0.29244 0.00357092 0.00357092
0.70608 0.29392 0.00363329 0.00363329
0.70561 0.29439 0.00345909 0.00345909
0.70523 0.29477 0.00357923 0.00357923
0.70601 0.29399 0.0035114 0.0035114
0.70521 0.29479 0.00355984 0.00355984
0.70468 0.29532 0.00351586 0.00351586
0.70581 0.29419 0.00353153 0.00353153
0.70604 0.29396 0.00348848 0.00348848
0.70607 0.29393 0.00355702 0.00355702
0.70687 0.29313 0.00352072 0.00352072
0.70747 0.29253 0.00354272 0.00354272
0.70717 0.29283 0.00349667 0.00349667
0.70646 0.29354 0.00355993 0.00355993
0.70669 0.29331 0.00367771 0.00367771
0.70612 0.29388 0.00364346 0.00364346
0.70665 0.29335 0.0036692 0.0036692
0.70649 0.29351 0.00363965 0.00363965
0.70577 0.29423 0.00365493 0.00365493
0.70542 0.29458 0.00358736 0.00358736
0.70544 0.29456 0.00350888 0.00350888
0.70521 0.29479 0.00341548 0.00341548
0.7053 0.2947 0.00330965 0.00330965
0.7073 0.2927 0.00334369 0.00334369
0.70696 0.29304 0.00342097 0.00342097
0.70697 0.29303 0.00346532 0.00346532
0.70632 0.29368 0.0035058 0.0035058
0.7067 0.2933 0.00350698 0.00350698
0.70645 0.29355 0.00365944 0.00365944
0.70663 0.29337 0.00361698 0.00361698
0.70609 0.29391 0.00362243 0.00362243
0.70634 0.29366 0.0035977 0.0035977
0.70542 0.29458 0.00359776 0.00359776
0.70565 0.29435 0.00355383 0.00355383
0.70612 0.29388 0.00356809 0.00356809
0.70581 0.29419 0.00348094 0.00348094
0.70538 0.29462 0.00341141 0.00341141
0.7044 0.2956 0.00341699 0.00341699
0.70572 0.29428 0.00351869 0.00351869
0.70559 0.29441 0.00355414 0.00355414
0.70505 0.29495 0.0035333 0.0035333
0.70431 0.29569 0.00351559 0.00351559
0.70513 0.29487 0.00359945 0.00359945
0.70553 0.29447 0.00351336 0.00351336
0.70478 0.29522 0.00355605 0.00355605
0.70502 0.29498 0.00358994 0.00358994
0.70484 0.29516 0.00357838 0.00357838
0.7046 0.2954 0.00353137 0.00353137
0.70538 0.29462 0.00352555 0.00352555
0.70563 0.29437 0.00360424 0.00360424
0.70547 0.29453 0.00358371 0.00358371
0.70544 0.29456 0.00354613 0.00354613
0.70498 0.29502 0.00364149 0.00364149
0.70567 0.29433 0.00364729 0.00364729
0.70557 0.29443 0.00363047 0.00363047
0.7052 0.2948 0.00354588 0.00354588
0.70482 0.29518 0.00356154 0.00356154
0.70562 0.29438 0.00357446 0.00357446
0.7049 0.2951 0.00350195 0.00350195
0.70466 0.29534 0.00344839 0.00344839
0.70479 0.29521 0.00350821 0.00350821
0.70458 0.29542 0.00353829 0.00353829
0.70592 0.29408 0.00359456 0.00359456
0.70602 0.29398 0.00362733 0.00362733
0.70567 0.29433 0.0036142 0.0036142
0.70586 0.29414 0.00361424 0.00361424
0.70528 0.29472 0.0036919 0.0036919
0.7055 0.2945 0.00379748 0.00379748
0.70442 0.29558 0.00380509 0.00380509
0.70347 0.29653 0.00378488 0.00378488
0.70352 0.29648 0.00383124 0.00383124
0.70354 0.29646 0.00394712 0.00394712
0.70367 0.29633 0.00398388 0.00398388
0.70282 0.29718 0.0040734 0.0040734
0.70245 0.29755 0.00394207 0.00394207
0.70363 0.29637 0.00388333 0.00388333
0.70406 0.29594 0.00383359 0.00383359
0.7039 0.2961 0.00385266 0.00385266
0.70362 0.29638 0.00394719 0.00394719
0.70384 0.29616 0.00398236 0.00398236
0.70371 0.29629 0.00394079 0.00394079
0.70337 0.29663 0.0038829 0.0038829
0.70317 0.29683 0.00384669 0.00384669
0.70375 0.29625 0.00385219 0.00385219
0.70414 0.29586 0.00382592 0.00382592
0.7037 0.2963 0.00383138 0.00383138
0.70429 0.29571 0.0037735 0.0037735
0.70434 0.29566 0.00371251 0.00371251
0.70376 0.29624 0.00376988 0.00376988
0.70492 0.29508 0.00382199 0.00382199
0.70349 0.29651 0.00375346 0.00375346
0.70262 0.29738 0.00371983 0.00371983
0.7019 0.2981 0.0037994 0.0037994
0.70285 0.29715 0.00380195 0.00380195
0.70341 0.29659 0.00371946 0.00371946
0.70383 0.29617 0.00380265 0.00380265
0.70393 0.29607 0.00372885 0.00372885
0.70475 0.29525 0.00374684 0.00374684
0.70448 0.29552 0.00382716 0.00382716
0.70441 0.29559 0.00393465 0.00393465
0.70335 0.29665 0.00397886 0.00397886
0.70391 0.29609 0.0041822 0.0041822
0.70425 0.29575 0.00416086 0.00416086
0.70388 0.29612 0.00411043 0.00411043
0.70331 0.29669 0.00410991 0.00410991
0.7022 0.2978 0.00416026 0.00416026
0.70265 0.29735 0.00399136 0.00399136
0.70285 0.29715 0.00407308 0.00407308
0.70267 0.29733 0.00417721 0.00417721
0.70151 0.29849 0.0042507 0.0042507
0.70199 0.29801 0.0041371 0.0041371
0.70239 0.29761 0.00409157 0.00409157
0.70205 0.29795 0.00418118 0.00418118
0.70293 0.29707 0.00416689 0.00416689
0.70339 0.29661 0.00414998 0.00414998
0.70249 0.29751 0.00405708 0.00405708
0.70247 0.29753 0.00410391 0.00410391
0.70198 0.29802 0.00405422 0.00405422
0.70233 0.29767 0.00406087 0.00406087
0.70168 0.29832 0.00403305 0.00403305
0.70176 0.29824 0.0040954 0.0040954
0.70261 0.29739 0.00411489 0.00411489
0.70214 0.29786 0.00402459 0.00402459
0.70271 0.29729 0.00401538 0.00401538
0.70297 0.29703 0.00414769 0.00414769
0.70323 0.29677 0.00427642 0.00427642
0.70359 0.29641 0.00420895 0.00420895
0.70231 0.29769 0.00442244 0.00442244
0.70228 0.29772 0.00452841 0.00452841
0.7022 0.2978 0.00445545 0.00445545
0.70307 0.29693 0.00434378 0.00434378
0.70277 0.29723 0.00429676 0.00429676
0.7025 0.2975 0.00443304 0.00443304
0.70254 0.29746 0.00423841 0.00423841
0.70227 0.29773 0.00418111 0.00418111
0.70285 0.29715 0.00418554 0.00418554
0.7026 0.2974 0.00421162 0.00421162
0.70283 0.29717 0.00429176 0.00429176
0.7029 0.2971 0.00429027 0.00429027
0.70309 0.29691 0.00434641 0.00434641
0.70347 0.29653 0.00424813 0.00424813
0.70321 0.29679 0.00426275 0.00426275
0.70296 0.29704 0.00412626 0.00412626
0.70372 0.29628 0.00403746 0.00403746
0.70355 0.29645 0.00399457 0.00399457
0.70312 0.29688 0.00393639 0.00393639
0.70274 0.29726 0.0039412 0.0039412
0.70193 0.29807 0.00396592 0.00396592
0.70177 0.29823 0.00398394 0.00398394
0.70125 0.29875 0.00419688 0.00419688
0.70229 0.29771 0.0041332 0.0041332
0.70223 0.29777 0.00423299 0.00423299
0.70171 0.29829 0.00434304 0.00434304
0.70218 0.29782 0.00438546 0.00438546
0.70253 0.29747 0.00428744 0.00428744
0.70262 0.29738 0.00433301 0.00433301
0.70219 0.29781 0.00445949 0.00445949
0.70179 0.29821 0.00457641 0.00457641
0.70167 0.29833 0.00462293 0.00462293
0.70213 0.29787 0.00455822 0.00455822
0.70158 0.29842 0.00444667 0.00444667
0.70107 0.29893 0.0044056 0.0044056
0.70161 0.29839 0.00419772 0.00419772
0.70076 0.29924 0.00413249 0.00413249
0.7015 0.2985 0.0040633 0.0040633
0.70126 0.29874 0.00417395 0.00417395
0.70081 0.29919 0.00415565 0.00415565
0.70146 0.29854 0.00413233 0.00413233
0.70137 0.29863 0.00416409 0.00416409
0.70107 0.29893 0.00422728 0.00422728
0.70105 0.29895 0.0042537 0.0042537
0.70048 0.29952 0.00426904 0.00426904
0.70051 0.29949 0.00421559 0.00421559
0.70106 0.29894 0.00413236 0.00413236
0.70247 0.29753 0.00412017 0.00412017
0.70163 0.29837 0.00432763 0.00432763
0.70138 0.29862 0.00441925 0.00441925
0.70184 0.29816 0.00449537 0.00449537
0.70269 0.29731 0.00457414 0.00457414
0.70235 0.29765 0.00465562 0.00465562
0.70268 0.29732 0.00452359 0.00452359
0.70336 0.29664 0.00458403 0.00458403
0.70257 0.29743 0.00456605 0.00456605
0.70309 0.29691 0.00462972 0.00462972
0.70299 0.29701 0.0046749 0.0046749
0.70329 0.29671 0.00464104 0.00464104
0.7031 0.2969 0.00453876 0.00453876
0.704 0.296 0.00457485 0.00457485
0.70376 0.29624 0.00451247 0.00451247
0.7047 0.2953 0.00458575 0.00458575
0.70442 0.29558 0.00458176 0.00458176
0.70414 0.29586 0.00454703 0.00454703
0.70372 0.29628 0.00460586 0.00460586
0.70335 0.29665 0.00456429 0.00456429
0.7034 0.2966 0.004562 0.004562
0.70318 0.29682 0.00454142 0.00454142
0.70308 0.29692 0.00457583 0.00457583
0.70263 0.29737 0.00460308 0.00460308
0.70279 0.29721 0.004519 0.004519
0.70277 0.29723 0.00434495 0.00434495
0.70327 0.29673 0.00443054 0.00443054
0.70273 0.29727 0.00437363 0.00437363
0.70284 0.29716 0.00438745 0.00438745
0.70374 0.29626 0.00436763 0.00436763
0.70391 0.29609 0.00443511 0.00443511
0.70378 0.29622 0.00439135 0.00439135
0.70336 0.29664 0.00436066 0.00436066
0.70343 0.29657 0.00448091 0.00448091
0.70315 0.29685 0.00439661 0.00439661
0.70441 0.29559 0.00443824 0.00443824
0.70392 0.29608 0.00444405 0.00444405
0.70335 0.29665 0.00434449 0.00434449
0.70297 0.29703 0.00438393 0.00438393
0.70334 0.29666 0.00432372 0.00432372
0.70225 0.29775 0.00428344 0.00428344
0.70253 0.29747 0.004425 0.004425
0.70149 0.29851 0.0044314 0.0044314
0.70144 0.29856 0.00448011 0.00448011
0.70165 0.29835 0.00471372 0.00471372
0.7016 0.2984 0.00478994 0.00478994
0.70153 0.29847 0.00475704 0.00475704
0.70172 0.29828 0.0047615 0.0047615
0.70214 0.29786 0.00478836 0.00478836
0.70183 0.29817 0.00476117 0.00476117
0.70186 0.29814 0.00458459 0.00458459
0.70265 0.29735 0.00447605 0.00447605
0.70292 0.29708 0.0046146 0.0046146
0.70211 0.29789 0.00459297 0.00459297
0.70225 0.29775 0.00469235 0.00469235
0.70186 0.29814 0.00476273 0.00476273
0.70211 0.29789 0.00472794 0.00472794
0.70133 0.29867 0.0046962 0.0046962
0.70145 0.29855 0.00468803 0.00468803
0.70243 0.29757 0.00454247 0.00454247
0.70267 0.29733 0.00456768 0.00456768
0.70393 0.29607 0.00451855 0.00451855
0.70293 0.29707 0.00468661 0.00468661
0.70231 0.29769 0.00455141 0.00455141
0.70249 0.29751 0.00454282 0.00454282
0.70196 0.29804 0.00463788 0.00463788
0.70117 0.29883 0.00464552 0.00464552
0.70103 0.29897 0.00470191 0.00470191
0.70038 0.29962 0.00484145 0.00484145
0.70047 0.29953 0.00490348 0.00490348
0.70125 0.29875 0.00494853 0.00494853
0.70208 0.29792 0.00478052 0.00478052
0.70303 0.29697 0.00466777 0.00466777
0.70392 0.29608 0.00459733 0.00459733
0.7036 0.2964 0.00460192 0.00460192
0.70365 0.29635 0.00463284 0.00463284
0.70254 0.29746 0.00450053 0.00450053
0.70275 0.29725 0.00458172 0.00458172
0.7028 0.2972 0.00461479 0.00461479
0.703 0.297 0.00463208 0.00463208
0.70191 0.29809 0.00473366 0.00473366
0.70117 0.29883 0.00468364 0.00468364
0.70191 0.29809 0.0045502 0.0045502
0.70277 0.29723 0.00450375 0.00450375
0.70178 0.29822 0.00464361 0.00464361
0.70306 0.29694 0.00459561 0.00459561
0.70301 0.29699 0.00453504 0.00453504
0.70335 0.29665 0.00463401 0.00463401
0.70212 0.29788 0.00464629 0.00464629
0.70089 0.29911 0.0048127 0.0048127
0.70187 0.29813 0.00481712 0.00481712
0.70129 0.29871 0.00481615 0.00481615
0.70104 0.29896 0.00482483 0.00482483
0.70205 0.29795 0.0049392 0.0049392
0.7014 0.2986 0.0049202 0.0049202
0.70136 0.29864 0.00486147 0.00486147
0.70026 0.29974 0.00479474 0.00479474
0.69927 0.30073 0.00474068 0.00474068
0.6992 0.3008 0.00474442 0.00474442
0.69954 0.30046 0.00485991 0.00485991
0.6998 0.3002 0.00482372 0.00482372
0.69913 0.30087 0.00487292 0.00487292
0.69885 0.30115 0.00495538 0.00495538
0.69931 0.30069 0.00488244 0.00488244
0.69822 0.30178 0.00490425 0.00490425
0.69917 0.30083 0.00484396 0.00484396
0.69914 0.30086 0.00477752 0.00477752
0.69999 0.30001 0.00486144 0.00486144
0.70061 0.29939 0.00489335 0.00489335
0.70004 0.29996 0.00491163 0.00491163
0.69977 0.30023 0.00478614 0.00478614
0.69953 0.30047 0.00482666 0.00482666
0.69988 0.30012 0.00479162 0.00479162
0.70006 0.29994 0.00481119 0.00481119
0.70055 0.29945 0.004833 0.004833
0.69985 0.30015 0.00489581 0.00489581
0.69966 0.30034 0.00494643 0.00494643
0.70027 0.29973 0.00489323 0.00489323
0.69927 0.30073 0.00483384 0.00483384
0.69935 0.30065 0.00484154 0.00484154
0.70036 0.29964 0.00485082 0.00485082
0.69985 0.30015 0.00480461 0.00480461
0.69935 0.30065 0.0047509 0.0047509
0.69933 0.30067 0.00486067 0.00486067
0.69979 0.30021 0.00466568 0.00466568
0.69966 0.30034 0.00472253 0.00472253
0.69935 0.30065 0.00479791 0.00479791
0.69961 0.30039 0.00481036 0.00481036
0.69944 0.30056 0.00482427 0.00482427
0.69878 0.30122 0.00498912 0.00498912
0.69737 0.30263 0.00518177 0.00518177
0.69789 0.30211 0.00512254 0.00512254
0.69848 0.30152 0.00507371 0.00507371
0.6983 0.3017 0.00507454 0.00507454
0.69875 0.30125 0.00501381 0.00501381
0.69904 0.30096 0.00492963 0.00492963
0.69933 0.30067 0.00489794 0.00489794
0.69877 0.30123 0.00484854 0.00484854
0.69915 0.30085 0.00472415 0.00472415
0.69939 0.30061 0.00457032 0.00457032
0.69926 0.30074 0.00462535 0.00462535
0.70093 0.29907 0.00464609 0.00464609
0.70129 0.29871 0.0047035 0.0047035
0.70032 0.29968 0.0048199 0.0048199
0.70004 0.29996 0.00477493 0.00477493
0.69987 0.30013 0.00473177 0.00473177
0.70036 0.29964 0.00472013 0.00472013
0.70017 0.29983 0.00463703 0.00463703
0.70019 0.29981 0.00452957 0.00452957
0.70072 0.29928 0.00448927 0.00448927
0.70021 0.29979 0.00446516 0.00446516
0.70022 0.29978 0.00444365 0.00444365
0.69965 0.30035 0.0044092 0.0044092
0.70055 0.29945 0.00459847 0.00459847
0.70019 0.29981 0.00456422 0.00456422
0.70024 0.29976 0.00474439 0.00474439
0.70045 0.29955 0.00475849 0.00475849
0.70076 0.29924 0.00471596 0.00471596
0.70136 0.29864 0.00479288 0.00479288
0.70065 0.29935 0.00476552 0.00476552
0.70058 0.29942 0.00482651 0.00482651
0.69955 0.30045 0.00481296 0.00481296
0.70067 0.29933 0.00482529 0.00482529
0.70165 0.29835 0.00476237 0.00476237
0.70051 0.29949 0.0048393 0.0048393
0.69912 0.30088 0.00490231 0.00490231
0.69902 0.30098 0.00488002 0.00488002
0.69893 0.30107 0.00488277 0.00488277
0.69951 0.30049 0.00487682 0.00487682
0.69963 0.30037 0.00491325 0.00491325
0.70013 0.29987 0.00483803 0.00483803
0.70091 0.29909 0.00483144 0.00483144
0.70129 0.29871 0.00479296 0.00479296
0.70081 0.29919 0.00480367 0.00480367
0.70069 0.29931 0.00471727 0.00471727
0.70105 0.29895 0.00472572 0.00472572
0.70065 0.29935 0.00473865 0.00473865
0.70067 0.29933 0.0047636 0.0047636
0.69989 0.30011 0.00482668 0.00482668
0.6999 0.3001 0.00477421 0.00477421
0.69952 0.30048 0.00481801 0.00481801
0.70094 0.29906 0.00472626 0.00472626
0.70114 0.29886 0.00469081 0.00469081
0.70123 0.29877 0.00467537 0.00467537
0.70208 0.29792 0.00461923 0.00461923
0.70105 0.29895 0.00480391 0.00480391
0.70065 0.29935 0.00480251 0.00480251
0.70178 0.29822 0.00476349 0.00476349
0.70133 0.29867 0.00479816 0.00479816
0.70062 0.29938 0.00482721 0.00482721
0.70022 0.29978 0.00474436 0.00474436
0.70112 0.29888 0.00461401 0.00461401
0.70044 0.29956 0.00463366 0.00463366
0.70076 0.29924 0.00462449 0.00462449
0.70101 0.29899 0.00470702 0.00470702
0.69974 0.30026 0.00470009 0.00470009
0.69981 0.30019 0.00467218 0.00467218
0.69997 0.30003 0.00465017 0.00465017
0.69886 0.30114 0.00475281 0.00475281
0.69965 0.30035 0.00478395 0.00478395
0.69949 0.30051 0.00479353 0.00479353
0.69977 0.30023 0.00480893 0.00480893
0.7006 0.2994 0.00482792 0.00482792
0.70113 0.29887 0.00486852 0.00486852
0.7003 0.2997 0.00487342 0.00487342
0.6999 0.3001 0.00485763 0.00485763
0.69841 0.30159 0.00497214 0.00497214
0.69882 0.30118 0.00491304 0.00491304
0.69978 0.30022 0.00486627 0.00486627
0.69907 0.30093 0.00501934 0.00501934
0.69916 0.30084 0.00494139 0.00494139
0.69874 0.30126 0.00496242 0.00496242
0.69906 0.30094 0.00491854 0.00491854
0.69951 0.30049 0.00484142 0.00484142
0.69942 0.30058 0.00486855 0.00486855
0.69875 0.30125 0.00492385 0.00492385
0.69815 0.30185 0.0048328 0.0048328
0.69846 0.30154 0.00496078 0.00496078
0.69882 0.30118 0.00500532 0.00500532
0.69907 0.30093 0.00505845 0.00505845
0.69922 0.30078 0.0050988 0.0050988
0.69969 0.30031 0.00502698 0.00502698
0.69944 0.30056 0.00520098 0.00520098
0.69901 0.30099 0.00525304 0.00525304
0.698 0.302 0.00529998 0.00529998
0.69793 0.30207 0.00524015 0.00524015
0.69751 0.30249 0.00528031 0.00528031
0.69678 0.30322 0.00516953 0.00516953
0.69749 0.30251 0.00511286 0.00511286
0.69743 0.30257 0.00499465 0.00499465
0.69731 0.30269 0.00503313 0.00503313
0.69855 0.30145 0.00514785 0.00514785
0.69907 0.30093 0.00513083 0.00513083
0.69897 0.30103 0.00510688 0.00510688
0.69832 0.30168 0.00511438 0.00511438
0.69855 0.30145 0.00509397 0.00509397
0.69855 0.30145 0.00523512 0.00523512
0.69842 0.30158 0.00521033 0.00521033
0.69883 0.30117 0.00521065 0.00521065
0.69896 0.30104 0.00514157 0.00514157
0.69916 0.30084 0.00516525 0.00516525
0.69815 0.30185 0.00516413 0.00516413
0.69777 0.30223 0.00499481 0.00499481
0.69861 0.30139 0.00487068 0.00487068
0.69893 0.30107 0.00491376 0.00491376
0.69905 0.30095 0.00495377 0.00495377
0.69912 0.30088 0.00496186 0.00496186
0.6995 0.3005 0.00496003 0.00496003
0.70012 0.29988 0.00489968 0.00489968
0.699 0.301 0.00510844 0.00510844
0.69912 0.30088 0.00511346 0.00511346
0.69937 0.30063 0.00506652 0.00506652
0.69859 0.30141 0.0050335 0.0050335
0.69794 0.30206 0.00492097 0.00492097
0.69768 0.30232 0.00507204 0.00507204
0.69739 0.30261 0.00508885 0.00508885
0.69809 0.30191 0.0052234 0.0052234
0.69722 0.30278 0.00528159 0.00528159
0.69755 0.30245 0.00526722 0.00526722
0.69807 0.30193 0.00523752 0.00523752
0.69879 0.30121 0.0052118 0.0052118
0.69786 0.30214 0.00521794 0.00521794
0.69841 0.30159 0.00505354 0.00505354
0.69814 0.30186 0.00518428 0.00518428
