0.49908 0.50092 4.30642e-05 4.30642e-05
0.49953 0.50047 8.7686e-05 8.7686e-05
0.49982 0.50018 0.000142048 0.000142048
0.49997 0.50003 0.000193605 0.000193605
0.49977 0.50023 0.00024527 0.00024527
0.50043 0.49957 0.000304551 0.000304551
0.50096 0.49904 0.000354221 0.000354221
0.5012 0.4988 0.000397273 0.000397273
0.50102 0.49898 0.000454666 0.000454666
0.50159 0.49841 0.000521739 0.000521739
0.50138 0.49862 0.00056644 0.00056644
0.50203 0.49797 0.000609019 0.000609019
0.50247 0.49753 0.000652009 0.000652009
0.50224 0.49776 0.000687073 0.000687073
0.50284 0.49716 0.000694318 0.000694318
0.50327 0.49673 0.00073925 0.00073925
0.50298 0.49702 0.000774202 0.000774202
0.50309 0.49691 0.000824749 0.000824749
0.50274 0.49726 0.000879002 0.000879002
0.50283 0.49717 0.000918749 0.000918749
0.50267 0.49733 0.000946648 0.000946648
0.50264 0.49736 0.000946798 0.000946798
0.503 0.497 0.000940283 0.000940283
0.5034 0.4966 0.000953697 0.000953697
0.50358 0.49642 0.000987579 0.000987579
0.5035 0.4965 0.00105831 0.00105831
0.50363 0.49637 0.00105581 0.00105581
0.50363 0.49637 0.00107674 0.00107674
0.50324 0.49676 0.00108622 0.00108622
0.50297 0.49703 0.00108185 0.00108185
0.50313 0.49687 0.00110009 0.00110009
0.50321 0.49679 0.00111847 0.00111847
0.50337 0.49663 0.00112579 0.00112579
0.50352 0.49648 0.00115651 0.00115651
0.50334 0.49666 0.00117144 0.00117144
0.50342 0.49658 0.00118916 0.00118916
0.50345 0.49655 0.00118829 0.00118829
0.50327 0.49673 0.00121656 0.00121656
0.50326 0.49674 0.00121896 0.00121896
0.50328 0.49672 0.00123604 0.00123604
0.50307 0.49693 0.00124007 0.00124007
0.50316 0.49684 0.00123509 0.00123509
0.50317 0.49683 0.00123251 0.00123251
0.50312 0.49688 0.00123867 0.00123867
0.5031 0.4969 0.00124217 0.00124217
0.5033 0.4967 0.00125116 0.00125116
0.50332 0.49668 0.00124537 0.00124537
0.50349 0.49651 0.00125702 0.00125702
0.50361 0.49639 0.00125167 0.00125167
0.50359 0.49641 0.00127414 0.00127414
0.50358 0.49642 0.00126677 0.00126677
0.50348 0.49652 0.00127856 0.00127856
0.50361 0.49639 0.00126557 0.00126557
0.50362 0.49638 0.00126434 0.00126434
0.50384 0.49616 0.00128048 0.00128048
0.50373 0.49627 0.00128517 0.00128517
0.50364 0.49636 0.00129144 0.00129144
0.50369 0.49631 0.00128753 0.00128753
0.50377 0.49623 0.0012862 0.0012862
0.50386 0.49614 0.00130006 0.00130006
0.5038 0.4962 0.00129566 0.00129566
0.50393 0.49607 0.00130485 0.00130485
0.50398 0.49602 0.00130753 0.00130753
0.50395 0.49605 0.00132471 0.00132471
0.50389 0.49611 0.0013264 0.0013264
0.50391 0.49609 0.00132582 0.00132582
0.50402 0.49598 0.00132976 0.00132976
0.50396 0.49604 0.00133363 0.00133363
0.504 0.496 0.00133537 0.00133537
0.50392 0.49608 0.00134298 0.00134298
0.50392 0.49608 0.00134044 0.00134044
0.50402 0.49598 0.00134592 0.00134592
0.50394 0.49606 0.00135571 0.00135571
0.50403 0.49597 0.00136076 0.00136076
0.50401 0.49599 0.00135692 0.00135692
0.50401 0.49599 0.00135833 0.00135833
0.50397 0.49603 0.00135744 0.00135744
0.50398 0.49602 0.00135232 0.00135232
0.50404 0.49596 0.00135576 0.00135576
0.50405 0.49595 0.0013536 0.0013536
0.50411 0.49589 0.0013521 0.0013521
0.50408 0.49592 0.00135769 0.00135769
0.50415 0.49585 0.0013616 0.0013616
0.50403 0.49597 0.00135767 0.00135767
0.50404 0.49596 0.00135584 0.00135584
0.50409 0.49591 0.00135356 0.00135356
0.50412 0.49588 0.00135281 0.00135281
0.50414 0.49586 0.00135929 0.00135929
0.50406 0.49594 0.00135491 0.00135491
0.50403 0.49597 0.00136023 0.00136023
0.50406 0.49594 0.00135949 0.00135949
0.50403 0.49597 0.00136235 0.00136235
0.50398 0.49602 0.00136036 0.00136036
0.50404 0.49596 0.00136097 0.00136097
0.50402 0.49598 0.00135679 0.00135679
0.50405 0.49595 0.00135673 0.00135673
0.50412 0.49588 0.00135489 0.00135489
0.50412 0.49588 0.00135433 0.00135433
0.50412 0.49588 0.00135825 0.00135825
0.50408 0.49592 0.0013582 0.0013582
0.50408 0.49592 0.0013589 0.0013589
0.50404 0.49596 0.00135715 0.00135715
0.50397 0.49603 0.00135946 0.00135946
0.50399 0.49601 0.00136179 0.00136179
0.50405 0.49595 0.00135936 0.00135936
0.50404 0.49596 0.00135935 0.00135935
0.50405 0.49595 0.00135958 0.00135958
0.50411 0.49589 0.00136149 0.00136149
0.50413 0.49587 0.00135985 0.00135985
0.50416 0.49584 0.00136313 0.00136313
0.50412 0.49588 0.00136172 0.00136172
0.50413 0.49587 0.00136244 0.00136244
0.50407 0.49593 0.00136001 0.00136001
0.50407 0.49593 0.00136095 0.00136095
0.50405 0.49595 0.00136496 0.00136496
0.50405 0.49595 0.00136255 0.00136255
0.50396 0.49604 0.00136117 0.00136117
0.50396 0.49604 0.00135929 0.00135929
0.50397 0.49603 0.00136247 0.00136247
0.504 0.496 0.0013636 0.0013636
0.504 0.496 0.00136176 0.00136176
0.50401 0.49599 0.00136452 0.00136452
0.504 0.496 0.00136691 0.00136691
0.504 0.496 0.00136853 0.00136853
0.504 0.496 0.00136519 0.00136519
0.50398 0.49602 0.00136566 0.00136566
0.50404 0.49596 0.00136733 0.00136733
0.50404 0.49596 0.00136531 0.00136531
0.50401 0.49599 0.00136536 0.00136536
0.504 0.496 0.00136228 0.00136228
0.504 0.496 0.00136174 0.00136174
0.504 0.496 0.00136125 0.00136125
0.50403 0.49597 0.00136213 0.00136213
0.50404 0.49596 0.0013618 0.0013618
0.504 0.496 0.00136396 0.00136396
0.50403 0.49597 0.00136506 0.00136506
0.50402 0.49598 0.00136416 0.00136416
0.50402 0.49598 0.0013639 0.0013639
0.50405 0.49595 0.00136201 0.00136201
0.50405 0.49595 0.00136225 0.00136225
0.50403 0.49597 0.00136387 0.00136387
0.50401 0.49599 0.00136217 0.00136217
0.50403 0.49597 0.00136251 0.00136251
0.50404 0.49596 0.00136416 0.00136416
0.50404 0.49596 0.00136283 0.00136283
0.50403 0.49597 0.00136617 0.00136617
0.50402 0.49598 0.00136695 0.00136695
0.50403 0.49597 0.00136754 0.00136754
0.50404 0.49596 0.00136608 0.00136608
0.50404 0.49596 0.00136608 0.00136608
0.50404 0.49596 0.00136701 0.00136701
0.50403 0.49597 0.001367 0.001367
0.50405 0.49595 0.00136688 0.00136688
0.50405 0.49595 0.00136601 0.00136601
0.50405 0.49595 0.00136621 0.00136621
0.50405 0.49595 0.00136621 0.00136621
0.50405 0.49595 0.0013652 0.0013652
0.50402 0.49598 0.00136255 0.00136255
0.50403 0.49597 0.00136215 0.00136215
0.50403 0.49597 0.00136365 0.00136365
0.50403 0.49597 0.00136518 0.00136518
0.50403 0.49597 0.00136605 0.00136605
0.50402 0.49598 0.00136483 0.00136483
0.50401 0.49599 0.00136419 0.00136419
0.50401 0.49599 0.00136419 0.00136419
0.50401 0.49599 0.00136419 0.00136419
0.504 0.496 0.0013636 0.0013636
0.50402 0.49598 0.00136392 0.00136392
0.50402 0.49598 0.00136392 0.00136392
0.504 0.496 0.00136297 0.00136297
0.50399 0.49601 0.0013629 0.0013629
0.50398 0.49602 0.00136436 0.00136436
0.50398 0.49602 0.00136436 0.00136436
0.50397 0.49603 0.00136429 0.00136429
0.50397 0.49603 0.00136429 0.00136429
0.50396 0.49604 0.00136448 0.00136448
0.504 0.496 0.00136547 0.00136547
0.50402 0.49598 0.00136628 0.00136628
0.50402 0.49598 0.00136628 0.00136628
0.50402 0.49598 0.00136382 0.00136382
0.50402 0.49598 0.00136382 0.00136382
0.50402 0.49598 0.00136382 0.00136382
0.504 0.496 0.00136422 0.00136422
0.504 0.496 0.00136422 0.00136422
0.504 0.496 0.00136422 0.00136422
0.504 0.496 0.00136422 0.00136422
0.50398 0.49602 0.00136422 0.00136422
0.50398 0.49602 0.00136422 0.00136422
0.50398 0.49602 0.00136422 0.00136422
0.50398 0.49602 0.00136422 0.00136422
0.50397 0.49603 0.00136318 0.00136318
0.50398 0.49602 0.00136329 0.00136329
0.50396 0.49604 0.00136616 0.00136616
0.50395 0.49605 0.0013652 0.0013652
0.50395 0.49605 0.0013652 0.0013652
0.50395 0.49605 0.00136568 0.00136568
0.50395 0.49605 0.00136568 0.00136568
0.50395 0.49605 0.00136568 0.00136568
0.50396 0.49604 0.00136664 0.00136664
0.50395 0.49605 0.00136657 0.00136657
0.50394 0.49606 0.00136561 0.00136561
0.50395 0.49605 0.00136506 0.00136506
0.50394 0.49606 0.00136434 0.00136434
0.50395 0.49605 0.00136352 0.00136352
0.50395 0.49605 0.00136352 0.00136352
0.50396 0.49604 0.00136424 0.00136424
0.50396 0.49604 0.00136424 0.00136424
0.50396 0.49604 0.00136424 0.00136424
0.50395 0.49605 0.0013633 0.0013633
0.50395 0.49605 0.0013633 0.0013633
0.50395 0.49605 0.0013633 0.0013633
0.50395 0.49605 0.0013633 0.0013633
0.50395 0.49605 0.0013633 0.0013633
0.50395 0.49605 0.0013633 0.0013633
0.50395 0.49605 0.0013633 0.0013633
0.50395 0.49605 0.0013633 0.0013633
0.50395 0.49605 0.0013633 0.0013633
0.50395 0.49605 0.0013633 0.0013633
0.50395 0.49605 0.0013633 0.0013633
0.50394 0.49606 0.00136329 0.00136329
0.50393 0.49607 0.00136384 0.00136384
0.50395 0.49605 0.00136336 0.00136336
0.50395 0.49605 0.00136223 0.00136223
0.50394 0.49606 0.00136216 0.00136216
0.50394 0.49606 0.00136216 0.00136216
0.50394 0.49606 0.00136216 0.00136216
0.50394 0.49606 0.00136216 0.00136216
0.50394 0.49606 0.00136216 0.00136216
0.50394 0.49606 0.00136216 0.00136216
0.50394 0.49606 0.00136216 0.00136216
0.50394 0.49606 0.00136216 0.00136216
0.50394 0.49606 0.00136216 0.00136216
0.50394 0.49606 0.00136216 0.00136216
0.50394 0.49606 0.00136216 0.00136216
0.50394 0.49606 0.00136216 0.00136216
0.50395 0.49605 0.00136223 0.00136223
0.50395 0.49605 0.00136223 0.00136223
0.50395 0.49605 0.00136223 0.00136223
0.50395 0.49605 0.00136223 0.00136223
0.50396 0.49604 0.00136295 0.00136295
0.50396 0.49604 0.00136295 0.00136295
0.50395 0.49605 0.00136223 0.00136223
0.50395 0.49605 0.00136223 0.00136223
0.50395 0.49605 0.00136223 0.00136223
0.50395 0.49605 0.00136223 0.00136223
0.50394 0.49606 0.00136216 0.00136216
0.50394 0.49606 0.00136216 0.00136216
0.50394 0.49606 0.00136216 0.00136216
0.50394 0.49606 0.00136216 0.00136216
0.50394 0.49606 0.00136216 0.00136216
0.50394 0.49606 0.00136216 0.00136216
0.50394 0.49606 0.00136216 0.00136216
0.50394 0.49606 0.00136216 0.00136216
0.50394 0.49606 0.00136216 0.00136216
0.50394 0.49606 0.00136216 0.00136216
0.50394 0.49606 0.00136216 0.00136216
0.50394 0.49606 0.00136216 0.00136216
0.50394 0.49606 0.00136216 0.00136216
0.50394 0.49606 0.00136216 0.00136216
0.50394 0.49606 0.00136216 0.00136216
0.50394 0.49606 0.00136216 0.00136216
0.50394 0.49606 0.00136216 0.00136216
0.50394 0.49606 0.00136216 0.00136216
0.50394 0.49606 0.00136216 0.00136216
0.50394 0.49606 0.00136216 0.00136216
0.50394 0.49606 0.00136216 0.00136216
0.50394 0.49606 0.00136216 0.00136216
0.50394 0.49606 0.00136216 0.00136216
0.50393 0.49607 0.00136186 0.00136186
0.50393 0.49607 0.00136186 0.00136186
0.50393 0.49607 0.00136186 0.00136186
0.50393 0.49607 0.00136186 0.00136186
0.50393 0.49607 0.00136186 0.00136186
0.50393 0.49607 0.00136186 0.00136186
0.50394 0.49606 0.00136216 0.00136216
0.50394 0.49606 0.00136216 0.00136216
0.50394 0.49606 0.00136216 0.00136216
0.50394 0.49606 0.00136216 0.00136216
0.50394 0.49606 0.00136216 0.00136216
0.50394 0.49606 0.00136216 0.00136216
0.50395 0.49605 0.00136223 0.00136223
0.50395 0.49605 0.00136223 0.00136223
0.50395 0.49605 0.00136223 0.00136223
0.50394 0.49606 0.00136216 0.00136216
0.50394 0.49606 0.00136216 0.00136216
0.50394 0.49606 0.00136216 0.00136216
0.50394 0.49606 0.00136216 0.00136216
0.50394 0.49606 0.00136216 0.00136216
0.50394 0.49606 0.00136216 0.00136216
0.50394 0.49606 0.00136216 0.00136216
0.50394 0.49606 0.00136216 0.00136216
0.50394 0.49606 0.00136216 0.00136216
0.50394 0.49606 0.00136216 0.00136216
0.50394 0.49606 0.00136216 0.00136216
0.50394 0.49606 0.00136216 0.00136216
0.50394 0.49606 0.00136216 0.00136216
0.50394 0.49606 0.00136216 0.00136216
0.50394 0.49606 0.00136216 0.00136216
0.50394 0.49606 0.00136216 0.00136216
0.50394 0.49606 0.00136216 0.00136216
0.50394 0.49606 0.00136216 0.00136216
0.50394 0.49606 0.00136216 0.00136216
0.50394 0.49606 0.00136216 0.00136216
0.50394 0.49606 0.00136216 0.00136216
0.50394 0.49606 0.00136216 0.00136216
0.50394 0.49606 0.00136216 0.00136216
0.50394 0.49606 0.00136216 0.00136216
0.50394 0.49606 0.00136216 0.00136216
0.50394 0.49606 0.00136216 0.00136216
0.50394 0.49606 0.00136216 0.00136216
0.50394 0.49606 0.00136216 0.00136216
0.50394 0.49606 0.00136216 0.00136216
0.50394 0.49606 0.00136216 0.00136216
0.50394 0.49606 0.00136216 0.00136216
0.50394 0.49606 0.00136216 0.00136216
0.50394 0.49606 0.00136216 0.00136216
0.50394 0.49606 0.00136216 0.00136216
0.50394 0.49606 0.00136216 0.00136216
0.50394 0.49606 0.00136216 0.00136216
0.50394 0.49606 0.00136216 0.00136216
0.50394 0.49606 0.00136216 0.00136216
0.50394 0.49606 0.00136216 0.00136216
0.50394 0.49606 0.00136216 0.00136216
0.50394 0.49606 0.00136216 0.00136216
0.50394 0.49606 0.00136216 0.00136216
0.50394 0.49606 0.00136216 0.00136216
0.50394 0.49606 0.00136216 0.00136216
0.50394 0.49606 0.00136216 0.00136216
0.50394 0.49606 0.00136216 0.00136216
0.50394 0.49606 0.00136216 0.00136216
0.50394 0.49606 0.00136216 0.00136216
0.50394 0.49606 0.00136216 0.00136216
0.50394 0.49606 0.00136216 0.00136216
0.50394 0.49606 0.00136216 0.00136216
0.50394 0.49606 0.00136216 0.00136216
0.50394 0.49606 0.00136216 0.00136216
0.50394 0.49606 0.00136216 0.00136216
0.50394 0.49606 0.00136216 0.00136216
0.50394 0.49606 0.00136216 0.00136216
0.50394 0.49606 0.00136216 0.00136216
0.50394 0.49606 0.00136216 0.00136216
0.50394 0.49606 0.00136216 0.00136216
0.50394 0.49606 0.00136216 0.00136216
0.50393 0.49607 0.00136186 0.00136186
0.50393 0.49607 0.00136186 0.00136186
0.50393 0.49607 0.00136186 0.00136186
0.50393 0.49607 0.00136186 0.00136186
0.50393 0.49607 0.00136186 0.00136186
0.50393 0.49607 0.00136186 0.00136186
0.50393 0.49607 0.00136186 0.00136186
0.50393 0.49607 0.00136186 0.00136186
0.50393 0.49607 0.00136186 0.00136186
0.50393 0.49607 0.00136186 0.00136186
0.50393 0.49607 0.00136186 0.00136186
0.50393 0.49607 0.00136186 0.00136186
0.50393 0.49607 0.00136186 0.00136186
0.50394 0.49606 0.00136216 0.00136216
0.50394 0.49606 0.00136216 0.00136216
0.50394 0.49606 0.00136216 0.00136216
0.50394 0.49606 0.00136216 0.00136216
0.50394 0.49606 0.00136216 0.00136216
0.50394 0.49606 0.00136216 0.00136216
0.50394 0.49606 0.00136216 0.00136216
0.50394 0.49606 0.00136216 0.00136216
0.50394 0.49606 0.00136216 0.00136216
0.50394 0.49606 0.00136216 0.00136216
0.50394 0.49606 0.00136216 0.00136216
0.50394 0.49606 0.00136216 0.00136216
0.50394 0.49606 0.00136216 0.00136216
0.50394 0.49606 0.00136216 0.00136216
0.50394 0.49606 0.00136216 0.00136216
0.50394 0.49606 0.00136216 0.00136216
0.50394 0.49606 0.00136216 0.00136216
0.50394 0.49606 0.00136216 0.00136216
0.50394 0.49606 0.00136216 0.00136216
0.50394 0.49606 0.00136216 0.00136216
0.50394 0.49606 0.00136216 0.00136216
0.50394 0.49606 0.00136216 0.00136216
0.50394 0.49606 0.00136216 0.00136216
0.50394 0.49606 0.00136216 0.00136216
0.50394 0.49606 0.00136216 0.00136216
0.50393 0.49607 0.00136186 0.00136186
0.50393 0.49607 0.00136186 0.00136186
0.50393 0.49607 0.00136186 0.00136186
0.50393 0.49607 0.00136186 0.00136186
0.50393 0.49607 0.00136186 0.00136186
0.50393 0.49607 0.00136186 0.00136186
0.50393 0.49607 0.00136186 0.00136186
0.50393 0.49607 0.00136186 0.00136186
0.50393 0.49607 0.00136186 0.00136186
0.50393 0.49607 0.00136186 0.00136186
0.50393 0.49607 0.00136186 0.00136186
0.50393 0.49607 0.00136186 0.00136186
0.50394 0.49606 0.00136216 0.00136216
0.50394 0.49606 0.00136216 0.00136216
0.50394 0.49606 0.00136216 0.00136216
0.50394 0.49606 0.00136216 0.00136216
0.50394 0.49606 0.00136216 0.00136216
0.50393 0.49607 0.00136186 0.00136186
0.50393 0.49607 0.00136186 0.00136186
0.50393 0.49607 0.00136186 0.00136186
0.50393 0.49607 0.00136186 0.00136186
0.50393 0.49607 0.00136186 0.00136186
0.50393 0.49607 0.00136186 0.00136186
0.50393 0.49607 0.00136186 0.00136186
0.50394 0.49606 0.00136216 0.00136216
0.50394 0.49606 0.00136216 0.00136216
0.50394 0.49606 0.00136216 0.00136216
0.50394 0.49606 0.00136216 0.00136216
0.50394 0.49606 0.00136216 0.00136216
0.50394 0.49606 0.00136216 0.00136216
0.50394 0.49606 0.00136216 0.00136216
0.50394 0.49606 0.00136216 0.00136216
0.50394 0.49606 0.00136216 0.00136216
0.50394 0.49606 0.00136216 0.00136216
0.50394 0.49606 0.00136216 0.00136216
0.50394 0.49606 0.00136216 0.00136216
0.50394 0.49606 0.00136216 0.00136216
0.50394 0.49606 0.00136216 0.00136216
0.50394 0.49606 0.00136216 0.00136216
0.50394 0.49606 0.00136216 0.00136216
0.50394 0.49606 0.00136216 0.00136216
0.50394 0.49606 0.00136216 0.00136216
0.50394 0.49606 0.00136216 0.00136216
0.50394 0.49606 0.00136216 0.00136216
0.50394 0.49606 0.00136216 0.00136216
0.50394 0.49606 0.00136216 0.00136216
0.50394 0.49606 0.00136216 0.00136216
0.50394 0.49606 0.00136216 0.00136216
0.50394 0.49606 0.00136216 0.00136216
0.50394 0.49606 0.00136216 0.00136216
0.50394 0.49606 0.00136216 0.00136216
0.50394 0.49606 0.00136216 0.00136216
0.50394 0.49606 0.00136216 0.00136216
0.50394 0.49606 0.00136216 0.00136216
0.50394 0.49606 0.00136216 0.00136216
0.50394 0.49606 0.00136216 0.00136216
0.50394 0.49606 0.00136216 0.00136216
0.50394 0.49606 0.00136216 0.00136216
0.50394 0.49606 0.00136216 0.00136216
0.50394 0.49606 0.00136216 0.00136216
0.50394 0.49606 0.00136216 0.00136216
0.50394 0.49606 0.00136216 0.00136216
0.50394 0.49606 0.00136216 0.00136216
0.50394 0.49606 0.00136216 0.00136216
0.50394 0.49606 0.00136216 0.00136216
0.50394 0.49606 0.00136216 0.00136216
0.50394 0.49606 0.00136216 0.00136216
0.50394 0.49606 0.00136216 0.00136216
0.50394 0.49606 0.00136216 0.00136216
0.50394 0.49606 0.00136216 0.00136216
0.50394 0.49606 0.00136216 0.00136216
0.50394 0.49606 0.00136216 0.00136216
0.50394 0.49606 0.00136216 0.00136216
0.50394 0.49606 0.00136216 0.00136216
0.50394 0.49606 0.00136216 0.00136216
0.50394 0.49606 0.00136216 0.00136216
0.50394 0.49606 0.00136216 0.00136216
0.50393 0.49607 0.00136186 0.00136186
0.50393 0.49607 0.00136186 0.00136186
0.50393 0.49607 0.00136186 0.00136186
0.50393 0.49607 0.00136186 0.00136186
0.50393 0.49607 0.00136186 0.00136186
0.50393 0.49607 0.00136186 0.00136186
0.50393 0.49607 0.00136186 0.00136186
0.50393 0.49607 0.00136186 0.00136186
0.50393 0.49607 0.00136186 0.00136186
0.50393 0.49607 0.00136186 0.00136186
0.50393 0.49607 0.00136186 0.00136186
0.50393 0.49607 0.00136186 0.00136186
0.50393 0.49607 0.00136186 0.00136186
0.50394 0.49606 0.00136216 0.00136216
0.50394 0.49606 0.00136216 0.00136216
0.50394 0.49606 0.00136216 0.00136216
0.50394 0.49606 0.00136216 0.00136216
0.50394 0.49606 0.00136216 0.00136216
0.50394 0.49606 0.00136216 0.00136216
0.50394 0.49606 0.00136216 0.00136216
0.50394 0.49606 0.00136216 0.00136216
0.50394 0.49606 0.00136216 0.00136216
0.50394 0.49606 0.00136216 0.00136216
0.50394 0.49606 0.00136216 0.00136216
0.50394 0.49606 0.00136216 0.00136216
0.50394 0.49606 0.00136216 0.00136216
0.50394 0.49606 0.00136216 0.00136216
0.50394 0.49606 0.00136216 0.00136216
0.50394 0.49606 0.00136216 0.00136216
0.50394 0.49606 0.00136216 0.00136216
0.50394 0.49606 0.00136216 0.00136216
0.50394 0.49606 0.00136216 0.00136216
0.50394 0.49606 0.00136216 0.00136216
0.50394 0.49606 0.00136216 0.00136216
0.50394 0.49606 0.00136216 0.00136216
0.50394 0.49606 0.00136216 0.00136216
0.50394 0.49606 0.00136216 0.00136216
0.50393 0.49607 0.00136186 0.00136186
0.50394 0.49606 0.00136216 0.00136216
0.50394 0.49606 0.00136216 0.00136216
0.50394 0.49606 0.00136216 0.00136216
0.50394 0.49606 0.00136216 0.00136216
