0.5003 0.4997 6.63535e-05 6.63535e-05
0.50046 0.49954 0.000138433 0.000138433
0.50001 0.49999 0.00021199 0.00021199
0.50043 0.49957 0.00031649 0.00031649
0.49813 0.50187 0.0003807 0.0003807
0.49859 0.50141 0.000504891 0.000504891
0.49826 0.50174 0.000609285 0.000609285
0.49759 0.50241 0.000705133 0.000705133
0.49733 0.50267 0.000778587 0.000778587
0.49787 0.50213 0.000792922 0.000792922
0.49812 0.50188 0.00090946 0.00090946
0.4987 0.5013 0.000924515 0.000924515
0.49694 0.50306 0.00099238 0.00099238
0.49621 0.50379 0.00103687 0.00103687
0.49629 0.50371 0.00116516 0.00116516
0.49492 0.50508 0.00127102 0.00127102
0.49447 0.50553 0.00132298 0.00132298
0.49473 0.50527 0.00134056 0.00134056
0.49606 0.50394 0.00139351 0.00139351
0.49708 0.50292 0.00141147 0.00141147
0.49762 0.50238 0.00146909 0.00146909
0.49749 0.50251 0.0014554 0.0014554
0.49626 0.50374 0.00153593 0.00153593
0.49547 0.50453 0.00156356 0.00156356
0.49559 0.50441 0.00161408 0.00161408
0.49508 0.50492 0.00160779 0.00160779
0.49547 0.50453 0.00170413 0.00170413
0.49451 0.50549 0.00164809 0.00164809
0.49452 0.50548 0.00170017 0.00170017
0.49363 0.50637 0.00187371 0.00187371
0.49367 0.50633 0.00184857 0.00184857
0.49348 0.50652 0.00177538 0.00177538
0.49366 0.50634 0.00178677 0.00178677
0.49472 0.50528 0.00175764 0.00175764
0.4951 0.5049 0.00171856 0.00171856
0.49499 0.50501 0.00172201 0.00172201
0.49425 0.50575 0.00169104 0.00169104
0.49347 0.50653 0.00172823 0.00172823
0.49276 0.50724 0.00173653 0.00173653
0.49432 0.50568 0.00179155 0.00179155
0.49501 0.50499 0.00179583 0.00179583
0.49398 0.50602 0.00181398 0.00181398
0.49459 0.50541 0.00171439 0.00171439
0.49484 0.50516 0.00154969 0.00154969
0.49479 0.50521 0.00147718 0.00147718
0.49519 0.50481 0.00153201 0.00153201
0.4948 0.5052 0.00146303 0.00146303
0.4948 0.5052 0.00152131 0.00152131
0.49499 0.50501 0.0014773 0.0014773
0.49594 0.50406 0.00146824 0.00146824
0.49689 0.50311 0.00140196 0.00140196
0.49642 0.50358 0.00149295 0.00149295
0.49478 0.50522 0.0014632 0.0014632
0.495 0.505 0.00143176 0.00143176
0.49521 0.50479 0.0015777 0.0015777
0.49594 0.50406 0.00151588 0.00151588
0.49666 0.50334 0.00153459 0.00153459
0.49674 0.50326 0.00157076 0.00157076
0.49608 0.50392 0.00148256 0.00148256
0.49645 0.50355 0.00156306 0.00156306
0.4962 0.5038 0.00152012 0.00152012
0.49549 0.50451 0.00159573 0.00159573
0.49465 0.50535 0.00152912 0.00152912
0.49443 0.50557 0.00160485 0.00160485
0.49355 0.50645 0.00160847 0.00160847
0.49392 0.50608 0.00158044 0.00158044
0.49317 0.50683 0.00161255 0.00161255
0.49235 0.50765 0.00159938 0.00159938
0.49311 0.50689 0.00167622 0.00167622
0.49378 0.50622 0.00170128 0.00170128
0.49438 0.50562 0.00165961 0.00165961
0.49414 0.50586 0.00165816 0.00165816
0.49411 0.50589 0.00164517 0.00164517
0.49387 0.50613 0.00156118 0.00156118
0.49479 0.50521 0.00152469 0.00152469
0.49451 0.50549 0.00161466 0.00161466
0.49453 0.50547 0.00160678 0.00160678
0.49468 0.50532 0.00166373 0.00166373
0.49359 0.50641 0.00167101 0.00167101
0.49198 0.50802 0.00161978 0.00161978
0.49145 0.50855 0.00163956 0.00163956
0.4915 0.5085 0.00167854 0.00167854
0.49187 0.50813 0.00165716 0.00165716
0.49303 0.50697 0.00182037 0.00182037
0.49298 0.50702 0.0016999 0.0016999
0.49266 0.50734 0.00179994 0.00179994
0.49206 0.50794 0.0017468 0.0017468
0.49183 0.50817 0.001624 0.001624
0.49139 0.50861 0.00167596 0.00167596
0.49269 0.50731 0.00174694 0.00174694
0.49487 0.50513 0.00180834 0.00180834
0.49609 0.50391 0.00169936 0.00169936
0.49437 0.50563 0.00174159 0.00174159
0.49513 0.50487 0.0016927 0.0016927
0.49521 0.50479 0.00171966 0.00171966
0.49541 0.50459 0.00166422 0.00166422
0.49562 0.50438 0.00165317 0.00165317
0.49491 0.50509 0.00164208 0.00164208
0.49475 0.50525 0.00173455 0.00173455
0.49604 0.50396 0.00176232 0.00176232
0.49587 0.50413 0.00174749 0.00174749
0.49526 0.50474 0.00175076 0.00175076
0.49658 0.50342 0.00176057 0.00176057
0.49591 0.50409 0.0017723 0.0017723
0.4955 0.5045 0.00178692 0.00178692
0.49452 0.50548 0.001819 0.001819
0.49484 0.50516 0.00177304 0.00177304
0.49603 0.50397 0.00175197 0.00175197
0.49655 0.50345 0.00172029 0.00172029
0.49666 0.50334 0.00166219 0.00166219
0.49607 0.50393 0.00159158 0.00159158
0.49688 0.50312 0.0015937 0.0015937
0.49649 0.50351 0.00159781 0.00159781
0.49605 0.50395 0.00163738 0.00163738
0.49546 0.50454 0.00160946 0.00160946
0.49587 0.50413 0.00167607 0.00167607
0.4959 0.5041 0.00163785 0.00163785
0.49569 0.50431 0.0015707 0.0015707
0.49641 0.50359 0.00151736 0.00151736
0.49588 0.50412 0.00151079 0.00151079
0.49591 0.50409 0.00136463 0.00136463
0.49516 0.50484 0.00141153 0.00141153
0.49528 0.50472 0.00142875 0.00142875
0.49497 0.50503 0.00143744 0.00143744
0.49394 0.50606 0.00142737 0.00142737
0.49433 0.50567 0.00145461 0.00145461
0.49436 0.50564 0.00146403 0.00146403
0.49464 0.50536 0.00144542 0.00144542
0.49448 0.50552 0.00138611 0.00138611
0.49346 0.50654 0.00144805 0.00144805
0.4934 0.5066 0.00143329 0.00143329
0.49286 0.50714 0.00141095 0.00141095
0.49305 0.50695 0.0015109 0.0015109
0.49263 0.50737 0.00159042 0.00159042
0.49236 0.50764 0.00160296 0.00160296
0.49176 0.50824 0.00163624 0.00163624
0.49232 0.50768 0.00166424 0.00166424
0.49316 0.50684 0.00171533 0.00171533
0.49336 0.50664 0.0016693 0.0016693
0.49294 0.50706 0.00164272 0.00164272
0.49453 0.50547 0.00172084 0.00172084
0.49425 0.50575 0.00168583 0.00168583
0.49453 0.50547 0.0016989 0.0016989
0.49499 0.50501 0.00171894 0.00171894
0.49487 0.50513 0.00172644 0.00172644
0.49481 0.50519 0.00170088 0.00170088
0.49468 0.50532 0.00169216 0.00169216
0.49307 0.50693 0.00169823 0.00169823
0.49444 0.50556 0.00170213 0.00170213
0.49381 0.50619 0.00174882 0.00174882
0.49328 0.50672 0.00161344 0.00161344
0.49269 0.50731 0.00160603 0.00160603
0.49229 0.50771 0.00162566 0.00162566
0.49233 0.50767 0.00161592 0.00161592
0.49379 0.50621 0.00162352 0.00162352
0.49342 0.50658 0.00159316 0.00159316
0.49411 0.50589 0.00154287 0.00154287
0.49416 0.50584 0.00158193 0.00158193
0.49284 0.50716 0.00164618 0.00164618
0.49383 0.50617 0.00163885 0.00163885
0.49277 0.50723 0.00157226 0.00157226
0.49368 0.50632 0.00163046 0.00163046
0.4941 0.5059 0.00163963 0.00163963
0.49459 0.50541 0.0016034 0.0016034
0.49435 0.50565 0.0017049 0.0017049
0.49396 0.50604 0.0017557 0.0017557
0.49386 0.50614 0.00176889 0.00176889
0.49356 0.50644 0.00181766 0.00181766
0.49426 0.50574 0.00181221 0.00181221
0.49336 0.50664 0.00178799 0.00178799
0.4937 0.5063 0.00170203 0.00170203
0.49321 0.50679 0.00169952 0.00169952
0.49388 0.50612 0.00165829 0.00165829
0.49527 0.50473 0.00177755 0.00177755
0.4957 0.5043 0.0016768 0.0016768
0.49485 0.50515 0.00167991 0.00167991
0.49453 0.50547 0.0017631 0.0017631
0.49534 0.50466 0.00170524 0.00170524
0.49514 0.50486 0.00172531 0.00172531
0.49526 0.50474 0.0017483 0.0017483
0.4946 0.5054 0.0017323 0.0017323
0.49424 0.50576 0.00173285 0.00173285
0.49389 0.50611 0.00164068 0.00164068
0.49415 0.50585 0.00166558 0.00166558
0.49534 0.50466 0.00164235 0.00164235
0.49539 0.50461 0.00157911 0.00157911
0.49538 0.50462 0.00158389 0.00158389
0.49493 0.50507 0.00158851 0.00158851
0.49648 0.50352 0.00168355 0.00168355
0.49626 0.50374 0.00166828 0.00166828
0.49687 0.50313 0.00174676 0.00174676
0.49707 0.50293 0.00176479 0.00176479
0.49739 0.50261 0.00185822 0.00185822
0.4967 0.5033 0.00187641 0.00187641
0.49598 0.50402 0.00184711 0.00184711
0.49648 0.50352 0.00185882 0.00185882
0.49668 0.50332 0.00171487 0.00171487
0.49633 0.50367 0.00178711 0.00178711
0.4964 0.5036 0.00177436 0.00177436
0.49627 0.50373 0.00186872 0.00186872
0.49617 0.50383 0.00183841 0.00183841
0.49606 0.50394 0.00177058 0.00177058
0.49656 0.50344 0.00173799 0.00173799
0.49692 0.50308 0.0017542 0.0017542
0.49673 0.50327 0.00172551 0.00172551
0.49722 0.50278 0.00179304 0.00179304
0.49771 0.50229 0.00179023 0.00179023
0.49832 0.50168 0.00181254 0.00181254
0.49682 0.50318 0.00185682 0.00185682
0.49576 0.50424 0.00173899 0.00173899
0.49496 0.50504 0.001724 0.001724
0.49482 0.50518 0.00173473 0.00173473
0.49476 0.50524 0.00173204 0.00173204
0.49509 0.50491 0.00168445 0.00168445
0.49486 0.50514 0.00174568 0.00174568
0.49461 0.50539 0.00181792 0.00181792
0.4954 0.5046 0.00180038 0.00180038
0.4961 0.5039 0.00177856 0.00177856
0.49604 0.50396 0.00187224 0.00187224
0.4967 0.5033 0.00196765 0.00196765
0.49649 0.50351 0.00194334 0.00194334
0.49654 0.50346 0.0018976 0.0018976
0.49579 0.50421 0.00196227 0.00196227
0.49541 0.50459 0.00199576 0.00199576
0.49541 0.50459 0.00190071 0.00190071
0.49607 0.50393 0.00189358 0.00189358
0.49601 0.50399 0.001871 0.001871
0.49526 0.50474 0.00187365 0.00187365
0.49512 0.50488 0.00192805 0.00192805
0.49507 0.50493 0.00191316 0.00191316
0.49546 0.50454 0.0020052 0.0020052
0.49632 0.50368 0.0019624 0.0019624
0.49549 0.50451 0.00201696 0.00201696
0.49564 0.50436 0.00201571 0.00201571
0.49577 0.50423 0.00187224 0.00187224
0.49519 0.50481 0.00183967 0.00183967
0.49617 0.50383 0.00190158 0.00190158
0.49664 0.50336 0.00188241 0.00188241
0.49647 0.50353 0.0019108 0.0019108
0.49564 0.50436 0.00190118 0.00190118
0.49556 0.50444 0.00183728 0.00183728
0.49574 0.50426 0.00194666 0.00194666
0.49372 0.50628 0.0019923 0.0019923
0.49388 0.50612 0.0019832 0.0019832
0.49466 0.50534 0.00200251 0.00200251
0.49533 0.50467 0.00194049 0.00194049
0.49542 0.50458 0.00193237 0.00193237
0.49507 0.50493 0.00192649 0.00192649
0.49514 0.50486 0.00192519 0.00192519
0.49553 0.50447 0.00187152 0.00187152
0.49495 0.50505 0.00194892 0.00194892
0.49623 0.50377 0.00193452 0.00193452
0.49646 0.50354 0.0018909 0.0018909
0.49669 0.50331 0.00183098 0.00183098
0.49722 0.50278 0.00181646 0.00181646
0.49746 0.50254 0.00185411 0.00185411
0.49648 0.50352 0.00186623 0.00186623
0.4967 0.5033 0.0018834 0.0018834
0.49651 0.50349 0.00195742 0.00195742
0.49638 0.50362 0.00192321 0.00192321
0.49712 0.50288 0.00190287 0.00190287
0.49546 0.50454 0.00197362 0.00197362
0.49574 0.50426 0.00202541 0.00202541
0.49463 0.50537 0.00203755 0.00203755
0.4956 0.5044 0.0021096 0.0021096
0.49534 0.50466 0.00212174 0.00212174
0.49416 0.50584 0.00221846 0.00221846
0.49421 0.50579 0.00221122 0.00221122
0.49437 0.50563 0.00219858 0.00219858
0.49403 0.50597 0.0021269 0.0021269
0.49398 0.50602 0.00206151 0.00206151
0.49429 0.50571 0.00207096 0.00207096
0.49463 0.50537 0.0019806 0.0019806
0.49446 0.50554 0.00194173 0.00194173
0.49489 0.50511 0.00196376 0.00196376
0.49508 0.50492 0.00197803 0.00197803
0.49458 0.50542 0.00193734 0.00193734
0.49392 0.50608 0.00204327 0.00204327
0.4936 0.5064 0.00204756 0.00204756
0.49362 0.50638 0.00203208 0.00203208
0.49364 0.50636 0.002087 0.002087
0.49517 0.50483 0.00218517 0.00218517
0.4949 0.5051 0.00222748 0.00222748
0.49599 0.50401 0.00214454 0.00214454
0.49527 0.50473 0.00220446 0.00220446
0.49488 0.50512 0.00208296 0.00208296
0.49457 0.50543 0.00207566 0.00207566
0.49399 0.50601 0.00211781 0.00211781
0.49548 0.50452 0.00215185 0.00215185
0.49536 0.50464 0.00220664 0.00220664
0.49603 0.50397 0.00221292 0.00221292
0.49636 0.50364 0.00220318 0.00220318
0.49585 0.50415 0.00221902 0.00221902
0.49524 0.50476 0.00240667 0.00240667
0.49511 0.50489 0.00238329 0.00238329
0.4938 0.5062 0.00247287 0.00247287
0.49361 0.50639 0.00240127 0.00240127
0.49343 0.50657 0.00234706 0.00234706
0.4933 0.5067 0.00224227 0.00224227
0.49412 0.50588 0.00222902 0.00222902
0.49329 0.50671 0.00223199 0.00223199
0.49328 0.50672 0.00227847 0.00227847
0.49351 0.50649 0.00234393 0.00234393
0.49328 0.50672 0.00237796 0.00237796
0.49302 0.50698 0.00246545 0.00246545
0.49412 0.50588 0.00256023 0.00256023
0.49362 0.50638 0.00248527 0.00248527
0.49471 0.50529 0.00247142 0.00247142
0.49552 0.50448 0.00236429 0.00236429
0.49486 0.50514 0.00249651 0.00249651
0.49434 0.50566 0.00234889 0.00234889
0.49513 0.50487 0.00230177 0.00230177
0.49604 0.50396 0.00236717 0.00236717
0.49549 0.50451 0.00223694 0.00223694
0.49593 0.50407 0.00221558 0.00221558
0.49648 0.50352 0.00217108 0.00217108
0.49605 0.50395 0.00230067 0.00230067
0.4949 0.5051 0.0024187 0.0024187
0.49485 0.50515 0.00230223 0.00230223
0.49522 0.50478 0.00233518 0.00233518
0.49473 0.50527 0.00229026 0.00229026
0.49534 0.50466 0.00241681 0.00241681
0.49349 0.50651 0.00233237 0.00233237
0.49274 0.50726 0.00232527 0.00232527
0.49408 0.50592 0.00236876 0.00236876
0.49346 0.50654 0.0024832 0.0024832
0.49375 0.50625 0.00251853 0.00251853
0.49498 0.50502 0.00250584 0.00250584
0.49603 0.50397 0.00255629 0.00255629
0.49474 0.50526 0.00247518 0.00247518
0.49588 0.50412 0.00247786 0.00247786
0.49547 0.50453 0.00241322 0.00241322
0.49517 0.50483 0.00239103 0.00239103
0.49532 0.50468 0.00232491 0.00232491
0.49493 0.50507 0.00231974 0.00231974
0.49596 0.50404 0.00237703 0.00237703
0.49667 0.50333 0.00234402 0.00234402
0.4976 0.5024 0.00244097 0.00244097
0.4965 0.5035 0.0024766 0.0024766
0.49637 0.50363 0.00241961 0.00241961
0.49562 0.50438 0.00237339 0.00237339
0.49567 0.50433 0.00233131 0.00233131
0.49564 0.50436 0.00249007 0.00249007
0.49628 0.50372 0.00252608 0.00252608
0.49616 0.50384 0.00250931 0.00250931
0.49559 0.50441 0.00251782 0.00251782
0.49407 0.50593 0.00247853 0.00247853
0.49428 0.50572 0.0025121 0.0025121
0.49382 0.50618 0.00258387 0.00258387
0.49569 0.50431 0.00252185 0.00252185
0.49572 0.50428 0.00265996 0.00265996
0.49508 0.50492 0.00255987 0.00255987
0.4951 0.5049 0.00259201 0.00259201
0.49453 0.50547 0.00261754 0.00261754
0.49503 0.50497 0.00259314 0.00259314
0.49486 0.50514 0.00248612 0.00248612
0.49432 0.50568 0.0025199 0.0025199
0.49408 0.50592 0.0025031 0.0025031
0.49519 0.50481 0.00250969 0.00250969
0.4944 0.5056 0.0024536 0.0024536
0.49433 0.50567 0.00246245 0.00246245
0.49446 0.50554 0.00250956 0.00250956
0.49434 0.50566 0.00233568 0.00233568
0.49393 0.50607 0.00244887 0.00244887
0.49448 0.50552 0.00250456 0.00250456
0.49422 0.50578 0.00251868 0.00251868
0.49303 0.50697 0.00254855 0.00254855
0.49293 0.50707 0.00254609 0.00254609
0.49333 0.50667 0.00240283 0.00240283
0.49321 0.50679 0.00238556 0.00238556
0.49335 0.50665 0.00253603 0.00253603
0.49366 0.50634 0.00252794 0.00252794
0.4937 0.5063 0.00253577 0.00253577
0.49366 0.50634 0.0024459 0.0024459
0.49338 0.50662 0.00237309 0.00237309
0.49379 0.50621 0.0023597 0.0023597
0.49474 0.50526 0.00243527 0.00243527
0.49523 0.50477 0.0024843 0.0024843
0.49618 0.50382 0.00245037 0.00245037
0.49644 0.50356 0.00253904 0.00253904
0.49598 0.50402 0.0024938 0.0024938
0.49706 0.50294 0.00255727 0.00255727
0.49651 0.50349 0.00245112 0.00245112
0.49623 0.50377 0.00257145 0.00257145
0.49492 0.50508 0.00265925 0.00265925
0.49487 0.50513 0.00264864 0.00264864
0.49429 0.50571 0.00256892 0.00256892
0.49407 0.50593 0.00245457 0.00245457
0.49393 0.50607 0.00246796 0.00246796
0.49315 0.50685 0.00252526 0.00252526
0.49385 0.50615 0.0025108 0.0025108
0.49447 0.50553 0.0024931 0.0024931
0.49314 0.50686 0.00244972 0.00244972
0.49325 0.50675 0.0024548 0.0024548
0.49372 0.50628 0.00243798 0.00243798
0.49508 0.50492 0.00235626 0.00235626
0.49598 0.50402 0.00224812 0.00224812
0.49587 0.50413 0.00223185 0.00223185
0.49502 0.50498 0.00228158 0.00228158
0.49409 0.50591 0.00233002 0.00233002
0.49375 0.50625 0.00223722 0.00223722
0.49405 0.50595 0.00223199 0.00223199
0.49461 0.50539 0.00222725 0.00222725
0.49473 0.50527 0.00236367 0.00236367
0.49447 0.50553 0.00237433 0.00237433
0.49491 0.50509 0.00229655 0.00229655
0.49551 0.50449 0.00226445 0.00226445
0.49529 0.50471 0.0023212 0.0023212
0.49579 0.50421 0.00235443 0.00235443
0.49406 0.50594 0.00223626 0.00223626
0.49463 0.50537 0.00226321 0.00226321
0.49538 0.50462 0.00233664 0.00233664
0.49498 0.50502 0.00224608 0.00224608
0.49484 0.50516 0.00231521 0.00231521
0.49498 0.50502 0.00234329 0.00234329
0.49394 0.50606 0.0024042 0.0024042
0.4944 0.5056 0.00234806 0.00234806
0.49482 0.50518 0.00237346 0.00237346
0.4952 0.5048 0.002496 0.002496
0.49561 0.50439 0.00240123 0.00240123
0.49548 0.50452 0.00239207 0.00239207
0.4952 0.5048 0.00237513 0.00237513
0.49519 0.50481 0.00245197 0.00245197
0.49495 0.50505 0.00241716 0.00241716
0.49451 0.50549 0.00242775 0.00242775
0.49588 0.50412 0.00243328 0.00243328
0.4942 0.5058 0.00242238 0.00242238
0.49371 0.50629 0.00246356 0.00246356
0.49353 0.50647 0.00246888 0.00246888
0.4943 0.5057 0.00251052 0.00251052
0.4952 0.5048 0.002578 0.002578
0.49472 0.50528 0.00254804 0.00254804
0.49534 0.50466 0.00246637 0.00246637
0.49486 0.50514 0.00243548 0.00243548
0.49497 0.50503 0.00258136 0.00258136
0.49415 0.50585 0.00255377 0.00255377
0.49496 0.50504 0.00253937 0.00253937
0.49432 0.50568 0.00244258 0.00244258
0.49408 0.50592 0.00232787 0.00232787
0.49515 0.50485 0.00231197 0.00231197
0.49437 0.50563 0.00237056 0.00237056
0.49373 0.50627 0.0024723 0.0024723
0.49423 0.50577 0.00253975 0.00253975
0.49501 0.50499 0.00259534 0.00259534
0.49659 0.50341 0.0025578 0.0025578
0.4972 0.5028 0.00260192 0.00260192
0.49734 0.50266 0.00251596 0.00251596
0.49746 0.50254 0.00249536 0.00249536
0.49759 0.50241 0.0024717 0.0024717
0.49615 0.50385 0.00247431 0.00247431
0.49526 0.50474 0.00241577 0.00241577
0.49504 0.50496 0.00231743 0.00231743
0.49582 0.50418 0.00235015 0.00235015
0.49573 0.50427 0.00239717 0.00239717
0.49517 0.50483 0.00230958 0.00230958
0.49476 0.50524 0.00233513 0.00233513
0.49447 0.50553 0.00236492 0.00236492
0.49502 0.50498 0.00235766 0.00235766
0.49437 0.50563 0.00230535 0.00230535
0.49515 0.50485 0.00222195 0.00222195
0.49497 0.50503 0.00220569 0.00220569
0.49562 0.50438 0.00223715 0.00223715
0.49707 0.50293 0.00238649 0.00238649
0.49629 0.50371 0.00241847 0.00241847
0.49594 0.50406 0.00253785 0.00253785
0.49705 0.50295 0.00260566 0.00260566
0.498 0.502 0.00254695 0.00254695
0.49762 0.50238 0.00255224 0.00255224
0.49765 0.50235 0.00267777 0.00267777
0.49768 0.50232 0.00272606 0.00272606
0.49637 0.50363 0.00264446 0.00264446
0.4962 0.5038 0.00258313 0.00258313
0.49672 0.50328 0.00267253 0.00267253
0.49795 0.50205 0.00261302 0.00261302
0.49845 0.50155 0.00270073 0.00270073
0.4994 0.5006 0.00277069 0.00277069
0.4992 0.5008 0.00270612 0.00270612
0.49904 0.50096 0.00258137 0.00258137
0.49761 0.50239 0.00254935 0.00254935
0.49816 0.50184 0.00256573 0.00256573
0.49738 0.50262 0.00255458 0.00255458
0.49745 0.50255 0.00269152 0.00269152
0.49744 0.50256 0.00267253 0.00267253
0.49706 0.50294 0.00267024 0.00267024
0.49674 0.50326 0.00268389 0.00268389
0.49645 0.50355 0.00255944 0.00255944
0.49559 0.50441 0.00252426 0.00252426
0.4953 0.5047 0.00253381 0.00253381
0.49522 0.50478 0.0024169 0.0024169
0.4956 0.5044 0.00239335 0.00239335
0.49632 0.50368 0.00239062 0.00239062
0.49592 0.50408 0.0023683 0.0023683
0.49623 0.50377 0.00249561 0.00249561
0.49671 0.50329 0.00248176 0.00248176
0.49645 0.50355 0.00239829 0.00239829
0.49751 0.50249 0.00235468 0.00235468
0.49798 0.50202 0.00241663 0.00241663
0.49812 0.50188 0.00242453 0.00242453
0.49858 0.50142 0.00233499 0.00233499
0.4989 0.5011 0.00238399 0.00238399
