0.49998 0.50002 1.75147e-05 1.75147e-05
0.50005 0.49995 2.75227e-05 2.75227e-05
0.50005 0.49995 5.0553e-05 5.0553e-05
0.50046 0.49954 6.33216e-05 6.33216e-05
0.50038 0.49962 9.0844e-05 9.0844e-05
0.50028 0.49972 0.000115194 0.000115194
0.50027 0.49973 0.000119613 0.000119613
0.50068 0.49932 0.000113573 0.000113573
0.50068 0.49932 0.000123048 0.000123048
0.50044 0.49956 0.000135724 0.000135724
0.49967 0.50033 0.000126506 0.000126506
0.50013 0.49987 0.000126478 0.000126478
0.50038 0.49962 0.000137006 0.000137006
0.49995 0.50005 0.000134896 0.000134896
0.49942 0.50058 0.000146206 0.000146206
0.50053 0.49947 0.000158029 0.000158029
0.50038 0.49962 0.000163672 0.000163672
0.50106 0.49894 0.000159067 0.000159067
0.50212 0.49788 0.000172935 0.000172935
0.50181 0.49819 0.000171913 0.000171913
0.50158 0.49842 0.000171196 0.000171196
0.50174 0.49826 0.000175467 0.000175467
0.50153 0.49847 0.000163322 0.000163322
0.50174 0.49826 0.000178275 0.000178275
0.50118 0.49882 0.000191886 0.000191886
0.50086 0.49914 0.000198687 0.000198687
0.50006 0.49994 0.000204097 0.000204097
0.50024 0.49976 0.000196366 0.000196366
0.50026 0.49974 0.000198497 0.000198497
0.50049 0.49951 0.000198818 0.000198818
0.49952 0.50048 0.000196192 0.000196192
0.49952 0.50048 0.000202091 0.000202091
0.50017 0.49983 0.000229557 0.000229557
0.5009 0.4991 0.000213444 0.000213444
0.50071 0.49929 0.000198349 0.000198349
0.5013 0.4987 0.000204374 0.000204374
0.5015 0.4985 0.000210859 0.000210859
0.50132 0.49868 0.000207917 0.000207917
0.50138 0.49862 0.000207369 0.000207369
0.50042 0.49958 0.000186549 0.000186549
0.50131 0.49869 0.000179347 0.000179347
0.50128 0.49872 0.000164486 0.000164486
0.50143 0.49857 0.000169359 0.000169359
0.50115 0.49885 0.000162048 0.000162048
0.50143 0.49857 0.000171601 0.000171601
0.50062 0.49938 0.000173632 0.000173632
0.50089 0.49911 0.000160058 0.000160058
0.50043 0.49957 0.00014146 0.00014146
0.50005 0.49995 0.000140189 0.000140189
0.50007 0.49993 0.000156833 0.000156833
0.49959 0.50041 0.000163578 0.000163578
0.49907 0.50093 0.000163116 0.000163116
0.49933 0.50067 0.00016192 0.00016192
0.49974 0.50026 0.000176053 0.000176053
0.49941 0.50059 0.000185174 0.000185174
0.49944 0.50056 0.000178148 0.000178148
0.49879 0.50121 0.000179218 0.000179218
0.49878 0.50122 0.000176153 0.000176153
0.49919 0.50081 0.000180075 0.000180075
0.49965 0.50035 0.000183402 0.000183402
0.49899 0.50101 0.000217303 0.000217303
0.49887 0.50113 0.000222033 0.000222033
0.49862 0.50138 0.000220278 0.000220278
0.49898 0.50102 0.000202343 0.000202343
0.49989 0.50011 0.00019723 0.00019723
0.50018 0.49982 0.00020221 0.00020221
0.50095 0.49905 0.000186068 0.000186068
0.50116 0.49884 0.000198136 0.000198136
0.5012 0.4988 0.000220424 0.000220424
0.50117 0.49883 0.000207779 0.000207779
0.50098 0.49902 0.000204161 0.000204161
0.50033 0.49967 0.000211536 0.000211536
0.50076 0.49924 0.000218406 0.000218406
0.50009 0.49991 0.000200285 0.000200285
0.50046 0.49954 0.000214574 0.000214574
0.49991 0.50009 0.000196487 0.000196487
0.50019 0.49981 0.000195246 0.000195246
0.50042 0.49958 0.000176691 0.000176691
0.50011 0.49989 0.000183553 0.000183553
0.50021 0.49979 0.000179723 0.000179723
0.50038 0.49962 0.000196278 0.000196278
0.50106 0.49894 0.000228905 0.000228905
0.50059 0.49941 0.000216931 0.000216931
0.50075 0.49925 0.000212129 0.000212129
0.5001 0.4999 0.000209768 0.000209768
0.50012 0.49988 0.000230066 0.000230066
0.50015 0.49985 0.000222937 0.000222937
0.49986 0.50014 0.000246243 0.000246243
0.50003 0.49997 0.000257262 0.000257262
0.4996 0.5004 0.00025402 0.00025402
0.49964 0.50036 0.000262738 0.000262738
0.49953 0.50047 0.000256454 0.000256454
0.49964 0.50036 0.00027496 0.00027496
0.49992 0.50008 0.000263246 0.000263246
0.50013 0.49987 0.000247084 0.000247084
0.50016 0.49984 0.000220338 0.000220338
0.49992 0.50008 0.00023761 0.00023761
0.5002 0.4998 0.000242485 0.000242485
0.50015 0.49985 0.000248149 0.000248149
0.50056 0.49944 0.000246895 0.000246895
0.50054 0.49946 0.00023619 0.00023619
0.50081 0.49919 0.000238842 0.000238842
0.50071 0.49929 0.000260289 0.000260289
0.50069 0.49931 0.00026557 0.00026557
0.50101 0.49899 0.000251202 0.000251202
0.5007 0.4993 0.000256737 0.000256737
0.50052 0.49948 0.000250414 0.000250414
0.50008 0.49992 0.000254499 0.000254499
0.50061 0.49939 0.000258725 0.000258725
0.5001 0.4999 0.000269242 0.000269242
0.50064 0.49936 0.000245061 0.000245061
0.50059 0.49941 0.000236669 0.000236669
0.50108 0.49892 0.000234761 0.000234761
0.50117 0.49883 0.000227496 0.000227496
0.50115 0.49885 0.000230432 0.000230432
0.50158 0.49842 0.000248307 0.000248307
0.50123 0.49877 0.000232644 0.000232644
0.50144 0.49856 0.000215744 0.000215744
0.50082 0.49918 0.000240028 0.000240028
0.50087 0.49913 0.000242033 0.000242033
0.50087 0.49913 0.000238579 0.000238579
0.50124 0.49876 0.000247942 0.000247942
0.50125 0.49875 0.000237907 0.000237907
0.50091 0.49909 0.000256265 0.000256265
0.50133 0.49867 0.000257072 0.000257072
0.50092 0.49908 0.00024361 0.00024361
0.50152 0.49848 0.000248959 0.000248959
0.50072 0.49928 0.000271012 0.000271012
0.50058 0.49942 0.000299034 0.000299034
0.50073 0.49927 0.000289108 0.000289108
0.50036 0.49964 0.000312778 0.000312778
0.49947 0.50053 0.000311423 0.000311423
0.4995 0.5005 0.00027504 0.00027504
0.49965 0.50035 0.000269402 0.000269402
0.50008 0.49992 0.000271509 0.000271509
0.50044 0.49956 0.000248229 0.000248229
0.50016 0.49984 0.00024452 0.00024452
0.50035 0.49965 0.000267058 0.000267058
0.49995 0.50005 0.000272311 0.000272311
0.49991 0.50009 0.000303477 0.000303477
0.49967 0.50033 0.000303092 0.000303092
0.49961 0.50039 0.000315311 0.000315311
0.50002 0.49998 0.000344464 0.000344464
0.49959 0.50041 0.000336366 0.000336366
0.49961 0.50039 0.000362079 0.000362079
0.49959 0.50041 0.000375658 0.000375658
0.49949 0.50051 0.000358879 0.000358879
0.49929 0.50071 0.0003714 0.0003714
0.49951 0.50049 0.000364414 0.000364414
0.50027 0.49973 0.000361997 0.000361997
0.50069 0.49931 0.000367166 0.000367166
0.50097 0.49903 0.000341888 0.000341888
0.50091 0.49909 0.000333153 0.000333153
0.50016 0.49984 0.0003406 0.0003406
0.50094 0.49906 0.000324542 0.000324542
0.50095 0.49905 0.000311624 0.000311624
0.50034 0.49966 0.000291883 0.000291883
0.50064 0.49936 0.000282354 0.000282354
0.50035 0.49965 0.000309664 0.000309664
0.50056 0.49944 0.000302774 0.000302774
0.5014 0.4986 0.000292263 0.000292263
0.50113 0.49887 0.000313791 0.000313791
0.50113 0.49887 0.000324235 0.000324235
0.50142 0.49858 0.000333458 0.000333458
0.50112 0.49888 0.000331218 0.000331218
0.50131 0.49869 0.00032363 0.00032363
0.50109 0.49891 0.000309012 0.000309012
0.50122 0.49878 0.00033183 0.00033183
0.50145 0.49855 0.000326412 0.000326412
0.50062 0.49938 0.000355086 0.000355086
0.50061 0.49939 0.000350301 0.000350301
0.49997 0.50003 0.000355302 0.000355302
0.4999 0.5001 0.000352212 0.000352212
0.49919 0.50081 0.000363933 0.000363933
0.49865 0.50135 0.00033623 0.00033623
0.49963 0.50037 0.000327953 0.000327953
0.49977 0.50023 0.000306543 0.000306543
0.50016 0.49984 0.000318944 0.000318944
0.49944 0.50056 0.000365946 0.000365946
0.49923 0.50077 0.00035026 0.00035026
0.50044 0.49956 0.000335946 0.000335946
0.50064 0.49936 0.000331445 0.000331445
0.50075 0.49925 0.000334735 0.000334735
0.50046 0.49954 0.00030318 0.00030318
0.50063 0.49937 0.000313185 0.000313185
0.50104 0.49896 0.000298301 0.000298301
0.50085 0.49915 0.000305563 0.000305563
0.50106 0.49894 0.000312582 0.000312582
0.50025 0.49975 0.000282715 0.000282715
0.50102 0.49898 0.000283353 0.000283353
0.50041 0.49959 0.000275052 0.000275052
0.50092 0.49908 0.000253569 0.000253569
0.50087 0.49913 0.000257751 0.000257751
0.50072 0.49928 0.000256992 0.000256992
0.50042 0.49958 0.000261822 0.000261822
0.49986 0.50014 0.000280667 0.000280667
0.50001 0.49999 0.000266737 0.000266737
0.50059 0.49941 0.000259355 0.000259355
0.50101 0.49899 0.000277263 0.000277263
0.50144 0.49856 0.000286229 0.000286229
0.50086 0.49914 0.000291132 0.000291132
0.5012 0.4988 0.000305354 0.000305354
0.50091 0.49909 0.000293032 0.000293032
0.50127 0.49873 0.000278825 0.000278825
0.50127 0.49873 0.000262684 0.000262684
0.50006 0.49994 0.00026634 0.00026634
0.49906 0.50094 0.000265572 0.000265572
0.49896 0.50104 0.000267716 0.000267716
0.49909 0.50091 0.000259456 0.000259456
0.49901 0.50099 0.000262838 0.000262838
0.49939 0.50061 0.000278321 0.000278321
0.49933 0.50067 0.000277557 0.000277557
0.49946 0.50054 0.000276918 0.000276918
0.49949 0.50051 0.000265263 0.000265263
0.49971 0.50029 0.000280612 0.000280612
0.49939 0.50061 0.000260382 0.000260382
0.4998 0.5002 0.000254444 0.000254444
0.50009 0.49991 0.000270164 0.000270164
0.50062 0.49938 0.000284581 0.000284581
0.50052 0.49948 0.000283202 0.000283202
0.50048 0.49952 0.00027108 0.00027108
0.50131 0.49869 0.000273812 0.000273812
0.50106 0.49894 0.000248926 0.000248926
0.5006 0.4994 0.000250303 0.000250303
0.50076 0.49924 0.000252467 0.000252467
0.50115 0.49885 0.000247684 0.000247684
0.50107 0.49893 0.000220894 0.000220894
0.50164 0.49836 0.000230839 0.000230839
0.50259 0.49741 0.000222749 0.000222749
0.50281 0.49719 0.000220762 0.000220762
0.50317 0.49683 0.000228122 0.000228122
0.50383 0.49617 0.000240365 0.000240365
0.5038 0.4962 0.000249677 0.000249677
0.50344 0.49656 0.000258431 0.000258431
0.50255 0.49745 0.000269826 0.000269826
0.50231 0.49769 0.00025658 0.00025658
0.50118 0.49882 0.000260088 0.000260088
0.50061 0.49939 0.000248099 0.000248099
0.50101 0.49899 0.000251707 0.000251707
0.50166 0.49834 0.000240994 0.000240994
0.50194 0.49806 0.000239572 0.000239572
0.50255 0.49745 0.000249139 0.000249139
0.50218 0.49782 0.000266796 0.000266796
0.50148 0.49852 0.000278676 0.000278676
0.50089 0.49911 0.000291412 0.000291412
0.5004 0.4996 0.00028703 0.00028703
0.49951 0.50049 0.000266313 0.000266313
0.49983 0.50017 0.000249779 0.000249779
0.49997 0.50003 0.000259585 0.000259585
0.5 0.5 0.000279414 0.000279414
0.4995 0.5005 0.000273727 0.000273727
0.49931 0.50069 0.000263852 0.000263852
0.49991 0.50009 0.00027281 0.00027281
0.49975 0.50025 0.000279098 0.000279098
0.50003 0.49997 0.000259868 0.000259868
0.49987 0.50013 0.000275044 0.000275044
0.50027 0.49973 0.000267088 0.000267088
0.50079 0.49921 0.000267036 0.000267036
0.50061 0.49939 0.000261634 0.000261634
0.5016 0.4984 0.000265495 0.000265495
0.50197 0.49803 0.000255848 0.000255848
0.5018 0.4982 0.000261172 0.000261172
0.50211 0.49789 0.000266624 0.000266624
0.50162 0.49838 0.000261551 0.000261551
0.50069 0.49931 0.000252236 0.000252236
0.50047 0.49953 0.00024005 0.00024005
0.50043 0.49957 0.000242288 0.000242288
0.49989 0.50011 0.00026624 0.00026624
0.49983 0.50017 0.000265516 0.000265516
0.50076 0.49924 0.000283598 0.000283598
0.50059 0.49941 0.000291699 0.000291699
0.5006 0.4994 0.000297333 0.000297333
0.5 0.5 0.000291091 0.000291091
0.49968 0.50032 0.000290078 0.000290078
0.49999 0.50001 0.000281747 0.000281747
0.50006 0.49994 0.000278239 0.000278239
0.49981 0.50019 0.000283812 0.000283812
0.49997 0.50003 0.000289322 0.000289322
0.49902 0.50098 0.00031002 0.00031002
0.49929 0.50071 0.00029437 0.00029437
0.49958 0.50042 0.000284105 0.000284105
0.49947 0.50053 0.000313383 0.000313383
0.49949 0.50051 0.000304495 0.000304495
0.49977 0.50023 0.000294482 0.000294482
0.49924 0.50076 0.000283215 0.000283215
0.49958 0.50042 0.000270913 0.000270913
0.49993 0.50007 0.000293338 0.000293338
0.50013 0.49987 0.000294922 0.000294922
0.50036 0.49964 0.000300758 0.000300758
0.50036 0.49964 0.000304475 0.000304475
0.49977 0.50023 0.000315411 0.000315411
0.50024 0.49976 0.000317154 0.000317154
0.50063 0.49937 0.00032773 0.00032773
0.50154 0.49846 0.000317887 0.000317887
0.50189 0.49811 0.00033018 0.00033018
0.50193 0.49807 0.000321197 0.000321197
0.50212 0.49788 0.000309157 0.000309157
0.5018 0.4982 0.000295879 0.000295879
0.50151 0.49849 0.000295727 0.000295727
0.50057 0.49943 0.000280995 0.000280995
0.5004 0.4996 0.000249293 0.000249293
0.50049 0.49951 0.000222212 0.000222212
0.50073 0.49927 0.00023729 0.00023729
0.50071 0.49929 0.000263723 0.000263723
0.50026 0.49974 0.000247427 0.000247427
0.50077 0.49923 0.000262765 0.000262765
0.50124 0.49876 0.000269659 0.000269659
0.50082 0.49918 0.000288493 0.000288493
0.50084 0.49916 0.000272095 0.000272095
0.50031 0.49969 0.000277145 0.000277145
0.50151 0.49849 0.000273525 0.000273525
0.50217 0.49783 0.000293779 0.000293779
0.50183 0.49817 0.000265052 0.000265052
0.50222 0.49778 0.000259547 0.000259547
0.50228 0.49772 0.000253981 0.000253981
0.50199 0.49801 0.000274576 0.000274576
0.50133 0.49867 0.000289456 0.000289456
0.50091 0.49909 0.000304871 0.000304871
0.5017 0.4983 0.000292859 0.000292859
0.50176 0.49824 0.000274023 0.000274023
0.5017 0.4983 0.000300919 0.000300919
0.50174 0.49826 0.000284942 0.000284942
0.50269 0.49731 0.00027062 0.00027062
0.50304 0.49696 0.000283291 0.000283291
0.50259 0.49741 0.000291901 0.000291901
0.50188 0.49812 0.00029742 0.00029742
0.50126 0.49874 0.00030476 0.00030476
0.50134 0.49866 0.000287419 0.000287419
0.50191 0.49809 0.000286951 0.000286951
0.50174 0.49826 0.000301992 0.000301992
0.50116 0.49884 0.000329853 0.000329853
0.50075 0.49925 0.000306997 0.000306997
0.50078 0.49922 0.000305446 0.000305446
0.50099 0.49901 0.000273121 0.000273121
0.501 0.499 0.000270566 0.000270566
0.50098 0.49902 0.000258686 0.000258686
0.50138 0.49862 0.00027547 0.00027547
0.50124 0.49876 0.000298447 0.000298447
0.50108 0.49892 0.000302842 0.000302842
0.50114 0.49886 0.000302324 0.000302324
0.50102 0.49898 0.000314707 0.000314707
0.50135 0.49865 0.000335927 0.000335927
0.5012 0.4988 0.000327495 0.000327495
0.50131 0.49869 0.000323772 0.000323772
0.50114 0.49886 0.000315576 0.000315576
0.50119 0.49881 0.000341509 0.000341509
0.50145 0.49855 0.000342311 0.000342311
0.50148 0.49852 0.000324474 0.000324474
0.50152 0.49848 0.00030001 0.00030001
0.50112 0.49888 0.000296167 0.000296167
0.50086 0.49914 0.000318324 0.000318324
0.50109 0.49891 0.000343658 0.000343658
0.50052 0.49948 0.000347343 0.000347343
0.50093 0.49907 0.000337177 0.000337177
0.50071 0.49929 0.000334652 0.000334652
0.50075 0.49925 0.000300917 0.000300917
0.50088 0.49912 0.000311945 0.000311945
0.5011 0.4989 0.000331444 0.000331444
0.50109 0.49891 0.000335638 0.000335638
0.50037 0.49963 0.000331488 0.000331488
0.50089 0.49911 0.000335877 0.000335877
0.5012 0.4988 0.000328667 0.000328667
0.50123 0.49877 0.000319856 0.000319856
0.50096 0.49904 0.000336322 0.000336322
0.5009 0.4991 0.00032999 0.00032999
0.50112 0.49888 0.000315541 0.000315541
0.50081 0.49919 0.000304135 0.000304135
0.50145 0.49855 0.000306311 0.000306311
0.50128 0.49872 0.00029481 0.00029481
0.50207 0.49793 0.000261136 0.000261136
0.50102 0.49898 0.000269757 0.000269757
0.50127 0.49873 0.000281654 0.000281654
0.50145 0.49855 0.000288775 0.000288775
0.50018 0.49982 0.000294796 0.000294796
0.50059 0.49941 0.000283759 0.000283759
0.5005 0.4995 0.000272899 0.000272899
0.50016 0.49984 0.000265267 0.000265267
0.50019 0.49981 0.000252721 0.000252721
0.49925 0.50075 0.000237523 0.000237523
0.49933 0.50067 0.000217637 0.000217637
0.49985 0.50015 0.00022627 0.00022627
0.49952 0.50048 0.000241787 0.000241787
0.49991 0.50009 0.000226547 0.000226547
0.50005 0.49995 0.000246775 0.000246775
0.49964 0.50036 0.000274819 0.000274819
0.49957 0.50043 0.000251258 0.000251258
0.50015 0.49985 0.000260634 0.000260634
0.5 0.5 0.00026202 0.00026202
0.49984 0.50016 0.000281105 0.000281105
0.50014 0.49986 0.000300243 0.000300243
0.50029 0.49971 0.000316774 0.000316774
0.50019 0.49981 0.00032965 0.00032965
0.50109 0.49891 0.000343254 0.000343254
0.50126 0.49874 0.000334538 0.000334538
0.50119 0.49881 0.000343307 0.000343307
0.50117 0.49883 0.000338506 0.000338506
0.50104 0.49896 0.00034012 0.00034012
0.50117 0.49883 0.000335819 0.000335819
0.50082 0.49918 0.000344351 0.000344351
0.50081 0.49919 0.000340034 0.000340034
0.50125 0.49875 0.000341058 0.000341058
0.502 0.498 0.000332283 0.000332283
0.5029 0.4971 0.000308091 0.000308091
0.50321 0.49679 0.000285501 0.000285501
0.50296 0.49704 0.000281493 0.000281493
0.50232 0.49768 0.000297472 0.000297472
0.50176 0.49824 0.000275033 0.000275033
0.50137 0.49863 0.000274821 0.000274821
0.50155 0.49845 0.000285078 0.000285078
0.50218 0.49782 0.000285846 0.000285846
0.50219 0.49781 0.000297953 0.000297953
0.50174 0.49826 0.000311427 0.000311427
0.50116 0.49884 0.000313772 0.000313772
0.50106 0.49894 0.00029933 0.00029933
0.50158 0.49842 0.000289781 0.000289781
0.50155 0.49845 0.000273745 0.000273745
0.5006 0.4994 0.000270343 0.000270343
0.50068 0.49932 0.000285977 0.000285977
0.50053 0.49947 0.000263383 0.000263383
0.5005 0.4995 0.000274455 0.000274455
0.50014 0.49986 0.000288505 0.000288505
0.49964 0.50036 0.000278415 0.000278415
0.50012 0.49988 0.000268389 0.000268389
0.501 0.499 0.000295354 0.000295354
0.50093 0.49907 0.000319136 0.000319136
0.50077 0.49923 0.000308078 0.000308078
0.50077 0.49923 0.000295654 0.000295654
0.50163 0.49837 0.000308155 0.000308155
0.50172 0.49828 0.000313355 0.000313355
0.50157 0.49843 0.000329157 0.000329157
0.50165 0.49835 0.000318149 0.000318149
0.50261 0.49739 0.000354624 0.000354624
0.50294 0.49706 0.000358602 0.000358602
0.50307 0.49693 0.000390712 0.000390712
0.50318 0.49682 0.000400169 0.000400169
0.50246 0.49754 0.000366716 0.000366716
0.50211 0.49789 0.000367998 0.000367998
0.50185 0.49815 0.000371361 0.000371361
0.50204 0.49796 0.000387958 0.000387958
0.50208 0.49792 0.0003786 0.0003786
0.5023 0.4977 0.000372495 0.000372495
0.50235 0.49765 0.000324593 0.000324593
0.50318 0.49682 0.000318573 0.000318573
0.503 0.497 0.000313798 0.000313798
0.50256 0.49744 0.000311804 0.000311804
0.50294 0.49706 0.000300804 0.000300804
0.50322 0.49678 0.000309688 0.000309688
0.50311 0.49689 0.000294867 0.000294867
0.50303 0.49697 0.000269383 0.000269383
0.50277 0.49723 0.000278037 0.000278037
0.50288 0.49712 0.000276511 0.000276511
0.50242 0.49758 0.000270852 0.000270852
0.50286 0.49714 0.000263738 0.000263738
0.50232 0.49768 0.000256341 0.000256341
0.50251 0.49749 0.000267101 0.000267101
0.50272 0.49728 0.000249577 0.000249577
0.50243 0.49757 0.000246167 0.000246167
0.50238 0.49762 0.00025947 0.00025947
0.50152 0.49848 0.000280293 0.000280293
0.50161 0.49839 0.0003002 0.0003002
0.50197 0.49803 0.000292534 0.000292534
0.50221 0.49779 0.000289339 0.000289339
0.50217 0.49783 0.000292526 0.000292526
0.5026 0.4974 0.000284222 0.000284222
0.50263 0.49737 0.000287973 0.000287973
0.50239 0.49761 0.000323291 0.000323291
0.50251 0.49749 0.000292737 0.000292737
0.50349 0.49651 0.000307505 0.000307505
0.50312 0.49688 0.000303319 0.000303319
0.50256 0.49744 0.00029138 0.00029138
0.50324 0.49676 0.000303437 0.000303437
0.50291 0.49709 0.000288244 0.000288244
0.50362 0.49638 0.000298743 0.000298743
0.50356 0.49644 0.000295643 0.000295643
0.50312 0.49688 0.000288026 0.000288026
0.50238 0.49762 0.000278642 0.000278642
0.50275 0.49725 0.000291301 0.000291301
0.50304 0.49696 0.00032818 0.00032818
0.50274 0.49726 0.000312962 0.000312962
0.50293 0.49707 0.000312732 0.000312732
0.50174 0.49826 0.000305144 0.000305144
0.50221 0.49779 0.00032645 0.00032645
0.50172 0.49828 0.000330466 0.000330466
0.50224 0.49776 0.000323235 0.000323235
0.50178 0.49822 0.000290577 0.000290577
0.50139 0.49861 0.000303028 0.000303028
0.50203 0.49797 0.000294474 0.000294474
0.50188 0.49812 0.000279076 0.000279076
0.50119 0.49881 0.000294842 0.000294842
0.50142 0.49858 0.000300084 0.000300084
0.50132 0.49868 0.000299977 0.000299977
0.5016 0.4984 0.000293859 0.000293859
0.502 0.498 0.000300283 0.000300283
0.50151 0.49849 0.000304353 0.000304353
0.50187 0.49813 0.000316437 0.000316437
0.50192 0.49808 0.000298297 0.000298297
0.50259 0.49741 0.00029283 0.00029283
0.50199 0.49801 0.000285747 0.000285747
0.5022 0.4978 0.000291293 0.000291293
0.50249 0.49751 0.000285202 0.000285202
