0.62641 0.37359 0.000290568 0.000290568
0.64953 0.35047 0.000588292 0.000588292
0.67111 0.32889 0.00100367 0.00100367
0.68873 0.31127 0.00157547 0.00157547
0.70481 0.29519 0.00220553 0.00220553
0.71877 0.28123 0.00279911 0.00279911
0.73128 0.26872 0.00344632 0.00344632
0.74348 0.25652 0.00395427 0.00395427
0.75456 0.24544 0.00449774 0.00449774
0.76449 0.23551 0.00498454 0.00498454
0.77361 0.22639 0.00543139 0.00543139
0.78178 0.21822 0.0060492 0.0060492
0.78878 0.21122 0.00646349 0.00646349
0.79552 0.20448 0.00685328 0.00685328
0.80185 0.19815 0.00720649 0.00720649
0.80739 0.19261 0.00752475 0.00752475
0.81278 0.18722 0.0078045 0.0078045
0.81786 0.18214 0.00792939 0.00792939
0.82325 0.17675 0.0081189 0.0081189
0.82834 0.17166 0.00830538 0.00830538
0.83235 0.16765 0.00848459 0.00848459
0.83648 0.16352 0.00851098 0.00851098
0.83986 0.16014 0.00858479 0.00858479
0.84341 0.15659 0.00872863 0.00872863
0.84633 0.15367 0.00865921 0.00865921
0.84894 0.15106 0.00876721 0.00876721
0.85194 0.14806 0.00868224 0.00868224
0.85455 0.14545 0.00869352 0.00869352
0.85661 0.14339 0.00863222 0.00863222
0.85903 0.14097 0.008615 0.008615
0.86084 0.13916 0.00865842 0.00865842
0.86274 0.13726 0.00859032 0.00859032
0.8647 0.1353 0.00852098 0.00852098
0.86646 0.13354 0.00848971 0.00848971
0.86808 0.13192 0.00836492 0.00836492
0.86969 0.13031 0.00826824 0.00826824
0.87094 0.12906 0.00828925 0.00828925
0.87234 0.12766 0.00818501 0.00818501
0.87352 0.12648 0.00810892 0.00810892
0.87475 0.12525 0.00798904 0.00798904
0.876 0.124 0.00796808 0.00796808
0.877 0.123 0.00789404 0.00789404
0.87781 0.12219 0.00788527 0.00788527
0.87837 0.12163 0.00790472 0.00790472
0.87921 0.12079 0.00784997 0.00784997
0.88002 0.11998 0.00785535 0.00785535
0.88086 0.11914 0.00778784 0.00778784
0.88165 0.11835 0.00777678 0.00777678
0.88244 0.11756 0.00772067 0.00772067
0.88296 0.11704 0.00769814 0.00769814
0.88363 0.11637 0.00763244 0.00763244
0.88438 0.11562 0.0075564 0.0075564
0.8849 0.1151 0.00750823 0.00750823
0.88556 0.11444 0.00744045 0.00744045
0.88609 0.11391 0.0073995 0.0073995
0.88669 0.11331 0.00737708 0.00737708
0.88705 0.11295 0.00734172 0.00734172
0.88739 0.11261 0.00731414 0.00731414
0.88798 0.11202 0.00722578 0.00722578
0.88834 0.11166 0.00721029 0.00721029
0.88881 0.11119 0.00714171 0.00714171
0.88917 0.11083 0.00711616 0.00711616
0.88956 0.11044 0.00707888 0.00707888
0.88994 0.11006 0.0070299 0.0070299
0.89019 0.10981 0.00707274 0.00707274
0.89033 0.10967 0.00707927 0.00707927
0.89054 0.10946 0.0070731 0.0070731
0.89082 0.10918 0.00707344 0.00707344
0.89104 0.10896 0.00704081 0.00704081
0.89118 0.10882 0.00706164 0.00706164
0.89154 0.10846 0.00702096 0.00702096
0.89175 0.10825 0.00696738 0.00696738
0.89188 0.10812 0.00694613 0.00694613
0.89209 0.10791 0.00693188 0.00693188
0.8922 0.1078 0.00691485 0.00691485
0.89248 0.10752 0.00688761 0.00688761
0.89281 0.10719 0.00683997 0.00683997
0.89294 0.10706 0.00681511 0.00681511
0.8931 0.1069 0.00681607 0.00681607
0.89316 0.10684 0.00683379 0.00683379
0.89337 0.10663 0.00679504 0.00679504
0.8935 0.1065 0.00679235 0.00679235
0.89356 0.10644 0.00679485 0.00679485
0.8936 0.1064 0.00678366 0.00678366
0.89374 0.10626 0.00676324 0.00676324
0.89383 0.10617 0.00675847 0.00675847
0.8939 0.1061 0.0067713 0.0067713
0.89398 0.10602 0.00677968 0.00677968
0.89409 0.10591 0.00675877 0.00675877
0.89424 0.10576 0.00673994 0.00673994
0.89431 0.10569 0.0067327 0.0067327
0.89441 0.10559 0.00672974 0.00672974
0.8945 0.1055 0.00671928 0.00671928
0.89464 0.10536 0.00671579 0.00671579
0.89472 0.10528 0.00673 0.00673
0.89478 0.10522 0.00672508 0.00672508
0.89485 0.10515 0.00671682 0.00671682
0.89478 0.10522 0.00672636 0.00672636
0.89485 0.10515 0.00671286 0.00671286
0.89492 0.10508 0.00671175 0.00671175
0.89496 0.10504 0.00669798 0.00669798
0.89507 0.10493 0.00667388 0.00667388
0.89516 0.10484 0.00665395 0.00665395
0.8952 0.1048 0.00665673 0.00665673
0.89528 0.10472 0.00664727 0.00664727
0.8953 0.1047 0.00665157 0.00665157
0.89537 0.10463 0.00664844 0.00664844
0.89536 0.10464 0.00664316 0.00664316
0.89542 0.10458 0.00663421 0.00663421
0.89549 0.10451 0.00663696 0.00663696
0.89556 0.10444 0.00663336 0.00663336
0.89566 0.10434 0.0066178 0.0066178
0.89573 0.10427 0.00660961 0.00660961
0.89577 0.10423 0.0066081 0.0066081
0.89576 0.10424 0.00661974 0.00661974
0.89579 0.10421 0.00660673 0.00660673
0.89584 0.10416 0.00660244 0.00660244
0.89583 0.10417 0.0065958 0.0065958
0.89582 0.10418 0.00659768 0.00659768
0.89586 0.10414 0.00660198 0.00660198
0.89584 0.10416 0.00660731 0.00660731
0.89583 0.10417 0.0066076 0.0066076
0.89589 0.10411 0.00661012 0.00661012
0.89585 0.10415 0.00661235 0.00661235
0.89589 0.10411 0.00661186 0.00661186
0.89589 0.10411 0.00661022 0.00661022
0.89591 0.10409 0.00660289 0.00660289
0.89599 0.10401 0.00659815 0.00659815
0.89602 0.10398 0.00659059 0.00659059
0.89602 0.10398 0.00659459 0.00659459
0.89605 0.10395 0.00659243 0.00659243
0.89608 0.10392 0.00658892 0.00658892
0.89607 0.10393 0.00658956 0.00658956
0.89611 0.10389 0.00658848 0.00658848
0.89609 0.10391 0.00659408 0.00659408
0.89613 0.10387 0.00659842 0.00659842
0.89619 0.10381 0.00659044 0.00659044
0.8962 0.1038 0.00658665 0.00658665
0.89621 0.10379 0.00658023 0.00658023
0.89621 0.10379 0.00658174 0.00658174
0.89624 0.10376 0.00658077 0.00658077
0.89627 0.10373 0.0065719 0.0065719
0.89628 0.10372 0.00657162 0.00657162
0.89628 0.10372 0.00657618 0.00657618
0.89627 0.10373 0.00658468 0.00658468
0.89629 0.10371 0.00658405 0.00658405
0.89628 0.10372 0.00658764 0.00658764
0.89627 0.10373 0.0065941 0.0065941
0.89631 0.10369 0.00659242 0.00659242
0.89632 0.10368 0.0065927 0.0065927
0.89633 0.10367 0.00658616 0.00658616
0.89634 0.10366 0.00658134 0.00658134
0.89633 0.10367 0.00658408 0.00658408
0.89637 0.10363 0.00657254 0.00657254
0.89636 0.10364 0.00657666 0.00657666
0.89635 0.10365 0.00657985 0.00657985
0.8964 0.1036 0.006572 0.006572
0.89637 0.10363 0.00657525 0.00657525
0.89638 0.10362 0.00657125 0.00657125
0.89637 0.10363 0.00657331 0.00657331
0.89639 0.10361 0.00657602 0.00657602
0.8964 0.1036 0.0065777 0.0065777
0.8964 0.1036 0.0065777 0.0065777
0.89644 0.10356 0.00657421 0.00657421
0.89646 0.10354 0.00656833 0.00656833
0.89647 0.10353 0.0065669 0.0065669
0.89648 0.10352 0.00656849 0.00656849
0.8965 0.1035 0.00656542 0.00656542
0.89647 0.10353 0.00656789 0.00656789
0.89647 0.10353 0.00656548 0.00656548
0.89648 0.10352 0.00656583 0.00656583
0.89652 0.10348 0.00656918 0.00656918
0.89651 0.10349 0.00657136 0.00657136
0.89651 0.10349 0.00656841 0.00656841
0.89652 0.10348 0.00657043 0.00657043
0.89653 0.10347 0.00656926 0.00656926
0.89652 0.10348 0.00656997 0.00656997
0.89652 0.10348 0.00656997 0.00656997
0.89653 0.10347 0.0065669 0.0065669
0.89654 0.10346 0.00655912 0.00655912
0.89653 0.10347 0.0065669 0.0065669
0.89654 0.10346 0.00656619 0.00656619
0.89652 0.10348 0.00656728 0.00656728
0.89652 0.10348 0.00656559 0.00656559
0.89652 0.10348 0.00656171 0.00656171
0.89653 0.10347 0.00655967 0.00655967
0.89655 0.10345 0.00656001 0.00656001
0.89655 0.10345 0.00656122 0.00656122
0.89655 0.10345 0.00656122 0.00656122
0.89657 0.10343 0.0065618 0.0065618
0.89657 0.10343 0.00656023 0.00656023
0.89656 0.10344 0.0065638 0.0065638
0.89659 0.10341 0.00656639 0.00656639
0.89658 0.10342 0.00657006 0.00657006
0.89658 0.10342 0.00657006 0.00657006
0.89657 0.10343 0.00656873 0.00656873
0.89657 0.10343 0.00656873 0.00656873
0.89658 0.10342 0.00657006 0.00657006
0.89657 0.10343 0.00656859 0.00656859
0.89656 0.10344 0.00657168 0.00657168
0.89656 0.10344 0.00657168 0.00657168
0.89655 0.10345 0.0065737 0.0065737
0.89656 0.10344 0.00657168 0.00657168
0.89656 0.10344 0.00657168 0.00657168
0.89657 0.10343 0.00657324 0.00657324
0.89658 0.10342 0.00657241 0.00657241
0.89658 0.10342 0.00657241 0.00657241
0.8966 0.1034 0.00656618 0.00656618
0.89661 0.10339 0.00656721 0.00656721
0.89662 0.10338 0.00656868 0.00656868
0.89663 0.10337 0.00656658 0.00656658
0.89663 0.10337 0.00656658 0.00656658
0.89661 0.10339 0.00657174 0.00657174
0.89663 0.10337 0.00656482 0.00656482
0.89663 0.10337 0.00656482 0.00656482
0.89664 0.10336 0.00656662 0.00656662
0.89664 0.10336 0.00656662 0.00656662
0.89663 0.10337 0.00656872 0.00656872
0.89662 0.10338 0.00657543 0.00657543
0.89662 0.10338 0.00657543 0.00657543
0.89662 0.10338 0.00657543 0.00657543
0.89662 0.10338 0.00657543 0.00657543
0.89662 0.10338 0.00657543 0.00657543
0.89662 0.10338 0.00657543 0.00657543
0.89661 0.10339 0.0065744 0.0065744
0.89661 0.10339 0.0065744 0.0065744
0.89661 0.10339 0.0065744 0.0065744
0.89662 0.10338 0.00657082 0.00657082
0.89662 0.10338 0.00657082 0.00657082
0.89662 0.10338 0.00657082 0.00657082
0.89662 0.10338 0.00657082 0.00657082
0.89662 0.10338 0.00657082 0.00657082
0.89663 0.10337 0.0065725 0.0065725
0.89664 0.10336 0.00657039 0.00657039
0.89664 0.10336 0.00657039 0.00657039
0.89664 0.10336 0.00657039 0.00657039
0.89664 0.10336 0.00657039 0.00657039
0.89664 0.10336 0.00657039 0.00657039
0.89663 0.10337 0.00656872 0.00656872
0.89662 0.10338 0.00657082 0.00657082
0.89662 0.10338 0.00657082 0.00657082
0.89662 0.10338 0.00657082 0.00657082
0.89664 0.10336 0.0065646 0.0065646
0.89664 0.10336 0.0065646 0.0065646
0.89665 0.10335 0.00656092 0.00656092
0.89665 0.10335 0.00656092 0.00656092
0.89665 0.10335 0.00656092 0.00656092
0.89665 0.10335 0.00656092 0.00656092
0.89664 0.10336 0.0065646 0.0065646
0.89664 0.10336 0.0065646 0.0065646
0.89666 0.10334 0.00656736 0.00656736
0.89666 0.10334 0.00656736 0.00656736
0.89665 0.10335 0.00656562 0.00656562
0.89665 0.10335 0.00656562 0.00656562
0.89665 0.10335 0.00656562 0.00656562
0.89666 0.10334 0.00656613 0.00656613
0.89665 0.10335 0.0065651 0.0065651
0.89666 0.10334 0.00656677 0.00656677
0.89665 0.10335 0.00656627 0.00656627
0.89666 0.10334 0.00656417 0.00656417
0.89666 0.10334 0.00656829 0.00656829
0.89667 0.10333 0.00656519 0.00656519
0.89667 0.10333 0.00656519 0.00656519
0.89668 0.10332 0.00656349 0.00656349
0.89669 0.10331 0.00656523 0.00656523
0.89669 0.10331 0.00656551 0.00656551
0.89669 0.10331 0.00656551 0.00656551
0.89667 0.10333 0.00656525 0.00656525
0.89668 0.10332 0.00656355 0.00656355
0.89667 0.10333 0.00656182 0.00656182
0.89667 0.10333 0.00656182 0.00656182
0.89667 0.10333 0.00656182 0.00656182
0.89667 0.10333 0.00656182 0.00656182
0.89667 0.10333 0.00656182 0.00656182
0.89667 0.10333 0.00656182 0.00656182
0.89666 0.10334 0.00656079 0.00656079
0.89666 0.10334 0.00656079 0.00656079
0.89667 0.10333 0.00656061 0.00656061
0.89667 0.10333 0.00656061 0.00656061
0.89668 0.10332 0.00656256 0.00656256
0.89668 0.10332 0.00656256 0.00656256
0.89669 0.10331 0.00656424 0.00656424
0.89669 0.10331 0.00656424 0.00656424
0.89669 0.10331 0.00656424 0.00656424
0.89669 0.10331 0.00656424 0.00656424
0.89669 0.10331 0.00656424 0.00656424
0.89668 0.10332 0.00656256 0.00656256
0.89668 0.10332 0.00656256 0.00656256
0.89668 0.10332 0.00656325 0.00656325
0.89668 0.10332 0.00656325 0.00656325
0.89668 0.10332 0.00656325 0.00656325
0.89668 0.10332 0.00656325 0.00656325
0.89668 0.10332 0.00656325 0.00656325
0.89669 0.10331 0.00656266 0.00656266
0.8967 0.1033 0.00656439 0.00656439
0.8967 0.1033 0.00656439 0.00656439
0.8967 0.1033 0.00656439 0.00656439
0.8967 0.1033 0.00656439 0.00656439
0.8967 0.1033 0.00656439 0.00656439
0.8967 0.1033 0.00656439 0.00656439
0.8967 0.1033 0.00656439 0.00656439
0.8967 0.1033 0.00656247 0.00656247
0.8967 0.1033 0.00656247 0.00656247
0.8967 0.1033 0.00656247 0.00656247
0.8967 0.1033 0.00656247 0.00656247
0.8967 0.1033 0.00656247 0.00656247
0.8967 0.1033 0.00656247 0.00656247
0.8967 0.1033 0.00656247 0.00656247
0.8967 0.1033 0.00656247 0.00656247
0.8967 0.1033 0.00656247 0.00656247
0.89671 0.10329 0.0065635 0.0065635
0.89671 0.10329 0.0065635 0.0065635
0.89671 0.10329 0.0065635 0.0065635
0.89671 0.10329 0.0065635 0.0065635
0.89671 0.10329 0.0065635 0.0065635
0.89671 0.10329 0.0065635 0.0065635
0.89671 0.10329 0.0065635 0.0065635
0.89672 0.10328 0.00656455 0.00656455
0.89673 0.10327 0.00656228 0.00656228
0.89673 0.10327 0.00656228 0.00656228
0.89672 0.10328 0.00656538 0.00656538
0.89672 0.10328 0.00656538 0.00656538
0.89671 0.10329 0.00656433 0.00656433
0.89671 0.10329 0.00656433 0.00656433
0.89671 0.10329 0.00656433 0.00656433
0.89672 0.10328 0.006566 0.006566
0.89672 0.10328 0.006566 0.006566
0.89673 0.10327 0.00656519 0.00656519
0.89672 0.10328 0.006566 0.006566
0.89673 0.10327 0.00656683 0.00656683
0.89674 0.10326 0.00656373 0.00656373
0.89674 0.10326 0.00656373 0.00656373
0.89674 0.10326 0.00656373 0.00656373
0.89674 0.10326 0.00656373 0.00656373
0.89674 0.10326 0.00656373 0.00656373
0.89674 0.10326 0.00656373 0.00656373
0.89674 0.10326 0.00656373 0.00656373
0.89674 0.10326 0.00656373 0.00656373
0.89674 0.10326 0.00656373 0.00656373
0.89674 0.10326 0.00656373 0.00656373
0.89674 0.10326 0.00656373 0.00656373
0.89674 0.10326 0.00656373 0.00656373
0.89674 0.10326 0.00656373 0.00656373
0.89674 0.10326 0.00656373 0.00656373
0.89674 0.10326 0.00656373 0.00656373
0.89674 0.10326 0.00656373 0.00656373
0.89674 0.10326 0.00656373 0.00656373
0.89674 0.10326 0.00656773 0.00656773
0.89674 0.10326 0.00656773 0.00656773
0.89674 0.10326 0.00656773 0.00656773
0.89676 0.10324 0.00656869 0.00656869
0.89676 0.10324 0.00656869 0.00656869
0.89676 0.10324 0.00656869 0.00656869
0.89676 0.10324 0.00657184 0.00657184
0.89676 0.10324 0.00657184 0.00657184
0.89675 0.10325 0.00657063 0.00657063
0.89675 0.10325 0.00657063 0.00657063
0.89675 0.10325 0.00657063 0.00657063
0.89675 0.10325 0.00657063 0.00657063
0.89675 0.10325 0.00657063 0.00657063
0.89675 0.10325 0.00657063 0.00657063
0.89676 0.10324 0.00656837 0.00656837
0.89676 0.10324 0.00656837 0.00656837
0.89675 0.10325 0.00656831 0.00656831
0.89675 0.10325 0.00656831 0.00656831
0.89675 0.10325 0.00656831 0.00656831
0.89675 0.10325 0.00656831 0.00656831
0.89676 0.10324 0.00656521 0.00656521
0.89677 0.10323 0.0065644 0.0065644
0.89677 0.10323 0.0065644 0.0065644
0.89676 0.10324 0.00656667 0.00656667
0.89676 0.10324 0.00656667 0.00656667
0.89676 0.10324 0.00656667 0.00656667
0.89676 0.10324 0.00656667 0.00656667
0.89677 0.10323 0.00656788 0.00656788
0.89677 0.10323 0.00656788 0.00656788
0.89677 0.10323 0.00656788 0.00656788
0.89677 0.10323 0.00656788 0.00656788
0.89676 0.10324 0.00656869 0.00656869
0.89676 0.10324 0.00656869 0.00656869
0.89676 0.10324 0.00656869 0.00656869
0.89676 0.10324 0.00656869 0.00656869
0.89676 0.10324 0.00656869 0.00656869
0.89676 0.10324 0.00656869 0.00656869
0.89676 0.10324 0.00656869 0.00656869
0.89676 0.10324 0.00656869 0.00656869
0.89675 0.10325 0.00656748 0.00656748
0.89675 0.10325 0.00656748 0.00656748
0.89675 0.10325 0.00656748 0.00656748
0.89676 0.10324 0.00656853 0.00656853
0.89676 0.10324 0.00656853 0.00656853
0.89677 0.10323 0.00656626 0.00656626
0.89677 0.10323 0.00656626 0.00656626
0.89677 0.10323 0.00656626 0.00656626
0.89677 0.10323 0.00656626 0.00656626
0.89677 0.10323 0.00656626 0.00656626
0.89677 0.10323 0.00656626 0.00656626
0.89677 0.10323 0.00656626 0.00656626
0.89677 0.10323 0.00656626 0.00656626
0.89677 0.10323 0.00656626 0.00656626
0.89677 0.10323 0.00656626 0.00656626
0.89678 0.10322 0.00656631 0.00656631
0.89678 0.10322 0.00656631 0.00656631
0.89677 0.10323 0.00656941 0.00656941
0.89678 0.10322 0.00656631 0.00656631
0.89678 0.10322 0.00656631 0.00656631
0.89679 0.10321 0.0065655 0.0065655
0.89679 0.10321 0.0065655 0.0065655
0.89679 0.10321 0.0065655 0.0065655
0.89679 0.10321 0.0065655 0.0065655
0.89679 0.10321 0.0065655 0.0065655
0.89679 0.10321 0.0065655 0.0065655
0.89679 0.10321 0.0065655 0.0065655
0.89679 0.10321 0.0065655 0.0065655
0.89679 0.10321 0.0065655 0.0065655
0.89679 0.10321 0.0065655 0.0065655
0.89679 0.10321 0.0065655 0.0065655
0.89679 0.10321 0.0065655 0.0065655
0.89679 0.10321 0.0065655 0.0065655
0.89679 0.10321 0.0065655 0.0065655
0.89679 0.10321 0.0065655 0.0065655
0.89679 0.10321 0.0065655 0.0065655
0.89679 0.10321 0.0065655 0.0065655
0.89679 0.10321 0.0065655 0.0065655
0.89679 0.10321 0.0065655 0.0065655
0.8968 0.1032 0.00656707 0.00656707
0.8968 0.1032 0.00656602 0.00656602
0.8968 0.1032 0.00656602 0.00656602
0.8968 0.1032 0.00656602 0.00656602
0.89681 0.10319 0.00656723 0.00656723
0.8968 0.1032 0.00656671 0.00656671
0.8968 0.1032 0.00656671 0.00656671
0.8968 0.1032 0.00656671 0.00656671
0.8968 0.1032 0.00656671 0.00656671
0.8968 0.1032 0.00656671 0.00656671
0.8968 0.1032 0.00656671 0.00656671
0.8968 0.1032 0.00656671 0.00656671
0.8968 0.1032 0.00656671 0.00656671
0.8968 0.1032 0.00656671 0.00656671
0.8968 0.1032 0.00656671 0.00656671
0.8968 0.1032 0.00656671 0.00656671
0.8968 0.1032 0.00656671 0.00656671
0.8968 0.1032 0.00656671 0.00656671
0.8968 0.1032 0.00656671 0.00656671
0.8968 0.1032 0.00656671 0.00656671
0.8968 0.1032 0.00656671 0.00656671
0.8968 0.1032 0.00656671 0.00656671
0.8968 0.1032 0.00656671 0.00656671
0.8968 0.1032 0.00656671 0.00656671
0.8968 0.1032 0.00656671 0.00656671
0.8968 0.1032 0.00656671 0.00656671
0.8968 0.1032 0.00656671 0.00656671
0.8968 0.1032 0.00656671 0.00656671
0.8968 0.1032 0.00656671 0.00656671
0.8968 0.1032 0.00656671 0.00656671
0.8968 0.1032 0.00656671 0.00656671
0.8968 0.1032 0.00656671 0.00656671
0.8968 0.1032 0.00656671 0.00656671
0.89681 0.10319 0.00656723 0.00656723
0.89681 0.10319 0.00656723 0.00656723
0.89681 0.10319 0.00656723 0.00656723
0.89681 0.10319 0.00656723 0.00656723
0.89681 0.10319 0.00656723 0.00656723
0.89681 0.10319 0.00656723 0.00656723
0.89681 0.10319 0.00656723 0.00656723
0.89681 0.10319 0.00656723 0.00656723
0.8968 0.1032 0.00656671 0.00656671
0.8968 0.1032 0.00656671 0.00656671
0.8968 0.1032 0.00656671 0.00656671
0.8968 0.1032 0.00656671 0.00656671
0.8968 0.1032 0.00656671 0.00656671
0.8968 0.1032 0.00656671 0.00656671
0.8968 0.1032 0.00656671 0.00656671
0.8968 0.1032 0.00656671 0.00656671
0.8968 0.1032 0.00656671 0.00656671
0.8968 0.1032 0.00656671 0.00656671
0.8968 0.1032 0.00656671 0.00656671
0.8968 0.1032 0.00656671 0.00656671
0.8968 0.1032 0.00656671 0.00656671
0.8968 0.1032 0.00656671 0.00656671
0.8968 0.1032 0.00656671 0.00656671
0.8968 0.1032 0.00656671 0.00656671
0.8968 0.1032 0.00656671 0.00656671
0.8968 0.1032 0.00656671 0.00656671
0.8968 0.1032 0.00656671 0.00656671
0.8968 0.1032 0.00656671 0.00656671
0.8968 0.1032 0.00656671 0.00656671
0.8968 0.1032 0.00656671 0.00656671
0.8968 0.1032 0.00656671 0.00656671
0.8968 0.1032 0.00656671 0.00656671
0.8968 0.1032 0.00656671 0.00656671
0.8968 0.1032 0.00656671 0.00656671
0.8968 0.1032 0.00656671 0.00656671
0.8968 0.1032 0.00656671 0.00656671
0.8968 0.1032 0.00656671 0.00656671
0.8968 0.1032 0.00656671 0.00656671
0.8968 0.1032 0.00656671 0.00656671
0.8968 0.1032 0.00656671 0.00656671
0.8968 0.1032 0.00656671 0.00656671
0.8968 0.1032 0.00656671 0.00656671
