0.19619 0.80381 8.09485e-06 8.09485e-06
0.19276 0.80724 2.06489e-05 2.06489e-05
0.18948 0.81052 3.17875e-05 3.17875e-05
0.18652 0.81348 4.69188e-05 4.69188e-05
0.18388 0.81612 5.84703e-05 5.84703e-05
0.1812 0.8188 6.86869e-05 6.86869e-05
0.17881 0.82119 7.56302e-05 7.56302e-05
0.17683 0.82317 8.53344e-05 8.53344e-05
0.17477 0.82523 0.000100704 0.000100704
0.17318 0.82682 0.000114513 0.000114513
0.17144 0.82856 0.000124673 0.000124673
0.16969 0.83031 0.000140075 0.000140075
0.16773 0.83227 0.000130543 0.000130543
0.16642 0.83358 0.000138307 0.000138307
0.16532 0.83468 0.000142563 0.000142563
0.16382 0.83618 0.000146553 0.000146553
0.1627 0.8373 0.000159121 0.000159121
0.16142 0.83858 0.000164893 0.000164893
0.16041 0.83959 0.000165699 0.000165699
0.15966 0.84034 0.00017352 0.00017352
0.15877 0.84123 0.000162341 0.000162341
0.15765 0.84235 0.000151624 0.000151624
0.15673 0.84327 0.000145876 0.000145876
0.15599 0.84401 0.00015405 0.00015405
0.15523 0.84477 0.000157371 0.000157371
0.15479 0.84521 0.000155703 0.000155703
0.15426 0.84574 0.000154174 0.000154174
0.15343 0.84657 0.000141722 0.000141722
0.15281 0.84719 0.000130176 0.000130176
0.1523 0.8477 0.000116737 0.000116737
0.1517 0.8483 0.000111404 0.000111404
0.15131 0.84869 0.000105974 0.000105974
0.15078 0.84922 0.000102456 0.000102456
0.15033 0.84967 9.63445e-05 9.63445e-05
0.14986 0.85014 9.26469e-05 9.26469e-05
0.1495 0.8505 8.96667e-05 8.96667e-05
0.14906 0.85094 8.50267e-05 8.50267e-05
0.14868 0.85132 8.38966e-05 8.38966e-05
0.1483 0.8517 7.99495e-05 7.99495e-05
0.14798 0.85202 7.8141e-05 7.8141e-05
0.14776 0.85224 7.71943e-05 7.71943e-05
0.14736 0.85264 7.0556e-05 7.0556e-05
0.14706 0.85294 7.0764e-05 7.0764e-05
0.1466 0.8534 7.17576e-05 7.17576e-05
0.14635 0.85365 7.31187e-05 7.31187e-05
0.14624 0.85376 7.38206e-05 7.38206e-05
0.14606 0.85394 7.4158e-05 7.4158e-05
0.14585 0.85415 7.48561e-05 7.48561e-05
0.14566 0.85434 7.21863e-05 7.21863e-05
0.14552 0.85448 7.14238e-05 7.14238e-05
0.14537 0.85463 6.9488e-05 6.9488e-05
0.14517 0.85483 6.82839e-05 6.82839e-05
0.14504 0.85496 6.60792e-05 6.60792e-05
0.14488 0.85512 6.69349e-05 6.69349e-05
0.14472 0.85528 6.62844e-05 6.62844e-05
0.14466 0.85534 6.88933e-05 6.88933e-05
0.14446 0.85554 6.89378e-05 6.89378e-05
0.1443 0.8557 6.97475e-05 6.97475e-05
0.14413 0.85587 6.9286e-05 6.9286e-05
0.14414 0.85586 6.99802e-05 6.99802e-05
0.14402 0.85598 6.80804e-05 6.80804e-05
0.144 0.856 6.73737e-05 6.73737e-05
0.14393 0.85607 6.75203e-05 6.75203e-05
0.14384 0.85616 6.67418e-05 6.67418e-05
0.14381 0.85619 6.78524e-05 6.78524e-05
0.1437 0.8563 6.80101e-05 6.80101e-05
0.14361 0.85639 6.76342e-05 6.76342e-05
0.14356 0.85644 6.61075e-05 6.61075e-05
0.14346 0.85654 6.58873e-05 6.58873e-05
0.14343 0.85657 6.57829e-05 6.57829e-05
0.14333 0.85667 6.44254e-05 6.44254e-05
0.14325 0.85675 6.47348e-05 6.47348e-05
0.1432 0.8568 6.46061e-05 6.46061e-05
0.14315 0.85685 6.47146e-05 6.47146e-05
0.1431 0.8569 6.47172e-05 6.47172e-05
0.14305 0.85695 6.46136e-05 6.46136e-05
0.14302 0.85698 6.45451e-05 6.45451e-05
0.14303 0.85697 6.45546e-05 6.45546e-05
0.14306 0.85694 6.48044e-05 6.48044e-05
0.14303 0.85697 6.50193e-05 6.50193e-05
0.14296 0.85704 6.50085e-05 6.50085e-05
0.14293 0.85707 6.4894e-05 6.4894e-05
0.14288 0.85712 6.46723e-05 6.46723e-05
0.14285 0.85715 6.50581e-05 6.50581e-05
0.14282 0.85718 6.5038e-05 6.5038e-05
0.14277 0.85723 6.5593e-05 6.5593e-05
0.14271 0.85729 6.58443e-05 6.58443e-05
0.14272 0.85728 6.56784e-05 6.56784e-05
0.14267 0.85733 6.48698e-05 6.48698e-05
0.14263 0.85737 6.50435e-05 6.50435e-05
0.14262 0.85738 6.57935e-05 6.57935e-05
0.14261 0.85739 6.60787e-05 6.60787e-05
0.14256 0.85744 6.58651e-05 6.58651e-05
0.14252 0.85748 6.62925e-05 6.62925e-05
0.14251 0.85749 6.65353e-05 6.65353e-05
0.14253 0.85747 6.66557e-05 6.66557e-05
0.14249 0.85751 6.67575e-05 6.67575e-05
0.14249 0.85751 6.67373e-05 6.67373e-05
0.14248 0.85752 6.75248e-05 6.75248e-05
0.14244 0.85756 6.71378e-05 6.71378e-05
0.14239 0.85761 6.721e-05 6.721e-05
0.14239 0.85761 6.73918e-05 6.73918e-05
0.14237 0.85763 6.69021e-05 6.69021e-05
0.14238 0.85762 6.69046e-05 6.69046e-05
0.14237 0.85763 6.75688e-05 6.75688e-05
0.14232 0.85768 6.75935e-05 6.75935e-05
0.14232 0.85768 6.73309e-05 6.73309e-05
0.14225 0.85775 6.76641e-05 6.76641e-05
0.14224 0.85776 6.81842e-05 6.81842e-05
0.14224 0.85776 6.82448e-05 6.82448e-05
0.14225 0.85775 6.80278e-05 6.80278e-05
0.14226 0.85774 6.81943e-05 6.81943e-05
0.14226 0.85774 6.84166e-05 6.84166e-05
0.14224 0.85776 6.85075e-05 6.85075e-05
0.14222 0.85778 6.84764e-05 6.84764e-05
0.14224 0.85776 6.7962e-05 6.7962e-05
0.14221 0.85779 6.79252e-05 6.79252e-05
0.14222 0.85778 6.80319e-05 6.80319e-05
0.14221 0.85779 6.79049e-05 6.79049e-05
0.1422 0.8578 6.81414e-05 6.81414e-05
0.1422 0.8578 6.81414e-05 6.81414e-05
0.14215 0.85785 6.85934e-05 6.85934e-05
0.14213 0.85787 6.88617e-05 6.88617e-05
0.14209 0.85791 6.93151e-05 6.93151e-05
0.14212 0.85788 6.83895e-05 6.83895e-05
0.14209 0.85791 6.86484e-05 6.86484e-05
0.14209 0.85791 6.87696e-05 6.87696e-05
0.14206 0.85794 6.86226e-05 6.86226e-05
0.14208 0.85792 6.85592e-05 6.85592e-05
0.14206 0.85794 6.86428e-05 6.86428e-05
0.14206 0.85794 6.87034e-05 6.87034e-05
0.14206 0.85794 6.8461e-05 6.8461e-05
0.14206 0.85794 6.8461e-05 6.8461e-05
0.14207 0.85793 6.83688e-05 6.83688e-05
0.14206 0.85794 6.836e-05 6.836e-05
0.14206 0.85794 6.836e-05 6.836e-05
0.14203 0.85797 6.83324e-05 6.83324e-05
0.14203 0.85797 6.84536e-05 6.84536e-05
0.14203 0.85797 6.86961e-05 6.86961e-05
0.14198 0.85802 6.86663e-05 6.86663e-05
0.14198 0.85802 6.86663e-05 6.86663e-05
0.14199 0.85801 6.86161e-05 6.86161e-05
0.14196 0.85804 6.92307e-05 6.92307e-05
0.14199 0.85801 6.91211e-05 6.91211e-05
0.142 0.858 6.90303e-05 6.90303e-05
0.14198 0.85802 6.89087e-05 6.89087e-05
0.14199 0.85801 6.87575e-05 6.87575e-05
0.14198 0.85802 6.88279e-05 6.88279e-05
0.14199 0.85801 6.87575e-05 6.87575e-05
0.14197 0.85803 6.93627e-05 6.93627e-05
0.14198 0.85802 6.91309e-05 6.91309e-05
0.14197 0.85803 6.90799e-05 6.90799e-05
0.14197 0.85803 6.92617e-05 6.92617e-05
0.14196 0.85804 6.94933e-05 6.94933e-05
0.14196 0.85804 6.94933e-05 6.94933e-05
0.14196 0.85804 6.94731e-05 6.94731e-05
0.14196 0.85804 6.94731e-05 6.94731e-05
0.14193 0.85807 6.98233e-05 6.98233e-05
0.14192 0.85808 6.97915e-05 6.97915e-05
0.14191 0.85809 6.99009e-05 6.99009e-05
0.14192 0.85808 6.96097e-05 6.96097e-05
0.14191 0.85809 6.94969e-05 6.94969e-05
0.14191 0.85809 6.94969e-05 6.94969e-05
0.1419 0.8581 6.98081e-05 6.98081e-05
0.1419 0.8581 6.98081e-05 6.98081e-05
0.1419 0.8581 6.98081e-05 6.98081e-05
0.1419 0.8581 6.98081e-05 6.98081e-05
0.1419 0.8581 6.95455e-05 6.95455e-05
0.1419 0.8581 6.95455e-05 6.95455e-05
0.1419 0.8581 6.95455e-05 6.95455e-05
0.14189 0.85811 6.96544e-05 6.96544e-05
0.14188 0.85812 6.95612e-05 6.95612e-05
0.14187 0.85813 6.96294e-05 6.96294e-05
0.14187 0.85813 6.93264e-05 6.93264e-05
0.14187 0.85813 6.93264e-05 6.93264e-05
0.14187 0.85813 6.93264e-05 6.93264e-05
0.14187 0.85813 6.93264e-05 6.93264e-05
0.14187 0.85813 6.93264e-05 6.93264e-05
0.14187 0.85813 6.93264e-05 6.93264e-05
0.14187 0.85813 6.93264e-05 6.93264e-05
0.14187 0.85813 6.93264e-05 6.93264e-05
0.14187 0.85813 6.93264e-05 6.93264e-05
0.14188 0.85812 6.92582e-05 6.92582e-05
0.14189 0.85811 6.94322e-05 6.94322e-05
0.14189 0.85811 6.94322e-05 6.94322e-05
0.14188 0.85812 6.92582e-05 6.92582e-05
0.14187 0.85813 6.91041e-05 6.91041e-05
0.14186 0.85814 6.89095e-05 6.89095e-05
0.14185 0.85815 6.89773e-05 6.89773e-05
0.14185 0.85815 6.89773e-05 6.89773e-05
0.14185 0.85815 6.89773e-05 6.89773e-05
0.14185 0.85815 6.89773e-05 6.89773e-05
0.14186 0.85814 6.91519e-05 6.91519e-05
0.14186 0.85814 6.91519e-05 6.91519e-05
0.14184 0.85816 6.89236e-05 6.89236e-05
0.14185 0.85815 6.90985e-05 6.90985e-05
0.14185 0.85815 6.90985e-05 6.90985e-05
0.14185 0.85815 6.90783e-05 6.90783e-05
0.14185 0.85815 6.90783e-05 6.90783e-05
0.14184 0.85816 6.91661e-05 6.91661e-05
0.14185 0.85815 6.93409e-05 6.93409e-05
0.14185 0.85815 6.93409e-05 6.93409e-05
0.14185 0.85815 6.93409e-05 6.93409e-05
0.14185 0.85815 6.93409e-05 6.93409e-05
0.14185 0.85815 6.93409e-05 6.93409e-05
0.14185 0.85815 6.93409e-05 6.93409e-05
0.14185 0.85815 6.93409e-05 6.93409e-05
0.14185 0.85815 6.93409e-05 6.93409e-05
0.14185 0.85815 6.93409e-05 6.93409e-05
0.14185 0.85815 6.93409e-05 6.93409e-05
0.14185 0.85815 6.93409e-05 6.93409e-05
0.14184 0.85816 6.94893e-05 6.94893e-05
0.14184 0.85816 6.94893e-05 6.94893e-05
0.14184 0.85816 6.94893e-05 6.94893e-05
0.14184 0.85816 6.94893e-05 6.94893e-05
0.14184 0.85816 6.94893e-05 6.94893e-05
0.14184 0.85816 6.94893e-05 6.94893e-05
0.14184 0.85816 6.94893e-05 6.94893e-05
0.14182 0.85818 6.96238e-05 6.96238e-05
0.14182 0.85818 6.96238e-05 6.96238e-05
0.14182 0.85818 6.96238e-05 6.96238e-05
0.14181 0.85819 6.961e-05 6.961e-05
0.14182 0.85818 6.95228e-05 6.95228e-05
0.14182 0.85818 6.95228e-05 6.95228e-05
0.14181 0.85819 6.94282e-05 6.94282e-05
0.14183 0.85817 6.92334e-05 6.92334e-05
0.14182 0.85818 6.93208e-05 6.93208e-05
0.14181 0.85819 6.91454e-05 6.91454e-05
0.14181 0.85819 6.91454e-05 6.91454e-05
0.14181 0.85819 6.91454e-05 6.91454e-05
0.14181 0.85819 6.91454e-05 6.91454e-05
0.14181 0.85819 6.91454e-05 6.91454e-05
0.14182 0.85818 6.90784e-05 6.90784e-05
0.14182 0.85818 6.90784e-05 6.90784e-05
0.14182 0.85818 6.90784e-05 6.90784e-05
0.14182 0.85818 6.90784e-05 6.90784e-05
0.14182 0.85818 6.90784e-05 6.90784e-05
0.14182 0.85818 6.90784e-05 6.90784e-05
0.14181 0.85819 6.91454e-05 6.91454e-05
0.14181 0.85819 6.91454e-05 6.91454e-05
0.1418 0.8582 6.93939e-05 6.93939e-05
0.14179 0.85821 6.93191e-05 6.93191e-05
0.14179 0.85821 6.93191e-05 6.93191e-05
0.14179 0.85821 6.93191e-05 6.93191e-05
0.14179 0.85821 6.93191e-05 6.93191e-05
0.14179 0.85821 6.93191e-05 6.93191e-05
0.14179 0.85821 6.93191e-05 6.93191e-05
0.14179 0.85821 6.93191e-05 6.93191e-05
0.14179 0.85821 6.93191e-05 6.93191e-05
0.14179 0.85821 6.93191e-05 6.93191e-05
0.14179 0.85821 6.93191e-05 6.93191e-05
0.14179 0.85821 6.93191e-05 6.93191e-05
0.14179 0.85821 6.93191e-05 6.93191e-05
0.14179 0.85821 6.93191e-05 6.93191e-05
0.14179 0.85821 6.93191e-05 6.93191e-05
0.14178 0.85822 6.9244e-05 6.9244e-05
0.14178 0.85822 6.9244e-05 6.9244e-05
0.14178 0.85822 6.9244e-05 6.9244e-05
0.14178 0.85822 6.9244e-05 6.9244e-05
0.14178 0.85822 6.9244e-05 6.9244e-05
0.14178 0.85822 6.9244e-05 6.9244e-05
0.14178 0.85822 6.9244e-05 6.9244e-05
0.14178 0.85822 6.9244e-05 6.9244e-05
0.14178 0.85822 6.9244e-05 6.9244e-05
0.14178 0.85822 6.9244e-05 6.9244e-05
0.14178 0.85822 6.9244e-05 6.9244e-05
0.14178 0.85822 6.9244e-05 6.9244e-05
0.14178 0.85822 6.9244e-05 6.9244e-05
0.14179 0.85821 6.89959e-05 6.89959e-05
0.14178 0.85822 6.89006e-05 6.89006e-05
0.14178 0.85822 6.89006e-05 6.89006e-05
0.14178 0.85822 6.89006e-05 6.89006e-05
0.14178 0.85822 6.89006e-05 6.89006e-05
0.14178 0.85822 6.89006e-05 6.89006e-05
0.14178 0.85822 6.89006e-05 6.89006e-05
0.1418 0.8582 6.90707e-05 6.90707e-05
0.1418 0.8582 6.90707e-05 6.90707e-05
0.1418 0.8582 6.90707e-05 6.90707e-05
0.14179 0.85821 6.89959e-05 6.89959e-05
0.14179 0.85821 6.89959e-05 6.89959e-05
0.14179 0.85821 6.89959e-05 6.89959e-05
0.14178 0.85822 6.90016e-05 6.90016e-05
0.14178 0.85822 6.90016e-05 6.90016e-05
0.14178 0.85822 6.90016e-05 6.90016e-05
0.14178 0.85822 6.90016e-05 6.90016e-05
0.14178 0.85822 6.90016e-05 6.90016e-05
0.14178 0.85822 6.90016e-05 6.90016e-05
0.14178 0.85822 6.90016e-05 6.90016e-05
0.14178 0.85822 6.90016e-05 6.90016e-05
0.14179 0.85821 6.89959e-05 6.89959e-05
0.14179 0.85821 6.89959e-05 6.89959e-05
0.14178 0.85822 6.90016e-05 6.90016e-05
0.14177 0.85823 6.92496e-05 6.92496e-05
0.14176 0.85824 6.92954e-05 6.92954e-05
0.14177 0.85823 6.92496e-05 6.92496e-05
0.14177 0.85823 6.92496e-05 6.92496e-05
0.14177 0.85823 6.92496e-05 6.92496e-05
0.14177 0.85823 6.92496e-05 6.92496e-05
0.14177 0.85823 6.92496e-05 6.92496e-05
0.14178 0.85822 6.90016e-05 6.90016e-05
0.14178 0.85822 6.90016e-05 6.90016e-05
0.14178 0.85822 6.90016e-05 6.90016e-05
0.14178 0.85822 6.90016e-05 6.90016e-05
0.14177 0.85823 6.89062e-05 6.89062e-05
0.14177 0.85823 6.89062e-05 6.89062e-05
0.14176 0.85824 6.89519e-05 6.89519e-05
0.14176 0.85824 6.89519e-05 6.89519e-05
0.14176 0.85824 6.89519e-05 6.89519e-05
0.14176 0.85824 6.89519e-05 6.89519e-05
0.14176 0.85824 6.89519e-05 6.89519e-05
0.14176 0.85824 6.89519e-05 6.89519e-05
0.14176 0.85824 6.89519e-05 6.89519e-05
0.14175 0.85825 6.91995e-05 6.91995e-05
0.14175 0.85825 6.91995e-05 6.91995e-05
0.14175 0.85825 6.91995e-05 6.91995e-05
0.14175 0.85825 6.91995e-05 6.91995e-05
0.14175 0.85825 6.91995e-05 6.91995e-05
0.14175 0.85825 6.91995e-05 6.91995e-05
0.14175 0.85825 6.91995e-05 6.91995e-05
0.14175 0.85825 6.91995e-05 6.91995e-05
0.14175 0.85825 6.91995e-05 6.91995e-05
0.14175 0.85825 6.91995e-05 6.91995e-05
0.14175 0.85825 6.91995e-05 6.91995e-05
0.14175 0.85825 6.91995e-05 6.91995e-05
0.14175 0.85825 6.91995e-05 6.91995e-05
0.14175 0.85825 6.91995e-05 6.91995e-05
0.14175 0.85825 6.91995e-05 6.91995e-05
0.14175 0.85825 6.91995e-05 6.91995e-05
0.14175 0.85825 6.91995e-05 6.91995e-05
0.14175 0.85825 6.91995e-05 6.91995e-05
0.14175 0.85825 6.91995e-05 6.91995e-05
0.14175 0.85825 6.91995e-05 6.91995e-05
0.14175 0.85825 6.91995e-05 6.91995e-05
0.14175 0.85825 6.91995e-05 6.91995e-05
0.14175 0.85825 6.91995e-05 6.91995e-05
0.14175 0.85825 6.91995e-05 6.91995e-05
0.14174 0.85826 6.92651e-05 6.92651e-05
0.14174 0.85826 6.92651e-05 6.92651e-05
0.14174 0.85826 6.92651e-05 6.92651e-05
0.14174 0.85826 6.92651e-05 6.92651e-05
0.14173 0.85827 6.9189e-05 6.9189e-05
0.14173 0.85827 6.9189e-05 6.9189e-05
0.14173 0.85827 6.9189e-05 6.9189e-05
0.14173 0.85827 6.9189e-05 6.9189e-05
0.14173 0.85827 6.9189e-05 6.9189e-05
0.14173 0.85827 6.9189e-05 6.9189e-05
0.14172 0.85828 6.91329e-05 6.91329e-05
0.14172 0.85828 6.91329e-05 6.91329e-05
0.14172 0.85828 6.91329e-05 6.91329e-05
0.14172 0.85828 6.91329e-05 6.91329e-05
0.14172 0.85828 6.91329e-05 6.91329e-05
0.14172 0.85828 6.91329e-05 6.91329e-05
0.14172 0.85828 6.91329e-05 6.91329e-05
0.14172 0.85828 6.91329e-05 6.91329e-05
0.14172 0.85828 6.91329e-05 6.91329e-05
0.14172 0.85828 6.91329e-05 6.91329e-05
0.14172 0.85828 6.91329e-05 6.91329e-05
0.14172 0.85828 6.91329e-05 6.91329e-05
0.14172 0.85828 6.91329e-05 6.91329e-05
0.14172 0.85828 6.91329e-05 6.91329e-05
0.14172 0.85828 6.91329e-05 6.91329e-05
0.14172 0.85828 6.91329e-05 6.91329e-05
0.14172 0.85828 6.91329e-05 6.91329e-05
0.14172 0.85828 6.91329e-05 6.91329e-05
0.14172 0.85828 6.91329e-05 6.91329e-05
0.14172 0.85828 6.91329e-05 6.91329e-05
0.14172 0.85828 6.91329e-05 6.91329e-05
0.14172 0.85828 6.91329e-05 6.91329e-05
0.14172 0.85828 6.91329e-05 6.91329e-05
0.14172 0.85828 6.91329e-05 6.91329e-05
0.14172 0.85828 6.91329e-05 6.91329e-05
0.14172 0.85828 6.91329e-05 6.91329e-05
0.14172 0.85828 6.91329e-05 6.91329e-05
0.14172 0.85828 6.91329e-05 6.91329e-05
0.14172 0.85828 6.91329e-05 6.91329e-05
0.14172 0.85828 6.91329e-05 6.91329e-05
0.14172 0.85828 6.91329e-05 6.91329e-05
0.14172 0.85828 6.91329e-05 6.91329e-05
0.14172 0.85828 6.91329e-05 6.91329e-05
0.14171 0.85829 6.93797e-05 6.93797e-05
0.14171 0.85829 6.93797e-05 6.93797e-05
0.14171 0.85829 6.93797e-05 6.93797e-05
0.14171 0.85829 6.93797e-05 6.93797e-05
0.14171 0.85829 6.93797e-05 6.93797e-05
0.14171 0.85829 6.93797e-05 6.93797e-05
0.14171 0.85829 6.93797e-05 6.93797e-05
0.14171 0.85829 6.93797e-05 6.93797e-05
0.14171 0.85829 6.93797e-05 6.93797e-05
0.14171 0.85829 6.93797e-05 6.93797e-05
0.14171 0.85829 6.93797e-05 6.93797e-05
0.14171 0.85829 6.93797e-05 6.93797e-05
0.14171 0.85829 6.93797e-05 6.93797e-05
0.14171 0.85829 6.93797e-05 6.93797e-05
0.14171 0.85829 6.93797e-05 6.93797e-05
0.14171 0.85829 6.93797e-05 6.93797e-05
0.14171 0.85829 6.93797e-05 6.93797e-05
0.14171 0.85829 6.93797e-05 6.93797e-05
0.14171 0.85829 6.93797e-05 6.93797e-05
0.14171 0.85829 6.93797e-05 6.93797e-05
0.14171 0.85829 6.93797e-05 6.93797e-05
0.14171 0.85829 6.93797e-05 6.93797e-05
0.14171 0.85829 6.93797e-05 6.93797e-05
0.14171 0.85829 6.93797e-05 6.93797e-05
0.14171 0.85829 6.93797e-05 6.93797e-05
0.14171 0.85829 6.93797e-05 6.93797e-05
0.14171 0.85829 6.93797e-05 6.93797e-05
0.14171 0.85829 6.93797e-05 6.93797e-05
0.14171 0.85829 6.93797e-05 6.93797e-05
0.14171 0.85829 6.93797e-05 6.93797e-05
0.14171 0.85829 6.93797e-05 6.93797e-05
0.14171 0.85829 6.93797e-05 6.93797e-05
0.14171 0.85829 6.93797e-05 6.93797e-05
0.14171 0.85829 6.93797e-05 6.93797e-05
0.14171 0.85829 6.93797e-05 6.93797e-05
0.14171 0.85829 6.93797e-05 6.93797e-05
0.14171 0.85829 6.93797e-05 6.93797e-05
0.14171 0.85829 6.93797e-05 6.93797e-05
0.14171 0.85829 6.93797e-05 6.93797e-05
0.14171 0.85829 6.93797e-05 6.93797e-05
0.1417 0.8583 6.92222e-05 6.92222e-05
0.1417 0.8583 6.92222e-05 6.92222e-05
0.1417 0.8583 6.92222e-05 6.92222e-05
0.1417 0.8583 6.92222e-05 6.92222e-05
0.1417 0.8583 6.92222e-05 6.92222e-05
0.1417 0.8583 6.92222e-05 6.92222e-05
0.1417 0.8583 6.92222e-05 6.92222e-05
0.1417 0.8583 6.92222e-05 6.92222e-05
0.1417 0.8583 6.92222e-05 6.92222e-05
0.1417 0.8583 6.92222e-05 6.92222e-05
0.1417 0.8583 6.92222e-05 6.92222e-05
0.1417 0.8583 6.92222e-05 6.92222e-05
0.1417 0.8583 6.92222e-05 6.92222e-05
0.1417 0.8583 6.92222e-05 6.92222e-05
0.1417 0.8583 6.92222e-05 6.92222e-05
0.1417 0.8583 6.92222e-05 6.92222e-05
0.1417 0.8583 6.92222e-05 6.92222e-05
0.1417 0.8583 6.92222e-05 6.92222e-05
0.1417 0.8583 6.92222e-05 6.92222e-05
0.1417 0.8583 6.92222e-05 6.92222e-05
0.1417 0.8583 6.92222e-05 6.92222e-05
0.1417 0.8583 6.92222e-05 6.92222e-05
0.1417 0.8583 6.92222e-05 6.92222e-05
0.1417 0.8583 6.92222e-05 6.92222e-05
0.1417 0.8583 6.92222e-05 6.92222e-05
0.1417 0.8583 6.92222e-05 6.92222e-05
0.1417 0.8583 6.92222e-05 6.92222e-05
0.1417 0.8583 6.92222e-05 6.92222e-05
0.1417 0.8583 6.92222e-05 6.92222e-05
0.1417 0.8583 6.92222e-05 6.92222e-05
0.1417 0.8583 6.92222e-05 6.92222e-05
0.1417 0.8583 6.92222e-05 6.92222e-05
0.1417 0.8583 6.92222e-05 6.92222e-05
0.1417 0.8583 6.92222e-05 6.92222e-05
0.1417 0.8583 6.92222e-05 6.92222e-05
0.1417 0.8583 6.92222e-05 6.92222e-05
0.1417 0.8583 6.92222e-05 6.92222e-05
0.1417 0.8583 6.92222e-05 6.92222e-05
0.1417 0.8583 6.92222e-05 6.92222e-05
0.1417 0.8583 6.92222e-05 6.92222e-05
0.1417 0.8583 6.92222e-05 6.92222e-05
0.1417 0.8583 6.92222e-05 6.92222e-05
0.1417 0.8583 6.92222e-05 6.92222e-05
0.1417 0.8583 6.92222e-05 6.92222e-05
0.1417 0.8583 6.92222e-05 6.92222e-05
0.1417 0.8583 6.92222e-05 6.92222e-05
0.1417 0.8583 6.92222e-05 6.92222e-05
0.1417 0.8583 6.92222e-05 6.92222e-05
0.1417 0.8583 6.92222e-05 6.92222e-05
0.1417 0.8583 6.92222e-05 6.92222e-05
0.1417 0.8583 6.92222e-05 6.92222e-05
0.1417 0.8583 6.92222e-05 6.92222e-05
0.1417 0.8583 6.92222e-05 6.92222e-05
0.1417 0.8583 6.92222e-05 6.92222e-05
0.1417 0.8583 6.92222e-05 6.92222e-05
0.1417 0.8583 6.92222e-05 6.92222e-05
0.1417 0.8583 6.92222e-05 6.92222e-05
0.1417 0.8583 6.92222e-05 6.92222e-05
0.1417 0.8583 6.92222e-05 6.92222e-05
0.1417 0.8583 6.92222e-05 6.92222e-05
0.1417 0.8583 6.92222e-05 6.92222e-05
0.1417 0.8583 6.92222e-05 6.92222e-05
0.1417 0.8583 6.92222e-05 6.92222e-05
0.1417 0.8583 6.92222e-05 6.92222e-05
0.1417 0.8583 6.92222e-05 6.92222e-05
0.1417 0.8583 6.92222e-05 6.92222e-05
0.1417 0.8583 6.92222e-05 6.92222e-05
0.1417 0.8583 6.92222e-05 6.92222e-05
0.1417 0.8583 6.92222e-05 6.92222e-05
0.1417 0.8583 6.92222e-05 6.92222e-05
0.1417 0.8583 6.92222e-05 6.92222e-05
0.1417 0.8583 6.92222e-05 6.92222e-05
0.1417 0.8583 6.92222e-05 6.92222e-05
0.1417 0.8583 6.92222e-05 6.92222e-05
0.1417 0.8583 6.92222e-05 6.92222e-05
0.1417 0.8583 6.92222e-05 6.92222e-05
0.1417 0.8583 6.92222e-05 6.92222e-05
0.1417 0.8583 6.92222e-05 6.92222e-05
0.1417 0.8583 6.92222e-05 6.92222e-05
0.1417 0.8583 6.92222e-05 6.92222e-05
0.1417 0.8583 6.92222e-05 6.92222e-05
