0.50012 0.49988 1.84404e-06 1.84404e-06
0.49986 0.50014 5.85899e-06 5.85899e-06
0.49967 0.50033 1.49102e-05 1.49102e-05
0.49935 0.50065 2.35025e-05 2.35025e-05
0.49935 0.50065 2.27348e-05 2.27348e-05
0.49946 0.50054 2.21095e-05 2.21095e-05
0.49917 0.50083 2.73748e-05 2.73748e-05
0.49937 0.50063 2.79526e-05 2.79526e-05
0.49929 0.50071 2.57231e-05 2.57231e-05
0.49933 0.50067 2.8789e-05 2.8789e-05
0.49937 0.50063 2.99526e-05 2.99526e-05
0.49935 0.50065 3.0048e-05 3.0048e-05
0.49927 0.50073 3.1189e-05 3.1189e-05
0.49925 0.50075 3.24722e-05 3.24722e-05
0.49928 0.50072 3.28703e-05 3.28703e-05
0.49929 0.50071 3.31171e-05 3.31171e-05
0.49935 0.50065 3.31995e-05 3.31995e-05
0.49934 0.50066 3.41661e-05 3.41661e-05
0.49937 0.50063 3.42355e-05 3.42355e-05
0.49938 0.50062 3.49046e-05 3.49046e-05
0.49942 0.50058 3.54178e-05 3.54178e-05
0.49937 0.50063 3.63365e-05 3.63365e-05
0.4994 0.5006 3.63838e-05 3.63838e-05
0.49937 0.50063 3.63365e-05 3.63365e-05
0.49934 0.50066 3.71156e-05 3.71156e-05
0.49931 0.50069 3.82161e-05 3.82161e-05
0.49929 0.50071 3.79049e-05 3.79049e-05
0.49937 0.50063 3.79526e-05 3.79526e-05
0.49932 0.50068 3.90885e-05 3.90885e-05
0.49938 0.50062 3.94299e-05 3.94299e-05
0.49943 0.50057 3.99849e-05 3.99849e-05
0.49944 0.50056 4.03701e-05 4.03701e-05
0.49953 0.50047 4.11405e-05 4.11405e-05
0.49953 0.50047 4.18678e-05 4.18678e-05
0.49953 0.50047 4.38476e-05 4.38476e-05
0.4996 0.5004 4.37374e-05 4.37374e-05
0.49958 0.50042 4.41653e-05 4.41653e-05
0.49961 0.50039 4.42403e-05 4.42403e-05
0.49965 0.50035 4.50783e-05 4.50783e-05
0.49961 0.50039 4.59373e-05 4.59373e-05
0.49965 0.50035 4.83914e-05 4.83914e-05
0.49953 0.50047 4.78678e-05 4.78678e-05
0.49954 0.50046 4.9059e-05 4.9059e-05
0.49953 0.50047 4.95647e-05 4.95647e-05
0.49947 0.50053 5.00092e-05 5.00092e-05
0.49945 0.50055 5.09571e-05 5.09571e-05
0.49949 0.50051 5.06969e-05 5.06969e-05
0.49945 0.50055 5.14419e-05 5.14419e-05
0.49949 0.50051 5.13231e-05 5.13231e-05
0.49938 0.50062 5.19956e-05 5.19956e-05
0.49937 0.50063 5.25789e-05 5.25789e-05
0.49936 0.50064 5.34853e-05 5.34853e-05
0.49931 0.50069 5.49635e-05 5.49635e-05
0.49933 0.50067 5.62435e-05 5.62435e-05
0.49928 0.50072 5.69309e-05 5.69309e-05
0.49927 0.50073 5.72698e-05 5.72698e-05
0.49921 0.50079 5.8107e-05 5.8107e-05
0.49926 0.50074 5.96691e-05 5.96691e-05
0.49923 0.50077 5.99163e-05 5.99163e-05
0.49919 0.50081 5.9812e-05 5.9812e-05
0.49919 0.50081 5.92868e-05 5.92868e-05
0.49919 0.50081 5.97514e-05 5.97514e-05
0.49913 0.50087 5.96698e-05 5.96698e-05
0.49915 0.50085 5.97449e-05 5.97449e-05
0.49917 0.50083 6.02031e-05 6.02031e-05
0.49917 0.50083 6.06678e-05 6.06678e-05
0.49921 0.50079 6.12181e-05 6.12181e-05
0.49923 0.50077 6.14516e-05 6.14516e-05
0.49923 0.50077 5.98557e-05 5.98557e-05
0.49921 0.50079 5.97231e-05 5.97231e-05
0.4992 0.5008 5.97778e-05 5.97778e-05
0.49924 0.50076 6.14166e-05 6.14166e-05
0.49929 0.50071 6.33595e-05 6.33595e-05
0.49927 0.50073 6.31284e-05 6.31284e-05
0.49927 0.50073 6.3593e-05 6.3593e-05
0.49925 0.50075 6.41894e-05 6.41894e-05
0.49928 0.50072 6.34764e-05 6.34764e-05
0.49921 0.50079 6.35211e-05 6.35211e-05
0.4992 0.5008 6.22424e-05 6.22424e-05
0.49927 0.50073 6.28456e-05 6.28456e-05
0.49936 0.50064 6.35863e-05 6.35863e-05
0.49941 0.50059 6.45474e-05 6.45474e-05
0.4994 0.5006 6.71313e-05 6.71313e-05
0.4994 0.5006 6.72121e-05 6.72121e-05
0.49942 0.50058 6.81653e-05 6.81653e-05
0.49944 0.50056 6.936e-05 6.936e-05
0.4995 0.5005 6.98889e-05 6.98889e-05
0.49946 0.50054 7.08772e-05 7.08772e-05
0.49946 0.50054 7.0756e-05 7.0756e-05
0.49945 0.50055 7.09773e-05 7.09773e-05
0.49947 0.50053 7.18072e-05 7.18072e-05
0.49946 0.50054 7.18065e-05 7.18065e-05
0.49941 0.50059 7.17797e-05 7.17797e-05
0.49943 0.50057 7.34193e-05 7.34193e-05
0.49935 0.50065 7.36237e-05 7.36237e-05
0.49938 0.50062 7.45006e-05 7.45006e-05
0.49938 0.50062 7.41572e-05 7.41572e-05
0.49927 0.50073 7.48658e-05 7.48658e-05
0.49927 0.50073 7.45223e-05 7.45223e-05
0.49936 0.50064 7.48994e-05 7.48994e-05
0.49938 0.50062 7.42178e-05 7.42178e-05
0.49941 0.50059 7.53959e-05 7.53959e-05
0.49933 0.50067 7.4688e-05 7.4688e-05
0.49938 0.50062 7.52279e-05 7.52279e-05
0.49933 0.50067 7.4688e-05 7.4688e-05
0.49932 0.50068 7.46238e-05 7.46238e-05
0.49931 0.50069 7.34888e-05 7.34888e-05
0.49928 0.50072 7.4042e-05 7.4042e-05
0.49926 0.50074 7.42347e-05 7.42347e-05
0.49918 0.50082 7.43309e-05 7.43309e-05
0.49921 0.50079 7.49353e-05 7.49353e-05
0.49926 0.50074 7.58913e-05 7.58913e-05
0.49926 0.50074 7.57499e-05 7.57499e-05
0.49922 0.50078 7.60925e-05 7.60925e-05
0.49919 0.50081 7.71656e-05 7.71656e-05
0.49926 0.50074 7.71438e-05 7.71438e-05
0.49927 0.50073 7.73708e-05 7.73708e-05
0.4992 0.5008 7.74949e-05 7.74949e-05
0.49918 0.50082 7.86945e-05 7.86945e-05
0.49919 0.50081 7.87615e-05 7.87615e-05
0.49924 0.50076 7.73156e-05 7.73156e-05
0.49924 0.50076 7.83257e-05 7.83257e-05
0.49923 0.50077 7.88254e-05 7.88254e-05
0.49919 0.50081 7.87211e-05 7.87211e-05
0.49916 0.50084 7.94691e-05 7.94691e-05
0.4992 0.5008 7.77374e-05 7.77374e-05
0.49918 0.50082 7.77046e-05 7.77046e-05
0.4992 0.5008 7.78586e-05 7.78586e-05
0.49921 0.50079 7.83494e-05 7.83494e-05
0.49928 0.50072 7.92339e-05 7.92339e-05
0.4993 0.5007 8.01111e-05 8.01111e-05
0.49923 0.50077 8.09668e-05 8.09668e-05
0.4992 0.5008 8.19192e-05 8.19192e-05
0.49921 0.50079 8.21878e-05 8.21878e-05
0.49923 0.50077 8.22395e-05 8.22395e-05
0.49926 0.50074 8.38711e-05 8.38711e-05
0.49933 0.50067 8.63243e-05 8.63243e-05
0.49934 0.50066 8.63681e-05 8.63681e-05
0.4993 0.5007 8.63131e-05 8.63131e-05
0.49937 0.50063 8.63163e-05 8.63163e-05
0.49944 0.50056 8.61075e-05 8.61075e-05
0.49942 0.50058 8.7337e-05 8.7337e-05
0.49941 0.50059 8.82443e-05 8.82443e-05
0.49939 0.50061 8.81191e-05 8.81191e-05
0.49931 0.50069 8.9206e-05 8.9206e-05
0.49928 0.50072 8.93147e-05 8.93147e-05
0.49932 0.50068 8.92501e-05 8.92501e-05
0.49929 0.50071 8.8814e-05 8.8814e-05
0.49928 0.50072 8.87693e-05 8.87693e-05
0.49928 0.50072 8.90925e-05 8.90925e-05
0.49931 0.50069 8.73878e-05 8.73878e-05
0.49931 0.50069 8.92262e-05 8.92262e-05
0.49931 0.50069 8.92666e-05 8.92666e-05
0.49935 0.50065 8.93409e-05 8.93409e-05
0.49932 0.50068 8.94723e-05 8.94723e-05
0.49935 0.50065 8.94419e-05 8.94419e-05
0.49942 0.50058 9.04481e-05 9.04481e-05
0.49938 0.50062 9.21572e-05 9.21572e-05
0.49934 0.50066 9.23075e-05 9.23075e-05
0.49941 0.50059 9.18201e-05 9.18201e-05
0.49936 0.50064 9.21317e-05 9.21317e-05
0.49937 0.50063 9.10031e-05 9.10031e-05
0.49936 0.50064 9.19297e-05 9.19297e-05
0.49934 0.50066 9.18024e-05 9.18024e-05
0.49927 0.50073 9.22597e-05 9.22597e-05
0.49927 0.50073 9.34112e-05 9.34112e-05
0.49926 0.50074 9.43156e-05 9.43156e-05
0.49927 0.50073 9.58355e-05 9.58355e-05
0.49929 0.50071 9.66928e-05 9.66928e-05
0.49921 0.50079 9.80262e-05 9.80262e-05
0.49918 0.50082 9.75228e-05 9.75228e-05
0.49918 0.50082 9.83511e-05 9.83511e-05
0.49919 0.50081 9.81959e-05 9.81959e-05
0.49922 0.50078 9.96077e-05 9.96077e-05
0.49921 0.50079 9.93595e-05 9.93595e-05
0.49916 0.50084 9.92873e-05 9.92873e-05
0.49916 0.50084 9.92671e-05 9.92671e-05
0.49919 0.50081 9.91454e-05 9.91454e-05
0.49916 0.50084 9.94893e-05 9.94893e-05
0.49918 0.50082 9.96642e-05 9.96642e-05
0.49913 0.50087 9.92658e-05 9.92658e-05
0.49911 0.50089 9.89272e-05 9.89272e-05
0.49908 0.50092 9.79531e-05 9.79531e-05
0.49898 0.50102 9.72117e-05 9.72117e-05
0.49897 0.50103 9.74637e-05 9.74637e-05
0.49899 0.50101 9.76868e-05 9.76868e-05
0.49903 0.50097 9.83122e-05 9.83122e-05
0.49902 0.50098 9.84642e-05 9.84642e-05
0.49902 0.50098 9.92117e-05 9.92117e-05
0.49903 0.50097 9.95849e-05 9.95849e-05
0.49906 0.50094 9.98954e-05 9.98954e-05
0.49909 0.50091 0.000101497 0.000101497
0.49916 0.50084 0.000102661 0.000102661
0.49911 0.50089 0.000103513 0.000103513
0.49905 0.50095 0.000103987 0.000103987
0.49906 0.50094 0.000105693 0.000105693
0.49905 0.50095 0.000105038 0.000105038
0.49902 0.50098 0.000103939 0.000103939
0.49896 0.50104 0.000103251 0.000103251
0.49899 0.50101 0.000103525 0.000103525
0.49899 0.50101 0.000103485 0.000103485
0.49899 0.50101 0.000103949 0.000103949
0.49901 0.50099 0.000103586 0.000103586
0.49901 0.50099 0.000103949 0.000103949
0.49904 0.50096 0.000104988 0.000104988
0.49905 0.50095 0.000105119 0.000105119
0.4991 0.5009 0.000106434 0.000106434
0.49911 0.50089 0.000106341 0.000106341
0.49911 0.50089 0.00010719 0.00010719
0.49912 0.50088 0.000107198 0.000107198
0.49905 0.50095 0.000107078 0.000107078
0.49905 0.50095 0.000105381 0.000105381
0.49908 0.50092 0.000106519 0.000106519
0.49907 0.50093 0.000106894 0.000106894
0.4991 0.5009 0.000107566 0.000107566
0.49911 0.50089 0.000107392 0.000107392
0.49909 0.50091 0.00010778 0.00010778
0.49915 0.50085 0.000109725 0.000109725
0.49916 0.50084 0.000109328 0.000109328
0.49913 0.50087 0.000108943 0.000108943
0.49911 0.50089 0.000109695 0.000109695
0.4991 0.5009 0.000110071 0.000110071
0.49906 0.50094 0.000109875 0.000109875
0.49905 0.50095 0.000110634 0.000110634
0.4991 0.5009 0.000111121 0.000111121
0.49908 0.50092 0.000111206 0.000111206
0.499 0.501 0.000111758 0.000111758
0.499 0.501 0.000113879 0.000113879
0.49895 0.50105 0.00011427 0.00011427
0.49896 0.50104 0.000114019 0.000114019
0.499 0.501 0.000114 0.000114
0.49899 0.50101 0.00011304 0.00011304
0.499 0.501 0.000113172 0.000113172
0.49905 0.50095 0.000113745 0.000113745
0.49903 0.50097 0.000114211 0.000114211
0.49904 0.50096 0.00011517 0.00011517
0.49907 0.50093 0.000117056 0.000117056
0.49908 0.50092 0.000117024 0.000117024
0.49909 0.50091 0.000117295 0.000117295
0.49908 0.50092 0.000117468 0.000117468
0.49911 0.50089 0.000117432 0.000117432
0.4991 0.5009 0.000117747 0.000117747
0.4991 0.5009 0.000117626 0.000117626
0.49911 0.50089 0.000117513 0.000117513
0.49911 0.50089 0.00011721 0.00011721
0.49912 0.50088 0.0001174 0.0001174
0.49915 0.50085 0.000118775 0.000118775
0.49914 0.50086 0.000119071 0.000119071
0.49914 0.50086 0.000118849 0.000118849
0.49916 0.50084 0.000119368 0.000119368
0.49916 0.50084 0.000120015 0.000120015
0.49914 0.50086 0.000121354 0.000121354
0.49916 0.50084 0.000121065 0.000121065
0.49918 0.50082 0.000120856 0.000120856
0.49918 0.50082 0.000120876 0.000120876
0.49917 0.50083 0.000121415 0.000121415
0.49914 0.50086 0.000121011 0.000121011
0.49913 0.50087 0.000120943 0.000120943
0.49911 0.50089 0.000120543 0.000120543
0.49911 0.50089 0.000120766 0.000120766
0.49913 0.50087 0.000121064 0.000121064
0.49912 0.50088 0.000120592 0.000120592
0.49916 0.50084 0.000119914 0.000119914
0.49912 0.50088 0.000120369 0.000120369
0.49912 0.50088 0.000120228 0.000120228
0.49913 0.50087 0.00012068 0.00012068
0.49911 0.50089 0.000120887 0.000120887
0.49914 0.50086 0.000120909 0.000120909
0.49915 0.50085 0.00012029 0.00012029
0.49914 0.50086 0.000120182 0.000120182
0.49917 0.50083 0.000120385 0.000120385
0.49916 0.50084 0.000120035 0.000120035
0.49917 0.50083 0.000121254 0.000121254
0.49913 0.50087 0.000121387 0.000121387
0.49917 0.50083 0.000122062 0.000122062
0.49915 0.50085 0.000122008 0.000122008
0.49912 0.50088 0.000122329 0.000122329
0.49912 0.50088 0.000121662 0.000121662
0.49914 0.50086 0.000122404 0.000122404
0.49911 0.50089 0.000123351 0.000123351
0.49912 0.50088 0.000123642 0.000123642
0.49913 0.50087 0.000124235 0.000124235
0.49914 0.50086 0.000124 0.000124
0.49915 0.50085 0.000123664 0.000123664
0.49914 0.50086 0.000124142 0.000124142
0.49914 0.50086 0.000124728 0.000124728
0.49914 0.50086 0.000125071 0.000125071
0.49913 0.50087 0.0001267 0.0001267
0.49915 0.50085 0.000125886 0.000125886
0.49917 0.50083 0.00012592 0.00012592
0.4992 0.5008 0.000125535 0.000125535
0.49915 0.50085 0.000126593 0.000126593
0.49915 0.50085 0.000127199 0.000127199
0.49916 0.50084 0.000126156 0.000126156
0.49919 0.50081 0.000125509 0.000125509
0.49917 0.50083 0.00012592 0.00012592
0.4992 0.5008 0.000126788 0.000126788
0.49918 0.50082 0.000126573 0.000126573
0.4992 0.5008 0.000127455 0.000127455
0.49922 0.50078 0.000128012 0.000128012
0.49924 0.50076 0.000128528 0.000128528
0.4992 0.5008 0.000129354 0.000129354
0.49921 0.50079 0.00013041 0.00013041
0.49925 0.50075 0.000130816 0.000130816
0.49921 0.50079 0.000131945 0.000131945
0.4992 0.5008 0.000132545 0.000132545
0.49917 0.50083 0.00013192 0.00013192
0.49916 0.50084 0.000132277 0.000132277
0.49917 0.50083 0.000132446 0.000132446
0.49918 0.50082 0.000131523 0.000131523
0.49912 0.50088 0.000130309 0.000130309
0.49912 0.50088 0.000130309 0.000130309
0.49911 0.50089 0.000130382 0.000130382
0.49907 0.50093 0.000130207 0.000130207
0.49908 0.50092 0.000130923 0.000130923
0.49911 0.50089 0.000131513 0.000131513
0.49912 0.50088 0.000132713 0.000132713
0.49912 0.50088 0.000132389 0.000132389
0.49909 0.50091 0.000133679 0.000133679
0.49912 0.50088 0.000133501 0.000133501
0.49908 0.50092 0.000134983 0.000134983
0.49908 0.50092 0.000135953 0.000135953
0.49908 0.50092 0.000136357 0.000136357
0.4991 0.5009 0.000136818 0.000136818
0.49909 0.50091 0.000137133 0.000137133
0.49908 0.50092 0.000137206 0.000137206
0.49905 0.50095 0.000137179 0.000137179
0.49907 0.50093 0.000137743 0.000137743
0.49907 0.50093 0.000136086 0.000136086
0.49905 0.50095 0.000136048 0.000136048
0.49907 0.50093 0.000136147 0.000136147
0.49904 0.50096 0.000136362 0.000136362
0.49904 0.50096 0.000136463 0.000136463
0.49904 0.50096 0.00013719 0.00013719
0.49903 0.50097 0.000136413 0.000136413
0.49903 0.50097 0.00013611 0.00013611
0.49903 0.50097 0.000137282 0.000137282
0.49902 0.50098 0.000137252 0.000137252
0.499 0.501 0.000138505 0.000138505
0.49903 0.50097 0.000139585 0.000139585
0.499 0.501 0.000140242 0.000140242
0.49898 0.50102 0.000139899 0.000139899
0.49896 0.50104 0.000140241 0.000140241
0.49897 0.50103 0.000140837 0.000140837
0.49896 0.50104 0.000140766 0.000140766
0.49894 0.50106 0.000141572 0.000141572
0.4989 0.5011 0.000141505 0.000141505
0.49883 0.50117 0.000141516 0.000141516
0.49886 0.50114 0.000141455 0.000141455
0.4989 0.5011 0.000142111 0.000142111
0.49883 0.50117 0.000142506 0.000142506
0.49886 0.50114 0.000141819 0.000141819
0.49883 0.50117 0.00014285 0.00014285
0.49884 0.50116 0.00014254 0.00014254
0.49884 0.50116 0.000142863 0.000142863
0.49885 0.50115 0.000142694 0.000142694
0.49887 0.50113 0.000143589 0.000143589
0.49886 0.50114 0.000144101 0.000144101
0.49887 0.50113 0.000145145 0.000145145
0.49886 0.50114 0.000145213 0.000145213
0.49883 0.50117 0.000145577 0.000145577
0.49879 0.50121 0.000146875 0.000146875
0.49884 0.50116 0.0001466 0.0001466
0.49885 0.50115 0.000147705 0.000147705
0.49885 0.50115 0.000148088 0.000148088
0.49886 0.50114 0.000149394 0.000149394
0.49887 0.50113 0.000147549 0.000147549
0.49889 0.50111 0.000148362 0.000148362
0.49887 0.50113 0.000148397 0.000148397
0.49887 0.50113 0.000148357 0.000148357
0.49885 0.50115 0.000148775 0.000148775
0.49885 0.50115 0.000148472 0.000148472
0.49881 0.50119 0.000149812 0.000149812
0.49882 0.50118 0.000150412 0.000150412
0.49885 0.50115 0.000151785 0.000151785
0.49884 0.50116 0.000151328 0.000151328
0.49884 0.50116 0.00015157 0.00015157
0.49885 0.50115 0.00015128 0.00015128
0.49885 0.50115 0.000150876 0.000150876
0.49886 0.50114 0.000150566 0.000150566
0.49885 0.50115 0.000150917 0.000150917
0.49887 0.50113 0.000150458 0.000150458
0.4989 0.5011 0.000151101 0.000151101
0.49891 0.50109 0.00015178 0.00015178
0.49888 0.50112 0.000151804 0.000151804
0.49887 0.50113 0.000152377 0.000152377
0.49887 0.50113 0.000152417 0.000152417
0.49885 0.50115 0.000153604 0.000153604
0.49881 0.50119 0.000154014 0.000154014
0.49881 0.50119 0.000154054 0.000154054
0.49878 0.50122 0.000154234 0.000154234
0.49878 0.50122 0.000155264 0.000155264
0.49879 0.50121 0.000156572 0.000156572
0.49884 0.50116 0.000158762 0.000158762
0.49888 0.50112 0.00016047 0.00016047
0.49889 0.50111 0.000161392 0.000161392
0.49889 0.50111 0.000162806 0.000162806
0.49888 0.50112 0.000164107 0.000164107
0.49886 0.50114 0.000163697 0.000163697
0.49886 0.50114 0.000163697 0.000163697
0.49886 0.50114 0.000162889 0.000162889
0.49886 0.50114 0.000164142 0.000164142
0.49885 0.50115 0.000164593 0.000164593
0.49881 0.50119 0.000164661 0.000164661
0.49884 0.50116 0.000165045 0.000165045
0.49885 0.50115 0.000165482 0.000165482
0.49884 0.50116 0.000165186 0.000165186
0.49881 0.50119 0.000165549 0.000165549
0.49882 0.50118 0.000166957 0.000166957
0.49881 0.50119 0.000166438 0.000166438
0.49882 0.50118 0.000166654 0.000166654
0.49884 0.50116 0.000167934 0.000167934
0.49885 0.50115 0.000169179 0.000169179
0.49883 0.50117 0.000168829 0.000168829
0.49882 0.50118 0.000169058 0.000169058
0.49883 0.50117 0.000169011 0.000169011
0.49886 0.50114 0.00016899 0.00016899
0.49882 0.50118 0.00016825 0.00016825
0.49881 0.50119 0.000168176 0.000168176
0.49882 0.50118 0.000168351 0.000168351
0.49884 0.50116 0.000168217 0.000168217
0.49884 0.50116 0.000168499 0.000168499
0.49886 0.50114 0.000168849 0.000168849
0.49893 0.50107 0.000170106 0.000170106
0.4989 0.5011 0.000169687 0.000169687
0.49895 0.50105 0.000170674 0.000170674
0.49897 0.50103 0.000170858 0.000170858
0.49897 0.50103 0.000171625 0.000171625
0.4989 0.5011 0.000170798 0.000170798
0.4989 0.5011 0.000170939 0.000170939
0.49889 0.50111 0.000171129 0.000171129
0.49889 0.50111 0.000171533 0.000171533
0.49891 0.50109 0.000171759 0.000171759
0.49888 0.50112 0.000171177 0.000171177
0.49893 0.50107 0.000170955 0.000170955
0.49896 0.50104 0.000171251 0.000171251
0.49896 0.50104 0.000171716 0.000171716
0.49896 0.50104 0.000172524 0.000172524
0.49891 0.50109 0.000172265 0.000172265
0.49891 0.50109 0.000172689 0.000172689
0.49892 0.50108 0.000172862 0.000172862
0.4989 0.5011 0.000172616 0.000172616
0.49887 0.50113 0.000171973 0.000171973
0.49887 0.50113 0.000172114 0.000172114
0.49881 0.50119 0.000172216 0.000172216
0.49876 0.50124 0.000172952 0.000172952
0.49877 0.50123 0.000171452 0.000171452
0.49873 0.50127 0.000171876 0.000171876
0.49874 0.50126 0.00017272 0.00017272
0.49874 0.50126 0.00017278 0.00017278
0.49873 0.50127 0.00017327 0.00017327
0.49872 0.50128 0.000173577 0.000173577
0.4987 0.5013 0.00017401 0.00017401
0.49866 0.50134 0.000173075 0.000173075
0.49868 0.50132 0.000173513 0.000173513
0.49873 0.50127 0.000173088 0.000173088
0.49874 0.50126 0.000172922 0.000172922
0.49873 0.50127 0.000172846 0.000172846
0.49873 0.50127 0.000172987 0.000172987
0.49871 0.50129 0.000172935 0.000172935
0.49872 0.50128 0.000173456 0.000173456
0.49872 0.50128 0.000173537 0.000173537
0.49873 0.50127 0.000173411 0.000173411
0.49869 0.50131 0.000173893 0.000173893
0.4987 0.5013 0.000173687 0.000173687
0.49872 0.50128 0.000174446 0.000174446
0.49873 0.50127 0.000174906 0.000174906
0.49874 0.50126 0.000174437 0.000174437
0.49879 0.50121 0.000175945 0.000175945
0.49879 0.50121 0.000175865 0.000175865
0.49881 0.50119 0.000174277 0.000174277
0.4988 0.5012 0.000173899 0.000173899
0.49884 0.50116 0.000173792 0.000173792
0.49887 0.50113 0.000175609 0.000175609
0.49885 0.50115 0.000175018 0.000175018
0.49885 0.50115 0.000175745 0.000175745
0.49881 0.50119 0.000175368 0.000175368
0.49883 0.50117 0.0001759 0.0001759
0.49884 0.50116 0.000175489 0.000175489
0.49885 0.50115 0.000176735 0.000176735
0.49881 0.50119 0.000177792 0.000177792
0.49878 0.50122 0.000178658 0.000178658
0.49879 0.50121 0.000179218 0.000179218
0.49878 0.50122 0.000179143 0.000179143
0.49879 0.50121 0.000179137 0.000179137
0.49876 0.50124 0.000178225 0.000178225
0.49875 0.50125 0.000178472 0.000178472
0.49875 0.50125 0.000178028 0.000178028
0.49877 0.50123 0.000177512 0.000177512
0.49876 0.50124 0.000177275 0.000177275
0.49876 0.50124 0.000177659 0.000177659
0.49874 0.50126 0.000177346 0.000177346
0.49876 0.50124 0.00017772 0.00017772
0.49876 0.50124 0.000178487 0.000178487
0.49876 0.50124 0.000178851 0.000178851
0.49877 0.50123 0.000179512 0.000179512
0.49878 0.50122 0.000179951 0.000179951
0.49874 0.50126 0.000179184 0.000179184
0.49874 0.50126 0.000178962 0.000178962
0.49873 0.50127 0.000179391 0.000179391
