0.50028 0.49972 2.46279e-05 2.46279e-05
0.49989 0.50011 4.96948e-05 4.96948e-05
0.49845 0.50155 7.74419e-05 7.74419e-05
0.49872 0.50128 8.28097e-05 8.28097e-05
0.49831 0.50169 9.81555e-05 9.81555e-05
0.49825 0.50175 0.000128836 0.000128836
0.4984 0.5016 0.000160202 0.000160202
0.49833 0.50167 0.000153617 0.000153617
0.49749 0.50251 0.000190131 0.000190131
0.49736 0.50264 0.000189202 0.000189202
0.49705 0.50295 0.000194715 0.000194715
0.49708 0.50292 0.000201751 0.000201751
0.49693 0.50307 0.000235642 0.000235642
0.49702 0.50298 0.000244707 0.000244707
0.49715 0.50285 0.00024827 0.00024827
0.49641 0.50359 0.000249982 0.000249982
0.49669 0.50331 0.00025765 0.00025765
0.49676 0.50324 0.00026772 0.00026772
0.49693 0.50307 0.000267359 0.000267359
0.49719 0.50281 0.000281125 0.000281125
0.49692 0.50308 0.000294175 0.000294175
0.49672 0.50328 0.000304709 0.000304709
0.49642 0.50358 0.000302751 0.000302751
0.49634 0.50366 0.000315015 0.000315015
0.49653 0.50347 0.000331464 0.000331464
0.49691 0.50309 0.000336527 0.000336527
0.49708 0.50292 0.000341145 0.000341145
0.49693 0.50307 0.000341581 0.000341581
0.49683 0.50317 0.000352203 0.000352203
0.4967 0.5033 0.000368919 0.000368919
0.4964 0.5036 0.000395434 0.000395434
0.49673 0.50327 0.000390846 0.000390846
0.49699 0.50301 0.000397141 0.000397141
0.49668 0.50332 0.000386301 0.000386301
0.49678 0.50322 0.000375668 0.000375668
0.49698 0.50302 0.000389373 0.000389373
0.49695 0.50305 0.000388048 0.000388048
0.49694 0.50306 0.000395794 0.000395794
0.49696 0.50304 0.000396382 0.000396382
0.49684 0.50316 0.000387509 0.000387509
0.49686 0.50314 0.000379697 0.000379697
0.49703 0.50297 0.00038807 0.00038807
0.49699 0.50301 0.000379949 0.000379949
0.49685 0.50315 0.000389139 0.000389139
0.49699 0.50301 0.000392919 0.000392919
0.49688 0.50312 0.000386511 0.000386511
0.49688 0.50312 0.000383804 0.000383804
0.49664 0.50336 0.00038894 0.00038894
0.4966 0.5034 0.000387616 0.000387616
0.4965 0.5035 0.000392071 0.000392071
0.49638 0.50362 0.000393208 0.000393208
0.49653 0.50347 0.000395363 0.000395363
0.49665 0.50335 0.000398775 0.000398775
0.49665 0.50335 0.000399866 0.000399866
0.49665 0.50335 0.000402715 0.000402715
0.49655 0.50345 0.000401179 0.000401179
0.49637 0.50363 0.000404397 0.000404397
0.49638 0.50362 0.000415935 0.000415935
0.49664 0.50336 0.000417324 0.000417324
0.49642 0.50358 0.000423701 0.000423701
0.49631 0.50369 0.000420721 0.000420721
0.49642 0.50358 0.000421802 0.000421802
0.49634 0.50366 0.000428045 0.000428045
0.49631 0.50369 0.000439832 0.000439832
0.49628 0.50372 0.00044184 0.00044184
0.49644 0.50356 0.000443259 0.000443259
0.49656 0.50344 0.000438431 0.000438431
0.49673 0.50327 0.000436664 0.000436664
0.49669 0.50331 0.00042864 0.00042864
0.49658 0.50342 0.000435014 0.000435014
0.49651 0.50349 0.000436111 0.000436111
0.49645 0.50355 0.000437341 0.000437341
0.49658 0.50342 0.000430226 0.000430226
0.49656 0.50344 0.000430067 0.000430067
0.49652 0.50348 0.000435767 0.000435767
0.49658 0.50342 0.000436286 0.000436286
0.49662 0.50338 0.000435288 0.000435288
0.49663 0.50337 0.000438922 0.000438922
0.49662 0.50338 0.000441187 0.000441187
0.49658 0.50342 0.000448024 0.000448024
0.49646 0.50354 0.000452473 0.000452473
0.49647 0.50353 0.000458736 0.000458736
0.49646 0.50354 0.000460958 0.000460958
0.4966 0.5034 0.000458626 0.000458626
0.49658 0.50342 0.000459923 0.000459923
0.49662 0.50338 0.000459531 0.000459531
0.49661 0.50339 0.000454907 0.000454907
0.49658 0.50342 0.000455983 0.000455983
0.49675 0.50325 0.000451846 0.000451846
0.49675 0.50325 0.000450674 0.000450674
0.49667 0.50333 0.000447334 0.000447334
0.49672 0.50328 0.000447194 0.000447194
0.49675 0.50325 0.000443179 0.000443179
0.49672 0.50328 0.000449012 0.000449012
0.49672 0.50328 0.000449295 0.000449295
0.49675 0.50325 0.00045322 0.00045322
0.49675 0.50325 0.000455058 0.000455058
0.49674 0.50326 0.000454356 0.000454356
0.49675 0.50325 0.000454977 0.000454977
0.4967 0.5033 0.000449283 0.000449283
0.49672 0.50328 0.000448143 0.000448143
0.49673 0.50327 0.000449007 0.000449007
0.49675 0.50325 0.000450068 0.000450068
0.49676 0.50324 0.00045277 0.00045277
0.49676 0.50324 0.000451376 0.000451376
0.49678 0.50322 0.00044987 0.00044987
0.49676 0.50324 0.000450568 0.000450568
0.49676 0.50324 0.000450467 0.000450467
0.4967 0.5033 0.000453525 0.000453525
0.49671 0.50329 0.000453501 0.000453501
0.4967 0.5033 0.000455545 0.000455545
0.49674 0.50326 0.000456699 0.000456699
0.49671 0.50329 0.000455602 0.000455602
0.49673 0.50327 0.000454502 0.000454502
0.49674 0.50326 0.000454417 0.000454417
0.49672 0.50328 0.000456688 0.000456688
0.4967 0.5033 0.000459424 0.000459424
0.49668 0.50332 0.000457149 0.000457149
0.49674 0.50326 0.000458881 0.000458881
0.49673 0.50327 0.00046028 0.00046028
0.49668 0.50332 0.00046123 0.00046123
0.49665 0.50335 0.000461644 0.000461644
0.49665 0.50335 0.000460311 0.000460311
0.49663 0.50337 0.000461205 0.000461205
0.49659 0.50341 0.000464305 0.000464305
0.49657 0.50343 0.000464652 0.000464652
0.49659 0.50341 0.000463497 0.000463497
0.49659 0.50341 0.000466648 0.000466648
0.49656 0.50344 0.000467663 0.000467663
0.49653 0.50347 0.000465888 0.000465888
0.49654 0.50346 0.000462312 0.000462312
0.49655 0.50345 0.00046423 0.00046423
0.49653 0.50347 0.000463403 0.000463403
0.4965 0.5035 0.000462596 0.000462596
0.49647 0.50353 0.000462454 0.000462454
0.4965 0.5035 0.000463606 0.000463606
0.49653 0.50347 0.000461524 0.000461524
0.49656 0.50344 0.000462006 0.000462006
0.49656 0.50344 0.000461784 0.000461784
0.49658 0.50342 0.000462044 0.000462044
0.49659 0.50341 0.000464244 0.000464244
0.49661 0.50339 0.000464725 0.000464725
0.4966 0.5034 0.00046303 0.00046303
0.49663 0.50337 0.000464134 0.000464134
0.4966 0.5034 0.000464404 0.000464404
0.49658 0.50342 0.00046461 0.00046461
0.49659 0.50341 0.000462547 0.000462547
0.49659 0.50341 0.000461254 0.000461254
0.4966 0.5034 0.000462828 0.000462828
0.49659 0.50341 0.000465557 0.000465557
0.4966 0.5034 0.000464586 0.000464586
0.4966 0.5034 0.000465273 0.000465273
0.49658 0.50342 0.000464832 0.000464832
0.4966 0.5034 0.000463111 0.000463111
0.4966 0.5034 0.000463111 0.000463111
0.49662 0.50338 0.000463955 0.000463955
0.49661 0.50339 0.000463351 0.000463351
0.49665 0.50335 0.000462593 0.000462593
0.49663 0.50337 0.000462801 0.000462801
0.49665 0.50335 0.000464492 0.000464492
0.49663 0.50337 0.000464538 0.000464538
0.49662 0.50338 0.000465187 0.000465187
0.49663 0.50337 0.000465427 0.000465427
0.49662 0.50338 0.000466682 0.000466682
0.49661 0.50339 0.000466159 0.000466159
0.4966 0.5034 0.000466606 0.000466606
0.49661 0.50339 0.000466725 0.000466725
0.49661 0.50339 0.000464846 0.000464846
0.49661 0.50339 0.000464786 0.000464786
0.49662 0.50338 0.000465935 0.000465935
0.49661 0.50339 0.000465735 0.000465735
0.4966 0.5034 0.000464162 0.000464162
0.49664 0.50336 0.000466637 0.000466637
0.49664 0.50336 0.000468152 0.000468152
0.49663 0.50337 0.000469266 0.000469266
0.49663 0.50337 0.000468821 0.000468821
0.49664 0.50336 0.000469162 0.000469162
0.49667 0.50333 0.00046887 0.00046887
0.49666 0.50334 0.000468227 0.000468227
0.49666 0.50334 0.000468227 0.000468227
0.49668 0.50332 0.000467674 0.000467674
0.49669 0.50331 0.000468317 0.000468317
0.49669 0.50331 0.000468317 0.000468317
0.49668 0.50332 0.000467493 0.000467493
0.49667 0.50333 0.000468062 0.000468062
0.49669 0.50331 0.00046864 0.00046864
0.49669 0.50331 0.00046864 0.00046864
0.4967 0.5033 0.000468818 0.000468818
0.49672 0.50328 0.000470103 0.000470103
0.49674 0.50326 0.000469811 0.000469811
0.49675 0.50325 0.000469684 0.000469684
0.49675 0.50325 0.000469684 0.000469684
0.49675 0.50325 0.000469402 0.000469402
0.49676 0.50324 0.000467316 0.000467316
0.49675 0.50325 0.000467058 0.000467058
0.49672 0.50328 0.000468567 0.000468567
0.4967 0.5033 0.000470253 0.000470253
0.49669 0.50331 0.000470054 0.000470054
0.4967 0.5033 0.000470131 0.000470131
0.49672 0.50328 0.000469315 0.000469315
0.49672 0.50328 0.000469981 0.000469981
0.49671 0.50329 0.000469663 0.000469663
0.49674 0.50326 0.000469467 0.000469467
0.49675 0.50325 0.000469341 0.000469341
0.49676 0.50324 0.00046778 0.00046778
0.49675 0.50325 0.000467523 0.000467523
0.49676 0.50324 0.00046772 0.00046772
0.49676 0.50324 0.00046772 0.00046772
0.49675 0.50325 0.000467543 0.000467543
0.49674 0.50326 0.000466901 0.000466901
0.49676 0.50324 0.00046677 0.00046677
0.49673 0.50327 0.000466361 0.000466361
0.49672 0.50328 0.000466042 0.000466042
0.49672 0.50328 0.000466042 0.000466042
0.49671 0.50329 0.000465461 0.000465461
0.4967 0.5033 0.000465586 0.000465586
0.49671 0.50329 0.000465562 0.000465562
0.49671 0.50329 0.000465562 0.000465562
0.49674 0.50326 0.00046678 0.00046678
0.49674 0.50326 0.00046678 0.00046678
0.49672 0.50328 0.000468244 0.000468244
0.49671 0.50329 0.000468471 0.000468471
0.4967 0.5033 0.000468495 0.000468495
0.4967 0.5033 0.000468495 0.000468495
0.4967 0.5033 0.000468495 0.000468495
0.4967 0.5033 0.000468495 0.000468495
0.4967 0.5033 0.000468495 0.000468495
0.4967 0.5033 0.000468495 0.000468495
0.49669 0.50331 0.000469307 0.000469307
0.49669 0.50331 0.000469307 0.000469307
0.4967 0.5033 0.000469 0.000469
0.4967 0.5033 0.000469 0.000469
0.49669 0.50331 0.000468822 0.000468822
0.49668 0.50332 0.000468967 0.000468967
0.49668 0.50332 0.000467513 0.000467513
0.49666 0.50334 0.000466671 0.000466671
0.49665 0.50335 0.000468412 0.000468412
0.49665 0.50335 0.000468412 0.000468412
0.49664 0.50336 0.000467263 0.000467263
0.49666 0.50334 0.000466974 0.000466974
0.49667 0.50333 0.000466708 0.000466708
0.49666 0.50334 0.000466449 0.000466449
0.49665 0.50335 0.000467018 0.000467018
0.49665 0.50335 0.000467018 0.000467018
0.49665 0.50335 0.000467018 0.000467018
0.49667 0.50333 0.000467132 0.000467132
0.49666 0.50334 0.000466368 0.000466368
0.49666 0.50334 0.000466368 0.000466368
0.49666 0.50334 0.000466691 0.000466691
0.49668 0.50332 0.000467028 0.000467028
0.49667 0.50333 0.000466405 0.000466405
0.49666 0.50334 0.000465257 0.000465257
0.49665 0.50335 0.000464997 0.000464997
0.49665 0.50335 0.000464997 0.000464997
0.49665 0.50335 0.000464997 0.000464997
0.49665 0.50335 0.000464997 0.000464997
0.49666 0.50334 0.000465621 0.000465621
0.49666 0.50334 0.000465621 0.000465621
0.49667 0.50333 0.000466264 0.000466264
0.49667 0.50333 0.000466264 0.000466264
0.49667 0.50333 0.000466264 0.000466264
0.49667 0.50333 0.000466264 0.000466264
0.49667 0.50333 0.000466264 0.000466264
0.49669 0.50331 0.000466418 0.000466418
0.49668 0.50332 0.000466563 0.000466563
0.49667 0.50333 0.00046592 0.00046592
0.49667 0.50333 0.00046592 0.00046592
0.49668 0.50332 0.000466018 0.000466018
0.49668 0.50332 0.000466018 0.000466018
0.49668 0.50332 0.000466018 0.000466018
0.49667 0.50333 0.000465395 0.000465395
0.49667 0.50333 0.000465395 0.000465395
0.49667 0.50333 0.000465395 0.000465395
0.49665 0.50335 0.000465402 0.000465402
0.49668 0.50332 0.000466503 0.000466503
0.49669 0.50331 0.000466196 0.000466196
0.49669 0.50331 0.000466196 0.000466196
0.49668 0.50332 0.000465573 0.000465573
0.49668 0.50332 0.000465573 0.000465573
0.49669 0.50331 0.000465428 0.000465428
0.4967 0.5033 0.000466576 0.000466576
0.4967 0.5033 0.000466576 0.000466576
0.49671 0.50329 0.000466794 0.000466794
0.49672 0.50328 0.000467416 0.000467416
0.4967 0.5033 0.000467121 0.000467121
0.4967 0.5033 0.000467121 0.000467121
0.4967 0.5033 0.000467465 0.000467465
0.4967 0.5033 0.000467465 0.000467465
0.4967 0.5033 0.000467465 0.000467465
0.49671 0.50329 0.000467319 0.000467319
0.49672 0.50328 0.000467052 0.000467052
0.49671 0.50329 0.000467319 0.000467319
0.49671 0.50329 0.000467319 0.000467319
0.49671 0.50329 0.000467319 0.000467319
0.49672 0.50328 0.000468486 0.000468486
0.49673 0.50327 0.000468745 0.000468745
0.49673 0.50327 0.000468745 0.000468745
0.49672 0.50328 0.000468123 0.000468123
0.49672 0.50328 0.000468123 0.000468123
0.49672 0.50328 0.000468123 0.000468123
0.49673 0.50327 0.000468745 0.000468745
0.49673 0.50327 0.000468745 0.000468745
0.49673 0.50327 0.000468745 0.000468745
0.49673 0.50327 0.000468745 0.000468745
0.49673 0.50327 0.000468745 0.000468745
0.49674 0.50326 0.000468437 0.000468437
0.49673 0.50327 0.00046727 0.00046727
0.49674 0.50326 0.000467912 0.000467912
0.49674 0.50326 0.000467912 0.000467912
0.49674 0.50326 0.000467912 0.000467912
0.49674 0.50326 0.000467912 0.000467912
0.49674 0.50326 0.000467912 0.000467912
0.49674 0.50326 0.000467912 0.000467912
0.49673 0.50327 0.000467654 0.000467654
0.49673 0.50327 0.000467654 0.000467654
0.49673 0.50327 0.000467654 0.000467654
0.49673 0.50327 0.000467654 0.000467654
0.49673 0.50327 0.000467654 0.000467654
0.49672 0.50328 0.000467012 0.000467012
0.49672 0.50328 0.000467012 0.000467012
0.49672 0.50328 0.000467012 0.000467012
0.49672 0.50328 0.000467093 0.000467093
0.49672 0.50328 0.000467093 0.000467093
0.49671 0.50329 0.000466471 0.000466471
0.49671 0.50329 0.000466471 0.000466471
0.49671 0.50329 0.000466471 0.000466471
0.49671 0.50329 0.000466875 0.000466875
0.49671 0.50329 0.000466875 0.000466875
0.49671 0.50329 0.000466875 0.000466875
0.49671 0.50329 0.000466875 0.000466875
0.4967 0.5033 0.000467182 0.000467182
0.4967 0.5033 0.000467182 0.000467182
0.4967 0.5033 0.000467182 0.000467182
0.49671 0.50329 0.000467036 0.000467036
0.49673 0.50327 0.000468381 0.000468381
0.49674 0.50326 0.000468356 0.000468356
0.49674 0.50326 0.000468356 0.000468356
0.49672 0.50328 0.000467214 0.000467214
0.49672 0.50328 0.000467214 0.000467214
0.49672 0.50328 0.000467214 0.000467214
0.49672 0.50328 0.000467214 0.000467214
0.49672 0.50328 0.000467214 0.000467214
0.49673 0.50327 0.00046725 0.00046725
0.49671 0.50329 0.000466955 0.000466955
0.49671 0.50329 0.000466955 0.000466955
0.49671 0.50329 0.000466955 0.000466955
0.49672 0.50328 0.000467577 0.000467577
0.49672 0.50328 0.000467577 0.000467577
0.49672 0.50328 0.000467577 0.000467577
0.49672 0.50328 0.000467577 0.000467577
0.49672 0.50328 0.000467577 0.000467577
0.49672 0.50328 0.000467577 0.000467577
0.49672 0.50328 0.000467577 0.000467577
0.49672 0.50328 0.000467577 0.000467577
0.49672 0.50328 0.000467577 0.000467577
0.49672 0.50328 0.000467577 0.000467577
0.49672 0.50328 0.000467577 0.000467577
0.49672 0.50328 0.000467577 0.000467577
0.49672 0.50328 0.000467577 0.000467577
0.49672 0.50328 0.000467577 0.000467577
0.49673 0.50327 0.00046727 0.00046727
0.49673 0.50327 0.00046727 0.00046727
0.49673 0.50327 0.00046727 0.00046727
0.49673 0.50327 0.00046727 0.00046727
0.49673 0.50327 0.00046727 0.00046727
0.49673 0.50327 0.00046727 0.00046727
0.49673 0.50327 0.00046727 0.00046727
0.49673 0.50327 0.00046727 0.00046727
0.49673 0.50327 0.00046727 0.00046727
0.49672 0.50328 0.000467234 0.000467234
0.49672 0.50328 0.000467234 0.000467234
0.49672 0.50328 0.000467234 0.000467234
0.49672 0.50328 0.000467234 0.000467234
0.49672 0.50328 0.000467234 0.000467234
0.49672 0.50328 0.000467234 0.000467234
0.49672 0.50328 0.000467234 0.000467234
0.49672 0.50328 0.000467234 0.000467234
0.49672 0.50328 0.000467234 0.000467234
0.49672 0.50328 0.000467234 0.000467234
0.49672 0.50328 0.000467234 0.000467234
0.49671 0.50329 0.000466935 0.000466935
0.49671 0.50329 0.000466935 0.000466935
0.49671 0.50329 0.000466935 0.000466935
0.49672 0.50328 0.000466789 0.000466789
0.49672 0.50328 0.000466789 0.000466789
0.49672 0.50328 0.000466789 0.000466789
0.49672 0.50328 0.000466789 0.000466789
0.49672 0.50328 0.000466789 0.000466789
0.49672 0.50328 0.000466789 0.000466789
0.49673 0.50327 0.000466825 0.000466825
0.49673 0.50327 0.000466825 0.000466825
0.49673 0.50327 0.000466825 0.000466825
0.49673 0.50327 0.000466825 0.000466825
0.49673 0.50327 0.000466825 0.000466825
0.49673 0.50327 0.000466825 0.000466825
0.49673 0.50327 0.000466825 0.000466825
0.49673 0.50327 0.000466825 0.000466825
0.49673 0.50327 0.000466825 0.000466825
0.49673 0.50327 0.000466825 0.000466825
0.49673 0.50327 0.000466825 0.000466825
0.49672 0.50328 0.000467133 0.000467133
0.49672 0.50328 0.000467133 0.000467133
0.49672 0.50328 0.000467133 0.000467133
0.49672 0.50328 0.000467133 0.000467133
0.49673 0.50327 0.000467431 0.000467431
0.49673 0.50327 0.000467431 0.000467431
0.49674 0.50326 0.000467406 0.000467406
0.49674 0.50326 0.000467406 0.000467406
0.49673 0.50327 0.000467108 0.000467108
0.49672 0.50328 0.000467133 0.000467133
0.49672 0.50328 0.000467133 0.000467133
0.49672 0.50328 0.000467133 0.000467133
0.49672 0.50328 0.000467133 0.000467133
0.49671 0.50329 0.000467097 0.000467097
0.49671 0.50329 0.000467097 0.000467097
0.49671 0.50329 0.000467097 0.000467097
0.49671 0.50329 0.000467097 0.000467097
0.49671 0.50329 0.000467097 0.000467097
0.49672 0.50328 0.000467396 0.000467396
0.49673 0.50327 0.000467088 0.000467088
0.49672 0.50328 0.000466688 0.000466688
0.49672 0.50328 0.000466688 0.000466688
0.49673 0.50327 0.000467088 0.000467088
0.49673 0.50327 0.000467088 0.000467088
0.49673 0.50327 0.000467088 0.000467088
0.49673 0.50327 0.000467088 0.000467088
0.49673 0.50327 0.000467088 0.000467088
0.49673 0.50327 0.000467088 0.000467088
0.49672 0.50328 0.000467396 0.000467396
0.49673 0.50327 0.000467371 0.000467371
0.49672 0.50328 0.000467396 0.000467396
0.49672 0.50328 0.000467396 0.000467396
0.49673 0.50327 0.000468199 0.000468199
0.49674 0.50326 0.000468639 0.000468639
0.49674 0.50326 0.000468639 0.000468639
0.49674 0.50326 0.000468639 0.000468639
0.49674 0.50326 0.000468639 0.000468639
0.49675 0.50325 0.000468331 0.000468331
0.49675 0.50325 0.000468331 0.000468331
0.49675 0.50325 0.000468331 0.000468331
0.49675 0.50325 0.000468331 0.000468331
0.49675 0.50325 0.000468331 0.000468331
0.49675 0.50325 0.000468331 0.000468331
0.49675 0.50325 0.000468331 0.000468331
0.49675 0.50325 0.000468331 0.000468331
0.49675 0.50325 0.000468331 0.000468331
0.49675 0.50325 0.000468331 0.000468331
0.49675 0.50325 0.000468331 0.000468331
0.49675 0.50325 0.000467381 0.000467381
0.49675 0.50325 0.000467381 0.000467381
0.49675 0.50325 0.000467381 0.000467381
0.49675 0.50325 0.000467381 0.000467381
0.49674 0.50326 0.000466942 0.000466942
0.49674 0.50326 0.000466942 0.000466942
0.49673 0.50327 0.000467088 0.000467088
0.49673 0.50327 0.000467088 0.000467088
0.49673 0.50327 0.000467088 0.000467088
0.49673 0.50327 0.000467088 0.000467088
0.49673 0.50327 0.000467088 0.000467088
0.49673 0.50327 0.000467088 0.000467088
0.49673 0.50327 0.000467088 0.000467088
0.49673 0.50327 0.000467088 0.000467088
0.49673 0.50327 0.000467088 0.000467088
0.49673 0.50327 0.000467088 0.000467088
0.49673 0.50327 0.000467088 0.000467088
0.49673 0.50327 0.000467088 0.000467088
0.49672 0.50328 0.000467396 0.000467396
0.49672 0.50328 0.000467396 0.000467396
0.49673 0.50327 0.000468199 0.000468199
0.49674 0.50326 0.000468639 0.000468639
0.49674 0.50326 0.000468639 0.000468639
0.49674 0.50326 0.000468639 0.000468639
0.49674 0.50326 0.000468639 0.000468639
0.49674 0.50326 0.000468639 0.000468639
0.49673 0.50327 0.000467835 0.000467835
0.49673 0.50327 0.000467835 0.000467835
0.49673 0.50327 0.000467835 0.000467835
0.49673 0.50327 0.000467835 0.000467835
0.49673 0.50327 0.000467835 0.000467835
0.49673 0.50327 0.000467835 0.000467835
0.49673 0.50327 0.000467835 0.000467835
0.49672 0.50328 0.000467396 0.000467396
0.49671 0.50329 0.000467097 0.000467097
0.49671 0.50329 0.000467097 0.000467097
0.49671 0.50329 0.000467097 0.000467097
0.49671 0.50329 0.000467097 0.000467097
0.49671 0.50329 0.000467097 0.000467097
0.49671 0.50329 0.000467097 0.000467097
0.49671 0.50329 0.000467097 0.000467097
0.49672 0.50328 0.000467396 0.000467396
0.49672 0.50328 0.000467396 0.000467396
0.49672 0.50328 0.000467396 0.000467396
0.49672 0.50328 0.000467396 0.000467396
0.49672 0.50328 0.000467396 0.000467396
0.49672 0.50328 0.000467396 0.000467396
0.49673 0.50327 0.000467835 0.000467835
0.49673 0.50327 0.000467835 0.000467835
0.49673 0.50327 0.000467835 0.000467835
0.49673 0.50327 0.000467835 0.000467835
0.49673 0.50327 0.000467835 0.000467835
