1 0.97
1 0.969
1 0.963
1 0.946
1 0.917
1 0.966
1 0.954
1 0.971
1 0.967
1 0.959
0.494 0.625
0.507 0.694
0.516 0.704
0.493 0.68
0.497 0.662
0.499 0.705
0.503 0.697
0.52 0.657
0.511 0.694
0.497 0.663
0.52 0.729
0.484 0.681
0.499 0.687
0.496 0.672
0.49 0.623
0.507 0.658
0.528 0.699
0.472 0.606
0.477 0.662
0.515 0.711
0.501 0.719
0.513 0.7
0.504 0.64
0.515 0.771
0.504 0.656
0.516 0.681
0.465 0.651
0.484 0.631
0.496 0.655
0.511 0.687
0.475 0.652
0.486 0.679
0.497 0.713
0.483 0.665
0.519 0.698
0.484 0.682
0.531 0.709
0.515 0.634
0.496 0.688
0.49 0.645
0.486 0.674
0.509 0.665
0.508 0.689
0.495 0.72
0.52 0.664
0.473 0.658
0.536 0.724
0.485 0.576
0.489 0.714
0.518 0.745
0.488 0.652
0.519 0.68
0.49 0.65
0.498 0.703
0.497 0.663
0.521 0.726
0.512 0.687
0.49 0.715
0.487 0.704
0.501 0.741
0.491 0.664
0.506 0.667
0.504 0.693
0.512 0.676
0.501 0.717
0.511 0.672
0.484 0.621
0.496 0.769
0.484 0.698
0.519 0.714
0.479 0.701
0.497 0.718
0.484 0.717
0.506 0.734
0.491 0.695
0.507 0.789
0.49 0.688
0.509 0.725
0.494 0.708
0.489 0.683
0.521 0.74
0.497 0.723
0.503 0.669
0.528 0.756
0.493 0.64
0.498 0.662
0.487 0.711
0.488 0.634
0.507 0.641
0.535 0.67
