0.54905 0.45095 0.000245705 0.000245705
0.54868 0.45132 0.000309634 0.000309634
0.54889 0.45111 0.000370261 0.000370261
0.54867 0.45133 0.00050586 0.00050586
0.549 0.451 0.000568889 0.000568889
0.54853 0.45147 0.000577767 0.000577767
0.54923 0.45077 0.000659068 0.000659068
0.55012 0.44988 0.000715581 0.000715581
0.54976 0.45024 0.00073279 0.00073279
0.54985 0.45015 0.000790856 0.000790856
0.55057 0.44943 0.000866227 0.000866227
0.55177 0.44823 0.000883856 0.000883856
0.55056 0.44944 0.000926815 0.000926815
0.54978 0.45022 0.00101193 0.00101193
0.54772 0.45228 0.0010756 0.0010756
0.54788 0.45212 0.0011293 0.0011293
0.54766 0.45234 0.00105934 0.00105934
0.54845 0.45155 0.00102772 0.00102772
0.54902 0.45098 0.00107156 0.00107156
0.54911 0.45089 0.0010645 0.0010645
0.54963 0.45037 0.00111935 0.00111935
0.55023 0.44977 0.0010266 0.0010266
0.55018 0.44982 0.00106764 0.00106764
0.55017 0.44983 0.0010679 0.0010679
0.5505 0.4495 0.00116373 0.00116373
0.55055 0.44945 0.00109441 0.00109441
0.55088 0.44912 0.00108677 0.00108677
0.551 0.449 0.00107085 0.00107085
0.55093 0.44907 0.00104116 0.00104116
0.55069 0.44931 0.00108296 0.00108296
0.55045 0.44955 0.00112554 0.00112554
0.55031 0.44969 0.00115218 0.00115218
0.55026 0.44974 0.00113971 0.00113971
0.54989 0.45011 0.00118275 0.00118275
0.55035 0.44965 0.00121227 0.00121227
0.55033 0.44967 0.00118556 0.00118556
0.55091 0.44909 0.00118954 0.00118954
0.55134 0.44866 0.00117859 0.00117859
0.55052 0.44948 0.0011514 0.0011514
0.55143 0.44857 0.0011455 0.0011455
0.55084 0.44916 0.00113696 0.00113696
0.55107 0.44893 0.00108097 0.00108097
0.55056 0.44944 0.00110562 0.00110562
0.55118 0.44882 0.00116956 0.00116956
0.55106 0.44894 0.00127117 0.00127117
0.55117 0.44883 0.00131962 0.00131962
0.55201 0.44799 0.00134753 0.00134753
0.55283 0.44717 0.00139168 0.00139168
0.55212 0.44788 0.00131487 0.00131487
0.5526 0.4474 0.00126531 0.00126531
0.55207 0.44793 0.0012431 0.0012431
0.55169 0.44831 0.00127844 0.00127844
0.55143 0.44857 0.00130873 0.00130873
0.55122 0.44878 0.00130581 0.00130581
0.55112 0.44888 0.00124588 0.00124588
0.55126 0.44874 0.00124516 0.00124516
0.55116 0.44884 0.00125949 0.00125949
0.55156 0.44844 0.00122696 0.00122696
0.55081 0.44919 0.00118068 0.00118068
0.55023 0.44977 0.00126961 0.00126961
0.55116 0.44884 0.00125133 0.00125133
0.55083 0.44917 0.00124321 0.00124321
0.54994 0.45006 0.00124765 0.00124765
0.54932 0.45068 0.00128735 0.00128735
0.55003 0.44997 0.00122817 0.00122817
0.54984 0.45016 0.00113032 0.00113032
0.55075 0.44925 0.00112205 0.00112205
0.55106 0.44894 0.00118246 0.00118246
0.55155 0.44845 0.00112686 0.00112686
0.55106 0.44894 0.0011007 0.0011007
0.55154 0.44846 0.00115276 0.00115276
0.55235 0.44765 0.00113397 0.00113397
0.55157 0.44843 0.0011311 0.0011311
0.5524 0.4476 0.00113485 0.00113485
0.55248 0.44752 0.00106187 0.00106187
0.55258 0.44742 0.00103459 0.00103459
0.55137 0.44863 0.00110716 0.00110716
0.55097 0.44903 0.0010832 0.0010832
0.55235 0.44765 0.00113049 0.00113049
0.55195 0.44805 0.00114423 0.00114423
0.55156 0.44844 0.00109756 0.00109756
0.55252 0.44748 0.00104175 0.00104175
0.55306 0.44694 0.00102159 0.00102159
0.554 0.446 0.00100327 0.00100327
0.55386 0.44614 0.00104802 0.00104802
0.55386 0.44614 0.00107117 0.00107117
0.55419 0.44581 0.00108381 0.00108381
0.5545 0.4455 0.0010726 0.0010726
0.55445 0.44555 0.00104585 0.00104585
0.55426 0.44574 0.00100583 0.00100583
0.55465 0.44535 0.00107243 0.00107243
0.55404 0.44596 0.00114662 0.00114662
0.55435 0.44565 0.00116013 0.00116013
0.55224 0.44776 0.00113136 0.00113136
0.55181 0.44819 0.00116634 0.00116634
0.55126 0.44874 0.00118947 0.00118947
0.55151 0.44849 0.00124179 0.00124179
0.55126 0.44874 0.0012464 0.0012464
0.55144 0.44856 0.00133774 0.00133774
0.55153 0.44847 0.00129227 0.00129227
0.55102 0.44898 0.00134273 0.00134273
0.55124 0.44876 0.00132206 0.00132206
0.55003 0.44997 0.00135096 0.00135096
0.55104 0.44896 0.00129806 0.00129806
0.55103 0.44897 0.0012655 0.0012655
0.55023 0.44977 0.00129026 0.00129026
0.55131 0.44869 0.00127599 0.00127599
0.55179 0.44821 0.00127797 0.00127797
0.55002 0.44998 0.00134182 0.00134182
0.55148 0.44852 0.00129003 0.00129003
0.55203 0.44797 0.00129641 0.00129641
0.55137 0.44863 0.00128282 0.00128282
0.55169 0.44831 0.00131498 0.00131498
0.55182 0.44818 0.0013477 0.0013477
0.55166 0.44834 0.0013491 0.0013491
0.55142 0.44858 0.00138027 0.00138027
0.55162 0.44838 0.00133191 0.00133191
0.55157 0.44843 0.00127706 0.00127706
0.55173 0.44827 0.00125575 0.00125575
0.55157 0.44843 0.00130217 0.00130217
0.5516 0.4484 0.00124499 0.00124499
0.55175 0.44825 0.00130039 0.00130039
0.55235 0.44765 0.00126942 0.00126942
0.55209 0.44791 0.00127822 0.00127822
0.55068 0.44932 0.00134466 0.00134466
0.55098 0.44902 0.00134911 0.00134911
0.54988 0.45012 0.00139601 0.00139601
0.54884 0.45116 0.00141896 0.00141896
0.54974 0.45026 0.00137444 0.00137444
0.54933 0.45067 0.00145024 0.00145024
0.54981 0.45019 0.00137999 0.00137999
0.54996 0.45004 0.00126176 0.00126176
0.54946 0.45054 0.00131655 0.00131655
0.55015 0.44985 0.00124037 0.00124037
0.55037 0.44963 0.00126866 0.00126866
0.55047 0.44953 0.00124993 0.00124993
0.55037 0.44963 0.00125735 0.00125735
0.54986 0.45014 0.00133794 0.00133794
0.54975 0.45025 0.00134704 0.00134704
0.54992 0.45008 0.00128317 0.00128317
0.5508 0.4492 0.00133699 0.00133699
0.55017 0.44983 0.00133305 0.00133305
0.54979 0.45021 0.00128423 0.00128423
0.55009 0.44991 0.00125319 0.00125319
0.55079 0.44921 0.00126593 0.00126593
0.5509 0.4491 0.00130215 0.00130215
0.55103 0.44897 0.00136914 0.00136914
0.55081 0.44919 0.00139032 0.00139032
0.55193 0.44807 0.0014571 0.0014571
0.55156 0.44844 0.00144916 0.00144916
0.55131 0.44869 0.00140937 0.00140937
0.55194 0.44806 0.00137151 0.00137151
0.55144 0.44856 0.00149843 0.00149843
0.55237 0.44763 0.00157579 0.00157579
0.55329 0.44671 0.00154635 0.00154635
0.55374 0.44626 0.00149547 0.00149547
0.55409 0.44591 0.00148103 0.00148103
0.55406 0.44594 0.00148961 0.00148961
0.55422 0.44578 0.00149735 0.00149735
0.5544 0.4456 0.00150853 0.00150853
0.55553 0.44447 0.00154122 0.00154122
0.55562 0.44438 0.00148802 0.00148802
0.55523 0.44477 0.00149535 0.00149535
0.55554 0.44446 0.00149544 0.00149544
0.55355 0.44645 0.00148914 0.00148914
0.55203 0.44797 0.00140247 0.00140247
0.5521 0.4479 0.00146944 0.00146944
0.55325 0.44675 0.00146714 0.00146714
0.55273 0.44727 0.00156606 0.00156606
0.55358 0.44642 0.00162621 0.00162621
0.55459 0.44541 0.00157285 0.00157285
0.55466 0.44534 0.00161429 0.00161429
0.55458 0.44542 0.00156301 0.00156301
0.5543 0.4457 0.00157627 0.00157627
0.55571 0.44429 0.00159821 0.00159821
0.55559 0.44441 0.00164222 0.00164222
0.55436 0.44564 0.00160185 0.00160185
0.55462 0.44538 0.00155751 0.00155751
0.55453 0.44547 0.0016326 0.0016326
0.55459 0.44541 0.00157297 0.00157297
0.55553 0.44447 0.00160344 0.00160344
0.55508 0.44492 0.00173496 0.00173496
0.55439 0.44561 0.00168062 0.00168062
0.55308 0.44692 0.00156587 0.00156587
0.55255 0.44745 0.00164839 0.00164839
0.55244 0.44756 0.00162677 0.00162677
0.55194 0.44806 0.00157642 0.00157642
0.55278 0.44722 0.00153706 0.00153706
0.55139 0.44861 0.00153456 0.00153456
0.551 0.449 0.00166261 0.00166261
0.55079 0.44921 0.00153651 0.00153651
0.5516 0.4484 0.00146281 0.00146281
0.55052 0.44948 0.00153104 0.00153104
0.54965 0.45035 0.00143922 0.00143922
0.55058 0.44942 0.0015221 0.0015221
0.551 0.449 0.00150303 0.00150303
0.55149 0.44851 0.00141496 0.00141496
0.55244 0.44756 0.00148348 0.00148348
0.55339 0.44661 0.00142598 0.00142598
0.55273 0.44727 0.00135961 0.00135961
0.55325 0.44675 0.001351 0.001351
0.55347 0.44653 0.00141878 0.00141878
0.55336 0.44664 0.00143306 0.00143306
0.55283 0.44717 0.0015758 0.0015758
0.55237 0.44763 0.00148813 0.00148813
0.55293 0.44707 0.00146556 0.00146556
0.55112 0.44888 0.00150952 0.00150952
0.55203 0.44797 0.0014815 0.0014815
0.55266 0.44734 0.00151962 0.00151962
0.55198 0.44802 0.00152127 0.00152127
0.55231 0.44769 0.00159618 0.00159618
0.55294 0.44706 0.00156977 0.00156977
0.55311 0.44689 0.00147563 0.00147563
0.5531 0.4469 0.00144504 0.00144504
0.55411 0.44589 0.00146464 0.00146464
0.55456 0.44544 0.00150144 0.00150144
0.55452 0.44548 0.00155322 0.00155322
0.55491 0.44509 0.0015674 0.0015674
0.55419 0.44581 0.00158603 0.00158603
0.55381 0.44619 0.00157876 0.00157876
0.55401 0.44599 0.00156969 0.00156969
0.5541 0.4459 0.00158676 0.00158676
0.55397 0.44603 0.00153649 0.00153649
0.55356 0.44644 0.00145782 0.00145782
0.55339 0.44661 0.00145151 0.00145151
0.55304 0.44696 0.00147103 0.00147103
0.5536 0.4464 0.00148511 0.00148511
0.55466 0.44534 0.0014878 0.0014878
0.5546 0.4454 0.00149976 0.00149976
0.55399 0.44601 0.00145427 0.00145427
0.55388 0.44612 0.00140772 0.00140772
0.55288 0.44712 0.00143209 0.00143209
0.55423 0.44577 0.00147547 0.00147547
0.55476 0.44524 0.00144772 0.00144772
0.55427 0.44573 0.00145907 0.00145907
0.55509 0.44491 0.00151558 0.00151558
0.55582 0.44418 0.00147981 0.00147981
0.55575 0.44425 0.00153981 0.00153981
0.55588 0.44412 0.00145528 0.00145528
0.55559 0.44441 0.00150853 0.00150853
0.55695 0.44305 0.00155156 0.00155156
0.55663 0.44337 0.00153224 0.00153224
0.55608 0.44392 0.00158106 0.00158106
0.55539 0.44461 0.00158578 0.00158578
0.55541 0.44459 0.00156956 0.00156956
0.55519 0.44481 0.00153306 0.00153306
0.55523 0.44477 0.00155331 0.00155331
0.55503 0.44497 0.00154209 0.00154209
0.55519 0.44481 0.00150329 0.00150329
0.55516 0.44484 0.00154165 0.00154165
0.5547 0.4453 0.00159918 0.00159918
0.55419 0.44581 0.00165652 0.00165652
0.55404 0.44596 0.00161355 0.00161355
0.55324 0.44676 0.00161556 0.00161556
0.55483 0.44517 0.00167911 0.00167911
0.55478 0.44522 0.00164813 0.00164813
0.55553 0.44447 0.00166579 0.00166579
0.55559 0.44441 0.00169404 0.00169404
0.55688 0.44312 0.00161649 0.00161649
0.55718 0.44282 0.00165227 0.00165227
0.55722 0.44278 0.00165765 0.00165765
0.55626 0.44374 0.00169872 0.00169872
0.55599 0.44401 0.00168696 0.00168696
0.55571 0.44429 0.00168776 0.00168776
0.55546 0.44454 0.00161259 0.00161259
0.55616 0.44384 0.00144975 0.00144975
0.5558 0.4442 0.00145473 0.00145473
0.55545 0.44455 0.00142793 0.00142793
0.55458 0.44542 0.00146245 0.00146245
0.55469 0.44531 0.00145599 0.00145599
0.55482 0.44518 0.0015517 0.0015517
0.55493 0.44507 0.00163657 0.00163657
0.55545 0.44455 0.00159261 0.00159261
0.55577 0.44423 0.00150919 0.00150919
0.55655 0.44345 0.00149791 0.00149791
0.55586 0.44414 0.0014656 0.0014656
0.55576 0.44424 0.00144467 0.00144467
0.55615 0.44385 0.00147589 0.00147589
0.55675 0.44325 0.00149968 0.00149968
0.55662 0.44338 0.00144699 0.00144699
0.55636 0.44364 0.00138959 0.00138959
0.55596 0.44404 0.001356 0.001356
0.55636 0.44364 0.00147678 0.00147678
0.5546 0.4454 0.00155996 0.00155996
0.55456 0.44544 0.00152277 0.00152277
0.55528 0.44472 0.0016215 0.0016215
0.5551 0.4449 0.00169421 0.00169421
0.55416 0.44584 0.00166434 0.00166434
0.55341 0.44659 0.00162051 0.00162051
0.55308 0.44692 0.00168755 0.00168755
0.55395 0.44605 0.00163728 0.00163728
0.55317 0.44683 0.00166479 0.00166479
0.55295 0.44705 0.00156882 0.00156882
0.55255 0.44745 0.00151989 0.00151989
0.55185 0.44815 0.00156989 0.00156989
0.55244 0.44756 0.00157243 0.00157243
0.55266 0.44734 0.00149221 0.00149221
0.55323 0.44677 0.00157206 0.00157206
0.55394 0.44606 0.00154264 0.00154264
0.55321 0.44679 0.00154558 0.00154558
0.55466 0.44534 0.00149332 0.00149332
0.55409 0.44591 0.00162026 0.00162026
0.55451 0.44549 0.00148371 0.00148371
0.5545 0.4455 0.00153936 0.00153936
0.55474 0.44526 0.00149852 0.00149852
0.5548 0.4452 0.00152701 0.00152701
0.555 0.445 0.00153414 0.00153414
0.55469 0.44531 0.00156579 0.00156579
0.55469 0.44531 0.00163969 0.00163969
0.55492 0.44508 0.00170527 0.00170527
0.5556 0.4444 0.00180584 0.00180584
0.5547 0.4453 0.00177607 0.00177607
0.5542 0.4458 0.0018656 0.0018656
0.55346 0.44654 0.00189276 0.00189276
0.55307 0.44693 0.00185825 0.00185825
0.55324 0.44676 0.00181477 0.00181477
0.553 0.447 0.00178937 0.00178937
0.55354 0.44646 0.00182514 0.00182514
0.55361 0.44639 0.00176238 0.00176238
0.55342 0.44658 0.0018697 0.0018697
0.55368 0.44632 0.00193388 0.00193388
0.55387 0.44613 0.00187731 0.00187731
0.55389 0.44611 0.00178687 0.00178687
0.55441 0.44559 0.00175263 0.00175263
0.55443 0.44557 0.00174546 0.00174546
0.55402 0.44598 0.00175301 0.00175301
0.55317 0.44683 0.00179542 0.00179542
0.55265 0.44735 0.00185427 0.00185427
0.55328 0.44672 0.00189085 0.00189085
0.553 0.447 0.00188899 0.00188899
0.55325 0.44675 0.00191926 0.00191926
0.55375 0.44625 0.00192306 0.00192306
0.55367 0.44633 0.00184176 0.00184176
0.5527 0.4473 0.00189825 0.00189825
0.55392 0.44608 0.00188987 0.00188987
0.55414 0.44586 0.00192754 0.00192754
0.55478 0.44522 0.0019545 0.0019545
0.5551 0.4449 0.00193946 0.00193946
0.55466 0.44534 0.00190627 0.00190627
0.55374 0.44626 0.00191494 0.00191494
0.554 0.446 0.00195345 0.00195345
0.55563 0.44437 0.00194118 0.00194118
0.55526 0.44474 0.00193175 0.00193175
0.55403 0.44597 0.00193462 0.00193462
0.55522 0.44478 0.00204819 0.00204819
0.55521 0.44479 0.00199898 0.00199898
0.55455 0.44545 0.00202267 0.00202267
0.55577 0.44423 0.00214527 0.00214527
0.55531 0.44469 0.00211416 0.00211416
0.55471 0.44529 0.00204669 0.00204669
0.55306 0.44694 0.00203761 0.00203761
0.55343 0.44657 0.00209346 0.00209346
0.55371 0.44629 0.00208455 0.00208455
0.55444 0.44556 0.00208831 0.00208831
0.55328 0.44672 0.00207592 0.00207592
0.55309 0.44691 0.00209241 0.00209241
0.55321 0.44679 0.00206724 0.00206724
0.5519 0.4481 0.00211904 0.00211904
0.55189 0.44811 0.00210834 0.00210834
0.5539 0.4461 0.00203775 0.00203775
0.55425 0.44575 0.00204421 0.00204421
0.55447 0.44553 0.00201546 0.00201546
0.55488 0.44512 0.00209003 0.00209003
0.5539 0.4461 0.00212585 0.00212585
0.5534 0.4466 0.00215483 0.00215483
0.55375 0.44625 0.00208799 0.00208799
0.5532 0.4468 0.00225251 0.00225251
0.55306 0.44694 0.00217955 0.00217955
0.55252 0.44748 0.00218053 0.00218053
0.55378 0.44622 0.00221846 0.00221846
0.55517 0.44483 0.00217287 0.00217287
0.55436 0.44564 0.00214278 0.00214278
0.55381 0.44619 0.00219828 0.00219828
0.55518 0.44482 0.00225514 0.00225514
0.55481 0.44519 0.00227743 0.00227743
0.55407 0.44593 0.00226762 0.00226762
0.55413 0.44587 0.00229365 0.00229365
0.55445 0.44555 0.00236423 0.00236423
0.55467 0.44533 0.00237152 0.00237152
0.55409 0.44591 0.00236364 0.00236364
0.55466 0.44534 0.00234998 0.00234998
0.55568 0.44432 0.0022827 0.0022827
0.55569 0.44431 0.00236828 0.00236828
0.55579 0.44421 0.00233213 0.00233213
0.55544 0.44456 0.00232389 0.00232389
0.55423 0.44577 0.00236969 0.00236969
0.55463 0.44537 0.0023862 0.0023862
0.55466 0.44534 0.0023477 0.0023477
0.55531 0.44469 0.00229892 0.00229892
0.55507 0.44493 0.00236776 0.00236776
0.55423 0.44577 0.00233608 0.00233608
0.55499 0.44501 0.00236868 0.00236868
0.55497 0.44503 0.00223573 0.00223573
0.55574 0.44426 0.00226646 0.00226646
0.55579 0.44421 0.00227524 0.00227524
0.55528 0.44472 0.00233822 0.00233822
0.55507 0.44493 0.00227748 0.00227748
0.55599 0.44401 0.00222678 0.00222678
0.55535 0.44465 0.00220762 0.00220762
0.55516 0.44484 0.00224466 0.00224466
0.55498 0.44502 0.00222669 0.00222669
0.55583 0.44417 0.00223002 0.00223002
0.55612 0.44388 0.00215144 0.00215144
0.55516 0.44484 0.00204401 0.00204401
0.55432 0.44568 0.00204464 0.00204464
0.55396 0.44604 0.0021638 0.0021638
0.55472 0.44528 0.00214109 0.00214109
0.55441 0.44559 0.00216934 0.00216934
0.55546 0.44454 0.00217284 0.00217284
0.55538 0.44462 0.00207341 0.00207341
0.55441 0.44559 0.00202659 0.00202659
0.5545 0.4455 0.00204526 0.00204526
0.55499 0.44501 0.00204999 0.00204999
0.55512 0.44488 0.00221528 0.00221528
0.55532 0.44468 0.00230549 0.00230549
0.55443 0.44557 0.00227425 0.00227425
0.55482 0.44518 0.00220144 0.00220144
0.55507 0.44493 0.00219108 0.00219108
0.55388 0.44612 0.00226978 0.00226978
0.55388 0.44612 0.00240291 0.00240291
0.55494 0.44506 0.00236828 0.00236828
0.55347 0.44653 0.00233385 0.00233385
0.55363 0.44637 0.00238369 0.00238369
0.55228 0.44772 0.00230697 0.00230697
0.55226 0.44774 0.00225995 0.00225995
0.55356 0.44644 0.00222144 0.00222144
0.55349 0.44651 0.00224536 0.00224536
0.55438 0.44562 0.0022568 0.0022568
0.554 0.446 0.00215101 0.00215101
0.55418 0.44582 0.00223071 0.00223071
0.5547 0.4453 0.00231211 0.00231211
0.55332 0.44668 0.00231157 0.00231157
0.55311 0.44689 0.00232717 0.00232717
0.5528 0.4472 0.0022997 0.0022997
0.55276 0.44724 0.00221338 0.00221338
0.55201 0.44799 0.00210934 0.00210934
0.55232 0.44768 0.00217695 0.00217695
0.55311 0.44689 0.00220432 0.00220432
0.55316 0.44684 0.00215878 0.00215878
0.55428 0.44572 0.00215305 0.00215305
0.55527 0.44473 0.00214238 0.00214238
0.55583 0.44417 0.00220988 0.00220988
0.55564 0.44436 0.00222486 0.00222486
0.55656 0.44344 0.00214435 0.00214435
0.55612 0.44388 0.00215778 0.00215778
0.55633 0.44367 0.00214853 0.00214853
0.55565 0.44435 0.00213328 0.00213328
0.5566 0.4434 0.0020776 0.0020776
0.55596 0.44404 0.00216988 0.00216988
0.55479 0.44521 0.0021577 0.0021577
0.55464 0.44536 0.00216732 0.00216732
0.55457 0.44543 0.00232075 0.00232075
0.55457 0.44543 0.00219356 0.00219356
0.55503 0.44497 0.00217742 0.00217742
0.55497 0.44503 0.0023366 0.0023366
0.55528 0.44472 0.00227847 0.00227847
0.5558 0.4442 0.00242838 0.00242838
0.55601 0.44399 0.00249338 0.00249338
0.55603 0.44397 0.00236742 0.00236742
0.55584 0.44416 0.00236307 0.00236307
0.55766 0.44234 0.00234582 0.00234582
0.55717 0.44283 0.00226592 0.00226592
0.55755 0.44245 0.00224223 0.00224223
0.55668 0.44332 0.00227121 0.00227121
0.55656 0.44344 0.00234451 0.00234451
0.55613 0.44387 0.00234116 0.00234116
0.55566 0.44434 0.00234447 0.00234447
0.55409 0.44591 0.00234616 0.00234616
0.55402 0.44598 0.00241372 0.00241372
0.55531 0.44469 0.00244812 0.00244812
0.5557 0.4443 0.00255239 0.00255239
0.55533 0.44467 0.00249958 0.00249958
0.55586 0.44414 0.00246051 0.00246051
0.5554 0.4446 0.00250982 0.00250982
0.55521 0.44479 0.00241952 0.00241952
0.55419 0.44581 0.00241755 0.00241755
0.55463 0.44537 0.00246084 0.00246084
0.55491 0.44509 0.00245998 0.00245998
0.5543 0.4457 0.00248759 0.00248759
0.55474 0.44526 0.00244662 0.00244662
0.55478 0.44522 0.00240262 0.00240262
0.55435 0.44565 0.00246433 0.00246433
0.55401 0.44599 0.00243357 0.00243357
0.55475 0.44525 0.00238453 0.00238453
0.5548 0.4452 0.00232432 0.00232432
0.55503 0.44497 0.00233397 0.00233397
0.55432 0.44568 0.00234715 0.00234715
0.5538 0.4462 0.00232693 0.00232693
0.55308 0.44692 0.00233216 0.00233216
0.55327 0.44673 0.00229923 0.00229923
0.55367 0.44633 0.00221408 0.00221408
0.55457 0.44543 0.00217754 0.00217754
0.55289 0.44711 0.00219553 0.00219553
0.55208 0.44792 0.00213688 0.00213688
0.55241 0.44759 0.00212045 0.00212045
0.55078 0.44922 0.00206076 0.00206076
0.55148 0.44852 0.00205914 0.00205914
0.55218 0.44782 0.00204417 0.00204417
0.55114 0.44886 0.00202578 0.00202578
0.55175 0.44825 0.0020496 0.0020496
