0.50208 0.49792 5.6438e-05 5.6438e-05
0.50404 0.49596 0.000147958 0.000147958
0.50616 0.49384 0.000249914 0.000249914
0.50578 0.49422 0.000355345 0.000355345
0.50665 0.49335 0.000490391 0.000490391
0.50767 0.49233 0.000599577 0.000599577
0.50877 0.49123 0.000679775 0.000679775
0.50966 0.49034 0.000787075 0.000787075
0.51092 0.48908 0.000866478 0.000866478
0.51117 0.48883 0.000915456 0.000915456
0.5117 0.4883 0.00101615 0.00101615
0.51281 0.48719 0.00111882 0.00111882
0.5132 0.4868 0.0011456 0.0011456
0.51293 0.48707 0.001211 0.001211
0.51274 0.48726 0.00125377 0.00125377
0.51291 0.48709 0.00135461 0.00135461
0.51291 0.48709 0.00144024 0.00144024
0.51342 0.48658 0.00148677 0.00148677
0.51377 0.48623 0.00153632 0.00153632
0.51447 0.48553 0.00157011 0.00157011
0.51484 0.48516 0.00160909 0.00160909
0.5152 0.4848 0.00166459 0.00166459
0.51465 0.48535 0.00173011 0.00173011
0.5151 0.4849 0.00171627 0.00171627
0.51547 0.48453 0.00175797 0.00175797
0.51565 0.48435 0.0018092 0.0018092
0.51585 0.48415 0.00183342 0.00183342
0.51585 0.48415 0.00186514 0.00186514
0.51581 0.48419 0.00186975 0.00186975
0.51533 0.48467 0.00188832 0.00188832
0.51591 0.48409 0.00189901 0.00189901
0.51615 0.48385 0.00189356 0.00189356
0.51648 0.48352 0.00189771 0.00189771
0.5164 0.4836 0.00191257 0.00191257
0.51663 0.48337 0.0019262 0.0019262
0.51682 0.48318 0.00197261 0.00197261
0.51697 0.48303 0.0019953 0.0019953
0.51739 0.48261 0.00203378 0.00203378
0.51751 0.48249 0.00205569 0.00205569
0.51753 0.48247 0.00203548 0.00203548
0.51711 0.48289 0.00205095 0.00205095
0.51674 0.48326 0.00206617 0.00206617
0.51681 0.48319 0.00206983 0.00206983
0.51695 0.48305 0.00206676 0.00206676
0.51691 0.48309 0.00207738 0.00207738
0.51703 0.48297 0.00211219 0.00211219
0.51702 0.48298 0.00211174 0.00211174
0.51713 0.48287 0.00210684 0.00210684
0.51743 0.48257 0.00212043 0.00212043
0.51758 0.48242 0.00213265 0.00213265
0.51805 0.48195 0.00210484 0.00210484
0.51842 0.48158 0.00211934 0.00211934
0.51847 0.48153 0.00211565 0.00211565
0.51828 0.48172 0.00210962 0.00210962
0.51814 0.48186 0.00213471 0.00213471
0.51806 0.48194 0.00211864 0.00211864
0.51826 0.48174 0.00212316 0.00212316
0.51816 0.48184 0.00216789 0.00216789
0.51831 0.48169 0.00217945 0.00217945
0.51831 0.48169 0.00217834 0.00217834
0.51839 0.48161 0.00216626 0.00216626
0.51814 0.48186 0.00217218 0.00217218
0.5181 0.4819 0.00218502 0.00218502
0.51798 0.48202 0.00219275 0.00219275
0.51825 0.48175 0.00218845 0.00218845
0.51823 0.48177 0.00219141 0.00219141
0.51823 0.48177 0.00218691 0.00218691
0.51836 0.48164 0.00219296 0.00219296
0.51853 0.48147 0.00219088 0.00219088
0.51839 0.48161 0.00220145 0.00220145
0.51867 0.48133 0.00221566 0.00221566
0.51857 0.48143 0.0022077 0.0022077
0.51858 0.48142 0.0021998 0.0021998
0.51866 0.48134 0.00220772 0.00220772
0.51876 0.48124 0.00219651 0.00219651
0.51875 0.48125 0.0021997 0.0021997
0.51873 0.48127 0.00219478 0.00219478
0.51882 0.48118 0.00218562 0.00218562
0.51904 0.48096 0.00219289 0.00219289
0.51899 0.48101 0.00218785 0.00218785
0.51908 0.48092 0.00219466 0.00219466
0.51919 0.48081 0.00221474 0.00221474
0.51926 0.48074 0.00223185 0.00223185
0.51927 0.48073 0.00224309 0.00224309
0.51932 0.48068 0.00223216 0.00223216
0.5193 0.4807 0.00225486 0.00225486
0.5194 0.4806 0.00225451 0.00225451
0.51941 0.48059 0.00225655 0.00225655
0.51943 0.48057 0.00226138 0.00226138
0.51926 0.48074 0.0022645 0.0022645
0.51917 0.48083 0.00226824 0.00226824
0.51907 0.48093 0.00227679 0.00227679
0.51889 0.48111 0.00227216 0.00227216
0.51896 0.48104 0.00227426 0.00227426
0.5191 0.4809 0.00227221 0.00227221
0.51898 0.48102 0.00227307 0.00227307
0.51898 0.48102 0.00227259 0.00227259
0.51882 0.48118 0.00227981 0.00227981
0.5189 0.4811 0.00228528 0.00228528
0.51888 0.48112 0.00229617 0.00229617
0.51882 0.48118 0.00228528 0.00228528
0.51877 0.48123 0.00229153 0.00229153
0.51857 0.48143 0.00229467 0.00229467
0.51877 0.48123 0.00230028 0.00230028
0.51865 0.48135 0.00229896 0.00229896
0.51859 0.48141 0.00229283 0.00229283
0.51873 0.48127 0.00229832 0.00229832
0.51887 0.48113 0.00229967 0.00229967
0.51886 0.48114 0.00230432 0.00230432
0.51878 0.48122 0.00230181 0.00230181
0.51879 0.48121 0.00229106 0.00229106
0.51872 0.48128 0.00229707 0.00229707
0.51872 0.48128 0.00230059 0.00230059
0.51884 0.48116 0.00229111 0.00229111
0.51883 0.48117 0.00229493 0.00229493
0.51889 0.48111 0.00228909 0.00228909
0.51884 0.48116 0.00228864 0.00228864
0.51891 0.48109 0.00229277 0.00229277
0.51895 0.48105 0.0022911 0.0022911
0.51892 0.48108 0.00229262 0.00229262
0.51888 0.48112 0.00229324 0.00229324
0.51895 0.48105 0.00229564 0.00229564
0.51885 0.48115 0.00229948 0.00229948
0.51875 0.48125 0.0023008 0.0023008
0.51867 0.48133 0.0023094 0.0023094
0.51869 0.48131 0.00231084 0.00231084
0.51869 0.48131 0.00230551 0.00230551
0.51871 0.48129 0.00230627 0.00230627
0.51871 0.48129 0.00229479 0.00229479
0.51884 0.48116 0.00229478 0.00229478
0.5188 0.4812 0.00229947 0.00229947
0.51882 0.48118 0.00230486 0.00230486
0.51882 0.48118 0.00230542 0.00230542
0.51885 0.48115 0.00230993 0.00230993
0.51885 0.48115 0.0023068 0.0023068
0.51883 0.48117 0.00230956 0.00230956
0.51882 0.48118 0.0023055 0.0023055
0.51875 0.48125 0.00230597 0.00230597
0.51866 0.48134 0.0023016 0.0023016
0.51866 0.48134 0.00230905 0.00230905
0.51871 0.48129 0.00231433 0.00231433
0.51874 0.48126 0.00231141 0.00231141
0.51878 0.48122 0.00231314 0.00231314
0.51879 0.48121 0.00230582 0.00230582
0.51874 0.48126 0.00230371 0.00230371
0.51872 0.48128 0.00230362 0.00230362
0.51878 0.48122 0.00230137 0.00230137
0.51876 0.48124 0.00230548 0.00230548
0.5188 0.4812 0.00230719 0.00230719
0.51883 0.48117 0.00230612 0.00230612
0.51885 0.48115 0.0023111 0.0023111
0.51884 0.48116 0.00231165 0.00231165
0.51884 0.48116 0.00231513 0.00231513
0.51887 0.48113 0.00231636 0.00231636
0.51888 0.48112 0.00231302 0.00231302
0.51884 0.48116 0.0023187 0.0023187
0.51879 0.48121 0.00232354 0.00232354
0.51878 0.48122 0.00232181 0.00232181
0.51876 0.48124 0.00232174 0.00232174
0.5187 0.4813 0.00232926 0.00232926
0.51867 0.48133 0.00232337 0.00232337
0.51866 0.48134 0.00232128 0.00232128
0.51862 0.48138 0.00232276 0.00232276
0.51861 0.48139 0.0023223 0.0023223
0.51864 0.48136 0.0023212 0.0023212
0.5187 0.4813 0.00232476 0.00232476
0.51879 0.48121 0.00233094 0.00233094
0.51872 0.48128 0.00232929 0.00232929
0.51872 0.48128 0.00233091 0.00233091
0.51877 0.48123 0.00232885 0.00232885
0.51878 0.48122 0.00232862 0.00232862
0.5188 0.4812 0.00232574 0.00232574
0.5188 0.4812 0.00232519 0.00232519
0.51877 0.48123 0.00232557 0.00232557
0.51877 0.48123 0.00232618 0.00232618
0.51873 0.48127 0.002328 0.002328
0.5187 0.4813 0.00232346 0.00232346
0.51871 0.48129 0.00232443 0.00232443
0.51872 0.48128 0.00233051 0.00233051
0.51871 0.48129 0.00232793 0.00232793
0.51873 0.48127 0.00232808 0.00232808
0.51875 0.48125 0.00232651 0.00232651
0.51874 0.48126 0.00232765 0.00232765
0.51873 0.48127 0.00232683 0.00232683
0.5187 0.4813 0.00232841 0.00232841
0.51877 0.48123 0.00232468 0.00232468
0.51876 0.48124 0.00232536 0.00232536
0.51877 0.48123 0.00232547 0.00232547
0.51878 0.48122 0.00232425 0.00232425
0.51878 0.48122 0.00232559 0.00232559
0.5188 0.4812 0.00232663 0.00232663
0.51883 0.48117 0.00233028 0.00233028
0.51883 0.48117 0.00233051 0.00233051
0.51887 0.48113 0.00232957 0.00232957
0.51885 0.48115 0.00232997 0.00232997
0.51882 0.48118 0.00232964 0.00232964
0.51881 0.48119 0.00232678 0.00232678
0.5188 0.4812 0.00232588 0.00232588
0.51879 0.48121 0.0023252 0.0023252
0.51875 0.48125 0.00232659 0.00232659
0.51872 0.48128 0.0023263 0.0023263
0.51871 0.48129 0.00232156 0.00232156
0.51869 0.48131 0.00232197 0.00232197
0.51869 0.48131 0.00232094 0.00232094
0.51867 0.48133 0.00232057 0.00232057
0.5187 0.4813 0.00232245 0.00232245
0.51871 0.48129 0.0023197 0.0023197
0.51872 0.48128 0.0023203 0.0023203
0.51871 0.48129 0.00232023 0.00232023
0.51869 0.48131 0.002321 0.002321
0.51869 0.48131 0.00232161 0.00232161
0.5187 0.4813 0.00232173 0.00232173
0.51871 0.48129 0.00232087 0.00232087
0.51873 0.48127 0.00232212 0.00232212
0.51872 0.48128 0.00232477 0.00232477
0.51873 0.48127 0.00232634 0.00232634
0.51872 0.48128 0.00232497 0.00232497
0.51871 0.48129 0.00232421 0.00232421
0.51873 0.48127 0.0023261 0.0023261
0.51873 0.48127 0.00232662 0.00232662
0.51874 0.48126 0.00232634 0.00232634
0.51879 0.48121 0.00232748 0.00232748
0.51878 0.48122 0.00232825 0.00232825
0.51874 0.48126 0.00232411 0.00232411
0.51869 0.48131 0.00232462 0.00232462
0.51866 0.48134 0.00232811 0.00232811
0.51866 0.48134 0.00232798 0.00232798
0.51865 0.48135 0.00232502 0.00232502
0.51863 0.48137 0.00232488 0.00232488
0.51867 0.48133 0.00232715 0.00232715
0.51869 0.48131 0.00232927 0.00232927
0.51869 0.48131 0.00232973 0.00232973
0.51869 0.48131 0.00232878 0.00232878
0.51872 0.48128 0.00232978 0.00232978
0.51872 0.48128 0.00232978 0.00232978
0.5187 0.4813 0.00233134 0.00233134
0.51871 0.48129 0.00233134 0.00233134
0.51871 0.48129 0.00232958 0.00232958
0.51873 0.48127 0.00232848 0.00232848
0.51875 0.48125 0.00232766 0.00232766
0.51876 0.48124 0.00232972 0.00232972
0.51875 0.48125 0.00233045 0.00233045
0.51876 0.48124 0.00233156 0.00233156
0.51878 0.48122 0.00233282 0.00233282
0.51877 0.48123 0.00233226 0.00233226
0.51876 0.48124 0.00233113 0.00233113
0.51876 0.48124 0.00233093 0.00233093
0.51876 0.48124 0.00233012 0.00233012
0.51878 0.48122 0.0023311 0.0023311
0.51877 0.48123 0.0023307 0.0023307
0.51876 0.48124 0.00233146 0.00233146
0.51875 0.48125 0.00233136 0.00233136
0.51875 0.48125 0.00233049 0.00233049
0.51877 0.48123 0.00232899 0.00232899
0.51878 0.48122 0.00232989 0.00232989
0.51877 0.48123 0.00233012 0.00233012
0.51876 0.48124 0.00233069 0.00233069
0.51874 0.48126 0.00232854 0.00232854
0.51873 0.48127 0.00232489 0.00232489
0.51873 0.48127 0.0023278 0.0023278
0.51874 0.48126 0.00232648 0.00232648
0.51872 0.48128 0.00232554 0.00232554
0.51873 0.48127 0.00232775 0.00232775
0.51873 0.48127 0.00232866 0.00232866
0.51869 0.48131 0.00232987 0.00232987
0.5187 0.4813 0.00232898 0.00232898
0.51871 0.48129 0.00233001 0.00233001
0.51871 0.48129 0.00233134 0.00233134
0.51871 0.48129 0.00233225 0.00233225
0.51871 0.48129 0.0023298 0.0023298
0.5187 0.4813 0.00232868 0.00232868
0.5187 0.4813 0.00232868 0.00232868
0.5187 0.4813 0.00232676 0.00232676
0.5187 0.4813 0.00232676 0.00232676
0.51871 0.48129 0.00232653 0.00232653
0.51873 0.48127 0.00232676 0.00232676
0.5187 0.4813 0.0023286 0.0023286
0.51868 0.48132 0.00232745 0.00232745
0.51869 0.48131 0.00232848 0.00232848
0.51869 0.48131 0.00232628 0.00232628
0.51869 0.48131 0.00232761 0.00232761
0.51873 0.48127 0.0023302 0.0023302
0.51873 0.48127 0.0023302 0.0023302
0.51874 0.48126 0.00232931 0.00232931
0.51874 0.48126 0.00232706 0.00232706
0.51875 0.48125 0.00232627 0.00232627
0.51873 0.48127 0.00232452 0.00232452
0.51871 0.48129 0.00232702 0.00232702
0.51872 0.48128 0.00232814 0.00232814
0.51873 0.48127 0.00232874 0.00232874
0.51874 0.48126 0.00232844 0.00232844
0.51873 0.48127 0.0023264 0.0023264
0.51873 0.48127 0.0023264 0.0023264
0.51874 0.48126 0.00232735 0.00232735
0.51875 0.48125 0.00232938 0.00232938
0.51874 0.48126 0.00232989 0.00232989
0.51877 0.48123 0.00233046 0.00233046
0.51876 0.48124 0.00233313 0.00233313
0.51875 0.48125 0.00233221 0.00233221
0.51876 0.48124 0.00233311 0.00233311
0.51876 0.48124 0.00233311 0.00233311
0.51875 0.48125 0.00233419 0.00233419
0.51875 0.48125 0.00233544 0.00233544
0.51878 0.48122 0.00233183 0.00233183
0.5188 0.4812 0.00233259 0.00233259
0.5188 0.4812 0.00233463 0.00233463
0.51878 0.48122 0.00233268 0.00233268
0.51876 0.48124 0.00233297 0.00233297
0.51877 0.48123 0.00233412 0.00233412
0.51874 0.48126 0.00233508 0.00233508
0.51871 0.48129 0.00233506 0.00233506
0.51871 0.48129 0.00233506 0.00233506
0.51872 0.48128 0.00233412 0.00233412
0.51872 0.48128 0.00233467 0.00233467
0.51871 0.48129 0.00233356 0.00233356
0.51871 0.48129 0.00233356 0.00233356
0.51871 0.48129 0.00233356 0.00233356
0.51871 0.48129 0.0023354 0.0023354
0.51871 0.48129 0.00233831 0.00233831
0.51871 0.48129 0.00233831 0.00233831
0.51872 0.48128 0.0023374 0.0023374
0.51871 0.48129 0.00233639 0.00233639
0.51872 0.48128 0.00233622 0.00233622
0.51873 0.48127 0.00233515 0.00233515
0.51873 0.48127 0.00233414 0.00233414
0.51874 0.48126 0.00233331 0.00233331
0.51875 0.48125 0.0023317 0.0023317
0.51877 0.48123 0.00232941 0.00232941
0.51877 0.48123 0.00233058 0.00233058
0.51876 0.48124 0.0023314 0.0023314
0.51876 0.48124 0.0023314 0.0023314
0.51876 0.48124 0.0023314 0.0023314
0.51876 0.48124 0.00233024 0.00233024
0.51875 0.48125 0.00233047 0.00233047
0.51877 0.48123 0.00233004 0.00233004
0.51877 0.48123 0.00233004 0.00233004
0.51877 0.48123 0.00233004 0.00233004
0.51876 0.48124 0.00232901 0.00232901
0.51875 0.48125 0.00232779 0.00232779
0.51877 0.48123 0.00232885 0.00232885
0.51877 0.48123 0.00232864 0.00232864
0.51877 0.48123 0.00232864 0.00232864
0.51876 0.48124 0.00232938 0.00232938
0.51876 0.48124 0.00232946 0.00232946
0.51875 0.48125 0.00233037 0.00233037
0.51876 0.48124 0.00233152 0.00233152
0.51875 0.48125 0.00233154 0.00233154
0.51876 0.48124 0.00233081 0.00233081
0.51875 0.48125 0.00232958 0.00232958
0.51874 0.48126 0.00232844 0.00232844
0.51876 0.48124 0.00232915 0.00232915
0.51878 0.48122 0.00232949 0.00232949
0.51877 0.48123 0.00232937 0.00232937
0.51877 0.48123 0.00232937 0.00232937
0.51877 0.48123 0.00232937 0.00232937
0.51877 0.48123 0.00232937 0.00232937
0.51876 0.48124 0.0023296 0.0023296
0.51876 0.48124 0.00233321 0.00233321
0.51876 0.48124 0.00233321 0.00233321
0.51875 0.48125 0.00233395 0.00233395
0.51875 0.48125 0.00233223 0.00233223
0.51875 0.48125 0.00233223 0.00233223
0.51875 0.48125 0.00233223 0.00233223
0.51873 0.48127 0.00233054 0.00233054
0.51872 0.48128 0.00232952 0.00232952
0.51873 0.48127 0.00232949 0.00232949
0.51873 0.48127 0.00232949 0.00232949
0.51873 0.48127 0.00232949 0.00232949
0.51872 0.48128 0.0023303 0.0023303
0.51872 0.48128 0.0023303 0.0023303
0.51873 0.48127 0.00233145 0.00233145
0.51874 0.48126 0.00233199 0.00233199
0.51874 0.48126 0.00233199 0.00233199
0.51874 0.48126 0.00233199 0.00233199
0.51876 0.48124 0.00233429 0.00233429
0.51876 0.48124 0.00233429 0.00233429
0.51876 0.48124 0.00233429 0.00233429
0.51875 0.48125 0.00233334 0.00233334
0.51875 0.48125 0.00233334 0.00233334
0.51875 0.48125 0.00233334 0.00233334
0.51875 0.48125 0.00233334 0.00233334
0.51874 0.48126 0.00233494 0.00233494
0.51874 0.48126 0.00233494 0.00233494
0.51874 0.48126 0.00233494 0.00233494
0.51875 0.48125 0.0023371 0.0023371
0.51875 0.48125 0.0023371 0.0023371
0.51876 0.48124 0.00233618 0.00233618
0.51876 0.48124 0.00233618 0.00233618
0.51876 0.48124 0.00233618 0.00233618
0.51877 0.48123 0.00233458 0.00233458
0.51877 0.48123 0.00233458 0.00233458
0.51877 0.48123 0.00233458 0.00233458
0.51877 0.48123 0.00233458 0.00233458
0.51878 0.48122 0.00233377 0.00233377
0.51878 0.48122 0.00233377 0.00233377
0.51878 0.48122 0.00233377 0.00233377
0.51878 0.48122 0.00233377 0.00233377
0.51879 0.48121 0.00233231 0.00233231
0.51879 0.48121 0.00233231 0.00233231
0.51878 0.48122 0.00233377 0.00233377
0.51878 0.48122 0.00233377 0.00233377
0.51878 0.48122 0.00233377 0.00233377
0.51878 0.48122 0.00233377 0.00233377
0.51878 0.48122 0.00233377 0.00233377
0.51876 0.48124 0.00233618 0.00233618
0.51875 0.48125 0.0023371 0.0023371
0.51875 0.48125 0.0023371 0.0023371
0.51875 0.48125 0.0023371 0.0023371
0.51876 0.48124 0.0023355 0.0023355
0.51876 0.48124 0.0023355 0.0023355
0.51876 0.48124 0.0023355 0.0023355
0.51876 0.48124 0.0023355 0.0023355
0.51876 0.48124 0.0023355 0.0023355
0.51876 0.48124 0.0023355 0.0023355
0.51876 0.48124 0.0023355 0.0023355
0.51876 0.48124 0.0023355 0.0023355
0.51875 0.48125 0.0023371 0.0023371
0.51875 0.48125 0.0023371 0.0023371
0.51875 0.48125 0.0023371 0.0023371
0.51875 0.48125 0.0023371 0.0023371
0.51875 0.48125 0.0023371 0.0023371
0.51875 0.48125 0.0023371 0.0023371
0.51876 0.48124 0.0023355 0.0023355
0.51876 0.48124 0.0023355 0.0023355
0.51876 0.48124 0.0023355 0.0023355
0.51876 0.48124 0.0023355 0.0023355
0.51876 0.48124 0.0023355 0.0023355
0.51876 0.48124 0.0023355 0.0023355
0.51876 0.48124 0.0023355 0.0023355
0.51876 0.48124 0.0023355 0.0023355
0.51876 0.48124 0.0023355 0.0023355
0.51876 0.48124 0.0023355 0.0023355
0.51876 0.48124 0.0023355 0.0023355
0.51876 0.48124 0.0023355 0.0023355
0.51876 0.48124 0.0023355 0.0023355
0.51876 0.48124 0.0023355 0.0023355
0.51876 0.48124 0.0023355 0.0023355
0.51876 0.48124 0.0023355 0.0023355
0.51876 0.48124 0.0023355 0.0023355
0.51876 0.48124 0.0023355 0.0023355
0.51876 0.48124 0.0023355 0.0023355
0.51876 0.48124 0.0023355 0.0023355
0.51876 0.48124 0.0023355 0.0023355
0.51876 0.48124 0.0023355 0.0023355
0.51876 0.48124 0.0023355 0.0023355
0.51876 0.48124 0.0023355 0.0023355
0.51875 0.48125 0.00233496 0.00233496
0.51875 0.48125 0.00233496 0.00233496
0.51875 0.48125 0.00233496 0.00233496
0.51875 0.48125 0.00233496 0.00233496
0.51877 0.48123 0.00233644 0.00233644
0.51877 0.48123 0.00233644 0.00233644
0.51877 0.48123 0.00233644 0.00233644
0.51877 0.48123 0.00233644 0.00233644
0.51877 0.48123 0.00233644 0.00233644
0.51877 0.48123 0.00233644 0.00233644
0.51877 0.48123 0.00233644 0.00233644
0.51877 0.48123 0.00233644 0.00233644
0.51877 0.48123 0.00233644 0.00233644
0.51877 0.48123 0.00233644 0.00233644
0.51877 0.48123 0.00233644 0.00233644
0.51877 0.48123 0.00233644 0.00233644
0.51877 0.48123 0.00233644 0.00233644
0.51877 0.48123 0.00233644 0.00233644
0.51877 0.48123 0.00233644 0.00233644
0.51877 0.48123 0.00233644 0.00233644
0.51877 0.48123 0.00233644 0.00233644
0.51877 0.48123 0.00233644 0.00233644
0.51876 0.48124 0.0023355 0.0023355
0.51876 0.48124 0.0023355 0.0023355
0.51876 0.48124 0.0023355 0.0023355
0.51876 0.48124 0.0023355 0.0023355
0.51876 0.48124 0.0023355 0.0023355
0.51876 0.48124 0.0023355 0.0023355
0.51876 0.48124 0.0023355 0.0023355
0.51876 0.48124 0.0023355 0.0023355
0.51876 0.48124 0.0023355 0.0023355
0.51875 0.48125 0.00233427 0.00233427
0.51875 0.48125 0.00233427 0.00233427
0.51875 0.48125 0.00233427 0.00233427
0.51875 0.48125 0.00233427 0.00233427
0.51874 0.48126 0.00233587 0.00233587
0.51874 0.48126 0.00233587 0.00233587
0.51874 0.48126 0.00233587 0.00233587
0.51874 0.48126 0.00233587 0.00233587
0.51874 0.48126 0.00233587 0.00233587
0.51874 0.48126 0.00233587 0.00233587
0.51874 0.48126 0.00233587 0.00233587
0.51874 0.48126 0.00233587 0.00233587
0.51874 0.48126 0.00233587 0.00233587
0.51874 0.48126 0.00233587 0.00233587
0.51875 0.48125 0.00233427 0.00233427
0.51875 0.48125 0.00233427 0.00233427
0.51875 0.48125 0.00233427 0.00233427
0.51875 0.48125 0.00233427 0.00233427
0.51875 0.48125 0.00233427 0.00233427
0.51875 0.48125 0.00233427 0.00233427
0.51876 0.48124 0.0023355 0.0023355
0.51876 0.48124 0.0023355 0.0023355
0.51876 0.48124 0.0023355 0.0023355
