0.4992 0.5008 2.48485e-05 2.48485e-05
0.49868 0.50132 4.46844e-05 4.46844e-05
0.49864 0.50136 5.67378e-05 5.67378e-05
0.49759 0.50241 6.64464e-05 6.64464e-05
0.49719 0.50281 6.99938e-05 6.99938e-05
0.49651 0.50349 7.6212e-05 7.6212e-05
0.49631 0.50369 8.83373e-05 8.83373e-05
0.4964 0.5036 9.93939e-05 9.93939e-05
0.49618 0.50382 0.000103826 0.000103826
0.49602 0.50398 0.000109394 0.000109394
0.49586 0.50414 0.00010996 0.00010996
0.49584 0.50416 0.000112762 0.000112762
0.49581 0.50419 0.00011557 0.00011557
0.49578 0.50422 0.000119062 0.000119062
0.49571 0.50429 0.000120026 0.000120026
0.4955 0.5045 0.000123848 0.000123848
0.49547 0.50453 0.000125969 0.000125969
0.49543 0.50457 0.000126652 0.000126652
0.49544 0.50456 0.000125542 0.000125542
0.49539 0.50461 0.000126483 0.000126483
0.49537 0.50463 0.000126781 0.000126781
0.4953 0.5047 0.00012698 0.00012698
0.49524 0.50476 0.000128326 0.000128326
0.49522 0.50478 0.000128133 0.000128133
0.49523 0.50477 0.000129997 0.000129997
0.49521 0.50479 0.000130107 0.000130107
0.4952 0.5048 0.000130909 0.000130909
0.49521 0.50479 0.000132794 0.000132794
0.49516 0.50484 0.000132701 0.000132701
0.49517 0.50483 0.00013188 0.00013188
0.49519 0.50481 0.000132479 0.000132479
0.49514 0.50486 0.000133718 0.000133718
0.49514 0.50486 0.000134485 0.000134485
0.49513 0.50487 0.000136074 0.000136074
0.49512 0.50488 0.000136389 0.000136389
0.49514 0.50486 0.000136445 0.000136445
0.49515 0.50485 0.00013623 0.00013623
0.49515 0.50485 0.00013623 0.00013623
0.49514 0.50486 0.000137132 0.000137132
0.49514 0.50486 0.000137031 0.000137031
0.49517 0.50483 0.000137132 0.000137132
0.49519 0.50481 0.000137024 0.000137024
0.49519 0.50481 0.000137024 0.000137024
0.49518 0.50482 0.000137826 0.000137826
0.49518 0.50482 0.000137482 0.000137482
0.49518 0.50482 0.000137482 0.000137482
0.49519 0.50481 0.000137368 0.000137368
0.49519 0.50481 0.000137368 0.000137368
0.49521 0.50479 0.000137743 0.000137743
0.49522 0.50478 0.000137365 0.000137365
0.49522 0.50478 0.000137365 0.000137365
0.49521 0.50479 0.000137198 0.000137198
0.4952 0.5048 0.00013703 0.00013703
0.4952 0.5048 0.00013703 0.00013703
0.4952 0.5048 0.00013703 0.00013703
0.4952 0.5048 0.00013703 0.00013703
0.4952 0.5048 0.00013703 0.00013703
0.49521 0.50479 0.000136794 0.000136794
0.49521 0.50479 0.000136794 0.000136794
0.49521 0.50479 0.000136794 0.000136794
0.49521 0.50479 0.000136794 0.000136794
0.49521 0.50479 0.000136794 0.000136794
0.49521 0.50479 0.000136794 0.000136794
0.49521 0.50479 0.000136794 0.000136794
0.49521 0.50479 0.000136794 0.000136794
0.49521 0.50479 0.000136794 0.000136794
0.49521 0.50479 0.000136794 0.000136794
0.49521 0.50479 0.000136794 0.000136794
0.49521 0.50479 0.000136794 0.000136794
0.49521 0.50479 0.000136794 0.000136794
0.49521 0.50479 0.000136794 0.000136794
0.49521 0.50479 0.000136794 0.000136794
0.49521 0.50479 0.000136794 0.000136794
0.49521 0.50479 0.000136794 0.000136794
0.49521 0.50479 0.000136794 0.000136794
0.49521 0.50479 0.000136794 0.000136794
0.49521 0.50479 0.000136794 0.000136794
0.49521 0.50479 0.000136794 0.000136794
0.49521 0.50479 0.000136794 0.000136794
0.49521 0.50479 0.000136794 0.000136794
0.49521 0.50479 0.000136794 0.000136794
0.49521 0.50479 0.000136794 0.000136794
0.49521 0.50479 0.000136794 0.000136794
0.49521 0.50479 0.000136794 0.000136794
0.49521 0.50479 0.000136794 0.000136794
0.49521 0.50479 0.000136794 0.000136794
0.49521 0.50479 0.000136794 0.000136794
0.49521 0.50479 0.000136794 0.000136794
0.49521 0.50479 0.000136794 0.000136794
0.49521 0.50479 0.000136794 0.000136794
0.49521 0.50479 0.000136794 0.000136794
0.49521 0.50479 0.000136794 0.000136794
0.49521 0.50479 0.000136794 0.000136794
0.49521 0.50479 0.000136794 0.000136794
0.49521 0.50479 0.000136794 0.000136794
0.49521 0.50479 0.000136794 0.000136794
0.49521 0.50479 0.000136794 0.000136794
0.49521 0.50479 0.000136794 0.000136794
0.49521 0.50479 0.000136794 0.000136794
0.49521 0.50479 0.000136794 0.000136794
0.49521 0.50479 0.000136794 0.000136794
0.49521 0.50479 0.000136794 0.000136794
0.49521 0.50479 0.000136794 0.000136794
0.49521 0.50479 0.000136794 0.000136794
0.49521 0.50479 0.000136794 0.000136794
0.49521 0.50479 0.000136794 0.000136794
0.49521 0.50479 0.000136794 0.000136794
0.49521 0.50479 0.000136794 0.000136794
0.49521 0.50479 0.000136794 0.000136794
0.49521 0.50479 0.000136794 0.000136794
0.49521 0.50479 0.000136794 0.000136794
0.49521 0.50479 0.000136794 0.000136794
0.49521 0.50479 0.000136794 0.000136794
0.49521 0.50479 0.000136794 0.000136794
0.49521 0.50479 0.000136794 0.000136794
0.49521 0.50479 0.000136794 0.000136794
0.49521 0.50479 0.000136794 0.000136794
0.49521 0.50479 0.000136794 0.000136794
0.49521 0.50479 0.000136794 0.000136794
0.49521 0.50479 0.000136794 0.000136794
0.49521 0.50479 0.000136794 0.000136794
0.49521 0.50479 0.000136794 0.000136794
0.49521 0.50479 0.000136794 0.000136794
0.49521 0.50479 0.000136794 0.000136794
0.49521 0.50479 0.000136794 0.000136794
0.49521 0.50479 0.000136794 0.000136794
0.49521 0.50479 0.000136794 0.000136794
0.49521 0.50479 0.000136794 0.000136794
0.49521 0.50479 0.000136794 0.000136794
0.49521 0.50479 0.000136794 0.000136794
0.49521 0.50479 0.000136794 0.000136794
0.49521 0.50479 0.000136794 0.000136794
0.49521 0.50479 0.000136794 0.000136794
0.49521 0.50479 0.000136794 0.000136794
0.49521 0.50479 0.000136794 0.000136794
0.49521 0.50479 0.000136794 0.000136794
0.49521 0.50479 0.000136794 0.000136794
0.49521 0.50479 0.000136794 0.000136794
0.49521 0.50479 0.000136794 0.000136794
0.49521 0.50479 0.000136794 0.000136794
0.49521 0.50479 0.000136794 0.000136794
0.49521 0.50479 0.000136794 0.000136794
0.49521 0.50479 0.000136794 0.000136794
0.49521 0.50479 0.000136794 0.000136794
0.49521 0.50479 0.000136794 0.000136794
0.49521 0.50479 0.000136794 0.000136794
0.49521 0.50479 0.000136794 0.000136794
0.49521 0.50479 0.000136794 0.000136794
0.49521 0.50479 0.000136794 0.000136794
0.49521 0.50479 0.000136794 0.000136794
0.49521 0.50479 0.000136794 0.000136794
0.49521 0.50479 0.000136794 0.000136794
0.49521 0.50479 0.000136794 0.000136794
0.49521 0.50479 0.000136794 0.000136794
0.49521 0.50479 0.000136794 0.000136794
0.49521 0.50479 0.000136794 0.000136794
0.49521 0.50479 0.000136794 0.000136794
0.49521 0.50479 0.000136794 0.000136794
0.49521 0.50479 0.000136794 0.000136794
0.49521 0.50479 0.000136794 0.000136794
0.49521 0.50479 0.000136794 0.000136794
0.49521 0.50479 0.000136794 0.000136794
0.49521 0.50479 0.000136794 0.000136794
0.49521 0.50479 0.000136794 0.000136794
0.49521 0.50479 0.000136794 0.000136794
0.49521 0.50479 0.000136794 0.000136794
0.49521 0.50479 0.000136794 0.000136794
0.49521 0.50479 0.000136794 0.000136794
0.49521 0.50479 0.000136794 0.000136794
0.49521 0.50479 0.000136794 0.000136794
0.49521 0.50479 0.000136794 0.000136794
0.49521 0.50479 0.000136794 0.000136794
0.49521 0.50479 0.000136794 0.000136794
0.49521 0.50479 0.000136794 0.000136794
0.49521 0.50479 0.000136794 0.000136794
0.49521 0.50479 0.000136794 0.000136794
0.49521 0.50479 0.000136794 0.000136794
0.49521 0.50479 0.000136794 0.000136794
0.49521 0.50479 0.000136794 0.000136794
0.49521 0.50479 0.000136794 0.000136794
0.49521 0.50479 0.000136794 0.000136794
0.49521 0.50479 0.000136794 0.000136794
0.49521 0.50479 0.000136794 0.000136794
0.49521 0.50479 0.000136794 0.000136794
0.49521 0.50479 0.000136794 0.000136794
0.49521 0.50479 0.000136794 0.000136794
0.49521 0.50479 0.000136794 0.000136794
0.49521 0.50479 0.000136794 0.000136794
0.49521 0.50479 0.000136794 0.000136794
0.49521 0.50479 0.000136794 0.000136794
0.49521 0.50479 0.000136794 0.000136794
0.49521 0.50479 0.000136794 0.000136794
0.49521 0.50479 0.000136794 0.000136794
0.49521 0.50479 0.000136794 0.000136794
0.49521 0.50479 0.000136794 0.000136794
0.49521 0.50479 0.000136794 0.000136794
0.49521 0.50479 0.000136794 0.000136794
0.49521 0.50479 0.000136794 0.000136794
0.49521 0.50479 0.000136794 0.000136794
0.49521 0.50479 0.000136794 0.000136794
0.49521 0.50479 0.000136794 0.000136794
0.49521 0.50479 0.000136794 0.000136794
0.49521 0.50479 0.000136794 0.000136794
0.49521 0.50479 0.000136794 0.000136794
0.49521 0.50479 0.000136794 0.000136794
0.49521 0.50479 0.000136794 0.000136794
0.49521 0.50479 0.000136794 0.000136794
0.49521 0.50479 0.000136794 0.000136794
0.49521 0.50479 0.000136794 0.000136794
0.49521 0.50479 0.000136794 0.000136794
0.49521 0.50479 0.000136794 0.000136794
0.49521 0.50479 0.000136794 0.000136794
0.49521 0.50479 0.000136794 0.000136794
0.49521 0.50479 0.000136794 0.000136794
0.49521 0.50479 0.000136794 0.000136794
0.49521 0.50479 0.000136794 0.000136794
0.49521 0.50479 0.000136794 0.000136794
0.49521 0.50479 0.000136794 0.000136794
0.49521 0.50479 0.000136794 0.000136794
0.49521 0.50479 0.000136794 0.000136794
0.49521 0.50479 0.000136794 0.000136794
0.49521 0.50479 0.000136794 0.000136794
0.49521 0.50479 0.000136794 0.000136794
0.49521 0.50479 0.000136794 0.000136794
0.49521 0.50479 0.000136794 0.000136794
0.49521 0.50479 0.000136794 0.000136794
0.49521 0.50479 0.000136794 0.000136794
0.49521 0.50479 0.000136794 0.000136794
0.49521 0.50479 0.000136794 0.000136794
0.49521 0.50479 0.000136794 0.000136794
0.49521 0.50479 0.000136794 0.000136794
0.49521 0.50479 0.000136794 0.000136794
0.49521 0.50479 0.000136794 0.000136794
0.49521 0.50479 0.000136794 0.000136794
0.49521 0.50479 0.000136794 0.000136794
0.49521 0.50479 0.000136794 0.000136794
0.49521 0.50479 0.000136794 0.000136794
0.49521 0.50479 0.000136794 0.000136794
0.49521 0.50479 0.000136794 0.000136794
0.49521 0.50479 0.000136794 0.000136794
0.49521 0.50479 0.000136794 0.000136794
0.49521 0.50479 0.000136794 0.000136794
0.49521 0.50479 0.000136794 0.000136794
0.49521 0.50479 0.000136794 0.000136794
0.49521 0.50479 0.000136794 0.000136794
0.49521 0.50479 0.000136794 0.000136794
0.49521 0.50479 0.000136794 0.000136794
0.49521 0.50479 0.000136794 0.000136794
0.49521 0.50479 0.000136794 0.000136794
0.49521 0.50479 0.000136794 0.000136794
0.49521 0.50479 0.000136794 0.000136794
0.49521 0.50479 0.000136794 0.000136794
0.49521 0.50479 0.000136794 0.000136794
0.49521 0.50479 0.000136794 0.000136794
0.49521 0.50479 0.000136794 0.000136794
0.49521 0.50479 0.000136794 0.000136794
0.49521 0.50479 0.000136794 0.000136794
0.49521 0.50479 0.000136794 0.000136794
0.49521 0.50479 0.000136794 0.000136794
0.49521 0.50479 0.000136794 0.000136794
0.49521 0.50479 0.000136794 0.000136794
0.49521 0.50479 0.000136794 0.000136794
0.49521 0.50479 0.000136794 0.000136794
0.49521 0.50479 0.000136794 0.000136794
0.49521 0.50479 0.000136794 0.000136794
0.49521 0.50479 0.000136794 0.000136794
0.49521 0.50479 0.000136794 0.000136794
0.49521 0.50479 0.000136794 0.000136794
0.49521 0.50479 0.000136794 0.000136794
0.49521 0.50479 0.000136794 0.000136794
0.49521 0.50479 0.000136794 0.000136794
0.49521 0.50479 0.000136794 0.000136794
0.49521 0.50479 0.000136794 0.000136794
0.49521 0.50479 0.000136794 0.000136794
0.49521 0.50479 0.000136794 0.000136794
0.49521 0.50479 0.000136794 0.000136794
0.49521 0.50479 0.000136794 0.000136794
0.49521 0.50479 0.000136794 0.000136794
0.49521 0.50479 0.000136794 0.000136794
0.49521 0.50479 0.000136794 0.000136794
0.49521 0.50479 0.000136794 0.000136794
0.49521 0.50479 0.000136794 0.000136794
0.49521 0.50479 0.000136794 0.000136794
0.49521 0.50479 0.000136794 0.000136794
0.49521 0.50479 0.000136794 0.000136794
0.49521 0.50479 0.000136794 0.000136794
0.49521 0.50479 0.000136794 0.000136794
0.49521 0.50479 0.000136794 0.000136794
0.49521 0.50479 0.000136794 0.000136794
0.49521 0.50479 0.000136794 0.000136794
0.49521 0.50479 0.000136794 0.000136794
0.49521 0.50479 0.000136794 0.000136794
0.49521 0.50479 0.000136794 0.000136794
0.49521 0.50479 0.000136794 0.000136794
0.49521 0.50479 0.000136794 0.000136794
0.49521 0.50479 0.000136794 0.000136794
0.49521 0.50479 0.000136794 0.000136794
0.49521 0.50479 0.000136794 0.000136794
0.49521 0.50479 0.000136794 0.000136794
0.49521 0.50479 0.000136794 0.000136794
0.49521 0.50479 0.000136794 0.000136794
0.49521 0.50479 0.000136794 0.000136794
0.49521 0.50479 0.000136794 0.000136794
0.49521 0.50479 0.000136794 0.000136794
0.49521 0.50479 0.000136794 0.000136794
0.49521 0.50479 0.000136794 0.000136794
0.49521 0.50479 0.000136794 0.000136794
0.49521 0.50479 0.000136794 0.000136794
0.49521 0.50479 0.000136794 0.000136794
0.49521 0.50479 0.000136794 0.000136794
0.49521 0.50479 0.000136794 0.000136794
0.49521 0.50479 0.000136794 0.000136794
0.49521 0.50479 0.000136794 0.000136794
0.49521 0.50479 0.000136794 0.000136794
0.49521 0.50479 0.000136794 0.000136794
0.49521 0.50479 0.000136794 0.000136794
0.49521 0.50479 0.000136794 0.000136794
0.49521 0.50479 0.000136794 0.000136794
0.49521 0.50479 0.000136794 0.000136794
0.49521 0.50479 0.000136794 0.000136794
0.49521 0.50479 0.000136794 0.000136794
0.49521 0.50479 0.000136794 0.000136794
0.49521 0.50479 0.000136794 0.000136794
0.49521 0.50479 0.000136794 0.000136794
0.49521 0.50479 0.000136794 0.000136794
0.49521 0.50479 0.000136794 0.000136794
0.49521 0.50479 0.000136794 0.000136794
0.49521 0.50479 0.000136794 0.000136794
0.49521 0.50479 0.000136794 0.000136794
0.49521 0.50479 0.000136794 0.000136794
0.49521 0.50479 0.000136794 0.000136794
0.49521 0.50479 0.000136794 0.000136794
0.49521 0.50479 0.000136794 0.000136794
0.49521 0.50479 0.000136794 0.000136794
0.49521 0.50479 0.000136794 0.000136794
0.49521 0.50479 0.000136794 0.000136794
0.49521 0.50479 0.000136794 0.000136794
0.49521 0.50479 0.000136794 0.000136794
0.49521 0.50479 0.000136794 0.000136794
0.49521 0.50479 0.000136794 0.000136794
0.49521 0.50479 0.000136794 0.000136794
0.49521 0.50479 0.000136794 0.000136794
0.49521 0.50479 0.000136794 0.000136794
0.49521 0.50479 0.000136794 0.000136794
0.49521 0.50479 0.000136794 0.000136794
0.49521 0.50479 0.000136794 0.000136794
0.49521 0.50479 0.000136794 0.000136794
0.49521 0.50479 0.000136794 0.000136794
0.49521 0.50479 0.000136794 0.000136794
0.49521 0.50479 0.000136794 0.000136794
0.49521 0.50479 0.000136794 0.000136794
0.49521 0.50479 0.000136794 0.000136794
0.49521 0.50479 0.000136794 0.000136794
0.49521 0.50479 0.000136794 0.000136794
0.49521 0.50479 0.000136794 0.000136794
0.49521 0.50479 0.000136794 0.000136794
0.49521 0.50479 0.000136794 0.000136794
0.49521 0.50479 0.000136794 0.000136794
0.49521 0.50479 0.000136794 0.000136794
0.49521 0.50479 0.000136794 0.000136794
0.49521 0.50479 0.000136794 0.000136794
0.49521 0.50479 0.000136794 0.000136794
0.49521 0.50479 0.000136794 0.000136794
0.49521 0.50479 0.000136794 0.000136794
0.49521 0.50479 0.000136794 0.000136794
0.49521 0.50479 0.000136794 0.000136794
0.49521 0.50479 0.000136794 0.000136794
0.49521 0.50479 0.000136794 0.000136794
0.49521 0.50479 0.000136794 0.000136794
0.49521 0.50479 0.000136794 0.000136794
0.49521 0.50479 0.000136794 0.000136794
0.49521 0.50479 0.000136794 0.000136794
0.49521 0.50479 0.000136794 0.000136794
0.49521 0.50479 0.000136794 0.000136794
0.49521 0.50479 0.000136794 0.000136794
0.49521 0.50479 0.000136794 0.000136794
0.49521 0.50479 0.000136794 0.000136794
0.49521 0.50479 0.000136794 0.000136794
0.49521 0.50479 0.000136794 0.000136794
0.49521 0.50479 0.000136794 0.000136794
0.49521 0.50479 0.000136794 0.000136794
0.49521 0.50479 0.000136794 0.000136794
0.49521 0.50479 0.000136794 0.000136794
0.49521 0.50479 0.000136794 0.000136794
0.49521 0.50479 0.000136794 0.000136794
0.49521 0.50479 0.000136794 0.000136794
0.49521 0.50479 0.000136794 0.000136794
0.49521 0.50479 0.000136794 0.000136794
0.49521 0.50479 0.000136794 0.000136794
0.49521 0.50479 0.000136794 0.000136794
0.49521 0.50479 0.000136794 0.000136794
0.49521 0.50479 0.000136794 0.000136794
0.49521 0.50479 0.000136794 0.000136794
0.49521 0.50479 0.000136794 0.000136794
0.49521 0.50479 0.000136794 0.000136794
0.49521 0.50479 0.000136794 0.000136794
0.49521 0.50479 0.000136794 0.000136794
0.49521 0.50479 0.000136794 0.000136794
0.49521 0.50479 0.000136794 0.000136794
0.49521 0.50479 0.000136794 0.000136794
0.49521 0.50479 0.000136794 0.000136794
0.49521 0.50479 0.000136794 0.000136794
0.49521 0.50479 0.000136794 0.000136794
0.49521 0.50479 0.000136794 0.000136794
0.49521 0.50479 0.000136794 0.000136794
0.49521 0.50479 0.000136794 0.000136794
0.49521 0.50479 0.000136794 0.000136794
0.49521 0.50479 0.000136794 0.000136794
0.49521 0.50479 0.000136794 0.000136794
0.49521 0.50479 0.000136794 0.000136794
0.49521 0.50479 0.000136794 0.000136794
0.49521 0.50479 0.000136794 0.000136794
0.49521 0.50479 0.000136794 0.000136794
0.49521 0.50479 0.000136794 0.000136794
0.49521 0.50479 0.000136794 0.000136794
0.49521 0.50479 0.000136794 0.000136794
0.49521 0.50479 0.000136794 0.000136794
0.49521 0.50479 0.000136794 0.000136794
0.49521 0.50479 0.000136794 0.000136794
0.49521 0.50479 0.000136794 0.000136794
0.49521 0.50479 0.000136794 0.000136794
0.49521 0.50479 0.000136794 0.000136794
0.49521 0.50479 0.000136794 0.000136794
0.49521 0.50479 0.000136794 0.000136794
0.49521 0.50479 0.000136794 0.000136794
0.49521 0.50479 0.000136794 0.000136794
0.49521 0.50479 0.000136794 0.000136794
0.49521 0.50479 0.000136794 0.000136794
0.49521 0.50479 0.000136794 0.000136794
0.49521 0.50479 0.000136794 0.000136794
0.49521 0.50479 0.000136794 0.000136794
0.49521 0.50479 0.000136794 0.000136794
0.49521 0.50479 0.000136794 0.000136794
0.49521 0.50479 0.000136794 0.000136794
0.49521 0.50479 0.000136794 0.000136794
0.49521 0.50479 0.000136794 0.000136794
0.49521 0.50479 0.000136794 0.000136794
0.49521 0.50479 0.000136794 0.000136794
0.49521 0.50479 0.000136794 0.000136794
0.49521 0.50479 0.000136794 0.000136794
0.49521 0.50479 0.000136794 0.000136794
0.49521 0.50479 0.000136794 0.000136794
0.49521 0.50479 0.000136794 0.000136794
0.49521 0.50479 0.000136794 0.000136794
0.49521 0.50479 0.000136794 0.000136794
0.49521 0.50479 0.000136794 0.000136794
0.49521 0.50479 0.000136794 0.000136794
0.49521 0.50479 0.000136794 0.000136794
0.49521 0.50479 0.000136794 0.000136794
0.49521 0.50479 0.000136794 0.000136794
0.49521 0.50479 0.000136794 0.000136794
0.49521 0.50479 0.000136794 0.000136794
0.49521 0.50479 0.000136794 0.000136794
0.49521 0.50479 0.000136794 0.000136794
0.49521 0.50479 0.000136794 0.000136794
0.49521 0.50479 0.000136794 0.000136794
0.49521 0.50479 0.000136794 0.000136794
0.49521 0.50479 0.000136794 0.000136794
0.49521 0.50479 0.000136794 0.000136794
0.49521 0.50479 0.000136794 0.000136794
0.49521 0.50479 0.000136794 0.000136794
0.49521 0.50479 0.000136794 0.000136794
0.49521 0.50479 0.000136794 0.000136794
0.49521 0.50479 0.000136794 0.000136794
0.49521 0.50479 0.000136794 0.000136794
0.49521 0.50479 0.000136794 0.000136794
0.49521 0.50479 0.000136794 0.000136794
0.49521 0.50479 0.000136794 0.000136794
0.49521 0.50479 0.000136794 0.000136794
0.49521 0.50479 0.000136794 0.000136794
0.49521 0.50479 0.000136794 0.000136794
0.49521 0.50479 0.000136794 0.000136794
0.49521 0.50479 0.000136794 0.000136794
0.49521 0.50479 0.000136794 0.000136794
0.49521 0.50479 0.000136794 0.000136794
0.49521 0.50479 0.000136794 0.000136794
0.49521 0.50479 0.000136794 0.000136794
0.49521 0.50479 0.000136794 0.000136794
0.49521 0.50479 0.000136794 0.000136794
0.49521 0.50479 0.000136794 0.000136794
0.49521 0.50479 0.000136794 0.000136794
0.49521 0.50479 0.000136794 0.000136794
0.49521 0.50479 0.000136794 0.000136794
0.49521 0.50479 0.000136794 0.000136794
0.49521 0.50479 0.000136794 0.000136794
0.49521 0.50479 0.000136794 0.000136794
0.49521 0.50479 0.000136794 0.000136794
0.49521 0.50479 0.000136794 0.000136794
0.49521 0.50479 0.000136794 0.000136794
0.49521 0.50479 0.000136794 0.000136794
0.49521 0.50479 0.000136794 0.000136794
0.49521 0.50479 0.000136794 0.000136794
0.49521 0.50479 0.000136794 0.000136794
0.49521 0.50479 0.000136794 0.000136794
0.49521 0.50479 0.000136794 0.000136794
0.49521 0.50479 0.000136794 0.000136794
0.49521 0.50479 0.000136794 0.000136794
0.49521 0.50479 0.000136794 0.000136794
0.49521 0.50479 0.000136794 0.000136794
0.49521 0.50479 0.000136794 0.000136794
