0.80033 0.19967 0.000101759 0.000101759
0.80065 0.19935 0.000121785 0.000121785
0.8013 0.1987 0.000184091 0.000184091
0.80244 0.19756 0.000233825 0.000233825
0.80317 0.19683 0.00029889 0.00029889
0.80372 0.19628 0.000348971 0.000348971
0.80408 0.19592 0.000391165 0.000391165
0.80449 0.19551 0.000443566 0.000443566
0.80496 0.19504 0.000471453 0.000471453
0.80466 0.19534 0.00050154 0.00050154
0.80504 0.19496 0.000527594 0.000527594
0.80509 0.19491 0.000552992 0.000552992
0.80532 0.19468 0.000579897 0.000579897
0.80514 0.19486 0.000562849 0.000562849
0.80534 0.19466 0.000555035 0.000555035
0.80468 0.19532 0.000542765 0.000542765
0.80446 0.19554 0.000564453 0.000564453
0.80341 0.19659 0.000594527 0.000594527
0.80458 0.19542 0.00061166 0.00061166
0.80431 0.19569 0.000634883 0.000634883
0.80477 0.19523 0.000650462 0.000650462
0.80465 0.19535 0.000684533 0.000684533
0.80414 0.19586 0.000689112 0.000689112
0.80405 0.19595 0.000705199 0.000705199
0.80444 0.19556 0.00068136 0.00068136
0.8043 0.1957 0.000698293 0.000698293
0.80396 0.19604 0.000700907 0.000700907
0.80501 0.19499 0.000703747 0.000703747
0.80512 0.19488 0.000735743 0.000735743
0.80479 0.19521 0.000774814 0.000774814
0.80475 0.19525 0.00074326 0.00074326
0.80452 0.19548 0.000749343 0.000749343
0.80529 0.19471 0.000764753 0.000764753
0.80562 0.19438 0.000747733 0.000747733
0.80485 0.19515 0.000719664 0.000719664
0.8045 0.1955 0.000717848 0.000717848
0.80505 0.19495 0.000702068 0.000702068
0.80438 0.19562 0.000706804 0.000706804
0.8042 0.1958 0.000730485 0.000730485
0.80396 0.19604 0.000746665 0.000746665
0.80328 0.19672 0.000705093 0.000705093
0.80347 0.19653 0.000714413 0.000714413
0.8036 0.1964 0.000777899 0.000777899
0.80401 0.19599 0.000810636 0.000810636
0.80446 0.19554 0.00080819 0.00080819
0.80477 0.19523 0.000797229 0.000797229
0.80449 0.19551 0.000809889 0.000809889
0.80463 0.19537 0.000783367 0.000783367
0.804 0.196 0.000804727 0.000804727
0.80261 0.19739 0.00080319 0.00080319
0.80276 0.19724 0.000820427 0.000820427
0.80248 0.19752 0.000825222 0.000825222
0.80153 0.19847 0.000875605 0.000875605
0.80196 0.19804 0.000795231 0.000795231
0.8018 0.1982 0.000798121 0.000798121
0.80302 0.19698 0.000788282 0.000788282
0.80308 0.19692 0.000780983 0.000780983
0.80291 0.19709 0.00078685 0.00078685
0.80261 0.19739 0.000811776 0.000811776
0.80228 0.19772 0.00085988 0.00085988
0.80181 0.19819 0.000827812 0.000827812
0.80286 0.19714 0.000819253 0.000819253
0.8031 0.1969 0.00090096 0.00090096
0.80284 0.19716 0.000901267 0.000901267
0.80247 0.19753 0.000929969 0.000929969
0.80239 0.19761 0.000925574 0.000925574
0.80313 0.19687 0.000919023 0.000919023
0.80366 0.19634 0.00093053 0.00093053
0.80401 0.19599 0.000900515 0.000900515
0.80382 0.19618 0.000885826 0.000885826
0.80362 0.19638 0.000871672 0.000871672
0.8036 0.1964 0.000918606 0.000918606
0.80328 0.19672 0.000958143 0.000958143
0.8042 0.1958 0.000936263 0.000936263
0.80397 0.19603 0.000955545 0.000955545
0.80518 0.19482 0.000908594 0.000908594
0.80413 0.19587 0.000878235 0.000878235
0.80353 0.19647 0.000902454 0.000902454
0.80378 0.19622 0.000925951 0.000925951
0.80407 0.19593 0.00093247 0.00093247
0.80311 0.19689 0.000962968 0.000962968
0.80383 0.19617 0.000950809 0.000950809
0.80342 0.19658 0.000928125 0.000928125
0.80305 0.19695 0.000912917 0.000912917
0.80379 0.19621 0.000922713 0.000922713
0.80365 0.19635 0.00094522 0.00094522
0.80343 0.19657 0.000938914 0.000938914
0.80369 0.19631 0.000918438 0.000918438
0.80391 0.19609 0.000968709 0.000968709
0.80354 0.19646 0.00101272 0.00101272
0.80253 0.19747 0.00103041 0.00103041
0.80188 0.19812 0.00107423 0.00107423
0.80335 0.19665 0.00102869 0.00102869
0.80362 0.19638 0.00103939 0.00103939
0.8033 0.1967 0.00101334 0.00101334
0.80311 0.19689 0.00101907 0.00101907
0.80408 0.19592 0.000992458 0.000992458
0.80458 0.19542 0.00101457 0.00101457
0.80321 0.19679 0.000985077 0.000985077
0.80302 0.19698 0.000952707 0.000952707
0.8038 0.1962 0.000992202 0.000992202
0.80337 0.19663 0.000975246 0.000975246
0.80419 0.19581 0.00100399 0.00100399
0.80381 0.19619 0.0010043 0.0010043
0.80377 0.19623 0.000993916 0.000993916
0.80438 0.19562 0.000969773 0.000969773
0.80342 0.19658 0.0010021 0.0010021
0.80432 0.19568 0.00100561 0.00100561
0.80502 0.19498 0.00101176 0.00101176
0.80517 0.19483 0.00104804 0.00104804
0.80547 0.19453 0.00105356 0.00105356
0.80637 0.19363 0.00100523 0.00100523
0.80653 0.19347 0.00102104 0.00102104
0.80595 0.19405 0.00105952 0.00105952
0.80523 0.19477 0.00100515 0.00100515
0.80523 0.19477 0.000984866 0.000984866
0.80498 0.19502 0.00103537 0.00103537
0.80469 0.19531 0.00103117 0.00103117
0.80507 0.19493 0.00101687 0.00101687
0.80542 0.19458 0.000998387 0.000998387
0.80519 0.19481 0.00105773 0.00105773
0.80528 0.19472 0.00105586 0.00105586
0.80537 0.19463 0.00106523 0.00106523
0.80551 0.19449 0.00107714 0.00107714
0.80524 0.19476 0.00105309 0.00105309
0.80633 0.19367 0.000998789 0.000998789
0.80634 0.19366 0.00103138 0.00103138
0.80609 0.19391 0.00106778 0.00106778
0.80609 0.19391 0.00102501 0.00102501
0.80662 0.19338 0.000995753 0.000995753
0.80558 0.19442 0.000961256 0.000961256
0.805 0.195 0.00100612 0.00100612
0.80555 0.19445 0.0010116 0.0010116
0.80593 0.19407 0.0010278 0.0010278
0.80686 0.19314 0.00100081 0.00100081
0.80698 0.19302 0.00097806 0.00097806
0.80689 0.19311 0.000962119 0.000962119
0.8063 0.1937 0.000979889 0.000979889
0.8064 0.1936 0.000993919 0.000993919
0.80667 0.19333 0.000952971 0.000952971
0.80678 0.19322 0.00102829 0.00102829
0.80618 0.19382 0.00105894 0.00105894
0.80537 0.19463 0.00103755 0.00103755
0.80531 0.19469 0.00101537 0.00101537
0.80443 0.19557 0.00102407 0.00102407
0.80489 0.19511 0.00104178 0.00104178
0.80425 0.19575 0.00107348 0.00107348
0.80472 0.19528 0.00107445 0.00107445
0.80518 0.19482 0.00107556 0.00107556
0.80528 0.19472 0.00104012 0.00104012
0.80532 0.19468 0.00103836 0.00103836
0.80555 0.19445 0.00106845 0.00106845
0.80503 0.19497 0.000994252 0.000994252
0.80446 0.19554 0.00106229 0.00106229
0.80427 0.19573 0.00103796 0.00103796
0.80369 0.19631 0.00103648 0.00103648
0.80328 0.19672 0.00111069 0.00111069
0.80328 0.19672 0.00111554 0.00111554
0.80326 0.19674 0.00117141 0.00117141
0.80375 0.19625 0.00114292 0.00114292
0.804 0.196 0.00117612 0.00117612
0.80461 0.19539 0.00110691 0.00110691
0.80473 0.19527 0.00115301 0.00115301
0.80541 0.19459 0.00112622 0.00112622
0.80569 0.19431 0.00118854 0.00118854
0.80504 0.19496 0.00119054 0.00119054
0.80573 0.19427 0.00119289 0.00119289
0.8056 0.1944 0.00116941 0.00116941
0.8058 0.1942 0.00111226 0.00111226
0.8068 0.1932 0.00114978 0.00114978
0.80718 0.19282 0.00114342 0.00114342
0.80702 0.19298 0.00114127 0.00114127
0.80724 0.19276 0.00113245 0.00113245
0.80751 0.19249 0.00109668 0.00109668
0.80694 0.19306 0.0011384 0.0011384
0.80604 0.19396 0.00117089 0.00117089
0.80584 0.19416 0.00118662 0.00118662
0.80554 0.19446 0.00122029 0.00122029
0.8058 0.1942 0.00128281 0.00128281
0.8069 0.1931 0.00122639 0.00122639
0.80674 0.19326 0.00122785 0.00122785
0.8071 0.1929 0.00124989 0.00124989
0.80751 0.19249 0.00126298 0.00126298
0.80703 0.19297 0.00119051 0.00119051
0.80724 0.19276 0.00120639 0.00120639
0.80742 0.19258 0.00124513 0.00124513
0.80709 0.19291 0.00120865 0.00120865
0.80747 0.19253 0.00121954 0.00121954
0.80741 0.19259 0.00120568 0.00120568
0.80695 0.19305 0.00116405 0.00116405
0.80726 0.19274 0.00111658 0.00111658
0.80757 0.19243 0.00111938 0.00111938
0.80759 0.19241 0.00113422 0.00113422
0.80722 0.19278 0.00107652 0.00107652
0.80612 0.19388 0.0010936 0.0010936
0.80533 0.19467 0.00112432 0.00112432
0.80529 0.19471 0.001103 0.001103
0.80558 0.19442 0.00104944 0.00104944
0.80568 0.19432 0.00106951 0.00106951
0.80658 0.19342 0.0010514 0.0010514
0.8069 0.1931 0.0010274 0.0010274
0.80684 0.19316 0.00101335 0.00101335
0.80734 0.19266 0.00101722 0.00101722
0.80683 0.19317 0.00102592 0.00102592
0.80733 0.19267 0.00104158 0.00104158
0.80764 0.19236 0.00107728 0.00107728
0.80768 0.19232 0.0010766 0.0010766
0.80728 0.19272 0.00109974 0.00109974
0.80729 0.19271 0.00109776 0.00109776
0.80751 0.19249 0.001087 0.001087
0.80702 0.19298 0.00110818 0.00110818
0.80645 0.19355 0.00114801 0.00114801
0.80614 0.19386 0.00120651 0.00120651
0.80597 0.19403 0.00115783 0.00115783
0.8065 0.1935 0.00109268 0.00109268
0.80655 0.19345 0.00108152 0.00108152
0.80679 0.19321 0.00110758 0.00110758
0.80748 0.19252 0.00112781 0.00112781
0.80706 0.19294 0.00114755 0.00114755
0.80836 0.19164 0.00120686 0.00120686
0.80733 0.19267 0.00119232 0.00119232
0.80694 0.19306 0.00117238 0.00117238
0.8063 0.1937 0.00119858 0.00119858
0.80644 0.19356 0.00121522 0.00121522
0.80561 0.19439 0.0012181 0.0012181
0.80567 0.19433 0.00118661 0.00118661
0.80661 0.19339 0.00121242 0.00121242
0.80669 0.19331 0.00117157 0.00117157
0.80607 0.19393 0.00116461 0.00116461
0.80553 0.19447 0.00120445 0.00120445
0.80591 0.19409 0.00126742 0.00126742
0.80582 0.19418 0.0012475 0.0012475
0.80573 0.19427 0.00121303 0.00121303
0.80591 0.19409 0.00122919 0.00122919
0.80576 0.19424 0.00122081 0.00122081
0.80641 0.19359 0.00121618 0.00121618
0.80583 0.19417 0.00118374 0.00118374
0.80559 0.19441 0.00116026 0.00116026
0.80487 0.19513 0.00118335 0.00118335
0.80441 0.19559 0.00118936 0.00118936
0.80409 0.19591 0.0012177 0.0012177
0.80399 0.19601 0.0011935 0.0011935
0.80331 0.19669 0.00119809 0.00119809
0.80234 0.19766 0.00124978 0.00124978
0.80198 0.19802 0.00126297 0.00126297
0.80235 0.19765 0.00122217 0.00122217
0.80281 0.19719 0.00125088 0.00125088
0.80317 0.19683 0.00130388 0.00130388
0.80384 0.19616 0.00128442 0.00128442
0.80461 0.19539 0.00130186 0.00130186
0.8041 0.1959 0.00132849 0.00132849
0.80528 0.19472 0.00125212 0.00125212
0.80541 0.19459 0.00131913 0.00131913
0.80452 0.19548 0.00130247 0.00130247
0.80462 0.19538 0.00127 0.00127
0.80486 0.19514 0.0013084 0.0013084
0.80485 0.19515 0.00134871 0.00134871
0.80521 0.19479 0.00130534 0.00130534
0.80473 0.19527 0.00119078 0.00119078
0.80479 0.19521 0.00123132 0.00123132
0.80423 0.19577 0.00121036 0.00121036
0.80417 0.19583 0.00115998 0.00115998
0.80411 0.19589 0.00119709 0.00119709
0.8043 0.1957 0.00121072 0.00121072
0.80462 0.19538 0.00124361 0.00124361
0.80446 0.19554 0.00128876 0.00128876
0.80483 0.19517 0.00126047 0.00126047
0.80465 0.19535 0.00124744 0.00124744
0.80449 0.19551 0.00121734 0.00121734
0.80465 0.19535 0.0012432 0.0012432
0.80608 0.19392 0.00122333 0.00122333
0.80605 0.19395 0.00126429 0.00126429
0.80603 0.19397 0.00124251 0.00124251
0.8051 0.1949 0.00128452 0.00128452
0.80506 0.19494 0.00127293 0.00127293
0.80425 0.19575 0.00126574 0.00126574
0.80464 0.19536 0.00125536 0.00125536
0.80408 0.19592 0.00123838 0.00123838
0.80429 0.19571 0.00123694 0.00123694
0.80461 0.19539 0.00128913 0.00128913
0.80462 0.19538 0.00130598 0.00130598
0.80464 0.19536 0.0013225 0.0013225
0.80503 0.19497 0.00140702 0.00140702
0.80509 0.19491 0.00136958 0.00136958
0.80485 0.19515 0.00139686 0.00139686
0.80477 0.19523 0.0013906 0.0013906
0.80552 0.19448 0.0013653 0.0013653
0.80667 0.19333 0.00134049 0.00134049
0.80534 0.19466 0.00127952 0.00127952
0.80544 0.19456 0.00134659 0.00134659
0.80522 0.19478 0.00138225 0.00138225
0.80488 0.19512 0.00134069 0.00134069
0.80489 0.19511 0.0012585 0.0012585
0.8049 0.1951 0.00126449 0.00126449
0.80427 0.19573 0.00131818 0.00131818
0.80446 0.19554 0.00128633 0.00128633
0.80361 0.19639 0.00129709 0.00129709
0.80483 0.19517 0.00125305 0.00125305
0.8042 0.1958 0.00125988 0.00125988
0.80314 0.19686 0.00123513 0.00123513
0.80438 0.19562 0.0012907 0.0012907
0.80451 0.19549 0.00134197 0.00134197
0.80424 0.19576 0.00143184 0.00143184
0.80364 0.19636 0.00138029 0.00138029
0.80419 0.19581 0.00136575 0.00136575
0.80389 0.19611 0.00133951 0.00133951
0.80447 0.19553 0.00135035 0.00135035
0.80465 0.19535 0.00130469 0.00130469
0.80334 0.19666 0.00131463 0.00131463
0.80459 0.19541 0.00134927 0.00134927
0.8043 0.1957 0.00132732 0.00132732
0.80498 0.19502 0.00132956 0.00132956
0.80384 0.19616 0.0012963 0.0012963
0.80454 0.19546 0.00135074 0.00135074
0.8049 0.1951 0.00135884 0.00135884
0.80515 0.19485 0.0013592 0.0013592
0.80584 0.19416 0.00137022 0.00137022
0.80632 0.19368 0.00133584 0.00133584
0.80597 0.19403 0.00138324 0.00138324
0.80578 0.19422 0.00137419 0.00137419
0.8058 0.1942 0.00140109 0.00140109
0.80565 0.19435 0.00142902 0.00142902
0.80504 0.19496 0.00141452 0.00141452
0.80467 0.19533 0.00140847 0.00140847
0.80523 0.19477 0.00140212 0.00140212
0.80456 0.19544 0.00133459 0.00133459
0.80505 0.19495 0.00129366 0.00129366
0.80475 0.19525 0.00129892 0.00129892
0.80372 0.19628 0.00132596 0.00132596
0.80474 0.19526 0.00138086 0.00138086
0.80498 0.19502 0.00139089 0.00139089
0.80583 0.19417 0.00143956 0.00143956
0.8056 0.1944 0.00138747 0.00138747
0.80526 0.19474 0.00135973 0.00135973
0.80598 0.19402 0.00132663 0.00132663
0.80558 0.19442 0.00136475 0.00136475
0.80494 0.19506 0.00139919 0.00139919
0.80522 0.19478 0.00143522 0.00143522
0.80489 0.19511 0.00152909 0.00152909
0.80523 0.19477 0.00147584 0.00147584
0.80532 0.19468 0.00154196 0.00154196
0.80543 0.19457 0.0015355 0.0015355
0.80409 0.19591 0.00144717 0.00144717
0.80443 0.19557 0.00143845 0.00143845
0.80483 0.19517 0.00141372 0.00141372
0.80413 0.19587 0.00143541 0.00143541
0.80461 0.19539 0.00144507 0.00144507
0.80551 0.19449 0.00148854 0.00148854
0.80516 0.19484 0.00148502 0.00148502
0.8042 0.1958 0.00153774 0.00153774
0.80512 0.19488 0.0015419 0.0015419
0.80522 0.19478 0.00158514 0.00158514
0.80556 0.19444 0.00156296 0.00156296
0.80557 0.19443 0.00156007 0.00156007
0.8055 0.1945 0.00150849 0.00150849
0.80557 0.19443 0.00148635 0.00148635
0.80503 0.19497 0.00139334 0.00139334
0.80493 0.19507 0.0013836 0.0013836
0.80566 0.19434 0.00139625 0.00139625
0.80548 0.19452 0.00142581 0.00142581
0.80626 0.19374 0.00148236 0.00148236
0.8076 0.1924 0.00147467 0.00147467
0.80702 0.19298 0.00147396 0.00147396
0.80695 0.19305 0.00143512 0.00143512
0.80666 0.19334 0.00148221 0.00148221
0.80823 0.19177 0.00144004 0.00144004
0.80761 0.19239 0.00144828 0.00144828
0.80732 0.19268 0.00141992 0.00141992
0.80737 0.19263 0.00143417 0.00143417
0.80737 0.19263 0.00134767 0.00134767
0.80709 0.19291 0.00140612 0.00140612
0.80698 0.19302 0.00136483 0.00136483
0.80787 0.19213 0.00135842 0.00135842
0.80685 0.19315 0.00140447 0.00140447
0.80726 0.19274 0.001397 0.001397
0.80762 0.19238 0.00144345 0.00144345
0.80737 0.19263 0.001449 0.001449
0.8072 0.1928 0.00145214 0.00145214
0.80757 0.19243 0.00147142 0.00147142
0.80853 0.19147 0.001505 0.001505
0.80848 0.19152 0.00149797 0.00149797
0.80834 0.19166 0.001532 0.001532
0.80752 0.19248 0.00147007 0.00147007
0.80664 0.19336 0.0014848 0.0014848
0.80633 0.19367 0.00155105 0.00155105
0.80572 0.19428 0.00154784 0.00154784
0.80539 0.19461 0.00149959 0.00149959
0.80646 0.19354 0.0014973 0.0014973
0.8072 0.1928 0.00150549 0.00150549
0.80664 0.19336 0.0015211 0.0015211
0.80632 0.19368 0.00149184 0.00149184
0.80659 0.19341 0.00151443 0.00151443
0.80642 0.19358 0.00153148 0.00153148
0.80678 0.19322 0.00146642 0.00146642
0.80567 0.19433 0.00147657 0.00147657
0.80495 0.19505 0.00153651 0.00153651
0.8043 0.1957 0.00159647 0.00159647
0.8048 0.1952 0.00158455 0.00158455
0.80556 0.19444 0.00163914 0.00163914
0.80582 0.19418 0.0015737 0.0015737
0.80598 0.19402 0.00157012 0.00157012
0.80609 0.19391 0.00153542 0.00153542
0.80655 0.19345 0.00157492 0.00157492
0.80722 0.19278 0.00158029 0.00158029
0.80706 0.19294 0.00161258 0.00161258
0.80715 0.19285 0.00162082 0.00162082
0.80776 0.19224 0.00151958 0.00151958
0.8073 0.1927 0.00148171 0.00148171
0.80683 0.19317 0.00158321 0.00158321
0.80824 0.19176 0.00155119 0.00155119
0.80772 0.19228 0.00151428 0.00151428
0.80814 0.19186 0.00153 0.00153
0.80709 0.19291 0.0015098 0.0015098
0.80679 0.19321 0.00154025 0.00154025
0.80743 0.19257 0.001487 0.001487
0.80695 0.19305 0.00154122 0.00154122
0.80767 0.19233 0.00149352 0.00149352
0.80752 0.19248 0.00149468 0.00149468
0.80849 0.19151 0.00155472 0.00155472
0.80712 0.19288 0.00154372 0.00154372
0.80674 0.19326 0.00155811 0.00155811
0.80681 0.19319 0.00159199 0.00159199
0.80598 0.19402 0.00162818 0.00162818
0.80552 0.19448 0.00160504 0.00160504
0.80576 0.19424 0.00164138 0.00164138
0.80647 0.19353 0.00160356 0.00160356
0.80651 0.19349 0.00164355 0.00164355
0.80649 0.19351 0.00163759 0.00163759
0.80603 0.19397 0.00160367 0.00160367
0.80639 0.19361 0.00157182 0.00157182
0.80677 0.19323 0.00164456 0.00164456
0.80683 0.19317 0.00163337 0.00163337
0.80741 0.19259 0.00157952 0.00157952
0.80733 0.19267 0.00155923 0.00155923
0.80791 0.19209 0.00152459 0.00152459
0.8072 0.1928 0.00153093 0.00153093
0.80679 0.19321 0.00161639 0.00161639
0.80692 0.19308 0.00162381 0.00162381
0.80696 0.19304 0.0016185 0.0016185
0.80707 0.19293 0.00165429 0.00165429
0.80676 0.19324 0.00169305 0.00169305
0.80604 0.19396 0.00162125 0.00162125
0.80662 0.19338 0.00160484 0.00160484
0.80649 0.19351 0.00160284 0.00160284
0.80656 0.19344 0.00159382 0.00159382
0.80684 0.19316 0.00164993 0.00164993
0.80665 0.19335 0.00160429 0.00160429
0.80712 0.19288 0.00161493 0.00161493
0.80602 0.19398 0.00157491 0.00157491
0.80559 0.19441 0.00160491 0.00160491
0.80586 0.19414 0.00166374 0.00166374
0.80534 0.19466 0.00166261 0.00166261
0.8045 0.1955 0.00175502 0.00175502
0.80457 0.19543 0.00173162 0.00173162
0.80467 0.19533 0.00176279 0.00176279
0.80468 0.19532 0.00171319 0.00171319
0.80497 0.19503 0.00169775 0.00169775
0.80639 0.19361 0.00156416 0.00156416
0.80572 0.19428 0.00158026 0.00158026
0.80606 0.19394 0.00154311 0.00154311
0.8064 0.1936 0.00149859 0.00149859
0.8067 0.1933 0.00156997 0.00156997
0.80684 0.19316 0.00163452 0.00163452
0.80661 0.19339 0.00170244 0.00170244
0.8066 0.1934 0.00173513 0.00173513
0.80714 0.19286 0.00171321 0.00171321
0.80708 0.19292 0.00175971 0.00175971
0.80739 0.19261 0.00179246 0.00179246
0.80649 0.19351 0.00182064 0.00182064
0.80678 0.19322 0.0018969 0.0018969
0.80643 0.19357 0.00186213 0.00186213
0.80712 0.19288 0.00182318 0.00182318
0.80688 0.19312 0.00180015 0.00180015
0.80729 0.19271 0.00182338 0.00182338
0.80633 0.19367 0.00187994 0.00187994
0.80577 0.19423 0.00191204 0.00191204
0.80648 0.19352 0.00182013 0.00182013
0.80663 0.19337 0.00178723 0.00178723
0.80612 0.19388 0.00179241 0.00179241
0.80682 0.19318 0.00174126 0.00174126
0.80644 0.19356 0.00178039 0.00178039
0.80627 0.19373 0.00189004 0.00189004
0.80657 0.19343 0.00187661 0.00187661
0.80639 0.19361 0.00191818 0.00191818
0.80675 0.19325 0.00190239 0.00190239
0.80699 0.19301 0.00186866 0.00186866
0.80678 0.19322 0.00186367 0.00186367
0.80681 0.19319 0.00190266 0.00190266
0.80634 0.19366 0.00181683 0.00181683
0.80634 0.19366 0.00182443 0.00182443
0.80537 0.19463 0.00181349 0.00181349
0.80606 0.19394 0.00188624 0.00188624
0.80704 0.19296 0.00188434 0.00188434
0.80695 0.19305 0.00186999 0.00186999
0.80684 0.19316 0.00190571 0.00190571
0.80652 0.19348 0.00190155 0.00190155
0.80741 0.19259 0.00190457 0.00190457
0.80701 0.19299 0.00193532 0.00193532
0.80683 0.19317 0.0019055 0.0019055
0.8063 0.1937 0.00193708 0.00193708
