0.49941 0.50059 3.80625e-05 3.80625e-05
0.50034 0.49966 6.1863e-05 6.1863e-05
0.50008 0.49992 9.87006e-05 9.87006e-05
0.50027 0.49973 0.000109149 0.000109149
0.50026 0.49974 0.000154861 0.000154861
0.50142 0.49858 0.000168933 0.000168933
0.50213 0.49787 0.000199589 0.000199589
0.50128 0.49872 0.000275658 0.000275658
0.50068 0.49932 0.000324866 0.000324866
0.50125 0.49875 0.00032221 0.00032221
0.50165 0.49835 0.000300876 0.000300876
0.50188 0.49812 0.000343076 0.000343076
0.50188 0.49812 0.000365339 0.000365339
0.50265 0.49735 0.000402088 0.000402088
0.50138 0.49862 0.000401733 0.000401733
0.50129 0.49871 0.000388632 0.000388632
0.50053 0.49947 0.000406534 0.000406534
0.49933 0.50067 0.000409961 0.000409961
0.50007 0.49993 0.000382551 0.000382551
0.49961 0.50039 0.000396301 0.000396301
0.49939 0.50061 0.000369796 0.000369796
0.49964 0.50036 0.000389223 0.000389223
0.50016 0.49984 0.000395166 0.000395166
0.5001 0.4999 0.000402818 0.000402818
0.49973 0.50027 0.000405876 0.000405876
0.49926 0.50074 0.000401063 0.000401063
0.49962 0.50038 0.000419794 0.000419794
0.50028 0.49972 0.000433274 0.000433274
0.49987 0.50013 0.00047066 0.00047066
0.50044 0.49956 0.000473138 0.000473138
0.49977 0.50023 0.000459593 0.000459593
0.49939 0.50061 0.000500139 0.000500139
0.49945 0.50055 0.000454735 0.000454735
0.49923 0.50077 0.000437532 0.000437532
0.49911 0.50089 0.000475493 0.000475493
0.50001 0.49999 0.000480131 0.000480131
0.50088 0.49912 0.000476996 0.000476996
0.50017 0.49983 0.000497577 0.000497577
0.5009 0.4991 0.000489869 0.000489869
0.50047 0.49953 0.000472312 0.000472312
0.50035 0.49965 0.000523543 0.000523543
0.50016 0.49984 0.000545691 0.000545691
0.50136 0.49864 0.000494839 0.000494839
0.50216 0.49784 0.000549348 0.000549348
0.50108 0.49892 0.000555145 0.000555145
0.50098 0.49902 0.000565878 0.000565878
0.50024 0.49976 0.000556023 0.000556023
0.50006 0.49994 0.000560421 0.000560421
0.49926 0.50074 0.000549891 0.000549891
0.50036 0.49964 0.000508435 0.000508435
0.50024 0.49976 0.000490285 0.000490285
0.5009 0.4991 0.000478414 0.000478414
0.50061 0.49939 0.000467594 0.000467594
0.50178 0.49822 0.000458598 0.000458598
0.50152 0.49848 0.000448313 0.000448313
0.50145 0.49855 0.000437058 0.000437058
0.50116 0.49884 0.000430358 0.000430358
0.50105 0.49895 0.000431482 0.000431482
0.50076 0.49924 0.000399154 0.000399154
0.50127 0.49873 0.000391654 0.000391654
0.50119 0.49881 0.000428196 0.000428196
0.50014 0.49986 0.000439273 0.000439273
0.50036 0.49964 0.000454213 0.000454213
0.50131 0.49869 0.000480317 0.000480317
0.50104 0.49896 0.000472503 0.000472503
0.50131 0.49869 0.000487246 0.000487246
0.50175 0.49825 0.000468816 0.000468816
0.50243 0.49757 0.00047447 0.00047447
0.50329 0.49671 0.000497481 0.000497481
0.50333 0.49667 0.000497516 0.000497516
0.50307 0.49693 0.000469035 0.000469035
0.5028 0.4972 0.000473576 0.000473576
0.50175 0.49825 0.000467947 0.000467947
0.50173 0.49827 0.000468381 0.000468381
0.50126 0.49874 0.000448437 0.000448437
0.50072 0.49928 0.000434608 0.000434608
0.50105 0.49895 0.00047722 0.00047722
0.50115 0.49885 0.000469927 0.000469927
0.50172 0.49828 0.000463355 0.000463355
0.50126 0.49874 0.000495932 0.000495932
0.50121 0.49879 0.000503056 0.000503056
0.50156 0.49844 0.000473986 0.000473986
0.50184 0.49816 0.00046959 0.00046959
0.50108 0.49892 0.000493973 0.000493973
0.50065 0.49935 0.000512896 0.000512896
0.49976 0.50024 0.000503336 0.000503336
0.49969 0.50031 0.000471751 0.000471751
0.49955 0.50045 0.00046528 0.00046528
0.49976 0.50024 0.00044174 0.00044174
0.50001 0.49999 0.000462333 0.000462333
0.49957 0.50043 0.000477965 0.000477965
0.49937 0.50063 0.000445488 0.000445488
0.49971 0.50029 0.000447743 0.000447743
0.49996 0.50004 0.000483837 0.000483837
0.50061 0.49939 0.000481553 0.000481553
0.50177 0.49823 0.000477209 0.000477209
0.50195 0.49805 0.000491583 0.000491583
0.50144 0.49856 0.00049538 0.00049538
0.50097 0.49903 0.000524555 0.000524555
0.50097 0.49903 0.000563666 0.000563666
0.50188 0.49812 0.00052542 0.00052542
0.50101 0.49899 0.000524919 0.000524919
0.50011 0.49989 0.000525331 0.000525331
0.50031 0.49969 0.000495347 0.000495347
0.50126 0.49874 0.000482235 0.000482235
0.50157 0.49843 0.000476652 0.000476652
0.50212 0.49788 0.000455036 0.000455036
0.5027 0.4973 0.000447182 0.000447182
0.50231 0.49769 0.000469368 0.000469368
0.50197 0.49803 0.000489141 0.000489141
0.50123 0.49877 0.000522341 0.000522341
0.50163 0.49837 0.000521528 0.000521528
0.50171 0.49829 0.000508976 0.000508976
0.50081 0.49919 0.000482943 0.000482943
0.50082 0.49918 0.000492937 0.000492937
0.50075 0.49925 0.000542977 0.000542977
0.50112 0.49888 0.000507965 0.000507965
0.50077 0.49923 0.000502583 0.000502583
0.50056 0.49944 0.000491097 0.000491097
0.50116 0.49884 0.000475267 0.000475267
0.50115 0.49885 0.000500917 0.000500917
0.50103 0.49897 0.000507726 0.000507726
0.50119 0.49881 0.000496196 0.000496196
0.50165 0.49835 0.000472735 0.000472735
0.50124 0.49876 0.000478124 0.000478124
0.50095 0.49905 0.000485422 0.000485422
0.50133 0.49867 0.000519637 0.000519637
0.50127 0.49873 0.000474724 0.000474724
0.50145 0.49855 0.000481038 0.000481038
0.50211 0.49789 0.000494725 0.000494725
0.50129 0.49871 0.000479562 0.000479562
0.50106 0.49894 0.000480239 0.000480239
0.50042 0.49958 0.000504125 0.000504125
0.50083 0.49917 0.000513274 0.000513274
0.50165 0.49835 0.000542088 0.000542088
0.50157 0.49843 0.000561258 0.000561258
0.50156 0.49844 0.000554774 0.000554774
0.50215 0.49785 0.000580977 0.000580977
0.5033 0.4967 0.000583101 0.000583101
0.50354 0.49646 0.000553584 0.000553584
0.50204 0.49796 0.000544402 0.000544402
0.50236 0.49764 0.000575465 0.000575465
0.50207 0.49793 0.000549217 0.000549217
0.5018 0.4982 0.000542444 0.000542444
0.50121 0.49879 0.000527077 0.000527077
0.5019 0.4981 0.000500697 0.000500697
0.50131 0.49869 0.000527812 0.000527812
0.50156 0.49844 0.000519986 0.000519986
0.50083 0.49917 0.000525819 0.000525819
0.50187 0.49813 0.000535488 0.000535488
0.50218 0.49782 0.000499018 0.000499018
0.50158 0.49842 0.000508832 0.000508832
0.50112 0.49888 0.000500895 0.000500895
0.50031 0.49969 0.000517509 0.000517509
0.50007 0.49993 0.000552712 0.000552712
0.50054 0.49946 0.000577685 0.000577685
0.50154 0.49846 0.000570473 0.000570473
0.50132 0.49868 0.000542078 0.000542078
0.5018 0.4982 0.000535859 0.000535859
0.50174 0.49826 0.000564154 0.000564154
0.50324 0.49676 0.000561437 0.000561437
0.50224 0.49776 0.000543316 0.000543316
0.50208 0.49792 0.000503125 0.000503125
0.5015 0.4985 0.000469364 0.000469364
0.50083 0.49917 0.000472122 0.000472122
0.50039 0.49961 0.000499351 0.000499351
0.50017 0.49983 0.000470324 0.000470324
0.50042 0.49958 0.000536448 0.000536448
0.50065 0.49935 0.000563503 0.000563503
0.50112 0.49888 0.000533501 0.000533501
0.50074 0.49926 0.000515851 0.000515851
0.50026 0.49974 0.000517184 0.000517184
0.4996 0.5004 0.000558505 0.000558505
0.49978 0.50022 0.000603709 0.000603709
0.49986 0.50014 0.000574263 0.000574263
0.50013 0.49987 0.000569751 0.000569751
0.49985 0.50015 0.000555018 0.000555018
0.49973 0.50027 0.000569977 0.000569977
0.49864 0.50136 0.000547061 0.000547061
0.49888 0.50112 0.000555056 0.000555056
0.49915 0.50085 0.000541523 0.000541523
0.49859 0.50141 0.000567153 0.000567153
0.49837 0.50163 0.000616155 0.000616155
0.49812 0.50188 0.000642086 0.000642086
0.49744 0.50256 0.000673461 0.000673461
0.49791 0.50209 0.000637497 0.000637497
0.49851 0.50149 0.000664939 0.000664939
0.49965 0.50035 0.000653462 0.000653462
0.50051 0.49949 0.000642737 0.000642737
0.50137 0.49863 0.000706781 0.000706781
0.50244 0.49756 0.00070833 0.00070833
0.50176 0.49824 0.000676568 0.000676568
0.50143 0.49857 0.000709642 0.000709642
0.50185 0.49815 0.000692593 0.000692593
0.50209 0.49791 0.00066277 0.00066277
0.50106 0.49894 0.000674663 0.000674663
0.50075 0.49925 0.000647038 0.000647038
0.50097 0.49903 0.000622736 0.000622736
0.50116 0.49884 0.000590277 0.000590277
0.50125 0.49875 0.000605806 0.000605806
0.5006 0.4994 0.00055903 0.00055903
0.5013 0.4987 0.000572313 0.000572313
0.50082 0.49918 0.000561583 0.000561583
0.50203 0.49797 0.000544858 0.000544858
0.50187 0.49813 0.000536033 0.000536033
0.50155 0.49845 0.000630654 0.000630654
0.50124 0.49876 0.000611538 0.000611538
0.50107 0.49893 0.000648934 0.000648934
0.50111 0.49889 0.000587877 0.000587877
0.49989 0.50011 0.000568705 0.000568705
0.49996 0.50004 0.000604524 0.000604524
0.49937 0.50063 0.00060369 0.00060369
0.49972 0.50028 0.00059586 0.00059586
0.49921 0.50079 0.000631966 0.000631966
0.49893 0.50107 0.000615096 0.000615096
0.49895 0.50105 0.000657139 0.000657139
0.49921 0.50079 0.00066637 0.00066637
0.49917 0.50083 0.000644365 0.000644365
0.50046 0.49954 0.000646473 0.000646473
0.50033 0.49967 0.000668223 0.000668223
0.50059 0.49941 0.000667174 0.000667174
0.50024 0.49976 0.000674649 0.000674649
0.50069 0.49931 0.000653489 0.000653489
0.50008 0.49992 0.000633105 0.000633105
0.49997 0.50003 0.000716312 0.000716312
0.49984 0.50016 0.000757469 0.000757469
0.49915 0.50085 0.000767907 0.000767907
0.49956 0.50044 0.000746128 0.000746128
0.50047 0.49953 0.00078211 0.00078211
0.5007 0.4993 0.000763242 0.000763242
0.50109 0.49891 0.000741012 0.000741012
0.50121 0.49879 0.000707683 0.000707683
0.5014 0.4986 0.000740929 0.000740929
0.50228 0.49772 0.000794325 0.000794325
0.50166 0.49834 0.000769944 0.000769944
0.50141 0.49859 0.000792265 0.000792265
0.50209 0.49791 0.000799679 0.000799679
0.50198 0.49802 0.000779313 0.000779313
0.50215 0.49785 0.000757159 0.000757159
0.50236 0.49764 0.000735505 0.000735505
0.50246 0.49754 0.00070914 0.00070914
0.50178 0.49822 0.000678153 0.000678153
0.50095 0.49905 0.000706391 0.000706391
0.50094 0.49906 0.000672481 0.000672481
0.50144 0.49856 0.000650087 0.000650087
0.50137 0.49863 0.000580963 0.000580963
0.50264 0.49736 0.000575546 0.000575546
0.50219 0.49781 0.000624458 0.000624458
0.50186 0.49814 0.000632667 0.000632667
0.50114 0.49886 0.000609718 0.000609718
0.50183 0.49817 0.000595274 0.000595274
0.50075 0.49925 0.000564937 0.000564937
0.50089 0.49911 0.000626058 0.000626058
0.50084 0.49916 0.000644903 0.000644903
0.50106 0.49894 0.000670178 0.000670178
0.50128 0.49872 0.000677234 0.000677234
0.50201 0.49799 0.000687222 0.000687222
0.50181 0.49819 0.000692984 0.000692984
0.50229 0.49771 0.000690996 0.000690996
0.50248 0.49752 0.000651686 0.000651686
0.50328 0.49672 0.000594992 0.000594992
0.50294 0.49706 0.000674582 0.000674582
0.50273 0.49727 0.00063626 0.00063626
0.50286 0.49714 0.00067394 0.00067394
0.50192 0.49808 0.000665145 0.000665145
0.50189 0.49811 0.000656584 0.000656584
0.50141 0.49859 0.000660366 0.000660366
0.50214 0.49786 0.000744324 0.000744324
0.50243 0.49757 0.000774995 0.000774995
0.50346 0.49654 0.000756534 0.000756534
0.50371 0.49629 0.000770612 0.000770612
0.50356 0.49644 0.000766633 0.000766633
0.50213 0.49787 0.000783347 0.000783347
0.50205 0.49795 0.000758775 0.000758775
0.50315 0.49685 0.000777159 0.000777159
0.50337 0.49663 0.000820417 0.000820417
0.50341 0.49659 0.000808951 0.000808951
0.50271 0.49729 0.000778127 0.000778127
0.50261 0.49739 0.000798139 0.000798139
0.50313 0.49687 0.000794276 0.000794276
0.50342 0.49658 0.000797701 0.000797701
0.50233 0.49767 0.000863132 0.000863132
0.50221 0.49779 0.000857339 0.000857339
0.50195 0.49805 0.00086825 0.00086825
0.50172 0.49828 0.000901981 0.000901981
0.50167 0.49833 0.00088786 0.00088786
0.50277 0.49723 0.000884785 0.000884785
0.50225 0.49775 0.000888694 0.000888694
0.50147 0.49853 0.000853969 0.000853969
0.50052 0.49948 0.000824232 0.000824232
0.49991 0.50009 0.000793719 0.000793719
0.50056 0.49944 0.000789259 0.000789259
0.50142 0.49858 0.000791216 0.000791216
0.50099 0.49901 0.000769485 0.000769485
0.50075 0.49925 0.00078223 0.00078223
0.50037 0.49963 0.000806821 0.000806821
0.50039 0.49961 0.000815796 0.000815796
0.50097 0.49903 0.000813221 0.000813221
0.50167 0.49833 0.000877738 0.000877738
0.50189 0.49811 0.000912402 0.000912402
0.50277 0.49723 0.000923553 0.000923553
0.50234 0.49766 0.000910631 0.000910631
0.50053 0.49947 0.000895019 0.000895019
0.50065 0.49935 0.000860472 0.000860472
0.50009 0.49991 0.000850709 0.000850709
0.50025 0.49975 0.000840795 0.000840795
0.50058 0.49942 0.000859943 0.000859943
0.50042 0.49958 0.000881337 0.000881337
0.50102 0.49898 0.000844363 0.000844363
0.50088 0.49912 0.000838248 0.000838248
0.502 0.498 0.000836424 0.000836424
0.50201 0.49799 0.000862353 0.000862353
0.50172 0.49828 0.000885416 0.000885416
0.50181 0.49819 0.000878822 0.000878822
0.5017 0.4983 0.000901869 0.000901869
0.50206 0.49794 0.000907734 0.000907734
0.50109 0.49891 0.000923214 0.000923214
0.5012 0.4988 0.000914727 0.000914727
0.50201 0.49799 0.000853222 0.000853222
0.50199 0.49801 0.00085805 0.00085805
0.50124 0.49876 0.000936709 0.000936709
0.50194 0.49806 0.000917875 0.000917875
0.50221 0.49779 0.00099245 0.00099245
0.5015 0.4985 0.000934859 0.000934859
0.50124 0.49876 0.000915336 0.000915336
0.50039 0.49961 0.000899675 0.000899675
0.50073 0.49927 0.000859209 0.000859209
0.50012 0.49988 0.000779097 0.000779097
0.501 0.499 0.000716667 0.000716667
0.50205 0.49795 0.000692816 0.000692816
0.50167 0.49833 0.00068691 0.00068691
0.5027 0.4973 0.000683141 0.000683141
0.50242 0.49758 0.000671862 0.000671862
0.50187 0.49813 0.000627286 0.000627286
0.50286 0.49714 0.000628384 0.000628384
0.50208 0.49792 0.000632115 0.000632115
0.50231 0.49769 0.000688721 0.000688721
0.50225 0.49775 0.000662088 0.000662088
0.50321 0.49679 0.000746834 0.000746834
0.50372 0.49628 0.000765173 0.000765173
0.50362 0.49638 0.000776703 0.000776703
0.50343 0.49657 0.000842066 0.000842066
0.50314 0.49686 0.000835374 0.000835374
0.50378 0.49622 0.000788739 0.000788739
0.50354 0.49646 0.000736493 0.000736493
0.50346 0.49654 0.000786231 0.000786231
0.50397 0.49603 0.000823686 0.000823686
0.5029 0.4971 0.00081902 0.00081902
0.50238 0.49762 0.000798561 0.000798561
0.50165 0.49835 0.000792513 0.000792513
0.50143 0.49857 0.0008195 0.0008195
0.50114 0.49886 0.000820546 0.000820546
0.50092 0.49908 0.000857569 0.000857569
0.50118 0.49882 0.000870977 0.000870977
0.50088 0.49912 0.000837864 0.000837864
0.50216 0.49784 0.000822621 0.000822621
0.50186 0.49814 0.000788829 0.000788829
0.50165 0.49835 0.000784654 0.000784654
0.50104 0.49896 0.00077618 0.00077618
0.50102 0.49898 0.000825899 0.000825899
0.50087 0.49913 0.000760498 0.000760498
0.50161 0.49839 0.000776362 0.000776362
0.50234 0.49766 0.000777459 0.000777459
0.50201 0.49799 0.000790353 0.000790353
0.50242 0.49758 0.000819196 0.000819196
0.50322 0.49678 0.000820678 0.000820678
0.50299 0.49701 0.000831707 0.000831707
0.50423 0.49577 0.000857149 0.000857149
0.50282 0.49718 0.000826513 0.000826513
0.50242 0.49758 0.000837357 0.000837357
0.50221 0.49779 0.000843683 0.000843683
0.50218 0.49782 0.000889179 0.000889179
0.50215 0.49785 0.000934371 0.000934371
0.50209 0.49791 0.000935052 0.000935052
0.50162 0.49838 0.000942299 0.000942299
0.50151 0.49849 0.000937424 0.000937424
0.50176 0.49824 0.000907437 0.000907437
0.50175 0.49825 0.000897563 0.000897563
0.50348 0.49652 0.000905565 0.000905565
0.50419 0.49581 0.000882883 0.000882883
0.5039 0.4961 0.000936778 0.000936778
0.50403 0.49597 0.000929464 0.000929464
0.50378 0.49622 0.000946476 0.000946476
0.50277 0.49723 0.000976765 0.000976765
0.50303 0.49697 0.000949605 0.000949605
0.50265 0.49735 0.000936957 0.000936957
0.50235 0.49765 0.000915442 0.000915442
0.5016 0.4984 0.000887051 0.000887051
0.502 0.498 0.000954 0.000954
0.50163 0.49837 0.000917629 0.000917629
0.50149 0.49851 0.000930192 0.000930192
0.50104 0.49896 0.000908423 0.000908423
0.50086 0.49914 0.000903213 0.000903213
0.50086 0.49914 0.000912647 0.000912647
0.50108 0.49892 0.000895691 0.000895691
0.50181 0.49819 0.000892115 0.000892115
0.50173 0.49827 0.00084325 0.00084325
0.50213 0.49787 0.000831124 0.000831124
0.50165 0.49835 0.000840715 0.000840715
0.50107 0.49893 0.000871965 0.000871965
0.50167 0.49833 0.000823779 0.000823779
0.50193 0.49807 0.000813056 0.000813056
0.50182 0.49818 0.000846553 0.000846553
0.50196 0.49804 0.000857615 0.000857615
0.50176 0.49824 0.000862305 0.000862305
0.5019 0.4981 0.000838798 0.000838798
0.50113 0.49887 0.000833953 0.000833953
0.50036 0.49964 0.000880435 0.000880435
0.50001 0.49999 0.00093104 0.00093104
0.49934 0.50066 0.000892994 0.000892994
0.50009 0.49991 0.000812871 0.000812871
0.49996 0.50004 0.000885958 0.000885958
0.50018 0.49982 0.000907765 0.000907765
0.50015 0.49985 0.000901563 0.000901563
0.5012 0.4988 0.000860202 0.000860202
0.50077 0.49923 0.00089525 0.00089525
0.50118 0.49882 0.000844897 0.000844897
0.50166 0.49834 0.000840146 0.000840146
0.50117 0.49883 0.000875456 0.000875456
0.50073 0.49927 0.000899088 0.000899088
0.50103 0.49897 0.000932736 0.000932736
0.50105 0.49895 0.000946068 0.000946068
0.50134 0.49866 0.000940287 0.000940287
0.50153 0.49847 0.000891484 0.000891484
0.50104 0.49896 0.000889594 0.000889594
0.50002 0.49998 0.000894707 0.000894707
0.50092 0.49908 0.0008366 0.0008366
0.50044 0.49956 0.000800168 0.000800168
0.50076 0.49924 0.000805154 0.000805154
0.50054 0.49946 0.000824897 0.000824897
0.50103 0.49897 0.000870736 0.000870736
0.50134 0.49866 0.00083453 0.00083453
0.50283 0.49717 0.000849052 0.000849052
0.50245 0.49755 0.000847058 0.000847058
0.50276 0.49724 0.000878548 0.000878548
0.50276 0.49724 0.000851013 0.000851013
0.50301 0.49699 0.000802515 0.000802515
0.50271 0.49729 0.000788269 0.000788269
0.50276 0.49724 0.000784366 0.000784366
0.50255 0.49745 0.000800836 0.000800836
0.5021 0.4979 0.00086397 0.00086397
0.50189 0.49811 0.000841452 0.000841452
0.50183 0.49817 0.000777718 0.000777718
0.50272 0.49728 0.000780769 0.000780769
0.50264 0.49736 0.00078399 0.00078399
0.50337 0.49663 0.000784599 0.000784599
0.50246 0.49754 0.000771483 0.000771483
0.5034 0.4966 0.00077002 0.00077002
0.5029 0.4971 0.000764192 0.000764192
0.50291 0.49709 0.000764063 0.000764063
0.50347 0.49653 0.000775282 0.000775282
0.50331 0.49669 0.000757953 0.000757953
0.50303 0.49697 0.00078805 0.00078805
0.50207 0.49793 0.000780934 0.000780934
0.50118 0.49882 0.000814998 0.000814998
0.50129 0.49871 0.00081243 0.00081243
0.50047 0.49953 0.000824736 0.000824736
0.50003 0.49997 0.000795343 0.000795343
0.50088 0.49912 0.000826571 0.000826571
0.50114 0.49886 0.000785455 0.000785455
0.50059 0.49941 0.000822103 0.000822103
0.50009 0.49991 0.000845376 0.000845376
0.49991 0.50009 0.000833275 0.000833275
0.50004 0.49996 0.000840019 0.000840019
0.50083 0.49917 0.000843294 0.000843294
0.50022 0.49978 0.000860173 0.000860173
0.50043 0.49957 0.000867258 0.000867258
0.50075 0.49925 0.000876937 0.000876937
0.50099 0.49901 0.000890293 0.000890293
0.50083 0.49917 0.000841274 0.000841274
0.50071 0.49929 0.000850753 0.000850753
0.50046 0.49954 0.000859241 0.000859241
0.50053 0.49947 0.000871363 0.000871363
0.50083 0.49917 0.000849718 0.000849718
0.50124 0.49876 0.000882588 0.000882588
0.50105 0.49895 0.000852432 0.000852432
0.50098 0.49902 0.000829454 0.000829454
0.50239 0.49761 0.000829331 0.000829331
0.50225 0.49775 0.000848412 0.000848412
0.50265 0.49735 0.000747785 0.000747785
0.50286 0.49714 0.000802344 0.000802344
0.50317 0.49683 0.00084786 0.00084786
0.50322 0.49678 0.000827931 0.000827931
0.50279 0.49721 0.000821703 0.000821703
0.50261 0.49739 0.000825897 0.000825897
0.5024 0.4976 0.000823374 0.000823374
0.50228 0.49772 0.000809638 0.000809638
0.50197 0.49803 0.000865686 0.000865686
0.50232 0.49768 0.000886543 0.000886543
0.50256 0.49744 0.000916976 0.000916976
0.50211 0.49789 0.000917654 0.000917654
0.50203 0.49797 0.000982353 0.000982353
0.50287 0.49713 0.000933872 0.000933872
0.50267 0.49733 0.000907274 0.000907274
0.50172 0.49828 0.000946385 0.000946385
0.50151 0.49849 0.000919485 0.000919485
0.50103 0.49897 0.0008991 0.0008991
0.5011 0.4989 0.000908515 0.000908515
0.50165 0.49835 0.000962149 0.000962149
0.50159 0.49841 0.000980002 0.000980002
