0.48318 0.51682 0.000277402 0.000277402
0.46707 0.53293 0.000967056 0.000967056
0.45261 0.54739 0.00199735 0.00199735
0.43868 0.56132 0.00310751 0.00310751
0.42606 0.57394 0.0044102 0.0044102
0.41477 0.58523 0.00574327 0.00574327
0.40485 0.59515 0.00699017 0.00699017
0.39658 0.60342 0.00844146 0.00844146
0.38803 0.61197 0.00969189 0.00969189
0.38125 0.61875 0.0108498 0.0108498
0.37431 0.62569 0.0120153 0.0120153
0.36803 0.63197 0.0129959 0.0129959
0.36331 0.63669 0.0139371 0.0139371
0.35844 0.64156 0.0148654 0.0148654
0.35446 0.64554 0.0158508 0.0158508
0.35008 0.64992 0.0165371 0.0165371
0.34623 0.65377 0.0172926 0.0172926
0.34312 0.65688 0.0179186 0.0179186
0.34067 0.65933 0.0187656 0.0187656
0.3385 0.6615 0.019402 0.019402
0.33576 0.66424 0.0197683 0.0197683
0.33328 0.66672 0.0201487 0.0201487
0.33129 0.66871 0.0205532 0.0205532
0.32964 0.67036 0.0209175 0.0209175
0.32798 0.67202 0.0213008 0.0213008
0.32633 0.67367 0.0215666 0.0215666
0.32523 0.67477 0.0216882 0.0216882
0.32367 0.67633 0.0218612 0.0218612
0.32221 0.67779 0.0221517 0.0221517
0.32128 0.67872 0.0224091 0.0224091
0.3205 0.6795 0.0226004 0.0226004
0.31999 0.68001 0.022886 0.022886
0.31924 0.68076 0.0230333 0.0230333
0.31872 0.68128 0.023216 0.023216
0.31851 0.68149 0.0234478 0.0234478
0.31776 0.68224 0.0234624 0.0234624
0.31699 0.68301 0.023468 0.023468
0.31625 0.68375 0.0235999 0.0235999
0.31573 0.68427 0.0236161 0.0236161
0.31539 0.68461 0.0236607 0.0236607
0.31536 0.68464 0.0237608 0.0237608
0.31474 0.68526 0.0238326 0.0238326
0.3143 0.6857 0.0238752 0.0238752
0.31398 0.68602 0.0240316 0.0240316
0.31372 0.68628 0.0240487 0.0240487
0.31365 0.68635 0.0240531 0.0240531
0.31325 0.68675 0.023992 0.023992
0.31325 0.68675 0.0240416 0.0240416
0.3132 0.6868 0.0241235 0.0241235
0.31332 0.68668 0.0241994 0.0241994
0.31322 0.68678 0.0241333 0.0241333
0.31344 0.68656 0.0242601 0.0242601
0.31315 0.68685 0.0242522 0.0242523
0.31275 0.68725 0.0241413 0.0241413
0.31263 0.68737 0.0242039 0.0242039
0.31268 0.68732 0.0242331 0.0242331
0.31222 0.68778 0.0241263 0.0241263
0.31192 0.68808 0.0240581 0.0240581
0.31154 0.68846 0.0240808 0.0240808
0.31193 0.68807 0.024196 0.024196
0.31197 0.68803 0.0242737 0.0242737
0.31198 0.68802 0.0242854 0.0242854
0.31168 0.68832 0.0242525 0.0242525
0.31139 0.68861 0.0241956 0.0241956
0.31135 0.68865 0.0242155 0.0242155
0.31109 0.68891 0.0240766 0.0240766
0.31107 0.68893 0.0240462 0.0240462
0.31137 0.68863 0.024093 0.024093
0.31124 0.68876 0.0240594 0.0240594
0.31117 0.68883 0.0240872 0.0240872
0.31144 0.68856 0.0241254 0.0241254
0.31139 0.68861 0.0240983 0.0240983
0.31127 0.68873 0.024017 0.024017
0.31162 0.68838 0.0240616 0.0240616
0.31141 0.68859 0.0239739 0.0239739
0.31122 0.68878 0.0239312 0.0239312
0.3113 0.6887 0.0239376 0.0239376
0.31106 0.68894 0.0238303 0.0238303
0.31099 0.68901 0.0237747 0.0237747
0.3109 0.6891 0.0238031 0.0238031
0.31083 0.68917 0.0238551 0.0238551
0.31087 0.68913 0.0238876 0.0238876
0.31111 0.68889 0.0240007 0.0240007
0.31125 0.68875 0.0240268 0.0240268
0.31096 0.68904 0.0240238 0.0240238
0.31075 0.68925 0.0239898 0.0239898
0.3106 0.6894 0.0239923 0.0239923
0.31082 0.68918 0.0240246 0.0240246
0.31074 0.68926 0.0240081 0.0240081
0.31067 0.68933 0.0240298 0.0240298
0.31047 0.68953 0.0239603 0.0239603
0.31045 0.68955 0.0238934 0.0238934
0.31066 0.68934 0.0239367 0.0239367
0.31056 0.68944 0.0239098 0.0239098
0.3103 0.6897 0.0238849 0.0238849
0.30988 0.69012 0.0237918 0.0237918
0.30956 0.69044 0.0237408 0.0237408
0.30963 0.69037 0.0237764 0.0237764
0.3095 0.6905 0.0237817 0.0237817
0.30948 0.69052 0.023834 0.023834
0.30973 0.69027 0.0238627 0.0238627
0.30986 0.69014 0.0239463 0.0239463
0.30963 0.69037 0.0239556 0.0239556
0.30968 0.69032 0.0238684 0.0238684
0.30956 0.69044 0.0238623 0.0238623
0.30963 0.69037 0.023874 0.023874
0.30932 0.69068 0.0238713 0.0238713
0.30898 0.69102 0.0238061 0.0238061
0.30854 0.69146 0.0236791 0.0236791
0.30838 0.69162 0.0236235 0.0236235
0.30849 0.69151 0.0236279 0.0236279
0.30818 0.69182 0.0235677 0.0235677
0.30832 0.69168 0.0236357 0.0236357
0.30799 0.69201 0.0236447 0.0236447
0.30787 0.69213 0.0236216 0.0236216
0.308 0.692 0.0235733 0.0235733
0.30802 0.69198 0.0236163 0.0236163
0.30779 0.69221 0.0235598 0.0235598
0.30745 0.69255 0.0234734 0.0234734
0.3073 0.6927 0.0234025 0.0234025
0.30716 0.69284 0.0234207 0.0234207
0.307 0.693 0.0233579 0.0233579
0.3069 0.6931 0.0233379 0.0233379
0.30683 0.69317 0.0233531 0.0233531
0.30683 0.69317 0.0233259 0.0233259
0.30658 0.69342 0.0232996 0.0232996
0.307 0.693 0.0233134 0.0233134
0.30656 0.69344 0.0233063 0.0233063
0.30666 0.69334 0.0234552 0.0234552
0.30675 0.69325 0.0234592 0.0234592
0.30671 0.69329 0.023464 0.023464
0.3069 0.6931 0.0235624 0.0235624
0.30672 0.69328 0.0235896 0.0235896
0.30655 0.69345 0.0235521 0.0235521
0.30657 0.69343 0.0235198 0.0235198
0.30655 0.69345 0.0235668 0.0235668
0.30651 0.69349 0.0235882 0.0235882
0.30635 0.69365 0.0235107 0.0235107
0.3062 0.6938 0.0235456 0.0235456
0.30586 0.69414 0.0234706 0.0234706
0.30594 0.69406 0.0234915 0.0234915
0.30592 0.69408 0.0234779 0.0234779
0.30569 0.69431 0.0234844 0.0234844
0.30558 0.69442 0.0234669 0.0234669
0.30558 0.69442 0.023505 0.023505
0.30573 0.69427 0.0234486 0.0234486
0.30576 0.69424 0.0234817 0.0234817
0.30562 0.69438 0.0235295 0.0235295
0.30574 0.69426 0.023554 0.023554
0.3055 0.6945 0.0235146 0.0235146
0.30574 0.69426 0.0235466 0.0235466
0.30551 0.69449 0.0235195 0.0235195
0.3054 0.6946 0.0235409 0.0235409
0.30513 0.69487 0.0234656 0.0234656
0.30493 0.69507 0.0234511 0.0234511
0.30503 0.69497 0.0234364 0.0234364
0.30523 0.69477 0.0234337 0.0234337
0.30536 0.69464 0.0234829 0.0234829
0.30526 0.69474 0.0234707 0.0234707
0.3051 0.6949 0.0234544 0.0234544
0.305 0.695 0.0233643 0.0233643
0.30488 0.69512 0.0233758 0.0233758
0.30482 0.69518 0.0233537 0.0233537
0.30439 0.69561 0.0233743 0.0233743
0.30458 0.69542 0.0233782 0.0233782
0.30434 0.69566 0.0233618 0.0233618
0.30427 0.69573 0.0233776 0.0233776
0.30429 0.69571 0.0233682 0.0233682
0.304 0.696 0.0232734 0.0232734
0.30395 0.69605 0.0233192 0.0233192
0.30394 0.69606 0.0233472 0.0233472
0.30391 0.69609 0.0232958 0.0232958
0.3036 0.6964 0.0232642 0.0232642
0.3033 0.6967 0.0232186 0.0232186
0.30317 0.69683 0.0232808 0.0232808
0.30299 0.69701 0.0232813 0.0232813
0.30291 0.69709 0.0233287 0.0233287
0.30288 0.69712 0.0233482 0.0233482
0.30281 0.69719 0.0232685 0.0232685
0.30258 0.69742 0.0232525 0.0232525
0.30257 0.69743 0.0233341 0.0233341
0.30234 0.69766 0.0233461 0.0233461
0.30249 0.69751 0.0234137 0.0234137
0.30231 0.69769 0.0234893 0.0234893
0.30233 0.69767 0.0234882 0.0234882
0.30212 0.69788 0.0234529 0.0234529
0.30232 0.69768 0.0234713 0.0234713
0.30221 0.69779 0.0234934 0.0234934
0.30228 0.69772 0.0233999 0.0233999
0.30196 0.69804 0.0233594 0.0233594
0.30184 0.69816 0.023361 0.023361
0.30173 0.69827 0.0233703 0.0233703
0.3018 0.6982 0.0234389 0.0234389
0.30181 0.69819 0.0235285 0.0235285
0.30187 0.69813 0.0235927 0.0235927
0.30181 0.69819 0.0235749 0.0235749
0.30197 0.69803 0.0236162 0.0236162
0.30185 0.69815 0.0236414 0.0236414
0.30175 0.69825 0.0236515 0.0236515
0.30178 0.69822 0.0236195 0.0236195
0.30179 0.69821 0.0236635 0.0236635
0.30218 0.69782 0.0236877 0.0236877
0.30205 0.69795 0.0237007 0.0237007
0.30201 0.69799 0.0236307 0.0236307
0.30225 0.69775 0.0235828 0.0235828
0.30216 0.69784 0.0236158 0.0236158
0.30207 0.69793 0.0236369 0.0236369
0.30186 0.69814 0.0236541 0.0236541
0.30163 0.69837 0.0236484 0.0236484
0.30157 0.69843 0.023668 0.023668
0.30158 0.69842 0.0236847 0.0236847
0.30156 0.69844 0.023731 0.023731
0.30156 0.69844 0.0237374 0.0237374
0.30143 0.69857 0.023669 0.023669
0.30155 0.69845 0.0236332 0.0236332
0.30142 0.69858 0.0236574 0.0236574
0.30124 0.69876 0.0236789 0.0236789
0.301 0.699 0.0236324 0.0236324
0.30116 0.69884 0.0236282 0.0236282
0.30103 0.69897 0.0236503 0.0236503
0.30104 0.69896 0.0236374 0.0236374
0.30117 0.69883 0.0236709 0.0236709
0.30126 0.69874 0.0237343 0.0237343
0.30102 0.69898 0.0237194 0.0237194
0.30094 0.69906 0.023697 0.023697
0.30085 0.69915 0.023633 0.023633
0.30066 0.69934 0.0236327 0.0236327
0.30042 0.69958 0.0236463 0.0236463
0.30031 0.69969 0.0236695 0.0236695
0.30013 0.69987 0.0236372 0.0236372
0.30015 0.69985 0.0236252 0.0236252
0.30018 0.69982 0.0236645 0.0236645
0.30041 0.69959 0.0237502 0.0237502
0.30039 0.69961 0.0237805 0.0237805
0.30033 0.69967 0.0237977 0.0237977
0.30017 0.69983 0.0237968 0.0237968
0.30046 0.69954 0.0238608 0.0238608
0.30052 0.69948 0.0238788 0.0238788
0.30067 0.69933 0.0238982 0.0238982
0.30062 0.69938 0.0238926 0.0238926
0.30063 0.69937 0.0239423 0.0239423
0.30066 0.69934 0.0239239 0.0239239
0.30034 0.69966 0.0238862 0.0238862
0.30029 0.69971 0.0238897 0.0238897
0.30019 0.69981 0.0238946 0.0238946
0.29999 0.70001 0.0238584 0.0238584
0.29995 0.70005 0.023838 0.023838
0.29974 0.70026 0.0237588 0.0237588
0.29973 0.70027 0.0237537 0.0237537
0.29976 0.70024 0.0237641 0.0237641
0.29951 0.70049 0.0237256 0.0237256
0.29959 0.70041 0.0237412 0.0237412
0.29973 0.70027 0.0237773 0.0237773
0.29993 0.70007 0.0238433 0.0238433
0.29985 0.70015 0.0238469 0.0238469
0.29999 0.70001 0.0238714 0.0238714
0.29988 0.70012 0.0238319 0.0238319
0.29989 0.70011 0.0238533 0.0238533
0.30003 0.69997 0.0238999 0.0238999
0.29987 0.70013 0.0238851 0.0238851
0.29988 0.70012 0.0238445 0.0238445
0.29964 0.70036 0.0238063 0.0238063
0.29959 0.70041 0.0238221 0.0238221
0.29966 0.70034 0.0238747 0.0238747
0.29963 0.70037 0.0238988 0.0238988
0.29965 0.70035 0.0239116 0.0239116
0.2995 0.7005 0.0238486 0.0238486
0.29939 0.70061 0.0238479 0.0238479
0.29938 0.70062 0.0238348 0.0238348
0.29939 0.70061 0.0238742 0.0238742
0.29936 0.70064 0.0238838 0.0238838
0.29931 0.70069 0.0238898 0.0238898
0.29943 0.70057 0.0238611 0.0238611
0.29943 0.70057 0.02388 0.02388
0.29918 0.70082 0.0238882 0.0238882
0.29912 0.70088 0.023867 0.023867
0.29915 0.70085 0.0239139 0.0239139
0.29914 0.70086 0.0239777 0.0239777
0.29918 0.70082 0.0239977 0.0239977
0.29922 0.70078 0.0240646 0.0240646
0.29897 0.70103 0.0240147 0.0240147
0.29905 0.70095 0.0240592 0.0240592
0.299 0.701 0.0240625 0.0240625
0.29907 0.70093 0.0240464 0.0240464
0.29906 0.70094 0.0240589 0.0240589
0.29907 0.70093 0.0240755 0.0240755
0.29902 0.70098 0.0240462 0.0240462
0.29898 0.70102 0.02406 0.02406
0.2989 0.7011 0.0240862 0.0240862
0.29876 0.70124 0.0240527 0.0240527
0.29866 0.70134 0.024081 0.024081
0.29869 0.70131 0.0240554 0.0240554
0.29878 0.70122 0.0241072 0.0241072
0.29878 0.70122 0.0240683 0.0240683
0.29885 0.70115 0.0240744 0.0240744
0.29882 0.70118 0.0240091 0.0240091
0.29883 0.70117 0.0240183 0.0240183
0.29858 0.70142 0.023974 0.023974
0.29855 0.70145 0.0239682 0.0239682
0.29878 0.70122 0.0239718 0.0239718
0.2987 0.7013 0.0239098 0.0239098
0.29885 0.70115 0.0239429 0.0239429
0.29886 0.70114 0.0239403 0.0239403
0.2988 0.7012 0.0238964 0.0238964
0.29875 0.70125 0.0239151 0.0239151
0.29869 0.70131 0.0239488 0.0239488
0.29885 0.70115 0.0240455 0.0240455
0.29877 0.70123 0.0240579 0.0240579
0.2987 0.7013 0.0240535 0.0240535
0.29863 0.70137 0.0240663 0.0240663
0.29872 0.70128 0.0240614 0.0240614
0.29862 0.70138 0.0240563 0.0240563
0.29879 0.70121 0.0240692 0.0240692
0.29881 0.70119 0.0240672 0.0240672
0.29868 0.70132 0.0241392 0.0241392
0.29867 0.70133 0.0241369 0.0241369
0.29863 0.70137 0.0241445 0.0241445
0.29854 0.70146 0.024183 0.024183
0.29848 0.70152 0.0241767 0.0241767
0.29852 0.70148 0.0241486 0.0241486
0.29864 0.70136 0.0241481 0.0241481
0.2986 0.7014 0.0240982 0.0240982
0.29872 0.70128 0.0241191 0.0241191
0.29858 0.70142 0.0240727 0.0240727
0.29862 0.70138 0.0239844 0.0239844
0.29839 0.70161 0.0239781 0.0239781
0.29851 0.70149 0.0239643 0.0239643
0.29847 0.70153 0.0239659 0.0239659
0.29846 0.70154 0.0239317 0.0239317
0.29859 0.70141 0.0239437 0.0239437
0.29864 0.70136 0.0239037 0.0239037
0.29859 0.70141 0.0239423 0.0239423
0.29852 0.70148 0.0239266 0.0239266
0.29841 0.70159 0.0238945 0.0238945
0.29847 0.70153 0.0238893 0.0238893
0.29843 0.70157 0.0238819 0.0238819
0.29836 0.70164 0.0238386 0.0238386
0.29854 0.70146 0.023873 0.023873
0.29869 0.70131 0.0238931 0.0238931
0.29863 0.70137 0.0239102 0.0239102
0.29855 0.70145 0.0239223 0.0239223
0.29842 0.70158 0.023911 0.023911
0.29846 0.70154 0.0239429 0.0239429
0.29863 0.70137 0.0239328 0.0239328
0.29846 0.70154 0.0239035 0.0239035
0.29838 0.70162 0.0239122 0.0239122
0.2983 0.7017 0.0239215 0.0239215
0.29818 0.70182 0.0239288 0.0239288
0.29815 0.70185 0.0238815 0.0238815
0.29795 0.70205 0.0238972 0.0238972
0.29809 0.70191 0.023941 0.023941
0.29821 0.70179 0.0239378 0.0239378
0.2982 0.7018 0.0239256 0.0239256
0.29809 0.70191 0.0239134 0.0239134
0.29821 0.70179 0.0239055 0.0239055
0.29809 0.70191 0.0239181 0.0239181
0.29821 0.70179 0.0239062 0.0239062
0.29815 0.70185 0.0239009 0.0239009
0.29808 0.70192 0.0239986 0.0239986
0.29806 0.70194 0.023948 0.023948
0.29794 0.70206 0.023955 0.023955
0.29793 0.70207 0.0239201 0.0239201
0.29803 0.70197 0.0239418 0.0239418
0.29805 0.70195 0.0239792 0.0239792
0.29805 0.70195 0.0240131 0.0240131
0.29783 0.70217 0.0239722 0.0239722
0.29778 0.70222 0.0239792 0.0239792
0.2976 0.7024 0.0239966 0.0239966
0.29774 0.70226 0.0240298 0.0240298
0.29777 0.70223 0.0240245 0.0240245
0.2978 0.7022 0.0240173 0.0240173
0.29793 0.70207 0.0240196 0.0240196
0.29786 0.70214 0.0240402 0.0240402
0.29798 0.70202 0.0240252 0.0240252
0.29801 0.70199 0.0240105 0.0240105
0.29807 0.70193 0.0240282 0.0240282
0.29791 0.70209 0.0240323 0.0240323
0.29801 0.70199 0.0240165 0.0240165
0.29796 0.70204 0.0240181 0.0240181
0.29793 0.70207 0.023991 0.023991
0.29778 0.70222 0.0239311 0.0239311
0.29784 0.70216 0.0239461 0.0239461
0.29815 0.70185 0.0239931 0.0239931
0.29818 0.70182 0.0239895 0.0239895
0.29825 0.70175 0.0240198 0.0240198
0.29825 0.70175 0.02405 0.02405
0.29823 0.70177 0.0240306 0.0240306
0.29821 0.70179 0.0240496 0.0240496
0.29813 0.70187 0.0240382 0.0240382
0.29816 0.70184 0.0240226 0.0240226
0.29827 0.70173 0.0240387 0.0240387
0.29815 0.70185 0.0240078 0.0240078
0.29816 0.70184 0.0239912 0.0239912
0.29816 0.70184 0.0240603 0.0240603
0.29809 0.70191 0.0240752 0.0240752
0.29799 0.70201 0.0240392 0.0240392
0.29809 0.70191 0.024065 0.024065
0.29801 0.70199 0.0240538 0.0240538
0.29804 0.70196 0.024101 0.024101
0.29808 0.70192 0.0240899 0.0240899
0.29799 0.70201 0.0241265 0.0241265
0.2979 0.7021 0.0240741 0.0240741
0.29823 0.70177 0.02412 0.02412
0.29832 0.70168 0.0241183 0.0241183
0.29824 0.70176 0.024095 0.024095
0.29818 0.70182 0.0241156 0.0241156
0.29802 0.70198 0.0240984 0.0240984
0.29805 0.70195 0.0241553 0.0241553
0.2982 0.7018 0.0241712 0.0241712
0.29838 0.70162 0.0241944 0.0241944
0.29837 0.70163 0.0241743 0.0241743
0.29829 0.70171 0.0241812 0.0241812
0.29819 0.70181 0.024124 0.024124
0.29815 0.70185 0.0240773 0.0240773
0.29816 0.70184 0.0240683 0.0240683
0.2981 0.7019 0.0240948 0.0240948
0.29791 0.70209 0.0241016 0.0241016
0.29801 0.70199 0.0241245 0.0241245
0.29808 0.70192 0.0241358 0.0241358
0.29815 0.70185 0.0241474 0.0241474
0.29807 0.70193 0.0241578 0.0241578
0.29805 0.70195 0.0241747 0.0241747
0.29795 0.70205 0.02416 0.02416
0.29797 0.70203 0.0241908 0.0241908
0.29793 0.70207 0.02418 0.02418
0.2979 0.7021 0.0241651 0.0241651
0.29785 0.70215 0.024121 0.024121
0.29773 0.70227 0.0241817 0.0241817
0.29766 0.70234 0.0241633 0.0241633
0.29775 0.70225 0.0241266 0.0241266
0.29787 0.70213 0.02418 0.02418
0.29797 0.70203 0.0241223 0.0241223
0.29789 0.70211 0.024134 0.024134
0.29776 0.70224 0.0241513 0.0241513
0.2979 0.7021 0.0241493 0.0241493
0.29799 0.70201 0.0241831 0.0241831
0.29797 0.70203 0.0241816 0.0241816
0.29804 0.70196 0.0241697 0.0241697
0.29802 0.70198 0.0241414 0.0241414
0.29789 0.70211 0.0241008 0.0241008
0.2979 0.7021 0.0240955 0.0240955
0.29799 0.70201 0.0240945 0.0240945
0.2978 0.7022 0.0240896 0.0240896
0.29784 0.70216 0.0241006 0.0241006
0.29793 0.70207 0.0241493 0.0241493
0.29815 0.70185 0.0242087 0.0242087
0.2981 0.7019 0.0241923 0.0241923
0.29824 0.70176 0.0242165 0.0242165
0.29813 0.70187 0.0242058 0.0242058
0.29818 0.70182 0.0242582 0.0242582
0.29813 0.70187 0.0242079 0.0242079
0.29799 0.70201 0.0241544 0.0241544
0.29787 0.70213 0.0241187 0.0241187
0.29778 0.70222 0.024109 0.024109
0.29786 0.70214 0.0241345 0.0241345
0.29786 0.70214 0.0241159 0.0241159
0.29773 0.70227 0.0240998 0.0240998
0.29762 0.70238 0.024079 0.024079
0.29759 0.70241 0.0240945 0.0240945
0.29757 0.70243 0.0241077 0.0241077
0.29751 0.70249 0.024135 0.024135
0.29768 0.70232 0.0241673 0.0241673
0.29784 0.70216 0.0241572 0.0241572
0.29791 0.70209 0.0241885 0.0241885
0.29785 0.70215 0.0242188 0.0242188
0.29791 0.70209 0.0242468 0.0242468
0.29779 0.70221 0.0242289 0.0242289
0.2978 0.7022 0.0242241 0.0242241
0.29786 0.70214 0.0242224 0.0242224
0.29785 0.70215 0.0242448 0.0242448
0.29783 0.70217 0.0242686 0.0242686
0.29769 0.70231 0.0241876 0.0241876
0.29759 0.70241 0.0242 0.0242
0.29758 0.70242 0.0241576 0.0241576
0.29739 0.70261 0.0241596 0.0241596
0.2974 0.7026 0.02417 0.02417
0.29753 0.70247 0.0242276 0.0242276
0.29758 0.70242 0.024231 0.024231
0.29759 0.70241 0.0242307 0.0242307
0.2976 0.7024 0.0242377 0.0242377
0.29777 0.70223 0.0242386 0.0242386
0.29771 0.70229 0.0241897 0.0241897
0.29777 0.70223 0.0241874 0.0241874
0.29772 0.70228 0.0242052 0.0242052
0.29767 0.70233 0.0242052 0.0242052
0.29763 0.70237 0.0241932 0.0241932
0.29773 0.70227 0.0242192 0.0242192
0.2978 0.7022 0.0242452 0.0242452
0.29761 0.70239 0.0242659 0.0242659
0.2976 0.7024 0.0243322 0.0243322
0.29744 0.70256 0.0243487 0.0243487
0.29756 0.70244 0.0243389 0.0243389
0.2976 0.7024 0.0243147 0.0243147
0.29763 0.70237 0.0242968 0.0242968
0.29757 0.70243 0.0242629 0.0242629
0.29754 0.70246 0.0242915 0.0242915
0.29745 0.70255 0.0242892 0.0242892
0.29747 0.70253 0.0243173 0.0243173
0.29745 0.70255 0.0242906 0.0242906
0.29736 0.70264 0.0243417 0.0243417
