0.50025 0.49975 1.2654e-05 1.2654e-05
0.50095 0.49905 2.33813e-05 2.33813e-05
0.49995 0.50005 4.47146e-05 4.47146e-05
0.49992 0.50008 6.08622e-05 6.08622e-05
0.49954 0.50046 6.85539e-05 6.85539e-05
0.49941 0.50059 7.20423e-05 7.20423e-05
0.49941 0.50059 7.34565e-05 7.34565e-05
0.4994 0.5006 7.71515e-05 7.71515e-05
0.49951 0.50049 7.90605e-05 7.90605e-05
0.50007 0.49993 8.10961e-05 8.10961e-05
0.4999 0.5001 9.1303e-05 9.1303e-05
0.49956 0.50044 9.18246e-05 9.18246e-05
0.49914 0.50086 0.00011394 0.00011394
0.49888 0.50112 0.00011647 0.00011647
0.49927 0.50073 0.000141169 0.000141169
0.49949 0.50051 0.000135747 0.000135747
0.4992 0.5008 0.00012697 0.00012697
0.49955 0.50045 0.000130351 0.000130351
0.49953 0.50047 0.000137827 0.000137827
0.49978 0.50022 0.000128032 0.000128032
0.50004 0.49996 0.000129291 0.000129291
0.49989 0.50011 0.000146523 0.000146523
0.49971 0.50029 0.000135198 0.000135198
0.49961 0.50039 0.000132341 0.000132341
0.49988 0.50012 0.000123097 0.000123097
0.49979 0.50021 0.000117743 0.000117743
0.50009 0.49991 0.000116871 0.000116871
0.50036 0.49964 0.000125 0.000125
0.50061 0.49939 0.000136321 0.000136321
0.50056 0.49944 0.000143522 0.000143522
0.49997 0.50003 0.000143221 0.000143221
0.49972 0.50028 0.000139901 0.000139901
0.49928 0.50072 0.000137396 0.000137396
0.49858 0.50142 0.000139418 0.000139418
0.49893 0.50107 0.000136207 0.000136207
0.49896 0.50104 0.000137938 0.000137938
0.49862 0.50138 0.000140157 0.000140157
0.49911 0.50089 0.000131897 0.000131897
0.49853 0.50147 0.000136878 0.000136878
0.49905 0.50095 0.000148129 0.000148129
0.49928 0.50072 0.000149557 0.000149557
0.49937 0.50063 0.000147791 0.000147791
0.49917 0.50083 0.000149617 0.000149617
0.49946 0.50054 0.000151099 0.000151099
0.49966 0.50034 0.000146489 0.000146489
0.49964 0.50036 0.000132778 0.000132778
0.50042 0.49958 0.000131983 0.000131983
0.50004 0.49996 0.000121534 0.000121534
0.50025 0.49975 0.000122432 0.000122432
0.50011 0.49989 0.0001302 0.0001302
0.5004 0.4996 0.000126848 0.000126848
0.50058 0.49942 0.000143903 0.000143903
0.5008 0.4992 0.000148141 0.000148141
0.50055 0.49945 0.000156715 0.000156715
0.50055 0.49945 0.000169664 0.000169664
0.50021 0.49979 0.000169016 0.000169016
0.49987 0.50013 0.000163468 0.000163468
0.50046 0.49954 0.000174655 0.000174655
0.50001 0.49999 0.000159303 0.000159303
0.50005 0.49995 0.000149745 0.000149745
0.50037 0.49963 0.000141387 0.000141387
0.50022 0.49978 0.000158072 0.000158072
0.49994 0.50006 0.000147673 0.000147673
0.49912 0.50088 0.000149521 0.000149521
0.49966 0.50034 0.000147156 0.000147156
0.4996 0.5004 0.000156141 0.000156141
0.49968 0.50032 0.000166765 0.000166765
0.50007 0.49993 0.000180692 0.000180692
0.50063 0.49937 0.00018565 0.00018565
0.50032 0.49968 0.000189452 0.000189452
0.49988 0.50012 0.000185723 0.000185723
0.50062 0.49938 0.000177874 0.000177874
0.50039 0.49961 0.000180402 0.000180402
0.49973 0.50027 0.000181452 0.000181452
0.50039 0.49961 0.00018323 0.00018323
0.50014 0.49986 0.000169576 0.000169576
0.50014 0.49986 0.000160364 0.000160364
0.50004 0.49996 0.000169372 0.000169372
0.50038 0.49962 0.000161612 0.000161612
0.50007 0.49993 0.000163945 0.000163945
0.50036 0.49964 0.000176879 0.000176879
0.50033 0.49967 0.000162749 0.000162749
0.50035 0.49965 0.000176775 0.000176775
0.49954 0.50046 0.000167766 0.000167766
0.49969 0.50031 0.000151044 0.000151044
0.49962 0.50038 0.000149854 0.000149854
0.49962 0.50038 0.000138824 0.000138824
0.49988 0.50012 0.00015946 0.00015946
0.4992 0.5008 0.00015897 0.00015897
0.49929 0.50071 0.000158067 0.000158067
0.49956 0.50044 0.000157804 0.000157804
0.49996 0.50004 0.000163736 0.000163736
0.49963 0.50037 0.000163872 0.000163872
0.49935 0.50065 0.000151927 0.000151927
0.49892 0.50108 0.000170175 0.000170175
0.49916 0.50084 0.000190419 0.000190419
0.4995 0.5005 0.000186939 0.000186939
0.49918 0.50082 0.000189644 0.000189644
0.49929 0.50071 0.000191279 0.000191279
0.49931 0.50069 0.000200196 0.000200196
0.49972 0.50028 0.000199032 0.000199032
0.49997 0.50003 0.000195625 0.000195625
0.49978 0.50022 0.000192214 0.000192214
0.49923 0.50077 0.000190623 0.000190623
0.49914 0.50086 0.000177152 0.000177152
0.49926 0.50074 0.000178336 0.000178336
0.4992 0.5008 0.000180626 0.000180626
0.49936 0.50064 0.000163909 0.000163909
0.49915 0.50085 0.000166755 0.000166755
0.49916 0.50084 0.000173307 0.000173307
0.49879 0.50121 0.000184551 0.000184551
0.49865 0.50135 0.000164977 0.000164977
0.49919 0.50081 0.00018064 0.00018064
0.49923 0.50077 0.000186118 0.000186118
0.49958 0.50042 0.000182024 0.000182024
0.49961 0.50039 0.000180685 0.000180685
0.50002 0.49998 0.000182565 0.000182565
0.49964 0.50036 0.000187404 0.000187404
0.49936 0.50064 0.000186859 0.000186859
0.49968 0.50032 0.000172018 0.000172018
0.50013 0.49987 0.000167973 0.000167973
0.50002 0.49998 0.000178484 0.000178484
0.49986 0.50014 0.000185798 0.000185798
0.49973 0.50027 0.000174522 0.000174522
0.49968 0.50032 0.000171412 0.000171412
0.49985 0.50015 0.000165058 0.000165058
0.4992 0.5008 0.000171172 0.000171172
0.4991 0.5009 0.000148333 0.000148333
0.49864 0.50136 0.000147707 0.000147707
0.49938 0.50062 0.000153551 0.000153551
0.49996 0.50004 0.000157756 0.000157756
0.49971 0.50029 0.000159723 0.000159723
0.49991 0.50009 0.000162305 0.000162305
0.50025 0.49975 0.000159705 0.000159705
0.50026 0.49974 0.000155184 0.000155184
0.49964 0.50036 0.000145606 0.000145606
0.50006 0.49994 0.000152178 0.000152178
0.49958 0.50042 0.000161418 0.000161418
0.49938 0.50062 0.000166703 0.000166703
0.49965 0.50035 0.000167199 0.000167199
0.49951 0.50049 0.000175323 0.000175323
0.4997 0.5003 0.000177061 0.000177061
0.4995 0.5005 0.000165586 0.000165586
0.49951 0.50049 0.000170353 0.000170353
0.49982 0.50018 0.000173523 0.000173523
0.49991 0.50009 0.000175032 0.000175032
0.50024 0.49976 0.000171376 0.000171376
0.49983 0.50017 0.000175799 0.000175799
0.49972 0.50028 0.000185618 0.000185618
0.50005 0.49995 0.000189503 0.000189503
0.50005 0.49995 0.000173139 0.000173139
0.50036 0.49964 0.00017593 0.00017593
0.50053 0.49947 0.000176433 0.000176433
0.50058 0.49942 0.000179579 0.000179579
0.50023 0.49977 0.000196058 0.000196058
0.50107 0.49893 0.000200248 0.000200248
0.50161 0.49839 0.000191028 0.000191028
0.50115 0.49885 0.000180472 0.000180472
0.50155 0.49845 0.000184068 0.000184068
0.50178 0.49822 0.000169406 0.000169406
0.50197 0.49803 0.000154817 0.000154817
0.50143 0.49857 0.000155177 0.000155177
0.50127 0.49873 0.000149593 0.000149593
0.5017 0.4983 0.000135909 0.000135909
0.50174 0.49826 0.000133528 0.000133528
0.50145 0.49855 0.000128775 0.000128775
0.50163 0.49837 0.000139448 0.000139448
0.50097 0.49903 0.000151201 0.000151201
0.50068 0.49932 0.000140361 0.000140361
0.49982 0.50018 0.000149684 0.000149684
0.49979 0.50021 0.000168188 0.000168188
0.50008 0.49992 0.000173004 0.000173004
0.49957 0.50043 0.000180631 0.000180631
0.49925 0.50075 0.000190614 0.000190614
0.49889 0.50111 0.000178665 0.000178665
0.49896 0.50104 0.00017915 0.00017915
0.49941 0.50059 0.000181315 0.000181315
0.49895 0.50105 0.000185301 0.000185301
0.49932 0.50068 0.000191149 0.000191149
0.49926 0.50074 0.000188841 0.000188841
0.49873 0.50127 0.00019731 0.00019731
0.49943 0.50057 0.000195763 0.000195763
0.49965 0.50035 0.000188412 0.000188412
0.49955 0.50045 0.000186957 0.000186957
0.49897 0.50103 0.000164575 0.000164575
0.49904 0.50096 0.000143554 0.000143554
0.49934 0.50066 0.000137782 0.000137782
0.49988 0.50012 0.000139844 0.000139844
0.49961 0.50039 0.000128644 0.000128644
0.50003 0.49997 0.000134736 0.000134736
0.49977 0.50023 0.000140805 0.000140805
0.49958 0.50042 0.000151398 0.000151398
0.49954 0.50046 0.000158695 0.000158695
0.49964 0.50036 0.000165909 0.000165909
0.4995 0.5005 0.000175 0.000175
0.49918 0.50082 0.000167381 0.000167381
0.49991 0.50009 0.000166204 0.000166204
0.50031 0.49969 0.000160297 0.000160297
0.50051 0.49949 0.000177343 0.000177343
0.50048 0.49952 0.000171848 0.000171848
0.50038 0.49962 0.000158177 0.000158177
0.5004 0.4996 0.000154303 0.000154303
0.50052 0.49948 0.000168535 0.000168535
0.50037 0.49963 0.000171306 0.000171306
0.50013 0.49987 0.000191124 0.000191124
0.5005 0.4995 0.000186354 0.000186354
0.49995 0.50005 0.000189907 0.000189907
0.49961 0.50039 0.000191877 0.000191877
0.50011 0.49989 0.000186624 0.000186624
0.50002 0.49998 0.000174727 0.000174727
0.50006 0.49994 0.000163976 0.000163976
0.4999 0.5001 0.000149323 0.000149323
0.50005 0.49995 0.000136452 0.000136452
0.5 0.5 0.000140626 0.000140626
0.50025 0.49975 0.000141583 0.000141583
0.50001 0.49999 0.00013805 0.00013805
0.49994 0.50006 0.000155552 0.000155552
0.49963 0.50037 0.000166155 0.000166155
0.49961 0.50039 0.000164058 0.000164058
0.49992 0.50008 0.00016761 0.00016761
0.50019 0.49981 0.000170095 0.000170095
0.50062 0.49938 0.000183066 0.000183066
0.50071 0.49929 0.000178471 0.000178471
0.50056 0.49944 0.000182269 0.000182269
0.50058 0.49942 0.000184428 0.000184428
0.50104 0.49896 0.000198322 0.000198322
0.50079 0.49921 0.000199663 0.000199663
0.50073 0.49927 0.000185977 0.000185977
0.50106 0.49894 0.000198501 0.000198501
0.50094 0.49906 0.000182703 0.000182703
0.50132 0.49868 0.000187614 0.000187614
0.50076 0.49924 0.000178225 0.000178225
0.50035 0.49965 0.000170513 0.000170513
0.5002 0.4998 0.000166081 0.000166081
0.5001 0.4999 0.000153323 0.000153323
0.49967 0.50033 0.000164425 0.000164425
0.50007 0.49993 0.000176409 0.000176409
0.49997 0.50003 0.000170211 0.000170211
0.49973 0.50027 0.00017129 0.00017129
0.49998 0.50002 0.000160787 0.000160787
0.50056 0.49944 0.000157582 0.000157582
0.50031 0.49969 0.000183145 0.000183145
0.49968 0.50032 0.000170381 0.000170381
0.50002 0.49998 0.000173313 0.000173313
0.4998 0.5002 0.000164485 0.000164485
0.50013 0.49987 0.000170801 0.000170801
0.49957 0.50043 0.00016853 0.00016853
0.49952 0.50048 0.00016605 0.00016605
0.49954 0.50046 0.00016217 0.00016217
0.49949 0.50051 0.00016003 0.00016003
0.4995 0.5005 0.000154778 0.000154778
0.49953 0.50047 0.000174029 0.000174029
0.50032 0.49968 0.000175109 0.000175109
0.50019 0.49981 0.000181933 0.000181933
0.5005 0.4995 0.000186394 0.000186394
0.50071 0.49929 0.000199844 0.000199844
0.50031 0.49969 0.000204539 0.000204539
0.50006 0.49994 0.000205653 0.000205653
0.50019 0.49981 0.000214822 0.000214822
0.49981 0.50019 0.000213852 0.000213852
0.49985 0.50015 0.000212957 0.000212957
0.50069 0.49931 0.000185267 0.000185267
0.50026 0.49974 0.000178235 0.000178235
0.49923 0.50077 0.000178219 0.000178219
0.49918 0.50082 0.000186371 0.000186371
0.49938 0.50062 0.000193955 0.000193955
0.49908 0.50092 0.000207084 0.000207084
0.49924 0.50076 0.000195356 0.000195356
0.49951 0.50049 0.000200535 0.000200535
0.4995 0.5005 0.000190535 0.000190535
0.49964 0.50036 0.000180374 0.000180374
0.49926 0.50074 0.000178194 0.000178194
0.49958 0.50042 0.000196266 0.000196266
0.49973 0.50027 0.000190724 0.000190724
0.49987 0.50013 0.000182619 0.000182619
0.49968 0.50032 0.000178826 0.000178826
0.4999 0.5001 0.000199788 0.000199788
0.50011 0.49989 0.000181836 0.000181836
0.49997 0.50003 0.000175181 0.000175181
0.49964 0.50036 0.000181243 0.000181243
0.49933 0.50067 0.000171355 0.000171355
0.49966 0.50034 0.000159681 0.000159681
0.5 0.5 0.000156909 0.000156909
0.50066 0.49934 0.000168307 0.000168307
0.50095 0.49905 0.000185745 0.000185745
0.50064 0.49936 0.000174293 0.000174293
0.5004 0.4996 0.000174242 0.000174242
0.50006 0.49994 0.000180582 0.000180582
0.49968 0.50032 0.000171917 0.000171917
0.49964 0.50036 0.000179869 0.000179869
0.49938 0.50062 0.000170299 0.000170299
0.49928 0.50072 0.000171476 0.000171476
0.49922 0.50078 0.000153789 0.000153789
0.49898 0.50102 0.000154181 0.000154181
0.49922 0.50078 0.000147305 0.000147305
0.49916 0.50084 0.0001486 0.0001486
0.49977 0.50023 0.000157997 0.000157997
0.49951 0.50049 0.000162858 0.000162858
0.49884 0.50116 0.000161166 0.000161166
0.49882 0.50118 0.000161018 0.000161018
0.499 0.501 0.000169111 0.000169111
0.4989 0.5011 0.000162495 0.000162495
0.49892 0.50108 0.000155509 0.000155509
0.49958 0.50042 0.000178367 0.000178367
0.49923 0.50077 0.000172866 0.000172866
0.49938 0.50062 0.000180359 0.000180359
0.4998 0.5002 0.000188444 0.000188444
0.49983 0.50017 0.000186405 0.000186405
0.49981 0.50019 0.000188378 0.000188378
0.4996 0.5004 0.000185556 0.000185556
0.49982 0.50018 0.00018726 0.00018726
0.49942 0.50058 0.000177781 0.000177781
0.4998 0.5002 0.000182889 0.000182889
0.49955 0.50045 0.000160937 0.000160937
0.50009 0.49991 0.000173315 0.000173315
0.49967 0.50033 0.000177557 0.000177557
0.49984 0.50016 0.000169994 0.000169994
0.50032 0.49968 0.000179957 0.000179957
0.50024 0.49976 0.000175093 0.000175093
0.5007 0.4993 0.000167626 0.000167626
0.50097 0.49903 0.000154797 0.000154797
0.50042 0.49958 0.000162044 0.000162044
0.49983 0.50017 0.000155173 0.000155173
0.50021 0.49979 0.000140693 0.000140693
0.49991 0.50009 0.000142507 0.000142507
0.50042 0.49958 0.000141317 0.000141317
0.50092 0.49908 0.000137286 0.000137286
0.50116 0.49884 0.000131651 0.000131651
0.50104 0.49896 0.000131332 0.000131332
0.50104 0.49896 0.000140362 0.000140362
0.5015 0.4985 0.000140576 0.000140576
0.50152 0.49848 0.000137868 0.000137868
0.50146 0.49854 0.000137887 0.000137887
0.50128 0.49872 0.00013986 0.00013986
0.50171 0.49829 0.000124329 0.000124329
0.50132 0.49868 0.000114886 0.000114886
0.50125 0.49875 0.000119624 0.000119624
0.50095 0.49905 0.000119907 0.000119907
0.50071 0.49929 0.000120632 0.000120632
0.5006 0.4994 0.000125838 0.000125838
0.50054 0.49946 0.000126453 0.000126453
0.50093 0.49907 0.000144046 0.000144046
0.5009 0.4991 0.000156212 0.000156212
0.5009 0.4991 0.000147525 0.000147525
0.50075 0.49925 0.000160028 0.000160028
0.5007 0.4993 0.000168253 0.000168253
0.50054 0.49946 0.000175887 0.000175887
0.50048 0.49952 0.000157787 0.000157787
0.50041 0.49959 0.000183658 0.000183658
0.5 0.5 0.000199737 0.000199737
0.49987 0.50013 0.000192114 0.000192114
0.49971 0.50029 0.000175844 0.000175844
0.49966 0.50034 0.000169499 0.000169499
0.49955 0.50045 0.000167321 0.000167321
0.49938 0.50062 0.000168844 0.000168844
0.49931 0.50069 0.000164842 0.000164842
0.49889 0.50111 0.000172887 0.000172887
0.499 0.501 0.000181778 0.000181778
0.49922 0.50078 0.000179264 0.000179264
0.49898 0.50102 0.000174303 0.000174303
0.49947 0.50053 0.000177181 0.000177181
0.49987 0.50013 0.000178599 0.000178599
0.49956 0.50044 0.000195501 0.000195501
0.49999 0.50001 0.000200111 0.000200111
0.50045 0.49955 0.000189442 0.000189442
0.50055 0.49945 0.000169381 0.000169381
0.50068 0.49932 0.000170664 0.000170664
0.5004 0.4996 0.00016303 0.00016303
0.50088 0.49912 0.000174046 0.000174046
0.50114 0.49886 0.000179112 0.000179112
0.5006 0.4994 0.000180485 0.000180485
0.50078 0.49922 0.000175244 0.000175244
0.50049 0.49951 0.000168071 0.000168071
0.49988 0.50012 0.000177581 0.000177581
0.50053 0.49947 0.000172797 0.000172797
0.49982 0.50018 0.000176614 0.000176614
0.49953 0.50047 0.000172413 0.000172413
0.49954 0.50046 0.000178756 0.000178756
0.49955 0.50045 0.000182088 0.000182088
0.50007 0.49993 0.000175541 0.000175541
0.50011 0.49989 0.00016418 0.00016418
0.50005 0.49995 0.000147644 0.000147644
0.49973 0.50027 0.00014432 0.00014432
0.49952 0.50048 0.000153989 0.000153989
0.4997 0.5003 0.000149808 0.000149808
0.49985 0.50015 0.000144331 0.000144331
0.49999 0.50001 0.000155606 0.000155606
0.49973 0.50027 0.000167411 0.000167411
0.50036 0.49964 0.000169303 0.000169303
0.50001 0.49999 0.000171525 0.000171525
0.50022 0.49978 0.000179891 0.000179891
0.50014 0.49986 0.000160728 0.000160728
0.49987 0.50013 0.000176963 0.000176963
0.5 0.5 0.00018 0.00018
0.49958 0.50042 0.000181903 0.000181903
0.49954 0.50046 0.000169503 0.000169503
0.49972 0.50028 0.00016683 0.00016683
0.49991 0.50009 0.000184507 0.000184507
0.50016 0.49984 0.00019658 0.00019658
0.50019 0.49981 0.000186054 0.000186054
0.50016 0.49984 0.000200459 0.000200459
0.49967 0.50033 0.00021093 0.00021093
0.50034 0.49966 0.000184691 0.000184691
0.50067 0.49933 0.00017988 0.00017988
0.50116 0.49884 0.000179065 0.000179065
0.50069 0.49931 0.000170196 0.000170196
0.49989 0.50011 0.000173432 0.000173432
0.4999 0.5001 0.000175949 0.000175949
0.49963 0.50037 0.000171427 0.000171427
0.49954 0.50046 0.000186877 0.000186877
0.50003 0.49997 0.000201039 0.000201039
0.49982 0.50018 0.000185987 0.000185987
0.49985 0.50015 0.000199987 0.000199987
0.49943 0.50057 0.000197682 0.000197682
0.49941 0.50059 0.000197759 0.000197759
0.49934 0.50066 0.000199156 0.000199156
0.49916 0.50084 0.000193691 0.000193691
0.49905 0.50095 0.000194856 0.000194856
0.49891 0.50109 0.000179578 0.000179578
0.49895 0.50105 0.00018524 0.00018524
0.49915 0.50085 0.000190816 0.000190816
0.49881 0.50119 0.000192964 0.000192964
0.49879 0.50121 0.000196087 0.000196087
0.49866 0.50134 0.000191499 0.000191499
0.49939 0.50061 0.000186503 0.000186503
0.49867 0.50133 0.000178668 0.000178668
0.49927 0.50073 0.000174037 0.000174037
0.50013 0.49987 0.000177427 0.000177427
0.50077 0.49923 0.000176825 0.000176825
0.50052 0.49948 0.000180535 0.000180535
0.50003 0.49997 0.000174797 0.000174797
0.50039 0.49961 0.000183594 0.000183594
0.50029 0.49971 0.000197299 0.000197299
0.50022 0.49978 0.000182295 0.000182295
0.49981 0.50019 0.000163731 0.000163731
0.49992 0.50008 0.000178377 0.000178377
0.5001 0.4999 0.000190596 0.000190596
0.50065 0.49935 0.000191604 0.000191604
0.50023 0.49977 0.000183027 0.000183027
0.50036 0.49964 0.000186415 0.000186415
0.5008 0.4992 0.000174465 0.000174465
0.50065 0.49935 0.000177018 0.000177018
0.5002 0.4998 0.000183677 0.000183677
0.49983 0.50017 0.000180183 0.000180183
0.50037 0.49963 0.000173811 0.000173811
0.50026 0.49974 0.000165649 0.000165649
0.4999 0.5001 0.000161141 0.000161141
0.50062 0.49938 0.000160864 0.000160864
0.5002 0.4998 0.000174121 0.000174121
0.50051 0.49949 0.000176495 0.000176495
0.50019 0.49981 0.000170054 0.000170054
0.50035 0.49965 0.000164977 0.000164977
0.50111 0.49889 0.00017119 0.00017119
0.50061 0.49939 0.000176099 0.000176099
0.49976 0.50024 0.000170972 0.000170972
0.49926 0.50074 0.000163932 0.000163932
0.49982 0.50018 0.000174291 0.000174291
0.50008 0.49992 0.00017064 0.00017064
0.50035 0.49965 0.000166997 0.000166997
0.50038 0.49962 0.00013145 0.00013145
0.50034 0.49966 0.00013257 0.00013257
0.50017 0.49983 0.000148122 0.000148122
0.50034 0.49966 0.000154691 0.000154691
0.50053 0.49947 0.000148029 0.000148029
0.50088 0.49912 0.000154794 0.000154794
0.50081 0.49919 0.000153065 0.000153065
0.50075 0.49925 0.000154896 0.000154896
0.50124 0.49876 0.000146326 0.000146326
0.50035 0.49965 0.000155684 0.000155684
0.50034 0.49966 0.00016453 0.00016453
0.50023 0.49977 0.000180583 0.000180583
0.49987 0.50013 0.000191831 0.000191831
0.50027 0.49973 0.000175997 0.000175997
0.50074 0.49926 0.000182942 0.000182942
0.50134 0.49866 0.000201944 0.000201944
0.50155 0.49845 0.000192109 0.000192109
0.50159 0.49841 0.000207739 0.000207739
0.50158 0.49842 0.000210569 0.000210569
0.50104 0.49896 0.000191312 0.000191312
0.5009 0.4991 0.000200677 0.000200677
0.50063 0.49937 0.000184902 0.000184902
0.5008 0.4992 0.000184263 0.000184263
0.50084 0.49916 0.000181873 0.000181873
0.5015 0.4985 0.000181606 0.000181606
0.50153 0.49847 0.000176777 0.000176777
0.50138 0.49862 0.000163046 0.000163046
0.50157 0.49843 0.000161419 0.000161419
0.50125 0.49875 0.000144533 0.000144533
0.501 0.499 0.000142222 0.000142222
0.50094 0.49906 0.000149229 0.000149229
0.50118 0.49882 0.000163947 0.000163947
0.50111 0.49889 0.00017125 0.00017125
0.50103 0.49897 0.000170474 0.000170474
0.50047 0.49953 0.000156494 0.000156494
0.50047 0.49953 0.000155646 0.000155646
0.50008 0.49992 0.00014363 0.00014363
0.50019 0.49981 0.000135893 0.000135893
0.50041 0.49959 0.000139436 0.000139436
0.50065 0.49935 0.00013627 0.00013627
0.5012 0.4988 0.000146141 0.000146141
