0.5535 0.749
0.496 0.721
0.548 0.727
0.5585 0.778
0.568 0.741
0.5515 0.7535
0.5695 0.7635
0.541 0.8145
0.5515 0.7455
0.534 0.6995
0.529 0.7065
0.5185 0.7005
0.5395 0.7305
0.555 0.758
0.5835 0.7895
0.5665 0.779
0.5595 0.796
0.559 0.762
0.5385 0.723
0.5705 0.809
0.5325 0.7315
0.535 0.748
0.55 0.7355
0.54 0.762
0.5665 0.7575
0.57 0.755
0.5765 0.754
0.54 0.7425
0.5465 0.702
0.5135 0.75
0.5715 0.7795
0.5595 0.7515
0.535 0.7105
0.5385 0.74
0.536 0.719
0.584 0.7725
0.528 0.6985
0.5595 0.8225
0.532 0.6695
0.566 0.7535
0.563 0.7455
0.568 0.737
0.5375 0.7435
0.531 0.6775
0.585 0.745
0.5445 0.765
0.562 0.761
0.5985 0.783
0.551 0.7305
0.5595 0.7735
