0.49932 0.50068 3.54925e-05 3.54925e-05
0.49876 0.50124 8.38206e-05 8.38206e-05
0.49822 0.50178 0.000155042 0.000155042
0.49658 0.50342 0.000212953 0.000212953
0.49594 0.50406 0.000260259 0.000260259
0.49548 0.50452 0.000303121 0.000303121
0.4951 0.5049 0.000326798 0.000326798
0.49518 0.50482 0.000341321 0.000341321
0.49519 0.50481 0.000358842 0.000358842
0.49449 0.50551 0.000403707 0.000403707
0.49418 0.50582 0.000454452 0.000454452
0.4942 0.5058 0.000482384 0.000482384
0.49433 0.50567 0.000492648 0.000492648
0.49417 0.50583 0.000535678 0.000535678
0.49405 0.50595 0.000550977 0.000550977
0.49379 0.50621 0.000571157 0.000571157
0.49373 0.50627 0.000588704 0.000588704
0.49388 0.50612 0.000603824 0.000603824
0.4941 0.5059 0.000631626 0.000631626
0.494 0.506 0.000632545 0.000632545
0.49359 0.50641 0.000654022 0.000654022
0.49358 0.50642 0.000671115 0.000671115
0.49368 0.50632 0.000684785 0.000684785
0.49331 0.50669 0.000692378 0.000692378
0.49321 0.50679 0.000700006 0.000700006
0.49308 0.50692 0.000725792 0.000725792
0.49287 0.50713 0.000736518 0.000736518
0.49272 0.50728 0.000748931 0.000748931
0.49299 0.50701 0.000754353 0.000754353
0.49317 0.50683 0.000763961 0.000763961
0.49309 0.50691 0.000773679 0.000773679
0.49316 0.50684 0.000783611 0.000783611
0.49312 0.50688 0.000782915 0.000782915
0.49323 0.50677 0.000789734 0.000789734
0.49314 0.50686 0.000790627 0.000790627
0.49306 0.50694 0.000796138 0.000796138
0.49303 0.50697 0.000802272 0.000802272
0.493 0.507 0.000800202 0.000800202
0.493 0.507 0.000806404 0.000806404
0.493 0.507 0.000806162 0.000806162
0.493 0.507 0.000804949 0.000804949
0.49302 0.50698 0.000805454 0.000805454
0.49303 0.50697 0.000809221 0.000809221
0.49306 0.50694 0.000808077 0.000808077
0.49306 0.50694 0.000807996 0.000807996
0.49308 0.50692 0.000811428 0.000811428
0.49309 0.50691 0.000812426 0.000812426
0.49307 0.50693 0.000812833 0.000812833
0.49312 0.50688 0.000812713 0.000812713
0.49311 0.50689 0.000813452 0.000813452
0.49316 0.50684 0.000814378 0.000814378
0.49312 0.50688 0.000813036 0.000813036
0.4931 0.5069 0.000814071 0.000814071
0.49311 0.50689 0.000814604 0.000814604
0.49314 0.50686 0.000813455 0.000813455
0.49315 0.50685 0.000813139 0.000813139
0.49315 0.50685 0.000814735 0.000814735
0.49316 0.50684 0.000815388 0.000815388
0.49316 0.50684 0.000814196 0.000814196
0.49317 0.50683 0.000813011 0.000813011
0.49317 0.50683 0.000812789 0.000812789
0.49319 0.50681 0.000813893 0.000813893
0.49322 0.50678 0.000814557 0.000814557
0.49322 0.50678 0.000814557 0.000814557
0.49319 0.50681 0.000814721 0.000814721
0.49319 0.50681 0.000815873 0.000815873
0.49318 0.50682 0.00081627 0.00081627
0.49318 0.50682 0.00081627 0.00081627
0.49319 0.50681 0.000816196 0.000816196
0.49322 0.50678 0.000817163 0.000817163
0.49322 0.50678 0.000817163 0.000817163
0.49322 0.50678 0.000816961 0.000816961
0.49322 0.50678 0.000816961 0.000816961
0.49322 0.50678 0.000818012 0.000818012
0.49322 0.50678 0.000818012 0.000818012
0.49322 0.50678 0.000818537 0.000818537
0.49322 0.50678 0.000819365 0.000819365
0.49323 0.50677 0.000818603 0.000818603
0.49322 0.50678 0.000817749 0.000817749
0.49322 0.50678 0.000817749 0.000817749
0.49322 0.50678 0.000817749 0.000817749
0.49323 0.50677 0.000817775 0.000817775
0.49323 0.50677 0.000817775 0.000817775
0.49323 0.50677 0.000817775 0.000817775
0.49323 0.50677 0.000817775 0.000817775
0.49322 0.50678 0.000818901 0.000818901
0.49322 0.50678 0.000818901 0.000818901
0.49322 0.50678 0.000818901 0.000818901
0.49322 0.50678 0.000818901 0.000818901
0.49322 0.50678 0.000818901 0.000818901
0.49322 0.50678 0.000818901 0.000818901
0.49322 0.50678 0.000818901 0.000818901
0.49322 0.50678 0.000818901 0.000818901
0.49322 0.50678 0.000818901 0.000818901
0.49322 0.50678 0.000818901 0.000818901
0.49322 0.50678 0.000818901 0.000818901
0.49323 0.50677 0.000819593 0.000819593
0.49323 0.50677 0.000819593 0.000819593
0.49323 0.50677 0.000819593 0.000819593
0.49323 0.50677 0.000819593 0.000819593
0.49323 0.50677 0.000819593 0.000819593
0.49323 0.50677 0.000819593 0.000819593
0.49323 0.50677 0.000819593 0.000819593
0.49323 0.50677 0.000819593 0.000819593
0.49323 0.50677 0.000819593 0.000819593
0.49324 0.50676 0.000819477 0.000819477
0.49324 0.50676 0.000819477 0.000819477
0.49324 0.50676 0.000819477 0.000819477
0.49324 0.50676 0.000819477 0.000819477
0.49324 0.50676 0.000819477 0.000819477
0.49324 0.50676 0.000819477 0.000819477
0.49324 0.50676 0.000819477 0.000819477
0.49324 0.50676 0.000819477 0.000819477
0.49324 0.50676 0.000819477 0.000819477
0.49324 0.50676 0.000819477 0.000819477
0.49324 0.50676 0.000819477 0.000819477
0.49324 0.50676 0.000819477 0.000819477
0.49324 0.50676 0.000819477 0.000819477
0.49324 0.50676 0.000819477 0.000819477
0.49324 0.50676 0.000819477 0.000819477
0.49324 0.50676 0.000819477 0.000819477
0.49324 0.50676 0.000819477 0.000819477
0.49324 0.50676 0.000819477 0.000819477
0.49324 0.50676 0.000819477 0.000819477
0.49324 0.50676 0.000819477 0.000819477
0.49324 0.50676 0.000819477 0.000819477
0.49324 0.50676 0.000819477 0.000819477
0.49324 0.50676 0.000819477 0.000819477
0.49324 0.50676 0.000819477 0.000819477
0.49324 0.50676 0.000819477 0.000819477
0.49324 0.50676 0.000819477 0.000819477
0.49324 0.50676 0.000819477 0.000819477
0.49324 0.50676 0.000819477 0.000819477
0.49324 0.50676 0.000819477 0.000819477
0.49324 0.50676 0.000819477 0.000819477
0.49324 0.50676 0.000819477 0.000819477
0.49324 0.50676 0.000819477 0.000819477
0.49324 0.50676 0.000819477 0.000819477
0.49324 0.50676 0.000819477 0.000819477
0.49324 0.50676 0.000819477 0.000819477
0.49324 0.50676 0.000819477 0.000819477
0.49324 0.50676 0.000819477 0.000819477
0.49324 0.50676 0.000819477 0.000819477
0.49324 0.50676 0.000819477 0.000819477
0.49324 0.50676 0.000819477 0.000819477
0.49324 0.50676 0.000819477 0.000819477
0.49324 0.50676 0.000819477 0.000819477
0.49324 0.50676 0.000819477 0.000819477
0.49324 0.50676 0.000819477 0.000819477
0.49324 0.50676 0.000819477 0.000819477
0.49324 0.50676 0.000819477 0.000819477
0.49324 0.50676 0.000819477 0.000819477
0.49324 0.50676 0.000819477 0.000819477
0.49324 0.50676 0.000819477 0.000819477
0.49324 0.50676 0.000819477 0.000819477
0.49324 0.50676 0.000819477 0.000819477
0.49324 0.50676 0.000819477 0.000819477
0.49324 0.50676 0.000819477 0.000819477
0.49324 0.50676 0.000819477 0.000819477
0.49324 0.50676 0.000819477 0.000819477
0.49324 0.50676 0.000819477 0.000819477
0.49324 0.50676 0.000819477 0.000819477
0.49324 0.50676 0.000819477 0.000819477
0.49324 0.50676 0.000819477 0.000819477
0.49324 0.50676 0.000819477 0.000819477
0.49324 0.50676 0.000819477 0.000819477
0.49324 0.50676 0.000819477 0.000819477
0.49324 0.50676 0.000819477 0.000819477
0.49324 0.50676 0.000819477 0.000819477
0.49324 0.50676 0.000819477 0.000819477
0.49324 0.50676 0.000819477 0.000819477
0.49324 0.50676 0.000819477 0.000819477
0.49324 0.50676 0.000819477 0.000819477
0.49324 0.50676 0.000819477 0.000819477
0.49324 0.50676 0.000819477 0.000819477
0.49324 0.50676 0.000819477 0.000819477
0.49324 0.50676 0.000819477 0.000819477
0.49324 0.50676 0.000819477 0.000819477
0.49324 0.50676 0.000819477 0.000819477
0.49324 0.50676 0.000819477 0.000819477
0.49324 0.50676 0.000819477 0.000819477
0.49324 0.50676 0.000819477 0.000819477
0.49324 0.50676 0.000819477 0.000819477
0.49324 0.50676 0.000819477 0.000819477
0.49324 0.50676 0.000819477 0.000819477
0.49324 0.50676 0.000819477 0.000819477
0.49324 0.50676 0.000819477 0.000819477
0.49324 0.50676 0.000819477 0.000819477
0.49324 0.50676 0.000819477 0.000819477
0.49324 0.50676 0.000819477 0.000819477
0.49324 0.50676 0.000819477 0.000819477
0.49324 0.50676 0.000819477 0.000819477
0.49324 0.50676 0.000819477 0.000819477
0.49324 0.50676 0.000819477 0.000819477
0.49324 0.50676 0.000819477 0.000819477
0.49324 0.50676 0.000819477 0.000819477
0.49324 0.50676 0.000819477 0.000819477
0.49324 0.50676 0.000819477 0.000819477
0.49324 0.50676 0.000819477 0.000819477
0.49324 0.50676 0.000819477 0.000819477
0.49324 0.50676 0.000819477 0.000819477
0.49324 0.50676 0.000819477 0.000819477
0.49324 0.50676 0.000819477 0.000819477
0.49324 0.50676 0.000819477 0.000819477
0.49324 0.50676 0.000819477 0.000819477
0.49324 0.50676 0.000819477 0.000819477
0.49324 0.50676 0.000819477 0.000819477
0.49324 0.50676 0.000819477 0.000819477
0.49324 0.50676 0.000819477 0.000819477
0.49324 0.50676 0.000819477 0.000819477
0.49324 0.50676 0.000819477 0.000819477
0.49324 0.50676 0.000819477 0.000819477
0.49324 0.50676 0.000819477 0.000819477
0.49324 0.50676 0.000819477 0.000819477
0.49324 0.50676 0.000819477 0.000819477
0.49324 0.50676 0.000819477 0.000819477
0.49324 0.50676 0.000819477 0.000819477
0.49324 0.50676 0.000819477 0.000819477
0.49324 0.50676 0.000819477 0.000819477
0.49324 0.50676 0.000819477 0.000819477
0.49324 0.50676 0.000819477 0.000819477
0.49324 0.50676 0.000819477 0.000819477
0.49324 0.50676 0.000819477 0.000819477
0.49324 0.50676 0.000819477 0.000819477
0.49324 0.50676 0.000819477 0.000819477
0.49324 0.50676 0.000819477 0.000819477
0.49324 0.50676 0.000819477 0.000819477
0.49324 0.50676 0.000819477 0.000819477
0.49324 0.50676 0.000819477 0.000819477
0.49324 0.50676 0.000819477 0.000819477
0.49324 0.50676 0.000819477 0.000819477
0.49324 0.50676 0.000819477 0.000819477
0.49324 0.50676 0.000819477 0.000819477
0.49324 0.50676 0.000819477 0.000819477
0.49324 0.50676 0.000819477 0.000819477
0.49324 0.50676 0.000819477 0.000819477
0.49324 0.50676 0.000819477 0.000819477
0.49324 0.50676 0.000819477 0.000819477
0.49324 0.50676 0.000819477 0.000819477
0.49324 0.50676 0.000819477 0.000819477
0.49324 0.50676 0.000819477 0.000819477
0.49324 0.50676 0.000819477 0.000819477
0.49324 0.50676 0.000819477 0.000819477
0.49324 0.50676 0.000819477 0.000819477
0.49324 0.50676 0.000819477 0.000819477
0.49324 0.50676 0.000819477 0.000819477
0.49324 0.50676 0.000819477 0.000819477
0.49324 0.50676 0.000819477 0.000819477
0.49324 0.50676 0.000819477 0.000819477
0.49324 0.50676 0.000819477 0.000819477
0.49324 0.50676 0.000819477 0.000819477
0.49324 0.50676 0.000819477 0.000819477
0.49324 0.50676 0.000819477 0.000819477
0.49324 0.50676 0.000819477 0.000819477
0.49324 0.50676 0.000819477 0.000819477
0.49324 0.50676 0.000819477 0.000819477
0.49324 0.50676 0.000819477 0.000819477
0.49324 0.50676 0.000819477 0.000819477
0.49324 0.50676 0.000819477 0.000819477
0.49324 0.50676 0.000819477 0.000819477
0.49324 0.50676 0.000819477 0.000819477
0.49324 0.50676 0.000819477 0.000819477
0.49324 0.50676 0.000819477 0.000819477
0.49324 0.50676 0.000819477 0.000819477
0.49324 0.50676 0.000819477 0.000819477
0.49324 0.50676 0.000819477 0.000819477
0.49324 0.50676 0.000819477 0.000819477
0.49324 0.50676 0.000819477 0.000819477
0.49324 0.50676 0.000819477 0.000819477
0.49324 0.50676 0.000819477 0.000819477
0.49324 0.50676 0.000819477 0.000819477
0.49324 0.50676 0.000819477 0.000819477
0.49324 0.50676 0.000819477 0.000819477
0.49324 0.50676 0.000819477 0.000819477
0.49324 0.50676 0.000819477 0.000819477
0.49324 0.50676 0.000819477 0.000819477
0.49324 0.50676 0.000819477 0.000819477
0.49324 0.50676 0.000819477 0.000819477
0.49324 0.50676 0.000819477 0.000819477
0.49324 0.50676 0.000819477 0.000819477
0.49324 0.50676 0.000819477 0.000819477
0.49324 0.50676 0.000819477 0.000819477
0.49324 0.50676 0.000819477 0.000819477
0.49324 0.50676 0.000819477 0.000819477
0.49324 0.50676 0.000819477 0.000819477
0.49324 0.50676 0.000819477 0.000819477
0.49324 0.50676 0.000819477 0.000819477
0.49324 0.50676 0.000819477 0.000819477
0.49324 0.50676 0.000819477 0.000819477
0.49324 0.50676 0.000819477 0.000819477
0.49324 0.50676 0.000819477 0.000819477
0.49324 0.50676 0.000819477 0.000819477
0.49324 0.50676 0.000819477 0.000819477
0.49324 0.50676 0.000819477 0.000819477
0.49324 0.50676 0.000819477 0.000819477
0.49324 0.50676 0.000819477 0.000819477
0.49324 0.50676 0.000819477 0.000819477
0.49324 0.50676 0.000819477 0.000819477
0.49324 0.50676 0.000819477 0.000819477
0.49324 0.50676 0.000819477 0.000819477
0.49324 0.50676 0.000819477 0.000819477
0.49324 0.50676 0.000819477 0.000819477
0.49324 0.50676 0.000819477 0.000819477
0.49324 0.50676 0.000819477 0.000819477
0.49324 0.50676 0.000819477 0.000819477
0.49324 0.50676 0.000819477 0.000819477
0.49324 0.50676 0.000819477 0.000819477
0.49324 0.50676 0.000819477 0.000819477
0.49324 0.50676 0.000819477 0.000819477
0.49324 0.50676 0.000819477 0.000819477
0.49324 0.50676 0.000819477 0.000819477
0.49324 0.50676 0.000819477 0.000819477
0.49324 0.50676 0.000819477 0.000819477
0.49324 0.50676 0.000819477 0.000819477
0.49324 0.50676 0.000819477 0.000819477
0.49324 0.50676 0.000819477 0.000819477
0.49324 0.50676 0.000819477 0.000819477
0.49324 0.50676 0.000819477 0.000819477
0.49324 0.50676 0.000819477 0.000819477
0.49324 0.50676 0.000819477 0.000819477
0.49324 0.50676 0.000819477 0.000819477
0.49324 0.50676 0.000819477 0.000819477
0.49324 0.50676 0.000819477 0.000819477
0.49324 0.50676 0.000819477 0.000819477
0.49324 0.50676 0.000819477 0.000819477
0.49324 0.50676 0.000819477 0.000819477
0.49324 0.50676 0.000819477 0.000819477
0.49324 0.50676 0.000819477 0.000819477
0.49324 0.50676 0.000819477 0.000819477
0.49324 0.50676 0.000819477 0.000819477
0.49324 0.50676 0.000819477 0.000819477
0.49324 0.50676 0.000819477 0.000819477
0.49324 0.50676 0.000819477 0.000819477
0.49324 0.50676 0.000819477 0.000819477
0.49324 0.50676 0.000819477 0.000819477
0.49324 0.50676 0.000819477 0.000819477
0.49324 0.50676 0.000819477 0.000819477
0.49324 0.50676 0.000819477 0.000819477
0.49324 0.50676 0.000819477 0.000819477
0.49324 0.50676 0.000819477 0.000819477
0.49324 0.50676 0.000819477 0.000819477
0.49324 0.50676 0.000819477 0.000819477
0.49324 0.50676 0.000819477 0.000819477
0.49324 0.50676 0.000819477 0.000819477
0.49324 0.50676 0.000819477 0.000819477
0.49324 0.50676 0.000819477 0.000819477
0.49324 0.50676 0.000819477 0.000819477
0.49324 0.50676 0.000819477 0.000819477
0.49324 0.50676 0.000819477 0.000819477
0.49324 0.50676 0.000819477 0.000819477
0.49324 0.50676 0.000819477 0.000819477
0.49324 0.50676 0.000819477 0.000819477
0.49324 0.50676 0.000819477 0.000819477
0.49324 0.50676 0.000819477 0.000819477
0.49324 0.50676 0.000819477 0.000819477
0.49324 0.50676 0.000819477 0.000819477
0.49324 0.50676 0.000819477 0.000819477
0.49324 0.50676 0.000819477 0.000819477
0.49324 0.50676 0.000819477 0.000819477
0.49324 0.50676 0.000819477 0.000819477
0.49324 0.50676 0.000819477 0.000819477
0.49324 0.50676 0.000819477 0.000819477
0.49324 0.50676 0.000819477 0.000819477
0.49324 0.50676 0.000819477 0.000819477
0.49324 0.50676 0.000819477 0.000819477
0.49324 0.50676 0.000819477 0.000819477
0.49324 0.50676 0.000819477 0.000819477
0.49324 0.50676 0.000819477 0.000819477
0.49324 0.50676 0.000819477 0.000819477
0.49324 0.50676 0.000819477 0.000819477
0.49324 0.50676 0.000819477 0.000819477
0.49324 0.50676 0.000819477 0.000819477
0.49324 0.50676 0.000819477 0.000819477
0.49324 0.50676 0.000819477 0.000819477
0.49324 0.50676 0.000819477 0.000819477
0.49324 0.50676 0.000819477 0.000819477
0.49324 0.50676 0.000819477 0.000819477
0.49324 0.50676 0.000819477 0.000819477
0.49324 0.50676 0.000819477 0.000819477
0.49324 0.50676 0.000819477 0.000819477
0.49324 0.50676 0.000819477 0.000819477
0.49324 0.50676 0.000819477 0.000819477
0.49324 0.50676 0.000819477 0.000819477
0.49324 0.50676 0.000819477 0.000819477
0.49324 0.50676 0.000819477 0.000819477
0.49324 0.50676 0.000819477 0.000819477
0.49324 0.50676 0.000819477 0.000819477
0.49324 0.50676 0.000819477 0.000819477
0.49324 0.50676 0.000819477 0.000819477
0.49324 0.50676 0.000819477 0.000819477
0.49324 0.50676 0.000819477 0.000819477
0.49324 0.50676 0.000819477 0.000819477
0.49324 0.50676 0.000819477 0.000819477
0.49324 0.50676 0.000819477 0.000819477
0.49324 0.50676 0.000819477 0.000819477
0.49324 0.50676 0.000819477 0.000819477
0.49324 0.50676 0.000819477 0.000819477
0.49324 0.50676 0.000819477 0.000819477
0.49324 0.50676 0.000819477 0.000819477
0.49324 0.50676 0.000819477 0.000819477
0.49324 0.50676 0.000819477 0.000819477
0.49324 0.50676 0.000819477 0.000819477
0.49324 0.50676 0.000819477 0.000819477
0.49324 0.50676 0.000819477 0.000819477
0.49324 0.50676 0.000819477 0.000819477
0.49324 0.50676 0.000819477 0.000819477
0.49324 0.50676 0.000819477 0.000819477
0.49324 0.50676 0.000819477 0.000819477
0.49324 0.50676 0.000819477 0.000819477
0.49324 0.50676 0.000819477 0.000819477
0.49324 0.50676 0.000819477 0.000819477
0.49324 0.50676 0.000819477 0.000819477
0.49324 0.50676 0.000819477 0.000819477
0.49324 0.50676 0.000819477 0.000819477
0.49324 0.50676 0.000819477 0.000819477
0.49324 0.50676 0.000819477 0.000819477
0.49324 0.50676 0.000819477 0.000819477
0.49324 0.50676 0.000819477 0.000819477
0.49324 0.50676 0.000819477 0.000819477
0.49324 0.50676 0.000819477 0.000819477
0.49324 0.50676 0.000819477 0.000819477
0.49324 0.50676 0.000819477 0.000819477
0.49324 0.50676 0.000819477 0.000819477
0.49324 0.50676 0.000819477 0.000819477
0.49324 0.50676 0.000819477 0.000819477
0.49324 0.50676 0.000819477 0.000819477
0.49324 0.50676 0.000819477 0.000819477
0.49324 0.50676 0.000819477 0.000819477
0.49324 0.50676 0.000819477 0.000819477
0.49324 0.50676 0.000819477 0.000819477
0.49324 0.50676 0.000819477 0.000819477
0.49324 0.50676 0.000819477 0.000819477
0.49324 0.50676 0.000819477 0.000819477
0.49324 0.50676 0.000819477 0.000819477
0.49324 0.50676 0.000819477 0.000819477
0.49324 0.50676 0.000819477 0.000819477
0.49324 0.50676 0.000819477 0.000819477
0.49324 0.50676 0.000819477 0.000819477
0.49324 0.50676 0.000819477 0.000819477
0.49324 0.50676 0.000819477 0.000819477
0.49324 0.50676 0.000819477 0.000819477
0.49324 0.50676 0.000819477 0.000819477
0.49324 0.50676 0.000819477 0.000819477
0.49324 0.50676 0.000819477 0.000819477
0.49324 0.50676 0.000819477 0.000819477
0.49324 0.50676 0.000819477 0.000819477
0.49324 0.50676 0.000819477 0.000819477
0.49324 0.50676 0.000819477 0.000819477
0.49324 0.50676 0.000819477 0.000819477
0.49324 0.50676 0.000819477 0.000819477
0.49324 0.50676 0.000819477 0.000819477
0.49324 0.50676 0.000819477 0.000819477
0.49324 0.50676 0.000819477 0.000819477
0.49324 0.50676 0.000819477 0.000819477
0.49324 0.50676 0.000819477 0.000819477
0.49324 0.50676 0.000819477 0.000819477
0.49324 0.50676 0.000819477 0.000819477
0.49324 0.50676 0.000819477 0.000819477
0.49324 0.50676 0.000819477 0.000819477
0.49324 0.50676 0.000819477 0.000819477
0.49324 0.50676 0.000819477 0.000819477
0.49324 0.50676 0.000819477 0.000819477
0.49324 0.50676 0.000819477 0.000819477
0.49324 0.50676 0.000819477 0.000819477
0.49324 0.50676 0.000819477 0.000819477
0.49324 0.50676 0.000819477 0.000819477
0.49324 0.50676 0.000819477 0.000819477
0.49324 0.50676 0.000819477 0.000819477
0.49324 0.50676 0.000819477 0.000819477
0.49324 0.50676 0.000819477 0.000819477
0.49324 0.50676 0.000819477 0.000819477
0.49324 0.50676 0.000819477 0.000819477
0.49324 0.50676 0.000819477 0.000819477
0.49324 0.50676 0.000819477 0.000819477
0.49324 0.50676 0.000819477 0.000819477
0.49324 0.50676 0.000819477 0.000819477
0.49324 0.50676 0.000819477 0.000819477
0.49324 0.50676 0.000819477 0.000819477
0.49324 0.50676 0.000819477 0.000819477
0.49324 0.50676 0.000819477 0.000819477
0.49324 0.50676 0.000819477 0.000819477
0.49324 0.50676 0.000819477 0.000819477
0.49324 0.50676 0.000819477 0.000819477
0.49324 0.50676 0.000819477 0.000819477
0.49324 0.50676 0.000819477 0.000819477
0.49324 0.50676 0.000819477 0.000819477
0.49324 0.50676 0.000819477 0.000819477
0.49324 0.50676 0.000819477 0.000819477
0.49324 0.50676 0.000819477 0.000819477
0.49324 0.50676 0.000819477 0.000819477
0.49324 0.50676 0.000819477 0.000819477
0.49324 0.50676 0.000819477 0.000819477
0.49324 0.50676 0.000819477 0.000819477
0.49324 0.50676 0.000819477 0.000819477
0.49324 0.50676 0.000819477 0.000819477
0.49324 0.50676 0.000819477 0.000819477
0.49324 0.50676 0.000819477 0.000819477
0.49324 0.50676 0.000819477 0.000819477
0.49324 0.50676 0.000819477 0.000819477
0.49324 0.50676 0.000819477 0.000819477
