0.49984 0.50016 9.12566e-06 9.12566e-06
0.50028 0.49972 1.84057e-05 1.84057e-05
0.50015 0.49985 3.0149e-05 3.0149e-05
0.50026 0.49974 4.50024e-05 4.50024e-05
0.50054 0.49946 6.60287e-05 6.60287e-05
0.50056 0.49944 6.66731e-05 6.66731e-05
0.50058 0.49942 8.24885e-05 8.24885e-05
0.50064 0.49936 9.55055e-05 9.55055e-05
0.50046 0.49954 0.00010417 0.00010417
0.50028 0.49972 0.00010685 0.00010685
0.50032 0.49968 0.000120442 0.000120442
0.50086 0.49914 0.000144728 0.000144728
0.50058 0.49942 0.000159115 0.000159115
0.50033 0.49967 0.000162284 0.000162284
0.50037 0.49963 0.000160559 0.000160559
0.50001 0.49999 0.000174071 0.000174071
0.50008 0.49992 0.000189933 0.000189933
0.50009 0.49991 0.000196063 0.000196063
0.50004 0.49996 0.000194281 0.000194281
0.50023 0.49977 0.000219351 0.000219351
0.50041 0.49959 0.000230608 0.000230608
0.50057 0.49943 0.000238389 0.000238389
0.50063 0.49937 0.000240134 0.000240134
0.50111 0.49889 0.00023622 0.00023622
0.50124 0.49876 0.000249376 0.000249376
0.50123 0.49877 0.000253351 0.000253351
0.50109 0.49891 0.000266568 0.000266568
0.50094 0.49906 0.000284441 0.000284441
0.50109 0.49891 0.000293133 0.000293133
0.50123 0.49877 0.000306805 0.000306805
0.50128 0.49872 0.000321598 0.000321598
0.50092 0.49908 0.000343488 0.000343488
0.50053 0.49947 0.00035908 0.00035908
0.50124 0.49876 0.000375053 0.000375053
0.50182 0.49818 0.000361684 0.000361684
0.50171 0.49829 0.00036538 0.00036538
0.50216 0.49784 0.000379712 0.000379712
0.50201 0.49799 0.000375525 0.000375525
0.50189 0.49811 0.000367877 0.000367877
0.50203 0.49797 0.000378413 0.000378413
0.50164 0.49836 0.000396879 0.000396879
0.50071 0.49929 0.000380976 0.000380976
0.50038 0.49962 0.000376218 0.000376218
0.49976 0.50024 0.000361477 0.000361477
0.49956 0.50044 0.000368309 0.000368309
0.50007 0.49993 0.00035952 0.00035952
0.50021 0.49979 0.00036043 0.00036043
0.49998 0.50002 0.000367555 0.000367555
0.49994 0.50006 0.000358926 0.000358926
0.49977 0.50023 0.000385694 0.000385694
0.50022 0.49978 0.000374901 0.000374901
0.5005 0.4995 0.00038597 0.00038597
0.50076 0.49924 0.000372649 0.000372649
0.50068 0.49932 0.000381937 0.000381937
0.5008 0.4992 0.000411616 0.000411616
0.50086 0.49914 0.00042198 0.00042198
0.5011 0.4989 0.000423525 0.000423525
0.50057 0.49943 0.000419864 0.000419864
0.50048 0.49952 0.000452636 0.000452636
0.50041 0.49959 0.00048477 0.00048477
0.50056 0.49944 0.000489683 0.000489683
0.50039 0.49961 0.000473351 0.000473351
0.50063 0.49937 0.000475326 0.000475326
0.50014 0.49986 0.000477213 0.000477213
0.50027 0.49973 0.000477573 0.000477573
0.5002 0.4998 0.000463192 0.000463192
0.49973 0.50027 0.000463856 0.000463856
0.49997 0.50003 0.000479262 0.000479262
0.50005 0.49995 0.000476553 0.000476553
0.50043 0.49957 0.000472005 0.000472005
0.50006 0.49994 0.000488522 0.000488522
0.5005 0.4995 0.000511101 0.000511101
0.50052 0.49948 0.00051007 0.00051007
0.49992 0.50008 0.000493691 0.000493691
0.49972 0.50028 0.000498365 0.000498365
0.49964 0.50036 0.000493384 0.000493384
0.49959 0.50041 0.000499093 0.000499093
0.49948 0.50052 0.000493525 0.000493525
0.49991 0.50009 0.000528487 0.000528487
0.49966 0.50034 0.000540813 0.000540813
0.49947 0.50053 0.000541928 0.000541928
0.49913 0.50087 0.000578518 0.000578518
0.49919 0.50081 0.000571772 0.000571772
0.49934 0.50066 0.000557802 0.000557802
0.49937 0.50063 0.000580842 0.000580842
0.49912 0.50088 0.00059045 0.00059045
0.49943 0.50057 0.000584126 0.000584126
0.49959 0.50041 0.000581699 0.000581699
0.49975 0.50025 0.000583886 0.000583886
0.49983 0.50017 0.000587819 0.000587819
0.49958 0.50042 0.00061661 0.00061661
0.49925 0.50075 0.000615987 0.000615987
0.49947 0.50053 0.00062207 0.00062207
0.49935 0.50065 0.000630775 0.000630775
0.49943 0.50057 0.000624147 0.000624147
0.50012 0.49988 0.000624309 0.000624309
0.50011 0.49989 0.000639715 0.000639715
0.5002 0.4998 0.000661636 0.000661636
0.50012 0.49988 0.000684006 0.000684006
0.50021 0.49979 0.000691824 0.000691824
0.49991 0.50009 0.000682042 0.000682042
0.49995 0.50005 0.000664735 0.000664735
0.50019 0.49981 0.000652782 0.000652782
0.50002 0.49998 0.000682505 0.000682505
0.50014 0.49986 0.000697374 0.000697374
0.50041 0.49959 0.000718224 0.000718224
0.50073 0.49927 0.00074832 0.00074832
0.50064 0.49936 0.000736778 0.000736778
0.50086 0.49914 0.000752344 0.000752344
0.50099 0.49901 0.000741101 0.000741101
0.50056 0.49944 0.000753299 0.000753299
0.50073 0.49927 0.00076133 0.00076133
0.50043 0.49957 0.000785682 0.000785682
0.5004 0.4996 0.000801697 0.000801697
0.50034 0.49966 0.000771924 0.000771924
0.50062 0.49938 0.000772299 0.000772299
0.50087 0.49913 0.00078466 0.00078466
0.50095 0.49905 0.000785462 0.000785462
0.50079 0.49921 0.000762471 0.000762471
0.5005 0.4995 0.000755343 0.000755343
0.50048 0.49952 0.000787767 0.000787767
0.50071 0.49929 0.000771865 0.000771865
0.50001 0.49999 0.000770273 0.000770273
0.50037 0.49963 0.000764235 0.000764235
0.50001 0.49999 0.000781586 0.000781586
0.49967 0.50033 0.000777334 0.000777334
0.49975 0.50025 0.000803098 0.000803098
0.50023 0.49977 0.00082731 0.00082731
0.5003 0.4997 0.000814535 0.000814535
0.5002 0.4998 0.000814303 0.000814303
0.49998 0.50002 0.000830262 0.000830262
0.5001 0.4999 0.000810293 0.000810293
0.49921 0.50079 0.000833562 0.000833562
0.49868 0.50132 0.000842179 0.000842179
0.49841 0.50159 0.000850527 0.000850527
0.49806 0.50194 0.000853006 0.000853006
0.49819 0.50181 0.00084961 0.00084961
0.49834 0.50166 0.000868247 0.000868247
0.49832 0.50168 0.000893331 0.000893331
0.49865 0.50135 0.000862694 0.000862694
0.49866 0.50134 0.000845964 0.000845964
0.4984 0.5016 0.000847879 0.000847879
0.49852 0.50148 0.00088807 0.00088807
0.49836 0.50164 0.00089296 0.00089296
0.49855 0.50145 0.000906876 0.000906876
0.49837 0.50163 0.000905549 0.000905549
0.49841 0.50159 0.000878244 0.000878244
0.49878 0.50122 0.000901992 0.000901992
0.4986 0.5014 0.000894343 0.000894343
0.49869 0.50131 0.000897974 0.000897974
0.4989 0.5011 0.000907889 0.000907889
0.49857 0.50143 0.000874914 0.000874914
0.49844 0.50156 0.000884006 0.000884006
0.49808 0.50192 0.00087963 0.00087963
0.49782 0.50218 0.000882755 0.000882755
0.49843 0.50157 0.000889662 0.000889662
0.49822 0.50178 0.000889143 0.000889143
0.49795 0.50205 0.000909381 0.000909381
0.49814 0.50186 0.000920445 0.000920445
0.49799 0.50201 0.00091805 0.00091805
0.49754 0.50246 0.000906211 0.000906211
0.49762 0.50238 0.000923127 0.000923127
0.49744 0.50256 0.000906572 0.000906572
0.49729 0.50271 0.000901683 0.000901683
0.49728 0.50272 0.000931961 0.000931961
0.49764 0.50236 0.000972798 0.000972798
0.49791 0.50209 0.000997982 0.000997982
0.49834 0.50166 0.00100613 0.00100613
0.49889 0.50111 0.00101905 0.00101905
0.49887 0.50113 0.0010283 0.0010283
0.49848 0.50152 0.00100732 0.00100732
0.49854 0.50146 0.00100433 0.00100433
0.49832 0.50168 0.001024 0.001024
0.49844 0.50156 0.00103568 0.00103568
0.49874 0.50126 0.00105613 0.00105613
0.49901 0.50099 0.00103037 0.00103037
0.49865 0.50135 0.00100195 0.00100195
0.49871 0.50129 0.00101887 0.00101887
0.49852 0.50148 0.00101247 0.00101247
0.49817 0.50183 0.00101034 0.00101034
0.49853 0.50147 0.00102732 0.00102732
0.49866 0.50134 0.00099758 0.00099758
0.49852 0.50148 0.000985525 0.000985525
0.49783 0.50217 0.00102113 0.00102113
0.49772 0.50228 0.00101992 0.00101992
0.4974 0.5026 0.00101467 0.00101467
0.49712 0.50288 0.00102681 0.00102681
0.49748 0.50252 0.00103027 0.00103027
0.49692 0.50308 0.00103698 0.00103698
0.4964 0.5036 0.00104802 0.00104802
0.49701 0.50299 0.00104391 0.00104391
0.49706 0.50294 0.00103179 0.00103179
0.4972 0.5028 0.00104339 0.00104339
0.49735 0.50265 0.00103989 0.00103989
0.49744 0.50256 0.00106241 0.00106241
0.49738 0.50262 0.0011043 0.0011043
0.49739 0.50261 0.00108832 0.00108832
0.49713 0.50287 0.0010485 0.0010485
0.49678 0.50322 0.00107017 0.00107017
0.49669 0.50331 0.00106258 0.00106258
0.49637 0.50363 0.00104755 0.00104755
0.49636 0.50364 0.00104439 0.00104439
0.49635 0.50365 0.00104207 0.00104207
0.49636 0.50364 0.00100138 0.00100138
0.49604 0.50396 0.00100262 0.00100262
0.49568 0.50432 0.000987755 0.000987755
0.49564 0.50436 0.00100191 0.00100191
0.49578 0.50422 0.00098084 0.00098084
0.49551 0.50449 0.000967141 0.000967141
0.4957 0.5043 0.000986838 0.000986838
0.49513 0.50487 0.000997165 0.000997165
0.49487 0.50513 0.00102399 0.00102399
0.49511 0.50489 0.00105414 0.00105414
0.49522 0.50478 0.00107431 0.00107431
0.49528 0.50472 0.00109849 0.00109849
0.49527 0.50473 0.00110501 0.00110501
0.49616 0.50384 0.00110818 0.00110818
0.49557 0.50443 0.00113637 0.00113637
0.49516 0.50484 0.00111551 0.00111551
0.49535 0.50465 0.00109829 0.00109829
0.49539 0.50461 0.00107266 0.00107266
0.49569 0.50431 0.0010803 0.0010803
0.49555 0.50445 0.0010756 0.0010756
0.49554 0.50446 0.00109651 0.00109651
0.49602 0.50398 0.00107234 0.00107234
0.4957 0.5043 0.00107823 0.00107823
0.49582 0.50418 0.00103514 0.00103514
0.49626 0.50374 0.00106682 0.00106682
0.4963 0.5037 0.00108205 0.00108205
0.49586 0.50414 0.00111556 0.00111556
0.49561 0.50439 0.00113022 0.00113022
0.4959 0.5041 0.00112787 0.00112787
0.49601 0.50399 0.00113391 0.00113391
0.49561 0.50439 0.00110487 0.00110487
0.49504 0.50496 0.001138 0.001138
0.49502 0.50498 0.00114246 0.00114246
0.49453 0.50547 0.00114942 0.00114942
0.49453 0.50547 0.00113462 0.00113462
0.4941 0.5059 0.00114397 0.00114397
0.49416 0.50584 0.00118872 0.00118872
0.49403 0.50597 0.00121451 0.00121451
0.49415 0.50585 0.00121718 0.00121718
0.49438 0.50562 0.00123779 0.00123779
0.49487 0.50513 0.00122801 0.00122801
0.49432 0.50568 0.00124121 0.00124121
0.49453 0.50547 0.00124015 0.00124015
0.49412 0.50588 0.00124532 0.00124532
0.49426 0.50574 0.00125438 0.00125438
0.49427 0.50573 0.00128545 0.00128545
0.49456 0.50544 0.00128124 0.00128124
0.49459 0.50541 0.00128683 0.00128683
0.49464 0.50536 0.00132013 0.00132013
0.49461 0.50539 0.00136529 0.00136529
0.4945 0.5055 0.00137387 0.00137387
0.49439 0.50561 0.00138941 0.00138941
0.49405 0.50595 0.00138417 0.00138417
0.49392 0.50608 0.00142155 0.00142155
0.49404 0.50596 0.00142836 0.00142836
0.49412 0.50588 0.00142542 0.00142542
0.49434 0.50566 0.00144209 0.00144209
0.49477 0.50523 0.00144491 0.00144491
0.49476 0.50524 0.00146261 0.00146261
0.49465 0.50535 0.00146183 0.00146183
0.49447 0.50553 0.00149189 0.00149189
0.4944 0.5056 0.00150493 0.00150493
0.49382 0.50618 0.00154134 0.00154134
0.49373 0.50627 0.0014979 0.0014979
0.49395 0.50605 0.00151209 0.00151209
0.49413 0.50587 0.00152755 0.00152755
0.49423 0.50577 0.00153497 0.00153497
0.49379 0.50621 0.00152667 0.00152667
0.49389 0.50611 0.0015167 0.0015167
0.49417 0.50583 0.00152182 0.00152182
0.49425 0.50575 0.00146686 0.00146686
0.49367 0.50633 0.0014675 0.0014675
0.49363 0.50637 0.00150347 0.00150347
0.49404 0.50596 0.00150812 0.00150812
0.49416 0.50584 0.00151056 0.00151056
0.49435 0.50565 0.0015156 0.0015156
0.4946 0.5054 0.00149354 0.00149354
0.4943 0.5057 0.00151377 0.00151377
0.49454 0.50546 0.00152272 0.00152272
0.49478 0.50522 0.0015148 0.0015148
0.49496 0.50504 0.00150743 0.00150743
0.49522 0.50478 0.00153062 0.00153062
0.4946 0.5054 0.0015159 0.0015159
0.49392 0.50608 0.00154801 0.00154801
0.49361 0.50639 0.0015058 0.0015058
0.4927 0.5073 0.00152512 0.00152512
0.49258 0.50742 0.00149645 0.00149645
0.4923 0.5077 0.00149193 0.00149193
0.49191 0.50809 0.00151018 0.00151018
0.49182 0.50818 0.00151607 0.00151607
0.49185 0.50815 0.0015036 0.0015036
0.49184 0.50816 0.00146525 0.00146525
0.49158 0.50842 0.00143487 0.00143487
0.49116 0.50884 0.00142515 0.00142515
0.49149 0.50851 0.00146207 0.00146207
0.49188 0.50812 0.00144221 0.00144221
0.49196 0.50804 0.00141889 0.00141889
0.49214 0.50786 0.00145527 0.00145527
0.49235 0.50765 0.00146752 0.00146752
0.49256 0.50744 0.00144029 0.00144029
0.49261 0.50739 0.00142909 0.00142909
0.49255 0.50745 0.00142572 0.00142572
0.49261 0.50739 0.00146402 0.00146402
0.49267 0.50733 0.00146491 0.00146491
0.49277 0.50723 0.00144305 0.00144305
0.49247 0.50753 0.00141775 0.00141775
0.49284 0.50716 0.00143205 0.00143205
0.49266 0.50734 0.00143546 0.00143546
0.49291 0.50709 0.00144942 0.00144942
0.49268 0.50732 0.00141788 0.00141788
0.49257 0.50743 0.0014276 0.0014276
0.49268 0.50732 0.00145675 0.00145675
0.49265 0.50735 0.0014812 0.0014812
0.49229 0.50771 0.00150954 0.00150954
0.49215 0.50785 0.00154148 0.00154148
0.49193 0.50807 0.00156847 0.00156847
0.49158 0.50842 0.00152924 0.00152924
0.49143 0.50857 0.0015499 0.0015499
0.4914 0.5086 0.00155992 0.00155992
0.49193 0.50807 0.00157306 0.00157306
0.49188 0.50812 0.00155558 0.00155558
0.49213 0.50787 0.00154949 0.00154949
0.49222 0.50778 0.00152207 0.00152207
0.49236 0.50764 0.00151678 0.00151678
0.49205 0.50795 0.00149146 0.00149146
0.49223 0.50777 0.00153614 0.00153614
0.49291 0.50709 0.0015663 0.0015663
0.49321 0.50679 0.00161322 0.00161322
0.49313 0.50687 0.00161448 0.00161448
0.49333 0.50667 0.00162641 0.00162641
0.49387 0.50613 0.00165424 0.00165424
0.4938 0.5062 0.00158707 0.00158707
0.49424 0.50576 0.00157814 0.00157814
0.49424 0.50576 0.00153643 0.00153643
0.49452 0.50548 0.00152474 0.00152474
0.4951 0.5049 0.00149296 0.00149296
0.49528 0.50472 0.00149533 0.00149533
0.49617 0.50383 0.0015058 0.0015058
0.49559 0.50441 0.00153554 0.00153554
0.49587 0.50413 0.00157052 0.00157052
0.496 0.504 0.00158436 0.00158436
0.49566 0.50434 0.00160322 0.00160322
0.49577 0.50423 0.00160337 0.00160337
0.49597 0.50403 0.00159088 0.00159088
0.49575 0.50425 0.00159942 0.00159942
0.49615 0.50385 0.00163116 0.00163116
0.49628 0.50372 0.00167899 0.00167899
0.49599 0.50401 0.00174153 0.00174153
0.49587 0.50413 0.00173347 0.00173347
0.4959 0.5041 0.00172797 0.00172797
0.49574 0.50426 0.00175318 0.00175318
0.49587 0.50413 0.00177757 0.00177757
0.49538 0.50462 0.00175018 0.00175018
0.49509 0.50491 0.00172477 0.00172477
0.49512 0.50488 0.0017456 0.0017456
0.49522 0.50478 0.00172233 0.00172233
0.49499 0.50501 0.00173001 0.00173001
0.49573 0.50427 0.00173565 0.00173565
0.49531 0.50469 0.0017228 0.0017228
0.49499 0.50501 0.00170353 0.00170353
0.49507 0.50493 0.00172063 0.00172063
0.49481 0.50519 0.00169622 0.00169622
0.49477 0.50523 0.00175553 0.00175553
0.49459 0.50541 0.00175946 0.00175946
0.49489 0.50511 0.00174584 0.00174584
0.4949 0.5051 0.00174359 0.00174359
0.49494 0.50506 0.00173571 0.00173571
0.49494 0.50506 0.00172446 0.00172446
0.49474 0.50526 0.00174011 0.00174011
0.4948 0.5052 0.00174107 0.00174107
0.49506 0.50494 0.00172794 0.00172794
0.49553 0.50447 0.0017291 0.0017291
0.49534 0.50466 0.00173297 0.00173297
0.49593 0.50407 0.00173752 0.00173752
0.49539 0.50461 0.0017182 0.0017182
0.49584 0.50416 0.00169832 0.00169832
0.49607 0.50393 0.00172063 0.00172063
0.49635 0.50365 0.00177522 0.00177522
0.49655 0.50345 0.00178433 0.00178433
0.49706 0.50294 0.00181141 0.00181141
0.49673 0.50327 0.00180464 0.00180464
0.49626 0.50374 0.00187462 0.00187462
0.49683 0.50317 0.00183182 0.00183182
0.49693 0.50307 0.00180598 0.00180598
0.49679 0.50321 0.00178839 0.00178839
0.49674 0.50326 0.00179476 0.00179476
0.49675 0.50325 0.0017711 0.0017711
0.49637 0.50363 0.00178571 0.00178571
0.49608 0.50392 0.00178383 0.00178383
0.49624 0.50376 0.00180148 0.00180148
0.49602 0.50398 0.00183196 0.00183196
0.49612 0.50388 0.00186558 0.00186558
0.49647 0.50353 0.00185884 0.00185884
0.49648 0.50352 0.00188565 0.00188565
0.49692 0.50308 0.00185933 0.00185933
0.49716 0.50284 0.00187418 0.00187418
0.49673 0.50327 0.00188917 0.00188917
0.49657 0.50343 0.00189451 0.00189451
0.49613 0.50387 0.00191892 0.00191892
0.49592 0.50408 0.00192001 0.00192001
0.49624 0.50376 0.00191655 0.00191655
0.49647 0.50353 0.00188892 0.00188892
0.49656 0.50344 0.00190205 0.00190205
0.49642 0.50358 0.00190029 0.00190029
0.4964 0.5036 0.00193836 0.00193836
0.49662 0.50338 0.00192929 0.00192929
0.49652 0.50348 0.00194611 0.00194611
0.49637 0.50363 0.00197775 0.00197775
0.49594 0.50406 0.0020159 0.0020159
0.49599 0.50401 0.00202872 0.00202872
0.49575 0.50425 0.00202777 0.00202777
0.49582 0.50418 0.00204575 0.00204575
0.49576 0.50424 0.00199477 0.00199477
0.49578 0.50422 0.00197429 0.00197429
0.4963 0.5037 0.00196991 0.00196991
0.49612 0.50388 0.0019412 0.0019412
0.49634 0.50366 0.00195077 0.00195077
0.49641 0.50359 0.0019779 0.0019779
0.49609 0.50391 0.00200055 0.00200055
0.49605 0.50395 0.00199407 0.00199407
0.49654 0.50346 0.00204668 0.00204668
0.49664 0.50336 0.00205894 0.00205894
0.49669 0.50331 0.0020488 0.0020488
0.49647 0.50353 0.0020392 0.0020392
0.49641 0.50359 0.00202717 0.00202717
0.49612 0.50388 0.00200338 0.00200338
0.49604 0.50396 0.00201176 0.00201176
0.49566 0.50434 0.00202558 0.00202558
0.49596 0.50404 0.00200291 0.00200291
0.49599 0.50401 0.00199096 0.00199096
0.49551 0.50449 0.00202157 0.00202157
0.49603 0.50397 0.00205363 0.00205363
0.49594 0.50406 0.00202753 0.00202753
0.49623 0.50377 0.00207222 0.00207222
0.49614 0.50386 0.0020724 0.0020724
0.49629 0.50371 0.00206764 0.00206764
0.49677 0.50323 0.00208339 0.00208339
0.49663 0.50337 0.00211133 0.00211133
0.4966 0.5034 0.0021403 0.0021403
0.49698 0.50302 0.00215547 0.00215547
0.49736 0.50264 0.00215266 0.00215266
0.49704 0.50296 0.00218301 0.00218301
0.49674 0.50326 0.00217684 0.00217684
0.49697 0.50303 0.00219916 0.00219916
0.49675 0.50325 0.00217637 0.00217637
0.49676 0.50324 0.00215792 0.00215792
0.49636 0.50364 0.00215233 0.00215233
0.49671 0.50329 0.0021455 0.0021455
0.4967 0.5033 0.0021088 0.0021088
0.49622 0.50378 0.0020969 0.0020969
0.49616 0.50384 0.00210228 0.00210228
0.4961 0.5039 0.00215789 0.00215789
0.49646 0.50354 0.00218039 0.00218039
0.49715 0.50285 0.00221516 0.00221516
0.49743 0.50257 0.00218893 0.00218893
0.49744 0.50256 0.00221431 0.00221431
0.49737 0.50263 0.00220983 0.00220983
0.49778 0.50222 0.00218189 0.00218189
0.49752 0.50248 0.00221936 0.00221936
0.49726 0.50274 0.00215419 0.00215419
0.49717 0.50283 0.00217525 0.00217525
0.49735 0.50265 0.00214439 0.00214439
0.49764 0.50236 0.00209965 0.00209965
0.49785 0.50215 0.0020835 0.0020835
0.49782 0.50218 0.00206445 0.00206445
0.49787 0.50213 0.00209518 0.00209518
0.49798 0.50202 0.00212523 0.00212523
0.49812 0.50188 0.00214407 0.00214407
0.49833 0.50167 0.00215628 0.00215628
0.49821 0.50179 0.00216877 0.00216877
0.49758 0.50242 0.00215297 0.00215297
0.49751 0.50249 0.00215088 0.00215088
0.49815 0.50185 0.00215294 0.00215294
0.49767 0.50233 0.00219283 0.00219283
0.49748 0.50252 0.00220961 0.00220961
0.49784 0.50216 0.00221448 0.00221448
0.49733 0.50267 0.00225216 0.00225216
0.49684 0.50316 0.00229262 0.00229262
0.49712 0.50288 0.00226116 0.00226116
0.49698 0.50302 0.00228315 0.00228315
0.49741 0.50259 0.00227467 0.00227467
0.49748 0.50252 0.00228053 0.00228053
0.49753 0.50247 0.00227445 0.00227445
0.49761 0.50239 0.00228642 0.00228642
0.49733 0.50267 0.0022455 0.0022455
0.49784 0.50216 0.00227385 0.00227385
0.49718 0.50282 0.00232029 0.00232029
0.49745 0.50255 0.00233871 0.00233871
0.49764 0.50236 0.00233199 0.00233199
0.49734 0.50266 0.00239784 0.00239784
0.49794 0.50206 0.0023861 0.0023861
0.49817 0.50183 0.00237927 0.00237927
0.4986 0.5014 0.00236335 0.00236335
0.49839 0.50161 0.00238572 0.00238572
0.49857 0.50143 0.00235425 0.00235425
0.49832 0.50168 0.00233662 0.00233662
0.49827 0.50173 0.00230525 0.00230525
