0.50001 0.49999 1.09393e-05 1.09393e-05
0.50004 0.49996 2.2261e-05 2.2261e-05
0.50078 0.49922 3.34663e-05 3.34663e-05
0.50056 0.49944 4.15418e-05 4.15418e-05
0.50101 0.49899 4.53837e-05 4.53837e-05
0.50132 0.49868 6.39168e-05 6.39168e-05
0.50127 0.49873 7.60577e-05 7.60577e-05
0.50096 0.49904 8.56347e-05 8.56347e-05
0.50091 0.49909 0.000107699 0.000107699
0.50096 0.49904 0.000112786 0.000112786
0.50093 0.49907 0.00011645 0.00011645
0.50109 0.49891 0.000122224 0.000122224
0.50112 0.49888 0.00013245 0.00013245
0.50117 0.49883 0.00014192 0.00014192
0.5012 0.4988 0.000156848 0.000156848
0.50123 0.49877 0.000166482 0.000166482
0.50121 0.49879 0.000183865 0.000183865
0.50133 0.49867 0.000212668 0.000212668
0.50096 0.49904 0.000216847 0.000216847
0.50103 0.49897 0.000232393 0.000232393
0.50098 0.49902 0.000255232 0.000255232
0.50157 0.49843 0.000273318 0.000273318
0.50132 0.49868 0.000268341 0.000268341
0.50159 0.49841 0.000260972 0.000260972
0.50096 0.49904 0.000284503 0.000284503
0.50106 0.49894 0.000293936 0.000293936
0.50136 0.49864 0.000303505 0.000303505
0.50145 0.49855 0.000307765 0.000307765
0.50134 0.49866 0.000314489 0.000314489
0.50154 0.49846 0.00032716 0.00032716
0.50137 0.49863 0.000338316 0.000338316
0.50132 0.49868 0.000356038 0.000356038
0.50166 0.49834 0.000362914 0.000362914
0.50129 0.49871 0.00035241 0.00035241
0.50126 0.49874 0.000365507 0.000365507
0.50126 0.49874 0.000378699 0.000378699
0.50132 0.49868 0.000396482 0.000396482
0.50157 0.49843 0.00039746 0.00039746
0.50154 0.49846 0.000388008 0.000388008
0.50166 0.49834 0.000383742 0.000383742
0.50161 0.49839 0.0003902 0.0003902
0.50174 0.49826 0.000397487 0.000397487
0.50143 0.49857 0.000391258 0.000391258
0.50163 0.49837 0.00040769 0.00040769
0.50191 0.49809 0.000437254 0.000437254
0.50173 0.49827 0.00044925 0.00044925
0.50149 0.49851 0.000450959 0.000450959
0.50111 0.49889 0.000455654 0.000455654
0.50105 0.49895 0.000466876 0.000466876
0.50062 0.49938 0.000465187 0.000465187
0.5006 0.4994 0.000491495 0.000491495
0.50069 0.49931 0.000494378 0.000494378
0.5004 0.4996 0.000494687 0.000494687
0.50029 0.49971 0.000502471 0.000502471
0.4999 0.5001 0.000507909 0.000507909
0.49968 0.50032 0.000510321 0.000510321
0.50007 0.49993 0.000520631 0.000520631
0.50005 0.49995 0.000532997 0.000532997
0.49983 0.50017 0.00052992 0.00052992
0.49992 0.50008 0.000516963 0.000516963
0.50026 0.49974 0.000519225 0.000519225
0.50055 0.49945 0.000501179 0.000501179
0.50045 0.49955 0.000495745 0.000495745
0.50084 0.49916 0.000499085 0.000499085
0.50074 0.49926 0.000513467 0.000513467
0.50097 0.49903 0.00051611 0.00051611
0.50086 0.49914 0.000535556 0.000535556
0.50127 0.49873 0.000524644 0.000524644
0.50153 0.49847 0.000511969 0.000511969
0.50086 0.49914 0.000533051 0.000533051
0.50113 0.49887 0.000526215 0.000526215
0.50128 0.49872 0.00052784 0.00052784
0.50126 0.49874 0.00055173 0.00055173
0.50084 0.49916 0.000558257 0.000558257
0.5012 0.4988 0.000577636 0.000577636
0.50133 0.49867 0.000564547 0.000564547
0.50137 0.49863 0.000571993 0.000571993
0.50119 0.49881 0.000568256 0.000568256
0.50173 0.49827 0.000584442 0.000584442
0.50196 0.49804 0.000589756 0.000589756
0.50142 0.49858 0.000583236 0.000583236
0.50113 0.49887 0.000606094 0.000606094
0.50107 0.49893 0.000606551 0.000606551
0.50109 0.49891 0.000628386 0.000628386
0.50112 0.49888 0.00062045 0.00062045
0.50125 0.49875 0.000621199 0.000621199
0.50105 0.49895 0.000624371 0.000624371
0.50125 0.49875 0.00063922 0.00063922
0.50101 0.49899 0.000646495 0.000646495
0.50099 0.49901 0.000652616 0.000652616
0.50119 0.49881 0.000663206 0.000663206
0.50174 0.49826 0.000668396 0.000668396
0.50088 0.49912 0.000692511 0.000692511
0.50055 0.49945 0.000689523 0.000689523
0.5011 0.4989 0.000717828 0.000717828
0.50128 0.49872 0.000717658 0.000717658
0.50161 0.49839 0.000731069 0.000731069
0.5019 0.4981 0.000730091 0.000730091
0.50184 0.49816 0.000752217 0.000752217
0.50188 0.49812 0.000763501 0.000763501
0.50179 0.49821 0.000784955 0.000784955
0.50174 0.49826 0.000769811 0.000769811
0.50224 0.49776 0.000787578 0.000787578
0.50216 0.49784 0.000795631 0.000795631
0.50169 0.49831 0.000783347 0.000783347
0.5016 0.4984 0.000768202 0.000768202
0.50153 0.49847 0.000766635 0.000766635
0.50119 0.49881 0.000776014 0.000776014
0.50126 0.49874 0.000782174 0.000782174
0.50141 0.49859 0.00077881 0.00077881
0.5017 0.4983 0.000794192 0.000794192
0.50125 0.49875 0.000815725 0.000815725
0.501 0.499 0.000819838 0.000819838
0.50036 0.49964 0.000819667 0.000819667
0.50032 0.49968 0.000825573 0.000825573
0.50034 0.49966 0.000809419 0.000809419
0.50029 0.49971 0.00081942 0.00081942
0.50022 0.49978 0.000841163 0.000841163
0.50057 0.49943 0.000846288 0.000846288
0.50054 0.49946 0.000838453 0.000838453
0.50007 0.49993 0.000879298 0.000879298
0.50051 0.49949 0.000907061 0.000907061
0.50012 0.49988 0.000923198 0.000923198
0.5004 0.4996 0.000915495 0.000915495
0.5005 0.4995 0.000919747 0.000919747
0.50098 0.49902 0.000890242 0.000890242
0.50084 0.49916 0.000879085 0.000879085
0.50087 0.49913 0.000873427 0.000873427
0.49999 0.50001 0.000894394 0.000894394
0.50022 0.49978 0.000932719 0.000932719
0.50012 0.49988 0.000925723 0.000925723
0.50093 0.49907 0.000907298 0.000907298
0.50072 0.49928 0.000899577 0.000899577
0.50054 0.49946 0.000885544 0.000885544
0.50033 0.49967 0.000886547 0.000886547
0.50011 0.49989 0.000859392 0.000859392
0.50028 0.49972 0.000890062 0.000890062
0.50073 0.49927 0.000899916 0.000899916
0.50066 0.49934 0.000879419 0.000879419
0.50049 0.49951 0.000849182 0.000849182
0.50072 0.49928 0.000853658 0.000853658
0.50051 0.49949 0.000864111 0.000864111
0.50012 0.49988 0.000889238 0.000889238
0.50005 0.49995 0.000899361 0.000899361
0.50018 0.49982 0.000916493 0.000916493
0.50002 0.49998 0.000901697 0.000901697
0.50063 0.49937 0.000916417 0.000916417
0.50051 0.49949 0.000899061 0.000899061
0.50079 0.49921 0.000906208 0.000906208
0.50098 0.49902 0.00094505 0.00094505
0.50105 0.49895 0.00094324 0.00094324
0.50116 0.49884 0.000935489 0.000935489
0.50061 0.49939 0.000932341 0.000932341
0.50031 0.49969 0.000933145 0.000933145
0.50015 0.49985 0.000897886 0.000897886
0.50029 0.49971 0.000871602 0.000871602
0.50022 0.49978 0.000831022 0.000831022
0.49943 0.50057 0.000826591 0.000826591
0.49943 0.50057 0.000818833 0.000818833
0.4999 0.5001 0.000800838 0.000800838
0.50044 0.49956 0.000828552 0.000828552
0.50024 0.49976 0.000828083 0.000828083
0.50024 0.49976 0.000862326 0.000862326
0.50024 0.49976 0.000861982 0.000861982
0.49991 0.50009 0.00084283 0.00084283
0.49975 0.50025 0.000840795 0.000840795
0.49943 0.50057 0.000827217 0.000827217
0.49953 0.50047 0.000826211 0.000826211
0.49973 0.50027 0.000833593 0.000833593
0.50014 0.49986 0.000833334 0.000833334
0.49985 0.50015 0.000818492 0.000818492
0.49958 0.50042 0.000800307 0.000800307
0.49995 0.50005 0.00082229 0.00082229
0.50001 0.49999 0.000818535 0.000818535
0.49989 0.50011 0.000840705 0.000840705
0.50001 0.49999 0.000831747 0.000831747
0.49975 0.50025 0.000835644 0.000835644
0.4996 0.5004 0.000858444 0.000858444
0.49956 0.50044 0.000866552 0.000866552
0.49954 0.50046 0.000890675 0.000890675
0.49983 0.50017 0.000861941 0.000861941
0.49958 0.50042 0.000885337 0.000885337
0.49972 0.50028 0.000898123 0.000898123
0.49979 0.50021 0.000918753 0.000918753
0.50011 0.49989 0.000924604 0.000924604
0.50043 0.49957 0.000945722 0.000945722
0.50053 0.49947 0.000944736 0.000944736
0.49991 0.50009 0.000955073 0.000955073
0.49923 0.50077 0.000948199 0.000948199
0.4995 0.5005 0.000967687 0.000967687
0.49943 0.50057 0.00096152 0.00096152
0.49918 0.50082 0.000957301 0.000957301
0.49974 0.50026 0.000974073 0.000974073
0.49954 0.50046 0.00100098 0.00100098
0.49942 0.50058 0.00103356 0.00103356
0.49863 0.50137 0.00103094 0.00103094
0.49865 0.50135 0.00103732 0.00103732
0.49941 0.50059 0.00102295 0.00102295
0.49901 0.50099 0.00102409 0.00102409
0.49941 0.50059 0.00106105 0.00106105
0.49994 0.50006 0.00104996 0.00104996
0.4999 0.5001 0.00107021 0.00107021
0.4996 0.5004 0.00106483 0.00106483
0.49929 0.50071 0.00107431 0.00107431
0.49979 0.50021 0.00107984 0.00107984
0.49982 0.50018 0.00112777 0.00112777
0.4999 0.5001 0.00110183 0.00110183
0.5006 0.4994 0.00113238 0.00113238
0.50068 0.49932 0.0011342 0.0011342
0.50091 0.49909 0.00111336 0.00111336
0.50114 0.49886 0.00110447 0.00110447
0.50028 0.49972 0.00110459 0.00110459
0.50034 0.49966 0.00109122 0.00109122
0.49982 0.50018 0.00110001 0.00110001
0.49976 0.50024 0.00109485 0.00109485
0.4993 0.5007 0.00111413 0.00111413
0.49956 0.50044 0.00113239 0.00113239
0.4998 0.5002 0.00110394 0.00110394
0.49984 0.50016 0.00113765 0.00113765
0.50035 0.49965 0.0011548 0.0011548
0.5004 0.4996 0.00115103 0.00115103
0.5 0.5 0.00113275 0.00113275
0.49958 0.50042 0.00116354 0.00116354
0.49956 0.50044 0.00114833 0.00114833
0.49966 0.50034 0.00112483 0.00112483
0.50004 0.49996 0.00110359 0.00110359
0.50033 0.49967 0.00109933 0.00109933
0.50047 0.49953 0.00113185 0.00113185
0.50037 0.49963 0.00114571 0.00114571
0.50038 0.49962 0.00115798 0.00115798
0.50028 0.49972 0.00118117 0.00118117
0.50062 0.49938 0.00121313 0.00121313
0.5012 0.4988 0.00120653 0.00120653
0.50094 0.49906 0.00121305 0.00121305
0.50095 0.49905 0.00119486 0.00119486
0.50066 0.49934 0.00118089 0.00118089
0.50036 0.49964 0.00117452 0.00117452
0.50109 0.49891 0.00121679 0.00121679
0.50129 0.49871 0.00121601 0.00121601
0.50108 0.49892 0.00126519 0.00126519
0.50091 0.49909 0.00129816 0.00129816
0.50091 0.49909 0.00134396 0.00134396
0.50112 0.49888 0.00132356 0.00132356
0.50094 0.49906 0.00133123 0.00133123
0.50103 0.49897 0.00134585 0.00134585
0.50116 0.49884 0.00135014 0.00135014
0.50147 0.49853 0.00138989 0.00138989
0.50112 0.49888 0.00140089 0.00140089
0.50117 0.49883 0.00138061 0.00138061
0.50089 0.49911 0.00139111 0.00139111
0.50138 0.49862 0.00138478 0.00138478
0.50145 0.49855 0.00137613 0.00137613
0.5012 0.4988 0.00137713 0.00137713
0.50114 0.49886 0.0013683 0.0013683
0.50155 0.49845 0.00138754 0.00138754
0.50148 0.49852 0.00140851 0.00140851
0.50178 0.49822 0.0014053 0.0014053
0.50179 0.49821 0.00143314 0.00143314
0.50194 0.49806 0.00144119 0.00144119
0.50159 0.49841 0.00143675 0.00143675
0.50126 0.49874 0.00146492 0.00146492
0.50084 0.49916 0.00146161 0.00146161
0.50092 0.49908 0.00148587 0.00148587
0.50071 0.49929 0.00150374 0.00150374
0.50073 0.49927 0.00152371 0.00152371
0.50058 0.49942 0.00152736 0.00152736
0.50104 0.49896 0.00153675 0.00153675
0.50079 0.49921 0.00154615 0.00154615
0.5003 0.4997 0.00155953 0.00155953
0.49992 0.50008 0.00152034 0.00152034
0.50016 0.49984 0.00156868 0.00156868
0.50039 0.49961 0.00156337 0.00156337
0.50025 0.49975 0.00154322 0.00154322
0.5 0.5 0.00155891 0.00155891
0.49947 0.50053 0.00157995 0.00157995
0.49937 0.50063 0.00159636 0.00159636
0.49912 0.50088 0.00163106 0.00163106
0.49925 0.50075 0.00165548 0.00165548
0.49915 0.50085 0.00160247 0.00160247
0.49986 0.50014 0.00165337 0.00165337
0.49939 0.50061 0.00170024 0.00170024
0.49965 0.50035 0.0017196 0.0017196
0.50001 0.49999 0.00168744 0.00168744
0.50001 0.49999 0.00164546 0.00164546
0.50026 0.49974 0.00157834 0.00157834
0.5 0.5 0.00154786 0.00154786
0.49982 0.50018 0.00158455 0.00158455
0.49979 0.50021 0.00159037 0.00159037
0.49987 0.50013 0.00158973 0.00158973
0.50042 0.49958 0.0016177 0.0016177
0.50043 0.49957 0.00161368 0.00161368
0.50099 0.49901 0.00160478 0.00160478
0.50138 0.49862 0.00159428 0.00159428
0.5013 0.4987 0.00160654 0.00160654
0.5013 0.4987 0.00157458 0.00157458
0.50121 0.49879 0.00156621 0.00156621
0.50098 0.49902 0.00158432 0.00158432
0.50078 0.49922 0.00158981 0.00158981
0.50071 0.49929 0.00160512 0.00160512
0.5008 0.4992 0.00162949 0.00162949
0.50089 0.49911 0.00159289 0.00159289
0.50135 0.49865 0.0015917 0.0015917
0.50169 0.49831 0.00162115 0.00162115
0.50164 0.49836 0.00156019 0.00156019
0.50166 0.49834 0.00154756 0.00154756
0.50191 0.49809 0.00151388 0.00151388
0.50176 0.49824 0.00151762 0.00151762
0.50155 0.49845 0.00155785 0.00155785
0.50149 0.49851 0.00154852 0.00154852
0.50113 0.49887 0.0015608 0.0015608
0.50134 0.49866 0.00160922 0.00160922
0.50153 0.49847 0.00165229 0.00165229
0.50213 0.49787 0.00166486 0.00166486
0.50117 0.49883 0.00165917 0.00165917
0.50099 0.49901 0.00165716 0.00165716
0.50105 0.49895 0.00165851 0.00165851
0.50129 0.49871 0.00167235 0.00167235
0.50135 0.49865 0.00167092 0.00167092
0.50113 0.49887 0.00170343 0.00170343
0.50092 0.49908 0.00175622 0.00175622
0.50129 0.49871 0.00178138 0.00178138
0.50099 0.49901 0.00179583 0.00179583
0.50072 0.49928 0.00180226 0.00180226
0.50078 0.49922 0.00180429 0.00180429
0.50097 0.49903 0.0018034 0.0018034
0.50132 0.49868 0.00180398 0.00180398
0.50104 0.49896 0.00179495 0.00179495
0.50069 0.49931 0.00174975 0.00174975
0.50041 0.49959 0.00172222 0.00172222
0.50097 0.49903 0.00173817 0.00173817
0.50118 0.49882 0.00174318 0.00174318
0.50097 0.49903 0.00172688 0.00172688
0.50109 0.49891 0.00173687 0.00173687
0.50137 0.49863 0.00172141 0.00172141
0.50128 0.49872 0.00169061 0.00169061
0.501 0.499 0.0016558 0.0016558
0.50117 0.49883 0.00168564 0.00168564
0.50132 0.49868 0.00171058 0.00171058
0.50147 0.49853 0.00169282 0.00169282
0.50141 0.49859 0.00171067 0.00171067
0.50139 0.49861 0.00173006 0.00173006
0.50148 0.49852 0.0017074 0.0017074
0.50121 0.49879 0.00168532 0.00168532
0.50162 0.49838 0.00169238 0.00169238
0.50204 0.49796 0.00171745 0.00171745
0.50202 0.49798 0.00174705 0.00174705
0.50156 0.49844 0.00171665 0.00171665
0.5014 0.4986 0.00170673 0.00170673
0.50094 0.49906 0.00171394 0.00171394
0.50074 0.49926 0.00171906 0.00171906
0.50054 0.49946 0.00173894 0.00173894
0.50034 0.49966 0.00174229 0.00174229
0.5003 0.4997 0.00170841 0.00170841
0.50052 0.49948 0.00172924 0.00172924
0.50097 0.49903 0.00171736 0.00171736
0.50077 0.49923 0.00170246 0.00170246
0.50112 0.49888 0.00172742 0.00172742
0.5006 0.4994 0.00173701 0.00173701
0.50052 0.49948 0.00169813 0.00169813
0.50058 0.49942 0.0017192 0.0017192
0.50063 0.49937 0.0017183 0.0017183
0.50093 0.49907 0.00171594 0.00171594
0.50094 0.49906 0.00171779 0.00171779
0.50125 0.49875 0.00173053 0.00173053
0.50044 0.49956 0.001741 0.001741
0.50045 0.49955 0.001731 0.001731
0.50095 0.49905 0.00172617 0.00172617
0.50067 0.49933 0.00168103 0.00168103
0.50104 0.49896 0.00165208 0.00165208
0.50085 0.49915 0.0016557 0.0016557
0.5009 0.4991 0.00165508 0.00165508
0.50082 0.49918 0.00163775 0.00163775
0.50089 0.49911 0.00166862 0.00166862
0.50089 0.49911 0.00165743 0.00165743
0.5014 0.4986 0.00162911 0.00162911
0.50098 0.49902 0.00164663 0.00164663
0.50031 0.49969 0.00169173 0.00169173
0.50001 0.49999 0.00163868 0.00163868
0.50025 0.49975 0.00164758 0.00164758
0.50026 0.49974 0.00167444 0.00167444
0.50042 0.49958 0.00167243 0.00167243
0.50029 0.49971 0.0016614 0.0016614
0.49985 0.50015 0.00168379 0.00168379
0.49989 0.50011 0.00170022 0.00170022
0.49976 0.50024 0.00169059 0.00169059
0.49998 0.50002 0.00170923 0.00170923
0.50033 0.49967 0.00171768 0.00171768
0.49983 0.50017 0.00169111 0.00169111
0.49965 0.50035 0.0017011 0.0017011
0.49981 0.50019 0.00169973 0.00169973
0.49934 0.50066 0.00172592 0.00172592
0.49933 0.50067 0.00172352 0.00172352
0.49977 0.50023 0.00172038 0.00172038
0.50009 0.49991 0.00176281 0.00176281
0.50003 0.49997 0.00176197 0.00176197
0.50042 0.49958 0.00176023 0.00176023
0.50002 0.49998 0.00176669 0.00176669
0.49994 0.50006 0.00175297 0.00175297
0.49951 0.50049 0.00176993 0.00176993
0.49956 0.50044 0.00172128 0.00172128
0.49931 0.50069 0.00172626 0.00172626
0.49929 0.50071 0.00172489 0.00172489
0.49941 0.50059 0.00174028 0.00174028
0.49885 0.50115 0.00178219 0.00178219
0.49906 0.50094 0.0017704 0.0017704
0.49927 0.50073 0.00175474 0.00175474
0.49914 0.50086 0.00180018 0.00180018
0.49955 0.50045 0.00178407 0.00178407
0.49938 0.50062 0.00180979 0.00180979
0.49874 0.50126 0.00179082 0.00179082
0.49926 0.50074 0.00177658 0.00177658
0.49947 0.50053 0.0018146 0.0018146
0.50002 0.49998 0.00190442 0.00190442
0.50008 0.49992 0.00186389 0.00186389
0.49975 0.50025 0.00184688 0.00184688
0.49992 0.50008 0.00187519 0.00187519
0.49966 0.50034 0.00186536 0.00186536
0.49964 0.50036 0.00184104 0.00184104
0.49958 0.50042 0.00180526 0.00180526
0.4997 0.5003 0.00185688 0.00185688
0.49929 0.50071 0.00187639 0.00187639
0.49967 0.50033 0.00183305 0.00183305
0.49962 0.50038 0.00182208 0.00182208
0.49982 0.50018 0.0018553 0.0018553
0.50007 0.49993 0.00184932 0.00184932
0.49977 0.50023 0.00184874 0.00184874
0.49963 0.50037 0.00188434 0.00188434
0.49948 0.50052 0.00189146 0.00189146
0.49943 0.50057 0.00187528 0.00187528
0.50022 0.49978 0.00188482 0.00188482
0.49957 0.50043 0.00189522 0.00189522
0.49932 0.50068 0.00191349 0.00191349
0.49894 0.50106 0.00192674 0.00192674
0.49906 0.50094 0.00193291 0.00193291
0.49958 0.50042 0.00197808 0.00197808
0.49881 0.50119 0.00199226 0.00199226
0.49864 0.50136 0.00200591 0.00200591
0.49895 0.50105 0.00201966 0.00201966
0.49907 0.50093 0.00195988 0.00195988
0.49874 0.50126 0.00196545 0.00196545
0.49864 0.50136 0.00201041 0.00201041
0.49884 0.50116 0.00201476 0.00201476
0.49917 0.50083 0.00202841 0.00202841
0.49942 0.50058 0.00202208 0.00202208
0.49976 0.50024 0.00202164 0.00202164
0.50026 0.49974 0.00199217 0.00199217
0.50074 0.49926 0.00206127 0.00206127
0.50106 0.49894 0.00201535 0.00201535
0.50163 0.49837 0.00201775 0.00201775
0.50162 0.49838 0.00199155 0.00199155
0.50118 0.49882 0.00199278 0.00199278
0.50116 0.49884 0.00202731 0.00202731
0.50116 0.49884 0.00200801 0.00200801
0.50145 0.49855 0.00200974 0.00200974
0.50148 0.49852 0.00198649 0.00198649
0.50154 0.49846 0.00200548 0.00200548
0.50146 0.49854 0.00204427 0.00204427
0.50129 0.49871 0.00206938 0.00206938
0.50133 0.49867 0.00207257 0.00207257
0.50104 0.49896 0.00204691 0.00204691
0.50105 0.49895 0.00202981 0.00202981
0.50076 0.49924 0.00207255 0.00207255
0.50052 0.49948 0.00203605 0.00203605
0.50042 0.49958 0.00210295 0.00210295
0.50056 0.49944 0.00213566 0.00213566
0.50087 0.49913 0.00212325 0.00212325
0.50116 0.49884 0.00208248 0.00208248
0.50098 0.49902 0.00207719 0.00207719
0.50162 0.49838 0.00209046 0.00209046
0.50122 0.49878 0.00208009 0.00208009
0.50107 0.49893 0.0020618 0.0020618
0.50095 0.49905 0.002087 0.002087
0.50091 0.49909 0.00210406 0.00210406
0.50045 0.49955 0.00204146 0.00204146
0.50046 0.49954 0.00200526 0.00200526
0.50032 0.49968 0.00203596 0.00203596
0.50011 0.49989 0.00202345 0.00202345
0.50035 0.49965 0.00206758 0.00206758
0.50022 0.49978 0.00203528 0.00203528
0.50044 0.49956 0.00208548 0.00208548
0.50037 0.49963 0.00207822 0.00207822
0.49995 0.50005 0.00209116 0.00209116
0.49958 0.50042 0.00213184 0.00213184
0.49949 0.50051 0.00219367 0.00219367
0.49963 0.50037 0.00219088 0.00219088
0.49935 0.50065 0.00216795 0.00216795
0.49952 0.50048 0.00218417 0.00218417
0.49968 0.50032 0.00221636 0.00221636
0.49996 0.50004 0.00219628 0.00219628
0.50008 0.49992 0.0021751 0.0021751
0.49975 0.50025 0.0021551 0.0021551
0.50003 0.49997 0.00212839 0.00212839
0.50064 0.49936 0.00214797 0.00214797
0.50026 0.49974 0.0021484 0.0021484
0.50077 0.49923 0.00213551 0.00213551
0.50046 0.49954 0.0021227 0.0021227
0.50107 0.49893 0.00211998 0.00211998
0.50147 0.49853 0.00209308 0.00209308
0.50123 0.49877 0.00209018 0.00209018
0.50122 0.49878 0.00209393 0.00209393
