0.49549 0.50451 5.79898e-05 5.79898e-05
0.49322 0.50678 0.000126577 0.000126577
0.48952 0.51048 0.00021302 0.00021302
0.48684 0.51316 0.000346075 0.000346075
0.4857 0.5143 0.000429949 0.000429949
0.48368 0.51632 0.000488078 0.000488078
0.48257 0.51743 0.000584147 0.000584147
0.48125 0.51875 0.000674412 0.000674412
0.48049 0.51951 0.000792919 0.000792919
0.47906 0.52094 0.000871734 0.000871734
0.47755 0.52245 0.000930169 0.000930169
0.47586 0.52414 0.00104703 0.00104703
0.47466 0.52534 0.00114295 0.00114295
0.47334 0.52666 0.00124085 0.00124085
0.47297 0.52703 0.00130773 0.00130773
0.47206 0.52794 0.00139581 0.00139581
0.47169 0.52831 0.00143032 0.00143032
0.47116 0.52884 0.00148486 0.00148486
0.47058 0.52942 0.00150073 0.00150073
0.47001 0.52999 0.001543 0.001543
0.46957 0.53043 0.00155992 0.00155992
0.46909 0.53091 0.00158313 0.00158313
0.46887 0.53113 0.00161858 0.00161858
0.46807 0.53193 0.00162372 0.00162372
0.46785 0.53215 0.00164904 0.00164904
0.46772 0.53228 0.00166733 0.00166733
0.46734 0.53266 0.00167368 0.00167368
0.46729 0.53271 0.00169643 0.00169643
0.46695 0.53305 0.00170633 0.00170633
0.46686 0.53314 0.00175343 0.00175343
0.4666 0.5334 0.00177958 0.00177958
0.46641 0.53359 0.00179228 0.00179228
0.46635 0.53365 0.00178643 0.00178643
0.46621 0.53379 0.00178366 0.00178366
0.46592 0.53408 0.00178232 0.00178232
0.46585 0.53415 0.00179251 0.00179251
0.46561 0.53439 0.0018046 0.0018046
0.46559 0.53441 0.00181598 0.00181598
0.46571 0.53429 0.00183324 0.00183324
0.46566 0.53434 0.00183144 0.00183144
0.46547 0.53453 0.00183708 0.00183708
0.46542 0.53458 0.00185641 0.00185641
0.46531 0.53469 0.00186801 0.00186801
0.46515 0.53485 0.0018657 0.0018657
0.46489 0.53511 0.00187361 0.00187361
0.46488 0.53512 0.00187825 0.00187825
0.46486 0.53514 0.0018783 0.0018783
0.46486 0.53514 0.00189531 0.00189531
0.46488 0.53512 0.00189475 0.00189475
0.46478 0.53522 0.00188446 0.00188446
0.46478 0.53522 0.0018852 0.0018852
0.46477 0.53523 0.0018921 0.0018921
0.46465 0.53535 0.00189659 0.00189659
0.46462 0.53538 0.00189862 0.00189862
0.46462 0.53538 0.00190424 0.00190424
0.46459 0.53541 0.00190172 0.00190172
0.4646 0.5354 0.0019076 0.0019076
0.46444 0.53556 0.00191071 0.00191071
0.46441 0.53559 0.00190835 0.00190835
0.46448 0.53552 0.00191092 0.00191092
0.4645 0.5355 0.00190835 0.00190835
0.46442 0.53558 0.00190651 0.00190651
0.46446 0.53554 0.00190573 0.00190573
0.46435 0.53565 0.00190574 0.00190574
0.46432 0.53568 0.00190638 0.00190638
0.4642 0.5358 0.00190964 0.00190964
0.46423 0.53577 0.00191145 0.00191145
0.46427 0.53573 0.00191317 0.00191317
0.4642 0.5358 0.00191547 0.00191547
0.46421 0.53579 0.00191063 0.00191063
0.46417 0.53583 0.0019137 0.0019137
0.46414 0.53586 0.00191768 0.00191768
0.46417 0.53583 0.0019221 0.0019221
0.4642 0.5358 0.0019257 0.0019257
0.46422 0.53578 0.00192557 0.00192557
0.4642 0.5358 0.0019239 0.0019239
0.46421 0.53579 0.00192518 0.00192518
0.46425 0.53575 0.00192952 0.00192952
0.46425 0.53575 0.00192651 0.00192651
0.46425 0.53575 0.00192667 0.00192667
0.46427 0.53573 0.00192515 0.00192515
0.46428 0.53572 0.00192635 0.00192635
0.46433 0.53567 0.00192608 0.00192608
0.46429 0.53571 0.00192708 0.00192708
0.46426 0.53574 0.00192407 0.00192407
0.46426 0.53574 0.00192127 0.00192127
0.46425 0.53575 0.00192148 0.00192148
0.46426 0.53574 0.00192353 0.00192353
0.46425 0.53575 0.00192516 0.00192516
0.46425 0.53575 0.00192609 0.00192609
0.4643 0.5357 0.0019289 0.0019289
0.46433 0.53567 0.00193315 0.00193315
0.46432 0.53568 0.00193254 0.00193254
0.46429 0.53571 0.00193219 0.00193219
0.46429 0.53571 0.00193302 0.00193302
0.46431 0.53569 0.00193365 0.00193365
0.4643 0.5357 0.00193492 0.00193492
0.46425 0.53575 0.00192853 0.00192853
0.46427 0.53573 0.00192965 0.00192965
0.46428 0.53572 0.0019297 0.0019297
0.46427 0.53573 0.00192977 0.00192977
0.46428 0.53572 0.00193259 0.00193259
0.46428 0.53572 0.00193376 0.00193376
0.46429 0.53571 0.00193409 0.00193409
0.4643 0.5357 0.00193458 0.00193458
0.46429 0.53571 0.00193447 0.00193447
0.46429 0.53571 0.00193447 0.00193447
0.46428 0.53572 0.00193352 0.00193352
0.46428 0.53572 0.0019336 0.0019336
0.46429 0.53571 0.0019338 0.0019338
0.46428 0.53572 0.00193404 0.00193404
0.46426 0.53574 0.00193254 0.00193254
0.46427 0.53573 0.00193157 0.00193157
0.4643 0.5357 0.00193148 0.00193148
0.4643 0.5357 0.00193161 0.00193161
0.4643 0.5357 0.00193161 0.00193161
0.46428 0.53572 0.0019341 0.0019341
0.46429 0.53571 0.00193562 0.00193562
0.46429 0.53571 0.00193562 0.00193562
0.4643 0.5357 0.0019367 0.0019367
0.4643 0.5357 0.0019367 0.0019367
0.46431 0.53569 0.00193692 0.00193692
0.46431 0.53569 0.00193432 0.00193432
0.46431 0.53569 0.00193432 0.00193432
0.46429 0.53571 0.00193429 0.00193429
0.46429 0.53571 0.00193429 0.00193429
0.46429 0.53571 0.00193429 0.00193429
0.4643 0.5357 0.00193524 0.00193524
0.4643 0.5357 0.00193524 0.00193524
0.4643 0.5357 0.00193524 0.00193524
0.4643 0.5357 0.00193524 0.00193524
0.4643 0.5357 0.00193524 0.00193524
0.46432 0.53568 0.00193555 0.00193555
0.46431 0.53569 0.00193498 0.00193498
0.4643 0.5357 0.00193484 0.00193484
0.4643 0.5357 0.00193484 0.00193484
0.46431 0.53569 0.00193541 0.00193541
0.46431 0.53569 0.00193541 0.00193541
0.46431 0.53569 0.00193541 0.00193541
0.46432 0.53568 0.00193638 0.00193638
0.46431 0.53569 0.00193715 0.00193715
0.46431 0.53569 0.00193715 0.00193715
0.46432 0.53568 0.00193727 0.00193727
0.46431 0.53569 0.0019367 0.0019367
0.46431 0.53569 0.0019367 0.0019367
0.46429 0.53571 0.0019356 0.0019356
0.46429 0.53571 0.0019356 0.0019356
0.4643 0.5357 0.00193575 0.00193575
0.4643 0.5357 0.00193575 0.00193575
0.4643 0.5357 0.00193575 0.00193575
0.4643 0.5357 0.00193575 0.00193575
0.46429 0.53571 0.00193479 0.00193479
0.46429 0.53571 0.00193479 0.00193479
0.46429 0.53571 0.00193479 0.00193479
0.46429 0.53571 0.00193479 0.00193479
0.46429 0.53571 0.00193479 0.00193479
0.46429 0.53571 0.00193479 0.00193479
0.46429 0.53571 0.00193479 0.00193479
0.46429 0.53571 0.00193479 0.00193479
0.46429 0.53571 0.00193479 0.00193479
0.46429 0.53571 0.00193479 0.00193479
0.46429 0.53571 0.00193479 0.00193479
0.46429 0.53571 0.00193477 0.00193477
0.46429 0.53571 0.00193477 0.00193477
0.4643 0.5357 0.00193492 0.00193492
0.4643 0.5357 0.00193492 0.00193492
0.4643 0.5357 0.00193492 0.00193492
0.4643 0.5357 0.00193492 0.00193492
0.4643 0.5357 0.00193492 0.00193492
0.4643 0.5357 0.00193492 0.00193492
0.4643 0.5357 0.00193492 0.00193492
0.4643 0.5357 0.00193492 0.00193492
0.4643 0.5357 0.00193492 0.00193492
0.4643 0.5357 0.00193492 0.00193492
0.46429 0.53571 0.00193429 0.00193429
0.46429 0.53571 0.00193429 0.00193429
0.46429 0.53571 0.00193429 0.00193429
0.46429 0.53571 0.00193429 0.00193429
0.46429 0.53571 0.00193429 0.00193429
0.46429 0.53571 0.00193429 0.00193429
0.46429 0.53571 0.00193429 0.00193429
0.46429 0.53571 0.00193429 0.00193429
0.46429 0.53571 0.00193429 0.00193429
0.4643 0.5357 0.00193456 0.00193456
0.4643 0.5357 0.00193456 0.00193456
0.4643 0.5357 0.00193456 0.00193456
0.4643 0.5357 0.00193456 0.00193456
0.4643 0.5357 0.00193456 0.00193456
0.4643 0.5357 0.00193456 0.00193456
0.4643 0.5357 0.00193456 0.00193456
0.4643 0.5357 0.00193456 0.00193456
0.4643 0.5357 0.00193456 0.00193456
0.4643 0.5357 0.00193456 0.00193456
0.4643 0.5357 0.00193456 0.00193456
0.4643 0.5357 0.00193456 0.00193456
0.4643 0.5357 0.00193456 0.00193456
0.4643 0.5357 0.00193456 0.00193456
0.4643 0.5357 0.00193456 0.00193456
0.4643 0.5357 0.00193456 0.00193456
0.4643 0.5357 0.00193456 0.00193456
0.4643 0.5357 0.00193456 0.00193456
0.4643 0.5357 0.00193456 0.00193456
0.4643 0.5357 0.00193456 0.00193456
0.4643 0.5357 0.00193456 0.00193456
0.4643 0.5357 0.00193456 0.00193456
0.4643 0.5357 0.00193456 0.00193456
0.4643 0.5357 0.00193456 0.00193456
0.4643 0.5357 0.00193456 0.00193456
0.4643 0.5357 0.00193456 0.00193456
0.4643 0.5357 0.00193456 0.00193456
0.4643 0.5357 0.00193456 0.00193456
0.4643 0.5357 0.00193456 0.00193456
0.4643 0.5357 0.00193456 0.00193456
0.4643 0.5357 0.00193456 0.00193456
0.4643 0.5357 0.00193456 0.00193456
0.4643 0.5357 0.00193456 0.00193456
0.4643 0.5357 0.00193456 0.00193456
0.4643 0.5357 0.00193456 0.00193456
0.4643 0.5357 0.00193456 0.00193456
0.4643 0.5357 0.00193456 0.00193456
0.4643 0.5357 0.00193456 0.00193456
0.4643 0.5357 0.00193456 0.00193456
0.4643 0.5357 0.00193456 0.00193456
0.4643 0.5357 0.00193456 0.00193456
0.4643 0.5357 0.00193456 0.00193456
0.4643 0.5357 0.00193456 0.00193456
0.4643 0.5357 0.00193456 0.00193456
0.4643 0.5357 0.00193456 0.00193456
0.4643 0.5357 0.00193456 0.00193456
0.4643 0.5357 0.00193456 0.00193456
0.4643 0.5357 0.00193456 0.00193456
0.4643 0.5357 0.00193456 0.00193456
0.4643 0.5357 0.00193456 0.00193456
0.4643 0.5357 0.00193456 0.00193456
0.4643 0.5357 0.00193456 0.00193456
0.4643 0.5357 0.00193456 0.00193456
0.4643 0.5357 0.00193456 0.00193456
0.4643 0.5357 0.00193456 0.00193456
0.4643 0.5357 0.00193456 0.00193456
0.4643 0.5357 0.00193456 0.00193456
0.4643 0.5357 0.00193456 0.00193456
0.4643 0.5357 0.00193456 0.00193456
0.4643 0.5357 0.00193456 0.00193456
0.4643 0.5357 0.00193456 0.00193456
0.4643 0.5357 0.00193456 0.00193456
0.4643 0.5357 0.00193456 0.00193456
0.4643 0.5357 0.00193456 0.00193456
0.4643 0.5357 0.00193456 0.00193456
0.4643 0.5357 0.00193456 0.00193456
0.4643 0.5357 0.00193456 0.00193456
0.4643 0.5357 0.00193456 0.00193456
0.4643 0.5357 0.00193456 0.00193456
0.4643 0.5357 0.00193456 0.00193456
0.4643 0.5357 0.00193456 0.00193456
0.4643 0.5357 0.00193456 0.00193456
0.4643 0.5357 0.00193456 0.00193456
0.4643 0.5357 0.00193456 0.00193456
0.4643 0.5357 0.00193456 0.00193456
0.4643 0.5357 0.00193456 0.00193456
0.4643 0.5357 0.00193456 0.00193456
0.4643 0.5357 0.00193456 0.00193456
0.4643 0.5357 0.00193456 0.00193456
0.4643 0.5357 0.00193456 0.00193456
0.4643 0.5357 0.00193456 0.00193456
0.4643 0.5357 0.00193456 0.00193456
0.4643 0.5357 0.00193456 0.00193456
0.4643 0.5357 0.00193456 0.00193456
0.4643 0.5357 0.00193456 0.00193456
0.4643 0.5357 0.00193456 0.00193456
0.4643 0.5357 0.00193456 0.00193456
0.4643 0.5357 0.00193456 0.00193456
0.4643 0.5357 0.00193456 0.00193456
0.4643 0.5357 0.00193456 0.00193456
0.4643 0.5357 0.00193456 0.00193456
0.4643 0.5357 0.00193456 0.00193456
0.4643 0.5357 0.00193456 0.00193456
0.4643 0.5357 0.00193456 0.00193456
0.4643 0.5357 0.00193456 0.00193456
0.4643 0.5357 0.00193456 0.00193456
0.4643 0.5357 0.00193456 0.00193456
0.4643 0.5357 0.00193456 0.00193456
0.4643 0.5357 0.00193456 0.00193456
0.4643 0.5357 0.00193456 0.00193456
0.4643 0.5357 0.00193456 0.00193456
0.4643 0.5357 0.00193456 0.00193456
0.4643 0.5357 0.00193456 0.00193456
0.4643 0.5357 0.00193456 0.00193456
0.4643 0.5357 0.00193456 0.00193456
0.4643 0.5357 0.00193456 0.00193456
0.4643 0.5357 0.00193456 0.00193456
0.4643 0.5357 0.00193456 0.00193456
0.4643 0.5357 0.00193456 0.00193456
0.4643 0.5357 0.00193456 0.00193456
0.4643 0.5357 0.00193456 0.00193456
0.4643 0.5357 0.00193456 0.00193456
0.4643 0.5357 0.00193456 0.00193456
0.4643 0.5357 0.00193456 0.00193456
0.4643 0.5357 0.00193456 0.00193456
0.4643 0.5357 0.00193456 0.00193456
0.4643 0.5357 0.00193456 0.00193456
0.4643 0.5357 0.00193456 0.00193456
0.4643 0.5357 0.00193456 0.00193456
0.4643 0.5357 0.00193456 0.00193456
0.4643 0.5357 0.00193456 0.00193456
0.4643 0.5357 0.00193456 0.00193456
0.4643 0.5357 0.00193456 0.00193456
0.4643 0.5357 0.00193456 0.00193456
0.4643 0.5357 0.00193456 0.00193456
0.4643 0.5357 0.00193456 0.00193456
0.4643 0.5357 0.00193456 0.00193456
0.4643 0.5357 0.00193456 0.00193456
0.4643 0.5357 0.00193456 0.00193456
0.4643 0.5357 0.00193456 0.00193456
0.4643 0.5357 0.00193456 0.00193456
0.4643 0.5357 0.00193456 0.00193456
0.4643 0.5357 0.00193456 0.00193456
0.4643 0.5357 0.00193456 0.00193456
0.4643 0.5357 0.00193456 0.00193456
0.4643 0.5357 0.00193456 0.00193456
0.4643 0.5357 0.00193456 0.00193456
0.4643 0.5357 0.00193456 0.00193456
0.4643 0.5357 0.00193456 0.00193456
0.4643 0.5357 0.00193456 0.00193456
0.4643 0.5357 0.00193456 0.00193456
0.4643 0.5357 0.00193456 0.00193456
0.4643 0.5357 0.00193456 0.00193456
0.4643 0.5357 0.00193456 0.00193456
0.4643 0.5357 0.00193456 0.00193456
0.4643 0.5357 0.00193456 0.00193456
0.4643 0.5357 0.00193456 0.00193456
0.4643 0.5357 0.00193456 0.00193456
0.4643 0.5357 0.00193456 0.00193456
0.4643 0.5357 0.00193456 0.00193456
0.4643 0.5357 0.00193456 0.00193456
0.4643 0.5357 0.00193456 0.00193456
0.4643 0.5357 0.00193456 0.00193456
0.4643 0.5357 0.00193456 0.00193456
0.4643 0.5357 0.00193456 0.00193456
0.4643 0.5357 0.00193456 0.00193456
0.4643 0.5357 0.00193456 0.00193456
0.4643 0.5357 0.00193456 0.00193456
0.4643 0.5357 0.00193456 0.00193456
0.4643 0.5357 0.00193456 0.00193456
0.4643 0.5357 0.00193456 0.00193456
0.4643 0.5357 0.00193456 0.00193456
0.4643 0.5357 0.00193456 0.00193456
0.4643 0.5357 0.00193456 0.00193456
0.4643 0.5357 0.00193456 0.00193456
0.4643 0.5357 0.00193456 0.00193456
0.4643 0.5357 0.00193456 0.00193456
0.4643 0.5357 0.00193456 0.00193456
0.4643 0.5357 0.00193456 0.00193456
0.4643 0.5357 0.00193456 0.00193456
0.4643 0.5357 0.00193456 0.00193456
0.4643 0.5357 0.00193456 0.00193456
0.4643 0.5357 0.00193456 0.00193456
0.4643 0.5357 0.00193456 0.00193456
0.4643 0.5357 0.00193456 0.00193456
0.4643 0.5357 0.00193456 0.00193456
0.4643 0.5357 0.00193456 0.00193456
0.4643 0.5357 0.00193456 0.00193456
0.4643 0.5357 0.00193456 0.00193456
0.4643 0.5357 0.00193456 0.00193456
0.4643 0.5357 0.00193456 0.00193456
0.4643 0.5357 0.00193456 0.00193456
0.4643 0.5357 0.00193456 0.00193456
0.4643 0.5357 0.00193456 0.00193456
0.4643 0.5357 0.00193456 0.00193456
0.4643 0.5357 0.00193456 0.00193456
0.4643 0.5357 0.00193456 0.00193456
0.4643 0.5357 0.00193456 0.00193456
0.4643 0.5357 0.00193456 0.00193456
0.4643 0.5357 0.00193456 0.00193456
0.4643 0.5357 0.00193456 0.00193456
0.4643 0.5357 0.00193456 0.00193456
0.4643 0.5357 0.00193456 0.00193456
0.4643 0.5357 0.00193456 0.00193456
0.4643 0.5357 0.00193456 0.00193456
0.4643 0.5357 0.00193456 0.00193456
0.4643 0.5357 0.00193456 0.00193456
0.4643 0.5357 0.00193456 0.00193456
0.4643 0.5357 0.00193456 0.00193456
0.4643 0.5357 0.00193456 0.00193456
0.4643 0.5357 0.00193456 0.00193456
0.4643 0.5357 0.00193456 0.00193456
0.4643 0.5357 0.00193456 0.00193456
0.4643 0.5357 0.00193456 0.00193456
0.4643 0.5357 0.00193456 0.00193456
0.4643 0.5357 0.00193456 0.00193456
0.4643 0.5357 0.00193456 0.00193456
0.4643 0.5357 0.00193456 0.00193456
0.4643 0.5357 0.00193456 0.00193456
0.4643 0.5357 0.00193456 0.00193456
0.4643 0.5357 0.00193456 0.00193456
0.4643 0.5357 0.00193456 0.00193456
0.4643 0.5357 0.00193456 0.00193456
0.4643 0.5357 0.00193456 0.00193456
0.4643 0.5357 0.00193456 0.00193456
0.4643 0.5357 0.00193456 0.00193456
0.4643 0.5357 0.00193456 0.00193456
0.4643 0.5357 0.00193456 0.00193456
0.4643 0.5357 0.00193456 0.00193456
0.4643 0.5357 0.00193456 0.00193456
0.4643 0.5357 0.00193456 0.00193456
0.4643 0.5357 0.00193456 0.00193456
0.4643 0.5357 0.00193456 0.00193456
0.4643 0.5357 0.00193456 0.00193456
0.4643 0.5357 0.00193456 0.00193456
0.4643 0.5357 0.00193456 0.00193456
0.4643 0.5357 0.00193456 0.00193456
0.4643 0.5357 0.00193456 0.00193456
0.4643 0.5357 0.00193456 0.00193456
0.4643 0.5357 0.00193456 0.00193456
0.4643 0.5357 0.00193456 0.00193456
0.4643 0.5357 0.00193456 0.00193456
0.4643 0.5357 0.00193456 0.00193456
0.4643 0.5357 0.00193456 0.00193456
0.4643 0.5357 0.00193456 0.00193456
0.4643 0.5357 0.00193456 0.00193456
0.4643 0.5357 0.00193456 0.00193456
0.4643 0.5357 0.00193456 0.00193456
0.4643 0.5357 0.00193456 0.00193456
0.4643 0.5357 0.00193456 0.00193456
0.4643 0.5357 0.00193456 0.00193456
0.4643 0.5357 0.00193456 0.00193456
0.4643 0.5357 0.00193456 0.00193456
0.4643 0.5357 0.00193456 0.00193456
0.4643 0.5357 0.00193456 0.00193456
0.4643 0.5357 0.00193456 0.00193456
0.4643 0.5357 0.00193456 0.00193456
0.4643 0.5357 0.00193456 0.00193456
0.4643 0.5357 0.00193456 0.00193456
0.4643 0.5357 0.00193456 0.00193456
0.4643 0.5357 0.00193456 0.00193456
0.4643 0.5357 0.00193456 0.00193456
0.4643 0.5357 0.00193456 0.00193456
0.4643 0.5357 0.00193456 0.00193456
0.4643 0.5357 0.00193456 0.00193456
0.4643 0.5357 0.00193456 0.00193456
0.4643 0.5357 0.00193456 0.00193456
0.4643 0.5357 0.00193456 0.00193456
0.4643 0.5357 0.00193456 0.00193456
0.4643 0.5357 0.00193456 0.00193456
0.4643 0.5357 0.00193456 0.00193456
0.4643 0.5357 0.00193456 0.00193456
0.4643 0.5357 0.00193456 0.00193456
0.4643 0.5357 0.00193456 0.00193456
0.4643 0.5357 0.00193456 0.00193456
0.4643 0.5357 0.00193456 0.00193456
0.4643 0.5357 0.00193456 0.00193456
0.4643 0.5357 0.00193456 0.00193456
0.4643 0.5357 0.00193456 0.00193456
0.4643 0.5357 0.00193456 0.00193456
0.4643 0.5357 0.00193456 0.00193456
0.4643 0.5357 0.00193456 0.00193456
0.4643 0.5357 0.00193456 0.00193456
0.4643 0.5357 0.00193456 0.00193456
0.4643 0.5357 0.00193456 0.00193456
0.4643 0.5357 0.00193456 0.00193456
0.4643 0.5357 0.00193456 0.00193456
0.4643 0.5357 0.00193456 0.00193456
0.4643 0.5357 0.00193456 0.00193456
0.4643 0.5357 0.00193456 0.00193456
0.4643 0.5357 0.00193456 0.00193456
0.4643 0.5357 0.00193456 0.00193456
0.4643 0.5357 0.00193456 0.00193456
0.4643 0.5357 0.00193456 0.00193456
0.4643 0.5357 0.00193456 0.00193456
0.4643 0.5357 0.00193456 0.00193456
0.4643 0.5357 0.00193456 0.00193456
0.4643 0.5357 0.00193456 0.00193456
0.4643 0.5357 0.00193456 0.00193456
0.4643 0.5357 0.00193456 0.00193456
0.4643 0.5357 0.00193456 0.00193456
0.4643 0.5357 0.00193456 0.00193456
0.4643 0.5357 0.00193456 0.00193456
0.4643 0.5357 0.00193456 0.00193456
0.4643 0.5357 0.00193456 0.00193456
0.4643 0.5357 0.00193456 0.00193456
0.4643 0.5357 0.00193456 0.00193456
0.4643 0.5357 0.00193456 0.00193456
0.4643 0.5357 0.00193456 0.00193456
0.4643 0.5357 0.00193456 0.00193456
0.4643 0.5357 0.00193456 0.00193456
0.4643 0.5357 0.00193456 0.00193456
0.4643 0.5357 0.00193456 0.00193456
0.4643 0.5357 0.00193456 0.00193456
0.4643 0.5357 0.00193456 0.00193456
0.4643 0.5357 0.00193456 0.00193456
0.4643 0.5357 0.00193456 0.00193456
0.4643 0.5357 0.00193456 0.00193456
0.4643 0.5357 0.00193456 0.00193456
0.4643 0.5357 0.00193456 0.00193456
0.4643 0.5357 0.00193456 0.00193456
0.4643 0.5357 0.00193456 0.00193456
0.4643 0.5357 0.00193456 0.00193456
0.4643 0.5357 0.00193456 0.00193456
0.4643 0.5357 0.00193456 0.00193456
0.4643 0.5357 0.00193456 0.00193456
0.4643 0.5357 0.00193456 0.00193456
