0.49982 0.50018 3.5341e-05 3.5341e-05
0.50018 0.49982 9.3442e-05 9.3442e-05
0.49996 0.50004 0.000168746 0.000168746
0.49981 0.50019 0.000251731 0.000251731
0.49977 0.50023 0.000330058 0.000330058
0.49969 0.50031 0.000447004 0.000447004
0.49953 0.50047 0.000514292 0.000514292
0.49914 0.50086 0.000625253 0.000625253
0.49853 0.50147 0.000708696 0.000708696
0.49882 0.50118 0.000806311 0.000806311
0.49861 0.50139 0.000857513 0.000857513
0.49911 0.50089 0.00091618 0.00091618
0.49906 0.50094 0.000952097 0.000952097
0.49866 0.50134 0.00101243 0.00101243
0.49894 0.50106 0.00110711 0.00110711
0.49887 0.50113 0.0011762 0.0011762
0.49912 0.50088 0.00124281 0.00124281
0.49935 0.50065 0.00130445 0.00130445
0.4992 0.5008 0.0013624 0.0013624
0.4985 0.5015 0.0013828 0.0013828
0.49884 0.50116 0.00145898 0.00145898
0.49822 0.50178 0.00147916 0.00147916
0.49827 0.50173 0.00151907 0.00151907
0.49812 0.50188 0.0015513 0.0015513
0.49803 0.50197 0.00156611 0.00156611
0.49762 0.50238 0.00158497 0.00158497
0.49778 0.50222 0.00164563 0.00164563
0.49775 0.50225 0.0016795 0.0016795
0.49758 0.50242 0.00171568 0.00171568
0.49748 0.50252 0.00173195 0.00173195
0.49752 0.50248 0.00173272 0.00173272
0.49745 0.50255 0.00177358 0.00177358
0.49749 0.50251 0.00180456 0.00180456
0.49741 0.50259 0.0018319 0.0018319
0.49751 0.50249 0.00185322 0.00185322
0.49743 0.50257 0.00186603 0.00186603
0.49746 0.50254 0.00186781 0.00186781
0.49729 0.50271 0.00187993 0.00187993
0.49681 0.50319 0.00191444 0.00191444
0.49708 0.50292 0.00191108 0.00191108
0.49683 0.50317 0.00191893 0.00191893
0.49666 0.50334 0.00193303 0.00193303
0.49637 0.50363 0.00195654 0.00195654
0.49612 0.50388 0.00196148 0.00196148
0.49641 0.50359 0.00200241 0.00200241
0.49627 0.50373 0.00203139 0.00203139
0.4963 0.5037 0.00205904 0.00205904
0.49637 0.50363 0.00208262 0.00208262
0.49643 0.50357 0.00209423 0.00209423
0.49654 0.50346 0.00211991 0.00211991
0.49656 0.50344 0.0021157 0.0021157
0.49673 0.50327 0.00211996 0.00211996
0.49669 0.50331 0.00212898 0.00212898
0.49668 0.50332 0.00215335 0.00215335
0.49673 0.50327 0.00216933 0.00216933
0.49668 0.50332 0.00219281 0.00219281
0.4966 0.5034 0.00218958 0.00218958
0.49665 0.50335 0.00219643 0.00219643
0.49673 0.50327 0.00219654 0.00219654
0.4969 0.5031 0.00218906 0.00218906
0.49689 0.50311 0.00219462 0.00219462
0.49679 0.50321 0.00218328 0.00218328
0.49679 0.50321 0.00217932 0.00217932
0.49669 0.50331 0.00218036 0.00218036
0.49659 0.50341 0.00217901 0.00217901
0.49652 0.50348 0.00217771 0.00217771
0.49664 0.50336 0.00218136 0.00218136
0.49659 0.50341 0.00219249 0.00219249
0.49643 0.50357 0.00218782 0.00218782
0.4963 0.5037 0.00219171 0.00219171
0.49631 0.50369 0.00220363 0.00220363
0.49632 0.50368 0.00221553 0.00221553
0.49644 0.50356 0.00221138 0.00221138
0.4965 0.5035 0.00221874 0.00221874
0.49644 0.50356 0.00221944 0.00221944
0.49654 0.50346 0.00222714 0.00222714
0.49663 0.50337 0.00222557 0.00222557
0.49659 0.50341 0.00223919 0.00223919
0.49647 0.50353 0.00223449 0.00223449
0.49648 0.50352 0.00223272 0.00223272
0.49643 0.50357 0.00223039 0.00223039
0.49638 0.50362 0.0022185 0.0022185
0.49641 0.50359 0.00222156 0.00222156
0.49641 0.50359 0.00222055 0.00222055
0.49632 0.50368 0.00221881 0.00221881
0.49628 0.50372 0.0022239 0.0022239
0.49633 0.50367 0.00223366 0.00223366
0.4964 0.5036 0.00223509 0.00223509
0.49634 0.50366 0.00223932 0.00223932
0.49633 0.50367 0.00223733 0.00223733
0.49635 0.50365 0.00223896 0.00223896
0.49634 0.50366 0.00223356 0.00223356
0.49638 0.50362 0.00224016 0.00224016
0.49638 0.50362 0.00224317 0.00224317
0.49648 0.50352 0.00224676 0.00224676
0.49647 0.50353 0.00224064 0.00224064
0.4964 0.5036 0.00223642 0.00223642
0.49643 0.50357 0.00224009 0.00224009
0.49641 0.50359 0.00223645 0.00223645
0.49642 0.50358 0.00224259 0.00224259
0.49641 0.50359 0.00224212 0.00224212
0.49639 0.50361 0.00224135 0.00224135
0.49638 0.50362 0.00224361 0.00224361
0.49638 0.50362 0.0022507 0.0022507
0.49645 0.50355 0.00225966 0.00225966
0.49648 0.50352 0.0022691 0.0022691
0.49649 0.50351 0.00226581 0.00226581
0.49639 0.50361 0.00226854 0.00226854
0.49631 0.50369 0.00227119 0.00227119
0.49636 0.50364 0.00227848 0.00227848
0.49637 0.50363 0.0022803 0.0022803
0.49635 0.50365 0.00227896 0.00227896
0.49636 0.50364 0.0022794 0.0022794
0.49638 0.50362 0.00228206 0.00228206
0.49639 0.50361 0.0022807 0.0022807
0.49642 0.50358 0.00227944 0.00227944
0.49646 0.50354 0.00228082 0.00228082
0.49639 0.50361 0.00227963 0.00227963
0.49637 0.50363 0.0022829 0.0022829
0.49636 0.50364 0.00228235 0.00228235
0.49632 0.50368 0.00228012 0.00228012
0.4963 0.5037 0.00227829 0.00227829
0.49631 0.50369 0.00228032 0.00228032
0.49635 0.50365 0.00227859 0.00227859
0.49633 0.50367 0.00227897 0.00227897
0.49633 0.50367 0.00228065 0.00228065
0.49631 0.50369 0.00228539 0.00228539
0.49632 0.50368 0.00229212 0.00229212
0.49631 0.50369 0.00229547 0.00229547
0.49634 0.50366 0.00229318 0.00229318
0.49637 0.50363 0.00229064 0.00229064
0.49641 0.50359 0.00229414 0.00229414
0.49641 0.50359 0.00229378 0.00229378
0.4964 0.5036 0.0022977 0.0022977
0.49643 0.50357 0.0022978 0.0022978
0.49642 0.50358 0.00229653 0.00229653
0.49642 0.50358 0.00228984 0.00228984
0.49643 0.50357 0.00229316 0.00229316
0.49641 0.50359 0.00229348 0.00229348
0.4964 0.5036 0.00229283 0.00229283
0.49643 0.50357 0.00229374 0.00229374
0.49644 0.50356 0.00229558 0.00229558
0.4964 0.5036 0.00229659 0.00229659
0.49637 0.50363 0.00229496 0.00229496
0.49638 0.50362 0.00229244 0.00229244
0.49636 0.50364 0.00229215 0.00229215
0.49635 0.50365 0.00229562 0.00229562
0.49636 0.50364 0.00229496 0.00229496
0.49631 0.50369 0.00229302 0.00229302
0.49632 0.50368 0.00229472 0.00229472
0.49634 0.50366 0.00229611 0.00229611
0.49633 0.50367 0.00229109 0.00229109
0.49637 0.50363 0.00229456 0.00229456
0.49637 0.50363 0.00229644 0.00229644
0.49637 0.50363 0.00229543 0.00229543
0.49638 0.50362 0.00229074 0.00229074
0.49637 0.50363 0.00229203 0.00229203
0.49637 0.50363 0.00229137 0.00229137
0.49637 0.50363 0.00228995 0.00228995
0.49637 0.50363 0.00228995 0.00228995
0.49638 0.50362 0.00229072 0.00229072
0.4964 0.5036 0.00228986 0.00228986
0.49639 0.50361 0.00228965 0.00228965
0.49639 0.50361 0.00228965 0.00228965
0.49636 0.50364 0.00229167 0.00229167
0.49632 0.50368 0.00229697 0.00229697
0.49636 0.50364 0.00229466 0.00229466
0.49634 0.50366 0.00229491 0.00229491
0.49635 0.50365 0.00229524 0.00229524
0.49635 0.50365 0.00229389 0.00229389
0.49634 0.50366 0.00229491 0.00229491
0.49634 0.50366 0.00229491 0.00229491
0.49634 0.50366 0.00229558 0.00229558
0.49634 0.50366 0.00229459 0.00229459
0.49635 0.50365 0.00229441 0.00229441
0.49635 0.50365 0.00229441 0.00229441
0.49636 0.50364 0.00229569 0.00229569
0.49637 0.50363 0.0022965 0.0022965
0.49639 0.50361 0.00229424 0.00229424
0.4964 0.5036 0.0022958 0.0022958
0.4964 0.5036 0.0022958 0.0022958
0.4964 0.5036 0.00229578 0.00229578
0.49639 0.50361 0.00229572 0.00229572
0.49639 0.50361 0.00229632 0.00229632
0.49639 0.50361 0.00229632 0.00229632
0.49639 0.50361 0.00229632 0.00229632
0.4964 0.5036 0.00229721 0.00229721
0.49638 0.50362 0.00229735 0.00229735
0.49638 0.50362 0.00229735 0.00229735
0.49638 0.50362 0.00229735 0.00229735
0.49637 0.50363 0.00229656 0.00229656
0.49637 0.50363 0.00229656 0.00229656
0.49637 0.50363 0.00229656 0.00229656
0.49638 0.50362 0.00229553 0.00229553
0.49637 0.50363 0.00229656 0.00229656
0.49637 0.50363 0.00229656 0.00229656
0.49637 0.50363 0.00229656 0.00229656
0.49636 0.50364 0.00229625 0.00229625
0.49637 0.50363 0.00229595 0.00229595
0.49637 0.50363 0.00229595 0.00229595
0.49636 0.50364 0.00229605 0.00229605
0.49636 0.50364 0.00229605 0.00229605
0.49635 0.50365 0.00229708 0.00229708
0.49635 0.50365 0.00229708 0.00229708
0.49636 0.50364 0.00229698 0.00229698
0.49636 0.50364 0.00229698 0.00229698
0.49636 0.50364 0.00229698 0.00229698
0.49637 0.50363 0.00229787 0.00229787
0.49637 0.50363 0.00229787 0.00229787
0.49637 0.50363 0.00229787 0.00229787
0.49636 0.50364 0.00229706 0.00229706
0.49636 0.50364 0.00229706 0.00229706
0.49636 0.50364 0.00229706 0.00229706
0.49636 0.50364 0.00229706 0.00229706
0.49636 0.50364 0.00229706 0.00229706
0.49636 0.50364 0.00229706 0.00229706
0.49636 0.50364 0.00229706 0.00229706
0.49635 0.50365 0.00229716 0.00229716
0.49635 0.50365 0.00229716 0.00229716
0.49634 0.50366 0.00229813 0.00229813
0.49634 0.50366 0.00229813 0.00229813
0.49634 0.50366 0.00229813 0.00229813
0.49635 0.50365 0.00229716 0.00229716
0.49636 0.50364 0.00229629 0.00229629
0.49635 0.50365 0.00229716 0.00229716
0.49635 0.50365 0.00229716 0.00229716
0.49636 0.50364 0.00229714 0.00229714
0.49636 0.50364 0.00229714 0.00229714
0.49636 0.50364 0.00229714 0.00229714
0.49636 0.50364 0.00229714 0.00229714
0.49637 0.50363 0.00229704 0.00229704
0.49638 0.50362 0.00229785 0.00229785
0.49639 0.50361 0.00229945 0.00229945
0.49639 0.50361 0.00229945 0.00229945
0.49639 0.50361 0.00229945 0.00229945
0.49639 0.50361 0.00229945 0.00229945
0.49639 0.50361 0.00229945 0.00229945
0.49639 0.50361 0.00229945 0.00229945
0.49639 0.50361 0.00229945 0.00229945
0.49638 0.50362 0.00229785 0.00229785
0.49638 0.50362 0.00229785 0.00229785
0.49638 0.50362 0.00229785 0.00229785
0.49639 0.50361 0.00229945 0.00229945
0.49639 0.50361 0.00229945 0.00229945
0.49639 0.50361 0.00229945 0.00229945
0.49639 0.50361 0.00229945 0.00229945
0.49639 0.50361 0.00229945 0.00229945
0.49639 0.50361 0.00229945 0.00229945
0.49639 0.50361 0.00229945 0.00229945
0.49639 0.50361 0.00229945 0.00229945
0.49639 0.50361 0.00229945 0.00229945
0.49639 0.50361 0.00229945 0.00229945
0.49638 0.50362 0.00229785 0.00229785
0.49638 0.50362 0.00229785 0.00229785
0.49638 0.50362 0.00229785 0.00229785
0.49638 0.50362 0.00229785 0.00229785
0.49638 0.50362 0.00229785 0.00229785
0.49638 0.50362 0.00229785 0.00229785
0.49638 0.50362 0.00229785 0.00229785
0.49638 0.50362 0.00229785 0.00229785
0.49638 0.50362 0.00229785 0.00229785
0.49638 0.50362 0.00229785 0.00229785
0.49639 0.50361 0.00229945 0.00229945
0.49639 0.50361 0.00229945 0.00229945
0.49638 0.50362 0.00229955 0.00229955
0.49638 0.50362 0.00229955 0.00229955
0.49638 0.50362 0.00229955 0.00229955
0.49638 0.50362 0.00229955 0.00229955
0.49638 0.50362 0.00229955 0.00229955
0.49638 0.50362 0.00229955 0.00229955
0.49639 0.50361 0.00229945 0.00229945
0.49639 0.50361 0.00229945 0.00229945
0.4964 0.5036 0.00229859 0.00229859
0.4964 0.5036 0.00229859 0.00229859
0.49641 0.50359 0.00229778 0.00229778
0.49641 0.50359 0.00229778 0.00229778
0.4964 0.5036 0.00229778 0.00229778
0.4964 0.5036 0.00229778 0.00229778
0.49638 0.50362 0.00229628 0.00229628
0.49638 0.50362 0.00229711 0.00229711
0.49638 0.50362 0.00229711 0.00229711
0.49638 0.50362 0.00229711 0.00229711
0.49638 0.50362 0.00229711 0.00229711
0.49638 0.50362 0.00229711 0.00229711
0.49637 0.50363 0.00229634 0.00229634
0.49637 0.50363 0.00229634 0.00229634
0.49637 0.50363 0.00229634 0.00229634
0.49637 0.50363 0.00229634 0.00229634
0.49637 0.50363 0.00229634 0.00229634
0.49637 0.50363 0.00229634 0.00229634
0.49637 0.50363 0.00229634 0.00229634
0.49637 0.50363 0.00229634 0.00229634
0.49637 0.50363 0.00229634 0.00229634
0.49638 0.50362 0.00229711 0.00229711
0.49638 0.50362 0.00229711 0.00229711
0.49638 0.50362 0.00229711 0.00229711
0.49638 0.50362 0.00229711 0.00229711
0.49638 0.50362 0.00229711 0.00229711
0.49638 0.50362 0.00229711 0.00229711
0.49638 0.50362 0.00229711 0.00229711
0.49638 0.50362 0.00229711 0.00229711
0.49638 0.50362 0.00229711 0.00229711
0.49638 0.50362 0.00229711 0.00229711
0.49638 0.50362 0.00229711 0.00229711
0.49638 0.50362 0.00229711 0.00229711
0.49638 0.50362 0.00229711 0.00229711
0.49638 0.50362 0.00229711 0.00229711
0.49638 0.50362 0.00229711 0.00229711
0.49638 0.50362 0.00229711 0.00229711
0.49638 0.50362 0.00229711 0.00229711
0.49638 0.50362 0.00229711 0.00229711
0.49638 0.50362 0.00229711 0.00229711
0.49638 0.50362 0.00229711 0.00229711
0.49638 0.50362 0.00229711 0.00229711
0.49638 0.50362 0.00229711 0.00229711
0.49639 0.50361 0.00229638 0.00229638
0.49639 0.50361 0.00229638 0.00229638
0.49639 0.50361 0.00229638 0.00229638
0.49638 0.50362 0.00229561 0.00229561
0.49638 0.50362 0.00229561 0.00229561
0.49638 0.50362 0.00229561 0.00229561
0.49638 0.50362 0.00229561 0.00229561
0.49636 0.50364 0.00229643 0.00229643
0.49637 0.50363 0.00229634 0.00229634
0.49637 0.50363 0.00229634 0.00229634
0.49637 0.50363 0.00229634 0.00229634
0.49637 0.50363 0.00229634 0.00229634
0.49636 0.50364 0.0022973 0.0022973
0.49636 0.50364 0.0022973 0.0022973
0.49637 0.50363 0.00229634 0.00229634
0.49637 0.50363 0.00229634 0.00229634
0.49638 0.50362 0.00229711 0.00229711
0.49638 0.50362 0.00229711 0.00229711
0.49638 0.50362 0.00229711 0.00229711
0.49638 0.50362 0.00229711 0.00229711
0.49637 0.50363 0.00229634 0.00229634
0.49637 0.50363 0.00229634 0.00229634
0.49637 0.50363 0.00229634 0.00229634
0.49637 0.50363 0.00229634 0.00229634
0.49637 0.50363 0.00229634 0.00229634
0.49637 0.50363 0.00229634 0.00229634
0.49637 0.50363 0.00229634 0.00229634
0.49637 0.50363 0.00229634 0.00229634
0.49638 0.50362 0.00229711 0.00229711
0.49638 0.50362 0.00229711 0.00229711
0.49638 0.50362 0.00229711 0.00229711
0.49637 0.50363 0.00229634 0.00229634
0.49637 0.50363 0.00229634 0.00229634
0.49637 0.50363 0.00229634 0.00229634
0.49637 0.50363 0.00229634 0.00229634
0.49637 0.50363 0.00229634 0.00229634
0.49637 0.50363 0.00229634 0.00229634
0.49637 0.50363 0.00229634 0.00229634
0.49637 0.50363 0.00229634 0.00229634
0.49637 0.50363 0.00229634 0.00229634
0.49637 0.50363 0.00229634 0.00229634
0.49637 0.50363 0.00229634 0.00229634
0.49637 0.50363 0.00229634 0.00229634
0.49637 0.50363 0.00229634 0.00229634
0.49637 0.50363 0.00229634 0.00229634
0.49637 0.50363 0.00229634 0.00229634
0.49637 0.50363 0.00229634 0.00229634
0.49637 0.50363 0.00229634 0.00229634
0.49637 0.50363 0.00229634 0.00229634
0.49637 0.50363 0.00229634 0.00229634
0.49637 0.50363 0.00229634 0.00229634
0.49637 0.50363 0.00229634 0.00229634
0.49637 0.50363 0.00229634 0.00229634
0.49637 0.50363 0.00229634 0.00229634
0.49637 0.50363 0.00229634 0.00229634
0.49637 0.50363 0.00229634 0.00229634
0.49637 0.50363 0.00229634 0.00229634
0.49637 0.50363 0.00229634 0.00229634
0.49637 0.50363 0.00229634 0.00229634
0.49637 0.50363 0.00229634 0.00229634
0.49637 0.50363 0.00229634 0.00229634
0.49637 0.50363 0.00229634 0.00229634
0.49637 0.50363 0.00229634 0.00229634
0.49637 0.50363 0.00229634 0.00229634
0.49637 0.50363 0.00229634 0.00229634
0.49637 0.50363 0.00229634 0.00229634
0.49637 0.50363 0.00229634 0.00229634
0.49637 0.50363 0.00229634 0.00229634
0.49637 0.50363 0.00229634 0.00229634
0.49637 0.50363 0.00229634 0.00229634
0.49637 0.50363 0.00229634 0.00229634
0.49637 0.50363 0.00229634 0.00229634
0.49637 0.50363 0.00229634 0.00229634
0.49637 0.50363 0.00229634 0.00229634
0.49637 0.50363 0.00229634 0.00229634
0.49637 0.50363 0.00229634 0.00229634
0.49637 0.50363 0.00229634 0.00229634
0.49637 0.50363 0.00229634 0.00229634
0.49637 0.50363 0.00229634 0.00229634
0.49637 0.50363 0.00229634 0.00229634
0.49637 0.50363 0.00229634 0.00229634
0.49637 0.50363 0.00229634 0.00229634
0.49636 0.50364 0.00229819 0.00229819
0.49636 0.50364 0.00229819 0.00229819
0.49636 0.50364 0.00229819 0.00229819
0.49636 0.50364 0.00229819 0.00229819
0.49636 0.50364 0.00229819 0.00229819
0.49637 0.50363 0.00229634 0.00229634
0.49637 0.50363 0.00229634 0.00229634
0.49637 0.50363 0.00229634 0.00229634
0.49637 0.50363 0.00229634 0.00229634
0.49637 0.50363 0.00229634 0.00229634
0.49637 0.50363 0.00229634 0.00229634
0.49637 0.50363 0.00229634 0.00229634
0.49638 0.50362 0.00229561 0.00229561
0.49638 0.50362 0.00229561 0.00229561
0.49638 0.50362 0.00229561 0.00229561
0.49638 0.50362 0.00229561 0.00229561
0.49638 0.50362 0.00229561 0.00229561
0.49638 0.50362 0.00229561 0.00229561
0.49638 0.50362 0.00229561 0.00229561
0.49638 0.50362 0.00229561 0.00229561
0.49637 0.50363 0.00229747 0.00229747
0.49637 0.50363 0.00229747 0.00229747
0.49637 0.50363 0.00229747 0.00229747
0.49637 0.50363 0.00229747 0.00229747
0.49637 0.50363 0.00229747 0.00229747
0.49637 0.50363 0.00229747 0.00229747
0.49637 0.50363 0.00229747 0.00229747
0.49637 0.50363 0.00229747 0.00229747
0.49637 0.50363 0.00229747 0.00229747
0.49637 0.50363 0.00229747 0.00229747
0.49637 0.50363 0.00229747 0.00229747
0.49637 0.50363 0.00229747 0.00229747
0.49637 0.50363 0.00229747 0.00229747
0.49637 0.50363 0.00229747 0.00229747
0.49638 0.50362 0.00229561 0.00229561
0.49638 0.50362 0.00229561 0.00229561
0.49638 0.50362 0.00229561 0.00229561
0.49638 0.50362 0.00229561 0.00229561
0.49638 0.50362 0.00229561 0.00229561
0.49638 0.50362 0.00229561 0.00229561
0.49637 0.50363 0.00229747 0.00229747
0.49637 0.50363 0.00229747 0.00229747
0.49637 0.50363 0.00229747 0.00229747
0.49637 0.50363 0.00229747 0.00229747
0.49637 0.50363 0.00229747 0.00229747
0.49637 0.50363 0.00229747 0.00229747
0.49637 0.50363 0.00229747 0.00229747
0.49637 0.50363 0.00229747 0.00229747
0.49637 0.50363 0.00229747 0.00229747
0.49636 0.50364 0.00229843 0.00229843
0.49636 0.50364 0.00229843 0.00229843
0.49636 0.50364 0.00229843 0.00229843
0.49636 0.50364 0.00229843 0.00229843
0.49636 0.50364 0.00229843 0.00229843
0.49636 0.50364 0.00229843 0.00229843
0.49636 0.50364 0.00229843 0.00229843
0.49636 0.50364 0.00229843 0.00229843
0.49636 0.50364 0.00229843 0.00229843
0.49636 0.50364 0.00229843 0.00229843
0.49636 0.50364 0.00229843 0.00229843
0.49636 0.50364 0.00229843 0.00229843
0.49636 0.50364 0.00229843 0.00229843
0.49636 0.50364 0.00229843 0.00229843
0.49636 0.50364 0.00229843 0.00229843
0.49636 0.50364 0.00229843 0.00229843
0.49636 0.50364 0.00229843 0.00229843
0.49636 0.50364 0.00229843 0.00229843
0.49636 0.50364 0.00229843 0.00229843
0.49636 0.50364 0.00229843 0.00229843
0.49636 0.50364 0.00229843 0.00229843
0.49636 0.50364 0.00229843 0.00229843
0.49636 0.50364 0.00229843 0.00229843
0.49636 0.50364 0.00229843 0.00229843
0.49636 0.50364 0.00229843 0.00229843
0.49636 0.50364 0.00229843 0.00229843
0.49636 0.50364 0.00229843 0.00229843
0.49636 0.50364 0.00229843 0.00229843
0.49636 0.50364 0.00229843 0.00229843
0.49636 0.50364 0.00229843 0.00229843
0.49636 0.50364 0.00229843 0.00229843
0.49636 0.50364 0.00229843 0.00229843
0.49636 0.50364 0.00229843 0.00229843
0.49636 0.50364 0.00229843 0.00229843
0.49636 0.50364 0.00229843 0.00229843
0.49636 0.50364 0.00229843 0.00229843
0.49636 0.50364 0.00229843 0.00229843
0.49636 0.50364 0.00229843 0.00229843
0.49636 0.50364 0.00229843 0.00229843
0.49636 0.50364 0.00229843 0.00229843
0.49636 0.50364 0.00229843 0.00229843
0.49636 0.50364 0.00229843 0.00229843
0.49636 0.50364 0.00229843 0.00229843
0.49636 0.50364 0.00229843 0.00229843
0.49636 0.50364 0.00229843 0.00229843
0.49636 0.50364 0.00229843 0.00229843
0.49636 0.50364 0.00229843 0.00229843
0.49636 0.50364 0.00229843 0.00229843
0.49636 0.50364 0.00229843 0.00229843
0.49636 0.50364 0.00229843 0.00229843
0.49636 0.50364 0.00229843 0.00229843
0.49636 0.50364 0.00229843 0.00229843
0.49636 0.50364 0.00229843 0.00229843
0.49636 0.50364 0.00229843 0.00229843
