0.50667 0.49333 0.00163384 0.00163384
0.51282 0.48718 0.00590546 0.00590546
0.51757 0.48243 0.0115116 0.0115116
0.52236 0.47764 0.0186229 0.0186229
0.52718 0.47282 0.0264147 0.0264147
0.53179 0.46821 0.0344414 0.0344414
0.5349 0.4651 0.0429918 0.0429918
0.53828 0.46172 0.0514097 0.0514097
0.54097 0.45903 0.0595476 0.0595476
0.54436 0.45564 0.0672814 0.0672814
0.54658 0.45342 0.0746076 0.0746076
0.54851 0.45149 0.0815798 0.0815798
0.54995 0.45005 0.0878884 0.0878884
0.55154 0.44846 0.0942717 0.0942717
0.55297 0.44703 0.100038 0.100038
0.55434 0.44566 0.105053 0.105053
0.55507 0.44493 0.110047 0.110047
0.55636 0.44364 0.114318 0.114318
0.55781 0.44219 0.118758 0.118758
0.55889 0.44111 0.122335 0.122335
0.55958 0.44042 0.126015 0.126015
0.5599 0.4401 0.129247 0.129247
0.56044 0.43956 0.131795 0.131795
0.56152 0.43848 0.134459 0.134459
0.56236 0.43764 0.136773 0.136773
0.56319 0.43681 0.138884 0.138884
0.56378 0.43622 0.141003 0.141003
0.56434 0.43566 0.142769 0.142769
0.56483 0.43517 0.14418 0.14418
0.56519 0.43481 0.145497 0.145497
0.56499 0.43501 0.146775 0.146775
0.56507 0.43493 0.148132 0.148132
0.56548 0.43452 0.149253 0.149253
0.56573 0.43427 0.150327 0.150327
0.56598 0.43402 0.151351 0.151351
0.56623 0.43377 0.15214 0.15214
0.56599 0.43401 0.15294 0.15294
0.56595 0.43405 0.153551 0.153551
0.56608 0.43392 0.154166 0.154166
0.56599 0.43401 0.154867 0.154867
0.56602 0.43398 0.155497 0.155497
0.56615 0.43385 0.156 0.156
0.56605 0.43395 0.156417 0.156417
0.56609 0.43391 0.156792 0.156792
0.56612 0.43388 0.157104 0.157104
0.56656 0.43344 0.157376 0.157376
0.56678 0.43322 0.157629 0.157629
0.56694 0.43306 0.157997 0.157997
0.56689 0.43311 0.158353 0.158353
0.56669 0.43331 0.158635 0.158635
0.5667 0.4333 0.158802 0.158802
0.56658 0.43342 0.159206 0.159206
0.56655 0.43345 0.159395 0.159395
0.56692 0.43308 0.159486 0.159486
0.56703 0.43297 0.159629 0.159629
0.56707 0.43293 0.159895 0.159895
0.56723 0.43277 0.160015 0.160015
0.56711 0.43289 0.160229 0.160229
0.56701 0.43299 0.160242 0.160242
0.5669 0.4331 0.160232 0.160232
0.56698 0.43302 0.160347 0.160347
0.56731 0.43269 0.160492 0.160492
0.5673 0.4327 0.160616 0.160616
0.56727 0.43273 0.160713 0.160713
0.5673 0.4327 0.1608 0.1608
0.5678 0.4322 0.16095 0.16095
0.56824 0.43176 0.160996 0.160996
0.56817 0.43183 0.16093 0.16093
0.56778 0.43222 0.161118 0.161118
0.56786 0.43214 0.161137 0.161137
0.56805 0.43195 0.161179 0.161179
0.56829 0.43171 0.16123 0.16123
0.56816 0.43184 0.161355 0.161355
0.56816 0.43184 0.16137 0.16137
0.56826 0.43174 0.161431 0.161431
0.56834 0.43166 0.161512 0.161512
0.56818 0.43182 0.161619 0.161619
0.56801 0.43199 0.161603 0.161603
0.56789 0.43211 0.161638 0.161638
0.56807 0.43193 0.161655 0.161655
0.56834 0.43166 0.161705 0.161705
0.56867 0.43133 0.161799 0.161799
0.56843 0.43157 0.162031 0.162031
0.56846 0.43154 0.162055 0.162055
0.56805 0.43195 0.162177 0.162177
0.56789 0.43211 0.162144 0.162144
0.56807 0.43193 0.16231 0.16231
0.56818 0.43182 0.162364 0.162364
0.56811 0.43189 0.162431 0.162431
0.56816 0.43184 0.162485 0.162485
0.56851 0.43149 0.162546 0.162546
0.56881 0.43119 0.162598 0.162598
0.56856 0.43144 0.162731 0.162731
0.56842 0.43158 0.162836 0.162836
0.56836 0.43164 0.16293 0.16293
0.56823 0.43177 0.163007 0.163007
0.56834 0.43166 0.163031 0.163031
0.56843 0.43157 0.163089 0.163089
0.56842 0.43158 0.163022 0.163022
0.56838 0.43162 0.163016 0.163016
0.56839 0.43161 0.163069 0.163069
0.56847 0.43153 0.163123 0.163123
0.56843 0.43157 0.163239 0.163239
0.56844 0.43156 0.163228 0.163228
0.56843 0.43157 0.163268 0.163268
0.56833 0.43167 0.163273 0.163273
0.56838 0.43162 0.163334 0.163334
0.56867 0.43133 0.163393 0.163393
0.56886 0.43114 0.163527 0.163527
0.56891 0.43109 0.163678 0.163678
0.56897 0.43103 0.163669 0.163669
0.56887 0.43113 0.163751 0.163751
0.56865 0.43135 0.163835 0.163835
0.56863 0.43137 0.163937 0.163937
0.56865 0.43135 0.16399 0.16399
0.56889 0.43111 0.164095 0.164095
0.56882 0.43118 0.164138 0.164138
0.56886 0.43114 0.164175 0.164175
0.5689 0.4311 0.164226 0.164226
0.56899 0.43101 0.164306 0.164306
0.56885 0.43115 0.164468 0.164468
0.56899 0.43101 0.16449 0.16449
0.56923 0.43077 0.164389 0.164389
0.56942 0.43058 0.164445 0.164445
0.56946 0.43054 0.164446 0.164446
0.56949 0.43051 0.164612 0.164612
0.56951 0.43049 0.164618 0.164618
0.56959 0.43041 0.164651 0.164651
0.56957 0.43043 0.164749 0.164749
0.56947 0.43053 0.164736 0.164736
0.56965 0.43035 0.164854 0.164854
0.56961 0.43039 0.165045 0.165045
0.5695 0.4305 0.165167 0.165167
0.56939 0.43061 0.165221 0.165221
0.56942 0.43058 0.165262 0.165262
0.56958 0.43042 0.165333 0.165333
0.56991 0.43009 0.165357 0.165357
0.56986 0.43014 0.165398 0.165398
0.56996 0.43004 0.165591 0.165591
0.5697 0.4303 0.165671 0.165671
0.57006 0.42994 0.165668 0.165668
0.57024 0.42976 0.16563 0.16563
0.57008 0.42992 0.165722 0.165722
0.56996 0.43004 0.166001 0.166001
0.5701 0.4299 0.166062 0.166062
0.57027 0.42973 0.166033 0.166033
0.5702 0.4298 0.166142 0.166142
0.57017 0.42983 0.166199 0.166199
0.57017 0.42983 0.166329 0.166329
0.57049 0.42951 0.166355 0.166355
0.57029 0.42971 0.166415 0.166415
0.57036 0.42964 0.166394 0.166394
0.5706 0.4294 0.166426 0.166426
0.57081 0.42919 0.166468 0.166468
0.57082 0.42918 0.166588 0.166588
0.57084 0.42916 0.166598 0.166598
0.57062 0.42938 0.166615 0.166615
0.57059 0.42941 0.166648 0.166648
0.57047 0.42953 0.166796 0.166796
0.57051 0.42949 0.166794 0.166794
0.57056 0.42944 0.16681 0.16681
0.57053 0.42947 0.166826 0.166826
0.57047 0.42953 0.166891 0.166891
0.5705 0.4295 0.166992 0.166992
0.57036 0.42964 0.167016 0.167016
0.57049 0.42951 0.167063 0.167063
0.57062 0.42938 0.167049 0.167049
0.57065 0.42935 0.167102 0.167102
0.57044 0.42956 0.167214 0.167214
0.57062 0.42938 0.167265 0.167265
0.57064 0.42936 0.167379 0.167379
0.57062 0.42938 0.167418 0.167418
0.57056 0.42944 0.167413 0.167413
0.57074 0.42926 0.167432 0.167432
0.57082 0.42918 0.167514 0.167514
0.57095 0.42905 0.167609 0.167609
0.57103 0.42897 0.167689 0.167689
0.57108 0.42892 0.167683 0.167683
0.57099 0.42901 0.167688 0.167688
0.57095 0.42905 0.1678 0.1678
0.57106 0.42894 0.167915 0.167915
0.57109 0.42891 0.168047 0.168047
0.57087 0.42913 0.168172 0.168172
0.57079 0.42921 0.168226 0.168226
0.57086 0.42914 0.168278 0.168278
0.57103 0.42897 0.168272 0.168272
0.57073 0.42927 0.168356 0.168356
0.57077 0.42923 0.168412 0.168412
0.57068 0.42932 0.168593 0.168593
0.57062 0.42938 0.168652 0.168652
0.57053 0.42947 0.168672 0.168672
0.57065 0.42935 0.168762 0.168762
0.57053 0.42947 0.16886 0.16886
0.57052 0.42948 0.168957 0.168957
0.5706 0.4294 0.168914 0.168914
0.57053 0.42947 0.168939 0.168939
0.57076 0.42924 0.169039 0.169039
0.57046 0.42954 0.16914 0.16914
0.57052 0.42948 0.169176 0.169176
0.57084 0.42916 0.169247 0.169247
0.57079 0.42921 0.169301 0.169301
0.57061 0.42939 0.169245 0.169245
0.57101 0.42899 0.169332 0.169332
0.57099 0.42901 0.169378 0.169378
0.57129 0.42871 0.169416 0.169416
0.57148 0.42852 0.169463 0.169463
0.57147 0.42853 0.169506 0.169506
0.5717 0.4283 0.16957 0.16957
0.57184 0.42816 0.169624 0.169624
0.57194 0.42806 0.169701 0.169701
0.57197 0.42803 0.169756 0.169756
0.57179 0.42821 0.16986 0.16986
0.57168 0.42832 0.169973 0.169973
0.5718 0.4282 0.170059 0.170059
0.57176 0.42824 0.170111 0.170111
0.57163 0.42837 0.170174 0.170174
0.57155 0.42845 0.170272 0.170272
0.57127 0.42873 0.170356 0.170356
0.57123 0.42877 0.170415 0.170415
0.57162 0.42838 0.170367 0.170367
0.57161 0.42839 0.17035 0.17035
0.57156 0.42844 0.170416 0.170416
0.57189 0.42811 0.170437 0.170437
0.57228 0.42772 0.170483 0.170483
0.57259 0.42741 0.170477 0.170477
0.57255 0.42745 0.17056 0.17056
0.57252 0.42748 0.1707 0.1707
0.5726 0.4274 0.1707 0.1707
0.57224 0.42776 0.170786 0.170786
0.57206 0.42794 0.170914 0.170914
0.57218 0.42782 0.17107 0.17107
0.57219 0.42781 0.171105 0.171105
0.57207 0.42793 0.171227 0.171227
0.57222 0.42778 0.171162 0.171162
0.57246 0.42754 0.171285 0.171285
0.5726 0.4274 0.171427 0.171427
0.57272 0.42728 0.171407 0.171407
0.57245 0.42755 0.171556 0.171556
0.57266 0.42734 0.171581 0.171581
0.57262 0.42738 0.171572 0.171572
0.57245 0.42755 0.171685 0.171685
0.57228 0.42772 0.171635 0.171635
0.57235 0.42765 0.171626 0.171626
0.57252 0.42748 0.171614 0.171614
0.57243 0.42757 0.171681 0.171681
0.57239 0.42761 0.171812 0.171812
0.57238 0.42762 0.171902 0.171902
0.57203 0.42797 0.172005 0.172005
0.57224 0.42776 0.172082 0.172082
0.57224 0.42776 0.172181 0.172181
0.57231 0.42769 0.172315 0.172315
0.57231 0.42769 0.172399 0.172399
0.57217 0.42783 0.172489 0.172489
0.57229 0.42771 0.172536 0.172536
0.57251 0.42749 0.17255 0.17255
0.57232 0.42768 0.172648 0.172648
0.57237 0.42763 0.172724 0.172724
0.57248 0.42752 0.172826 0.172826
0.5724 0.4276 0.172966 0.172966
0.57281 0.42719 0.172876 0.172876
0.5728 0.4272 0.172893 0.172893
0.57281 0.42719 0.173006 0.173006
0.5727 0.4273 0.172943 0.172943
0.57268 0.42732 0.172893 0.172893
0.57262 0.42738 0.172975 0.172975
0.57263 0.42737 0.173138 0.173138
0.57232 0.42768 0.173197 0.173197
0.57244 0.42756 0.173281 0.173281
0.57254 0.42746 0.173325 0.173325
0.57263 0.42737 0.173337 0.173337
0.57265 0.42735 0.173444 0.173444
0.57296 0.42704 0.17342 0.17342
0.57267 0.42733 0.173684 0.173684
0.57292 0.42708 0.173744 0.173744
0.5728 0.4272 0.173805 0.173805
0.57269 0.42731 0.173939 0.173939
0.57266 0.42734 0.173968 0.173968
0.57251 0.42749 0.174054 0.174054
0.57251 0.42749 0.174108 0.174108
0.57284 0.42716 0.174163 0.174163
0.57293 0.42707 0.174147 0.174147
0.57294 0.42706 0.174237 0.174237
0.57302 0.42698 0.174273 0.174273
0.57316 0.42684 0.174233 0.174233
0.57293 0.42707 0.174325 0.174325
0.57307 0.42693 0.174289 0.174289
0.57318 0.42682 0.174372 0.174372
0.57333 0.42667 0.174362 0.174362
0.57341 0.42659 0.174384 0.174384
0.57324 0.42676 0.174389 0.174389
0.57321 0.42679 0.174395 0.174395
0.57318 0.42682 0.174496 0.174496
0.57324 0.42676 0.174608 0.174608
0.57317 0.42683 0.174619 0.174619
0.57325 0.42675 0.17477 0.17477
0.5733 0.4267 0.174893 0.174893
0.57317 0.42683 0.174915 0.174915
0.57305 0.42695 0.175031 0.175031
0.57306 0.42694 0.175033 0.175033
0.57304 0.42696 0.17509 0.17509
0.57287 0.42713 0.175224 0.175224
0.57296 0.42704 0.175234 0.175234
0.57308 0.42692 0.175222 0.175222
0.57297 0.42703 0.17526 0.17526
0.57289 0.42711 0.175352 0.175352
0.5727 0.4273 0.17531 0.17531
0.57286 0.42714 0.17526 0.17526
0.57293 0.42707 0.175326 0.175326
0.5729 0.4271 0.175422 0.175422
0.57291 0.42709 0.175467 0.175467
0.57315 0.42685 0.175528 0.175528
0.57309 0.42691 0.175606 0.175606
0.57329 0.42671 0.175666 0.175666
0.5735 0.4265 0.17569 0.17569
0.57329 0.42671 0.175784 0.175784
0.57347 0.42653 0.175844 0.175844
0.57365 0.42635 0.175939 0.175939
0.57378 0.42622 0.17589 0.17589
0.57368 0.42632 0.175928 0.175928
0.5738 0.4262 0.175942 0.175942
0.57377 0.42623 0.176034 0.176034
0.57369 0.42631 0.176135 0.176135
0.57354 0.42646 0.176183 0.176183
0.57371 0.42629 0.176234 0.176234
0.57389 0.42611 0.176339 0.176339
0.57388 0.42612 0.176298 0.176298
0.57399 0.42601 0.176345 0.176345
0.57386 0.42614 0.1764 0.1764
0.5739 0.4261 0.176471 0.176471
0.57401 0.42599 0.176484 0.176484
0.57386 0.42614 0.176472 0.176472
0.57394 0.42606 0.176558 0.176558
0.57403 0.42597 0.176563 0.176563
0.57379 0.42621 0.176515 0.176515
0.57378 0.42622 0.176549 0.176549
0.57384 0.42616 0.176546 0.176546
0.57381 0.42619 0.176572 0.176572
0.5739 0.4261 0.17658 0.17658
0.57394 0.42606 0.176668 0.176668
0.57376 0.42624 0.176652 0.176652
0.5736 0.4264 0.176658 0.176658
0.57359 0.42641 0.176739 0.176739
0.57367 0.42633 0.176854 0.176854
0.57365 0.42635 0.176961 0.176961
0.57394 0.42606 0.176985 0.176985
0.57376 0.42624 0.177105 0.177105
0.57388 0.42612 0.177123 0.177123
0.57388 0.42612 0.177141 0.177141
0.57397 0.42603 0.177142 0.177142
0.57394 0.42606 0.177189 0.177189
0.57402 0.42598 0.177231 0.177231
0.57399 0.42601 0.177293 0.177293
0.57405 0.42595 0.177318 0.177318
0.57423 0.42577 0.177274 0.177274
0.57421 0.42579 0.177313 0.177313
0.57389 0.42611 0.177466 0.177466
0.574 0.426 0.177539 0.177539
0.574 0.426 0.177599 0.177599
0.57394 0.42606 0.177614 0.177614
0.57426 0.42574 0.17764 0.17764
0.5742 0.4258 0.177607 0.177607
0.57435 0.42565 0.177649 0.177649
0.57418 0.42582 0.177721 0.177721
0.57447 0.42553 0.177774 0.177774
0.5745 0.4255 0.17783 0.17783
0.57448 0.42552 0.177892 0.177892
0.57439 0.42561 0.178007 0.178007
0.57456 0.42544 0.178086 0.178086
0.57462 0.42538 0.178163 0.178163
0.57454 0.42546 0.178251 0.178251
0.57449 0.42551 0.178171 0.178171
0.57429 0.42571 0.178249 0.178249
0.57411 0.42589 0.17822 0.17822
0.57417 0.42583 0.178299 0.178299
0.57456 0.42544 0.178274 0.178274
0.57452 0.42548 0.178357 0.178357
0.57474 0.42526 0.178242 0.178242
0.5748 0.4252 0.178218 0.178218
0.57492 0.42508 0.178174 0.178174
0.57494 0.42506 0.178226 0.178226
0.5746 0.4254 0.178394 0.178394
0.57485 0.42515 0.178423 0.178423
0.57488 0.42512 0.178333 0.178333
0.57469 0.42531 0.178487 0.178487
0.57487 0.42513 0.178478 0.178478
0.57509 0.42491 0.178461 0.178461
0.57489 0.42511 0.178605 0.178605
0.57488 0.42512 0.178628 0.178628
0.57487 0.42513 0.178669 0.178669
0.57481 0.42519 0.178718 0.178718
0.57475 0.42525 0.178779 0.178779
0.57468 0.42532 0.178842 0.178842
0.5748 0.4252 0.178912 0.178912
0.57482 0.42518 0.17891 0.17891
0.5749 0.4251 0.178943 0.178943
0.57509 0.42491 0.178964 0.178964
0.57512 0.42488 0.178985 0.178985
0.57503 0.42497 0.179014 0.179014
0.57486 0.42514 0.179125 0.179125
0.57494 0.42506 0.179111 0.179111
0.57513 0.42487 0.179152 0.179152
0.57489 0.42511 0.179329 0.179329
0.57498 0.42502 0.17933 0.17933
0.57461 0.42539 0.179374 0.179374
0.57484 0.42516 0.179377 0.179377
0.57476 0.42524 0.179396 0.179396
0.57458 0.42542 0.179545 0.179545
0.57462 0.42538 0.179531 0.179531
0.57466 0.42534 0.179576 0.179576
0.57473 0.42527 0.179557 0.179557
0.57496 0.42504 0.179517 0.179517
0.57494 0.42506 0.179539 0.179539
0.57484 0.42516 0.179564 0.179564
0.57487 0.42513 0.179608 0.179608
0.57473 0.42527 0.17971 0.17971
0.57474 0.42526 0.179742 0.179742
0.57489 0.42511 0.179702 0.179702
0.57508 0.42492 0.179697 0.179697
0.57515 0.42485 0.179803 0.179803
0.5752 0.4248 0.17984 0.17984
0.57532 0.42468 0.179841 0.179841
0.5753 0.4247 0.179842 0.179842
0.57505 0.42495 0.179954 0.179954
0.57493 0.42507 0.180022 0.180022
0.57508 0.42492 0.180135 0.180135
0.5752 0.4248 0.180158 0.180158
0.57532 0.42468 0.180147 0.180147
0.57528 0.42472 0.180237 0.180237
0.57538 0.42462 0.180204 0.180204
0.57549 0.42451 0.180171 0.180171
0.57547 0.42453 0.180171 0.180171
0.57543 0.42457 0.180062 0.180062
0.57551 0.42449 0.180081 0.180081
0.57557 0.42443 0.18018 0.18018
0.57585 0.42415 0.180142 0.180142
0.57606 0.42394 0.180209 0.180209
0.57616 0.42384 0.180255 0.180255
0.57605 0.42395 0.180308 0.180308
0.57608 0.42392 0.18028 0.18028
0.57587 0.42413 0.180401 0.180401
0.57586 0.42414 0.180493 0.180493
0.5757 0.4243 0.180448 0.180448
0.57563 0.42437 0.180494 0.180494
0.57582 0.42418 0.180525 0.180525
0.57565 0.42435 0.180569 0.180569
0.57579 0.42421 0.180572 0.180572
0.57578 0.42422 0.180685 0.180685
0.57576 0.42424 0.180735 0.180735
0.57581 0.42419 0.180807 0.180807
0.5757 0.4243 0.180903 0.180903
0.57594 0.42406 0.180923 0.180923
0.57608 0.42392 0.180848 0.180848
0.57599 0.42401 0.180961 0.180961
0.5761 0.4239 0.18105 0.18105
0.57575 0.42425 0.181043 0.181043
0.5758 0.4242 0.181107 0.181107
0.5761 0.4239 0.181163 0.181163
0.57594 0.42406 0.181146 0.181146
0.57565 0.42435 0.181171 0.181171
0.57568 0.42432 0.181244 0.181244
0.57549 0.42451 0.181313 0.181313
0.57556 0.42444 0.181262 0.181262
0.57569 0.42431 0.181231 0.181231
0.57575 0.42425 0.181217 0.181217
0.57561 0.42439 0.181172 0.181172
0.57574 0.42426 0.181268 0.181268
0.57566 0.42434 0.18133 0.18133
0.5758 0.4242 0.181296 0.181296
0.57575 0.42425 0.1813 0.1813
0.57564 0.42436 0.18138 0.18138
0.57551 0.42449 0.181486 0.181486
0.5754 0.4246 0.181539 0.181539
0.5752 0.4248 0.181543 0.181543
0.57551 0.42449 0.181577 0.181577
0.57564 0.42436 0.181574 0.181574
0.5759 0.4241 0.181553 0.181553
0.57598 0.42402 0.181546 0.181546
0.57593 0.42407 0.181632 0.181632
0.57596 0.42404 0.181718 0.181718
0.57589 0.42411 0.181787 0.181787
0.57598 0.42402 0.181738 0.181738
0.57595 0.42405 0.181741 0.181741
0.57579 0.42421 0.181731 0.181731
0.57585 0.42415 0.181733 0.181733
0.57591 0.42409 0.181767 0.181767
0.57606 0.42394 0.181739 0.181739
0.57608 0.42392 0.181816 0.181816
0.57627 0.42373 0.181802 0.181802
0.57614 0.42386 0.181883 0.181883
0.57623 0.42377 0.181931 0.181931
0.57632 0.42368 0.181865 0.181865
0.57628 0.42372 0.181983 0.181983
0.57625 0.42375 0.182136 0.182136
0.57623 0.42377 0.182239 0.182239
0.57625 0.42375 0.182158 0.182158
0.57629 0.42371 0.182212 0.182212
0.57642 0.42358 0.182251 0.182251
0.57647 0.42353 0.182244 0.182244
0.57649 0.42351 0.182305 0.182305
0.5764 0.4236 0.182363 0.182363
