0.49973 0.50027 3.08798e-06 3.08798e-06
0.4997 0.5003 7.84848e-06 7.84848e-06
0.49971 0.50029 1.70565e-05 1.70565e-05
0.49958 0.50042 2.25491e-05 2.25491e-05
0.49998 0.50002 2.88077e-05 2.88077e-05
0.49998 0.50002 3.23632e-05 3.23632e-05
0.50007 0.49993 3.56819e-05 3.56819e-05
0.50002 0.49998 3.73531e-05 3.73531e-05
0.49993 0.50007 3.52779e-05 3.52779e-05
0.50008 0.49992 3.73269e-05 3.73269e-05
0.50007 0.49993 3.78031e-05 3.78031e-05
0.50006 0.49994 3.58347e-05 3.58347e-05
0.50004 0.49996 4.0362e-05 4.0362e-05
0.50011 0.49989 4.34524e-05 4.34524e-05
0.50013 0.49987 4.46395e-05 4.46395e-05
0.5002 0.4998 4.45657e-05 4.45657e-05
0.50022 0.49978 4.78905e-05 4.78905e-05
0.50026 0.49974 4.99923e-05 4.99923e-05
0.5002 0.4998 5.07273e-05 5.07273e-05
0.50015 0.49985 5.31793e-05 5.31793e-05
0.50006 0.49994 5.51479e-05 5.51479e-05
0.50008 0.49992 5.50036e-05 5.50036e-05
0.50014 0.49986 5.57984e-05 5.57984e-05
0.5001 0.4999 5.64343e-05 5.64343e-05
0.50002 0.49998 5.97168e-05 5.97168e-05
0.49999 0.50001 5.97878e-05 5.97878e-05
0.49997 0.50003 5.90193e-05 5.90193e-05
0.50001 0.49999 5.89393e-05 5.89393e-05
0.50002 0.49998 5.90501e-05 5.90501e-05
0.50002 0.49998 5.90299e-05 5.90299e-05
0.50009 0.49991 5.87494e-05 5.87494e-05
0.50016 0.49984 5.93479e-05 5.93479e-05
0.50016 0.49984 6.02368e-05 6.02368e-05
0.5002 0.4998 6.08081e-05 6.08081e-05
0.50017 0.49983 6.22233e-05 6.22233e-05
0.50013 0.49987 6.40738e-05 6.40738e-05
0.50016 0.49984 6.43176e-05 6.43176e-05
0.50024 0.49976 6.35176e-05 6.35176e-05
0.50021 0.49979 6.43898e-05 6.43898e-05
0.50006 0.49994 6.57135e-05 6.57135e-05
0.50016 0.49984 6.75701e-05 6.75701e-05
0.50013 0.49987 6.78314e-05 6.78314e-05
0.50013 0.49987 6.86799e-05 6.86799e-05
0.50013 0.49987 7.04375e-05 7.04375e-05
0.50012 0.49988 7.25107e-05 7.25107e-05
0.50016 0.49984 7.27418e-05 7.27418e-05
0.50013 0.49987 7.39526e-05 7.39526e-05
0.50005 0.49995 7.46338e-05 7.46338e-05
0.50008 0.49992 7.49026e-05 7.49026e-05
0.50012 0.49988 7.57228e-05 7.57228e-05
0.50008 0.49992 7.58521e-05 7.58521e-05
0.50018 0.49982 7.68158e-05 7.68158e-05
0.50014 0.49986 7.7758e-05 7.7758e-05
0.50016 0.49984 7.8762e-05 7.8762e-05
0.5002 0.4998 7.92929e-05 7.92929e-05
0.50016 0.49984 7.91459e-05 7.91459e-05
0.5002 0.4998 8.09091e-05 8.09091e-05
0.50029 0.49971 8.24908e-05 8.24908e-05
0.50022 0.49978 8.18501e-05 8.18501e-05
0.50015 0.49985 8.22298e-05 8.22298e-05
0.50016 0.49984 8.45196e-05 8.45196e-05
0.50013 0.49987 8.53668e-05 8.53668e-05
0.50005 0.49995 8.74823e-05 8.74823e-05
0.50001 0.49999 8.74241e-05 8.74241e-05
0.50007 0.49993 8.87324e-05 8.87324e-05
0.50011 0.49989 9.02807e-05 9.02807e-05
0.50013 0.49987 9.15284e-05 9.15284e-05
0.50012 0.49988 9.11168e-05 9.11168e-05
0.5001 0.4999 9.25152e-05 9.25152e-05
0.50012 0.49988 9.43289e-05 9.43289e-05
0.50004 0.49996 9.40186e-05 9.40186e-05
0.50009 0.49991 9.481e-05 9.481e-05
0.50013 0.49987 9.5286e-05 9.5286e-05
0.50016 0.49984 9.69438e-05 9.69438e-05
0.50022 0.49978 9.76683e-05 9.76683e-05
0.50025 0.49975 9.85328e-05 9.85328e-05
0.50019 0.49981 9.84585e-05 9.84585e-05
0.50026 0.49974 9.86792e-05 9.86792e-05
0.50022 0.49978 9.73248e-05 9.73248e-05
0.50031 0.49969 9.8014e-05 9.8014e-05
0.50021 0.49979 9.96625e-05 9.96625e-05
0.50025 0.49975 9.95833e-05 9.95833e-05
0.5003 0.4997 9.98889e-05 9.98889e-05
0.50033 0.49967 9.96981e-05 9.96981e-05
0.50042 0.49958 0.000102468 0.000102468
0.50038 0.49962 0.000103935 0.000103935
0.50035 0.49965 0.000103199 0.000103199
0.50037 0.49963 0.000104983 0.000104983
0.50037 0.49963 0.00010567 0.00010567
0.50036 0.49964 0.000107182 0.000107182
0.50034 0.49966 0.000105277 0.000105277
0.50036 0.49964 0.000105707 0.000105707
0.50042 0.49958 0.000105135 0.000105135
0.50043 0.49957 0.000104732 0.000104732
0.50045 0.49955 0.000105947 0.000105947
0.50043 0.49957 0.00010546 0.00010546
0.50039 0.49961 0.00010824 0.00010824
0.50034 0.49966 0.000108287 0.000108287
0.50033 0.49967 0.000107516 0.000107516
0.50038 0.49962 0.000108198 0.000108198
0.50037 0.49963 0.000110377 0.000110377
0.50036 0.49964 0.000111162 0.000111162
0.50036 0.49964 0.000111101 0.000111101
0.5004 0.4996 0.000111758 0.000111758
0.50049 0.49951 0.000111727 0.000111727
0.50047 0.49953 0.000112817 0.000112817
0.50041 0.49959 0.000113739 0.000113739
0.50033 0.49967 0.000113658 0.000113658
0.50036 0.49964 0.000114374 0.000114374
0.50035 0.49965 0.000115462 0.000115462
0.5003 0.4997 0.000115323 0.000115323
0.50023 0.49977 0.000115896 0.000115896
0.50021 0.49979 0.000114592 0.000114592
0.50027 0.49973 0.00011525 0.00011525
0.50027 0.49973 0.00011632 0.00011632
0.50031 0.49969 0.000116075 0.000116075
0.5003 0.4997 0.00011597 0.00011597
0.50032 0.49968 0.000116927 0.000116927
0.50042 0.49958 0.000117276 0.000117276
0.50046 0.49954 0.000117604 0.000117604
0.50038 0.49962 0.000116925 0.000116925
0.50035 0.49965 0.000120169 0.000120169
0.5004 0.4996 0.000121758 0.000121758
0.50036 0.49964 0.000122415 0.000122415
0.50031 0.49969 0.000124135 0.000124135
0.50032 0.49968 0.000124927 0.000124927
0.50035 0.49965 0.000125402 0.000125402
0.50035 0.49965 0.000126492 0.000126492
0.5003 0.4997 0.000127465 0.000127465
0.50025 0.49975 0.000127159 0.000127159
0.50033 0.49967 0.000128345 0.000128345
0.50034 0.49966 0.000127681 0.000127681
0.50031 0.49969 0.000129267 0.000129267
0.50032 0.49968 0.000129674 0.000129674
0.50027 0.49973 0.000130684 0.000130684
0.50028 0.49972 0.000131699 0.000131699
0.5003 0.4997 0.00013304 0.00013304
0.50026 0.49974 0.00013373 0.00013373
0.50026 0.49974 0.000136174 0.000136174
0.50031 0.49969 0.000135448 0.000135448
0.50034 0.49966 0.000135742 0.000135742
0.50041 0.49959 0.000135032 0.000135032
0.50051 0.49949 0.000135364 0.000135364
0.50047 0.49953 0.000136373 0.000136373
0.5005 0.4995 0.000135162 0.000135162
0.50052 0.49948 0.000136252 0.000136252
0.50053 0.49947 0.000136393 0.000136393
0.50052 0.49948 0.000137222 0.000137222
0.50055 0.49945 0.000136674 0.000136674
0.50059 0.49941 0.000138042 0.000138042
0.50063 0.49937 0.000138134 0.000138134
0.50068 0.49932 0.000138179 0.000138179
0.50063 0.49937 0.000138983 0.000138983
0.50057 0.49943 0.000139278 0.000139278
0.50065 0.49935 0.000140795 0.000140795
0.50061 0.49939 0.000141331 0.000141331
0.50054 0.49946 0.000140473 0.000140473
0.50052 0.49948 0.000142959 0.000142959
0.50041 0.49959 0.000146992 0.000146992
0.50044 0.49956 0.000148916 0.000148916
0.50049 0.49951 0.000148616 0.000148616
0.50047 0.49953 0.000149787 0.000149787
0.50043 0.49957 0.000150712 0.000150712
0.50043 0.49957 0.000151581 0.000151581
0.50039 0.49961 0.000152644 0.000152644
0.50039 0.49961 0.000154766 0.000154766
0.50037 0.49963 0.0001567 0.0001567
0.5003 0.4997 0.000156232 0.000156232
0.50033 0.49967 0.000157355 0.000157355
0.50028 0.49972 0.000159254 0.000159254
0.50026 0.49974 0.000159568 0.000159568
0.50017 0.49983 0.000161334 0.000161334
0.50013 0.49987 0.000163528 0.000163528
0.50019 0.49981 0.000162661 0.000162661
0.50021 0.49979 0.000163844 0.000163844
0.50024 0.49976 0.00016475 0.00016475
0.50024 0.49976 0.000164588 0.000164588
0.50022 0.49978 0.000164194 0.000164194
0.50022 0.49978 0.000164396 0.000164396
0.50025 0.49975 0.000166977 0.000166977
0.50022 0.49978 0.00016688 0.00016688
0.50019 0.49981 0.000167368 0.000167368
0.50019 0.49981 0.000169166 0.000169166
0.50024 0.49976 0.000170932 0.000170932
0.50027 0.49973 0.000172745 0.000172745
0.50031 0.49969 0.000173832 0.000173832
0.50029 0.49971 0.000173885 0.000173885
0.50026 0.49974 0.000174093 0.000174093
0.50029 0.49971 0.000173844 0.000173844
0.50034 0.49966 0.000174166 0.000174166
0.50035 0.49965 0.000175402 0.000175402
0.50036 0.49964 0.00017593 0.00017593
0.50029 0.49971 0.000177339 0.000177339
0.50032 0.49968 0.000176482 0.000176482
0.50032 0.49968 0.000177432 0.000177432
0.50033 0.49967 0.000177698 0.000177698
0.50033 0.49967 0.000179112 0.000179112
0.50035 0.49965 0.000179018 0.000179018
0.50042 0.49958 0.000179438 0.000179438
0.5004 0.4996 0.000180343 0.000180343
0.50044 0.49956 0.000181825 0.000181825
0.50041 0.49959 0.000183335 0.000183335
0.50031 0.49969 0.000181267 0.000181267
0.50033 0.49967 0.000181536 0.000181536
0.50035 0.49965 0.000182634 0.000182634
0.50028 0.49972 0.00018182 0.00018182
0.50034 0.49966 0.000180772 0.000180772
0.5004 0.4996 0.000181737 0.000181737
0.50039 0.49961 0.000182038 0.000182038
0.50033 0.49967 0.000185375 0.000185375
0.5003 0.4997 0.000187384 0.000187384
0.50036 0.49964 0.000189081 0.000189081
0.50041 0.49959 0.000189254 0.000189254
0.50044 0.49956 0.000189259 0.000189259
0.50054 0.49946 0.000189059 0.000189059
0.50054 0.49946 0.000188291 0.000188291
0.50054 0.49946 0.000187988 0.000187988
0.50049 0.49951 0.000188697 0.000188697
0.50049 0.49951 0.000189424 0.000189424
0.50049 0.49951 0.000189889 0.000189889
0.50051 0.49949 0.000189646 0.000189646
0.50051 0.49949 0.000190677 0.000190677
0.5005 0.4995 0.000190737 0.000190737
0.50046 0.49954 0.000191766 0.000191766
0.50044 0.49956 0.000190815 0.000190815
0.50051 0.49949 0.000189404 0.000189404
0.50052 0.49948 0.000188575 0.000188575
0.50054 0.49946 0.000190897 0.000190897
0.50048 0.49952 0.000191101 0.000191101
0.50051 0.49949 0.000191545 0.000191545
0.50055 0.49945 0.00019322 0.00019322
0.50052 0.49948 0.000192798 0.000192798
0.5006 0.4994 0.000191495 0.000191495
0.50062 0.49938 0.000191794 0.000191794
0.5006 0.4994 0.000193333 0.000193333
0.50063 0.49937 0.000193508 0.000193508
0.5006 0.4994 0.000194 0.000194
0.50058 0.49942 0.000194913 0.000194913
0.50056 0.49944 0.000195986 0.000195986
0.50057 0.49943 0.000197601 0.000197601
0.50058 0.49942 0.000199175 0.000199175
0.50057 0.49943 0.000200732 0.000200732
0.50056 0.49944 0.000201138 0.000201138
0.50061 0.49939 0.000201513 0.000201513
0.5006 0.4994 0.000201374 0.000201374
0.50063 0.49937 0.000201791 0.000201791
0.50062 0.49938 0.000201753 0.000201753
0.50066 0.49934 0.000202712 0.000202712
0.50069 0.49931 0.00020357 0.00020357
0.50066 0.49934 0.000204065 0.000204065
0.50061 0.49939 0.000203291 0.000203291
0.50061 0.49939 0.000204341 0.000204341
0.50058 0.49942 0.000204145 0.000204145
0.50059 0.49941 0.000205234 0.000205234
0.50065 0.49935 0.000206795 0.000206795
0.50063 0.49937 0.000206963 0.000206963
0.5006 0.4994 0.000207455 0.000207455
0.50061 0.49939 0.000206968 0.000206968
0.50061 0.49939 0.00020719 0.00020719
0.50062 0.49938 0.000205773 0.000205773
0.5006 0.4994 0.000204909 0.000204909
0.50062 0.49938 0.000205389 0.000205389
0.5006 0.4994 0.00020503 0.00020503
0.50059 0.49941 0.000205699 0.000205699
0.50064 0.49936 0.000205909 0.000205909
0.50069 0.49931 0.000206155 0.000206155
0.50072 0.49928 0.000206749 0.000206749
0.5007 0.4993 0.000207667 0.000207667
0.50073 0.49927 0.000207977 0.000207977
0.50071 0.49929 0.000208168 0.000208168
0.50071 0.49929 0.000209541 0.000209541
0.50071 0.49929 0.000210592 0.000210592
0.50072 0.49928 0.000210002 0.000210002
0.50073 0.49927 0.000210381 0.000210381
0.50076 0.49924 0.000211619 0.000211619
0.50078 0.49922 0.000211749 0.000211749
0.50081 0.49919 0.000208559 0.000208559
0.50087 0.49913 0.000210963 0.000210963
0.50083 0.49917 0.000211193 0.000211193
0.50084 0.49916 0.000211449 0.000211449
0.50086 0.49914 0.00021099 0.00021099
0.50089 0.49911 0.000210867 0.000210867
0.50087 0.49913 0.000211064 0.000211064
0.50081 0.49919 0.000210075 0.000210075
0.50082 0.49918 0.000211523 0.000211523
0.50086 0.49914 0.000210909 0.000210909
0.50085 0.49915 0.000210755 0.000210755
0.50083 0.49917 0.000212122 0.000212122
0.50091 0.49909 0.000212608 0.000212608
0.50087 0.49913 0.000214761 0.000214761
0.50086 0.49914 0.000215031 0.000215031
0.50086 0.49914 0.000216081 0.000216081
0.5008 0.4992 0.000216283 0.000216283
0.50082 0.49918 0.000217826 0.000217826
0.50086 0.49914 0.000217556 0.000217556
0.50088 0.49912 0.000216874 0.000216874
0.50086 0.49914 0.000217374 0.000217374
0.50086 0.49914 0.000218283 0.000218283
0.50083 0.49917 0.000220708 0.000220708
0.50083 0.49917 0.000222627 0.000222627
0.50085 0.49915 0.000222937 0.000222937
0.50087 0.49913 0.000222094 0.000222094
0.50089 0.49911 0.000221998 0.000221998
0.50084 0.49916 0.000224055 0.000224055
0.50088 0.49912 0.000225177 0.000225177
0.5009 0.4991 0.000226515 0.000226515
0.50089 0.49911 0.000226927 0.000226927
0.50085 0.49915 0.000227179 0.000227179
0.50083 0.49917 0.000228264 0.000228264
0.50085 0.49915 0.000229058 0.000229058
0.50085 0.49915 0.000230028 0.000230028
0.50084 0.49916 0.000232378 0.000232378
0.50084 0.49916 0.000232843 0.000232843
0.50083 0.49917 0.000234627 0.000234627
0.50081 0.49919 0.00023662 0.00023662
0.50081 0.49919 0.000237004 0.000237004
0.50081 0.49919 0.00023759 0.00023759
0.50084 0.49916 0.000238075 0.000238075
0.50082 0.49918 0.000237745 0.000237745
0.50077 0.49923 0.000236219 0.000236219
0.5008 0.4992 0.000235758 0.000235758
0.5008 0.4992 0.00023899 0.00023899
0.50081 0.49919 0.000239812 0.000239812
0.50076 0.49924 0.000242487 0.000242487
0.50077 0.49923 0.0002423 0.0002423
0.5008 0.4992 0.000243636 0.000243636
0.50081 0.49919 0.000243024 0.000243024
0.50084 0.49916 0.000242802 0.000242802
0.5009 0.4991 0.000242434 0.000242434
0.50091 0.49909 0.000244103 0.000244103
0.50097 0.49903 0.000245444 0.000245444
0.501 0.499 0.000245051 0.000245051
0.50099 0.49901 0.000244333 0.000244333
0.50099 0.49901 0.000244091 0.000244091
0.501 0.499 0.000241838 0.000241838
0.50105 0.49895 0.000241806 0.000241806
0.50102 0.49898 0.00024206 0.00024206
0.50104 0.49896 0.000243089 0.000243089
0.501 0.499 0.000243293 0.000243293
0.50099 0.49901 0.000242757 0.000242757
0.50105 0.49895 0.000244189 0.000244189
0.50108 0.49892 0.000244357 0.000244357
0.50108 0.49892 0.000244781 0.000244781
0.50108 0.49892 0.00024462 0.00024462
0.50108 0.49892 0.000245569 0.000245569
0.50108 0.49892 0.000245226 0.000245226
0.50105 0.49895 0.000244189 0.000244189
0.50105 0.49895 0.000246149 0.000246149
0.50107 0.49893 0.000247096 0.000247096
0.50113 0.49887 0.00024773 0.00024773
0.50111 0.49889 0.000247311 0.000247311
0.50113 0.49887 0.000247003 0.000247003
0.50114 0.49886 0.000248061 0.000248061
0.50116 0.49884 0.000247853 0.000247853
0.50116 0.49884 0.000247489 0.000247489
0.50118 0.49882 0.000247664 0.000247664
0.50118 0.49882 0.000248796 0.000248796
0.50122 0.49878 0.00024884 0.00024884
0.50122 0.49878 0.000249204 0.000249204
0.50123 0.49877 0.000249957 0.000249957
0.50125 0.49875 0.000248573 0.000248573
0.50129 0.49871 0.000249077 0.000249077
0.50125 0.49875 0.00025021 0.00025021
0.50127 0.49873 0.000251957 0.000251957
0.50125 0.49875 0.000251381 0.000251381
0.50123 0.49877 0.000251997 0.000251997
0.50121 0.49879 0.000251501 0.000251501
0.50117 0.49883 0.000251092 0.000251092
0.5012 0.4988 0.000252121 0.000252121
0.50115 0.49885 0.000252775 0.000252775
0.50116 0.49884 0.000253772 0.000253772
0.50118 0.49882 0.000252594 0.000252594
0.50114 0.49886 0.000252081 0.000252081
0.50116 0.49884 0.000253085 0.000253085
0.50115 0.49885 0.000254048 0.000254048
0.50117 0.49883 0.000253577 0.000253577
0.50116 0.49884 0.000252883 0.000252883
0.50118 0.49882 0.000253422 0.000253422
0.50116 0.49884 0.000255287 0.000255287
0.50113 0.49887 0.000256316 0.000256316
0.5011 0.4989 0.000257687 0.000257687
0.50109 0.49891 0.000260063 0.000260063
0.50113 0.49887 0.000259306 0.000259306
0.50115 0.49885 0.000258109 0.000258109
0.50116 0.49884 0.000257388 0.000257388
0.50114 0.49886 0.000259293 0.000259293
0.50113 0.49887 0.000260033 0.000260033
0.50111 0.49889 0.00026218 0.00026218
0.50115 0.49885 0.000263381 0.000263381
0.50116 0.49884 0.000263772 0.000263772
0.50118 0.49882 0.000264977 0.000264977
0.50118 0.49882 0.000264856 0.000264856
0.50118 0.49882 0.000264291 0.000264291
0.50121 0.49879 0.00026441 0.00026441
0.50122 0.49878 0.000264759 0.000264759
0.50124 0.49876 0.00026677 0.00026677
0.5012 0.4988 0.000266808 0.000266808
0.50117 0.49883 0.000267819 0.000267819
0.50117 0.49883 0.000268001 0.000268001
0.50113 0.49887 0.000268761 0.000268761
0.50115 0.49885 0.000270412 0.000270412
0.50111 0.49889 0.000271129 0.000271129
0.50108 0.49892 0.000270519 0.000270519
0.50112 0.49888 0.000270268 0.000270268
0.50116 0.49884 0.000271045 0.000271045
0.5012 0.4988 0.000271071 0.000271071
0.50122 0.49878 0.000271648 0.000271648
0.50117 0.49883 0.000273132 0.000273132
0.50115 0.49885 0.000272917 0.000272917
0.50124 0.49876 0.000273518 0.000273518
0.50124 0.49876 0.000273841 0.000273841
0.50127 0.49873 0.000274442 0.000274442
0.5013 0.4987 0.000274576 0.000274576
0.5013 0.4987 0.000276354 0.000276354
0.50129 0.49871 0.000279016 0.000279016
0.50129 0.49871 0.000279764 0.000279764
0.50135 0.49865 0.000279765 0.000279765
0.50129 0.49871 0.000279521 0.000279521
0.50124 0.49876 0.000279376 0.000279376
0.50127 0.49873 0.000280462 0.000280462
0.50131 0.49869 0.000282115 0.000282115
0.50129 0.49871 0.000281986 0.000281986
0.50131 0.49869 0.000281024 0.000281024
0.50132 0.49868 0.000281856 0.000281856
0.50133 0.49867 0.000281839 0.000281839
0.50131 0.49869 0.000281469 0.000281469
0.50129 0.49871 0.000280329 0.000280329
0.50131 0.49869 0.000279994 0.000279994
0.5013 0.4987 0.000280232 0.000280232
0.50128 0.49872 0.000280224 0.000280224
0.50121 0.49879 0.000279885 0.000279885
0.50123 0.49877 0.000278644 0.000278644
0.50119 0.49881 0.000279812 0.000279812
0.5012 0.4988 0.000278667 0.000278667
0.50122 0.49878 0.0002788 0.0002788
0.50122 0.49878 0.0002808 0.0002808
0.50122 0.49878 0.000283486 0.000283486
0.50121 0.49879 0.000283723 0.000283723
0.5012 0.4988 0.000285697 0.000285697
0.50119 0.49881 0.000286256 0.000286256
0.50122 0.49878 0.000285244 0.000285244
0.50126 0.49874 0.000284942 0.000284942
0.50127 0.49873 0.000284785 0.000284785
0.50127 0.49873 0.000284522 0.000284522
0.50125 0.49875 0.000284715 0.000284715
0.50128 0.49872 0.000284264 0.000284264
0.50125 0.49875 0.000284593 0.000284593
0.50128 0.49872 0.000284749 0.000284749
0.5013 0.4987 0.000284737 0.000284737
0.50132 0.49868 0.000283432 0.000283432
0.50132 0.49868 0.000284785 0.000284785
0.50133 0.49867 0.00028487 0.00028487
0.50129 0.49871 0.000284531 0.000284531
0.50128 0.49872 0.00028386 0.00028386
0.50126 0.49874 0.000284215 0.000284215
0.50125 0.49875 0.000285301 0.000285301
0.5013 0.4987 0.000284778 0.000284778
0.5013 0.4987 0.000284556 0.000284556
0.50132 0.49868 0.0002842 0.0002842
0.50129 0.49871 0.000285743 0.000285743
0.5013 0.4987 0.000285808 0.000285808
0.50129 0.49871 0.000285663 0.000285663
0.50129 0.49871 0.000285865 0.000285865
0.50129 0.49871 0.000286188 0.000286188
0.50131 0.49869 0.000286236 0.000286236
0.50132 0.49868 0.00028727 0.00028727
0.50132 0.49868 0.000287998 0.000287998
0.50133 0.49867 0.000287799 0.000287799
0.50135 0.49865 0.000288492 0.000288492
0.50139 0.49861 0.000290018 0.000290018
0.50139 0.49861 0.000290139 0.000290139
0.50138 0.49862 0.000289672 0.000289672
0.50137 0.49863 0.000289831 0.000289831
0.5014 0.4986 0.000290242 0.000290242
0.5014 0.4986 0.000291293 0.000291293
0.50138 0.49862 0.00029343 0.00029343
0.50144 0.49856 0.000292875 0.000292875
0.50142 0.49858 0.000292994 0.000292994
0.50143 0.49857 0.000294025 0.000294025
0.50144 0.49856 0.00029334 0.00029334
0.50142 0.49858 0.000293175 0.000293175
0.50142 0.49858 0.000293903 0.000293903
0.50145 0.49855 0.000294129 0.000294129
0.50149 0.49851 0.000295404 0.000295404
0.5015 0.4985 0.000295485 0.000295485
0.50148 0.49852 0.000295686 0.000295686
0.50149 0.49851 0.000296252 0.000296252
0.50154 0.49846 0.000295483 0.000295483
0.50154 0.49846 0.000295604 0.000295604
0.50152 0.49848 0.000295606 0.000295606
0.50157 0.49843 0.000298369 0.000298369
0.5016 0.4984 0.00029802 0.00029802
0.50153 0.49847 0.000298252 0.000298252
0.50154 0.49846 0.000298372 0.000298372
0.50152 0.49848 0.000299161 0.000299161
0.50156 0.49844 0.000299663 0.000299663
0.50156 0.49844 0.000301501 0.000301501
0.50156 0.49844 0.000302855 0.000302855
0.50161 0.49839 0.000304341 0.000304341
0.50161 0.49839 0.000304523 0.000304523
