0.46422 0.53578 0.000965002 0.000965002
0.432 0.568 0.00329297 0.00329297
0.40373 0.59627 0.00641561 0.00641561
0.38047 0.61953 0.010138 0.010138
0.35772 0.64228 0.0142934 0.0142934
0.33776 0.66224 0.0186652 0.0186652
0.32016 0.67984 0.0226021 0.0226021
0.30485 0.69515 0.0267982 0.0267982
0.29149 0.70851 0.0309292 0.0309292
0.27955 0.72045 0.0346597 0.0346597
0.26834 0.73166 0.0384784 0.0384784
0.25787 0.74213 0.0418974 0.0418974
0.24904 0.75096 0.0452069 0.0452069
0.24084 0.75916 0.0483308 0.0483308
0.2331 0.7669 0.0510517 0.0510517
0.2261 0.7739 0.0539447 0.0539447
0.21961 0.78039 0.0567013 0.0567013
0.21368 0.78632 0.0590607 0.0590607
0.20799 0.79201 0.061387 0.061387
0.20332 0.79668 0.0634034 0.0634034
0.1996 0.8004 0.0655736 0.0655736
0.19491 0.80509 0.0671258 0.0671258
0.19068 0.80932 0.0689066 0.0689066
0.18661 0.81339 0.0705926 0.0705926
0.18341 0.81659 0.0722571 0.0722571
0.18012 0.81988 0.0737953 0.0737953
0.17778 0.82222 0.0755445 0.0755445
0.17487 0.82513 0.0766482 0.0766482
0.17221 0.82779 0.0777342 0.0777342
0.16941 0.83059 0.079018 0.079018
0.16678 0.83322 0.0801433 0.0801433
0.16465 0.83535 0.0813732 0.0813732
0.16244 0.83756 0.0824264 0.0824264
0.16016 0.83984 0.0832026 0.0832026
0.15825 0.84175 0.0843529 0.0843529
0.15629 0.84371 0.0849249 0.0849249
0.1548 0.8452 0.0858147 0.0858147
0.15361 0.84639 0.0867514 0.0867514
0.15273 0.84727 0.0877699 0.0877699
0.15136 0.84864 0.0882088 0.0882088
0.15016 0.84984 0.088709 0.088709
0.14885 0.85115 0.0889634 0.0889634
0.14847 0.85153 0.0898117 0.0898117
0.1476 0.8524 0.0902995 0.0902995
0.1468 0.8532 0.0906034 0.0906034
0.14633 0.85367 0.0910323 0.0910323
0.14561 0.85439 0.0913585 0.0913585
0.14471 0.85529 0.0916251 0.0916251
0.14399 0.85601 0.0917391 0.0917391
0.14323 0.85677 0.091887 0.091887
0.14272 0.85728 0.0922402 0.0922402
0.14206 0.85794 0.0924387 0.0924387
0.14164 0.85836 0.0925927 0.0925927
0.14118 0.85882 0.0928447 0.0928447
0.14106 0.85894 0.0931626 0.0931626
0.14029 0.85971 0.093104 0.093104
0.14 0.86 0.0931973 0.0931973
0.14004 0.85996 0.0935007 0.0935007
0.13966 0.86034 0.093547 0.093547
0.13962 0.86038 0.0937524 0.0937524
0.13943 0.86057 0.0938636 0.0938636
0.13911 0.86089 0.093848 0.093848
0.13932 0.86068 0.0941487 0.0941487
0.13935 0.86065 0.0943144 0.0943144
0.13894 0.86106 0.0942132 0.0942132
0.13882 0.86118 0.0943418 0.0943418
0.13876 0.86124 0.094454 0.094454
0.13858 0.86142 0.094434 0.094434
0.13862 0.86138 0.094492 0.094492
0.13857 0.86143 0.0945563 0.0945563
0.13839 0.86161 0.0945115 0.0945115
0.13835 0.86165 0.094566 0.094566
0.13832 0.86168 0.0946999 0.0946999
0.13827 0.86173 0.0947248 0.0947248
0.13796 0.86204 0.0945802 0.0945802
0.13799 0.86201 0.0946522 0.0946522
0.13754 0.86246 0.0943889 0.0943889
0.13701 0.86299 0.0940588 0.0940588
0.13684 0.86316 0.0940139 0.0940139
0.13671 0.86329 0.0939424 0.0939424
0.13656 0.86344 0.0938949 0.0938949
0.13693 0.86307 0.0942154 0.0942154
0.13673 0.86327 0.0940877 0.0940877
0.13667 0.86333 0.0940578 0.0940578
0.13657 0.86343 0.09403 0.09403
0.13652 0.86348 0.0940018 0.0940018
0.13635 0.86365 0.0938965 0.0938965
0.13647 0.86353 0.0939859 0.0939859
0.13632 0.86368 0.0939264 0.0939264
0.1362 0.8638 0.093848 0.093848
0.13584 0.86416 0.0936296 0.0936296
0.1355 0.8645 0.0934242 0.0934242
0.13583 0.86417 0.0936444 0.0936444
0.13578 0.86422 0.0936178 0.0936178
0.13593 0.86407 0.0937633 0.0937633
0.1358 0.8642 0.0936704 0.0936704
0.1357 0.8643 0.0936427 0.0936427
0.13567 0.86433 0.0936379 0.0936379
0.13576 0.86424 0.0937269 0.0937269
0.13594 0.86406 0.0938436 0.0938436
0.13572 0.86428 0.093725 0.093725
0.13542 0.86458 0.0935314 0.0935314
0.13498 0.86502 0.0932834 0.0932834
0.13489 0.86511 0.0932382 0.0932382
0.13479 0.86521 0.0931712 0.0931712
0.13458 0.86542 0.0930505 0.0930505
0.1345 0.8655 0.0930222 0.0930222
0.13438 0.86562 0.0929781 0.0929781
0.13422 0.86578 0.0928745 0.0928745
0.13417 0.86583 0.0928653 0.0928653
0.13416 0.86584 0.0929205 0.0929205
0.1342 0.8658 0.0929885 0.0929885
0.13377 0.86623 0.0927079 0.0927079
0.1336 0.8664 0.0926341 0.0926341
0.13339 0.86661 0.0924906 0.0924906
0.13326 0.86674 0.0924301 0.0924301
0.13322 0.86678 0.0924144 0.0924144
0.13303 0.86697 0.092332 0.092332
0.13288 0.86712 0.092249 0.092249
0.13254 0.86746 0.0920917 0.0920917
0.13245 0.86755 0.0920448 0.0920448
0.13224 0.86776 0.0919192 0.0919192
0.13195 0.86805 0.0917596 0.0917596
0.13177 0.86823 0.0916622 0.0916622
0.13169 0.86831 0.0915603 0.0915603
0.13171 0.86829 0.0915716 0.0915716
0.13178 0.86822 0.0917211 0.0917211
0.13181 0.86819 0.0918003 0.0918003
0.1313 0.8687 0.091534 0.091534
0.13106 0.86894 0.0913953 0.0913953
0.13094 0.86906 0.0913492 0.0913492
0.13107 0.86893 0.0914204 0.0914204
0.13073 0.86927 0.0912941 0.0912941
0.13056 0.86944 0.0912049 0.0912049
0.13037 0.86963 0.0910755 0.0910755
0.13029 0.86971 0.0910902 0.0910902
0.12993 0.87007 0.0909502 0.0909502
0.12967 0.87033 0.0908348 0.0908348
0.12952 0.87048 0.0907722 0.0907722
0.12957 0.87043 0.0908174 0.0908174
0.12913 0.87087 0.0905631 0.0905631
0.12906 0.87094 0.0905751 0.0905751
0.12873 0.87127 0.0904962 0.0904962
0.12836 0.87164 0.0903688 0.0903688
0.1282 0.8718 0.0902867 0.0902867
0.12816 0.87184 0.0903204 0.0903204
0.12826 0.87174 0.0904125 0.0904125
0.12813 0.87187 0.0904019 0.0904019
0.12818 0.87182 0.0904799 0.0904799
0.12759 0.87241 0.090277 0.090277
0.1274 0.8726 0.0901578 0.0901578
0.12706 0.87294 0.0900103 0.0900103
0.1269 0.8731 0.0899531 0.0899531
0.12698 0.87302 0.0900637 0.0900637
0.12661 0.87339 0.0898928 0.0898928
0.1263 0.8737 0.0898705 0.0898705
0.12602 0.87398 0.089734 0.089734
0.12576 0.87424 0.0896163 0.0896163
0.12562 0.87438 0.0895725 0.0895725
0.12527 0.87473 0.0894372 0.0894372
0.12498 0.87502 0.0893318 0.0893318
0.12475 0.87525 0.0891443 0.0891443
0.1244 0.8756 0.0890555 0.0890555
0.12413 0.87587 0.0889128 0.0889128
0.12386 0.87614 0.0888552 0.0888552
0.12377 0.87623 0.0889524 0.0889524
0.12339 0.87661 0.0888294 0.0888294
0.12302 0.87698 0.0886926 0.0886926
0.12269 0.87731 0.088628 0.088628
0.12212 0.87788 0.0884333 0.0884333
0.12222 0.87778 0.0884785 0.0884785
0.12173 0.87827 0.0883192 0.0883192
0.12139 0.87861 0.0881849 0.0881849
0.12115 0.87885 0.0881427 0.0881427
0.12093 0.87907 0.088148 0.088148
0.12079 0.87921 0.0881651 0.0881651
0.12091 0.87909 0.088203 0.088203
0.12055 0.87945 0.0881628 0.0881628
0.12046 0.87954 0.088211 0.088211
0.12001 0.87999 0.0880825 0.0880825
0.12 0.88 0.0882107 0.0882107
0.11985 0.88015 0.0881946 0.0881946
0.11936 0.88064 0.0880131 0.0880131
0.11923 0.88077 0.0880676 0.0880676
0.11882 0.88118 0.0878968 0.0878968
0.1186 0.8814 0.0877985 0.0877985
0.11808 0.88192 0.0876708 0.0876708
0.1177 0.8823 0.0876762 0.0876762
0.11722 0.88278 0.0875487 0.0875487
0.11691 0.88309 0.0875242 0.0875242
0.11662 0.88338 0.087479 0.087479
0.11621 0.88379 0.0872612 0.0872612
0.11608 0.88392 0.0872565 0.0872565
0.11574 0.88426 0.0871851 0.0871851
0.11543 0.88457 0.0871091 0.0871091
0.1148 0.8852 0.0869323 0.0869323
0.11429 0.88571 0.0867605 0.0867605
0.1142 0.8858 0.0868481 0.0868481
0.11377 0.88623 0.0867938 0.0867938
0.11333 0.88667 0.0867421 0.0867421
0.11342 0.88658 0.0869004 0.0869004
0.11326 0.88674 0.0869234 0.0869234
0.11284 0.88716 0.086858 0.086858
0.11264 0.88736 0.0868391 0.0868391
0.11234 0.88766 0.086797 0.086797
0.11209 0.88791 0.0867687 0.0867687
0.11209 0.88791 0.0868192 0.0868192
0.1119 0.8881 0.0868762 0.0868762
0.11147 0.88853 0.0867812 0.0867812
0.11123 0.88877 0.0868249 0.0868249
0.11102 0.88898 0.0869112 0.0869112
0.1108 0.8892 0.0869273 0.0869273
0.11064 0.88936 0.086954 0.086954
0.11029 0.88971 0.0868877 0.0868877
0.10997 0.89003 0.0868427 0.0868427
0.10976 0.89024 0.0868751 0.0868751
0.10944 0.89056 0.0867408 0.0867408
0.10933 0.89067 0.0868056 0.0868056
0.10921 0.89079 0.0868739 0.0868739
0.10891 0.89109 0.0867213 0.0867213
0.10873 0.89127 0.0867645 0.0867645
0.10871 0.89129 0.0867902 0.0867902
0.10832 0.89168 0.0866743 0.0866743
0.10817 0.89183 0.0867076 0.0867076
0.10779 0.89221 0.0865743 0.0865743
0.10782 0.89218 0.0867088 0.0867088
0.10764 0.89236 0.086638 0.086638
0.10737 0.89263 0.0865444 0.0865444
0.10725 0.89275 0.0865979 0.0865979
0.10699 0.89301 0.0865632 0.0865632
0.1068 0.8932 0.0864979 0.0864979
0.10681 0.89319 0.0865968 0.0865968
0.10663 0.89337 0.0866314 0.0866314
0.10623 0.89377 0.0865043 0.0865043
0.10608 0.89392 0.0864377 0.0864377
0.10596 0.89404 0.0863906 0.0863906
0.10579 0.89421 0.0863105 0.0863105
0.10562 0.89438 0.0861957 0.0861957
0.1053 0.8947 0.0861279 0.0861279
0.10513 0.89487 0.0860886 0.0860886
0.10516 0.89484 0.0862219 0.0862219
0.10498 0.89502 0.0861554 0.0861554
0.1048 0.8952 0.0861906 0.0861906
0.10487 0.89513 0.0863441 0.0863441
0.10469 0.89531 0.0862915 0.0862915
0.10468 0.89532 0.0863637 0.0863637
0.10443 0.89557 0.0862664 0.0862664
0.10435 0.89565 0.0863652 0.0863652
0.10424 0.89576 0.0863383 0.0863383
0.10417 0.89583 0.0863453 0.0863453
0.10418 0.89582 0.0863902 0.0863902
0.10415 0.89585 0.0864508 0.0864508
0.10396 0.89604 0.0864894 0.0864894
0.10388 0.89612 0.0865695 0.0865695
0.10369 0.89631 0.0864913 0.0864913
0.10349 0.89651 0.0863656 0.0863656
0.10351 0.89649 0.0864462 0.0864462
0.10349 0.89651 0.0864211 0.0864211
0.10356 0.89644 0.0864777 0.0864777
0.10345 0.89655 0.0864496 0.0864496
0.10324 0.89676 0.0864084 0.0864084
0.10309 0.89691 0.0863333 0.0863333
0.103 0.897 0.0862991 0.0862991
0.10292 0.89708 0.0862736 0.0862736
0.10297 0.89703 0.0863748 0.0863748
0.10267 0.89733 0.0861967 0.0861967
0.10259 0.89741 0.0862456 0.0862456
0.10254 0.89746 0.0862548 0.0862548
0.10229 0.89771 0.0861836 0.0861836
0.10225 0.89775 0.0862678 0.0862678
0.10205 0.89795 0.0861979 0.0861979
0.10204 0.89796 0.0862751 0.0862751
0.10192 0.89808 0.0862663 0.0862663
0.10185 0.89815 0.0862572 0.0862572
0.10193 0.89807 0.0863551 0.0863551
0.1018 0.8982 0.0862926 0.0862926
0.10169 0.89831 0.0862584 0.0862584
0.10156 0.89844 0.0861871 0.0861871
0.10154 0.89846 0.0861565 0.0861565
0.10142 0.89858 0.0861984 0.0861984
0.10151 0.89849 0.086286 0.086286
0.10156 0.89844 0.0864179 0.0864179
0.10146 0.89854 0.0863648 0.0863648
0.10134 0.89866 0.0863813 0.0863813
0.1011 0.8989 0.0862864 0.0862864
0.1009 0.8991 0.0862326 0.0862326
0.10075 0.89925 0.086237 0.086237
0.1007 0.8993 0.086343 0.086343
0.10056 0.89944 0.0863226 0.0863226
0.10059 0.89941 0.0863446 0.0863446
0.10049 0.89951 0.0863293 0.0863293
0.10041 0.89959 0.0863265 0.0863265
0.10041 0.89959 0.086455 0.086455
0.10021 0.89979 0.086393 0.086393
0.10016 0.89984 0.086435 0.086435
0.10024 0.89976 0.0865833 0.0865833
0.10021 0.89979 0.0866074 0.0866074
0.10015 0.89985 0.086562 0.086562
0.10004 0.89996 0.086549 0.086549
0.10008 0.89992 0.0866929 0.0866929
0.0999 0.9001 0.0865922 0.0865922
0.0997 0.9003 0.0864919 0.0864919
0.09962 0.90038 0.0864486 0.0864486
0.0996 0.9004 0.0865469 0.0865469
0.09952 0.90048 0.0865482 0.0865482
0.09951 0.90049 0.0865951 0.0865951
0.0995 0.9005 0.0866658 0.0866658
0.09949 0.90051 0.0867609 0.0867609
0.09948 0.90052 0.0869085 0.0869085
0.09937 0.90063 0.0869382 0.0869382
0.09944 0.90056 0.0871032 0.0871032
0.09944 0.90056 0.0871552 0.0871552
0.09946 0.90054 0.0872689 0.0872689
0.09938 0.90062 0.0872947 0.0872947
0.0993 0.9007 0.0873284 0.0873284
0.09924 0.90076 0.0873313 0.0873313
0.09917 0.90083 0.0872747 0.0872747
0.09909 0.90091 0.0873236 0.0873236
0.09908 0.90092 0.0873361 0.0873361
0.09908 0.90092 0.0874421 0.0874421
0.09912 0.90088 0.0875903 0.0875903
0.09918 0.90082 0.0877515 0.0877515
0.09921 0.90079 0.0878444 0.0878444
0.09923 0.90077 0.0879693 0.0879693
0.09927 0.90073 0.0880109 0.0880109
0.09927 0.90073 0.0880906 0.0880906
0.09933 0.90067 0.0882324 0.0882324
0.09921 0.90079 0.0881946 0.0881946
0.09926 0.90074 0.0883525 0.0883525
0.09926 0.90074 0.0884014 0.0884014
0.09921 0.90079 0.0884915 0.0884915
0.0992 0.9008 0.0884927 0.0884927
0.09923 0.90077 0.0885892 0.0885892
0.09925 0.90075 0.0886884 0.0886884
0.0993 0.9007 0.0887844 0.0887844
0.09937 0.90063 0.0888776 0.0888776
0.09939 0.90061 0.0889614 0.0889614
0.09938 0.90062 0.0889805 0.0889805
0.09941 0.90059 0.0890639 0.0890639
0.0994 0.9006 0.0891722 0.0891722
0.09937 0.90063 0.0892131 0.0892131
0.09937 0.90063 0.0892491 0.0892491
0.09934 0.90066 0.0892179 0.0892179
0.09941 0.90059 0.0893506 0.0893506
0.09943 0.90057 0.0894386 0.0894386
0.09941 0.90059 0.0894604 0.0894604
0.09941 0.90059 0.0894974 0.0894974
0.09942 0.90058 0.0895876 0.0895876
0.09952 0.90048 0.0897932 0.0897932
0.09956 0.90044 0.0898422 0.0898422
0.09957 0.90043 0.0898592 0.0898592
0.09955 0.90045 0.0898631 0.0898631
0.09957 0.90043 0.0899162 0.0899162
0.09958 0.90042 0.0899523 0.0899523
0.09956 0.90044 0.0899563 0.0899563
0.09957 0.90043 0.0899924 0.0899924
0.09958 0.90042 0.0900096 0.0900096
0.09964 0.90036 0.0900939 0.0900939
0.09966 0.90034 0.0901476 0.0901476
0.09967 0.90033 0.090165 0.090165
0.09967 0.90033 0.0901842 0.0901842
0.09967 0.90033 0.0901842 0.0901842
0.09971 0.90029 0.0902539 0.0902539
0.09971 0.90029 0.0902733 0.0902733
0.09968 0.90032 0.0902402 0.0902402
0.09968 0.90032 0.0902402 0.0902402
0.0997 0.9003 0.0902556 0.0902556
0.09972 0.90028 0.0903101 0.0903101
0.09974 0.90026 0.0903451 0.0903451
0.09977 0.90023 0.0903979 0.0903979
0.09979 0.90021 0.0904136 0.0904136
0.09979 0.90021 0.0904332 0.0904332
0.09983 0.90017 0.0904843 0.0904843
0.09983 0.90017 0.0904647 0.0904647
0.09984 0.90016 0.0904824 0.0904824
0.09988 0.90012 0.0905534 0.0905534
0.09988 0.90012 0.090593 0.090593
0.09992 0.90008 0.0906446 0.0906446
0.09992 0.90008 0.0906446 0.0906446
0.0999 0.9001 0.0906286 0.0906286
0.09993 0.90007 0.0906824 0.0906824
0.09993 0.90007 0.0906624 0.0906624
0.09992 0.90008 0.0906844 0.0906844
0.09994 0.90006 0.0907203 0.0907203
0.09993 0.90007 0.0907223 0.0907223
0.09995 0.90005 0.0907383 0.0907383
0.09996 0.90004 0.0907563 0.0907563
0.09995 0.90005 0.0907783 0.0907783
0.09996 0.90004 0.0907964 0.0907964
0.09996 0.90004 0.0907964 0.0907964
0.09996 0.90004 0.0907964 0.0907964
0.09998 0.90002 0.0908124 0.0908124
0.09998 0.90002 0.0908124 0.0908124
0.09999 0.90001 0.0908305 0.0908305
0.09999 0.90001 0.0908305 0.0908305
0.10001 0.89999 0.0908466 0.0908466
0.10001 0.89999 0.0908466 0.0908466
0.1 0.9 0.0908486 0.0908486
0.09998 0.90002 0.0908325 0.0908325
0.09998 0.90002 0.0908325 0.0908325
0.09999 0.90001 0.0908506 0.0908506
0.1 0.9 0.0908687 0.0908687
0.1 0.9 0.0908687 0.0908687
0.09999 0.90001 0.0908708 0.0908708
0.09999 0.90001 0.0908708 0.0908708
0.09999 0.90001 0.0908708 0.0908708
0.1 0.9 0.0908687 0.0908687
0.1 0.9 0.0908687 0.0908687
0.1 0.9 0.0908687 0.0908687
0.1 0.9 0.0908687 0.0908687
0.1 0.9 0.0908687 0.0908687
0.1 0.9 0.0908687 0.0908687
0.1 0.9 0.0908687 0.0908687
0.1 0.9 0.0908687 0.0908687
0.1 0.9 0.0908687 0.0908687
0.1 0.9 0.0908687 0.0908687
0.1 0.9 0.0908687 0.0908687
0.1 0.9 0.0908687 0.0908687
0.1 0.9 0.0908687 0.0908687
0.1 0.9 0.0908687 0.0908687
0.1 0.9 0.0908687 0.0908687
0.1 0.9 0.0908687 0.0908687
0.1 0.9 0.0908687 0.0908687
0.1 0.9 0.0908687 0.0908687
0.1 0.9 0.0908687 0.0908687
0.09999 0.90001 0.0908506 0.0908506
0.09998 0.90002 0.0908325 0.0908325
0.09999 0.90001 0.0908506 0.0908506
0.09999 0.90001 0.0908506 0.0908506
0.09999 0.90001 0.0908506 0.0908506
0.09999 0.90001 0.0908506 0.0908506
0.09998 0.90002 0.0908526 0.0908526
0.09998 0.90002 0.0908526 0.0908526
0.09998 0.90002 0.0908526 0.0908526
0.09998 0.90002 0.0908526 0.0908526
0.09998 0.90002 0.0908526 0.0908526
0.09998 0.90002 0.0908526 0.0908526
0.09998 0.90002 0.0908526 0.0908526
0.09998 0.90002 0.0908526 0.0908526
0.09998 0.90002 0.0908526 0.0908526
0.09999 0.90001 0.0908506 0.0908506
0.09999 0.90001 0.0908506 0.0908506
0.09999 0.90001 0.0908506 0.0908506
0.09999 0.90001 0.0908506 0.0908506
0.09999 0.90001 0.0908506 0.0908506
0.09999 0.90001 0.0908506 0.0908506
0.09999 0.90001 0.0908506 0.0908506
0.1 0.9 0.0908687 0.0908687
0.10001 0.89999 0.0908667 0.0908667
0.10001 0.89999 0.0908667 0.0908667
0.10001 0.89999 0.0908667 0.0908667
0.10001 0.89999 0.0908667 0.0908667
0.1 0.9 0.0908687 0.0908687
0.1 0.9 0.0908687 0.0908687
0.1 0.9 0.0908687 0.0908687
0.1 0.9 0.0908687 0.0908687
0.1 0.9 0.0908687 0.0908687
0.1 0.9 0.0908687 0.0908687
0.1 0.9 0.0908687 0.0908687
0.1 0.9 0.0908687 0.0908687
0.09999 0.90001 0.0908708 0.0908708
0.09999 0.90001 0.0908708 0.0908708
0.09999 0.90001 0.0908708 0.0908708
0.09998 0.90002 0.0908728 0.0908728
0.09998 0.90002 0.0908728 0.0908728
0.09998 0.90002 0.0908728 0.0908728
0.09999 0.90001 0.0908909 0.0908909
0.09999 0.90001 0.0908909 0.0908909
0.1 0.9 0.0909091 0.0909091
0.1 0.9 0.0909091 0.0909091
0.1 0.9 0.0909091 0.0909091
0.1 0.9 0.0909091 0.0909091
0.1 0.9 0.0909091 0.0909091
0.1 0.9 0.0909091 0.0909091
0.1 0.9 0.0909091 0.0909091
0.09999 0.90001 0.0908909 0.0908909
0.1 0.9 0.0908889 0.0908889
0.1 0.9 0.0908889 0.0908889
0.1 0.9 0.0908889 0.0908889
0.1 0.9 0.0908889 0.0908889
0.1 0.9 0.0908889 0.0908889
0.1 0.9 0.0908889 0.0908889
0.1 0.9 0.0908889 0.0908889
0.1 0.9 0.0908889 0.0908889
0.1 0.9 0.0908889 0.0908889
0.1 0.9 0.0908889 0.0908889
0.1 0.9 0.0908889 0.0908889
0.1 0.9 0.0908889 0.0908889
0.1 0.9 0.0908889 0.0908889
0.1 0.9 0.0908889 0.0908889
0.1 0.9 0.0908889 0.0908889
0.1 0.9 0.0908889 0.0908889
0.1 0.9 0.0908889 0.0908889
0.1 0.9 0.0908889 0.0908889
0.10001 0.89999 0.0909071 0.0909071
0.10001 0.89999 0.0909071 0.0909071
0.10001 0.89999 0.0909071 0.0909071
0.10001 0.89999 0.0909071 0.0909071
0.10001 0.89999 0.0909071 0.0909071
0.10001 0.89999 0.0909071 0.0909071
