0.5017 0.4983 4.2899e-05 4.2899e-05
0.50228 0.49772 9.34764e-05 9.34764e-05
0.50391 0.49609 0.000178972 0.000178972
0.50482 0.49518 0.000242674 0.000242674
0.50586 0.49414 0.000302021 0.000302021
0.50572 0.49428 0.000406789 0.000406789
0.50588 0.49412 0.000479056 0.000479056
0.50532 0.49468 0.000559291 0.000559291
0.5052 0.4948 0.000659192 0.000659192
0.50474 0.49526 0.000661952 0.000661952
0.50472 0.49528 0.000673699 0.000673699
0.50447 0.49553 0.000759949 0.000759949
0.50473 0.49527 0.000809876 0.000809876
0.50465 0.49535 0.000818614 0.000818614
0.50533 0.49467 0.000877375 0.000877375
0.50591 0.49409 0.000850749 0.000850749
0.50616 0.49384 0.000949186 0.000949186
0.50679 0.49321 0.00103081 0.00103081
0.50694 0.49306 0.0010404 0.0010404
0.50694 0.49306 0.00111775 0.00111775
0.50714 0.49286 0.00111277 0.00111277
0.50632 0.49368 0.00105491 0.00105491
0.50605 0.49395 0.00103019 0.00103019
0.50728 0.49272 0.00111632 0.00111632
0.50721 0.49279 0.00111081 0.00111081
0.5071 0.4929 0.00111316 0.00111316
0.5082 0.4918 0.0011823 0.0011823
0.50785 0.49215 0.00122364 0.00122364
0.50829 0.49171 0.0012299 0.0012299
0.50761 0.49239 0.00124131 0.00124131
0.50843 0.49157 0.00122889 0.00122889
0.50826 0.49174 0.00126476 0.00126476
0.50872 0.49128 0.00129133 0.00129133
0.50798 0.49202 0.00130147 0.00130147
0.50763 0.49237 0.00130609 0.00130609
0.50719 0.49281 0.00132757 0.00132757
0.50763 0.49237 0.00139266 0.00139266
0.50831 0.49169 0.00130159 0.00130159
0.50861 0.49139 0.00132685 0.00132685
0.50856 0.49144 0.00135318 0.00135318
0.50824 0.49176 0.0012814 0.0012814
0.50843 0.49157 0.00123881 0.00123881
0.50874 0.49126 0.00130425 0.00130425
0.50931 0.49069 0.00130502 0.00130502
0.50917 0.49083 0.00128148 0.00128148
0.50985 0.49015 0.00133429 0.00133429
0.50875 0.49125 0.00135944 0.00135944
0.50775 0.49225 0.00137744 0.00137744
0.50836 0.49164 0.00146775 0.00146775
0.50852 0.49148 0.0015331 0.0015331
0.50869 0.49131 0.00156127 0.00156127
0.50888 0.49112 0.00150825 0.00150825
0.50922 0.49078 0.00151551 0.00151551
0.51009 0.48991 0.00147723 0.00147723
0.51072 0.48928 0.00148376 0.00148376
0.5097 0.4903 0.00150995 0.00150995
0.51019 0.48981 0.00152561 0.00152561
0.50923 0.49077 0.00151226 0.00151226
0.50887 0.49113 0.00150929 0.00150929
0.50773 0.49227 0.0015045 0.0015045
0.50799 0.49201 0.001499 0.001499
0.50797 0.49203 0.00157209 0.00157209
0.50875 0.49125 0.00152318 0.00152318
0.50865 0.49135 0.00152831 0.00152831
0.50877 0.49123 0.00151735 0.00151735
0.50912 0.49088 0.00157473 0.00157473
0.50958 0.49042 0.00147194 0.00147194
0.50891 0.49109 0.00145707 0.00145707
0.50921 0.49079 0.00144413 0.00144413
0.51011 0.48989 0.00143404 0.00143404
0.51027 0.48973 0.00146291 0.00146291
0.51063 0.48937 0.00148991 0.00148991
0.51019 0.48981 0.00158614 0.00158614
0.51113 0.48887 0.00162082 0.00162082
0.51028 0.48972 0.00161479 0.00161479
0.51063 0.48937 0.00161886 0.00161886
0.51042 0.48958 0.00167653 0.00167653
0.51001 0.48999 0.00170544 0.00170544
0.50975 0.49025 0.00175146 0.00175146
0.51015 0.48985 0.00175827 0.00175827
0.50981 0.49019 0.00171884 0.00171884
0.50931 0.49069 0.00170428 0.00170428
0.50962 0.49038 0.00165585 0.00165585
0.50998 0.49002 0.00160162 0.00160162
0.51044 0.48956 0.00161966 0.00161966
0.50965 0.49035 0.00160944 0.00160944
0.50959 0.49041 0.00155717 0.00155717
0.50957 0.49043 0.0016178 0.0016178
0.5093 0.4907 0.0016466 0.0016466
0.50909 0.49091 0.0017061 0.0017061
0.50871 0.49129 0.00164487 0.00164487
0.50898 0.49102 0.00170143 0.00170143
0.50858 0.49142 0.00169148 0.00169148
0.50981 0.49019 0.00169179 0.00169179
0.50977 0.49023 0.00167608 0.00167608
0.50971 0.49029 0.00171011 0.00171011
0.50951 0.49049 0.00164138 0.00164138
0.51006 0.48994 0.00162567 0.00162567
0.51036 0.48964 0.00158415 0.00158415
0.51005 0.48995 0.00156758 0.00156758
0.51073 0.48927 0.0015781 0.0015781
0.51098 0.48902 0.00156129 0.00156129
0.5111 0.4889 0.00157165 0.00157165
0.5108 0.4892 0.00160717 0.00160717
0.51106 0.48894 0.00162076 0.00162076
0.51058 0.48942 0.00165653 0.00165653
0.50965 0.49035 0.00168251 0.00168251
0.50963 0.49037 0.00174559 0.00174559
0.50951 0.49049 0.00170058 0.00170058
0.5098 0.4902 0.00162044 0.00162044
0.50979 0.49021 0.00166439 0.00166439
0.5104 0.4896 0.00171497 0.00171497
0.51015 0.48985 0.00174886 0.00174886
0.50844 0.49156 0.00176518 0.00176518
0.50856 0.49144 0.00172156 0.00172156
0.50814 0.49186 0.00170418 0.00170418
0.50807 0.49193 0.00169956 0.00169956
0.50806 0.49194 0.00171975 0.00171975
0.50896 0.49104 0.00169695 0.00169695
0.50901 0.49099 0.00178049 0.00178049
0.50985 0.49015 0.00187229 0.00187229
0.5095 0.4905 0.00194742 0.00194742
0.50985 0.49015 0.00183908 0.00183908
0.50913 0.49087 0.00191222 0.00191222
0.50946 0.49054 0.00185003 0.00185003
0.51005 0.48995 0.00182631 0.00182631
0.51044 0.48956 0.00182338 0.00182338
0.50996 0.49004 0.00182293 0.00182293
0.51068 0.48932 0.00179784 0.00179784
0.51084 0.48916 0.00176311 0.00176311
0.51008 0.48992 0.00176496 0.00176496
0.5108 0.4892 0.00181719 0.00181719
0.51088 0.48912 0.00176924 0.00176924
0.5108 0.4892 0.00178703 0.00178703
0.51098 0.48902 0.00182059 0.00182059
0.51072 0.48928 0.00176901 0.00176901
0.51069 0.48931 0.0018571 0.0018571
0.51009 0.48991 0.00188035 0.00188035
0.50998 0.49002 0.00184226 0.00184226
0.51019 0.48981 0.00186502 0.00186502
0.51044 0.48956 0.00193209 0.00193209
0.5096 0.4904 0.00193172 0.00193172
0.5096 0.4904 0.00192913 0.00192913
0.51012 0.48988 0.00196096 0.00196096
0.51058 0.48942 0.00194352 0.00194352
0.5102 0.4898 0.0019342 0.0019342
0.51083 0.48917 0.00192766 0.00192766
0.51182 0.48818 0.0020051 0.0020051
0.51147 0.48853 0.00210851 0.00210851
0.51143 0.48857 0.00206855 0.00206855
0.51219 0.48781 0.00209484 0.00209484
0.51185 0.48815 0.00199597 0.00199597
0.51217 0.48783 0.00199426 0.00199426
0.51207 0.48793 0.0020315 0.0020315
0.51248 0.48752 0.00197013 0.00197013
0.5121 0.4879 0.00195807 0.00195807
0.51295 0.48705 0.00198383 0.00198383
0.51356 0.48644 0.00195027 0.00195027
0.51412 0.48588 0.00192934 0.00192934
0.51453 0.48547 0.0019535 0.0019535
0.51357 0.48643 0.00197968 0.00197968
0.51309 0.48691 0.00198998 0.00198998
0.51277 0.48723 0.00194642 0.00194642
0.51331 0.48669 0.00195288 0.00195288
0.51306 0.48694 0.00188957 0.00188957
0.51355 0.48645 0.00192156 0.00192156
0.51322 0.48678 0.00196506 0.00196506
0.51302 0.48698 0.00196893 0.00196893
0.51246 0.48754 0.0019593 0.0019593
0.51212 0.48788 0.00194734 0.00194734
0.51169 0.48831 0.00195062 0.00195062
0.51054 0.48946 0.00182645 0.00182645
0.5104 0.4896 0.00186297 0.00186297
0.51057 0.48943 0.00184188 0.00184188
0.51075 0.48925 0.00193201 0.00193201
0.51174 0.48826 0.00200543 0.00200543
0.51204 0.48796 0.00201204 0.00201204
0.51222 0.48778 0.00196403 0.00196403
0.51204 0.48796 0.00198058 0.00198058
0.51192 0.48808 0.0019883 0.0019883
0.51292 0.48708 0.00196016 0.00196016
0.51217 0.48783 0.00201616 0.00201616
0.51177 0.48823 0.00207036 0.00207036
0.51148 0.48852 0.00206045 0.00206045
0.51151 0.48849 0.00214777 0.00214777
0.51152 0.48848 0.00217583 0.00217583
0.51109 0.48891 0.00227439 0.00227439
0.5114 0.4886 0.00226778 0.00226778
0.51189 0.48811 0.00226289 0.00226289
0.51185 0.48815 0.00220298 0.00220298
0.51222 0.48778 0.00218918 0.00218918
0.5131 0.4869 0.00223704 0.00223704
0.5134 0.4866 0.00224188 0.00224188
0.51305 0.48695 0.00226637 0.00226637
0.51259 0.48741 0.00222158 0.00222158
0.51193 0.48807 0.0022155 0.0022155
0.51136 0.48864 0.00231153 0.00231153
0.51113 0.48887 0.00232977 0.00232977
0.51125 0.48875 0.00230934 0.00230934
0.51118 0.48882 0.00230088 0.00230088
0.5106 0.4894 0.00229313 0.00229313
0.51112 0.48888 0.00241172 0.00241172
0.51186 0.48814 0.00239358 0.00239358
0.51144 0.48856 0.00239413 0.00239413
0.5109 0.4891 0.00238957 0.00238957
0.5106 0.4894 0.00244806 0.00244806
0.51098 0.48902 0.00250042 0.00250042
0.51089 0.48911 0.00246204 0.00246204
0.51094 0.48906 0.00254733 0.00254733
0.51146 0.48854 0.00248752 0.00248752
0.5116 0.4884 0.00253463 0.00253463
0.51208 0.48792 0.00267147 0.00267147
0.51207 0.48793 0.00271398 0.00271398
0.51166 0.48834 0.00260053 0.00260053
0.51105 0.48895 0.00261809 0.00261809
0.51039 0.48961 0.0026827 0.0026827
0.51145 0.48855 0.00269516 0.00269516
0.51296 0.48704 0.00272028 0.00272028
0.51298 0.48702 0.0027596 0.0027596
0.5119 0.4881 0.0026948 0.0026948
0.51218 0.48782 0.00265257 0.00265257
0.51228 0.48772 0.00262018 0.00262018
0.51248 0.48752 0.0025914 0.0025914
0.51271 0.48729 0.00257092 0.00257092
0.51332 0.48668 0.00266291 0.00266291
0.51294 0.48706 0.0026667 0.0026667
0.51278 0.48722 0.0027452 0.0027452
0.51289 0.48711 0.00268198 0.00268198
0.51171 0.48829 0.00264023 0.00264023
0.51154 0.48846 0.00260164 0.00260164
0.51089 0.48911 0.00266796 0.00266796
0.51095 0.48905 0.00267932 0.00267932
0.51032 0.48968 0.00265509 0.00265509
0.51012 0.48988 0.00271306 0.00271306
0.51076 0.48924 0.00272004 0.00272004
0.51104 0.48896 0.00274707 0.00274707
0.51069 0.48931 0.00287945 0.00287945
0.51032 0.48968 0.00286844 0.00286844
0.51098 0.48902 0.00286042 0.00286042
0.51145 0.48855 0.00280431 0.00280431
0.51175 0.48825 0.00281366 0.00281366
0.51246 0.48754 0.00285853 0.00285853
0.51283 0.48717 0.00271891 0.00271891
0.51262 0.48738 0.00278466 0.00278466
0.51181 0.48819 0.00290656 0.00290656
0.51235 0.48765 0.00284314 0.00284314
0.51158 0.48842 0.00270881 0.00270881
0.51225 0.48775 0.00271065 0.00271065
0.51214 0.48786 0.00265782 0.00265782
0.51121 0.48879 0.0026417 0.0026417
0.51119 0.48881 0.00257799 0.00257799
0.51097 0.48903 0.00260225 0.00260225
0.5111 0.4889 0.00255926 0.00255926
0.51147 0.48853 0.00251888 0.00251888
0.51139 0.48861 0.00262329 0.00262329
0.51177 0.48823 0.00264456 0.00264456
0.51229 0.48771 0.00272271 0.00272271
0.51257 0.48743 0.00273659 0.00273659
0.51221 0.48779 0.00274087 0.00274087
0.51204 0.48796 0.00270077 0.00270077
0.51248 0.48752 0.00266437 0.00266437
0.51218 0.48782 0.00269651 0.00269651
0.51258 0.48742 0.00267582 0.00267582
0.51335 0.48665 0.00279467 0.00279467
0.51358 0.48642 0.00275099 0.00275099
0.51414 0.48586 0.00279204 0.00279204
0.51313 0.48687 0.00277725 0.00277725
0.51286 0.48714 0.00283552 0.00283552
0.51252 0.48748 0.00291516 0.00291516
0.51385 0.48615 0.00290639 0.00290639
0.51366 0.48634 0.00288562 0.00288562
0.51424 0.48576 0.00285917 0.00285917
0.51462 0.48538 0.00287604 0.00287604
0.51431 0.48569 0.00275252 0.00275252
0.51436 0.48564 0.00282585 0.00282585
0.51448 0.48552 0.00275928 0.00275928
0.51507 0.48493 0.00281918 0.00281918
0.51492 0.48508 0.00278387 0.00278387
0.51531 0.48469 0.00280232 0.00280232
0.51546 0.48454 0.00283562 0.00283562
0.51526 0.48474 0.00276068 0.00276068
0.51531 0.48469 0.00267337 0.00267337
0.51466 0.48534 0.00273138 0.00273138
0.51493 0.48507 0.0028296 0.0028296
0.51513 0.48487 0.00286761 0.00286761
0.51443 0.48557 0.0029433 0.0029433
0.51443 0.48557 0.00291833 0.00291833
0.51435 0.48565 0.00300453 0.00300453
0.51492 0.48508 0.0030385 0.0030385
0.51454 0.48546 0.00296082 0.00296082
0.51486 0.48514 0.00299935 0.00299935
0.51474 0.48526 0.00301183 0.00301183
0.51468 0.48532 0.00305426 0.00305426
0.51419 0.48581 0.00312838 0.00312838
0.5147 0.4853 0.00312201 0.00312201
0.51502 0.48498 0.00304339 0.00304339
0.51538 0.48462 0.00305735 0.00305735
0.51608 0.48392 0.00312482 0.00312482
0.51639 0.48361 0.00312347 0.00312347
0.51535 0.48465 0.00317853 0.00317853
0.51529 0.48471 0.00320603 0.00320603
0.51464 0.48536 0.00322397 0.00322397
0.51471 0.48529 0.00319277 0.00319277
0.51457 0.48543 0.00305085 0.00305085
0.51479 0.48521 0.00311271 0.00311271
0.5165 0.4835 0.00314452 0.00314452
0.51717 0.48283 0.00313129 0.00313129
0.51656 0.48344 0.0031276 0.0031276
0.51498 0.48502 0.00310497 0.00310497
0.51554 0.48446 0.00320245 0.00320245
0.51668 0.48332 0.00334254 0.00334254
0.51692 0.48308 0.00335921 0.00335921
0.51716 0.48284 0.00330816 0.00330816
0.51821 0.48179 0.00310722 0.00310722
0.51813 0.48187 0.00313367 0.00313367
0.51791 0.48209 0.00311788 0.00311788
0.51723 0.48277 0.00301359 0.00301359
0.51765 0.48235 0.00304671 0.00304671
0.51852 0.48148 0.00313748 0.00313748
0.51764 0.48236 0.00318338 0.00318338
0.51756 0.48244 0.00322187 0.00322187
0.51837 0.48163 0.00322589 0.00322589
0.51849 0.48151 0.00325397 0.00325397
0.51834 0.48166 0.00343508 0.00343508
0.51895 0.48105 0.00334039 0.00334039
0.51911 0.48089 0.00330198 0.00330198
0.51908 0.48092 0.00323209 0.00323209
0.51798 0.48202 0.00329406 0.00329406
0.51757 0.48243 0.00330477 0.00330477
0.51815 0.48185 0.00339463 0.00339463
0.51801 0.48199 0.00336765 0.00336765
0.51781 0.48219 0.00335622 0.00335622
0.51806 0.48194 0.00337452 0.00337452
0.51835 0.48165 0.00343659 0.00343659
0.51779 0.48221 0.0033214 0.0033214
0.51776 0.48224 0.00329317 0.00329317
0.51725 0.48275 0.00330813 0.00330813
0.51704 0.48296 0.00322151 0.00322151
0.51665 0.48335 0.00327284 0.00327284
0.51737 0.48263 0.00321013 0.00321013
0.5173 0.4827 0.0032814 0.0032814
0.51599 0.48401 0.00334753 0.00334753
0.51549 0.48451 0.00327429 0.00327429
0.51557 0.48443 0.0032291 0.0032291
0.51483 0.48517 0.00324232 0.00324232
0.51592 0.48408 0.00325333 0.00325333
0.51609 0.48391 0.00323277 0.00323277
0.51675 0.48325 0.00317922 0.00317922
0.51658 0.48342 0.00309911 0.00309911
0.51721 0.48279 0.00319601 0.00319601
0.51625 0.48375 0.00321981 0.00321981
0.51657 0.48343 0.00325724 0.00325724
0.51525 0.48475 0.00316849 0.00316849
0.51575 0.48425 0.00308589 0.00308589
0.51549 0.48451 0.00309033 0.00309033
0.51352 0.48648 0.00306163 0.00306163
0.51311 0.48689 0.00302765 0.00302765
0.51278 0.48722 0.00307009 0.00307009
0.51321 0.48679 0.00310134 0.00310134
0.51248 0.48752 0.00307835 0.00307835
0.5131 0.4869 0.00303595 0.00303595
0.51331 0.48669 0.00320884 0.00320884
0.51349 0.48651 0.00324425 0.00324425
0.51403 0.48597 0.00326934 0.00326934
0.51447 0.48553 0.00321314 0.00321314
0.5141 0.4859 0.00325908 0.00325908
0.51484 0.48516 0.00322313 0.00322313
0.51479 0.48521 0.00326407 0.00326407
0.51357 0.48643 0.00323706 0.00323706
0.51325 0.48675 0.00328641 0.00328641
0.51329 0.48671 0.0033112 0.0033112
0.51367 0.48633 0.00318909 0.00318909
0.51412 0.48588 0.0032352 0.0032352
0.51455 0.48545 0.00321659 0.00321659
0.51398 0.48602 0.00318657 0.00318657
0.51517 0.48483 0.00319766 0.00319766
0.51502 0.48498 0.00322721 0.00322721
0.51541 0.48459 0.00327214 0.00327214
0.51545 0.48455 0.00331342 0.00331342
0.51528 0.48472 0.00328342 0.00328342
0.51571 0.48429 0.00324465 0.00324465
0.51611 0.48389 0.00329921 0.00329921
0.51577 0.48423 0.00339208 0.00339208
0.51534 0.48466 0.00331667 0.00331667
0.51491 0.48509 0.0033802 0.0033802
0.51618 0.48382 0.00344861 0.00344861
0.51534 0.48466 0.0034875 0.0034875
0.51526 0.48474 0.00346741 0.00346741
0.51501 0.48499 0.00332839 0.00332839
0.51534 0.48466 0.00325154 0.00325154
0.51607 0.48393 0.00333108 0.00333108
0.51681 0.48319 0.00344129 0.00344129
0.51563 0.48437 0.00343771 0.00343771
0.51475 0.48525 0.00342324 0.00342324
0.51413 0.48587 0.00355151 0.00355151
0.51392 0.48608 0.00356557 0.00356557
0.51381 0.48619 0.0036131 0.0036131
0.51254 0.48746 0.00366906 0.00366906
0.51261 0.48739 0.00358258 0.00358258
0.51228 0.48772 0.00364018 0.00364018
0.51221 0.48779 0.00362104 0.00362104
0.51278 0.48722 0.00368355 0.00368355
0.5124 0.4876 0.00363644 0.00363644
0.51239 0.48761 0.00366903 0.00366903
0.51211 0.48789 0.00364588 0.00364588
0.51249 0.48751 0.00378009 0.00378009
0.51241 0.48759 0.00379968 0.00379968
0.51226 0.48774 0.00381341 0.00381341
0.51302 0.48698 0.00376956 0.00376956
0.51289 0.48711 0.00380761 0.00380761
0.513 0.487 0.00390786 0.00390786
0.51303 0.48697 0.00393738 0.00393738
0.51373 0.48627 0.00394113 0.00394113
0.51356 0.48644 0.003933 0.003933
0.51333 0.48667 0.00407109 0.00407109
0.51342 0.48658 0.00407251 0.00407251
0.51314 0.48686 0.0039882 0.0039882
0.51335 0.48665 0.00410781 0.00410781
0.51233 0.48767 0.00403226 0.00403226
0.51218 0.48782 0.00399122 0.00399122
0.51112 0.48888 0.00399271 0.00399271
0.51249 0.48751 0.0039369 0.0039369
0.51195 0.48805 0.00394084 0.00394084
0.51215 0.48785 0.00385269 0.00385269
0.5116 0.4884 0.00385812 0.00385812
0.51273 0.48727 0.00382311 0.00382311
0.51211 0.48789 0.00384638 0.00384638
0.51335 0.48665 0.00382902 0.00382902
0.51318 0.48682 0.00378676 0.00378676
0.51324 0.48676 0.00376827 0.00376827
0.51346 0.48654 0.00387122 0.00387122
0.51362 0.48638 0.0039422 0.0039422
0.51284 0.48716 0.00391737 0.00391737
0.51187 0.48813 0.00378817 0.00378817
0.51289 0.48711 0.00372095 0.00372095
0.51252 0.48748 0.00364752 0.00364752
0.51204 0.48796 0.00370093 0.00370093
0.51121 0.48879 0.00379857 0.00379857
0.51222 0.48778 0.00378094 0.00378094
0.51259 0.48741 0.00386123 0.00386123
0.51303 0.48697 0.0039252 0.0039252
0.51275 0.48725 0.0039595 0.0039595
0.51271 0.48729 0.0039916 0.0039916
0.51341 0.48659 0.00396336 0.00396336
0.51394 0.48606 0.00388196 0.00388196
0.5137 0.4863 0.00396181 0.00396181
0.51391 0.48609 0.00400538 0.00400538
0.51374 0.48626 0.00397468 0.00397468
0.515 0.485 0.00398455 0.00398455
0.51529 0.48471 0.00393334 0.00393334
0.51612 0.48388 0.00389752 0.00389752
0.51585 0.48415 0.00387566 0.00387566
0.5163 0.4837 0.00376456 0.00376456
0.51678 0.48322 0.00369864 0.00369864
0.51624 0.48376 0.0037438 0.0037438
0.51594 0.48406 0.0037826 0.0037826
0.51557 0.48443 0.003707 0.003707
0.51544 0.48456 0.00371079 0.00371079
0.51522 0.48478 0.00359767 0.00359767
0.51627 0.48373 0.00354254 0.00354254
0.5161 0.4839 0.00351266 0.00351266
0.51577 0.48423 0.00351135 0.00351135
0.51485 0.48515 0.00351791 0.00351791
0.51465 0.48535 0.00345172 0.00345172
0.51443 0.48557 0.00346431 0.00346431
0.51511 0.48489 0.00348721 0.00348721
0.51533 0.48467 0.00370568 0.00370568
0.51505 0.48495 0.00373987 0.00373987
0.51604 0.48396 0.00378058 0.00378058
0.51646 0.48354 0.00383148 0.00383148
0.51572 0.48428 0.00391974 0.00391974
0.51535 0.48465 0.00391199 0.00391199
0.51444 0.48556 0.00380659 0.00380659
0.51518 0.48482 0.00385158 0.00385158
0.5157 0.4843 0.00395245 0.00395245
0.51534 0.48466 0.00397229 0.00397229
0.51583 0.48417 0.0039657 0.0039657
0.51578 0.48422 0.00398514 0.00398514
0.51555 0.48445 0.00395595 0.00395595
0.5161 0.4839 0.00389118 0.00389118
0.5159 0.4841 0.00399015 0.00399015
0.51537 0.48463 0.00402135 0.00402135
0.51444 0.48556 0.00402298 0.00402298
0.51589 0.48411 0.00414624 0.00414624
0.51551 0.48449 0.00409583 0.00409583
0.51582 0.48418 0.00409861 0.00409861
0.51534 0.48466 0.00406611 0.00406611
0.51543 0.48457 0.00413702 0.00413702
0.51509 0.48491 0.00403235 0.00403235
0.51462 0.48538 0.00395678 0.00395678
0.51428 0.48572 0.00416311 0.00416311
0.51492 0.48508 0.00411769 0.00411769
0.51536 0.48464 0.00404518 0.00404518
0.51374 0.48626 0.00402587 0.00402587
0.5144 0.4856 0.00403299 0.00403299
0.51534 0.48466 0.00402699 0.00402699
0.5142 0.4858 0.00397669 0.00397669
0.5145 0.4855 0.00395702 0.00395702
0.51475 0.48525 0.00390494 0.00390494
0.51342 0.48658 0.00391233 0.00391233
