0.50086 0.49914 9.88489e-05 9.88489e-05
0.50124 0.49876 0.000271255 0.000271255
0.50026 0.49974 0.000467689 0.000467689
0.49911 0.50089 0.000654806 0.000654806
0.49863 0.50137 0.000926155 0.000926155
0.49859 0.50141 0.00115352 0.00115352
0.49926 0.50074 0.00137183 0.00137183
0.49927 0.50073 0.00156452 0.00156452
0.49968 0.50032 0.00176046 0.00176046
0.5001 0.4999 0.00199336 0.00199336
0.49969 0.50031 0.00220282 0.00220282
0.49945 0.50055 0.00241956 0.00241956
0.49907 0.50093 0.00265805 0.00265805
0.49889 0.50111 0.00280741 0.00280741
0.49917 0.50083 0.00298129 0.00298129
0.49883 0.50117 0.00314616 0.00314616
0.4986 0.5014 0.00325913 0.00325913
0.49823 0.50177 0.00335832 0.00335832
0.49818 0.50182 0.00344861 0.00344861
0.49785 0.50215 0.00350964 0.00350964
0.4977 0.5023 0.0035792 0.0035792
0.49785 0.50215 0.0036768 0.0036768
0.4977 0.5023 0.00376209 0.00376209
0.49758 0.50242 0.00385305 0.00385305
0.49749 0.50251 0.00390957 0.00390957
0.49736 0.50264 0.00395264 0.00395264
0.49716 0.50284 0.00400824 0.00400824
0.4969 0.5031 0.00409068 0.00409068
0.49691 0.50309 0.00415762 0.00415762
0.49733 0.50267 0.00422699 0.00422699
0.49745 0.50255 0.0042616 0.0042616
0.49749 0.50251 0.00429235 0.00429235
0.49765 0.50235 0.00434845 0.00434845
0.49772 0.50228 0.00438156 0.00438156
0.49758 0.50242 0.00441265 0.00441265
0.49767 0.50233 0.00444748 0.00444748
0.49772 0.50228 0.00447608 0.00447608
0.49779 0.50221 0.00446788 0.00446788
0.49795 0.50205 0.00446801 0.00446801
0.49796 0.50204 0.00448828 0.00448828
0.49797 0.50203 0.00448916 0.00448916
0.49796 0.50204 0.00450475 0.00450475
0.49799 0.50201 0.00450664 0.00450664
0.49802 0.50198 0.00451356 0.00451356
0.49799 0.50201 0.00452286 0.00452286
0.49807 0.50193 0.0045375 0.0045375
0.49805 0.50195 0.00455451 0.00455451
0.49805 0.50195 0.00456051 0.00456051
0.49799 0.50201 0.00456423 0.00456423
0.49798 0.50202 0.00456119 0.00456119
0.49782 0.50218 0.00456063 0.00456063
0.4978 0.5022 0.00457396 0.00457396
0.49772 0.50228 0.00456929 0.00456929
0.49772 0.50228 0.00457297 0.00457297
0.49755 0.50245 0.00456932 0.00456932
0.49748 0.50252 0.00457809 0.00457809
0.49745 0.50255 0.00457647 0.00457647
0.49745 0.50255 0.00458377 0.00458377
0.49748 0.50252 0.00458237 0.00458237
0.49753 0.50247 0.00458441 0.00458441
0.49752 0.50248 0.00459993 0.00459993
0.49751 0.50249 0.00460393 0.00460393
0.49756 0.50244 0.0046058 0.0046058
0.49762 0.50238 0.00460852 0.00460852
0.49764 0.50236 0.00461155 0.00461155
0.49766 0.50234 0.00461386 0.00461386
0.49767 0.50233 0.00461402 0.00461402
0.49759 0.50241 0.00461006 0.00461006
0.49765 0.50235 0.00461241 0.00461241
0.49769 0.50231 0.00462022 0.00462022
0.49771 0.50229 0.00461595 0.00461595
0.49774 0.50226 0.00462589 0.00462589
0.49769 0.50231 0.00462333 0.00462333
0.49769 0.50231 0.00462113 0.00462113
0.49773 0.50227 0.00461836 0.00461836
0.49769 0.50231 0.00461545 0.00461545
0.4977 0.5023 0.0046133 0.0046133
0.49766 0.50234 0.0046173 0.0046173
0.49769 0.50231 0.00461648 0.00461648
0.49768 0.50232 0.00461681 0.00461681
0.49772 0.50228 0.00461849 0.00461849
0.49769 0.50231 0.00462224 0.00462224
0.49772 0.50228 0.004622 0.004622
0.4977 0.5023 0.00462504 0.00462504
0.49774 0.50226 0.00462333 0.00462333
0.49775 0.50225 0.00461912 0.00461912
0.49775 0.50225 0.0046175 0.0046175
0.49773 0.50227 0.00461676 0.00461676
0.49775 0.50225 0.00461797 0.00461797
0.49778 0.50222 0.00461642 0.00461642
0.49778 0.50222 0.00462001 0.00462001
0.49778 0.50222 0.00462001 0.00462001
0.49776 0.50224 0.00461802 0.00461802
0.49774 0.50226 0.0046204 0.0046204
0.49773 0.50227 0.00462234 0.00462234
0.49772 0.50228 0.00462164 0.00462164
0.49772 0.50228 0.00462319 0.00462319
0.49775 0.50225 0.00461589 0.00461589
0.49777 0.50223 0.00461299 0.00461299
0.49777 0.50223 0.00461444 0.00461444
0.49778 0.50222 0.00461496 0.00461496
0.49777 0.50223 0.00461177 0.00461177
0.49777 0.50223 0.00461208 0.00461208
0.49775 0.50225 0.00461154 0.00461154
0.49775 0.50225 0.00461154 0.00461154
0.49775 0.50225 0.00461126 0.00461126
0.49775 0.50225 0.00461126 0.00461126
0.49775 0.50225 0.00461126 0.00461126
0.49776 0.50224 0.00461295 0.00461295
0.49776 0.50224 0.00461295 0.00461295
0.49778 0.50222 0.0046151 0.0046151
0.49778 0.50222 0.0046151 0.0046151
0.49777 0.50223 0.00461458 0.00461458
0.49778 0.50222 0.00461345 0.00461345
0.49778 0.50222 0.00461345 0.00461345
0.49777 0.50223 0.00461448 0.00461448
0.49778 0.50222 0.00461621 0.00461621
0.49776 0.50224 0.00461495 0.00461495
0.49777 0.50223 0.00461547 0.00461547
0.49777 0.50223 0.00461547 0.00461547
0.49776 0.50224 0.00461495 0.00461495
0.49776 0.50224 0.00461495 0.00461495
0.49776 0.50224 0.00461495 0.00461495
0.49777 0.50223 0.00461555 0.00461555
0.49777 0.50223 0.00461555 0.00461555
0.49775 0.50225 0.00461613 0.00461613
0.49774 0.50226 0.00461733 0.00461733
0.49774 0.50226 0.00461733 0.00461733
0.49774 0.50226 0.00461733 0.00461733
0.49774 0.50226 0.00461733 0.00461733
0.49774 0.50226 0.00461733 0.00461733
0.49773 0.50227 0.00461699 0.00461699
0.49774 0.50226 0.00461733 0.00461733
0.49773 0.50227 0.00461939 0.00461939
0.49774 0.50226 0.00461733 0.00461733
0.49774 0.50226 0.00461743 0.00461743
0.49773 0.50227 0.00461683 0.00461683
0.49773 0.50227 0.00461683 0.00461683
0.49773 0.50227 0.00461683 0.00461683
0.49773 0.50227 0.00461683 0.00461683
0.49773 0.50227 0.00461683 0.00461683
0.49775 0.50225 0.00461445 0.00461445
0.49774 0.50226 0.00461551 0.00461551
0.49774 0.50226 0.00461551 0.00461551
0.49773 0.50227 0.004614 0.004614
0.49775 0.50225 0.00461526 0.00461526
0.49774 0.50226 0.0046146 0.0046146
0.49774 0.50226 0.0046146 0.0046146
0.49775 0.50225 0.00461611 0.00461611
0.49775 0.50225 0.00461611 0.00461611
0.49775 0.50225 0.00461611 0.00461611
0.49775 0.50225 0.00461611 0.00461611
0.49775 0.50225 0.00461611 0.00461611
0.49775 0.50225 0.00461611 0.00461611
0.49775 0.50225 0.00461611 0.00461611
0.49775 0.50225 0.00461611 0.00461611
0.49774 0.50226 0.00461817 0.00461817
0.49774 0.50226 0.00461817 0.00461817
0.49775 0.50225 0.00461611 0.00461611
0.49776 0.50224 0.00461661 0.00461661
0.49777 0.50223 0.00461727 0.00461727
0.49777 0.50223 0.00461727 0.00461727
0.49777 0.50223 0.00461727 0.00461727
0.49777 0.50223 0.00461727 0.00461727
0.49777 0.50223 0.00461727 0.00461727
0.49776 0.50224 0.00461845 0.00461845
0.49776 0.50224 0.00461845 0.00461845
0.49776 0.50224 0.00461845 0.00461845
0.49776 0.50224 0.00461845 0.00461845
0.49776 0.50224 0.00461845 0.00461845
0.49776 0.50224 0.00461845 0.00461845
0.49776 0.50224 0.00461845 0.00461845
0.49776 0.50224 0.00461845 0.00461845
0.49776 0.50224 0.00461845 0.00461845
0.49776 0.50224 0.00461845 0.00461845
0.49776 0.50224 0.00461845 0.00461845
0.49776 0.50224 0.00461845 0.00461845
0.49776 0.50224 0.00461845 0.00461845
0.49776 0.50224 0.00461845 0.00461845
0.49776 0.50224 0.00461845 0.00461845
0.49776 0.50224 0.00461845 0.00461845
0.49775 0.50225 0.00461964 0.00461964
0.49775 0.50225 0.00461964 0.00461964
0.49775 0.50225 0.00461964 0.00461964
0.49775 0.50225 0.00461964 0.00461964
0.49775 0.50225 0.00461964 0.00461964
0.49775 0.50225 0.00461964 0.00461964
0.49775 0.50225 0.00461964 0.00461964
0.49775 0.50225 0.00461964 0.00461964
0.49775 0.50225 0.00461964 0.00461964
0.49775 0.50225 0.00461964 0.00461964
0.49775 0.50225 0.00461964 0.00461964
0.49775 0.50225 0.00461964 0.00461964
0.49775 0.50225 0.00461964 0.00461964
0.49775 0.50225 0.00461964 0.00461964
0.49775 0.50225 0.00461964 0.00461964
0.49775 0.50225 0.00461964 0.00461964
0.49775 0.50225 0.00461964 0.00461964
0.49775 0.50225 0.00461964 0.00461964
0.49775 0.50225 0.00461964 0.00461964
0.49775 0.50225 0.00461964 0.00461964
0.49775 0.50225 0.00461964 0.00461964
0.49775 0.50225 0.00461964 0.00461964
0.49775 0.50225 0.00461964 0.00461964
0.49775 0.50225 0.00461964 0.00461964
0.49775 0.50225 0.00461964 0.00461964
0.49775 0.50225 0.00461964 0.00461964
0.49775 0.50225 0.00461964 0.00461964
0.49775 0.50225 0.00461964 0.00461964
0.49775 0.50225 0.00461964 0.00461964
0.49775 0.50225 0.00461964 0.00461964
0.49775 0.50225 0.00461964 0.00461964
0.49775 0.50225 0.00461964 0.00461964
0.49775 0.50225 0.00461964 0.00461964
0.49775 0.50225 0.00461964 0.00461964
0.49775 0.50225 0.00461964 0.00461964
0.49775 0.50225 0.00461964 0.00461964
0.49775 0.50225 0.00461964 0.00461964
0.49775 0.50225 0.00461964 0.00461964
0.49775 0.50225 0.00461964 0.00461964
0.49775 0.50225 0.00461964 0.00461964
0.49775 0.50225 0.00461964 0.00461964
0.49775 0.50225 0.00461964 0.00461964
0.49775 0.50225 0.00461964 0.00461964
0.49775 0.50225 0.00461964 0.00461964
0.49775 0.50225 0.00461964 0.00461964
0.49775 0.50225 0.00461964 0.00461964
0.49775 0.50225 0.00461964 0.00461964
0.49775 0.50225 0.00461964 0.00461964
0.49775 0.50225 0.00461964 0.00461964
0.49775 0.50225 0.00461964 0.00461964
0.49775 0.50225 0.00461964 0.00461964
0.49775 0.50225 0.00461964 0.00461964
0.49775 0.50225 0.00461964 0.00461964
0.49775 0.50225 0.00461964 0.00461964
0.49775 0.50225 0.00461964 0.00461964
0.49775 0.50225 0.00461964 0.00461964
0.49775 0.50225 0.00461964 0.00461964
0.49775 0.50225 0.00461964 0.00461964
0.49775 0.50225 0.00461964 0.00461964
0.49775 0.50225 0.00461964 0.00461964
0.49775 0.50225 0.00461964 0.00461964
0.49775 0.50225 0.00461964 0.00461964
0.49775 0.50225 0.00461964 0.00461964
0.49775 0.50225 0.00461964 0.00461964
0.49775 0.50225 0.00461964 0.00461964
0.49775 0.50225 0.00461964 0.00461964
0.49775 0.50225 0.00461964 0.00461964
0.49775 0.50225 0.00461964 0.00461964
0.49775 0.50225 0.00461964 0.00461964
0.49775 0.50225 0.00461964 0.00461964
0.49775 0.50225 0.00461964 0.00461964
0.49775 0.50225 0.00461964 0.00461964
0.49775 0.50225 0.00461964 0.00461964
0.49775 0.50225 0.00461964 0.00461964
0.49775 0.50225 0.00461964 0.00461964
0.49775 0.50225 0.00461964 0.00461964
0.49775 0.50225 0.00461964 0.00461964
0.49775 0.50225 0.00461964 0.00461964
0.49775 0.50225 0.00461964 0.00461964
0.49775 0.50225 0.00461964 0.00461964
0.49775 0.50225 0.00461964 0.00461964
0.49775 0.50225 0.00461964 0.00461964
0.49775 0.50225 0.00461964 0.00461964
0.49775 0.50225 0.00461964 0.00461964
0.49775 0.50225 0.00461964 0.00461964
0.49775 0.50225 0.00461964 0.00461964
0.49775 0.50225 0.00461964 0.00461964
0.49775 0.50225 0.00461964 0.00461964
0.49775 0.50225 0.00461964 0.00461964
0.49775 0.50225 0.00461964 0.00461964
0.49775 0.50225 0.00461964 0.00461964
0.49775 0.50225 0.00461964 0.00461964
0.49775 0.50225 0.00461964 0.00461964
0.49775 0.50225 0.00461964 0.00461964
0.49775 0.50225 0.00461964 0.00461964
0.49775 0.50225 0.00461964 0.00461964
0.49775 0.50225 0.00461964 0.00461964
0.49775 0.50225 0.00461964 0.00461964
0.49775 0.50225 0.00461964 0.00461964
0.49775 0.50225 0.00461964 0.00461964
0.49775 0.50225 0.00461964 0.00461964
0.49775 0.50225 0.00461964 0.00461964
0.49775 0.50225 0.00461964 0.00461964
0.49775 0.50225 0.00461964 0.00461964
0.49775 0.50225 0.00461964 0.00461964
0.49775 0.50225 0.00461964 0.00461964
0.49775 0.50225 0.00461964 0.00461964
0.49775 0.50225 0.00461964 0.00461964
0.49775 0.50225 0.00461964 0.00461964
0.49775 0.50225 0.00461964 0.00461964
0.49775 0.50225 0.00461964 0.00461964
0.49775 0.50225 0.00461964 0.00461964
0.49775 0.50225 0.00461964 0.00461964
0.49775 0.50225 0.00461964 0.00461964
0.49775 0.50225 0.00461964 0.00461964
0.49775 0.50225 0.00461964 0.00461964
0.49775 0.50225 0.00461964 0.00461964
0.49775 0.50225 0.00461964 0.00461964
0.49775 0.50225 0.00461964 0.00461964
0.49775 0.50225 0.00461964 0.00461964
0.49775 0.50225 0.00461964 0.00461964
0.49775 0.50225 0.00461964 0.00461964
0.49775 0.50225 0.00461964 0.00461964
0.49775 0.50225 0.00461964 0.00461964
0.49775 0.50225 0.00461964 0.00461964
0.49775 0.50225 0.00461964 0.00461964
0.49775 0.50225 0.00461964 0.00461964
0.49775 0.50225 0.00461964 0.00461964
0.49775 0.50225 0.00461964 0.00461964
0.49775 0.50225 0.00461964 0.00461964
0.49775 0.50225 0.00461964 0.00461964
0.49775 0.50225 0.00461964 0.00461964
0.49775 0.50225 0.00461964 0.00461964
0.49775 0.50225 0.00461964 0.00461964
0.49775 0.50225 0.00461964 0.00461964
0.49775 0.50225 0.00461964 0.00461964
0.49775 0.50225 0.00461964 0.00461964
0.49775 0.50225 0.00461964 0.00461964
0.49775 0.50225 0.00461964 0.00461964
0.49775 0.50225 0.00461964 0.00461964
0.49775 0.50225 0.00461964 0.00461964
0.49775 0.50225 0.00461964 0.00461964
0.49775 0.50225 0.00461964 0.00461964
0.49775 0.50225 0.00461964 0.00461964
0.49775 0.50225 0.00461964 0.00461964
0.49775 0.50225 0.00461964 0.00461964
0.49775 0.50225 0.00461964 0.00461964
0.49775 0.50225 0.00461964 0.00461964
0.49775 0.50225 0.00461964 0.00461964
0.49775 0.50225 0.00461964 0.00461964
0.49775 0.50225 0.00461964 0.00461964
0.49775 0.50225 0.00461964 0.00461964
0.49775 0.50225 0.00461964 0.00461964
0.49775 0.50225 0.00461964 0.00461964
0.49775 0.50225 0.00461964 0.00461964
0.49775 0.50225 0.00461964 0.00461964
0.49775 0.50225 0.00461964 0.00461964
0.49775 0.50225 0.00461964 0.00461964
0.49775 0.50225 0.00461964 0.00461964
0.49775 0.50225 0.00461964 0.00461964
0.49775 0.50225 0.00461964 0.00461964
0.49775 0.50225 0.00461964 0.00461964
0.49775 0.50225 0.00461964 0.00461964
0.49775 0.50225 0.00461964 0.00461964
0.49775 0.50225 0.00461964 0.00461964
0.49775 0.50225 0.00461964 0.00461964
0.49775 0.50225 0.00461964 0.00461964
0.49775 0.50225 0.00461964 0.00461964
0.49775 0.50225 0.00461964 0.00461964
0.49775 0.50225 0.00461964 0.00461964
0.49775 0.50225 0.00461964 0.00461964
0.49775 0.50225 0.00461964 0.00461964
0.49775 0.50225 0.00461964 0.00461964
0.49775 0.50225 0.00461964 0.00461964
0.49775 0.50225 0.00461964 0.00461964
0.49775 0.50225 0.00461964 0.00461964
0.49775 0.50225 0.00461964 0.00461964
0.49775 0.50225 0.00461964 0.00461964
0.49775 0.50225 0.00461964 0.00461964
0.49775 0.50225 0.00461964 0.00461964
0.49775 0.50225 0.00461964 0.00461964
0.49775 0.50225 0.00461964 0.00461964
0.49775 0.50225 0.00461964 0.00461964
0.49775 0.50225 0.00461964 0.00461964
0.49775 0.50225 0.00461964 0.00461964
0.49775 0.50225 0.00461964 0.00461964
0.49775 0.50225 0.00461964 0.00461964
0.49775 0.50225 0.00461964 0.00461964
0.49775 0.50225 0.00461964 0.00461964
0.49775 0.50225 0.00461964 0.00461964
0.49775 0.50225 0.00461964 0.00461964
0.49775 0.50225 0.00461964 0.00461964
0.49775 0.50225 0.00461964 0.00461964
0.49775 0.50225 0.00461964 0.00461964
0.49775 0.50225 0.00461964 0.00461964
0.49775 0.50225 0.00461964 0.00461964
0.49775 0.50225 0.00461964 0.00461964
0.49775 0.50225 0.00461964 0.00461964
0.49775 0.50225 0.00461964 0.00461964
0.49775 0.50225 0.00461964 0.00461964
0.49775 0.50225 0.00461964 0.00461964
0.49775 0.50225 0.00461964 0.00461964
0.49775 0.50225 0.00461964 0.00461964
0.49775 0.50225 0.00461964 0.00461964
0.49775 0.50225 0.00461964 0.00461964
0.49775 0.50225 0.00461964 0.00461964
0.49775 0.50225 0.00461964 0.00461964
0.49775 0.50225 0.00461964 0.00461964
0.49775 0.50225 0.00461964 0.00461964
0.49775 0.50225 0.00461964 0.00461964
0.49775 0.50225 0.00461964 0.00461964
0.49775 0.50225 0.00461964 0.00461964
0.49775 0.50225 0.00461964 0.00461964
0.49775 0.50225 0.00461964 0.00461964
0.49775 0.50225 0.00461964 0.00461964
0.49775 0.50225 0.00461964 0.00461964
0.49775 0.50225 0.00461964 0.00461964
0.49775 0.50225 0.00461964 0.00461964
0.49775 0.50225 0.00461964 0.00461964
0.49775 0.50225 0.00461964 0.00461964
0.49775 0.50225 0.00461964 0.00461964
0.49775 0.50225 0.00461964 0.00461964
0.49775 0.50225 0.00461964 0.00461964
0.49775 0.50225 0.00461964 0.00461964
0.49775 0.50225 0.00461964 0.00461964
0.49775 0.50225 0.00461964 0.00461964
0.49775 0.50225 0.00461964 0.00461964
0.49775 0.50225 0.00461964 0.00461964
0.49775 0.50225 0.00461964 0.00461964
0.49775 0.50225 0.00461964 0.00461964
0.49775 0.50225 0.00461964 0.00461964
0.49775 0.50225 0.00461964 0.00461964
0.49775 0.50225 0.00461964 0.00461964
0.49775 0.50225 0.00461964 0.00461964
0.49775 0.50225 0.00461964 0.00461964
0.49775 0.50225 0.00461964 0.00461964
0.49775 0.50225 0.00461964 0.00461964
0.49775 0.50225 0.00461964 0.00461964
0.49775 0.50225 0.00461964 0.00461964
0.49775 0.50225 0.00461964 0.00461964
0.49775 0.50225 0.00461964 0.00461964
0.49775 0.50225 0.00461964 0.00461964
0.49775 0.50225 0.00461964 0.00461964
0.49775 0.50225 0.00461964 0.00461964
0.49775 0.50225 0.00461964 0.00461964
0.49775 0.50225 0.00461964 0.00461964
0.49775 0.50225 0.00461964 0.00461964
0.49775 0.50225 0.00461964 0.00461964
0.49775 0.50225 0.00461964 0.00461964
0.49775 0.50225 0.00461964 0.00461964
0.49775 0.50225 0.00461964 0.00461964
0.49775 0.50225 0.00461964 0.00461964
0.49775 0.50225 0.00461964 0.00461964
0.49775 0.50225 0.00461964 0.00461964
0.49775 0.50225 0.00461964 0.00461964
0.49775 0.50225 0.00461964 0.00461964
0.49775 0.50225 0.00461964 0.00461964
0.49775 0.50225 0.00461964 0.00461964
0.49775 0.50225 0.00461964 0.00461964
0.49775 0.50225 0.00461964 0.00461964
0.49775 0.50225 0.00461964 0.00461964
0.49775 0.50225 0.00461964 0.00461964
0.49775 0.50225 0.00461964 0.00461964
0.49775 0.50225 0.00461964 0.00461964
0.49775 0.50225 0.00461964 0.00461964
0.49775 0.50225 0.00461964 0.00461964
0.49775 0.50225 0.00461964 0.00461964
0.49775 0.50225 0.00461964 0.00461964
0.49775 0.50225 0.00461964 0.00461964
0.49775 0.50225 0.00461964 0.00461964
0.49775 0.50225 0.00461964 0.00461964
0.49775 0.50225 0.00461964 0.00461964
0.49775 0.50225 0.00461964 0.00461964
0.49775 0.50225 0.00461964 0.00461964
0.49775 0.50225 0.00461964 0.00461964
0.49775 0.50225 0.00461964 0.00461964
0.49775 0.50225 0.00461964 0.00461964
0.49775 0.50225 0.00461964 0.00461964
0.49775 0.50225 0.00461964 0.00461964
0.49775 0.50225 0.00461964 0.00461964
0.49775 0.50225 0.00461964 0.00461964
0.49775 0.50225 0.00461964 0.00461964
0.49775 0.50225 0.00461964 0.00461964
0.49775 0.50225 0.00461964 0.00461964
0.49775 0.50225 0.00461964 0.00461964
0.49775 0.50225 0.00461964 0.00461964
0.49775 0.50225 0.00461964 0.00461964
0.49775 0.50225 0.00461964 0.00461964
0.49775 0.50225 0.00461964 0.00461964
0.49775 0.50225 0.00461964 0.00461964
0.49775 0.50225 0.00461964 0.00461964
0.49775 0.50225 0.00461964 0.00461964
0.49775 0.50225 0.00461964 0.00461964
0.49775 0.50225 0.00461964 0.00461964
0.49775 0.50225 0.00461964 0.00461964
0.49775 0.50225 0.00461964 0.00461964
0.49775 0.50225 0.00461964 0.00461964
0.49775 0.50225 0.00461964 0.00461964
0.49775 0.50225 0.00461964 0.00461964
0.49775 0.50225 0.00461964 0.00461964
0.49775 0.50225 0.00461964 0.00461964
0.49775 0.50225 0.00461964 0.00461964
0.49775 0.50225 0.00461964 0.00461964
0.49775 0.50225 0.00461964 0.00461964
0.49775 0.50225 0.00461964 0.00461964
0.49775 0.50225 0.00461964 0.00461964
0.49775 0.50225 0.00461964 0.00461964
0.49775 0.50225 0.00461964 0.00461964
0.49775 0.50225 0.00461964 0.00461964
0.49775 0.50225 0.00461964 0.00461964
0.49775 0.50225 0.00461964 0.00461964
0.49775 0.50225 0.00461964 0.00461964
0.49775 0.50225 0.00461964 0.00461964
0.49775 0.50225 0.00461964 0.00461964
0.49775 0.50225 0.00461964 0.00461964
0.49775 0.50225 0.00461964 0.00461964
0.49775 0.50225 0.00461964 0.00461964
0.49775 0.50225 0.00461964 0.00461964
0.49775 0.50225 0.00461964 0.00461964
