0.19937 0.80063 1.31445e-05 1.31445e-05
0.19868 0.80132 2.77754e-05 2.77754e-05
0.19835 0.80165 5.0149e-05 5.0149e-05
0.19871 0.80129 6.99049e-05 6.99049e-05
0.19881 0.80119 8.52666e-05 8.52666e-05
0.19789 0.80211 0.00011218 0.00011218
0.19754 0.80246 0.00013215 0.00013215
0.19651 0.80349 0.000158374 0.000158374
0.1963 0.8037 0.000185202 0.000185202
0.19605 0.80395 0.000204048 0.000204048
0.19559 0.80441 0.000225941 0.000225941
0.19527 0.80473 0.000240078 0.000240078
0.19496 0.80504 0.000261231 0.000261231
0.19468 0.80532 0.000287371 0.000287371
0.19496 0.80504 0.000291372 0.000291372
0.19508 0.80492 0.000310014 0.000310014
0.19523 0.80477 0.000310846 0.000310846
0.19513 0.80487 0.000315508 0.000315508
0.19522 0.80478 0.000327143 0.000327143
0.19532 0.80468 0.000346482 0.000346482
0.19476 0.80524 0.000346811 0.000346811
0.19464 0.80536 0.000384617 0.000384617
0.19433 0.80567 0.000381415 0.000381415
0.19374 0.80626 0.000386942 0.000386942
0.19394 0.80606 0.000399067 0.000399067
0.19363 0.80637 0.000418599 0.000418599
0.19345 0.80655 0.000436997 0.000436997
0.19264 0.80736 0.000430556 0.000430556
0.19225 0.80775 0.000415543 0.000415543
0.19216 0.80784 0.00042258 0.00042258
0.19245 0.80755 0.000420755 0.000420755
0.19208 0.80792 0.000433004 0.000433004
0.19259 0.80741 0.000435113 0.000435113
0.19328 0.80672 0.000444224 0.000444224
0.19294 0.80706 0.00042933 0.00042933
0.19322 0.80678 0.000465183 0.000465183
0.19378 0.80622 0.000475426 0.000475426
0.19366 0.80634 0.000466893 0.000466893
0.19364 0.80636 0.000455182 0.000455182
0.19375 0.80625 0.000478452 0.000478452
0.19434 0.80566 0.000458772 0.000458772
0.19431 0.80569 0.000462297 0.000462297
0.1938 0.8062 0.000489394 0.000489394
0.19331 0.80669 0.000469145 0.000469145
0.19302 0.80698 0.000464828 0.000464828
0.19283 0.80717 0.0004279 0.0004279
0.19307 0.80693 0.000427116 0.000427116
0.19313 0.80687 0.000439246 0.000439246
0.19317 0.80683 0.000476749 0.000476749
0.1935 0.8065 0.000451586 0.000451586
0.19392 0.80608 0.000448337 0.000448337
0.19428 0.80572 0.000445173 0.000445173
0.19373 0.80627 0.000444098 0.000444098
0.19403 0.80597 0.000447706 0.000447706
0.19455 0.80545 0.000463866 0.000463866
0.1946 0.8054 0.000498545 0.000498545
0.19475 0.80525 0.000507604 0.000507604
0.19497 0.80503 0.00052205 0.00052205
0.19464 0.80536 0.000539182 0.000539182
0.19427 0.80573 0.000509633 0.000509633
0.19375 0.80625 0.000509119 0.000509119
0.19357 0.80643 0.000530934 0.000530934
0.19369 0.80631 0.000534398 0.000534398
0.19323 0.80677 0.000533835 0.000533835
0.19317 0.80683 0.00050992 0.00050992
0.19312 0.80688 0.000507824 0.000507824
0.19292 0.80708 0.000498983 0.000498983
0.19304 0.80696 0.000526988 0.000526988
0.1933 0.8067 0.000523384 0.000523384
0.19364 0.80636 0.000522192 0.000522192
0.193 0.807 0.000515354 0.000515354
0.19285 0.80715 0.000484311 0.000484311
0.19306 0.80694 0.000500623 0.000500623
0.19305 0.80695 0.000492068 0.000492068
0.19245 0.80755 0.000464795 0.000464795
0.19254 0.80746 0.000475221 0.000475221
0.19262 0.80738 0.000471107 0.000471107
0.19315 0.80685 0.000479301 0.000479301
0.19281 0.80719 0.00049563 0.00049563
0.19283 0.80717 0.000489294 0.000489294
0.19294 0.80706 0.000485289 0.000485289
0.19327 0.80673 0.000490159 0.000490159
0.1925 0.8075 0.000480778 0.000480778
0.19215 0.80785 0.000484452 0.000484452
0.19203 0.80797 0.000451868 0.000451868
0.19194 0.80806 0.000477269 0.000477269
0.19113 0.80887 0.000478478 0.000478478
0.19088 0.80912 0.000471278 0.000471278
0.19045 0.80955 0.000493583 0.000493583
0.19051 0.80949 0.000497687 0.000497687
0.19067 0.80933 0.000502547 0.000502547
0.19027 0.80973 0.000497492 0.000497492
0.19008 0.80992 0.000458478 0.000458478
0.18986 0.81014 0.000472162 0.000472162
0.18971 0.81029 0.000480511 0.000480511
0.18998 0.81002 0.000459899 0.000459899
0.19015 0.80985 0.000448654 0.000448654
0.19007 0.80993 0.000465904 0.000465904
0.18974 0.81026 0.000464134 0.000464134
0.18989 0.81011 0.000458826 0.000458826
0.18987 0.81013 0.000439569 0.000439569
0.18953 0.81047 0.000452575 0.000452575
0.19003 0.80997 0.000450777 0.000450777
0.19081 0.80919 0.000463873 0.000463873
0.19119 0.80881 0.000465832 0.000465832
0.19144 0.80856 0.000473522 0.000473522
0.19075 0.80925 0.000477846 0.000477846
0.19112 0.80888 0.000488006 0.000488006
0.1913 0.8087 0.000498859 0.000498859
0.19132 0.80868 0.000517775 0.000517775
0.19158 0.80842 0.000514347 0.000514347
0.19222 0.80778 0.00053985 0.00053985
0.1921 0.8079 0.000548677 0.000548677
0.19204 0.80796 0.000552039 0.000552039
0.19213 0.80787 0.000541973 0.000541973
0.19187 0.80813 0.000542498 0.000542498
0.19251 0.80749 0.000547869 0.000547869
0.19198 0.80802 0.000548444 0.000548444
0.19191 0.80809 0.000545921 0.000545921
0.19135 0.80865 0.000535543 0.000535543
0.1908 0.8092 0.000552707 0.000552707
0.1902 0.8098 0.000545434 0.000545434
0.19011 0.80989 0.000530927 0.000530927
0.19007 0.80993 0.000539904 0.000539904
0.18995 0.81005 0.000514836 0.000514836
0.19002 0.80998 0.000496666 0.000496666
0.19005 0.80995 0.000512917 0.000512917
0.19031 0.80969 0.00050864 0.00050864
0.19011 0.80989 0.000531957 0.000531957
0.18966 0.81034 0.000557621 0.000557621
0.1897 0.8103 0.000569687 0.000569687
0.18978 0.81022 0.000585284 0.000585284
0.1897 0.8103 0.000580293 0.000580293
0.18973 0.81027 0.000560846 0.000560846
0.1888 0.8112 0.000563293 0.000563293
0.18915 0.81085 0.000577664 0.000577664
0.18915 0.81085 0.000584088 0.000584088
0.18904 0.81096 0.000600948 0.000600948
0.18908 0.81092 0.000577913 0.000577913
0.18896 0.81104 0.000596604 0.000596604
0.189 0.811 0.000586808 0.000586808
0.18893 0.81107 0.000610894 0.000610894
0.1889 0.8111 0.000603525 0.000603525
0.18904 0.81096 0.000625635 0.000625635
0.18929 0.81071 0.000610875 0.000610875
0.1895 0.8105 0.000622515 0.000622515
0.18937 0.81063 0.000629488 0.000629488
0.18879 0.81121 0.000639036 0.000639036
0.18883 0.81117 0.000623476 0.000623476
0.18901 0.81099 0.000634394 0.000634394
0.18857 0.81143 0.000646712 0.000646712
0.18891 0.81109 0.000646386 0.000646386
0.18918 0.81082 0.000657159 0.000657159
0.18905 0.81095 0.000682492 0.000682492
0.18886 0.81114 0.000659596 0.000659596
0.18899 0.81101 0.000634313 0.000634313
0.18894 0.81106 0.000639815 0.000639815
0.18855 0.81145 0.000629765 0.000629765
0.18816 0.81184 0.000627853 0.000627853
0.1886 0.8114 0.000672626 0.000672626
0.18909 0.81091 0.00068077 0.00068077
0.18882 0.81118 0.000668897 0.000668897
0.18861 0.81139 0.000664826 0.000664826
0.18941 0.81059 0.000672184 0.000672184
0.18942 0.81058 0.000654933 0.000654933
0.18951 0.81049 0.000667869 0.000667869
0.18897 0.81103 0.000667322 0.000667322
0.1892 0.8108 0.000667596 0.000667596
0.18924 0.81076 0.000672467 0.000672467
0.18932 0.81068 0.000656907 0.000656907
0.18916 0.81084 0.000679004 0.000679004
0.18956 0.81044 0.000683966 0.000683966
0.19003 0.80997 0.000673585 0.000673585
0.1901 0.8099 0.000682657 0.000682657
0.19035 0.80965 0.000682553 0.000682553
0.19041 0.80959 0.000691962 0.000691962
0.19012 0.80988 0.000676632 0.000676632
0.19028 0.80972 0.000715355 0.000715355
0.19056 0.80944 0.000724734 0.000724734
0.19083 0.80917 0.000715233 0.000715233
0.19084 0.80916 0.000741429 0.000741429
0.19075 0.80925 0.000729705 0.000729705
0.19085 0.80915 0.00075823 0.00075823
0.19055 0.80945 0.000773705 0.000773705
0.19047 0.80953 0.000786272 0.000786272
0.19049 0.80951 0.000769202 0.000769202
0.19113 0.80887 0.000772054 0.000772054
0.19068 0.80932 0.000787371 0.000787371
0.19122 0.80878 0.000785264 0.000785264
0.19118 0.80882 0.000752634 0.000752634
0.19097 0.80903 0.000744494 0.000744494
0.19107 0.80893 0.000765763 0.000765763
0.19101 0.80899 0.000765747 0.000765747
0.19097 0.80903 0.000766555 0.000766555
0.19037 0.80963 0.000744801 0.000744801
0.19024 0.80976 0.000739659 0.000739659
0.19036 0.80964 0.000741101 0.000741101
0.19052 0.80948 0.000779525 0.000779525
0.19053 0.80947 0.000809989 0.000809989
0.18991 0.81009 0.000782992 0.000782992
0.19003 0.80997 0.000811302 0.000811302
0.18948 0.81052 0.000824353 0.000824353
0.18944 0.81056 0.000817784 0.000817784
0.18918 0.81082 0.000828189 0.000828189
0.18912 0.81088 0.000842693 0.000842693
0.18976 0.81024 0.000870386 0.000870386
0.18979 0.81021 0.000869238 0.000869238
0.19009 0.80991 0.000874022 0.000874022
0.1896 0.8104 0.000870141 0.000870141
0.18927 0.81073 0.000882825 0.000882825
0.18923 0.81077 0.000870381 0.000870381
0.18932 0.81068 0.00085923 0.00085923
0.18928 0.81072 0.000870163 0.000870163
0.18871 0.81129 0.000848349 0.000848349
0.18878 0.81122 0.00084884 0.00084884
0.18943 0.81057 0.000880005 0.000880005
0.18888 0.81112 0.000884814 0.000884814
0.18898 0.81102 0.00087208 0.00087208
0.18917 0.81083 0.000858668 0.000858668
0.18885 0.81115 0.00085627 0.00085627
0.18885 0.81115 0.000873098 0.000873098
0.18854 0.81146 0.000878029 0.000878029
0.18866 0.81134 0.000885722 0.000885722
0.18941 0.81059 0.00088281 0.00088281
0.1895 0.8105 0.000877788 0.000877788
0.18941 0.81059 0.000864244 0.000864244
0.18982 0.81018 0.000912331 0.000912331
0.18959 0.81041 0.00091182 0.00091182
0.1896 0.8104 0.000926687 0.000926687
0.18934 0.81066 0.000928307 0.000928307
0.1899 0.8101 0.000984859 0.000984859
0.18988 0.81012 0.000973501 0.000973501
0.18958 0.81042 0.000976893 0.000976893
0.18937 0.81063 0.000969912 0.000969912
0.18951 0.81049 0.000973646 0.000973646
0.18977 0.81023 0.00101883 0.00101883
0.19039 0.80961 0.00100155 0.00100155
0.18989 0.81011 0.000988058 0.000988058
0.19023 0.80977 0.00102236 0.00102236
0.19003 0.80997 0.00102082 0.00102082
0.19053 0.80947 0.00100579 0.00100579
0.19031 0.80969 0.00104698 0.00104698
0.19004 0.80996 0.0010402 0.0010402
0.18999 0.81001 0.00104486 0.00104486
0.18955 0.81045 0.00102918 0.00102918
0.18964 0.81036 0.00103932 0.00103932
0.18934 0.81066 0.00105499 0.00105499
0.18948 0.81052 0.0010768 0.0010768
0.1892 0.8108 0.00106608 0.00106608
0.18916 0.81084 0.00108179 0.00108179
0.18862 0.81138 0.00107559 0.00107559
0.18849 0.81151 0.00107009 0.00107009
0.18875 0.81125 0.00104356 0.00104356
0.18854 0.81146 0.00104265 0.00104265
0.18856 0.81144 0.00107065 0.00107065
0.18871 0.81129 0.00108692 0.00108692
0.18849 0.81151 0.00110314 0.00110314
0.18854 0.81146 0.00113459 0.00113459
0.18895 0.81105 0.00111158 0.00111158
0.18938 0.81062 0.00108697 0.00108697
0.18956 0.81044 0.0010817 0.0010817
0.18908 0.81092 0.00111848 0.00111848
0.18914 0.81086 0.00116012 0.00116012
0.18934 0.81066 0.00116101 0.00116101
0.18897 0.81103 0.00117185 0.00117185
0.1893 0.8107 0.00122658 0.00122658
0.18932 0.81068 0.00123745 0.00123745
0.18983 0.81017 0.00124511 0.00124511
0.18995 0.81005 0.00123504 0.00123504
0.18997 0.81003 0.00125837 0.00125837
0.19016 0.80984 0.0012761 0.0012761
0.19024 0.80976 0.00124891 0.00124891
0.18972 0.81028 0.00119602 0.00119602
0.18956 0.81044 0.00124742 0.00124742
0.18969 0.81031 0.00124834 0.00124834
0.18951 0.81049 0.00122112 0.00122112
0.1896 0.8104 0.00123687 0.00123687
0.18945 0.81055 0.00127807 0.00127807
0.18985 0.81015 0.00127445 0.00127445
0.18975 0.81025 0.00124591 0.00124591
0.19023 0.80977 0.00121945 0.00121945
0.19096 0.80904 0.00123052 0.00123052
0.19017 0.80983 0.0012175 0.0012175
0.19067 0.80933 0.00119228 0.00119228
0.19077 0.80923 0.00116208 0.00116208
0.19066 0.80934 0.00116374 0.00116374
0.1904 0.8096 0.00116996 0.00116996
0.1903 0.8097 0.00116819 0.00116819
0.19042 0.80958 0.00117239 0.00117239
0.19059 0.80941 0.00118804 0.00118804
0.19019 0.80981 0.00118569 0.00118569
0.18982 0.81018 0.00118684 0.00118684
0.18962 0.81038 0.00115418 0.00115418
0.18979 0.81021 0.00117047 0.00117047
0.19025 0.80975 0.00119245 0.00119245
0.19043 0.80957 0.00119746 0.00119746
0.19077 0.80923 0.00120646 0.00120646
0.19062 0.80938 0.00121092 0.00121092
0.19066 0.80934 0.00122352 0.00122352
0.19005 0.80995 0.00124944 0.00124944
0.18968 0.81032 0.00124887 0.00124887
0.18959 0.81041 0.00122877 0.00122877
0.18938 0.81062 0.0012483 0.0012483
0.18912 0.81088 0.00121738 0.00121738
0.1892 0.8108 0.00121549 0.00121549
0.18954 0.81046 0.00121609 0.00121609
0.18993 0.81007 0.00119445 0.00119445
0.19003 0.80997 0.00122231 0.00122231
0.18961 0.81039 0.00119929 0.00119929
0.19009 0.80991 0.0012274 0.0012274
0.19026 0.80974 0.00124452 0.00124452
0.19005 0.80995 0.00124148 0.00124148
0.18994 0.81006 0.00121147 0.00121147
0.19087 0.80913 0.00121656 0.00121656
0.19118 0.80882 0.00124154 0.00124154
0.19103 0.80897 0.00125296 0.00125296
0.19071 0.80929 0.00123397 0.00123397
0.19062 0.80938 0.00122404 0.00122404
0.19063 0.80937 0.00125189 0.00125189
0.19056 0.80944 0.00125657 0.00125657
0.19073 0.80927 0.00124165 0.00124165
0.19133 0.80867 0.001204 0.001204
0.19086 0.80914 0.00120388 0.00120388
0.19072 0.80928 0.00119406 0.00119406
0.19043 0.80957 0.00118734 0.00118734
0.19013 0.80987 0.00119933 0.00119933
0.18932 0.81068 0.00120099 0.00120099
0.18913 0.81087 0.00119815 0.00119815
0.1893 0.8107 0.00119777 0.00119777
0.18926 0.81074 0.00119399 0.00119399
0.18963 0.81037 0.00119185 0.00119185
0.18916 0.81084 0.00116422 0.00116422
0.18918 0.81082 0.00119663 0.00119663
0.18892 0.81108 0.00119205 0.00119205
0.18915 0.81085 0.00124558 0.00124558
0.18904 0.81096 0.00125036 0.00125036
0.1889 0.8111 0.0012686 0.0012686
0.18834 0.81166 0.00130251 0.00130251
0.18845 0.81155 0.00129439 0.00129439
0.18857 0.81143 0.00132394 0.00132394
0.18843 0.81157 0.0012776 0.0012776
0.18808 0.81192 0.00126102 0.00126102
0.18836 0.81164 0.00131726 0.00131726
0.18803 0.81197 0.00130649 0.00130649
0.1877 0.8123 0.00130805 0.00130805
0.18795 0.81205 0.00130148 0.00130148
0.18752 0.81248 0.00124809 0.00124809
0.18775 0.81225 0.00126671 0.00126671
0.18794 0.81206 0.00125377 0.00125377
0.18815 0.81185 0.00127338 0.00127338
0.18793 0.81207 0.00128328 0.00128328
0.18802 0.81198 0.00125753 0.00125753
0.18814 0.81186 0.00125525 0.00125525
0.18829 0.81171 0.00129473 0.00129473
0.18864 0.81136 0.00127799 0.00127799
0.18893 0.81107 0.001275 0.001275
0.18886 0.81114 0.00129028 0.00129028
0.18884 0.81116 0.00133676 0.00133676
0.18862 0.81138 0.00135385 0.00135385
0.18836 0.81164 0.00134112 0.00134112
0.18818 0.81182 0.00131726 0.00131726
0.18758 0.81242 0.0012861 0.0012861
0.18731 0.81269 0.00127502 0.00127502
0.18763 0.81237 0.00133504 0.00133504
0.18781 0.81219 0.0013342 0.0013342
0.18799 0.81201 0.00130136 0.00130136
0.18731 0.81269 0.00128195 0.00128195
0.18708 0.81292 0.00126712 0.00126712
0.18766 0.81234 0.00130944 0.00130944
0.1872 0.8128 0.00130685 0.00130685
0.18702 0.81298 0.00130982 0.00130982
0.18699 0.81301 0.00130025 0.00130025
0.18745 0.81255 0.00132148 0.00132148
0.18747 0.81253 0.00136783 0.00136783
0.18748 0.81252 0.00136856 0.00136856
0.18737 0.81263 0.00137553 0.00137553
0.18708 0.81292 0.00139682 0.00139682
0.18692 0.81308 0.00139937 0.00139937
0.18706 0.81294 0.00143462 0.00143462
0.18647 0.81353 0.00141041 0.00141041
0.18608 0.81392 0.0013811 0.0013811
0.18635 0.81365 0.00136556 0.00136556
0.18642 0.81358 0.00137909 0.00137909
0.18636 0.81364 0.00142361 0.00142361
0.18593 0.81407 0.0014316 0.0014316
0.18575 0.81425 0.00141977 0.00141977
0.18601 0.81399 0.00142379 0.00142379
0.18627 0.81373 0.00139214 0.00139214
0.18638 0.81362 0.00138521 0.00138521
0.18646 0.81354 0.00140892 0.00140892
0.18655 0.81345 0.00140253 0.00140253
0.1867 0.8133 0.00141486 0.00141486
0.18679 0.81321 0.00142451 0.00142451
0.18704 0.81296 0.001428 0.001428
0.18747 0.81253 0.00144906 0.00144906
0.1874 0.8126 0.00141879 0.00141879
0.18741 0.81259 0.00139202 0.00139202
0.18747 0.81253 0.0013735 0.0013735
0.18736 0.81264 0.00144532 0.00144532
0.18739 0.81261 0.00145937 0.00145937
0.18811 0.81189 0.00148675 0.00148675
0.18798 0.81202 0.00150966 0.00150966
0.18814 0.81186 0.00150491 0.00150491
0.1871 0.8129 0.00148936 0.00148936
0.1874 0.8126 0.00145366 0.00145366
0.1874 0.8126 0.00145188 0.00145188
0.18727 0.81273 0.00141705 0.00141705
0.18755 0.81245 0.00143518 0.00143518
0.18793 0.81207 0.00147706 0.00147706
0.1878 0.8122 0.00146844 0.00146844
0.18781 0.81219 0.00149448 0.00149448
0.18777 0.81223 0.00149588 0.00149588
0.18826 0.81174 0.00155478 0.00155478
0.18853 0.81147 0.00154752 0.00154752
0.18836 0.81164 0.00154979 0.00154979
0.18822 0.81178 0.00156137 0.00156137
0.18844 0.81156 0.00153738 0.00153738
0.18794 0.81206 0.00153505 0.00153505
0.18746 0.81254 0.00147617 0.00147617
0.1872 0.8128 0.00143541 0.00143541
0.18755 0.81245 0.00142255 0.00142255
0.18732 0.81268 0.00142743 0.00142743
0.18641 0.81359 0.00143376 0.00143376
0.18602 0.81398 0.00142586 0.00142586
0.18658 0.81342 0.00145138 0.00145138
0.18626 0.81374 0.00146945 0.00146945
0.18552 0.81448 0.00149664 0.00149664
0.18579 0.81421 0.00149548 0.00149548
0.18548 0.81452 0.00150161 0.00150161
0.18585 0.81415 0.00147908 0.00147908
0.18587 0.81413 0.00146165 0.00146165
0.18553 0.81447 0.00148922 0.00148922
0.18487 0.81513 0.0014666 0.0014666
0.18467 0.81533 0.00145523 0.00145523
0.1852 0.8148 0.00146305 0.00146305
0.18513 0.81487 0.00145811 0.00145811
0.18467 0.81533 0.00145964 0.00145964
0.18488 0.81512 0.00143358 0.00143358
0.18476 0.81524 0.00141293 0.00141293
0.18496 0.81504 0.00144604 0.00144604
0.18524 0.81476 0.00140635 0.00140635
0.1854 0.8146 0.00137586 0.00137586
0.18561 0.81439 0.00140677 0.00140677
0.18607 0.81393 0.00140295 0.00140295
0.18635 0.81365 0.00141162 0.00141162
0.186 0.814 0.00144709 0.00144709
0.18599 0.81401 0.00143181 0.00143181
0.18573 0.81427 0.00140551 0.00140551
0.18597 0.81403 0.00141561 0.00141561
0.18598 0.81402 0.0014297 0.0014297
0.1853 0.8147 0.00140045 0.00140045
0.18482 0.81518 0.00137235 0.00137235
0.18488 0.81512 0.00139607 0.00139607
0.18512 0.81488 0.00141948 0.00141948
0.18491 0.81509 0.00143493 0.00143493
0.1851 0.8149 0.00145132 0.00145132
0.185 0.815 0.00143646 0.00143646
0.185 0.815 0.00148497 0.00148497
0.18467 0.81533 0.0015196 0.0015196
0.18508 0.81492 0.00155896 0.00155896
0.18552 0.81448 0.0016072 0.0016072
0.18535 0.81465 0.00162722 0.00162722
0.18503 0.81497 0.00162878 0.00162878
0.18508 0.81492 0.00158638 0.00158638
0.18512 0.81488 0.00158401 0.00158401
0.18563 0.81437 0.00158015 0.00158015
0.18569 0.81431 0.00156555 0.00156555
0.18564 0.81436 0.00153516 0.00153516
0.18569 0.81431 0.00157462 0.00157462
0.18645 0.81355 0.0015135 0.0015135
0.18667 0.81333 0.00155923 0.00155923
0.1867 0.8133 0.00156316 0.00156316
0.18695 0.81305 0.00160627 0.00160627
0.18753 0.81247 0.00158498 0.00158498
0.18759 0.81241 0.00160295 0.00160295
0.18736 0.81264 0.00160922 0.00160922
0.1879 0.8121 0.00163039 0.00163039
0.18771 0.81229 0.00160098 0.00160098
0.18753 0.81247 0.00157274 0.00157274
0.18733 0.81267 0.0015983 0.0015983
0.18802 0.81198 0.00161089 0.00161089
0.18833 0.81167 0.00161832 0.00161832
0.1885 0.8115 0.00158409 0.00158409
0.18799 0.81201 0.00158094 0.00158094
0.18791 0.81209 0.00156717 0.00156717
0.18781 0.81219 0.00155583 0.00155583
0.18796 0.81204 0.00153186 0.00153186
0.18806 0.81194 0.00152216 0.00152216
0.18804 0.81196 0.00150836 0.00150836
0.18739 0.81261 0.00149359 0.00149359
0.18723 0.81277 0.00147836 0.00147836
0.18752 0.81248 0.00146256 0.00146256
0.18686 0.81314 0.00144414 0.00144414
0.18677 0.81323 0.00144408 0.00144408
0.1863 0.8137 0.00144649 0.00144649
0.18619 0.81381 0.00143145 0.00143145
0.18586 0.81414 0.00146325 0.00146325
0.18606 0.81394 0.00144769 0.00144769
0.18585 0.81415 0.00141837 0.00141837
0.18617 0.81383 0.0014462 0.0014462
