0.80062 0.19938 0.000160703 0.000160703
0.80205 0.19795 0.000205038 0.000205038
0.8028 0.1972 0.000278808 0.000278808
0.80413 0.19587 0.000316599 0.000316599
0.80376 0.19624 0.000404386 0.000404386
0.8037 0.1963 0.000489263 0.000489263
0.80513 0.19487 0.000618074 0.000618074
0.80515 0.19485 0.000641624 0.000641624
0.80482 0.19518 0.000696735 0.000696735
0.8052 0.1948 0.000688404 0.000688404
0.80518 0.19482 0.000785038 0.000785038
0.80491 0.19509 0.000792527 0.000792527
0.80434 0.19566 0.000809863 0.000809863
0.80471 0.19529 0.000800976 0.000800976
0.80468 0.19532 0.000839735 0.000839735
0.80496 0.19504 0.000853049 0.000853049
0.80586 0.19414 0.000861091 0.000861091
0.80586 0.19414 0.000878566 0.000878566
0.80625 0.19375 0.000881987 0.000881987
0.80654 0.19346 0.000861988 0.000861988
0.80584 0.19416 0.000889368 0.000889368
0.80621 0.19379 0.000842632 0.000842632
0.80642 0.19358 0.000835175 0.000835175
0.80572 0.19428 0.000817577 0.000817577
0.80596 0.19404 0.000805453 0.000805453
0.80574 0.19426 0.00087575 0.00087575
0.8056 0.1944 0.000960263 0.000960263
0.80558 0.19442 0.000945377 0.000945377
0.80551 0.19449 0.000960151 0.000960151
0.80588 0.19412 0.000880955 0.000880955
0.8066 0.1934 0.000895172 0.000895172
0.80668 0.19332 0.000885775 0.000885775
0.80735 0.19265 0.000891947 0.000891947
0.80704 0.19296 0.000911837 0.000911837
0.80758 0.19242 0.000877115 0.000877115
0.80837 0.19163 0.000895508 0.000895508
0.80815 0.19185 0.000883826 0.000883826
0.80807 0.19193 0.000905419 0.000905419
0.80801 0.19199 0.000893404 0.000893404
0.8072 0.1928 0.00086701 0.00086701
0.80752 0.19248 0.000901343 0.000901343
0.80683 0.19317 0.000969153 0.000969153
0.80732 0.19268 0.000950705 0.000950705
0.80698 0.19302 0.000949454 0.000949454
0.80704 0.19296 0.000902705 0.000902705
0.80706 0.19294 0.000915309 0.000915309
0.80755 0.19245 0.000872614 0.000872614
0.80628 0.19372 0.000908022 0.000908022
0.80652 0.19348 0.000881505 0.000881505
0.80689 0.19311 0.000889028 0.000889028
0.80712 0.19288 0.000930167 0.000930167
0.80701 0.19299 0.00096201 0.00096201
0.8068 0.1932 0.000960465 0.000960465
0.80589 0.19411 0.000930362 0.000930362
0.80647 0.19353 0.00095708 0.00095708
0.80672 0.19328 0.000987517 0.000987517
0.80626 0.19374 0.000996154 0.000996154
0.80635 0.19365 0.00099223 0.00099223
0.80732 0.19268 0.00102628 0.00102628
0.80674 0.19326 0.0010108 0.0010108
0.80656 0.19344 0.00103683 0.00103683
0.80648 0.19352 0.0010266 0.0010266
0.80679 0.19321 0.0010314 0.0010314
0.8076 0.1924 0.000973576 0.000973576
0.80696 0.19304 0.000930928 0.000930928
0.80739 0.19261 0.000937473 0.000937473
0.80748 0.19252 0.000937666 0.000937666
0.80712 0.19288 0.00094744 0.00094744
0.80724 0.19276 0.000932507 0.000932507
0.80742 0.19258 0.000925398 0.000925398
0.80749 0.19251 0.000915182 0.000915182
0.80764 0.19236 0.000892071 0.000892071
0.80761 0.19239 0.000903109 0.000903109
0.80715 0.19285 0.000978169 0.000978169
0.80767 0.19233 0.000944728 0.000944728
0.80785 0.19215 0.000952331 0.000952331
0.80719 0.19281 0.000981206 0.000981206
0.80632 0.19368 0.000997311 0.000997311
0.80661 0.19339 0.000990382 0.000990382
0.80598 0.19402 0.00101788 0.00101788
0.80599 0.19401 0.00103823 0.00103823
0.80649 0.19351 0.00104377 0.00104377
0.80666 0.19334 0.00105144 0.00105144
0.8074 0.1926 0.00108513 0.00108513
0.80748 0.19252 0.00115916 0.00115916
0.80778 0.19222 0.00113181 0.00113181
0.8075 0.1925 0.00109403 0.00109403
0.80808 0.19192 0.00108731 0.00108731
0.80765 0.19235 0.00110863 0.00110863
0.80853 0.19147 0.00114047 0.00114047
0.80881 0.19119 0.0011167 0.0011167
0.80889 0.19111 0.00114378 0.00114378
0.80881 0.19119 0.00110403 0.00110403
0.80938 0.19062 0.0010387 0.0010387
0.80972 0.19028 0.00108887 0.00108887
0.80962 0.19038 0.00104666 0.00104666
0.8095 0.1905 0.00102538 0.00102538
0.80897 0.19103 0.00101839 0.00101839
0.80887 0.19113 0.00107068 0.00107068
0.80828 0.19172 0.00107824 0.00107824
0.80724 0.19276 0.00108051 0.00108051
0.80829 0.19171 0.00106092 0.00106092
0.80719 0.19281 0.00113428 0.00113428
0.80701 0.19299 0.00112405 0.00112405
0.80699 0.19301 0.00114977 0.00114977
0.80686 0.19314 0.00119984 0.00119984
0.80686 0.19314 0.00128931 0.00128931
0.80685 0.19315 0.0012096 0.0012096
0.80679 0.19321 0.00116968 0.00116968
0.80708 0.19292 0.00109783 0.00109783
0.80749 0.19251 0.00104219 0.00104219
0.80706 0.19294 0.0010264 0.0010264
0.8067 0.1933 0.00100262 0.00100262
0.80638 0.19362 0.00101155 0.00101155
0.80689 0.19311 0.00103275 0.00103275
0.80737 0.19263 0.00102563 0.00102563
0.8078 0.1922 0.000983212 0.000983212
0.80765 0.19235 0.00102813 0.00102813
0.80814 0.19186 0.00100313 0.00100313
0.8082 0.1918 0.00106166 0.00106166
0.80855 0.19145 0.00110271 0.00110271
0.80837 0.19163 0.00109005 0.00109005
0.80871 0.19129 0.00108475 0.00108475
0.80901 0.19099 0.00110292 0.00110292
0.80855 0.19145 0.00117698 0.00117698
0.80931 0.19069 0.00111868 0.00111868
0.80934 0.19066 0.00112174 0.00112174
0.80987 0.19013 0.00107803 0.00107803
0.80933 0.19067 0.00116396 0.00116396
0.80977 0.19023 0.00117333 0.00117333
0.81024 0.18976 0.00119251 0.00119251
0.81012 0.18988 0.00122518 0.00122518
0.81094 0.18906 0.00124497 0.00124497
0.8102 0.1898 0.00128085 0.00128085
0.81017 0.18983 0.00127523 0.00127523
0.81001 0.18999 0.00121965 0.00121965
0.81043 0.18957 0.00124102 0.00124102
0.81012 0.18988 0.00118912 0.00118912
0.81021 0.18979 0.00115839 0.00115839
0.8095 0.1905 0.00115256 0.00115256
0.80955 0.19045 0.00114585 0.00114585
0.80929 0.19071 0.00116273 0.00116273
0.80883 0.19117 0.0011901 0.0011901
0.80856 0.19144 0.00115273 0.00115273
0.80816 0.19184 0.00116113 0.00116113
0.80841 0.19159 0.00116303 0.00116303
0.80783 0.19217 0.00111624 0.00111624
0.80787 0.19213 0.00114965 0.00114965
0.80792 0.19208 0.00118721 0.00118721
0.80754 0.19246 0.00118835 0.00118835
0.80749 0.19251 0.00118785 0.00118785
0.80738 0.19262 0.00121389 0.00121389
0.80768 0.19232 0.0012127 0.0012127
0.80719 0.19281 0.00124163 0.00124163
0.80754 0.19246 0.00128181 0.00128181
0.80789 0.19211 0.0012899 0.0012899
0.80775 0.19225 0.00124595 0.00124595
0.8068 0.1932 0.00124513 0.00124513
0.80713 0.19287 0.00125415 0.00125415
0.80689 0.19311 0.00120404 0.00120404
0.8068 0.1932 0.00120614 0.00120614
0.80643 0.19357 0.00126855 0.00126855
0.80651 0.19349 0.00124504 0.00124504
0.80556 0.19444 0.0012711 0.0012711
0.80575 0.19425 0.00123009 0.00123009
0.8065 0.1935 0.00120296 0.00120296
0.80607 0.19393 0.00113219 0.00113219
0.80615 0.19385 0.00113439 0.00113439
0.80612 0.19388 0.00108296 0.00108296
0.80543 0.19457 0.00111948 0.00111948
0.80617 0.19383 0.00116796 0.00116796
0.80668 0.19332 0.00115719 0.00115719
0.80725 0.19275 0.00117692 0.00117692
0.80819 0.19181 0.00118218 0.00118218
0.8083 0.1917 0.00123809 0.00123809
0.80841 0.19159 0.00122358 0.00122358
0.80762 0.19238 0.00125846 0.00125846
0.80676 0.19324 0.00124451 0.00124451
0.8067 0.1933 0.00120799 0.00120799
0.80651 0.19349 0.00125023 0.00125023
0.80707 0.19293 0.00132025 0.00132025
0.80717 0.19283 0.00132287 0.00132287
0.80728 0.19272 0.00139729 0.00139729
0.808 0.192 0.00138246 0.00138246
0.80818 0.19182 0.00137037 0.00137037
0.80776 0.19224 0.00134804 0.00134804
0.8079 0.1921 0.0014393 0.0014393
0.80841 0.19159 0.00137071 0.00137071
0.80823 0.19177 0.00143062 0.00143062
0.80895 0.19105 0.00139413 0.00139413
0.80887 0.19113 0.00143114 0.00143114
0.80933 0.19067 0.00150572 0.00150572
0.80911 0.19089 0.00149662 0.00149662
0.80827 0.19173 0.00155794 0.00155794
0.80822 0.19178 0.00146532 0.00146532
0.80882 0.19118 0.00144203 0.00144203
0.80821 0.19179 0.00138708 0.00138708
0.80846 0.19154 0.00142692 0.00142692
0.80769 0.19231 0.00135761 0.00135761
0.80747 0.19253 0.00134538 0.00134538
0.80853 0.19147 0.00137219 0.00137219
0.80782 0.19218 0.00144762 0.00144762
0.80758 0.19242 0.00148645 0.00148645
0.80717 0.19283 0.00151568 0.00151568
0.80621 0.19379 0.00145685 0.00145685
0.80643 0.19357 0.00146871 0.00146871
0.8069 0.1931 0.00140338 0.00140338
0.80672 0.19328 0.00145816 0.00145816
0.80634 0.19366 0.0014898 0.0014898
0.80681 0.19319 0.00149274 0.00149274
0.80715 0.19285 0.00157096 0.00157096
0.80772 0.19228 0.00155513 0.00155513
0.808 0.192 0.00156602 0.00156602
0.80889 0.19111 0.0014503 0.0014503
0.80929 0.19071 0.00141094 0.00141094
0.80805 0.19195 0.00137566 0.00137566
0.80846 0.19154 0.00141185 0.00141185
0.80883 0.19117 0.00141501 0.00141501
0.80762 0.19238 0.00143389 0.00143389
0.80763 0.19237 0.00141298 0.00141298
0.80788 0.19212 0.00142574 0.00142574
0.80764 0.19236 0.00143852 0.00143852
0.8076 0.1924 0.00139679 0.00139679
0.80847 0.19153 0.00140756 0.00140756
0.80825 0.19175 0.00146348 0.00146348
0.80778 0.19222 0.00148646 0.00148646
0.8072 0.1928 0.00157853 0.00157853
0.8075 0.1925 0.00151916 0.00151916
0.8081 0.1919 0.00147221 0.00147221
0.80787 0.19213 0.00149945 0.00149945
0.80678 0.19322 0.00150433 0.00150433
0.80656 0.19344 0.00146172 0.00146172
0.80679 0.19321 0.00141384 0.00141384
0.80719 0.19281 0.00140127 0.00140127
0.8075 0.1925 0.00144217 0.00144217
0.80742 0.19258 0.001546 0.001546
0.80879 0.19121 0.00147498 0.00147498
0.80883 0.19117 0.00142245 0.00142245
0.80903 0.19097 0.0015013 0.0015013
0.80951 0.19049 0.00153183 0.00153183
0.81005 0.18995 0.00155892 0.00155892
0.80958 0.19042 0.00163568 0.00163568
0.80971 0.19029 0.00162429 0.00162429
0.80978 0.19022 0.00159985 0.00159985
0.80922 0.19078 0.00145603 0.00145603
0.80927 0.19073 0.00147485 0.00147485
0.80977 0.19023 0.00148565 0.00148565
0.80957 0.19043 0.00141152 0.00141152
0.80856 0.19144 0.00137989 0.00137989
0.80886 0.19114 0.00140447 0.00140447
0.80971 0.19029 0.00141768 0.00141768
0.80924 0.19076 0.0014039 0.0014039
0.80891 0.19109 0.00138192 0.00138192
0.80844 0.19156 0.00144005 0.00144005
0.8083 0.1917 0.00146868 0.00146868
0.80808 0.19192 0.00150826 0.00150826
0.80791 0.19209 0.00148162 0.00148162
0.80787 0.19213 0.00145337 0.00145337
0.80842 0.19158 0.00148843 0.00148843
0.80809 0.19191 0.00147897 0.00147897
0.80804 0.19196 0.00144212 0.00144212
0.80828 0.19172 0.00140982 0.00140982
0.80901 0.19099 0.00138405 0.00138405
0.80835 0.19165 0.00141199 0.00141199
0.80791 0.19209 0.00142895 0.00142895
0.80777 0.19223 0.00142666 0.00142666
0.80796 0.19204 0.00145838 0.00145838
0.8071 0.1929 0.0013791 0.0013791
0.80697 0.19303 0.00149251 0.00149251
0.80762 0.19238 0.00145088 0.00145088
0.80727 0.19273 0.00155087 0.00155087
0.80808 0.19192 0.00150626 0.00150626
0.80755 0.19245 0.00146623 0.00146623
0.80761 0.19239 0.00154751 0.00154751
0.80802 0.19198 0.00154624 0.00154624
0.80744 0.19256 0.001663 0.001663
0.80737 0.19263 0.00162118 0.00162118
0.80709 0.19291 0.00163808 0.00163808
0.80647 0.19353 0.00164809 0.00164809
0.80679 0.19321 0.00167045 0.00167045
0.80645 0.19355 0.00166734 0.00166734
0.80694 0.19306 0.00168444 0.00168444
0.80645 0.19355 0.00162035 0.00162035
0.80617 0.19383 0.00161434 0.00161434
0.80577 0.19423 0.00167305 0.00167305
0.80557 0.19443 0.00171724 0.00171724
0.8052 0.1948 0.00164855 0.00164855
0.80567 0.19433 0.00163841 0.00163841
0.80554 0.19446 0.00166175 0.00166175
0.8058 0.1942 0.00168465 0.00168465
0.80643 0.19357 0.00164592 0.00164592
0.80663 0.19337 0.00159918 0.00159918
0.807 0.193 0.0015596 0.0015596
0.80675 0.19325 0.00154168 0.00154168
0.80695 0.19305 0.00149158 0.00149158
0.80765 0.19235 0.00145577 0.00145577
0.80741 0.19259 0.00149224 0.00149224
0.80743 0.19257 0.00153784 0.00153784
0.80756 0.19244 0.00159467 0.00159467
0.80728 0.19272 0.00156925 0.00156925
0.80706 0.19294 0.00157121 0.00157121
0.80693 0.19307 0.0015434 0.0015434
0.80707 0.19293 0.00153954 0.00153954
0.80749 0.19251 0.00155197 0.00155197
0.8076 0.1924 0.00161059 0.00161059
0.80743 0.19257 0.00166815 0.00166815
0.80689 0.19311 0.0017045 0.0017045
0.80613 0.19387 0.00174822 0.00174822
0.80582 0.19418 0.00166898 0.00166898
0.80601 0.19399 0.00174377 0.00174377
0.80646 0.19354 0.00167439 0.00167439
0.80765 0.19235 0.00166312 0.00166312
0.80808 0.19192 0.00159422 0.00159422
0.80778 0.19222 0.00155044 0.00155044
0.80784 0.19216 0.00149292 0.00149292
0.80809 0.19191 0.00149144 0.00149144
0.80761 0.19239 0.00153309 0.00153309
0.80661 0.19339 0.00158224 0.00158224
0.80605 0.19395 0.00158504 0.00158504
0.80669 0.19331 0.00152573 0.00152573
0.80666 0.19334 0.00150457 0.00150457
0.80656 0.19344 0.00153966 0.00153966
0.80646 0.19354 0.00163063 0.00163063
0.80633 0.19367 0.00155661 0.00155661
0.80677 0.19323 0.0015262 0.0015262
0.80681 0.19319 0.00151642 0.00151642
0.80783 0.19217 0.00150032 0.00150032
0.80799 0.19201 0.00153037 0.00153037
0.80746 0.19254 0.00158272 0.00158272
0.80738 0.19262 0.00156446 0.00156446
0.80782 0.19218 0.00163985 0.00163985
0.808 0.192 0.0015883 0.0015883
0.80893 0.19107 0.0016038 0.0016038
0.80943 0.19057 0.00157702 0.00157702
0.80908 0.19092 0.00160781 0.00160781
0.80755 0.19245 0.00156886 0.00156886
0.80799 0.19201 0.00155029 0.00155029
0.80813 0.19187 0.00159791 0.00159791
0.80791 0.19209 0.00163097 0.00163097
0.80765 0.19235 0.00164013 0.00164013
0.80786 0.19214 0.00166539 0.00166539
0.80779 0.19221 0.00168922 0.00168922
0.80798 0.19202 0.00164588 0.00164588
0.8079 0.1921 0.00162443 0.00162443
0.80748 0.19252 0.00159142 0.00159142
0.80816 0.19184 0.00160082 0.00160082
0.80844 0.19156 0.0016076 0.0016076
0.80862 0.19138 0.00162171 0.00162171
0.80741 0.19259 0.00172273 0.00172273
0.80726 0.19274 0.00168143 0.00168143
0.80804 0.19196 0.00167911 0.00167911
0.80776 0.19224 0.00175827 0.00175827
0.8078 0.1922 0.00177065 0.00177065
0.80917 0.19083 0.00172907 0.00172907
0.80821 0.19179 0.00173425 0.00173425
0.80724 0.19276 0.00165416 0.00165416
0.80693 0.19307 0.00161459 0.00161459
0.8073 0.1927 0.00163843 0.00163843
0.80743 0.19257 0.00169691 0.00169691
0.8074 0.1926 0.00169909 0.00169909
0.80614 0.19386 0.00170992 0.00170992
0.80731 0.19269 0.00164428 0.00164428
0.80753 0.19247 0.00169651 0.00169651
0.80798 0.19202 0.00174349 0.00174349
0.80819 0.19181 0.00175147 0.00175147
0.80827 0.19173 0.00176272 0.00176272
0.80913 0.19087 0.00168628 0.00168628
0.8096 0.1904 0.00165733 0.00165733
0.80866 0.19134 0.00163586 0.00163586
0.80908 0.19092 0.00169171 0.00169171
0.80875 0.19125 0.00169247 0.00169247
0.80801 0.19199 0.00172035 0.00172035
0.80749 0.19251 0.00179179 0.00179179
0.80726 0.19274 0.00179527 0.00179527
0.80746 0.19254 0.00182259 0.00182259
0.80761 0.19239 0.00184135 0.00184135
0.80739 0.19261 0.00184673 0.00184673
0.80683 0.19317 0.00184144 0.00184144
0.80739 0.19261 0.00188216 0.00188216
0.80771 0.19229 0.00186156 0.00186156
0.80773 0.19227 0.00182838 0.00182838
0.80851 0.19149 0.00178355 0.00178355
0.80866 0.19134 0.00183108 0.00183108
0.80748 0.19252 0.00188431 0.00188431
0.80805 0.19195 0.00183682 0.00183682
0.809 0.191 0.00188493 0.00188493
0.80877 0.19123 0.00186699 0.00186699
0.809 0.191 0.00173594 0.00173594
0.80872 0.19128 0.00171558 0.00171558
0.80918 0.19082 0.00172205 0.00172205
0.80809 0.19191 0.00170459 0.00170459
0.80861 0.19139 0.00173232 0.00173232
0.80849 0.19151 0.00174409 0.00174409
0.8075 0.1925 0.00180086 0.00180086
0.80685 0.19315 0.00183902 0.00183902
0.80591 0.19409 0.0018114 0.0018114
0.80636 0.19364 0.00176076 0.00176076
0.80669 0.19331 0.00174769 0.00174769
0.8062 0.1938 0.00177729 0.00177729
0.80588 0.19412 0.00181819 0.00181819
0.80563 0.19437 0.00187704 0.00187704
0.80543 0.19457 0.0019456 0.0019456
0.80495 0.19505 0.00196514 0.00196514
0.80531 0.19469 0.00192519 0.00192519
0.80545 0.19455 0.00180065 0.00180065
0.80531 0.19469 0.00175212 0.00175212
0.80589 0.19411 0.00169509 0.00169509
0.80663 0.19337 0.00172167 0.00172167
0.80707 0.19293 0.00171095 0.00171095
0.80808 0.19192 0.00164222 0.00164222
0.80722 0.19278 0.00170587 0.00170587
0.80703 0.19297 0.00175023 0.00175023
0.80707 0.19293 0.0016535 0.0016535
0.80748 0.19252 0.00168761 0.00168761
0.80792 0.19208 0.00160898 0.00160898
0.80734 0.19266 0.00165364 0.00165364
0.80797 0.19203 0.00165148 0.00165148
0.80739 0.19261 0.00167458 0.00167458
0.8085 0.1915 0.0017131 0.0017131
0.80877 0.19123 0.00169895 0.00169895
0.80919 0.19081 0.0016182 0.0016182
0.80822 0.19178 0.00161058 0.00161058
0.80831 0.19169 0.00165632 0.00165632
0.80887 0.19113 0.00171696 0.00171696
0.80898 0.19102 0.00170907 0.00170907
0.80825 0.19175 0.00177124 0.00177124
0.80881 0.19119 0.00167096 0.00167096
0.80894 0.19106 0.00167723 0.00167723
0.8096 0.1904 0.00168394 0.00168394
0.80945 0.19055 0.0016109 0.0016109
0.80932 0.19068 0.00162014 0.00162014
0.80888 0.19112 0.00169257 0.00169257
0.80934 0.19066 0.00169055 0.00169055
0.80742 0.19258 0.00179146 0.00179146
0.8086 0.1914 0.00182733 0.00182733
0.80889 0.19111 0.00172079 0.00172079
0.80867 0.19133 0.00183812 0.00183812
0.80781 0.19219 0.00186981 0.00186981
0.80838 0.19162 0.00190456 0.00190456
0.80876 0.19124 0.00193263 0.00193263
0.80866 0.19134 0.00194178 0.00194178
0.80883 0.19117 0.00193125 0.00193125
0.80908 0.19092 0.00188345 0.00188345
0.8089 0.1911 0.00182942 0.00182942
0.80885 0.19115 0.00194278 0.00194278
0.80932 0.19068 0.00189681 0.00189681
0.80971 0.19029 0.0018635 0.0018635
0.80893 0.19107 0.00193029 0.00193029
0.8091 0.1909 0.00196326 0.00196326
0.8086 0.1914 0.0019959 0.0019959
0.80862 0.19138 0.00198339 0.00198339
0.80877 0.19123 0.00194856 0.00194856
0.80809 0.19191 0.00199356 0.00199356
0.80784 0.19216 0.00201414 0.00201414
0.80804 0.19196 0.00199608 0.00199608
0.80783 0.19217 0.00202655 0.00202655
0.80842 0.19158 0.0020401 0.0020401
0.80876 0.19124 0.00205138 0.00205138
0.80851 0.19149 0.00211805 0.00211805
0.80893 0.19107 0.00207617 0.00207617
0.80927 0.19073 0.00208491 0.00208491
0.80905 0.19095 0.0021454 0.0021454
0.80902 0.19098 0.00209291 0.00209291
0.80837 0.19163 0.00209213 0.00209213
0.80729 0.19271 0.00215067 0.00215067
0.80771 0.19229 0.00211653 0.00211653
0.80812 0.19188 0.00212841 0.00212841
0.80718 0.19282 0.00205221 0.00205221
0.80708 0.19292 0.00204193 0.00204193
0.8071 0.1929 0.00201633 0.00201633
0.80736 0.19264 0.00196005 0.00196005
0.80749 0.19251 0.00195662 0.00195662
0.80806 0.19194 0.00193792 0.00193792
0.80804 0.19196 0.00199654 0.00199654
0.808 0.192 0.00194622 0.00194622
0.80831 0.19169 0.00196363 0.00196363
0.80819 0.19181 0.00203874 0.00203874
0.80821 0.19179 0.00203001 0.00203001
0.80817 0.19183 0.00203135 0.00203135
0.80785 0.19215 0.00202983 0.00202983
0.80806 0.19194 0.00207232 0.00207232
0.8077 0.1923 0.00207577 0.00207577
0.80861 0.19139 0.00206406 0.00206406
0.80973 0.19027 0.00206074 0.00206074
0.80982 0.19018 0.00202271 0.00202271
0.80992 0.19008 0.00196876 0.00196876
0.81059 0.18941 0.00189944 0.00189944
0.81068 0.18932 0.00182089 0.00182089
0.81008 0.18992 0.00182371 0.00182371
0.81059 0.18941 0.00181837 0.00181837
0.81003 0.18997 0.00182033 0.00182033
0.81082 0.18918 0.001833 0.001833
0.81056 0.18944 0.0019197 0.0019197
0.81086 0.18914 0.00191148 0.00191148
0.81051 0.18949 0.00191023 0.00191023
0.81044 0.18956 0.00198526 0.00198526
0.81063 0.18937 0.00204056 0.00204056
0.80917 0.19083 0.00203834 0.00203834
0.81009 0.18991 0.00201879 0.00201879
0.8104 0.1896 0.00197448 0.00197448
