0.50015 0.49985 1.40076e-05 1.40076e-05
0.50072 0.49928 2.91329e-05 2.91329e-05
0.50137 0.49863 4.09829e-05 4.09829e-05
0.5018 0.4982 4.91919e-05 4.91919e-05
0.50198 0.49802 6.004e-05 6.004e-05
0.5018 0.4982 6.87677e-05 6.87677e-05
0.50138 0.49862 7.70057e-05 7.70057e-05
0.50094 0.49906 8.55923e-05 8.55923e-05
0.50053 0.49947 9.82516e-05 9.82516e-05
0.50038 0.49962 9.98137e-05 9.98137e-05
0.5009 0.4991 0.000110111 0.000110111
0.50118 0.49882 0.000117402 0.000117402
0.5016 0.4984 0.000123879 0.000123879
0.50116 0.49884 0.000113489 0.000113489
0.50124 0.49876 0.000124184 0.000124184
0.50116 0.49884 0.000121712 0.000121712
0.50123 0.49877 0.000135108 0.000135108
0.50085 0.49915 0.000141907 0.000141907
0.50081 0.49919 0.000145832 0.000145832
0.50072 0.49928 0.000152688 0.000152688
0.50097 0.49903 0.000172413 0.000172413
0.50117 0.49883 0.000179334 0.000179334
0.50093 0.49907 0.000197076 0.000197076
0.50048 0.49952 0.00017601 0.00017601
0.50059 0.49941 0.000169861 0.000169861
0.50059 0.49941 0.000168871 0.000168871
0.50021 0.49979 0.000173663 0.000173663
0.4997 0.5003 0.000179505 0.000179505
0.49979 0.50021 0.000178228 0.000178228
0.50073 0.49927 0.000167573 0.000167573
0.50074 0.49926 0.000178154 0.000178154
0.50044 0.49956 0.000170208 0.000170208
0.50028 0.49972 0.000187375 0.000187375
0.50043 0.49957 0.000171379 0.000171379
0.50048 0.49952 0.000183141 0.000183141
0.50017 0.49983 0.000162122 0.000162122
0.50058 0.49942 0.000170731 0.000170731
0.50127 0.49873 0.000168179 0.000168179
0.50162 0.49838 0.000180258 0.000180258
0.501 0.499 0.000183091 0.000183091
0.50065 0.49935 0.000177381 0.000177381
0.50044 0.49956 0.000175037 0.000175037
0.50039 0.49961 0.000178099 0.000178099
0.50084 0.49916 0.000181287 0.000181287
0.50093 0.49907 0.000181682 0.000181682
0.50123 0.49877 0.000196401 0.000196401
0.50052 0.49948 0.000189969 0.000189969
0.5009 0.4991 0.000202838 0.000202838
0.50033 0.49967 0.000217334 0.000217334
0.50019 0.49981 0.000217772 0.000217772
0.50067 0.49933 0.000223738 0.000223738
0.5005 0.4995 0.000210333 0.000210333
0.50119 0.49881 0.000204135 0.000204135
0.50073 0.49927 0.000214926 0.000214926
0.50096 0.49904 0.000202423 0.000202423
0.50041 0.49959 0.000189376 0.000189376
0.5003 0.4997 0.000178717 0.000178717
0.49921 0.50079 0.000199844 0.000199844
0.49922 0.50078 0.00019286 0.00019286
0.49951 0.50049 0.000203222 0.000203222
0.49949 0.50051 0.000222252 0.000222252
0.4991 0.5009 0.000240515 0.000240515
0.49923 0.50077 0.000230765 0.000230765
0.49941 0.50059 0.000236345 0.000236345
0.49905 0.50095 0.000227119 0.000227119
0.49959 0.50041 0.000217052 0.000217052
0.49917 0.50083 0.000207961 0.000207961
0.49896 0.50104 0.000217069 0.000217069
0.4997 0.5003 0.000216556 0.000216556
0.49924 0.50076 0.000203114 0.000203114
0.49944 0.50056 0.000208693 0.000208693
0.49908 0.50092 0.000212135 0.000212135
0.49906 0.50094 0.000207208 0.000207208
0.4991 0.5009 0.000206899 0.000206899
0.49954 0.50046 0.000213907 0.000213907
0.49963 0.50037 0.000197064 0.000197064
0.49976 0.50024 0.000190831 0.000190831
0.49972 0.50028 0.000186769 0.000186769
0.50004 0.49996 0.000190524 0.000190524
0.49939 0.50061 0.000203634 0.000203634
0.49936 0.50064 0.000219142 0.000219142
0.49885 0.50115 0.00022128 0.00022128
0.49844 0.50156 0.000230471 0.000230471
0.4987 0.5013 0.000229707 0.000229707
0.49965 0.50035 0.00021124 0.00021124
0.50009 0.49991 0.000227456 0.000227456
0.5007 0.4993 0.000220111 0.000220111
0.50037 0.49963 0.000217569 0.000217569
0.5001 0.4999 0.000221242 0.000221242
0.49996 0.50004 0.000227453 0.000227453
0.49994 0.50006 0.0002084 0.0002084
0.50002 0.49998 0.000221394 0.000221394
0.49992 0.50008 0.000211509 0.000211509
0.50024 0.49976 0.000223417 0.000223417
0.50048 0.49952 0.000228575 0.000228575
0.50059 0.49941 0.000242709 0.000242709
0.50004 0.49996 0.000230099 0.000230099
0.49973 0.50027 0.00023826 0.00023826
0.49973 0.50027 0.000249391 0.000249391
0.49966 0.50034 0.000239964 0.000239964
0.49925 0.50075 0.000271058 0.000271058
0.49887 0.50113 0.000276741 0.000276741
0.49888 0.50112 0.000270491 0.000270491
0.4997 0.5003 0.000266677 0.000266677
0.50013 0.49987 0.00027272 0.00027272
0.50007 0.49993 0.000248732 0.000248732
0.50009 0.49991 0.000252426 0.000252426
0.50009 0.49991 0.00026683 0.00026683
0.50022 0.49978 0.000263567 0.000263567
0.50004 0.49996 0.000238059 0.000238059
0.50031 0.49969 0.000212357 0.000212357
0.50055 0.49945 0.000212957 0.000212957
0.49993 0.50007 0.000220046 0.000220046
0.49946 0.50054 0.00019419 0.00019419
0.49986 0.50014 0.000181697 0.000181697
0.50025 0.49975 0.00019627 0.00019627
0.50042 0.49958 0.000175418 0.000175418
0.50029 0.49971 0.000168794 0.000168794
0.50062 0.49938 0.000185389 0.000185389
0.50141 0.49859 0.00019277 0.00019277
0.5016 0.4984 0.000194141 0.000194141
0.501 0.499 0.000186141 0.000186141
0.5015 0.4985 0.000190455 0.000190455
0.50158 0.49842 0.000215701 0.000215701
0.50082 0.49918 0.000208614 0.000208614
0.50006 0.49994 0.000214522 0.000214522
0.49986 0.50014 0.000218283 0.000218283
0.50031 0.49969 0.000217873 0.000217873
0.49992 0.50008 0.000234478 0.000234478
0.49934 0.50066 0.000239641 0.000239641
0.49854 0.50146 0.000218291 0.000218291
0.49868 0.50132 0.000236664 0.000236664
0.49868 0.50132 0.000233573 0.000233573
0.49932 0.50068 0.000246907 0.000246907
0.4982 0.5018 0.000252667 0.000252667
0.49761 0.50239 0.000257937 0.000257937
0.49743 0.50257 0.000271298 0.000271298
0.49728 0.50272 0.000255315 0.000255315
0.49783 0.50217 0.000265415 0.000265415
0.49794 0.50206 0.000262804 0.000262804
0.49776 0.50224 0.000249215 0.000249215
0.49799 0.50201 0.000213343 0.000213343
0.49812 0.50188 0.000231177 0.000231177
0.4979 0.5021 0.000217444 0.000217444
0.49857 0.50143 0.000225884 0.000225884
0.49879 0.50121 0.00023237 0.00023237
0.49824 0.50176 0.000224427 0.000224427
0.49827 0.50173 0.000222381 0.000222381
0.49773 0.50227 0.000223856 0.000223856
0.49764 0.50236 0.000233324 0.000233324
0.49781 0.50219 0.00024864 0.00024864
0.49735 0.50265 0.000252553 0.000252553
0.49779 0.50221 0.000231521 0.000231521
0.49796 0.50204 0.000209392 0.000209392
0.49804 0.50196 0.000222584 0.000222584
0.49796 0.50204 0.000222928 0.000222928
0.49835 0.50165 0.000230432 0.000230432
0.49877 0.50123 0.000226745 0.000226745
0.4989 0.5011 0.000233121 0.000233121
0.49873 0.50127 0.00025226 0.00025226
0.4988 0.5012 0.000246303 0.000246303
0.49904 0.50096 0.000261291 0.000261291
0.49845 0.50155 0.000242492 0.000242492
0.4988 0.5012 0.00024196 0.00024196
0.49902 0.50098 0.000234101 0.000234101
0.49958 0.50042 0.000261882 0.000261882
0.49939 0.50061 0.000287493 0.000287493
0.49945 0.50055 0.000297583 0.000297583
0.49887 0.50113 0.000305589 0.000305589
0.4981 0.5019 0.000295848 0.000295848
0.49835 0.50165 0.000279563 0.000279563
0.49826 0.50174 0.000264821 0.000264821
0.49826 0.50174 0.000239023 0.000239023
0.49805 0.50195 0.000229644 0.000229644
0.49752 0.50248 0.000231323 0.000231323
0.49737 0.50263 0.000233266 0.000233266
0.49769 0.50231 0.000255408 0.000255408
0.49816 0.50184 0.000236217 0.000236217
0.49894 0.50106 0.000234643 0.000234643
0.49892 0.50108 0.000247367 0.000247367
0.49864 0.50136 0.000242354 0.000242354
0.49823 0.50177 0.00024329 0.00024329
0.49825 0.50175 0.000256432 0.000256432
0.49809 0.50191 0.000244184 0.000244184
0.49886 0.50114 0.000247334 0.000247334
0.49919 0.50081 0.000245206 0.000245206
0.49861 0.50139 0.000245675 0.000245675
0.49811 0.50189 0.000245452 0.000245452
0.49797 0.50203 0.000251282 0.000251282
0.4982 0.5018 0.000240424 0.000240424
0.49798 0.50202 0.000240262 0.000240262
0.49775 0.50225 0.000251422 0.000251422
0.49735 0.50265 0.000256694 0.000256694
0.49769 0.50231 0.000252519 0.000252519
0.49735 0.50265 0.000274614 0.000274614
0.49792 0.50208 0.000272236 0.000272236
0.49845 0.50155 0.000299806 0.000299806
0.49856 0.50144 0.000310936 0.000310936
0.49832 0.50168 0.000315856 0.000315856
0.49815 0.50185 0.000304876 0.000304876
0.49863 0.50137 0.000303347 0.000303347
0.49903 0.50097 0.000291726 0.000291726
0.49838 0.50162 0.00028648 0.00028648
0.49816 0.50184 0.000288378 0.000288378
0.49861 0.50139 0.000305372 0.000305372
0.49814 0.50186 0.00030495 0.00030495
0.49769 0.50231 0.000295489 0.000295489
0.4978 0.5022 0.000310162 0.000310162
0.49781 0.50219 0.000288479 0.000288479
0.49753 0.50247 0.000253888 0.000253888
0.4975 0.5025 0.000266697 0.000266697
0.49722 0.50278 0.00024783 0.00024783
0.49715 0.50285 0.000259018 0.000259018
0.49746 0.50254 0.00026215 0.00026215
0.4982 0.5018 0.000255778 0.000255778
0.4984 0.5016 0.000248061 0.000248061
0.49876 0.50124 0.000232689 0.000232689
0.49939 0.50061 0.000221452 0.000221452
0.49915 0.50085 0.000208452 0.000208452
0.49882 0.50118 0.000209038 0.000209038
0.49893 0.50107 0.000215379 0.000215379
0.49916 0.50084 0.000232641 0.000232641
0.49943 0.50057 0.00023053 0.00023053
0.49987 0.50013 0.000248033 0.000248033
0.5001 0.4999 0.00026304 0.00026304
0.50026 0.49974 0.00027775 0.00027775
0.49981 0.50019 0.00029662 0.00029662
0.4997 0.5003 0.000295424 0.000295424
0.49912 0.50088 0.000311117 0.000311117
0.49908 0.50092 0.000283185 0.000283185
0.49858 0.50142 0.000303236 0.000303236
0.49869 0.50131 0.000331711 0.000331711
0.49847 0.50153 0.000326373 0.000326373
0.49793 0.50207 0.000329965 0.000329965
0.49753 0.50247 0.000316595 0.000316595
0.49744 0.50256 0.000331804 0.000331804
0.49781 0.50219 0.000317085 0.000317085
0.49728 0.50272 0.000296103 0.000296103
0.4973 0.5027 0.000272455 0.000272455
0.49706 0.50294 0.000272602 0.000272602
0.49675 0.50325 0.000253846 0.000253846
0.49702 0.50298 0.000254222 0.000254222
0.49783 0.50217 0.000239153 0.000239153
0.49664 0.50336 0.00024193 0.00024193
0.49741 0.50259 0.000276345 0.000276345
0.49737 0.50263 0.000271205 0.000271205
0.49727 0.50273 0.000262967 0.000262967
0.49763 0.50237 0.000245104 0.000245104
0.4968 0.5032 0.000266202 0.000266202
0.49705 0.50295 0.000276876 0.000276876
0.49662 0.50338 0.000275369 0.000275369
0.49725 0.50275 0.000273583 0.000273583
0.49815 0.50185 0.000284028 0.000284028
0.49785 0.50215 0.000301947 0.000301947
0.49781 0.50219 0.000299166 0.000299166
0.49748 0.50252 0.000283525 0.000283525
0.49785 0.50215 0.000274513 0.000274513
0.49711 0.50289 0.000284745 0.000284745
0.49708 0.50292 0.000293145 0.000293145
0.49769 0.50231 0.000290701 0.000290701
0.49798 0.50202 0.000293798 0.000293798
0.49763 0.50237 0.000290336 0.000290336
0.49788 0.50212 0.000291824 0.000291824
0.4977 0.5023 0.00028799 0.00028799
0.49735 0.50265 0.000297442 0.000297442
0.49759 0.50241 0.000293901 0.000293901
0.49731 0.50269 0.000279287 0.000279287
0.49817 0.50183 0.000292708 0.000292708
0.49818 0.50182 0.000294876 0.000294876
0.4986 0.5014 0.000250525 0.000250525
0.49879 0.50121 0.000279885 0.000279885
0.49914 0.50086 0.000288748 0.000288748
0.49867 0.50133 0.000311516 0.000311516
0.49889 0.50111 0.000304079 0.000304079
0.49942 0.50058 0.000283095 0.000283095
0.50043 0.49957 0.000277157 0.000277157
0.5007 0.4993 0.000255141 0.000255141
0.50052 0.49948 0.000266495 0.000266495
0.50013 0.49987 0.000261387 0.000261387
0.50023 0.49977 0.000258421 0.000258421
0.5011 0.4989 0.000257384 0.000257384
0.50089 0.49911 0.00026519 0.00026519
0.50006 0.49994 0.000268784 0.000268784
0.50065 0.49935 0.000266189 0.000266189
0.50065 0.49935 0.000268836 0.000268836
0.50049 0.49951 0.000265505 0.000265505
0.49963 0.50037 0.000262215 0.000262215
0.49896 0.50104 0.00026113 0.00026113
0.49936 0.50064 0.00026795 0.00026795
0.49931 0.50069 0.000249024 0.000249024
0.49893 0.50107 0.000255096 0.000255096
0.49878 0.50122 0.000253325 0.000253325
0.499 0.501 0.000263616 0.000263616
0.49896 0.50104 0.000264928 0.000264928
0.4992 0.5008 0.000243131 0.000243131
0.499 0.501 0.000251919 0.000251919
0.4995 0.5005 0.000252657 0.000252657
0.50023 0.49977 0.000247411 0.000247411
0.4999 0.5001 0.000271808 0.000271808
0.49951 0.50049 0.000271202 0.000271202
0.49906 0.50094 0.000258481 0.000258481
0.49917 0.50083 0.000254223 0.000254223
0.49897 0.50103 0.000240595 0.000240595
0.49895 0.50105 0.000259947 0.000259947
0.49858 0.50142 0.000258589 0.000258589
0.49819 0.50181 0.00025361 0.00025361
0.49915 0.50085 0.000248816 0.000248816
0.49931 0.50069 0.000265489 0.000265489
0.49874 0.50126 0.000258679 0.000258679
0.49975 0.50025 0.000253604 0.000253604
0.49987 0.50013 0.000245266 0.000245266
0.49974 0.50026 0.000223992 0.000223992
0.5 0.5 0.00024398 0.00024398
0.50061 0.49939 0.000251755 0.000251755
0.50053 0.49947 0.000267343 0.000267343
0.50119 0.49881 0.000260863 0.000260863
0.5009 0.4991 0.000279404 0.000279404
0.50071 0.49929 0.000292087 0.000292087
0.50067 0.49933 0.000323072 0.000323072
0.5007 0.4993 0.000311283 0.000311283
0.50051 0.49949 0.000316374 0.000316374
0.50015 0.49985 0.00031029 0.00031029
0.49938 0.50062 0.000283814 0.000283814
0.49979 0.50021 0.000268309 0.000268309
0.49973 0.50027 0.000264239 0.000264239
0.50002 0.49998 0.000272121 0.000272121
0.49981 0.50019 0.00028258 0.00028258
0.49955 0.50045 0.000296432 0.000296432
0.50004 0.49996 0.000293392 0.000293392
0.50092 0.49908 0.000291307 0.000291307
0.50072 0.49928 0.000301497 0.000301497
0.50083 0.49917 0.000290143 0.000290143
0.50089 0.49911 0.000315654 0.000315654
0.50115 0.49885 0.00030124 0.00030124
0.50077 0.49923 0.000297027 0.000297027
0.50011 0.49989 0.000309654 0.000309654
0.49966 0.50034 0.000286287 0.000286287
0.49979 0.50021 0.000295683 0.000295683
0.50024 0.49976 0.000293194 0.000293194
0.50047 0.49953 0.000268979 0.000268979
0.50009 0.49991 0.000263921 0.000263921
0.49976 0.50024 0.00027677 0.00027677
0.50052 0.49948 0.000298838 0.000298838
0.50051 0.49949 0.000277182 0.000277182
0.49999 0.50001 0.000255505 0.000255505
0.50028 0.49972 0.000248769 0.000248769
0.50047 0.49953 0.000252029 0.000252029
0.49998 0.50002 0.000246262 0.000246262
0.50013 0.49987 0.000247044 0.000247044
0.50012 0.49988 0.000252066 0.000252066
0.50014 0.49986 0.000253637 0.000253637
0.49964 0.50036 0.000273909 0.000273909
0.49962 0.50038 0.000269288 0.000269288
0.49925 0.50075 0.000274654 0.000274654
0.499 0.501 0.000267818 0.000267818
0.49838 0.50162 0.000261248 0.000261248
0.49935 0.50065 0.000272048 0.000272048
0.49902 0.50098 0.000258808 0.000258808
0.49974 0.50026 0.000238174 0.000238174
0.49922 0.50078 0.000219951 0.000219951
0.49884 0.50116 0.000217126 0.000217126
0.49843 0.50157 0.000228005 0.000228005
0.49844 0.50156 0.000237522 0.000237522
0.49829 0.50171 0.000222955 0.000222955
0.49876 0.50124 0.000234225 0.000234225
0.49839 0.50161 0.000221937 0.000221937
0.49809 0.50191 0.000203901 0.000203901
0.49785 0.50215 0.000232129 0.000232129
0.49752 0.50248 0.000252495 0.000252495
0.49764 0.50236 0.000253263 0.000253263
0.49778 0.50222 0.000274153 0.000274153
0.49804 0.50196 0.000269332 0.000269332
0.49826 0.50174 0.000251649 0.000251649
0.49809 0.50191 0.000256992 0.000256992
0.49761 0.50239 0.000254584 0.000254584
0.49774 0.50226 0.000284538 0.000284538
0.4982 0.5018 0.000279758 0.000279758
0.49802 0.50198 0.000278282 0.000278282
0.49816 0.50184 0.000290257 0.000290257
0.49859 0.50141 0.000279618 0.000279618
0.49852 0.50148 0.000282737 0.000282737
0.49837 0.50163 0.000284256 0.000284256
0.49875 0.50125 0.000272896 0.000272896
0.49948 0.50052 0.00026502 0.00026502
0.50002 0.49998 0.000266828 0.000266828
0.50007 0.49993 0.000269056 0.000269056
0.49966 0.50034 0.000236388 0.000236388
0.49928 0.50072 0.000232486 0.000232486
0.49932 0.50068 0.000225291 0.000225291
0.49891 0.50109 0.000228608 0.000228608
0.49899 0.50101 0.00023104 0.00023104
0.49943 0.50057 0.000232268 0.000232268
0.50001 0.49999 0.00023698 0.00023698
0.49966 0.50034 0.000223621 0.000223621
0.4992 0.5008 0.000197394 0.000197394
0.49984 0.50016 0.000216055 0.000216055
0.49938 0.50062 0.000244299 0.000244299
0.49963 0.50037 0.000214761 0.000214761
0.49961 0.50039 0.000203069 0.000203069
0.49897 0.50103 0.000229039 0.000229039
0.49861 0.50139 0.000214907 0.000214907
0.49914 0.50086 0.000222485 0.000222485
0.499 0.501 0.000236121 0.000236121
0.49807 0.50193 0.000233965 0.000233965
0.4986 0.5014 0.00021196 0.00021196
0.49879 0.50121 0.000216026 0.000216026
0.49928 0.50072 0.000235214 0.000235214
0.49947 0.50053 0.000222878 0.000222878
0.50015 0.49985 0.000234735 0.000234735
0.50045 0.49955 0.000210795 0.000210795
0.50053 0.49947 0.000211181 0.000211181
0.50076 0.49924 0.000216669 0.000216669
0.50059 0.49941 0.000216608 0.000216608
0.50089 0.49911 0.000208725 0.000208725
0.501 0.499 0.000222162 0.000222162
0.50063 0.49937 0.000221084 0.000221084
0.50132 0.49868 0.00020323 0.00020323
0.50141 0.49859 0.00020584 0.00020584
0.50087 0.49913 0.000216276 0.000216276
0.50057 0.49943 0.000233237 0.000233237
0.5006 0.4994 0.000226768 0.000226768
0.50024 0.49976 0.000239457 0.000239457
0.50013 0.49987 0.00025367 0.00025367
0.49997 0.50003 0.000270878 0.000270878
0.50006 0.49994 0.000248905 0.000248905
0.49998 0.50002 0.000256343 0.000256343
0.49994 0.50006 0.000257996 0.000257996
0.49987 0.50013 0.000266821 0.000266821
0.49974 0.50026 0.000248497 0.000248497
0.49968 0.50032 0.00026428 0.00026428
0.4997 0.5003 0.000269788 0.000269788
0.50018 0.49982 0.000272129 0.000272129
0.50032 0.49968 0.000289796 0.000289796
0.50062 0.49938 0.000307632 0.000307632
0.50061 0.49939 0.000301957 0.000301957
0.50044 0.49956 0.000286006 0.000286006
0.50037 0.49963 0.000261044 0.000261044
0.5003 0.4997 0.000255283 0.000255283
0.49997 0.50003 0.00023811 0.00023811
0.49983 0.50017 0.000253496 0.000253496
0.49966 0.50034 0.000243924 0.000243924
0.50003 0.49997 0.000221807 0.000221807
0.5002 0.4998 0.000225535 0.000225535
0.50042 0.49958 0.000239297 0.000239297
0.50054 0.49946 0.000232211 0.000232211
0.50089 0.49911 0.000235917 0.000235917
0.50116 0.49884 0.000269449 0.000269449
0.50105 0.49895 0.000261361 0.000261361
0.50041 0.49959 0.000274345 0.000274345
0.50064 0.49936 0.00027193 0.00027193
0.50035 0.49965 0.000275503 0.000275503
0.49916 0.50084 0.000275287 0.000275287
0.49848 0.50152 0.000258333 0.000258333
0.49841 0.50159 0.000231436 0.000231436
0.49861 0.50139 0.000244523 0.000244523
0.4987 0.5013 0.000238818 0.000238818
0.49873 0.50127 0.00022832 0.00022832
0.49949 0.50051 0.00022999 0.00022999
0.49915 0.50085 0.000231078 0.000231078
0.49949 0.50051 0.000217545 0.000217545
0.49973 0.50027 0.000216825 0.000216825
0.49953 0.50047 0.000223686 0.000223686
0.5 0.5 0.000224343 0.000224343
0.50049 0.49951 0.000220394 0.000220394
0.50037 0.49963 0.000250357 0.000250357
0.5017 0.4983 0.000258414 0.000258414
0.50183 0.49817 0.000262425 0.000262425
0.50126 0.49874 0.000273366 0.000273366
0.50114 0.49886 0.000272687 0.000272687
0.50113 0.49887 0.000264276 0.000264276
0.50158 0.49842 0.000259377 0.000259377
0.50156 0.49844 0.000243219 0.000243219
0.50129 0.49871 0.000233784 0.000233784
0.5015 0.4985 0.000237566 0.000237566
0.50122 0.49878 0.00022284 0.00022284
0.5009 0.4991 0.000222152 0.000222152
0.5009 0.4991 0.000209121 0.000209121
0.5006 0.4994 0.000217394 0.000217394
0.50072 0.49928 0.000254547 0.000254547
0.50045 0.49955 0.000262836 0.000262836
0.50004 0.49996 0.000265493 0.000265493
0.50018 0.49982 0.000261987 0.000261987
0.49939 0.50061 0.000242725 0.000242725
0.49886 0.50114 0.000239596 0.000239596
0.49876 0.50124 0.000241073 0.000241073
0.49912 0.50088 0.000239884 0.000239884
0.49918 0.50082 0.000253119 0.000253119
0.4994 0.5006 0.000218687 0.000218687
0.49962 0.50038 0.000209672 0.000209672
0.49942 0.50058 0.000206226 0.000206226
0.49947 0.50053 0.000188454 0.000188454
0.49933 0.50067 0.00021093 0.00021093
0.50022 0.49978 0.000235608 0.000235608
0.50029 0.49971 0.000245319 0.000245319
0.50051 0.49949 0.000233384 0.000233384
0.50049 0.49951 0.000219586 0.000219586
0.50058 0.49942 0.000236509 0.000236509
0.50049 0.49951 0.000252454 0.000252454
0.49994 0.50006 0.000248198 0.000248198
0.50061 0.49939 0.000233028 0.000233028
