0.50009 0.49991 2.99182e-06 2.99182e-06
0.50015 0.49985 4.2904e-06 4.2904e-06
0.50037 0.49963 6.94253e-06 6.94253e-06
0.50052 0.49948 7.58545e-06 7.58545e-06
0.50034 0.49966 1.06307e-05 1.06307e-05
0.50017 0.49983 1.38395e-05 1.38395e-05
0.50004 0.49996 1.59782e-05 1.59782e-05
0.50033 0.49967 1.79809e-05 1.79809e-05
0.50039 0.49961 2.11898e-05 2.11898e-05
0.50035 0.49965 2.21086e-05 2.21086e-05
0.50042 0.49958 2.55188e-05 2.55188e-05
0.50036 0.49964 2.8556e-05 2.8556e-05
0.50018 0.49982 3.11794e-05 3.11794e-05
0.50013 0.49987 3.42355e-05 3.42355e-05
0.50002 0.49998 3.40804e-05 3.40804e-05
0.50003 0.49997 3.54031e-05 3.54031e-05
0.50017 0.49983 3.65264e-05 3.65264e-05
0.49996 0.50004 3.8059e-05 3.8059e-05
0.49992 0.50008 4.13875e-05 4.13875e-05
0.50018 0.49982 4.21289e-05 4.21289e-05
0.50018 0.49982 4.62703e-05 4.62703e-05
0.50023 0.49977 4.65829e-05 4.65829e-05
0.50034 0.49966 4.83277e-05 4.83277e-05
0.50014 0.49986 4.86671e-05 4.86671e-05
0.50021 0.49979 4.91979e-05 4.91979e-05
0.49997 0.50003 5.27971e-05 5.27971e-05
0.49993 0.50007 5.40052e-05 5.40052e-05
0.50012 0.49988 5.20663e-05 5.20663e-05
0.50006 0.49994 5.52691e-05 5.52691e-05
0.50029 0.49971 5.41272e-05 5.41272e-05
0.50047 0.49953 5.68981e-05 5.68981e-05
0.50046 0.49954 5.7362e-05 5.7362e-05
0.50046 0.49954 5.95842e-05 5.95842e-05
0.50045 0.49955 6.02904e-05 6.02904e-05
0.50025 0.49975 6.13813e-05 6.13813e-05
0.50025 0.49975 6.16035e-05 6.16035e-05
0.50024 0.49976 6.25883e-05 6.25883e-05
0.50036 0.49964 6.21317e-05 6.21317e-05
0.50042 0.49958 6.2044e-05 6.2044e-05
0.5004 0.4996 5.97172e-05 5.97172e-05
0.50043 0.49957 6.0288e-05 6.0288e-05
0.50034 0.49966 6.04691e-05 6.04691e-05
0.50033 0.49967 6.00819e-05 6.00819e-05
0.5005 0.4995 6.10808e-05 6.10808e-05
0.50047 0.49953 6.17264e-05 6.17264e-05
0.50047 0.49953 6.3888e-05 6.3888e-05
0.50049 0.49951 6.41312e-05 6.41312e-05
0.5006 0.4994 6.35354e-05 6.35354e-05
0.50064 0.49936 6.23539e-05 6.23539e-05
0.50068 0.49932 6.19774e-05 6.19774e-05
0.50078 0.49922 6.17087e-05 6.17087e-05
0.5007 0.4993 6.3e-05 6.3e-05
0.5007 0.4993 6.33838e-05 6.33838e-05
0.50068 0.49932 6.43006e-05 6.43006e-05
0.50069 0.49931 6.5206e-05 6.5206e-05
0.50071 0.49929 6.37029e-05 6.37029e-05
0.50071 0.49929 6.31171e-05 6.31171e-05
0.50062 0.49938 6.29855e-05 6.29855e-05
0.50067 0.49933 6.14153e-05 6.14153e-05
0.50068 0.49932 6.20582e-05 6.20582e-05
0.50067 0.49933 6.27082e-05 6.27082e-05
0.50064 0.49936 6.28994e-05 6.28994e-05
0.50065 0.49935 6.29571e-05 6.29571e-05
0.5007 0.4993 6.23131e-05 6.23131e-05
0.50072 0.49928 6.27289e-05 6.27289e-05
0.50069 0.49931 6.26605e-05 6.26605e-05
0.50069 0.49931 6.33272e-05 6.33272e-05
0.50069 0.49931 6.29635e-05 6.29635e-05
0.50067 0.49933 6.28294e-05 6.28294e-05
0.5006 0.4994 6.33131e-05 6.33131e-05
0.50064 0.49936 6.37681e-05 6.37681e-05
0.50063 0.49937 6.45991e-05 6.45991e-05
0.50061 0.49939 6.51494e-05 6.51494e-05
0.50066 0.49934 6.49539e-05 6.49539e-05
0.50066 0.49934 6.39842e-05 6.39842e-05
0.50061 0.49939 6.37757e-05 6.37757e-05
0.50063 0.49937 6.30637e-05 6.30637e-05
0.50058 0.49942 6.25289e-05 6.25289e-05
0.50061 0.49939 6.37555e-05 6.37555e-05
0.50061 0.49939 6.35736e-05 6.35736e-05
0.50063 0.49937 6.31849e-05 6.31849e-05
0.50063 0.49937 6.3993e-05 6.3993e-05
0.50061 0.49939 6.44827e-05 6.44827e-05
0.5006 0.4994 6.48283e-05 6.48283e-05
0.50054 0.49946 6.56246e-05 6.56246e-05
0.50054 0.49946 6.57257e-05 6.57257e-05
0.50054 0.49946 6.61499e-05 6.61499e-05
0.50054 0.49946 6.67762e-05 6.67762e-05
0.50049 0.49951 6.6414e-05 6.6414e-05
0.50051 0.49949 6.69595e-05 6.69595e-05
0.50053 0.49947 6.64132e-05 6.64132e-05
0.50056 0.49944 6.61681e-05 6.61681e-05
0.50057 0.49943 6.57627e-05 6.57627e-05
0.50055 0.49945 6.56843e-05 6.56843e-05
0.50056 0.49944 6.53196e-05 6.53196e-05
0.50059 0.49941 6.56181e-05 6.56181e-05
0.5006 0.4994 6.55758e-05 6.55758e-05
0.50065 0.49935 6.50581e-05 6.50581e-05
0.50062 0.49938 6.52077e-05 6.52077e-05
0.50058 0.49942 6.56198e-05 6.56198e-05
0.50058 0.49942 6.52764e-05 6.52764e-05
0.50055 0.49945 6.57247e-05 6.57247e-05
0.50057 0.49943 6.57223e-05 6.57223e-05
0.50055 0.49945 6.6149e-05 6.6149e-05
0.50056 0.49944 6.5259e-05 6.5259e-05
0.50054 0.49946 6.4958e-05 6.4958e-05
0.5005 0.4995 6.52222e-05 6.52222e-05
0.5005 0.4995 6.53232e-05 6.53232e-05
0.50051 0.49949 6.52827e-05 6.52827e-05
0.50051 0.49949 6.53231e-05 6.53231e-05
0.50052 0.49948 6.57269e-05 6.57269e-05
0.50052 0.49948 6.58279e-05 6.58279e-05
0.50048 0.49952 6.64743e-05 6.64743e-05
0.50043 0.49957 6.65708e-05 6.65708e-05
0.50043 0.49957 6.64294e-05 6.64294e-05
0.50044 0.49956 6.63701e-05 6.63701e-05
0.50046 0.49954 6.62509e-05 6.62509e-05
0.50043 0.49957 6.65506e-05 6.65506e-05
0.50044 0.49956 6.63701e-05 6.63701e-05
0.50043 0.49957 6.62678e-05 6.62678e-05
0.50042 0.49958 6.56602e-05 6.56602e-05
0.50044 0.49956 6.59055e-05 6.59055e-05
0.50041 0.49959 6.59615e-05 6.59615e-05
0.50041 0.49959 6.60221e-05 6.60221e-05
0.50043 0.49957 6.69951e-05 6.69951e-05
0.50042 0.49958 6.69531e-05 6.69531e-05
0.50041 0.49959 6.74969e-05 6.74969e-05
0.50041 0.49959 6.7214e-05 6.7214e-05
0.50042 0.49958 6.73774e-05 6.73774e-05
0.50042 0.49958 6.7539e-05 6.7539e-05
0.50046 0.49954 6.75842e-05 6.75842e-05
0.50044 0.49956 6.79863e-05 6.79863e-05
0.50046 0.49954 6.79681e-05 6.79681e-05
0.50047 0.49953 6.80092e-05 6.80092e-05
0.50049 0.49951 6.81514e-05 6.81514e-05
0.50047 0.49953 6.81304e-05 6.81304e-05
0.50047 0.49953 6.79284e-05 6.79284e-05
0.50048 0.49952 6.78279e-05 6.78279e-05
0.50048 0.49952 6.81107e-05 6.81107e-05
0.50048 0.49952 6.81107e-05 6.81107e-05
0.50049 0.49951 6.80908e-05 6.80908e-05
0.50048 0.49952 6.81107e-05 6.81107e-05
0.50049 0.49951 6.81716e-05 6.81716e-05
0.50049 0.49951 6.85555e-05 6.85555e-05
0.50046 0.49954 6.84327e-05 6.84327e-05
0.50043 0.49957 6.8389e-05 6.8389e-05
0.50045 0.49955 6.85126e-05 6.85126e-05
0.50042 0.49958 6.89935e-05 6.89935e-05
0.50041 0.49959 6.9113e-05 6.9113e-05
0.5004 0.4996 6.90707e-05 6.90707e-05
0.50039 0.49961 6.89474e-05 6.89474e-05
0.50039 0.49961 6.921e-05 6.921e-05
0.50039 0.49961 6.921e-05 6.921e-05
0.5004 0.4996 6.92323e-05 6.92323e-05
0.5004 0.4996 6.92323e-05 6.92323e-05
0.5004 0.4996 6.93939e-05 6.93939e-05
0.50041 0.49959 6.97393e-05 6.97393e-05
0.5004 0.4996 6.9596e-05 6.9596e-05
0.5004 0.4996 6.9596e-05 6.9596e-05
0.5004 0.4996 6.97576e-05 6.97576e-05
0.50041 0.49959 6.96383e-05 6.96383e-05
0.50041 0.49959 6.96383e-05 6.96383e-05
0.50042 0.49958 6.91754e-05 6.91754e-05
0.50042 0.49958 6.88521e-05 6.88521e-05
0.50041 0.49959 6.88302e-05 6.88302e-05
0.50039 0.49961 6.86241e-05 6.86241e-05
0.5004 0.4996 6.85455e-05 6.85455e-05
0.5004 0.4996 6.85455e-05 6.85455e-05
0.50038 0.49962 6.87026e-05 6.87026e-05
0.50038 0.49962 6.90259e-05 6.90259e-05
0.50036 0.49964 6.89398e-05 6.89398e-05
0.50037 0.49963 6.91445e-05 6.91445e-05
0.50037 0.49963 6.91445e-05 6.91445e-05
0.50037 0.49963 6.91445e-05 6.91445e-05
0.50037 0.49963 6.91445e-05 6.91445e-05
0.50036 0.49964 6.94448e-05 6.94448e-05
0.50035 0.49965 6.95227e-05 6.95227e-05
0.50034 0.49966 6.96812e-05 6.96812e-05
0.50034 0.49966 6.98226e-05 6.98226e-05
0.50035 0.49965 7.02904e-05 7.02904e-05
0.50035 0.49965 7.02904e-05 7.02904e-05
0.50035 0.49965 7.02904e-05 7.02904e-05
0.50033 0.49967 7.00415e-05 7.00415e-05
0.50034 0.49966 7.01459e-05 7.01459e-05
0.50034 0.49966 7.01459e-05 7.01459e-05
0.50035 0.49965 7.01288e-05 7.01288e-05
0.50035 0.49965 7.01288e-05 7.01288e-05
0.50036 0.49964 7.00913e-05 7.00913e-05
0.50032 0.49968 6.95733e-05 6.95733e-05
0.50033 0.49967 6.95971e-05 6.95971e-05
0.50033 0.49967 6.95971e-05 6.95971e-05
0.50032 0.49968 6.95127e-05 6.95127e-05
0.50032 0.49968 6.95127e-05 6.95127e-05
0.5003 0.4997 6.97273e-05 6.97273e-05
0.5003 0.4997 6.97273e-05 6.97273e-05
0.50029 0.49971 7.01272e-05 7.01272e-05
0.5003 0.4997 7.00505e-05 7.00505e-05
0.50031 0.49969 6.9913e-05 6.9913e-05
0.50031 0.49969 6.9913e-05 6.9913e-05
0.50031 0.49969 6.9913e-05 6.9913e-05
0.50031 0.49969 6.9913e-05 6.9913e-05
0.50032 0.49968 6.9937e-05 6.9937e-05
0.50032 0.49968 6.9937e-05 6.9937e-05
0.50033 0.49967 6.99809e-05 6.99809e-05
0.50033 0.49967 6.99809e-05 6.99809e-05
0.50033 0.49967 6.99809e-05 6.99809e-05
0.50034 0.49966 6.9964e-05 6.9964e-05
0.50035 0.49965 6.99672e-05 6.99672e-05
0.50036 0.49964 7.00913e-05 7.00913e-05
0.50034 0.49966 7.01055e-05 7.01055e-05
0.50033 0.49967 7.01627e-05 7.01627e-05
0.50033 0.49967 7.01627e-05 7.01627e-05
0.50033 0.49967 7.01627e-05 7.01627e-05
0.50033 0.49967 7.01627e-05 7.01627e-05
0.50035 0.49965 7.03712e-05 7.03712e-05
0.50034 0.49966 7.05701e-05 7.05701e-05
0.50034 0.49966 7.05701e-05 7.05701e-05
0.50034 0.49966 7.05701e-05 7.05701e-05
0.50034 0.49966 7.05701e-05 7.05701e-05
0.50034 0.49966 7.05701e-05 7.05701e-05
0.50034 0.49966 7.05701e-05 7.05701e-05
0.50033 0.49967 7.03243e-05 7.03243e-05
0.50033 0.49967 7.03243e-05 7.03243e-05
0.50033 0.49967 7.03243e-05 7.03243e-05
0.50033 0.49967 7.03243e-05 7.03243e-05
0.50033 0.49967 7.03243e-05 7.03243e-05
0.50033 0.49967 7.03243e-05 7.03243e-05
0.50034 0.49966 6.98832e-05 6.98832e-05
0.50034 0.49966 6.98832e-05 6.98832e-05
0.50034 0.49966 6.98832e-05 6.98832e-05
0.50035 0.49965 7.00076e-05 7.00076e-05
0.50036 0.49964 6.97883e-05 6.97883e-05
0.50036 0.49964 6.97883e-05 6.97883e-05
0.50036 0.49964 6.97883e-05 6.97883e-05
0.50036 0.49964 6.97883e-05 6.97883e-05
0.50035 0.49965 6.96641e-05 6.96641e-05
0.50035 0.49965 6.96641e-05 6.96641e-05
0.50037 0.49963 6.96092e-05 6.96092e-05
0.50036 0.49964 7.00105e-05 7.00105e-05
0.50036 0.49964 7.00105e-05 7.00105e-05
0.50037 0.49963 7.02759e-05 7.02759e-05
0.50037 0.49963 7.02759e-05 7.02759e-05
0.50038 0.49962 7.02178e-05 7.02178e-05
0.50038 0.49962 7.02178e-05 7.02178e-05
0.50039 0.49961 7.00989e-05 7.00989e-05
0.50039 0.49961 7.00989e-05 7.00989e-05
0.50039 0.49961 7.00989e-05 7.00989e-05
0.50038 0.49962 6.99754e-05 6.99754e-05
0.50039 0.49961 6.99373e-05 6.99373e-05
0.50039 0.49961 6.99373e-05 6.99373e-05
0.50039 0.49961 6.99373e-05 6.99373e-05
0.50039 0.49961 6.99373e-05 6.99373e-05
0.50039 0.49961 6.99373e-05 6.99373e-05
0.50038 0.49962 7.00966e-05 7.00966e-05
0.50038 0.49962 7.00966e-05 7.00966e-05
0.50038 0.49962 7.00966e-05 7.00966e-05
0.50038 0.49962 7.00966e-05 7.00966e-05
0.50038 0.49962 7.00966e-05 7.00966e-05
0.50038 0.49962 7.00966e-05 7.00966e-05
0.50038 0.49962 7.00966e-05 7.00966e-05
0.50038 0.49962 7.00966e-05 7.00966e-05
0.50037 0.49963 7.02355e-05 7.02355e-05
0.50037 0.49963 7.02355e-05 7.02355e-05
0.50037 0.49963 7.02355e-05 7.02355e-05
0.50036 0.49964 7.00711e-05 7.00711e-05
0.50035 0.49965 6.99672e-05 6.99672e-05
0.50035 0.49965 6.99672e-05 6.99672e-05
0.50035 0.49965 6.99672e-05 6.99672e-05
0.50035 0.49965 6.99672e-05 6.99672e-05
0.50035 0.49965 6.99672e-05 6.99672e-05
0.50035 0.49965 6.99672e-05 6.99672e-05
0.50034 0.49966 7.00853e-05 7.00853e-05
0.50036 0.49964 7.05964e-05 7.05964e-05
0.50036 0.49964 7.05964e-05 7.05964e-05
0.50036 0.49964 7.05964e-05 7.05964e-05
0.50036 0.49964 7.05964e-05 7.05964e-05
0.50036 0.49964 7.05964e-05 7.05964e-05
0.50036 0.49964 7.05964e-05 7.05964e-05
0.50036 0.49964 7.05964e-05 7.05964e-05
0.50036 0.49964 7.05964e-05 7.05964e-05
0.50036 0.49964 7.05964e-05 7.05964e-05
0.50036 0.49964 7.05964e-05 7.05964e-05
0.50036 0.49964 7.05964e-05 7.05964e-05
0.50036 0.49964 7.05964e-05 7.05964e-05
0.50036 0.49964 7.05964e-05 7.05964e-05
0.50036 0.49964 7.05964e-05 7.05964e-05
0.50036 0.49964 7.05964e-05 7.05964e-05
0.50037 0.49963 7.07001e-05 7.07001e-05
0.50036 0.49964 7.05762e-05 7.05762e-05
0.50036 0.49964 7.05762e-05 7.05762e-05
0.50036 0.49964 7.05762e-05 7.05762e-05
0.50036 0.49964 7.05762e-05 7.05762e-05
0.50036 0.49964 7.05762e-05 7.05762e-05
0.50036 0.49964 7.05762e-05 7.05762e-05
0.50036 0.49964 7.05762e-05 7.05762e-05
0.50036 0.49964 7.05762e-05 7.05762e-05
0.50036 0.49964 7.05762e-05 7.05762e-05
0.50036 0.49964 7.05762e-05 7.05762e-05
0.50036 0.49964 7.05762e-05 7.05762e-05
0.50036 0.49964 7.05762e-05 7.05762e-05
0.50036 0.49964 7.05762e-05 7.05762e-05
0.50036 0.49964 7.05762e-05 7.05762e-05
0.50036 0.49964 7.05762e-05 7.05762e-05
0.50036 0.49964 7.05762e-05 7.05762e-05
0.50035 0.49965 7.0553e-05 7.0553e-05
0.50034 0.49966 7.09943e-05 7.09943e-05
0.50034 0.49966 7.09741e-05 7.09741e-05
0.50034 0.49966 7.09741e-05 7.09741e-05
0.50034 0.49966 7.09741e-05 7.09741e-05
0.50033 0.49967 7.07486e-05 7.07486e-05
0.50034 0.49966 7.04489e-05 7.04489e-05
0.50035 0.49965 7.04722e-05 7.04722e-05
0.50035 0.49965 7.04722e-05 7.04722e-05
0.50035 0.49965 7.04722e-05 7.04722e-05
0.50035 0.49965 7.04722e-05 7.04722e-05
0.50035 0.49965 7.04722e-05 7.04722e-05
0.50035 0.49965 7.04722e-05 7.04722e-05
0.50035 0.49965 7.04722e-05 7.04722e-05
0.50035 0.49965 7.04722e-05 7.04722e-05
0.50035 0.49965 7.04722e-05 7.04722e-05
0.50035 0.49965 7.04722e-05 7.04722e-05
0.50035 0.49965 7.04722e-05 7.04722e-05
0.50035 0.49965 7.04722e-05 7.04722e-05
0.50035 0.49965 7.04722e-05 7.04722e-05
0.50035 0.49965 7.04722e-05 7.04722e-05
0.50035 0.49965 7.04722e-05 7.04722e-05
0.50034 0.49966 7.05903e-05 7.05903e-05
0.50034 0.49966 7.05903e-05 7.05903e-05
0.50033 0.49967 7.0587e-05 7.0587e-05
0.50033 0.49967 7.0587e-05 7.0587e-05
0.50033 0.49967 7.0587e-05 7.0587e-05
0.50032 0.49968 7.0543e-05 7.0543e-05
0.50032 0.49968 7.0543e-05 7.0543e-05
0.50032 0.49968 7.0543e-05 7.0543e-05
0.50032 0.49968 7.0543e-05 7.0543e-05
0.50032 0.49968 7.0543e-05 7.0543e-05
0.50032 0.49968 7.0543e-05 7.0543e-05
0.50031 0.49969 7.04585e-05 7.04585e-05
0.50031 0.49969 7.04585e-05 7.04585e-05
0.50031 0.49969 7.04585e-05 7.04585e-05
0.50031 0.49969 7.04585e-05 7.04585e-05
0.5003 0.4997 7.09192e-05 7.09192e-05
0.5003 0.4997 7.09192e-05 7.09192e-05
0.5003 0.4997 7.09192e-05 7.09192e-05
0.5003 0.4997 7.09192e-05 7.09192e-05
0.5003 0.4997 7.09192e-05 7.09192e-05
0.5003 0.4997 7.09192e-05 7.09192e-05
0.5003 0.4997 7.09192e-05 7.09192e-05
0.5003 0.4997 7.09192e-05 7.09192e-05
0.5003 0.4997 7.09192e-05 7.09192e-05
0.5003 0.4997 7.09192e-05 7.09192e-05
0.5003 0.4997 7.09192e-05 7.09192e-05
0.5003 0.4997 7.09192e-05 7.09192e-05
0.5003 0.4997 7.09192e-05 7.09192e-05
0.5003 0.4997 7.09192e-05 7.09192e-05
0.50031 0.49969 7.10443e-05 7.10443e-05
0.50031 0.49969 7.10443e-05 7.10443e-05
0.5003 0.4997 7.1202e-05 7.1202e-05
0.5003 0.4997 7.1202e-05 7.1202e-05
0.5003 0.4997 7.1202e-05 7.1202e-05
0.50029 0.49971 7.11979e-05 7.11979e-05
0.50029 0.49971 7.11979e-05 7.11979e-05
0.50029 0.49971 7.11979e-05 7.11979e-05
0.50029 0.49971 7.11979e-05 7.11979e-05
0.50029 0.49971 7.11979e-05 7.11979e-05
0.50029 0.49971 7.11979e-05 7.11979e-05
0.50029 0.49971 7.11979e-05 7.11979e-05
0.50029 0.49971 7.11979e-05 7.11979e-05
0.50029 0.49971 7.11979e-05 7.11979e-05
0.50029 0.49971 7.11979e-05 7.11979e-05
0.50029 0.49971 7.11979e-05 7.11979e-05
0.50029 0.49971 7.11979e-05 7.11979e-05
0.50029 0.49971 7.11979e-05 7.11979e-05
0.50028 0.49972 7.15168e-05 7.15168e-05
0.50028 0.49972 7.15168e-05 7.15168e-05
0.50028 0.49972 7.15168e-05 7.15168e-05
0.50028 0.49972 7.15168e-05 7.15168e-05
0.50028 0.49972 7.15168e-05 7.15168e-05
0.50028 0.49972 7.15168e-05 7.15168e-05
0.50028 0.49972 7.15168e-05 7.15168e-05
0.50028 0.49972 7.15168e-05 7.15168e-05
0.50028 0.49972 7.15168e-05 7.15168e-05
0.50028 0.49972 7.15168e-05 7.15168e-05
0.50028 0.49972 7.15168e-05 7.15168e-05
0.50028 0.49972 7.15168e-05 7.15168e-05
0.50028 0.49972 7.15168e-05 7.15168e-05
0.50028 0.49972 7.15168e-05 7.15168e-05
0.50028 0.49972 7.15168e-05 7.15168e-05
0.50028 0.49972 7.15168e-05 7.15168e-05
0.50028 0.49972 7.15168e-05 7.15168e-05
0.50027 0.49973 7.16738e-05 7.16738e-05
0.50027 0.49973 7.16738e-05 7.16738e-05
0.50027 0.49973 7.16738e-05 7.16738e-05
0.50027 0.49973 7.16738e-05 7.16738e-05
0.50028 0.49972 7.17592e-05 7.17592e-05
0.50028 0.49972 7.17592e-05 7.17592e-05
0.50028 0.49972 7.17592e-05 7.17592e-05
0.50028 0.49972 7.17592e-05 7.17592e-05
0.50027 0.49973 7.16738e-05 7.16738e-05
0.50027 0.49973 7.16738e-05 7.16738e-05
0.50027 0.49973 7.16738e-05 7.16738e-05
0.50027 0.49973 7.16738e-05 7.16738e-05
0.50027 0.49973 7.16738e-05 7.16738e-05
0.50027 0.49973 7.16738e-05 7.16738e-05
0.50027 0.49973 7.16738e-05 7.16738e-05
0.50027 0.49973 7.16738e-05 7.16738e-05
0.50027 0.49973 7.16738e-05 7.16738e-05
0.50026 0.49974 7.18105e-05 7.18105e-05
0.50026 0.49974 7.18105e-05 7.18105e-05
0.50025 0.49975 7.18056e-05 7.18056e-05
0.50025 0.49975 7.18056e-05 7.18056e-05
0.50024 0.49976 7.16388e-05 7.16388e-05
0.50024 0.49976 7.16388e-05 7.16388e-05
0.50024 0.49976 7.16388e-05 7.16388e-05
0.50024 0.49976 7.16388e-05 7.16388e-05
0.50024 0.49976 7.16388e-05 7.16388e-05
0.50024 0.49976 7.16388e-05 7.16388e-05
0.50024 0.49976 7.16388e-05 7.16388e-05
0.50024 0.49976 7.16388e-05 7.16388e-05
0.50024 0.49976 7.16388e-05 7.16388e-05
0.50024 0.49976 7.16388e-05 7.16388e-05
0.50024 0.49976 7.16388e-05 7.16388e-05
0.50024 0.49976 7.16388e-05 7.16388e-05
0.50024 0.49976 7.16388e-05 7.16388e-05
0.50024 0.49976 7.16388e-05 7.16388e-05
0.50024 0.49976 7.16388e-05 7.16388e-05
0.50024 0.49976 7.16388e-05 7.16388e-05
0.50024 0.49976 7.16388e-05 7.16388e-05
0.50024 0.49976 7.16388e-05 7.16388e-05
0.50024 0.49976 7.16388e-05 7.16388e-05
0.50024 0.49976 7.16388e-05 7.16388e-05
0.50024 0.49976 7.16388e-05 7.16388e-05
0.50024 0.49976 7.16388e-05 7.16388e-05
0.50024 0.49976 7.16388e-05 7.16388e-05
0.50024 0.49976 7.16388e-05 7.16388e-05
0.50024 0.49976 7.16388e-05 7.16388e-05
0.50024 0.49976 7.16388e-05 7.16388e-05
0.50024 0.49976 7.16388e-05 7.16388e-05
0.50024 0.49976 7.16388e-05 7.16388e-05
0.50024 0.49976 7.16388e-05 7.16388e-05
0.50024 0.49976 7.16388e-05 7.16388e-05
0.50024 0.49976 7.16388e-05 7.16388e-05
0.50024 0.49976 7.16388e-05 7.16388e-05
0.50024 0.49976 7.16388e-05 7.16388e-05
0.50024 0.49976 7.16388e-05 7.16388e-05
0.50024 0.49976 7.16388e-05 7.16388e-05
0.50024 0.49976 7.16388e-05 7.16388e-05
0.50024 0.49976 7.16388e-05 7.16388e-05
0.50024 0.49976 7.16388e-05 7.16388e-05
0.50024 0.49976 7.16388e-05 7.16388e-05
0.50024 0.49976 7.16388e-05 7.16388e-05
0.50024 0.49976 7.16388e-05 7.16388e-05
0.50024 0.49976 7.16388e-05 7.16388e-05
0.50024 0.49976 7.16388e-05 7.16388e-05
0.50024 0.49976 7.16388e-05 7.16388e-05
0.50023 0.49977 7.15122e-05 7.15122e-05
0.50023 0.49977 7.15122e-05 7.15122e-05
0.50023 0.49977 7.15122e-05 7.15122e-05
0.50023 0.49977 7.15122e-05 7.15122e-05
0.50023 0.49977 7.15122e-05 7.15122e-05
0.50023 0.49977 7.15122e-05 7.15122e-05
0.50023 0.49977 7.15122e-05 7.15122e-05
0.50023 0.49977 7.15122e-05 7.15122e-05
0.50023 0.49977 7.15122e-05 7.15122e-05
0.50023 0.49977 7.15122e-05 7.15122e-05
0.50023 0.49977 7.15122e-05 7.15122e-05
0.50023 0.49977 7.15122e-05 7.15122e-05
0.50023 0.49977 7.15122e-05 7.15122e-05
0.50023 0.49977 7.15122e-05 7.15122e-05
0.50023 0.49977 7.15122e-05 7.15122e-05
0.50023 0.49977 7.15122e-05 7.15122e-05
0.50023 0.49977 7.15122e-05 7.15122e-05
0.50023 0.49977 7.15122e-05 7.15122e-05
0.50023 0.49977 7.15122e-05 7.15122e-05
0.50023 0.49977 7.15122e-05 7.15122e-05
0.50023 0.49977 7.15122e-05 7.15122e-05
0.50023 0.49977 7.15122e-05 7.15122e-05
0.50023 0.49977 7.15122e-05 7.15122e-05
0.50023 0.49977 7.15122e-05 7.15122e-05
0.50023 0.49977 7.15122e-05 7.15122e-05
0.50023 0.49977 7.15122e-05 7.15122e-05
0.50023 0.49977 7.15122e-05 7.15122e-05
0.50023 0.49977 7.15122e-05 7.15122e-05
0.50023 0.49977 7.15122e-05 7.15122e-05
0.50023 0.49977 7.15122e-05 7.15122e-05
0.50023 0.49977 7.15122e-05 7.15122e-05
0.50023 0.49977 7.15122e-05 7.15122e-05
0.50023 0.49977 7.15122e-05 7.15122e-05
0.50023 0.49977 7.15122e-05 7.15122e-05
0.50023 0.49977 7.15122e-05 7.15122e-05
0.50023 0.49977 7.15122e-05 7.15122e-05
0.50023 0.49977 7.15122e-05 7.15122e-05
0.50023 0.49977 7.15122e-05 7.15122e-05
0.50023 0.49977 7.15122e-05 7.15122e-05
0.50023 0.49977 7.15122e-05 7.15122e-05
0.50023 0.49977 7.15122e-05 7.15122e-05
0.50023 0.49977 7.15122e-05 7.15122e-05
0.50023 0.49977 7.15122e-05 7.15122e-05
0.50023 0.49977 7.15122e-05 7.15122e-05
0.50023 0.49977 7.15122e-05 7.15122e-05
