0.55167 0.44833 0.0006699 0.0006699
0.5509 0.4491 0.000697202 0.000697202
0.5515 0.4485 0.000739505 0.000739505
0.55414 0.44586 0.000789859 0.000789859
0.55365 0.44635 0.000893583 0.000893583
0.55349 0.44651 0.00100066 0.00100066
0.55384 0.44616 0.00105842 0.00105842
0.55342 0.44658 0.00117348 0.00117348
0.55447 0.44553 0.00125031 0.00125031
0.5546 0.4454 0.00141158 0.00141158
0.5541 0.4459 0.00140841 0.00140841
0.55352 0.44648 0.00139676 0.00139676
0.5542 0.4458 0.00140968 0.00140968
0.55345 0.44655 0.00151886 0.00151886
0.55192 0.44808 0.00159721 0.00159721
0.55146 0.44854 0.00167793 0.00167793
0.55187 0.44813 0.00165005 0.00165005
0.5525 0.4475 0.0016386 0.0016386
0.552 0.448 0.00159048 0.00159048
0.55195 0.44805 0.00161459 0.00161459
0.55258 0.44742 0.00171724 0.00171724
0.55357 0.44643 0.00169825 0.00169825
0.55371 0.44629 0.00168031 0.00168031
0.55382 0.44618 0.00165488 0.00165488
0.55359 0.44641 0.00159798 0.00159798
0.5539 0.4461 0.00161961 0.00161961
0.55427 0.44573 0.00164341 0.00164341
0.55323 0.44677 0.00162836 0.00162836
0.5532 0.4468 0.00163952 0.00163952
0.5543 0.4457 0.0016273 0.0016273
0.55441 0.44559 0.00156132 0.00156132
0.55457 0.44543 0.00158429 0.00158429
0.55501 0.44499 0.00152043 0.00152043
0.55482 0.44518 0.00157166 0.00157166
0.55588 0.44412 0.00159964 0.00159964
0.55662 0.44338 0.00166798 0.00166798
0.55633 0.44367 0.00168782 0.00168782
0.55703 0.44297 0.00166389 0.00166389
0.55691 0.44309 0.00167334 0.00167334
0.55625 0.44375 0.00171213 0.00171213
0.55585 0.44415 0.00175494 0.00175494
0.55549 0.44451 0.00181989 0.00181989
0.55439 0.44561 0.00180929 0.00180929
0.5542 0.4458 0.00190339 0.00190339
0.55329 0.44671 0.00198986 0.00198986
0.55367 0.44633 0.00193255 0.00193255
0.55374 0.44626 0.00200797 0.00200797
0.55328 0.44672 0.00197422 0.00197422
0.55292 0.44708 0.00199183 0.00199183
0.55285 0.44715 0.00189053 0.00189053
0.55424 0.44576 0.00189734 0.00189734
0.55434 0.44566 0.00195285 0.00195285
0.55361 0.44639 0.00198167 0.00198167
0.553 0.447 0.00195131 0.00195131
0.5544 0.4456 0.00186485 0.00186485
0.55348 0.44652 0.00187466 0.00187466
0.55509 0.44491 0.001788 0.001788
0.55499 0.44501 0.00176245 0.00176245
0.55412 0.44588 0.0017774 0.0017774
0.55376 0.44624 0.0017839 0.0017839
0.55393 0.44607 0.00176776 0.00176776
0.55396 0.44604 0.00184636 0.00184636
0.5538 0.4462 0.00188067 0.00188067
0.55385 0.44615 0.00186851 0.00186851
0.55489 0.44511 0.00178646 0.00178646
0.55495 0.44505 0.00174643 0.00174643
0.5544 0.4456 0.00180119 0.00180119
0.55345 0.44655 0.00178766 0.00178766
0.55418 0.44582 0.00184979 0.00184979
0.55366 0.44634 0.00178217 0.00178217
0.55327 0.44673 0.00181478 0.00181478
0.55282 0.44718 0.00179968 0.00179968
0.55123 0.44877 0.0018161 0.0018161
0.55086 0.44914 0.001764 0.001764
0.55095 0.44905 0.00191409 0.00191409
0.55148 0.44852 0.00184243 0.00184243
0.55127 0.44873 0.00189414 0.00189414
0.55243 0.44757 0.00183493 0.00183493
0.5524 0.4476 0.00189772 0.00189772
0.5534 0.4466 0.00182463 0.00182463
0.55491 0.44509 0.00182352 0.00182352
0.55337 0.44663 0.00184813 0.00184813
0.5539 0.4461 0.00176551 0.00176551
0.5549 0.4451 0.0017672 0.0017672
0.55652 0.44348 0.00174948 0.00174948
0.55636 0.44364 0.00182128 0.00182128
0.55664 0.44336 0.00185231 0.00185231
0.55773 0.44227 0.00192006 0.00192006
0.55698 0.44302 0.00190699 0.00190699
0.55721 0.44279 0.00185318 0.00185318
0.55684 0.44316 0.00186658 0.00186658
0.55731 0.44269 0.00185195 0.00185195
0.55686 0.44314 0.00184374 0.00184374
0.55714 0.44286 0.00174695 0.00174695
0.55778 0.44222 0.00176076 0.00176076
0.55751 0.44249 0.00184591 0.00184591
0.55669 0.44331 0.00184044 0.00184044
0.55695 0.44305 0.0019729 0.0019729
0.55697 0.44303 0.00196041 0.00196041
0.55765 0.44235 0.00193686 0.00193686
0.55751 0.44249 0.00200183 0.00200183
0.55612 0.44388 0.00203831 0.00203831
0.55599 0.44401 0.00200623 0.00200623
0.55627 0.44373 0.00195497 0.00195497
0.55628 0.44372 0.00190063 0.00190063
0.55591 0.44409 0.00181006 0.00181006
0.55584 0.44416 0.00178664 0.00178664
0.55628 0.44372 0.00182394 0.00182394
0.55538 0.44462 0.00184793 0.00184793
0.55596 0.44404 0.0018866 0.0018866
0.55562 0.44438 0.00177818 0.00177818
0.5567 0.4433 0.00187276 0.00187276
0.55716 0.44284 0.00193577 0.00193577
0.55695 0.44305 0.00191334 0.00191334
0.556 0.444 0.0019358 0.0019358
0.55615 0.44385 0.00188916 0.00188916
0.55551 0.44449 0.00189791 0.00189791
0.55595 0.44405 0.00189063 0.00189063
0.55509 0.44491 0.00191849 0.00191849
0.55374 0.44626 0.00191973 0.00191973
0.5546 0.4454 0.00188378 0.00188378
0.55358 0.44642 0.00186758 0.00186758
0.55404 0.44596 0.00189733 0.00189733
0.55373 0.44627 0.00197268 0.00197268
0.55453 0.44547 0.00193037 0.00193037
0.55536 0.44464 0.00186963 0.00186963
0.55484 0.44516 0.0017987 0.0017987
0.55474 0.44526 0.00188324 0.00188324
0.55488 0.44512 0.0018519 0.0018519
0.55441 0.44559 0.00199816 0.00199816
0.5556 0.4444 0.00196131 0.00196131
0.55558 0.44442 0.00190992 0.00190992
0.55446 0.44554 0.00194732 0.00194732
0.55477 0.44523 0.00194408 0.00194408
0.55522 0.44478 0.0019046 0.0019046
0.55574 0.44426 0.00194343 0.00194343
0.5552 0.4448 0.00193598 0.00193598
0.55428 0.44572 0.00199386 0.00199386
0.55493 0.44507 0.00195732 0.00195732
0.55553 0.44447 0.0019734 0.0019734
0.55575 0.44425 0.00193712 0.00193712
0.55635 0.44365 0.00184643 0.00184643
0.55616 0.44384 0.00182048 0.00182048
0.55643 0.44357 0.00191407 0.00191407
0.55654 0.44346 0.00193712 0.00193712
0.55731 0.44269 0.00183789 0.00183789
0.55658 0.44342 0.00188734 0.00188734
0.55635 0.44365 0.00187286 0.00187286
0.55635 0.44365 0.00188617 0.00188617
0.55646 0.44354 0.00196819 0.00196819
0.55605 0.44395 0.00202368 0.00202368
0.55538 0.44462 0.00210793 0.00210793
0.55492 0.44508 0.00223886 0.00223886
0.55458 0.44542 0.0022138 0.0022138
0.55402 0.44598 0.00221628 0.00221628
0.55392 0.44608 0.00225185 0.00225185
0.55301 0.44699 0.00227502 0.00227502
0.5525 0.4475 0.00220478 0.00220478
0.55292 0.44708 0.00218228 0.00218228
0.55259 0.44741 0.00225544 0.00225544
0.55272 0.44728 0.00230338 0.00230338
0.55271 0.44729 0.00221492 0.00221492
0.55259 0.44741 0.00199897 0.00199897
0.55307 0.44693 0.00200667 0.00200667
0.55471 0.44529 0.00192599 0.00192599
0.55525 0.44475 0.00198538 0.00198538
0.55409 0.44591 0.001896 0.001896
0.55446 0.44554 0.00193722 0.00193722
0.55453 0.44547 0.00206781 0.00206781
0.55535 0.44465 0.00204851 0.00204851
0.55549 0.44451 0.00214542 0.00214542
0.55611 0.44389 0.00213034 0.00213034
0.55573 0.44427 0.00209632 0.00209632
0.55496 0.44504 0.00213161 0.00213161
0.55536 0.44464 0.00205886 0.00205886
0.55509 0.44491 0.00203374 0.00203374
0.55409 0.44591 0.00205273 0.00205273
0.55425 0.44575 0.00200005 0.00200005
0.55514 0.44486 0.00205644 0.00205644
0.55513 0.44487 0.00201401 0.00201401
0.55454 0.44546 0.0020867 0.0020867
0.55398 0.44602 0.00207804 0.00207804
0.55426 0.44574 0.00205793 0.00205793
0.5547 0.4453 0.00206437 0.00206437
0.55491 0.44509 0.00207568 0.00207568
0.5546 0.4454 0.00200032 0.00200032
0.55357 0.44643 0.00193229 0.00193229
0.55324 0.44676 0.00197307 0.00197307
0.55272 0.44728 0.00199113 0.00199113
0.55298 0.44702 0.0020341 0.0020341
0.55282 0.44718 0.00198427 0.00198427
0.55288 0.44712 0.002015 0.002015
0.55346 0.44654 0.00207229 0.00207229
0.55228 0.44772 0.00217063 0.00217063
0.55225 0.44775 0.00212809 0.00212809
0.55325 0.44675 0.00215425 0.00215425
0.55386 0.44614 0.00217828 0.00217828
0.55372 0.44628 0.00214297 0.00214297
0.55409 0.44591 0.0021482 0.0021482
0.55406 0.44594 0.00223531 0.00223531
0.55439 0.44561 0.00237539 0.00237539
0.55372 0.44628 0.00234338 0.00234338
0.55357 0.44643 0.0022959 0.0022959
0.55345 0.44655 0.00232902 0.00232902
0.55337 0.44663 0.00232339 0.00232339
0.55317 0.44683 0.00247018 0.00247018
0.5536 0.4464 0.00249937 0.00249937
0.55384 0.44616 0.00251597 0.00251597
0.55336 0.44664 0.00244645 0.00244645
0.55349 0.44651 0.00236769 0.00236769
0.55295 0.44705 0.00238033 0.00238033
0.55292 0.44708 0.0023911 0.0023911
0.5524 0.4476 0.00227501 0.00227501
0.55165 0.44835 0.0023611 0.0023611
0.55174 0.44826 0.00229868 0.00229868
0.55151 0.44849 0.00234553 0.00234553
0.55159 0.44841 0.00239204 0.00239204
0.55261 0.44739 0.00232707 0.00232707
0.55356 0.44644 0.00248296 0.00248296
0.55324 0.44676 0.00253986 0.00253986
0.55299 0.44701 0.0025768 0.0025768
0.55223 0.44777 0.00266331 0.00266331
0.55089 0.44911 0.00261489 0.00261489
0.55177 0.44823 0.00259131 0.00259131
0.55254 0.44746 0.00256556 0.00256556
0.55294 0.44706 0.00252604 0.00252604
0.55161 0.44839 0.00259095 0.00259095
0.55177 0.44823 0.00252198 0.00252198
0.55195 0.44805 0.00246637 0.00246637
0.55238 0.44762 0.00246149 0.00246149
0.55254 0.44746 0.00245417 0.00245417
0.55327 0.44673 0.00242921 0.00242921
0.55434 0.44566 0.00245665 0.00245665
0.55361 0.44639 0.00242852 0.00242852
0.55341 0.44659 0.00232449 0.00232449
0.55287 0.44713 0.00238009 0.00238009
0.55414 0.44586 0.00244824 0.00244824
0.5539 0.4461 0.00254587 0.00254587
0.55396 0.44604 0.0025046 0.0025046
0.55444 0.44556 0.00246922 0.00246922
0.55441 0.44559 0.00250665 0.00250665
0.55387 0.44613 0.00249244 0.00249244
0.55336 0.44664 0.00255696 0.00255696
0.55266 0.44734 0.00254669 0.00254669
0.55402 0.44598 0.00255289 0.00255289
0.55412 0.44588 0.00263643 0.00263643
0.55416 0.44584 0.00254434 0.00254434
0.55338 0.44662 0.00254434 0.00254434
0.55312 0.44688 0.00257285 0.00257285
0.55241 0.44759 0.00264998 0.00264998
0.55238 0.44762 0.00266876 0.00266876
0.55243 0.44757 0.00265526 0.00265526
0.55328 0.44672 0.00273047 0.00273047
0.55235 0.44765 0.00271132 0.00271132
0.55321 0.44679 0.00276035 0.00276035
0.55339 0.44661 0.00267969 0.00267969
0.55224 0.44776 0.0027418 0.0027418
0.55314 0.44686 0.00263877 0.00263877
0.55368 0.44632 0.00268626 0.00268626
0.55458 0.44542 0.00264871 0.00264871
0.5551 0.4449 0.00273862 0.00273862
0.55467 0.44533 0.00276735 0.00276735
0.55529 0.44471 0.00278362 0.00278362
0.55614 0.44386 0.00278343 0.00278343
0.55501 0.44499 0.00275652 0.00275652
0.5546 0.4454 0.00279079 0.00279079
0.55574 0.44426 0.00282452 0.00282452
0.55666 0.44334 0.00279368 0.00279368
0.55603 0.44397 0.0028966 0.0028966
0.55542 0.44458 0.00280631 0.00280631
0.55548 0.44452 0.00281294 0.00281294
0.55529 0.44471 0.00285908 0.00285908
0.55565 0.44435 0.00287661 0.00287661
0.55556 0.44444 0.00282698 0.00282698
0.55522 0.44478 0.00282456 0.00282456
0.55304 0.44696 0.00296345 0.00296345
0.55209 0.44791 0.00296519 0.00296519
0.55113 0.44887 0.0028705 0.0028705
0.55137 0.44863 0.00296294 0.00296294
0.55088 0.44912 0.00303354 0.00303354
0.55017 0.44983 0.00318776 0.00318776
0.55031 0.44969 0.00313397 0.00313397
0.55176 0.44824 0.00306509 0.00306509
0.55159 0.44841 0.00312212 0.00312212
0.55282 0.44718 0.00320447 0.00320447
0.55291 0.44709 0.00309461 0.00309461
0.55282 0.44718 0.00307338 0.00307338
0.55135 0.44865 0.00299348 0.00299348
0.55125 0.44875 0.00310249 0.00310249
0.55204 0.44796 0.00310818 0.00310818
0.55188 0.44812 0.00304138 0.00304138
0.55321 0.44679 0.00308176 0.00308176
0.55306 0.44694 0.00312394 0.00312394
0.55328 0.44672 0.00310796 0.00310796
0.55233 0.44767 0.00316186 0.00316186
0.55249 0.44751 0.00319797 0.00319797
0.55194 0.44806 0.00318327 0.00318327
0.55186 0.44814 0.00311404 0.00311404
0.55182 0.44818 0.00314496 0.00314496
0.55253 0.44747 0.00303918 0.00303918
0.5535 0.4465 0.00293676 0.00293676
0.55234 0.44766 0.00284712 0.00284712
0.55256 0.44744 0.00293908 0.00293908
0.55284 0.44716 0.00290603 0.00290603
0.55301 0.44699 0.00285268 0.00285268
0.55299 0.44701 0.00285114 0.00285114
0.55316 0.44684 0.00296104 0.00296104
0.55323 0.44677 0.00298347 0.00298347
0.55387 0.44613 0.00307789 0.00307789
0.5531 0.4469 0.00314181 0.00314181
0.55375 0.44625 0.00312292 0.00312292
0.55462 0.44538 0.00307925 0.00307925
0.55472 0.44528 0.00305548 0.00305548
0.55358 0.44642 0.00313699 0.00313699
0.55346 0.44654 0.00330813 0.00330813
0.55347 0.44653 0.00320611 0.00320611
0.55409 0.44591 0.00329828 0.00329828
0.55447 0.44553 0.00342894 0.00342894
0.55386 0.44614 0.00331311 0.00331311
0.55402 0.44598 0.00327392 0.00327392
0.5541 0.4459 0.00328423 0.00328423
0.55495 0.44505 0.00325162 0.00325162
0.55413 0.44587 0.00338686 0.00338686
0.55344 0.44656 0.00354213 0.00354213
0.55277 0.44723 0.00359268 0.00359268
0.55205 0.44795 0.0036069 0.0036069
0.55292 0.44708 0.00353016 0.00353016
0.55313 0.44687 0.0035091 0.0035091
0.55307 0.44693 0.00346526 0.00346526
0.55366 0.44634 0.0034875 0.0034875
0.55499 0.44501 0.00348601 0.00348601
0.55532 0.44468 0.00340812 0.00340812
0.55516 0.44484 0.00345022 0.00345022
0.55542 0.44458 0.00330481 0.00330481
0.55487 0.44513 0.00312997 0.00312997
0.5546 0.4454 0.00317051 0.00317051
0.55495 0.44505 0.00321433 0.00321433
0.55499 0.44501 0.00314532 0.00314532
0.55625 0.44375 0.00311231 0.00311231
0.55588 0.44412 0.00310508 0.00310508
0.55531 0.44469 0.00308892 0.00308892
0.55365 0.44635 0.00323106 0.00323106
0.55402 0.44598 0.00312661 0.00312661
0.55432 0.44568 0.00308392 0.00308392
0.55352 0.44648 0.00304116 0.00304116
0.55377 0.44623 0.00310737 0.00310737
0.55387 0.44613 0.00313337 0.00313337
0.55348 0.44652 0.00310482 0.00310482
0.55337 0.44663 0.00310686 0.00310686
0.55328 0.44672 0.00311614 0.00311614
0.5533 0.4467 0.00302658 0.00302658
0.55436 0.44564 0.00300591 0.00300591
0.55577 0.44423 0.0030438 0.0030438
0.5545 0.4455 0.00298823 0.00298823
0.55444 0.44556 0.00305793 0.00305793
0.55529 0.44471 0.00300285 0.00300285
0.55592 0.44408 0.00306702 0.00306702
0.55583 0.44417 0.00332586 0.00332586
0.55501 0.44499 0.00323308 0.00323308
0.55504 0.44496 0.00322256 0.00322256
0.55568 0.44432 0.00324523 0.00324523
0.55516 0.44484 0.00332595 0.00332595
0.55545 0.44455 0.00336207 0.00336207
0.55472 0.44528 0.00353354 0.00353354
0.55496 0.44504 0.00350083 0.00350083
0.55474 0.44526 0.00346539 0.00346539
0.55572 0.44428 0.00345859 0.00345859
0.55492 0.44508 0.00335563 0.00335563
0.5544 0.4456 0.0033022 0.0033022
0.55343 0.44657 0.00320148 0.00320148
0.5542 0.4458 0.00335057 0.00335057
0.55419 0.44581 0.0032911 0.0032911
0.55437 0.44563 0.00321603 0.00321603
0.55389 0.44611 0.00320232 0.00320232
0.5542 0.4458 0.00321671 0.00321671
0.55508 0.44492 0.00333979 0.00333979
0.55586 0.44414 0.00337449 0.00337449
0.5548 0.4452 0.00346818 0.00346818
0.55362 0.44638 0.00335398 0.00335398
0.55408 0.44592 0.00333213 0.00333213
0.55451 0.44549 0.00321948 0.00321948
0.55375 0.44625 0.00315936 0.00315936
0.55321 0.44679 0.00306821 0.00306821
0.55309 0.44691 0.00306863 0.00306863
0.55242 0.44758 0.00300724 0.00300724
0.55081 0.44919 0.00301272 0.00301272
0.55256 0.44744 0.00290235 0.00290235
0.55302 0.44698 0.00281751 0.00281751
0.55369 0.44631 0.00291876 0.00291876
0.55426 0.44574 0.00291967 0.00291967
0.55341 0.44659 0.00288255 0.00288255
0.55197 0.44803 0.00300502 0.00300502
0.55241 0.44759 0.00301445 0.00301445
0.55282 0.44718 0.00300362 0.00300362
0.55245 0.44755 0.00304292 0.00304292
0.55151 0.44849 0.0032271 0.0032271
0.55217 0.44783 0.00318907 0.00318907
0.55315 0.44685 0.00319053 0.00319053
0.55318 0.44682 0.00316318 0.00316318
0.5543 0.4457 0.00307759 0.00307759
0.55421 0.44579 0.00311986 0.00311986
0.55435 0.44565 0.00319504 0.00319504
0.5532 0.4468 0.00328335 0.00328335
0.55389 0.44611 0.00339339 0.00339339
0.55509 0.44491 0.00341445 0.00341445
0.55515 0.44485 0.00332682 0.00332682
0.55471 0.44529 0.00322328 0.00322328
0.55381 0.44619 0.00317577 0.00317577
0.55434 0.44566 0.0031258 0.0031258
0.55373 0.44627 0.00317495 0.00317495
0.55452 0.44548 0.00316148 0.00316148
0.55415 0.44585 0.00315116 0.00315116
0.55409 0.44591 0.00323576 0.00323576
0.5548 0.4452 0.00321947 0.00321947
0.55507 0.44493 0.00306794 0.00306794
0.55459 0.44541 0.00323465 0.00323465
0.55491 0.44509 0.00319414 0.00319414
0.55541 0.44459 0.00323313 0.00323313
0.55519 0.44481 0.00323139 0.00323139
0.5549 0.4451 0.00321276 0.00321276
0.55594 0.44406 0.00314 0.00314
0.55665 0.44335 0.00320508 0.00320508
0.55663 0.44337 0.0033027 0.0033027
0.55757 0.44243 0.0031337 0.0031337
0.55782 0.44218 0.00307548 0.00307548
0.55768 0.44232 0.00302216 0.00302216
0.55805 0.44195 0.00306653 0.00306653
0.5575 0.4425 0.0030052 0.0030052
0.55853 0.44147 0.00300132 0.00300132
0.55787 0.44213 0.00293013 0.00293013
0.55785 0.44215 0.00289158 0.00289158
0.5564 0.4436 0.00297733 0.00297733
0.55681 0.44319 0.00303351 0.00303351
0.55631 0.44369 0.0030906 0.0030906
0.55617 0.44383 0.00307337 0.00307337
0.55558 0.44442 0.00299738 0.00299738
0.5562 0.4438 0.00303598 0.00303598
0.55515 0.44485 0.00315956 0.00315956
0.55509 0.44491 0.00317346 0.00317346
0.55506 0.44494 0.00317131 0.00317131
0.55441 0.44559 0.00320538 0.00320538
0.5558 0.4442 0.00315715 0.00315715
0.55709 0.44291 0.00327596 0.00327596
0.558 0.442 0.00322479 0.00322479
0.55822 0.44178 0.00319033 0.00319033
0.55959 0.44041 0.00315523 0.00315523
0.5591 0.4409 0.00315928 0.00315928
0.55817 0.44183 0.00321897 0.00321897
0.55679 0.44321 0.00310936 0.00310936
0.55763 0.44237 0.00309092 0.00309092
0.55776 0.44224 0.00311105 0.00311105
0.55728 0.44272 0.003132 0.003132
0.55695 0.44305 0.00322207 0.00322207
0.55728 0.44272 0.00320697 0.00320697
0.55806 0.44194 0.00320272 0.00320272
0.5587 0.4413 0.00323757 0.00323757
0.55839 0.44161 0.00318248 0.00318248
0.55868 0.44132 0.00325139 0.00325139
0.55747 0.44253 0.00329787 0.00329787
0.55754 0.44246 0.00341908 0.00341908
0.55785 0.44215 0.00341476 0.00341476
0.55631 0.44369 0.00342478 0.00342478
0.55688 0.44312 0.00347732 0.00347732
0.55689 0.44311 0.00340588 0.00340588
0.55577 0.44423 0.0034646 0.0034646
0.55592 0.44408 0.00346319 0.00346319
0.55596 0.44404 0.00340687 0.00340687
0.55453 0.44547 0.00329274 0.00329274
0.55429 0.44571 0.00321655 0.00321655
0.55447 0.44553 0.00325817 0.00325817
0.55449 0.44551 0.00331821 0.00331821
0.5535 0.4465 0.0035014 0.0035014
0.55472 0.44528 0.00359804 0.00359804
0.55558 0.44442 0.00358823 0.00358823
0.55628 0.44372 0.00355186 0.00355186
0.55715 0.44285 0.00345021 0.00345021
0.55741 0.44259 0.00353721 0.00353721
0.55712 0.44288 0.00354578 0.00354578
0.55694 0.44306 0.00355638 0.00355638
0.55683 0.44317 0.00360097 0.00360097
0.55659 0.44341 0.00350725 0.00350725
0.55667 0.44333 0.00358483 0.00358483
0.55672 0.44328 0.00357291 0.00357291
0.55606 0.44394 0.00359434 0.00359434
0.55554 0.44446 0.00353068 0.00353068
0.55552 0.44448 0.00351021 0.00351021
0.55608 0.44392 0.00351517 0.00351517
0.5561 0.4439 0.00353419 0.00353419
0.55608 0.44392 0.00358888 0.00358888
0.55562 0.44438 0.00365135 0.00365135
0.5557 0.4443 0.00368179 0.00368179
0.5562 0.4438 0.00360222 0.00360222
0.55642 0.44358 0.00361485 0.00361485
0.55559 0.44441 0.00349467 0.00349467
0.55643 0.44357 0.00357407 0.00357407
0.55591 0.44409 0.00372544 0.00372544
0.55606 0.44394 0.00369925 0.00369925
0.55534 0.44466 0.00354526 0.00354526
0.55424 0.44576 0.00353802 0.00353802
0.55406 0.44594 0.00351662 0.00351662
