0.50059 0.49941 3.61635e-05 3.61635e-05
0.50007 0.49993 7.69748e-05 7.69748e-05
0.50024 0.49976 0.000135922 0.000135922
0.50067 0.49933 0.00020085 0.00020085
0.50071 0.49929 0.000265582 0.000265582
0.50108 0.49892 0.000366559 0.000366559
0.50139 0.49861 0.000450442 0.000450442
0.50109 0.49891 0.000537537 0.000537537
0.50172 0.49828 0.000573779 0.000573779
0.50227 0.49773 0.000624926 0.000624926
0.50211 0.49789 0.000692826 0.000692826
0.5027 0.4973 0.000721444 0.000721444
0.50281 0.49719 0.000799812 0.000799812
0.50342 0.49658 0.00085564 0.00085564
0.5032 0.4968 0.000917293 0.000917293
0.50352 0.49648 0.000989202 0.000989202
0.50347 0.49653 0.00108225 0.00108225
0.50309 0.49691 0.00109752 0.00109752
0.50365 0.49635 0.00113813 0.00113813
0.50383 0.49617 0.00119099 0.00119099
0.50347 0.49653 0.00123591 0.00123591
0.504 0.496 0.00127275 0.00127275
0.50384 0.49616 0.00129583 0.00129583
0.50407 0.49593 0.0013818 0.0013818
0.50414 0.49586 0.0013943 0.0013943
0.50396 0.49604 0.0014606 0.0014606
0.50388 0.49612 0.00149643 0.00149643
0.50372 0.49628 0.00152182 0.00152182
0.50401 0.49599 0.00154666 0.00154666
0.50386 0.49614 0.00154756 0.00154756
0.50359 0.49641 0.00156845 0.00156845
0.50392 0.49608 0.00158209 0.00158209
0.50375 0.49625 0.00159985 0.00159985
0.504 0.496 0.00165111 0.00165111
0.50407 0.49593 0.00168889 0.00168889
0.50416 0.49584 0.00170539 0.00170539
0.50428 0.49572 0.00173321 0.00173321
0.50429 0.49571 0.00174708 0.00174708
0.50401 0.49599 0.00175427 0.00175427
0.5042 0.4958 0.00177766 0.00177766
0.50387 0.49613 0.00179163 0.00179163
0.50377 0.49623 0.00178119 0.00178119
0.50422 0.49578 0.00177714 0.00177714
0.50415 0.49585 0.00179001 0.00179001
0.50416 0.49584 0.00179684 0.00179684
0.5042 0.4958 0.00181485 0.00181485
0.50406 0.49594 0.00183333 0.00183333
0.5039 0.4961 0.00184437 0.00184437
0.50383 0.49617 0.00185988 0.00185988
0.5037 0.4963 0.00186973 0.00186973
0.5039 0.4961 0.00187781 0.00187781
0.50412 0.49588 0.00189997 0.00189997
0.50405 0.49595 0.00190793 0.00190793
0.50383 0.49617 0.00192194 0.00192194
0.50385 0.49615 0.00192261 0.00192261
0.50371 0.49629 0.00191209 0.00191209
0.5036 0.4964 0.00192586 0.00192586
0.50354 0.49646 0.00193112 0.00193112
0.50358 0.49642 0.00194065 0.00194065
0.50356 0.49644 0.00194201 0.00194201
0.50369 0.49631 0.00195622 0.00195622
0.50349 0.49651 0.00197955 0.00197955
0.50351 0.49649 0.00197932 0.00197932
0.50358 0.49642 0.00198588 0.00198588
0.50367 0.49633 0.00199079 0.00199079
0.50355 0.49645 0.00199174 0.00199174
0.50363 0.49637 0.00199781 0.00199781
0.50366 0.49634 0.00198855 0.00198855
0.50377 0.49623 0.00198517 0.00198517
0.50385 0.49615 0.00198265 0.00198265
0.50388 0.49612 0.00199001 0.00199001
0.50388 0.49612 0.00199853 0.00199853
0.50392 0.49608 0.00200139 0.00200139
0.50389 0.49611 0.00199715 0.00199715
0.50387 0.49613 0.00200163 0.00200163
0.5039 0.4961 0.00200175 0.00200175
0.50395 0.49605 0.00199526 0.00199526
0.50395 0.49605 0.00200766 0.00200766
0.504 0.496 0.00202123 0.00202123
0.50401 0.49599 0.00203633 0.00203633
0.50397 0.49603 0.00202961 0.00202961
0.50409 0.49591 0.00203833 0.00203833
0.50397 0.49603 0.00203845 0.00203845
0.50401 0.49599 0.00203292 0.00203292
0.50402 0.49598 0.00203061 0.00203061
0.5041 0.4959 0.00203676 0.00203676
0.50412 0.49588 0.00203352 0.00203352
0.50407 0.49593 0.00203629 0.00203629
0.50412 0.49588 0.00204162 0.00204162
0.50411 0.49589 0.00204087 0.00204087
0.50412 0.49588 0.00203817 0.00203817
0.50406 0.49594 0.00204028 0.00204028
0.50403 0.49597 0.00204449 0.00204449
0.5041 0.4959 0.0020466 0.0020466
0.50405 0.49595 0.00205009 0.00205009
0.50405 0.49595 0.00204241 0.00204241
0.50404 0.49596 0.00204313 0.00204313
0.50402 0.49598 0.00203657 0.00203657
0.50398 0.49602 0.00203665 0.00203665
0.50398 0.49602 0.00203626 0.00203626
0.50397 0.49603 0.00204744 0.00204744
0.504 0.496 0.00204612 0.00204612
0.50394 0.49606 0.00204937 0.00204937
0.50401 0.49599 0.0020491 0.0020491
0.50404 0.49596 0.00204949 0.00204949
0.50401 0.49599 0.00204472 0.00204472
0.50399 0.49601 0.00204559 0.00204559
0.50406 0.49594 0.00205078 0.00205078
0.50408 0.49592 0.00205151 0.00205151
0.50402 0.49598 0.00205923 0.00205923
0.50398 0.49602 0.00206248 0.00206248
0.50396 0.49604 0.0020637 0.0020637
0.50394 0.49606 0.00206541 0.00206541
0.50398 0.49602 0.00206509 0.00206509
0.50397 0.49603 0.00206227 0.00206227
0.50394 0.49606 0.0020646 0.0020646
0.50393 0.49607 0.00206398 0.00206398
0.50391 0.49609 0.00206719 0.00206719
0.5039 0.4961 0.00206854 0.00206854
0.50393 0.49607 0.00207192 0.00207192
0.50401 0.49599 0.00206714 0.00206714
0.50401 0.49599 0.00206409 0.00206409
0.50397 0.49603 0.0020689 0.0020689
0.50401 0.49599 0.00206771 0.00206771
0.50407 0.49593 0.00206487 0.00206487
0.50403 0.49597 0.00206397 0.00206397
0.50403 0.49597 0.00206419 0.00206419
0.50401 0.49599 0.00206411 0.00206411
0.50398 0.49602 0.00206091 0.00206091
0.50401 0.49599 0.0020613 0.0020613
0.50402 0.49598 0.00206216 0.00206216
0.50402 0.49598 0.00205721 0.00205721
0.50402 0.49598 0.00205612 0.00205612
0.50402 0.49598 0.00205503 0.00205503
0.50397 0.49603 0.00205417 0.00205417
0.50395 0.49605 0.00205518 0.00205518
0.50399 0.49601 0.00205494 0.00205494
0.50399 0.49601 0.00205405 0.00205405
0.50401 0.49599 0.00205454 0.00205454
0.50399 0.49601 0.00206361 0.00206361
0.50399 0.49601 0.00206361 0.00206361
0.50398 0.49602 0.00206497 0.00206497
0.50396 0.49604 0.00206588 0.00206588
0.50398 0.49602 0.00206669 0.00206669
0.50398 0.49602 0.00206329 0.00206329
0.50399 0.49601 0.00206294 0.00206294
0.50405 0.49595 0.00206766 0.00206766
0.50399 0.49601 0.00206548 0.00206548
0.50397 0.49603 0.00206245 0.00206245
0.50397 0.49603 0.00205952 0.00205952
0.50396 0.49604 0.00205891 0.00205891
0.50395 0.49605 0.00205944 0.00205944
0.50394 0.49606 0.00206105 0.00206105
0.50395 0.49605 0.00206494 0.00206494
0.50395 0.49605 0.00207023 0.00207023
0.50395 0.49605 0.00206968 0.00206968
0.50398 0.49602 0.00206758 0.00206758
0.50396 0.49604 0.00206616 0.00206616
0.50396 0.49604 0.00206856 0.00206856
0.50399 0.49601 0.0020686 0.0020686
0.50398 0.49602 0.00206802 0.00206802
0.50394 0.49606 0.00206836 0.00206836
0.50393 0.49607 0.00207045 0.00207045
0.50393 0.49607 0.0020695 0.0020695
0.50393 0.49607 0.00206932 0.00206932
0.50395 0.49605 0.0020693 0.0020693
0.50394 0.49606 0.00206852 0.00206852
0.50396 0.49604 0.00206913 0.00206913
0.50399 0.49601 0.00206591 0.00206591
0.50398 0.49602 0.00206396 0.00206396
0.50397 0.49603 0.0020668 0.0020668
0.50397 0.49603 0.00206831 0.00206831
0.50397 0.49603 0.00206831 0.00206831
0.50397 0.49603 0.00206484 0.00206484
0.50396 0.49604 0.00206351 0.00206351
0.50397 0.49603 0.00206328 0.00206328
0.50398 0.49602 0.00206182 0.00206182
0.50401 0.49599 0.00205961 0.00205961
0.50401 0.49599 0.0020614 0.0020614
0.50403 0.49597 0.00206142 0.00206142
0.50402 0.49598 0.00205703 0.00205703
0.50402 0.49598 0.00205939 0.00205939
0.50402 0.49598 0.00205834 0.00205834
0.50402 0.49598 0.00205743 0.00205743
0.50401 0.49599 0.00205977 0.00205977
0.504 0.496 0.00205947 0.00205947
0.50399 0.49601 0.00206203 0.00206203
0.504 0.496 0.00206085 0.00206085
0.50401 0.49599 0.00206086 0.00206086
0.50401 0.49599 0.00206086 0.00206086
0.50398 0.49602 0.00205881 0.00205881
0.50399 0.49601 0.00206379 0.00206379
0.50398 0.49602 0.00206226 0.00206226
0.50396 0.49604 0.00206307 0.00206307
0.50396 0.49604 0.00206307 0.00206307
0.50397 0.49603 0.00206466 0.00206466
0.50396 0.49604 0.00206612 0.00206612
0.50397 0.49603 0.00206593 0.00206593
0.50399 0.49601 0.00206801 0.00206801
0.50399 0.49601 0.00206712 0.00206712
0.50396 0.49604 0.00206495 0.00206495
0.50396 0.49604 0.00206495 0.00206495
0.50396 0.49604 0.00206495 0.00206495
0.50396 0.49604 0.00206604 0.00206604
0.50396 0.49604 0.00206604 0.00206604
0.50396 0.49604 0.00206604 0.00206604
0.50396 0.49604 0.00206604 0.00206604
0.50396 0.49604 0.00206604 0.00206604
0.50396 0.49604 0.00206604 0.00206604
0.50396 0.49604 0.00206604 0.00206604
0.50397 0.49603 0.00206736 0.00206736
0.50397 0.49603 0.00206736 0.00206736
0.50397 0.49603 0.00206736 0.00206736
0.50394 0.49606 0.00206733 0.00206733
0.50393 0.49607 0.00206758 0.00206758
0.50395 0.49605 0.00206518 0.00206518
0.50395 0.49605 0.00206631 0.00206631
0.50394 0.49606 0.00206604 0.00206604
0.50394 0.49606 0.00206751 0.00206751
0.50395 0.49605 0.00206863 0.00206863
0.50395 0.49605 0.00206863 0.00206863
0.50394 0.49606 0.00206757 0.00206757
0.50394 0.49606 0.00206757 0.00206757
0.50393 0.49607 0.00207007 0.00207007
0.50393 0.49607 0.00207007 0.00207007
0.50393 0.49607 0.00207007 0.00207007
0.50393 0.49607 0.00207007 0.00207007
0.50393 0.49607 0.00207007 0.00207007
0.50393 0.49607 0.00207007 0.00207007
0.50395 0.49605 0.00206981 0.00206981
0.50394 0.49606 0.00206868 0.00206868
0.50392 0.49608 0.00206795 0.00206795
0.50393 0.49607 0.00206704 0.00206704
0.50393 0.49607 0.00206704 0.00206704
0.50393 0.49607 0.00206704 0.00206704
0.50393 0.49607 0.00206782 0.00206782
0.50393 0.49607 0.00206782 0.00206782
0.50394 0.49606 0.00206759 0.00206759
0.50396 0.49604 0.00206883 0.00206883
0.50396 0.49604 0.00206883 0.00206883
0.50395 0.49605 0.00206793 0.00206793
0.50394 0.49606 0.00206818 0.00206818
0.50395 0.49605 0.00206833 0.00206833
0.50396 0.49604 0.00206808 0.00206808
0.50397 0.49603 0.0020669 0.0020669
0.50397 0.49603 0.0020669 0.0020669
0.50396 0.49604 0.00206675 0.00206675
0.50395 0.49605 0.00206562 0.00206562
0.50395 0.49605 0.00206562 0.00206562
0.50395 0.49605 0.00206562 0.00206562
0.50395 0.49605 0.00206562 0.00206562
0.50393 0.49607 0.00206677 0.00206677
0.50392 0.49608 0.00206529 0.00206529
0.50393 0.49607 0.00206635 0.00206635
0.50393 0.49607 0.00206635 0.00206635
0.50393 0.49607 0.00206635 0.00206635
0.50392 0.49608 0.00206753 0.00206753
0.50391 0.49609 0.00206776 0.00206776
0.50393 0.49607 0.00207037 0.00207037
0.50393 0.49607 0.00207037 0.00207037
0.50393 0.49607 0.00207037 0.00207037
0.50393 0.49607 0.00207037 0.00207037
0.50393 0.49607 0.00207037 0.00207037
0.50392 0.49608 0.00206931 0.00206931
0.50392 0.49608 0.00206931 0.00206931
0.50392 0.49608 0.00206931 0.00206931
0.50394 0.49606 0.0020701 0.0020701
0.50394 0.49606 0.0020701 0.0020701
0.50394 0.49606 0.0020701 0.0020701
0.50394 0.49606 0.0020701 0.0020701
0.50395 0.49605 0.00207025 0.00207025
0.50395 0.49605 0.00206898 0.00206898
0.50395 0.49605 0.00206898 0.00206898
0.50396 0.49604 0.00206875 0.00206875
0.50396 0.49604 0.00206875 0.00206875
0.50396 0.49604 0.00206875 0.00206875
0.50396 0.49604 0.00206875 0.00206875
0.50396 0.49604 0.00206875 0.00206875
0.50396 0.49604 0.00206875 0.00206875
0.50396 0.49604 0.00206875 0.00206875
0.50396 0.49604 0.00206875 0.00206875
0.50396 0.49604 0.00206875 0.00206875
0.50396 0.49604 0.00206875 0.00206875
0.50395 0.49605 0.002069 0.002069
0.50395 0.49605 0.002069 0.002069
0.50395 0.49605 0.002069 0.002069
0.50395 0.49605 0.002069 0.002069
0.50395 0.49605 0.002069 0.002069
0.50395 0.49605 0.002069 0.002069
0.50395 0.49605 0.002069 0.002069
0.50395 0.49605 0.002069 0.002069
0.50395 0.49605 0.002069 0.002069
0.50395 0.49605 0.002069 0.002069
0.50395 0.49605 0.002069 0.002069
0.50395 0.49605 0.002069 0.002069
0.50395 0.49605 0.002069 0.002069
0.50395 0.49605 0.002069 0.002069
0.50394 0.49606 0.00206878 0.00206878
0.50394 0.49606 0.00206878 0.00206878
0.50394 0.49606 0.00206878 0.00206878
0.50394 0.49606 0.00206878 0.00206878
0.50394 0.49606 0.00206878 0.00206878
0.50394 0.49606 0.00206878 0.00206878
0.50394 0.49606 0.00206878 0.00206878
0.50394 0.49606 0.00206878 0.00206878
0.50394 0.49606 0.00206878 0.00206878
0.50395 0.49605 0.00206853 0.00206853
0.50395 0.49605 0.00206853 0.00206853
0.50395 0.49605 0.00206853 0.00206853
0.50395 0.49605 0.00206853 0.00206853
0.50394 0.49606 0.00206878 0.00206878
0.50394 0.49606 0.00206878 0.00206878
0.50394 0.49606 0.00206878 0.00206878
0.50394 0.49606 0.00206878 0.00206878
0.50394 0.49606 0.00206878 0.00206878
0.50394 0.49606 0.00206878 0.00206878
0.50394 0.49606 0.00206878 0.00206878
0.50394 0.49606 0.00206878 0.00206878
0.50393 0.49607 0.00206788 0.00206788
0.50393 0.49607 0.00206788 0.00206788
0.50393 0.49607 0.00206788 0.00206788
0.50393 0.49607 0.00206788 0.00206788
0.50393 0.49607 0.00206788 0.00206788
0.50393 0.49607 0.00206788 0.00206788
0.50393 0.49607 0.00206788 0.00206788
0.50393 0.49607 0.00206788 0.00206788
0.50394 0.49606 0.00206878 0.00206878
0.50396 0.49604 0.00206842 0.00206842
0.50396 0.49604 0.00206842 0.00206842
0.50396 0.49604 0.00206842 0.00206842
0.50395 0.49605 0.00206853 0.00206853
0.50395 0.49605 0.00206853 0.00206853
0.50395 0.49605 0.00206853 0.00206853
0.50395 0.49605 0.00206853 0.00206853
0.50395 0.49605 0.00206853 0.00206853
0.50395 0.49605 0.00206853 0.00206853
0.50395 0.49605 0.00206853 0.00206853
0.50395 0.49605 0.00206853 0.00206853
0.50395 0.49605 0.00206853 0.00206853
0.50395 0.49605 0.00206853 0.00206853
0.50395 0.49605 0.00206853 0.00206853
0.50395 0.49605 0.00206853 0.00206853
0.50395 0.49605 0.0020676 0.0020676
0.50396 0.49604 0.00206782 0.00206782
0.50396 0.49604 0.00206782 0.00206782
0.50396 0.49604 0.00206782 0.00206782
0.50396 0.49604 0.00206782 0.00206782
0.50396 0.49604 0.00206782 0.00206782
0.50396 0.49604 0.00206782 0.00206782
0.50396 0.49604 0.00206782 0.00206782
0.50396 0.49604 0.00206782 0.00206782
0.50397 0.49603 0.00206843 0.00206843
0.50397 0.49603 0.00206843 0.00206843
0.50397 0.49603 0.00206843 0.00206843
0.50396 0.49604 0.00206822 0.00206822
0.50396 0.49604 0.00206822 0.00206822
0.50397 0.49603 0.00206843 0.00206843
0.50397 0.49603 0.00206843 0.00206843
0.50397 0.49603 0.00206843 0.00206843
0.50397 0.49603 0.00206843 0.00206843
0.50397 0.49603 0.00206843 0.00206843
0.50396 0.49604 0.00206822 0.00206822
0.50397 0.49603 0.00206797 0.00206797
0.50397 0.49603 0.00206797 0.00206797
0.50397 0.49603 0.00206797 0.00206797
0.50397 0.49603 0.00206797 0.00206797
0.50398 0.49602 0.00206818 0.00206818
0.50398 0.49602 0.00206818 0.00206818
0.50398 0.49602 0.00206818 0.00206818
0.50398 0.49602 0.00206818 0.00206818
0.50398 0.49602 0.00206818 0.00206818
0.50398 0.49602 0.00206818 0.00206818
0.50398 0.49602 0.00206818 0.00206818
0.50397 0.49603 0.00206756 0.00206756
0.50397 0.49603 0.00206756 0.00206756
0.50397 0.49603 0.00206756 0.00206756
0.50397 0.49603 0.00206756 0.00206756
0.50397 0.49603 0.00206756 0.00206756
0.50397 0.49603 0.00206756 0.00206756
0.50397 0.49603 0.00206756 0.00206756
0.50397 0.49603 0.00206756 0.00206756
0.50397 0.49603 0.00206756 0.00206756
0.50396 0.49604 0.00207008 0.00207008
0.50396 0.49604 0.00207008 0.00207008
0.50397 0.49603 0.00206985 0.00206985
0.50396 0.49604 0.00207008 0.00207008
0.50396 0.49604 0.00207008 0.00207008
0.50396 0.49604 0.00207008 0.00207008
0.50396 0.49604 0.00207008 0.00207008
0.50396 0.49604 0.00207008 0.00207008
0.50396 0.49604 0.00207008 0.00207008
0.50396 0.49604 0.00207008 0.00207008
0.50396 0.49604 0.00207008 0.00207008
0.50396 0.49604 0.00207008 0.00207008
0.50396 0.49604 0.00207008 0.00207008
0.50396 0.49604 0.00207008 0.00207008
0.50396 0.49604 0.00207008 0.00207008
0.50396 0.49604 0.00207008 0.00207008
0.50395 0.49605 0.00207033 0.00207033
0.50395 0.49605 0.00207033 0.00207033
0.50395 0.49605 0.00207033 0.00207033
0.50395 0.49605 0.00207033 0.00207033
0.50395 0.49605 0.00207033 0.00207033
0.50395 0.49605 0.00207033 0.00207033
0.50396 0.49604 0.00207008 0.00207008
0.50396 0.49604 0.00207008 0.00207008
0.50396 0.49604 0.00207008 0.00207008
0.50396 0.49604 0.00207008 0.00207008
0.50395 0.49605 0.00207033 0.00207033
0.50396 0.49604 0.00207022 0.00207022
0.50396 0.49604 0.00207022 0.00207022
0.50396 0.49604 0.00207022 0.00207022
0.50396 0.49604 0.00207022 0.00207022
0.50395 0.49605 0.0020691 0.0020691
0.50395 0.49605 0.0020691 0.0020691
0.50395 0.49605 0.0020691 0.0020691
0.50395 0.49605 0.0020691 0.0020691
0.50395 0.49605 0.0020691 0.0020691
0.50394 0.49606 0.00206921 0.00206921
0.50395 0.49605 0.00207033 0.00207033
0.50395 0.49605 0.00207033 0.00207033
0.50395 0.49605 0.00207033 0.00207033
0.50395 0.49605 0.00207033 0.00207033
0.50395 0.49605 0.00207033 0.00207033
0.50395 0.49605 0.00207033 0.00207033
0.50395 0.49605 0.00207033 0.00207033
0.50395 0.49605 0.00207033 0.00207033
0.50395 0.49605 0.00207033 0.00207033
0.50396 0.49604 0.00207095 0.00207095
0.50396 0.49604 0.00207095 0.00207095
0.50396 0.49604 0.00207095 0.00207095
0.50396 0.49604 0.00207095 0.00207095
0.50396 0.49604 0.00207095 0.00207095
0.50396 0.49604 0.00207095 0.00207095
0.50396 0.49604 0.00207095 0.00207095
0.50396 0.49604 0.00207095 0.00207095
0.50396 0.49604 0.00207095 0.00207095
0.50396 0.49604 0.00207095 0.00207095
0.50396 0.49604 0.00207095 0.00207095
0.50396 0.49604 0.00207095 0.00207095
0.50396 0.49604 0.00207095 0.00207095
0.50396 0.49604 0.00207095 0.00207095
0.50396 0.49604 0.00207095 0.00207095
0.50396 0.49604 0.00207095 0.00207095
0.50396 0.49604 0.00207095 0.00207095
0.50396 0.49604 0.00207095 0.00207095
0.50396 0.49604 0.00207095 0.00207095
0.50396 0.49604 0.00207095 0.00207095
0.50396 0.49604 0.00207095 0.00207095
0.50396 0.49604 0.00207095 0.00207095
0.50396 0.49604 0.00207095 0.00207095
0.50396 0.49604 0.00207095 0.00207095
0.50396 0.49604 0.00207095 0.00207095
0.50396 0.49604 0.00207095 0.00207095
0.50396 0.49604 0.00207095 0.00207095
0.50396 0.49604 0.00207095 0.00207095
0.50396 0.49604 0.00207095 0.00207095
0.50396 0.49604 0.00207095 0.00207095
0.50396 0.49604 0.00207095 0.00207095
0.50396 0.49604 0.00207095 0.00207095
0.50396 0.49604 0.00207095 0.00207095
0.50396 0.49604 0.00207095 0.00207095
0.50396 0.49604 0.00207095 0.00207095
0.50396 0.49604 0.00207095 0.00207095
0.50396 0.49604 0.00207095 0.00207095
0.50396 0.49604 0.00207095 0.00207095
0.50396 0.49604 0.00207095 0.00207095
0.50396 0.49604 0.00207095 0.00207095
0.50396 0.49604 0.00207095 0.00207095
0.50396 0.49604 0.00207095 0.00207095
0.50396 0.49604 0.00207095 0.00207095
0.50396 0.49604 0.00207095 0.00207095
0.50396 0.49604 0.00207095 0.00207095
0.50396 0.49604 0.00207095 0.00207095
0.50396 0.49604 0.00207095 0.00207095
0.50396 0.49604 0.00207095 0.00207095
0.50396 0.49604 0.00207095 0.00207095
0.50396 0.49604 0.00207095 0.00207095
0.50396 0.49604 0.00207095 0.00207095
0.50396 0.49604 0.00207095 0.00207095
0.50396 0.49604 0.00207095 0.00207095
0.50396 0.49604 0.00207095 0.00207095
0.50396 0.49604 0.00207095 0.00207095
0.50396 0.49604 0.00207095 0.00207095
0.50396 0.49604 0.00207095 0.00207095
0.50396 0.49604 0.00207095 0.00207095
0.50396 0.49604 0.00207095 0.00207095
0.50396 0.49604 0.00207095 0.00207095
0.50396 0.49604 0.00207095 0.00207095
0.50396 0.49604 0.00207095 0.00207095
0.50396 0.49604 0.00207095 0.00207095
0.50396 0.49604 0.00207095 0.00207095
0.50396 0.49604 0.00207095 0.00207095
0.50396 0.49604 0.00207095 0.00207095
0.50396 0.49604 0.00207095 0.00207095
0.50396 0.49604 0.00207095 0.00207095
0.50396 0.49604 0.00207095 0.00207095
0.50396 0.49604 0.00207095 0.00207095
0.50396 0.49604 0.00207095 0.00207095
0.50396 0.49604 0.00207095 0.00207095
