0.50425 0.49575 0.000152533 0.000152533
0.50757 0.49243 0.000469318 0.000469318
0.51133 0.48867 0.000883274 0.000883274
0.51461 0.48539 0.00140319 0.00140319
0.51692 0.48308 0.00198789 0.00198789
0.51859 0.48141 0.00250226 0.00250226
0.5209 0.4791 0.00302454 0.00302454
0.52235 0.47765 0.0036293 0.0036293
0.52347 0.47653 0.00425142 0.00425142
0.52564 0.47436 0.00485258 0.00485258
0.52663 0.47337 0.00540708 0.00540708
0.52765 0.47235 0.0058895 0.0058895
0.52798 0.47202 0.0062783 0.0062783
0.52848 0.47152 0.00671231 0.00671231
0.52961 0.47039 0.00705903 0.00705903
0.53055 0.46945 0.00756637 0.00756637
0.53116 0.46884 0.00789111 0.00789111
0.53157 0.46843 0.00816308 0.00816308
0.53164 0.46836 0.00841116 0.00841116
0.53247 0.46753 0.00859209 0.00859209
0.53306 0.46694 0.00878462 0.00878462
0.53383 0.46617 0.00899689 0.00899689
0.53426 0.46574 0.00922173 0.00922173
0.53446 0.46554 0.00942847 0.00942847
0.53506 0.46494 0.00966798 0.00966798
0.5354 0.4646 0.00981735 0.00981735
0.53568 0.46432 0.00994242 0.00994242
0.53589 0.46411 0.010011 0.010011
0.53627 0.46373 0.0101646 0.0101646
0.53624 0.46376 0.0102857 0.0102857
0.5364 0.4636 0.0103188 0.0103188
0.53678 0.46322 0.0104049 0.0104049
0.53702 0.46298 0.0105025 0.0105025
0.5371 0.4629 0.0105549 0.0105549
0.53737 0.46263 0.0106224 0.0106224
0.53767 0.46233 0.0106997 0.0106997
0.53786 0.46214 0.0107831 0.0107831
0.53781 0.46219 0.0108464 0.0108464
0.53805 0.46195 0.0109018 0.0109018
0.53844 0.46156 0.0109332 0.0109332
0.53863 0.46137 0.0109605 0.0109605
0.53888 0.46112 0.0109833 0.0109833
0.5391 0.4609 0.0110497 0.0110497
0.53912 0.46088 0.0111212 0.0111212
0.5392 0.4608 0.0112329 0.0112329
0.53919 0.46081 0.0111989 0.0111989
0.53927 0.46073 0.0112199 0.0112199
0.53944 0.46056 0.0112523 0.0112523
0.53956 0.46044 0.0112657 0.0112657
0.53961 0.46039 0.0113112 0.0113112
0.53986 0.46014 0.0113071 0.0113071
0.54004 0.45996 0.0113251 0.0113251
0.5399 0.4601 0.0113504 0.0113504
0.54016 0.45984 0.0113479 0.0113479
0.54013 0.45987 0.0113688 0.0113688
0.54011 0.45989 0.0113895 0.0113895
0.54016 0.45984 0.0113827 0.0113827
0.5401 0.4599 0.0113973 0.0113973
0.54012 0.45988 0.0113991 0.0113991
0.54024 0.45976 0.0114344 0.0114344
0.54015 0.45985 0.0114527 0.0114527
0.54025 0.45975 0.0114788 0.0114788
0.54045 0.45955 0.0114749 0.0114749
0.54043 0.45957 0.0115013 0.0115013
0.54026 0.45974 0.0115033 0.0115033
0.54052 0.45948 0.0115358 0.0115358
0.54069 0.45931 0.0115396 0.0115396
0.54073 0.45927 0.0115267 0.0115267
0.54065 0.45935 0.0115614 0.0115614
0.54067 0.45933 0.0115807 0.0115807
0.54052 0.45948 0.0115829 0.0115829
0.54062 0.45938 0.0115753 0.0115753
0.54058 0.45942 0.0115863 0.0115863
0.54057 0.45943 0.0115772 0.0115772
0.54055 0.45945 0.0115902 0.0115902
0.54034 0.45966 0.0115709 0.0115709
0.54025 0.45975 0.0115954 0.0115954
0.54034 0.45966 0.0115983 0.0115983
0.54032 0.45968 0.0115981 0.0115981
0.54035 0.45965 0.0115978 0.0115978
0.54013 0.45987 0.0116084 0.0116084
0.54017 0.45983 0.0116182 0.0116182
0.54035 0.45965 0.0115896 0.0115896
0.54022 0.45978 0.0115899 0.0115899
0.54037 0.45963 0.0115944 0.0115944
0.54035 0.45965 0.0116027 0.0116027
0.54027 0.45973 0.0115689 0.0115689
0.5403 0.4597 0.01159 0.01159
0.54033 0.45967 0.011609 0.011609
0.54028 0.45972 0.0116055 0.0116055
0.54039 0.45961 0.0116233 0.0116233
0.54037 0.45963 0.0116201 0.0116201
0.54045 0.45955 0.0116441 0.0116441
0.54057 0.45943 0.0116592 0.0116592
0.5407 0.4593 0.0116626 0.0116626
0.54066 0.45934 0.0116518 0.0116518
0.54063 0.45937 0.0116488 0.0116488
0.54056 0.45944 0.0116587 0.0116587
0.54045 0.45955 0.0117018 0.0117018
0.54042 0.45958 0.0117191 0.0117191
0.54044 0.45956 0.0117189 0.0117189
0.54044 0.45956 0.011724 0.011724
0.54043 0.45957 0.0117197 0.0117197
0.54056 0.45944 0.0116961 0.0116961
0.54035 0.45965 0.0116904 0.0116904
0.54026 0.45974 0.0117272 0.0117272
0.54039 0.45961 0.0117081 0.0117081
0.54041 0.45959 0.011717 0.011717
0.54051 0.45949 0.0117041 0.0117041
0.5406 0.4594 0.0117312 0.0117312
0.54064 0.45936 0.0117466 0.0117466
0.54072 0.45928 0.011764 0.011764
0.54054 0.45946 0.0117526 0.0117526
0.5405 0.4595 0.0117576 0.0117576
0.54037 0.45963 0.0117815 0.0117815
0.54031 0.45969 0.0117847 0.0117847
0.54037 0.45963 0.011773 0.011773
0.54051 0.45949 0.0117779 0.0117779
0.54039 0.45961 0.0117942 0.0117942
0.5404 0.4596 0.0117869 0.0117869
0.54039 0.45961 0.0117865 0.0117865
0.54045 0.45955 0.0117769 0.0117769
0.54045 0.45955 0.0117994 0.0117994
0.54043 0.45957 0.0117881 0.0117881
0.54049 0.45951 0.0117815 0.0117815
0.54059 0.45941 0.0117865 0.0117865
0.54067 0.45933 0.0117728 0.0117728
0.54078 0.45922 0.011787 0.011787
0.54077 0.45923 0.0117885 0.0117885
0.5408 0.4592 0.0117619 0.0117619
0.54082 0.45918 0.0117851 0.0117851
0.54078 0.45922 0.0117968 0.0117968
0.54069 0.45931 0.0118267 0.0118267
0.54066 0.45934 0.0118316 0.0118316
0.54066 0.45934 0.0118253 0.0118253
0.54072 0.45928 0.0118225 0.0118225
0.54072 0.45928 0.0118101 0.0118101
0.54061 0.45939 0.0118333 0.0118333
0.54069 0.45931 0.0118342 0.0118342
0.54062 0.45938 0.0118352 0.0118352
0.54059 0.45941 0.0118516 0.0118516
0.54058 0.45942 0.0118653 0.0118653
0.54056 0.45944 0.0118745 0.0118745
0.54059 0.45941 0.0118841 0.0118841
0.5406 0.4594 0.0118883 0.0118883
0.54071 0.45929 0.0118908 0.0118908
0.54073 0.45927 0.0118653 0.0118653
0.54074 0.45926 0.0118837 0.0118837
0.54092 0.45908 0.0118841 0.0118841
0.54089 0.45911 0.011884 0.011884
0.54086 0.45914 0.0118894 0.0118894
0.54068 0.45932 0.011879 0.011879
0.54079 0.45921 0.011874 0.011874
0.54081 0.45919 0.0118754 0.0118754
0.54093 0.45907 0.0118655 0.0118655
0.54097 0.45903 0.0118528 0.0118528
0.54101 0.45899 0.0118607 0.0118607
0.54103 0.45897 0.0118508 0.0118508
0.54106 0.45894 0.0118549 0.0118549
0.54119 0.45881 0.011861 0.011861
0.54116 0.45884 0.0118474 0.0118474
0.54122 0.45878 0.0118434 0.0118434
0.54131 0.45869 0.011853 0.011853
0.54135 0.45865 0.0118481 0.0118481
0.54139 0.45861 0.011858 0.011858
0.54133 0.45867 0.0118672 0.0118672
0.5414 0.4586 0.0118784 0.0118784
0.5414 0.4586 0.0118788 0.0118788
0.54134 0.45866 0.011901 0.011901
0.54115 0.45885 0.0119052 0.0119052
0.54118 0.45882 0.0119018 0.0119018
0.54112 0.45888 0.0119034 0.0119034
0.54108 0.45892 0.0119108 0.0119108
0.54111 0.45889 0.011899 0.011899
0.54114 0.45886 0.0118839 0.0118839
0.5412 0.4588 0.011888 0.011888
0.54122 0.45878 0.0119073 0.0119073
0.54115 0.45885 0.0119066 0.0119066
0.54117 0.45883 0.0119051 0.0119051
0.54117 0.45883 0.0119137 0.0119137
0.54113 0.45887 0.0119085 0.0119085
0.54107 0.45893 0.0119037 0.0119037
0.54118 0.45882 0.0119134 0.0119134
0.5411 0.4589 0.0119306 0.0119306
0.54109 0.45891 0.0119234 0.0119234
0.54117 0.45883 0.0119484 0.0119484
0.54126 0.45874 0.011953 0.011953
0.54131 0.45869 0.0119493 0.0119493
0.54141 0.45859 0.0119524 0.0119524
0.5414 0.4586 0.0119521 0.0119521
0.54135 0.45865 0.0119748 0.0119748
0.54139 0.45861 0.0119795 0.0119795
0.5414 0.4586 0.0119831 0.0119831
0.54141 0.45859 0.0119774 0.0119774
0.54139 0.45861 0.0119795 0.0119795
0.54134 0.45866 0.011976 0.011976
0.54122 0.45878 0.0119903 0.0119903
0.54128 0.45872 0.0119963 0.0119963
0.54124 0.45876 0.0119938 0.0119938
0.54118 0.45882 0.0119872 0.0119872
0.54103 0.45897 0.0119932 0.0119932
0.54116 0.45884 0.0120038 0.0120038
0.54104 0.45896 0.0120026 0.0120026
0.54105 0.45895 0.0119908 0.0119908
0.54104 0.45896 0.012 0.012
0.54109 0.45891 0.0120129 0.0120129
0.54119 0.45881 0.0120204 0.0120204
0.54122 0.45878 0.0120271 0.0120271
0.54117 0.45883 0.0120372 0.0120372
0.54104 0.45896 0.0120469 0.0120469
0.54105 0.45895 0.0120591 0.0120591
0.54105 0.45895 0.0120663 0.0120663
0.54097 0.45903 0.0120662 0.0120662
0.54099 0.45901 0.0120556 0.0120556
0.54107 0.45893 0.0120388 0.0120388
0.54112 0.45888 0.0120457 0.0120457
0.54109 0.45891 0.0120531 0.0120531
0.5411 0.4589 0.0120542 0.0120542
0.54108 0.45892 0.0120686 0.0120686
0.54104 0.45896 0.0120832 0.0120832
0.541 0.459 0.0120885 0.0120885
0.54103 0.45897 0.0120905 0.0120905
0.54103 0.45897 0.0120912 0.0120912
0.54094 0.45906 0.0121019 0.0121019
0.54093 0.45907 0.0121136 0.0121136
0.54094 0.45906 0.0120975 0.0120975
0.54096 0.45904 0.012098 0.012098
0.54087 0.45913 0.0121195 0.0121195
0.54092 0.45908 0.0121234 0.0121234
0.54101 0.45899 0.0121375 0.0121375
0.54094 0.45906 0.0121247 0.0121247
0.54101 0.45899 0.0121261 0.0121261
0.54098 0.45902 0.0121303 0.0121303
0.54103 0.45897 0.01213 0.01213
0.54093 0.45907 0.0121442 0.0121442
0.54095 0.45905 0.0121378 0.0121378
0.54104 0.45896 0.0121408 0.0121408
0.54101 0.45899 0.0121594 0.0121594
0.54099 0.45901 0.0121711 0.0121711
0.54097 0.45903 0.0121663 0.0121663
0.54103 0.45897 0.0121736 0.0121736
0.54109 0.45891 0.0121509 0.0121509
0.54108 0.45892 0.0121842 0.0121842
0.54105 0.45895 0.0121856 0.0121856
0.54101 0.45899 0.0121831 0.0121831
0.54098 0.45902 0.0121951 0.0121951
0.54096 0.45904 0.0121905 0.0121905
0.5409 0.4591 0.0121772 0.0121772
0.54089 0.45911 0.0121814 0.0121814
0.54081 0.45919 0.0121753 0.0121753
0.54088 0.45912 0.0121895 0.0121895
0.54092 0.45908 0.0122029 0.0122029
0.5409 0.4591 0.0121935 0.0121935
0.54102 0.45898 0.012224 0.012224
0.54104 0.45896 0.0122079 0.0122079
0.54096 0.45904 0.0122064 0.0122064
0.54092 0.45908 0.012213 0.012213
0.54095 0.45905 0.0122123 0.0122123
0.54097 0.45903 0.0122134 0.0122134
0.54098 0.45902 0.0122132 0.0122132
0.54096 0.45904 0.0122174 0.0122174
0.54101 0.45899 0.0122336 0.0122336
0.54101 0.45899 0.0122322 0.0122322
0.54102 0.45898 0.0122253 0.0122253
0.54102 0.45898 0.0122231 0.0122231
0.54118 0.45882 0.0122272 0.0122272
0.54108 0.45892 0.0122389 0.0122389
0.54109 0.45891 0.0122529 0.0122529
0.5411 0.4589 0.0122531 0.0122531
0.54105 0.45895 0.0122588 0.0122588
0.54099 0.45901 0.012251 0.012251
0.54102 0.45898 0.0122548 0.0122548
0.54106 0.45894 0.0122582 0.0122582
0.54098 0.45902 0.0122723 0.0122723
0.54094 0.45906 0.0122556 0.0122556
0.54092 0.45908 0.0122489 0.0122489
0.54093 0.45907 0.012247 0.012247
0.54089 0.45911 0.0122547 0.0122547
0.54104 0.45896 0.0122584 0.0122584
0.54108 0.45892 0.0122545 0.0122545
0.54105 0.45895 0.0122568 0.0122568
0.54117 0.45883 0.0122519 0.0122519
0.54114 0.45886 0.0122536 0.0122536
0.54105 0.45895 0.012259 0.012259
0.54107 0.45893 0.0122801 0.0122801
0.54103 0.45897 0.0122832 0.0122832
0.54104 0.45896 0.0122843 0.0122843
0.54103 0.45897 0.0122866 0.0122866
0.54103 0.45897 0.0122811 0.0122811
0.54099 0.45901 0.0122928 0.0122928
0.54097 0.45903 0.0122913 0.0122913
0.54097 0.45903 0.0123182 0.0123182
0.54095 0.45905 0.0123145 0.0123145
0.54089 0.45911 0.0123293 0.0123293
0.5409 0.4591 0.0123254 0.0123254
0.54072 0.45928 0.0123365 0.0123365
0.54068 0.45932 0.0123466 0.0123466
0.54072 0.45928 0.0123269 0.0123269
0.54081 0.45919 0.0123157 0.0123157
0.54079 0.45921 0.0123198 0.0123198
0.54084 0.45916 0.0123141 0.0123141
0.54087 0.45913 0.0123126 0.0123126
0.54079 0.45921 0.0123132 0.0123132
0.54074 0.45926 0.0123224 0.0123224
0.54075 0.45925 0.0123219 0.0123219
0.54082 0.45918 0.0123413 0.0123413
0.54082 0.45918 0.0123571 0.0123571
0.54085 0.45915 0.0123544 0.0123544
0.54087 0.45913 0.0123507 0.0123507
0.54086 0.45914 0.0123517 0.0123517
0.54083 0.45917 0.0123485 0.0123485
0.54079 0.45921 0.0123395 0.0123395
0.54083 0.45917 0.0123566 0.0123566
0.54079 0.45921 0.0123479 0.0123479
0.54081 0.45919 0.0123578 0.0123578
0.54095 0.45905 0.0123535 0.0123535
0.54096 0.45904 0.0123448 0.0123448
0.54095 0.45905 0.012344 0.012344
0.54087 0.45913 0.0123358 0.0123358
0.54078 0.45922 0.0123401 0.0123401
0.54083 0.45917 0.0123426 0.0123426
0.54081 0.45919 0.0123594 0.0123594
0.54081 0.45919 0.012379 0.012379
0.54076 0.45924 0.0123907 0.0123907
0.5408 0.4592 0.0123773 0.0123773
0.5409 0.4591 0.0123931 0.0123931
0.54087 0.45913 0.012391 0.012391
0.54085 0.45915 0.0123972 0.0123972
0.54082 0.45918 0.0123989 0.0123989
0.54083 0.45917 0.0123901 0.0123901
0.54081 0.45919 0.0123866 0.0123866
0.54083 0.45917 0.0123923 0.0123923
0.54084 0.45916 0.012398 0.012398
0.54087 0.45913 0.0124002 0.0124002
0.54085 0.45915 0.0124025 0.0124025
0.54082 0.45918 0.0123972 0.0123972
0.54085 0.45915 0.0123888 0.0123888
0.54077 0.45923 0.0123872 0.0123872
0.54077 0.45923 0.0123831 0.0123831
0.54076 0.45924 0.0123869 0.0123869
0.54078 0.45922 0.0123879 0.0123879
0.54076 0.45924 0.0123847 0.0123847
0.54083 0.45917 0.0123811 0.0123811
0.5409 0.4591 0.0123973 0.0123973
0.54095 0.45905 0.0124115 0.0124115
0.54096 0.45904 0.0124178 0.0124178
0.54092 0.45908 0.0124254 0.0124254
0.54089 0.45911 0.012397 0.012397
0.54088 0.45912 0.012397 0.012397
0.54091 0.45909 0.012407 0.012407
0.54092 0.45908 0.012411 0.012411
0.5409 0.4591 0.0124186 0.0124186
0.54088 0.45912 0.012427 0.012427
0.54089 0.45911 0.0124247 0.0124247
0.54092 0.45908 0.0124313 0.0124313
0.541 0.459 0.0124332 0.0124332
0.54101 0.45899 0.0124234 0.0124234
0.541 0.459 0.0124196 0.0124196
0.54106 0.45894 0.0124293 0.0124293
0.54111 0.45889 0.0124442 0.0124442
0.54113 0.45887 0.0124463 0.0124463
0.54101 0.45899 0.0124599 0.0124599
0.54091 0.45909 0.0124558 0.0124558
0.54087 0.45913 0.0124576 0.0124576
0.54088 0.45912 0.0124569 0.0124569
0.54078 0.45922 0.0124593 0.0124593
0.54078 0.45922 0.0124557 0.0124557
0.54072 0.45928 0.0124548 0.0124548
0.54066 0.45934 0.0124412 0.0124412
0.54071 0.45929 0.0124416 0.0124416
0.54069 0.45931 0.0124414 0.0124414
0.54065 0.45935 0.0124474 0.0124474
0.54057 0.45943 0.0124475 0.0124475
0.54057 0.45943 0.0124433 0.0124433
0.5406 0.4594 0.0124371 0.0124371
0.5406 0.4594 0.0124458 0.0124458
0.54059 0.45941 0.0124379 0.0124379
0.54058 0.45942 0.0124464 0.0124464
0.54064 0.45936 0.0124542 0.0124542
0.54056 0.45944 0.0124448 0.0124448
0.5406 0.4594 0.0124405 0.0124405
0.54056 0.45944 0.0124437 0.0124437
0.54051 0.45949 0.0124256 0.0124256
0.54056 0.45944 0.0124358 0.0124358
0.54063 0.45937 0.0124246 0.0124246
0.54064 0.45936 0.0124197 0.0124197
0.54073 0.45927 0.0124093 0.0124093
0.5407 0.4593 0.0124156 0.0124156
0.54068 0.45932 0.0124208 0.0124208
0.5407 0.4593 0.0124337 0.0124337
0.5407 0.4593 0.012441 0.012441
0.54072 0.45928 0.0124299 0.0124299
0.54073 0.45927 0.0124119 0.0124119
0.54073 0.45927 0.0124215 0.0124215
0.54071 0.45929 0.0124385 0.0124385
0.54071 0.45929 0.0124378 0.0124378
0.54076 0.45924 0.0124435 0.0124435
0.54079 0.45921 0.0124451 0.0124451
0.54073 0.45927 0.0124349 0.0124349
0.54071 0.45929 0.0124342 0.0124342
0.54069 0.45931 0.0124424 0.0124424
0.54071 0.45929 0.0124273 0.0124273
0.54078 0.45922 0.0124224 0.0124224
0.54083 0.45917 0.0124077 0.0124077
0.54088 0.45912 0.012402 0.012402
0.54088 0.45912 0.0123963 0.0123963
0.54087 0.45913 0.0123986 0.0123986
0.5408 0.4592 0.0124201 0.0124201
0.54074 0.45926 0.0124259 0.0124259
0.54081 0.45919 0.0124145 0.0124145
0.54076 0.45924 0.0124269 0.0124269
0.54072 0.45928 0.0124302 0.0124302
0.5407 0.4593 0.0124356 0.0124356
0.54069 0.45931 0.0124337 0.0124337
0.54062 0.45938 0.0124317 0.0124317
0.54062 0.45938 0.0124302 0.0124302
0.54065 0.45935 0.0124332 0.0124332
0.5406 0.4594 0.0124421 0.0124421
0.5406 0.4594 0.0124379 0.0124379
0.54063 0.45937 0.0124222 0.0124222
0.54071 0.45929 0.012429 0.012429
0.54078 0.45922 0.0124404 0.0124404
0.54083 0.45917 0.0124356 0.0124356
0.54076 0.45924 0.0124374 0.0124374
0.54083 0.45917 0.0124432 0.0124432
0.54084 0.45916 0.0124521 0.0124521
0.54082 0.45918 0.012465 0.012465
0.54073 0.45927 0.012455 0.012455
0.54077 0.45923 0.0124622 0.0124622
0.54075 0.45925 0.0124404 0.0124404
0.54078 0.45922 0.0124447 0.0124447
0.54077 0.45923 0.0124397 0.0124397
0.5408 0.4592 0.0124451 0.0124451
0.54075 0.45925 0.0124362 0.0124362
0.54076 0.45924 0.0124373 0.0124373
0.54077 0.45923 0.0124477 0.0124477
0.54077 0.45923 0.0124423 0.0124423
0.54078 0.45922 0.0124375 0.0124375
0.54072 0.45928 0.0124315 0.0124315
0.54071 0.45929 0.0124463 0.0124463
0.54071 0.45929 0.0124372 0.0124372
0.54076 0.45924 0.01244 0.01244
0.54077 0.45923 0.0124417 0.0124417
0.54073 0.45927 0.0124462 0.0124462
0.54071 0.45929 0.0124303 0.0124303
0.54065 0.45935 0.0124275 0.0124275
0.54067 0.45933 0.0124192 0.0124192
0.54064 0.45936 0.0124169 0.0124169
0.54074 0.45926 0.0124126 0.0124126
0.54074 0.45926 0.0124057 0.0124057
0.54075 0.45925 0.0124162 0.0124162
0.54078 0.45922 0.0124229 0.0124229
0.54073 0.45927 0.0124157 0.0124157
0.54069 0.45931 0.0124224 0.0124224
0.54064 0.45936 0.0124358 0.0124358
0.54074 0.45926 0.0124322 0.0124322
0.54071 0.45929 0.0124421 0.0124421
0.54068 0.45932 0.0124321 0.0124321
0.54062 0.45938 0.0124542 0.0124542
0.54063 0.45937 0.0124574 0.0124574
0.54066 0.45934 0.0124509 0.0124509
0.54062 0.45938 0.012457 0.012457
0.54057 0.45943 0.012445 0.012445
0.54057 0.45943 0.0124417 0.0124417
0.54058 0.45942 0.01242 0.01242
0.54058 0.45942 0.0124347 0.0124347
0.54069 0.45931 0.012445 0.012445
0.54071 0.45929 0.0124426 0.0124426
0.54068 0.45932 0.0124349 0.0124349
0.5407 0.4593 0.0124463 0.0124463
0.54076 0.45924 0.0124432 0.0124432
0.54074 0.45926 0.0124462 0.0124462
0.5407 0.4593 0.0124437 0.0124437
0.54081 0.45919 0.0124356 0.0124356
0.54077 0.45923 0.0124276 0.0124276
0.54079 0.45921 0.0124243 0.0124243
0.54076 0.45924 0.0124502 0.0124502
0.54073 0.45927 0.0124649 0.0124649
0.54078 0.45922 0.0124604 0.0124604
0.54071 0.45929 0.0124611 0.0124611
0.54071 0.45929 0.0124495 0.0124495
0.54078 0.45922 0.0124407 0.0124407
0.54078 0.45922 0.0124367 0.0124367
0.54081 0.45919 0.0124209 0.0124209
0.54086 0.45914 0.0124064 0.0124064
0.54091 0.45909 0.0124078 0.0124078
0.54084 0.45916 0.0124269 0.0124269
0.5408 0.4592 0.0124119 0.0124119
0.54086 0.45914 0.0124059 0.0124059
0.54085 0.45915 0.0124137 0.0124137
0.54082 0.45918 0.0124209 0.0124209
0.54081 0.45919 0.0124025 0.0124025
0.54093 0.45907 0.0124035 0.0124035
0.54094 0.45906 0.0124129 0.0124129
0.54092 0.45908 0.0124204 0.0124204
0.54087 0.45913 0.0124334 0.0124334
0.54083 0.45917 0.0124506 0.0124506
0.54077 0.45923 0.0124568 0.0124568
0.54087 0.45913 0.0124574 0.0124574
0.54082 0.45918 0.0124534 0.0124534
