0.50159 0.49841 6.9113e-05 6.9113e-05
0.50224 0.49776 0.000141235 0.000141235
0.50404 0.49596 0.000225918 0.000225918
0.5033 0.4967 0.000238333 0.000238333
0.50444 0.49556 0.000316996 0.000316996
0.50446 0.49554 0.000364514 0.000364514
0.50504 0.49496 0.000433776 0.000433776
0.50603 0.49397 0.000484009 0.000484009
0.50373 0.49627 0.00046626 0.00046626
0.50356 0.49644 0.000492128 0.000492128
0.50387 0.49613 0.000552741 0.000552741
0.5032 0.4968 0.000540101 0.000540101
0.50215 0.49785 0.000563321 0.000563321
0.50312 0.49688 0.000537763 0.000537763
0.50316 0.49684 0.000544419 0.000544419
0.50378 0.49622 0.000525911 0.000525911
0.50456 0.49544 0.000533926 0.000533926
0.50454 0.49546 0.000550756 0.000550756
0.50528 0.49472 0.000596992 0.000596992
0.50576 0.49424 0.00067778 0.00067778
0.50628 0.49372 0.000748224 0.000748224
0.50685 0.49315 0.000734492 0.000734492
0.50663 0.49337 0.000707044 0.000707044
0.50599 0.49401 0.000722656 0.000722656
0.50556 0.49444 0.000755825 0.000755825
0.50588 0.49412 0.000793804 0.000793804
0.50615 0.49385 0.000772088 0.000772088
0.50642 0.49358 0.000836286 0.000836286
0.50663 0.49337 0.000833306 0.000833306
0.50618 0.49382 0.000785947 0.000785947
0.50605 0.49395 0.000809563 0.000809563
0.50543 0.49457 0.000823439 0.000823439
0.5053 0.4947 0.000831929 0.000831929
0.50486 0.49514 0.000777152 0.000777152
0.5056 0.4944 0.000774283 0.000774283
0.50519 0.49481 0.000790438 0.000790438
0.50467 0.49533 0.00074289 0.00074289
0.50455 0.49545 0.000743583 0.000743583
0.50475 0.49525 0.000747139 0.000747139
0.50572 0.49428 0.000776002 0.000776002
0.50511 0.49489 0.000727998 0.000727998
0.50645 0.49355 0.000730432 0.000730432
0.50737 0.49263 0.0007587 0.0007587
0.50746 0.49254 0.000797625 0.000797625
0.507 0.493 0.000879838 0.000879838
0.50566 0.49434 0.000889075 0.000889075
0.50593 0.49407 0.000881439 0.000881439
0.50503 0.49497 0.000925787 0.000925787
0.50448 0.49552 0.000943727 0.000943727
0.50565 0.49435 0.000964513 0.000964513
0.50491 0.49509 0.000934911 0.000934911
0.50533 0.49467 0.000947536 0.000947536
0.50584 0.49416 0.000877489 0.000877489
0.50546 0.49454 0.000935887 0.000935887
0.50542 0.49458 0.000868428 0.000868428
0.50537 0.49463 0.000884983 0.000884983
0.50426 0.49574 0.000846336 0.000846336
0.50565 0.49435 0.000806391 0.000806391
0.5058 0.4942 0.000802586 0.000802586
0.50649 0.49351 0.000806535 0.000806535
0.50394 0.49606 0.000827249 0.000827249
0.50395 0.49605 0.000876977 0.000876977
0.50533 0.49467 0.000906648 0.000906648
0.50502 0.49498 0.000914606 0.000914606
0.5052 0.4948 0.000860162 0.000860162
0.5059 0.4941 0.000772293 0.000772293
0.50585 0.49415 0.00081023 0.00081023
0.50516 0.49484 0.000869267 0.000869267
0.50554 0.49446 0.000817827 0.000817827
0.50566 0.49434 0.000826146 0.000826146
0.50547 0.49453 0.00082106 0.00082106
0.50549 0.49451 0.000839586 0.000839586
0.5052 0.4948 0.000815374 0.000815374
0.50548 0.49452 0.00083106 0.00083106
0.50512 0.49488 0.000897844 0.000897844
0.50464 0.49536 0.00095096 0.00095096
0.50457 0.49543 0.000949985 0.000949985
0.50427 0.49573 0.000942583 0.000942583
0.50428 0.49572 0.000868002 0.000868002
0.50442 0.49558 0.000852226 0.000852226
0.50503 0.49497 0.000851928 0.000851928
0.50421 0.49579 0.000914693 0.000914693
0.50418 0.49582 0.000928695 0.000928695
0.50462 0.49538 0.00091646 0.00091646
0.50482 0.49518 0.000881987 0.000881987
0.50499 0.49501 0.000888697 0.000888697
0.50466 0.49534 0.000891136 0.000891136
0.50467 0.49533 0.000854829 0.000854829
0.50417 0.49583 0.000799274 0.000799274
0.50435 0.49565 0.000843907 0.000843907
0.50487 0.49513 0.00082767 0.00082767
0.50399 0.49601 0.000803848 0.000803848
0.5055 0.4945 0.000833242 0.000833242
0.50519 0.49481 0.000794661 0.000794661
0.50551 0.49449 0.000795788 0.000795788
0.50642 0.49358 0.000774812 0.000774812
0.50669 0.49331 0.000803267 0.000803267
0.50682 0.49318 0.000847947 0.000847947
0.5064 0.4936 0.000868707 0.000868707
0.50655 0.49345 0.000857664 0.000857664
0.50661 0.49339 0.000886665 0.000886665
0.5063 0.4937 0.000906414 0.000906414
0.50611 0.49389 0.000936079 0.000936079
0.50572 0.49428 0.000976062 0.000976062
0.50539 0.49461 0.000944301 0.000944301
0.50479 0.49521 0.000947885 0.000947885
0.50417 0.49583 0.000959274 0.000959274
0.50405 0.49595 0.000934917 0.000934917
0.50349 0.49651 0.000939263 0.000939263
0.50422 0.49578 0.000981486 0.000981486
0.50438 0.49562 0.0010141 0.0010141
0.50429 0.49571 0.00100213 0.00100213
0.50426 0.49574 0.000922558 0.000922558
0.50414 0.49586 0.000973192 0.000973192
0.50457 0.49543 0.000937702 0.000937702
0.50491 0.49509 0.000969355 0.000969355
0.50508 0.49492 0.000996499 0.000996499
0.50671 0.49329 0.000924208 0.000924208
0.50748 0.49252 0.000896616 0.000896616
0.50718 0.49282 0.000839482 0.000839482
0.50726 0.49274 0.00087274 0.00087274
0.50781 0.49219 0.000827065 0.000827065
0.50872 0.49128 0.000831153 0.000831153
0.50846 0.49154 0.000861625 0.000861625
0.50806 0.49194 0.000816724 0.000816724
0.50881 0.49119 0.000859166 0.000859166
0.50894 0.49106 0.000827976 0.000827976
0.50868 0.49132 0.000832664 0.000832664
0.50919 0.49081 0.000850196 0.000850196
0.50884 0.49116 0.000777085 0.000777085
0.5086 0.4914 0.000796808 0.000796808
0.50872 0.49128 0.000854688 0.000854688
0.50946 0.49054 0.000891827 0.000891827
0.50849 0.49151 0.000856879 0.000856879
0.50713 0.49287 0.000850619 0.000850619
0.50645 0.49355 0.000861664 0.000861664
0.50568 0.49432 0.000920038 0.000920038
0.50564 0.49436 0.00088995 0.00088995
0.50494 0.49506 0.000885734 0.000885734
0.50669 0.49331 0.000857893 0.000857893
0.50696 0.49304 0.000913675 0.000913675
0.50733 0.49267 0.000941738 0.000941738
0.50824 0.49176 0.0009938 0.0009938
0.50871 0.49129 0.000999279 0.000999279
0.50918 0.49082 0.000986048 0.000986048
0.50775 0.49225 0.00100423 0.00100423
0.50744 0.49256 0.0010297 0.0010297
0.50752 0.49248 0.0010908 0.0010908
0.50676 0.49324 0.0010918 0.0010918
0.50689 0.49311 0.00116458 0.00116458
0.50701 0.49299 0.00113045 0.00113045
0.50616 0.49384 0.00118016 0.00118016
0.50573 0.49427 0.00115315 0.00115315
0.50749 0.49251 0.00115116 0.00115116
0.50714 0.49286 0.00122996 0.00122996
0.50748 0.49252 0.00113041 0.00113041
0.50774 0.49226 0.00108357 0.00108357
0.50772 0.49228 0.00108065 0.00108065
0.5083 0.4917 0.00106017 0.00106017
0.50865 0.49135 0.00107405 0.00107405
0.50869 0.49131 0.00105577 0.00105577
0.50936 0.49064 0.00103151 0.00103151
0.50909 0.49091 0.00102295 0.00102295
0.50822 0.49178 0.00101658 0.00101658
0.507 0.493 0.00105453 0.00105453
0.50756 0.49244 0.00108516 0.00108516
0.50664 0.49336 0.00106385 0.00106385
0.50699 0.49301 0.00109294 0.00109294
0.50646 0.49354 0.00106878 0.00106878
0.50764 0.49236 0.00103272 0.00103272
0.5089 0.4911 0.000994596 0.000994596
0.50933 0.49067 0.00103034 0.00103034
0.50969 0.49031 0.00103119 0.00103119
0.50951 0.49049 0.00107516 0.00107516
0.50925 0.49075 0.001031 0.001031
0.50845 0.49155 0.00103581 0.00103581
0.50986 0.49014 0.00106265 0.00106265
0.50895 0.49105 0.00103635 0.00103635
0.50837 0.49163 0.00100628 0.00100628
0.5077 0.4923 0.00105973 0.00105973
0.50791 0.49209 0.00107948 0.00107948
0.50696 0.49304 0.00106818 0.00106818
0.5064 0.4936 0.00103168 0.00103168
0.50642 0.49358 0.000980731 0.000980731
0.50599 0.49401 0.000942333 0.000942333
0.50712 0.49288 0.00098843 0.00098843
0.50613 0.49387 0.00105038 0.00105038
0.50583 0.49417 0.00108905 0.00108905
0.50658 0.49342 0.00104619 0.00104619
0.50696 0.49304 0.00098719 0.00098719
0.50795 0.49205 0.000932331 0.000932331
0.50774 0.49226 0.000913366 0.000913366
0.50696 0.49304 0.000937089 0.000937089
0.50657 0.49343 0.000926753 0.000926753
0.50759 0.49241 0.000943699 0.000943699
0.50748 0.49252 0.000913424 0.000913424
0.50905 0.49095 0.000923664 0.000923664
0.50875 0.49125 0.000950028 0.000950028
0.50988 0.49012 0.000925824 0.000925824
0.50958 0.49042 0.000871014 0.000871014
0.51075 0.48925 0.000874412 0.000874412
0.50965 0.49035 0.000984028 0.000984028
0.50854 0.49146 0.000977402 0.000977402
0.50937 0.49063 0.000932478 0.000932478
0.50907 0.49093 0.00097047 0.00097047
0.50933 0.49067 0.000935819 0.000935819
0.50892 0.49108 0.000952115 0.000952115
0.50815 0.49185 0.00102417 0.00102417
0.50735 0.49265 0.00105983 0.00105983
0.50737 0.49263 0.00108527 0.00108527
0.50759 0.49241 0.00108667 0.00108667
0.50803 0.49197 0.001069 0.001069
0.50732 0.49268 0.00107024 0.00107024
0.50772 0.49228 0.00103776 0.00103776
0.50957 0.49043 0.00107378 0.00107378
0.50821 0.49179 0.00108849 0.00108849
0.5071 0.4929 0.00110702 0.00110702
0.5086 0.4914 0.00111966 0.00111966
0.50925 0.49075 0.00112989 0.00112989
0.50936 0.49064 0.00105308 0.00105308
0.50995 0.49005 0.00105336 0.00105336
0.50928 0.49072 0.00110198 0.00110198
0.50968 0.49032 0.00109945 0.00109945
0.50998 0.49002 0.00108859 0.00108859
0.50902 0.49098 0.00104962 0.00104962
0.50879 0.49121 0.00103073 0.00103073
0.50959 0.49041 0.00102358 0.00102358
0.51079 0.48921 0.00105261 0.00105261
0.50989 0.49011 0.00109022 0.00109022
0.51051 0.48949 0.00096702 0.00096702
0.5108 0.4892 0.00100598 0.00100598
0.51035 0.48965 0.00101449 0.00101449
0.50974 0.49026 0.00104421 0.00104421
0.5102 0.4898 0.00103545 0.00103545
0.51076 0.48924 0.00104798 0.00104798
0.51064 0.48936 0.00105361 0.00105361
0.51015 0.48985 0.00108667 0.00108667
0.50955 0.49045 0.00105116 0.00105116
0.50947 0.49053 0.00103736 0.00103736
0.50905 0.49095 0.00110401 0.00110401
0.50812 0.49188 0.00117419 0.00117419
0.50828 0.49172 0.00113424 0.00113424
0.50941 0.49059 0.00108693 0.00108693
0.50941 0.49059 0.00108635 0.00108635
0.50929 0.49071 0.00110049 0.00110049
0.50862 0.49138 0.00108398 0.00108398
0.50904 0.49096 0.00112202 0.00112202
0.50893 0.49107 0.00111079 0.00111079
0.50806 0.49194 0.00114561 0.00114561
0.50706 0.49294 0.00111414 0.00111414
0.50777 0.49223 0.0010481 0.0010481
0.50895 0.49105 0.000981078 0.000981078
0.50832 0.49168 0.00100505 0.00100505
0.50895 0.49105 0.000984553 0.000984553
0.50868 0.49132 0.00096723 0.00096723
0.50875 0.49125 0.000984533 0.000984533
0.50852 0.49148 0.00103041 0.00103041
0.50802 0.49198 0.00104426 0.00104426
0.50856 0.49144 0.00106578 0.00106578
0.50889 0.49111 0.00103743 0.00103743
0.50785 0.49215 0.000975018 0.000975018
0.50836 0.49164 0.00100621 0.00100621
0.50956 0.49044 0.00100071 0.00100071
0.50796 0.49204 0.00100184 0.00100184
0.50778 0.49222 0.00107619 0.00107619
0.50858 0.49142 0.00107673 0.00107673
0.50884 0.49116 0.00102321 0.00102321
0.50847 0.49153 0.00106072 0.00106072
0.50792 0.49208 0.0010088 0.0010088
0.50893 0.49107 0.00107065 0.00107065
0.50878 0.49122 0.00104575 0.00104575
0.50823 0.49177 0.000959957 0.000959957
0.50873 0.49127 0.000967775 0.000967775
0.50903 0.49097 0.00100876 0.00100876
0.50795 0.49205 0.00103583 0.00103583
0.50868 0.49132 0.0010425 0.0010425
0.50957 0.49043 0.00110102 0.00110102
0.50887 0.49113 0.00110886 0.00110886
0.50931 0.49069 0.00106927 0.00106927
0.5095 0.4905 0.00114979 0.00114979
0.50996 0.49004 0.00118644 0.00118644
0.51094 0.48906 0.00123537 0.00123537
0.5101 0.4899 0.00114423 0.00114423
0.50983 0.49017 0.00115043 0.00115043
0.50994 0.49006 0.00110903 0.00110903
0.50894 0.49106 0.00109695 0.00109695
0.50884 0.49116 0.00114876 0.00114876
0.50959 0.49041 0.00114841 0.00114841
0.50888 0.49112 0.00111471 0.00111471
0.50994 0.49006 0.00108394 0.00108394
0.51065 0.48935 0.00102118 0.00102118
0.51019 0.48981 0.00100205 0.00100205
0.50972 0.49028 0.000993315 0.000993315
0.5092 0.4908 0.000973313 0.000973313
0.50855 0.49145 0.0010117 0.0010117
0.5096 0.4904 0.000962444 0.000962444
0.51018 0.48982 0.00103496 0.00103496
0.5105 0.4895 0.00106987 0.00106987
0.51084 0.48916 0.00105092 0.00105092
0.50953 0.49047 0.00103158 0.00103158
0.51052 0.48948 0.00109914 0.00109914
0.51116 0.48884 0.00110125 0.00110125
0.51117 0.48883 0.00108077 0.00108077
0.51104 0.48896 0.00109582 0.00109582
0.51113 0.48887 0.00113379 0.00113379
0.51054 0.48946 0.00117764 0.00117764
0.51074 0.48926 0.00122589 0.00122589
0.51076 0.48924 0.00123142 0.00123142
0.50972 0.49028 0.00122927 0.00122927
0.51052 0.48948 0.00129449 0.00129449
0.5118 0.4882 0.00126257 0.00126257
0.51058 0.48942 0.00120869 0.00120869
0.50982 0.49018 0.0012028 0.0012028
0.50931 0.49069 0.00111523 0.00111523
0.50851 0.49149 0.00109191 0.00109191
0.5084 0.4916 0.0011239 0.0011239
0.50968 0.49032 0.00117097 0.00117097
0.5097 0.4903 0.00115672 0.00115672
0.50982 0.49018 0.00110772 0.00110772
0.5092 0.4908 0.00114394 0.00114394
0.50934 0.49066 0.00114453 0.00114453
0.51039 0.48961 0.00117733 0.00117733
0.50984 0.49016 0.00116549 0.00116549
0.50916 0.49084 0.00118458 0.00118458
0.51 0.49 0.00118564 0.00118564
0.51 0.49 0.00115018 0.00115018
0.51101 0.48899 0.00114268 0.00114268
0.51108 0.48892 0.00113733 0.00113733
0.51067 0.48933 0.00114004 0.00114004
0.51048 0.48952 0.00117621 0.00117621
0.50987 0.49013 0.00110381 0.00110381
0.51105 0.48895 0.00109179 0.00109179
0.5107 0.4893 0.00104599 0.00104599
0.51036 0.48964 0.00106118 0.00106118
0.51065 0.48935 0.00103684 0.00103684
0.5105 0.4895 0.00103694 0.00103694
0.50983 0.49017 0.00107432 0.00107432
0.5091 0.4909 0.000981768 0.000981768
0.50887 0.49113 0.0010011 0.0010011
0.50878 0.49122 0.00102642 0.00102642
0.50903 0.49097 0.00103767 0.00103767
0.50927 0.49073 0.00108287 0.00108287
0.51037 0.48963 0.00105296 0.00105296
0.51155 0.48845 0.00106579 0.00106579
0.51236 0.48764 0.00111783 0.00111783
0.51241 0.48759 0.0011137 0.0011137
0.51335 0.48665 0.00112993 0.00112993
0.51285 0.48715 0.00119366 0.00119366
0.51291 0.48709 0.00120845 0.00120845
0.51118 0.48882 0.00113554 0.00113554
0.51081 0.48919 0.00113068 0.00113068
0.51085 0.48915 0.00110572 0.00110572
0.51094 0.48906 0.001134 0.001134
0.51187 0.48813 0.00114545 0.00114545
0.51216 0.48784 0.00113702 0.00113702
0.513 0.487 0.00116513 0.00116513
0.513 0.487 0.00124616 0.00124616
0.51252 0.48748 0.0012247 0.0012247
0.5118 0.4882 0.00117624 0.00117624
0.51048 0.48952 0.00113239 0.00113239
0.5112 0.4888 0.00116398 0.00116398
0.51191 0.48809 0.00110853 0.00110853
0.51163 0.48837 0.00113438 0.00113438
0.51144 0.48856 0.00121142 0.00121142
0.51242 0.48758 0.00113435 0.00113435
0.51186 0.48814 0.00120624 0.00120624
0.51134 0.48866 0.00120625 0.00120625
0.51155 0.48845 0.00118659 0.00118659
0.51131 0.48869 0.00118434 0.00118434
0.51132 0.48868 0.00110808 0.00110808
0.51123 0.48877 0.00110355 0.00110355
0.51081 0.48919 0.00104133 0.00104133
0.5104 0.4896 0.00107119 0.00107119
0.51078 0.48922 0.00101896 0.00101896
0.51126 0.48874 0.00105258 0.00105258
0.51201 0.48799 0.00108076 0.00108076
0.51137 0.48863 0.00119005 0.00119005
0.51123 0.48877 0.00114826 0.00114826
0.51165 0.48835 0.00118944 0.00118944
0.51069 0.48931 0.00116858 0.00116858
0.5107 0.4893 0.00122239 0.00122239
0.51086 0.48914 0.00121814 0.00121814
0.51065 0.48935 0.00134667 0.00134667
0.5102 0.4898 0.00133737 0.00133737
0.51076 0.48924 0.00129297 0.00129297
0.5098 0.4902 0.00125018 0.00125018
0.51057 0.48943 0.0012936 0.0012936
0.50933 0.49067 0.00124356 0.00124356
0.50919 0.49081 0.00128993 0.00128993
0.50916 0.49084 0.00127589 0.00127589
0.50945 0.49055 0.00125758 0.00125758
0.50916 0.49084 0.00125814 0.00125814
0.5095 0.4905 0.00124114 0.00124114
0.50913 0.49087 0.00128072 0.00128072
0.50972 0.49028 0.00123681 0.00123681
0.50947 0.49053 0.00120466 0.00120466
0.50965 0.49035 0.00122882 0.00122882
0.51031 0.48969 0.00127761 0.00127761
0.50926 0.49074 0.00124668 0.00124668
0.5099 0.4901 0.00123474 0.00123474
0.51121 0.48879 0.00125732 0.00125732
0.51201 0.48799 0.00122114 0.00122114
0.51124 0.48876 0.00125222 0.00125222
0.51051 0.48949 0.00123579 0.00123579
0.51109 0.48891 0.00122251 0.00122251
0.51078 0.48922 0.00129104 0.00129104
0.51142 0.48858 0.0012792 0.0012792
0.51225 0.48775 0.00122898 0.00122898
0.51095 0.48905 0.00118055 0.00118055
0.51174 0.48826 0.00119492 0.00119492
0.51117 0.48883 0.00121548 0.00121548
0.51052 0.48948 0.00127148 0.00127148
0.50971 0.49029 0.00117736 0.00117736
0.51039 0.48961 0.00111854 0.00111854
0.51002 0.48998 0.00119711 0.00119711
0.51037 0.48963 0.00119106 0.00119106
0.50962 0.49038 0.00116761 0.00116761
0.50962 0.49038 0.00117753 0.00117753
0.51127 0.48873 0.00109087 0.00109087
0.51113 0.48887 0.00111401 0.00111401
0.51143 0.48857 0.00110681 0.00110681
0.51052 0.48948 0.00109827 0.00109827
0.51 0.49 0.00117713 0.00117713
0.51078 0.48922 0.00115213 0.00115213
0.51172 0.48828 0.00119919 0.00119919
0.51159 0.48841 0.00128574 0.00128574
0.51159 0.48841 0.00130127 0.00130127
0.51095 0.48905 0.00132421 0.00132421
0.51165 0.48835 0.00135554 0.00135554
0.51101 0.48899 0.001369 0.001369
0.5105 0.4895 0.00133609 0.00133609
0.51112 0.48888 0.00124172 0.00124172
0.51064 0.48936 0.00121421 0.00121421
0.5097 0.4903 0.0012432 0.0012432
0.5102 0.4898 0.00120586 0.00120586
0.51016 0.48984 0.00126658 0.00126658
0.51055 0.48945 0.00132789 0.00132789
0.50946 0.49054 0.00126401 0.00126401
0.51009 0.48991 0.00121435 0.00121435
0.50997 0.49003 0.00122482 0.00122482
0.50977 0.49023 0.00123664 0.00123664
0.50925 0.49075 0.00121324 0.00121324
0.50985 0.49015 0.0011795 0.0011795
0.50989 0.49011 0.00113466 0.00113466
0.50976 0.49024 0.00109588 0.00109588
0.51045 0.48955 0.00103352 0.00103352
0.51098 0.48902 0.00100139 0.00100139
0.51138 0.48862 0.00104224 0.00104224
0.51223 0.48777 0.000999734 0.000999734
0.51221 0.48779 0.00098637 0.00098637
0.51191 0.48809 0.00103457 0.00103457
0.51286 0.48714 0.00107042 0.00107042
0.51256 0.48744 0.00112623 0.00112623
0.51347 0.48653 0.00111666 0.00111666
0.51262 0.48738 0.00115325 0.00115325
0.51161 0.48839 0.00114016 0.00114016
0.51102 0.48898 0.00115503 0.00115503
0.51059 0.48941 0.00112784 0.00112784
0.51025 0.48975 0.00115409 0.00115409
0.51001 0.48999 0.00109425 0.00109425
0.50998 0.49002 0.00108711 0.00108711
0.51049 0.48951 0.00111001 0.00111001
0.51096 0.48904 0.00122858 0.00122858
0.51136 0.48864 0.00120494 0.00120494
0.51081 0.48919 0.00121315 0.00121315
0.51076 0.48924 0.0011958 0.0011958
0.51082 0.48918 0.00121243 0.00121243
0.51011 0.48989 0.00117081 0.00117081
0.5097 0.4903 0.00116553 0.00116553
0.50947 0.49053 0.00112965 0.00112965
0.50946 0.49054 0.00119971 0.00119971
0.51009 0.48991 0.00124748 0.00124748
0.50946 0.49054 0.0011748 0.0011748
0.51062 0.48938 0.0011226 0.0011226
0.51035 0.48965 0.00124736 0.00124736
0.51115 0.48885 0.00127047 0.00127047
0.51137 0.48863 0.0012226 0.0012226
0.51137 0.48863 0.00115393 0.00115393
0.51218 0.48782 0.00111904 0.00111904
0.51226 0.48774 0.00115821 0.00115821
0.51162 0.48838 0.00105379 0.00105379
0.51143 0.48857 0.00100546 0.00100546
0.5122 0.4878 0.00101616 0.00101616
0.51197 0.48803 0.00105126 0.00105126
0.5133 0.4867 0.00109878 0.00109878
0.51374 0.48626 0.0011686 0.0011686
0.51244 0.48756 0.00123976 0.00123976
0.51247 0.48753 0.00118134 0.00118134
0.51209 0.48791 0.00123295 0.00123295
0.51258 0.48742 0.00121988 0.00121988
0.51371 0.48629 0.00122229 0.00122229
0.51413 0.48587 0.00118975 0.00118975
0.51408 0.48592 0.00110213 0.00110213
0.51287 0.48713 0.00108428 0.00108428
0.51244 0.48756 0.0011331 0.0011331
0.51245 0.48755 0.00116443 0.00116443
0.51188 0.48812 0.00121807 0.00121807
0.5108 0.4892 0.00125786 0.00125786
0.51107 0.48893 0.00127974 0.00127974
0.51173 0.48827 0.00126349 0.00126349
