0.47395 0.52605 0.0167097 0.0167097
0.46806 0.53194 0.0155717 0.0155717
0.46209 0.53791 0.015267 0.015267
0.45752 0.54248 0.0156905 0.0156905
0.45495 0.54505 0.0163783 0.0163783
0.45181 0.54819 0.0172638 0.0172638
0.44847 0.55153 0.0186098 0.0186098
0.44581 0.55419 0.0199077 0.0199077
0.44305 0.55695 0.0212846 0.0212846
0.44049 0.55951 0.0224512 0.0224512
0.43827 0.56173 0.0237525 0.0237525
0.43629 0.56371 0.0250657 0.0250657
0.43426 0.56574 0.0262767 0.0262767
0.43304 0.56696 0.0273265 0.0273265
0.43142 0.56858 0.0282268 0.0282268
0.43025 0.56975 0.0292398 0.0292398
0.42934 0.57066 0.0302579 0.0302579
0.42826 0.57174 0.0312335 0.0312335
0.42717 0.57283 0.0321309 0.0321309
0.42623 0.57377 0.0329162 0.0329162
0.42592 0.57408 0.0339697 0.0339697
0.42452 0.57548 0.0346792 0.0346792
0.42411 0.57589 0.0354418 0.0354418
0.42353 0.57647 0.0361362 0.0361362
0.42295 0.57705 0.0367646 0.0367646
0.42213 0.57787 0.0374237 0.0374237
0.42144 0.57856 0.0380364 0.0380364
0.42069 0.57931 0.0386302 0.0386302
0.41971 0.58029 0.0391695 0.0391695
0.41942 0.58058 0.0395491 0.0395491
0.41899 0.58101 0.0399365 0.0399365
0.41844 0.58156 0.0403827 0.0403827
0.41812 0.58188 0.0409615 0.0409615
0.41773 0.58227 0.0413703 0.0413703
0.41737 0.58263 0.0418851 0.0418851
0.41698 0.58302 0.042285 0.042285
0.4163 0.5837 0.0426688 0.0426688
0.41585 0.58415 0.0429624 0.0429624
0.41559 0.58441 0.0434141 0.0434141
0.41539 0.58461 0.0438063 0.0438063
0.41512 0.58488 0.0439711 0.0439711
0.41484 0.58516 0.044222 0.044222
0.41448 0.58552 0.0445795 0.0445795
0.41397 0.58603 0.0448507 0.0448507
0.41364 0.58636 0.0450913 0.0450913
0.4135 0.5865 0.0452914 0.0452914
0.41348 0.58652 0.0455329 0.0455329
0.41332 0.58668 0.0456697 0.0456697
0.41316 0.58684 0.0458545 0.0458545
0.41289 0.58711 0.0459927 0.0459927
0.41275 0.58725 0.046121 0.046121
0.41265 0.58735 0.0463009 0.0463009
0.41269 0.58731 0.0464504 0.0464504
0.41257 0.58743 0.0466389 0.0466389
0.41223 0.58777 0.0468391 0.0468391
0.41212 0.58788 0.0470702 0.0470702
0.41187 0.58813 0.0472182 0.0472182
0.41168 0.58832 0.0473256 0.0473256
0.41176 0.58824 0.0473858 0.0473858
0.41161 0.58839 0.0474744 0.0474744
0.41142 0.58858 0.047642 0.047642
0.41112 0.58888 0.0477021 0.0477021
0.41095 0.58905 0.047701 0.047701
0.41095 0.58905 0.0478112 0.0478112
0.41101 0.58899 0.0479895 0.0479895
0.41084 0.58916 0.0480381 0.0480381
0.41057 0.58943 0.0480372 0.0480372
0.41062 0.58938 0.0481184 0.0481184
0.41058 0.58942 0.0481514 0.0481514
0.41045 0.58955 0.0482574 0.0482574
0.41036 0.58964 0.0483243 0.0483243
0.41028 0.58972 0.0483949 0.0483949
0.41021 0.58979 0.0484447 0.0484447
0.41014 0.58986 0.0484806 0.0484806
0.41003 0.58997 0.0485049 0.0485049
0.40994 0.59006 0.0486333 0.0486333
0.40981 0.59019 0.0486913 0.0486913
0.40973 0.59027 0.0487861 0.0487861
0.40969 0.59031 0.0488036 0.0488036
0.40969 0.59031 0.0488445 0.0488445
0.40965 0.59035 0.0488922 0.0488922
0.40961 0.59039 0.0489152 0.0489152
0.40963 0.59037 0.0490186 0.0490186
0.40956 0.59044 0.0490586 0.0490586
0.40956 0.59044 0.0491153 0.0491153
0.40955 0.59045 0.0490952 0.0490952
0.40939 0.59061 0.0491458 0.0491458
0.40944 0.59056 0.0491368 0.0491368
0.40947 0.59053 0.0491543 0.0491543
0.40946 0.59054 0.0492076 0.0492076
0.4094 0.5906 0.0492426 0.0492426
0.4093 0.5907 0.0493003 0.0493003
0.40927 0.59073 0.0493122 0.0493122
0.40927 0.59073 0.0493122 0.0493122
0.40923 0.59077 0.0493413 0.0493413
0.40925 0.59075 0.0493443 0.0493442
0.40924 0.59076 0.0493466 0.0493466
0.40915 0.59085 0.0493538 0.0493538
0.40915 0.59085 0.0493782 0.0493782
0.40919 0.59081 0.0494192 0.0494192
0.40927 0.59073 0.0494905 0.0494905
0.40921 0.59079 0.0494994 0.0494994
0.40921 0.59079 0.0494887 0.0494887
0.40912 0.59088 0.0495022 0.0495022
0.40912 0.59088 0.0495245 0.0495245
0.40905 0.59095 0.0495354 0.0495354
0.40907 0.59093 0.0495381 0.0495381
0.40902 0.59098 0.049529 0.049529
0.40899 0.59101 0.0495473 0.0495473
0.409 0.591 0.0495476 0.0495476
0.40907 0.59093 0.0495701 0.0495701
0.40914 0.59086 0.0496088 0.0496088
0.40914 0.59086 0.0496282 0.0496282
0.40912 0.59088 0.0496229 0.0496229
0.40916 0.59084 0.049616 0.049616
0.40912 0.59088 0.0496737 0.0496737
0.40913 0.59087 0.0496635 0.0496635
0.40909 0.59091 0.0496922 0.0496922
0.4091 0.5909 0.0496978 0.0496978
0.4091 0.5909 0.0497194 0.0497194
0.40914 0.59086 0.049706 0.049706
0.4092 0.5908 0.0496985 0.0496985
0.4092 0.5908 0.0497327 0.0497327
0.40917 0.59083 0.0497415 0.0497415
0.40909 0.59091 0.0497581 0.0497581
0.40902 0.59098 0.0497681 0.0497681
0.40901 0.59099 0.0497825 0.0497825
0.409 0.591 0.0498015 0.0498015
0.40903 0.59097 0.0497899 0.0497899
0.40902 0.59098 0.0497779 0.0497779
0.40901 0.59099 0.0497828 0.0497828
0.40899 0.59101 0.0498022 0.0498022
0.40898 0.59102 0.0498073 0.0498073
0.40894 0.59106 0.0497988 0.0497988
0.40893 0.59107 0.0498283 0.0498283
0.40889 0.59111 0.0498296 0.0498296
0.40885 0.59115 0.0498491 0.0498491
0.40881 0.59119 0.0498369 0.0498369
0.40882 0.59118 0.0498472 0.0498472
0.40882 0.59118 0.0498582 0.0498582
0.40881 0.59119 0.0498553 0.0498553
0.40882 0.59118 0.0498545 0.0498545
0.40879 0.59121 0.0498677 0.0498677
0.40882 0.59118 0.049875 0.049875
0.40881 0.59119 0.0498642 0.0498642
0.40881 0.59119 0.0498673 0.0498673
0.40879 0.59121 0.0498672 0.0498672
0.4088 0.5912 0.0498798 0.0498798
0.4088 0.5912 0.0498952 0.0498952
0.40876 0.59124 0.0499098 0.0499098
0.40878 0.59122 0.0499063 0.0499063
0.4088 0.5912 0.0498906 0.0498906
0.40882 0.59118 0.0498928 0.0498928
0.40881 0.59119 0.049888 0.049888
0.40885 0.59115 0.0498949 0.0498949
0.40883 0.59117 0.0499138 0.0499138
0.40883 0.59117 0.049907 0.049907
0.40883 0.59117 0.049907 0.049907
0.40884 0.59116 0.0499014 0.0499014
0.40881 0.59119 0.0498934 0.0498934
0.40884 0.59116 0.0498997 0.0498997
0.40882 0.59118 0.0499168 0.0499168
0.40881 0.59119 0.049912 0.049912
0.40883 0.59117 0.0499159 0.0499159
0.40883 0.59117 0.04992 0.04992
0.40884 0.59116 0.0499039 0.0499039
0.40881 0.59119 0.0499114 0.0499114
0.40881 0.59119 0.0499257 0.0499257
0.40882 0.59118 0.0499181 0.0499181
0.40881 0.59119 0.0499125 0.0499125
0.40881 0.59119 0.0499157 0.0499157
0.40882 0.59118 0.0499167 0.0499167
0.40883 0.59117 0.0499365 0.0499365
0.40881 0.59119 0.0499281 0.0499281
0.4088 0.5912 0.0499398 0.0499398
0.40882 0.59118 0.0499433 0.0499433
0.40882 0.59118 0.049936 0.049936
0.40881 0.59119 0.0499366 0.0499366
0.40885 0.59115 0.0499412 0.0499412
0.40884 0.59116 0.0499411 0.0499411
0.40884 0.59116 0.0499411 0.0499411
0.40885 0.59115 0.0499329 0.0499329
0.40887 0.59113 0.0499369 0.0499369
0.40884 0.59116 0.0499321 0.0499321
0.40881 0.59119 0.0499362 0.0499362
0.40881 0.59119 0.0499405 0.0499405
0.40883 0.59117 0.0499383 0.0499383
0.40882 0.59118 0.0499434 0.0499434
0.40884 0.59116 0.0499468 0.0499468
0.40884 0.59116 0.0499468 0.0499468
0.40882 0.59118 0.0499434 0.0499434
0.40883 0.59117 0.0499514 0.0499514
0.40886 0.59114 0.0499502 0.0499502
0.40884 0.59116 0.0499388 0.0499388
0.40884 0.59116 0.0499388 0.0499388
0.40883 0.59117 0.0499343 0.0499343
0.4088 0.5912 0.049933 0.049933
0.4088 0.5912 0.049933 0.049933
0.40881 0.59119 0.0499347 0.0499347
0.40881 0.59119 0.0499347 0.0499347
0.40881 0.59119 0.049942 0.049942
0.4088 0.5912 0.0499465 0.0499465
0.40879 0.59121 0.0499496 0.0499496
0.40873 0.59127 0.0499758 0.0499758
0.40877 0.59123 0.0499866 0.0499866
0.40876 0.59124 0.0499806 0.0499806
0.40876 0.59124 0.0499806 0.0499806
0.40876 0.59124 0.0499806 0.0499806
0.40876 0.59124 0.0499806 0.0499806
0.40879 0.59121 0.0499924 0.0499924
0.40877 0.59123 0.0499991 0.0499991
0.40879 0.59121 0.0499904 0.0499904
0.40878 0.59122 0.0499975 0.0499975
0.4088 0.5912 0.0500013 0.0500013
0.4088 0.5912 0.0500013 0.0500013
0.40879 0.59121 0.0500065 0.0500065
0.40877 0.59123 0.0500099 0.0500099
0.40877 0.59123 0.0500045 0.0500045
0.40878 0.59122 0.050009 0.050009
0.40876 0.59124 0.0500144 0.0500144
0.40876 0.59124 0.0500144 0.0500144
0.40876 0.59124 0.0500144 0.0500144
0.40877 0.59123 0.0500141 0.0500141
0.40877 0.59123 0.0500141 0.0500141
0.40876 0.59124 0.0500107 0.0500107
0.40876 0.59124 0.0500107 0.0500107
0.40874 0.59126 0.0500068 0.0500068
0.40874 0.59126 0.0500068 0.0500068
0.40874 0.59126 0.0500068 0.0500068
0.40874 0.59126 0.0500068 0.0500068
0.40875 0.59125 0.0500065 0.0500065
0.40876 0.59124 0.0500035 0.0500035
0.40876 0.59124 0.0500035 0.0500035
0.40877 0.59123 0.050008 0.050008
0.40878 0.59122 0.0500145 0.0500145
0.40876 0.59124 0.050004 0.050004
0.40877 0.59123 0.0500057 0.0500057
0.40877 0.59123 0.0500057 0.0500057
0.40877 0.59123 0.0500057 0.0500057
0.40878 0.59122 0.0500052 0.0500052
0.40878 0.59122 0.0500052 0.0500052
0.40878 0.59122 0.0500052 0.0500052
0.40878 0.59122 0.0500052 0.0500052
0.40878 0.59122 0.0500052 0.0500052
0.40877 0.59123 0.0500077 0.0500077
0.40877 0.59123 0.0500077 0.0500077
0.40877 0.59123 0.0500077 0.0500077
0.40876 0.59124 0.0500139 0.0500139
0.40876 0.59124 0.0500139 0.0500139
0.40875 0.59125 0.0500143 0.0500143
0.40876 0.59124 0.0500203 0.0500203
0.40876 0.59124 0.0500203 0.0500203
0.40875 0.59125 0.0500216 0.0500216
0.40875 0.59125 0.0500216 0.0500216
0.40875 0.59125 0.0500216 0.0500216
0.40875 0.59125 0.0500216 0.0500216
0.40877 0.59123 0.0500231 0.0500231
0.40876 0.59124 0.0500195 0.0500195
0.40876 0.59124 0.0500151 0.0500151
0.40874 0.59126 0.0500229 0.0500229
0.40874 0.59126 0.0500229 0.0500229
0.40874 0.59126 0.0500229 0.0500229
0.40873 0.59127 0.0500246 0.0500246
0.40873 0.59127 0.0500246 0.0500246
0.40873 0.59127 0.0500246 0.0500246
0.40873 0.59127 0.0500246 0.0500246
0.40874 0.59126 0.0500377 0.0500377
0.40874 0.59126 0.0500377 0.0500377
0.40877 0.59123 0.0500304 0.0500304
0.40875 0.59125 0.0500236 0.0500236
0.40875 0.59125 0.0500236 0.0500236
0.40878 0.59122 0.0500296 0.0500296
0.40878 0.59122 0.0500296 0.0500296
0.40878 0.59122 0.0500296 0.0500296
0.40878 0.59122 0.0500296 0.0500296
0.40878 0.59122 0.0500296 0.0500296
0.40878 0.59122 0.0500296 0.0500296
0.40878 0.59122 0.0500296 0.0500296
0.40877 0.59123 0.0500299 0.0500299
0.40876 0.59124 0.0500369 0.0500369
0.40876 0.59124 0.0500369 0.0500369
0.40877 0.59123 0.0500414 0.0500414
0.40876 0.59124 0.0500354 0.0500354
0.40877 0.59123 0.0500284 0.0500284
0.40876 0.59124 0.0500239 0.0500239
0.40876 0.59124 0.0500239 0.0500239
0.40876 0.59124 0.0500239 0.0500239
0.40876 0.59124 0.0500239 0.0500239
0.40876 0.59124 0.0500239 0.0500239
0.40877 0.59123 0.0500284 0.0500284
0.40877 0.59123 0.0500284 0.0500284
0.40877 0.59123 0.0500386 0.0500386
0.40875 0.59125 0.0500303 0.0500303
0.40875 0.59125 0.0500303 0.0500303
0.40875 0.59125 0.0500303 0.0500303
0.40875 0.59125 0.0500303 0.0500303
0.40876 0.59124 0.0500261 0.0500261
0.40876 0.59124 0.0500261 0.0500261
0.40876 0.59124 0.0500261 0.0500261
0.40877 0.59123 0.0500326 0.0500326
0.40877 0.59123 0.0500326 0.0500326
0.40878 0.59122 0.0500301 0.0500301
0.40878 0.59122 0.0500301 0.0500301
0.40877 0.59123 0.0500344 0.0500344
0.40877 0.59123 0.0500344 0.0500344
0.40877 0.59123 0.0500344 0.0500344
0.40877 0.59123 0.0500344 0.0500344
0.40877 0.59123 0.0500344 0.0500344
0.40876 0.59124 0.0500296 0.0500296
0.40874 0.59126 0.0500275 0.0500275
0.40874 0.59126 0.0500275 0.0500275
0.40875 0.59125 0.0500266 0.0500266
0.40876 0.59124 0.0500326 0.0500326
0.40875 0.59125 0.0500369 0.0500369
0.40876 0.59124 0.0500392 0.0500392
0.40876 0.59124 0.0500392 0.0500392
0.40876 0.59124 0.0500392 0.0500392
0.40876 0.59124 0.0500392 0.0500392
0.40875 0.59125 0.0500401 0.0500401
0.40874 0.59126 0.0500414 0.0500414
0.40874 0.59126 0.0500414 0.0500414
0.40874 0.59126 0.0500414 0.0500414
0.40873 0.59127 0.0500439 0.0500439
0.40875 0.59125 0.0500401 0.0500401
0.40875 0.59125 0.0500401 0.0500401
0.40875 0.59125 0.0500401 0.0500401
0.40875 0.59125 0.0500401 0.0500401
0.40875 0.59125 0.0500401 0.0500401
0.40875 0.59125 0.0500401 0.0500401
0.40875 0.59125 0.0500401 0.0500401
0.40875 0.59125 0.0500401 0.0500401
0.40874 0.59126 0.0500426 0.0500426
0.40874 0.59126 0.0500426 0.0500426
0.40874 0.59126 0.0500426 0.0500426
0.40874 0.59126 0.0500426 0.0500426
0.40874 0.59126 0.0500426 0.0500426
0.40875 0.59125 0.0500471 0.0500471
0.40875 0.59125 0.0500471 0.0500471
0.40875 0.59125 0.0500471 0.0500471
0.40874 0.59126 0.0500406 0.0500406
0.40874 0.59126 0.0500406 0.0500406
0.40874 0.59126 0.0500406 0.0500406
0.40874 0.59126 0.0500406 0.0500406
0.40874 0.59126 0.0500406 0.0500406
0.40873 0.59127 0.0500476 0.0500476
0.40873 0.59127 0.0500476 0.0500476
0.40873 0.59127 0.0500476 0.0500476
0.40873 0.59127 0.0500476 0.0500476
0.40875 0.59125 0.0500471 0.0500471
0.40875 0.59125 0.0500471 0.0500471
0.40875 0.59125 0.0500471 0.0500471
0.40874 0.59126 0.0500546 0.0500546
0.40873 0.59127 0.0500616 0.0500616
0.40871 0.59129 0.0500623 0.0500623
0.40872 0.59128 0.0500619 0.0500619
0.40872 0.59128 0.0500619 0.0500619
0.40872 0.59128 0.0500619 0.0500619
0.40872 0.59128 0.0500619 0.0500619
0.40872 0.59128 0.0500619 0.0500619
0.40872 0.59128 0.0500619 0.0500619
0.40872 0.59128 0.0500619 0.0500619
0.40871 0.59129 0.0500644 0.0500644
0.40871 0.59129 0.0500644 0.0500644
0.40871 0.59129 0.0500644 0.0500644
0.40871 0.59129 0.0500644 0.0500644
0.40871 0.59129 0.0500644 0.0500644
0.40872 0.59128 0.0500641 0.0500641
0.40872 0.59128 0.0500641 0.0500641
0.40872 0.59128 0.0500641 0.0500641
0.40872 0.59128 0.0500641 0.0500641
0.40872 0.59128 0.0500641 0.0500641
0.40872 0.59128 0.0500641 0.0500641
0.40872 0.59128 0.0500641 0.0500641
0.40872 0.59128 0.0500641 0.0500641
0.40872 0.59128 0.0500641 0.0500641
0.40873 0.59127 0.0500631 0.0500631
0.40873 0.59127 0.0500631 0.0500631
0.40873 0.59127 0.0500631 0.0500631
0.40873 0.59127 0.0500631 0.0500631
0.40873 0.59127 0.0500631 0.0500631
0.40874 0.59126 0.0500606 0.0500606
0.40873 0.59127 0.0500631 0.0500631
0.40873 0.59127 0.0500631 0.0500631
0.40873 0.59127 0.0500631 0.0500631
0.40873 0.59127 0.0500631 0.0500631
0.40873 0.59127 0.0500631 0.0500631
0.40873 0.59127 0.0500631 0.0500631
0.40873 0.59127 0.0500631 0.0500631
0.40873 0.59127 0.0500631 0.0500631
0.40873 0.59127 0.0500631 0.0500631
0.40873 0.59127 0.0500631 0.0500631
0.40873 0.59127 0.0500631 0.0500631
0.40873 0.59127 0.0500631 0.0500631
0.40873 0.59127 0.0500631 0.0500631
0.40873 0.59127 0.0500631 0.0500631
0.40873 0.59127 0.0500631 0.0500631
0.40873 0.59127 0.0500631 0.0500631
0.40873 0.59127 0.0500631 0.0500631
0.40872 0.59128 0.0500662 0.0500662
0.40872 0.59128 0.0500662 0.0500662
0.40872 0.59128 0.0500662 0.0500662
0.40872 0.59128 0.0500662 0.0500662
0.40872 0.59128 0.0500662 0.0500662
0.40872 0.59128 0.0500662 0.0500662
0.40872 0.59128 0.0500662 0.0500662
0.40872 0.59128 0.0500662 0.0500662
0.40872 0.59128 0.0500662 0.0500662
0.40872 0.59128 0.0500662 0.0500662
0.40874 0.59126 0.0500606 0.0500606
0.40874 0.59126 0.0500606 0.0500606
0.40874 0.59126 0.0500606 0.0500606
0.40874 0.59126 0.0500606 0.0500606
0.40874 0.59126 0.0500606 0.0500606
0.40874 0.59126 0.0500606 0.0500606
0.40874 0.59126 0.0500606 0.0500606
0.40874 0.59126 0.0500606 0.0500606
0.40874 0.59126 0.0500606 0.0500606
0.40874 0.59126 0.0500606 0.0500606
0.40874 0.59126 0.0500606 0.0500606
0.40874 0.59126 0.0500606 0.0500606
0.40874 0.59126 0.0500606 0.0500606
0.40874 0.59126 0.0500606 0.0500606
0.40874 0.59126 0.0500606 0.0500606
0.40874 0.59126 0.0500606 0.0500606
0.40873 0.59127 0.050061 0.050061
0.40873 0.59127 0.050061 0.050061
0.40873 0.59127 0.050061 0.050061
0.40872 0.59128 0.0500641 0.0500641
0.40872 0.59128 0.0500641 0.0500641
0.40872 0.59128 0.0500641 0.0500641
0.40873 0.59127 0.0500637 0.0500637
0.40873 0.59127 0.0500637 0.0500637
0.40873 0.59127 0.0500637 0.0500637
0.40873 0.59127 0.0500637 0.0500637
0.40873 0.59127 0.0500637 0.0500637
0.40873 0.59127 0.0500637 0.0500637
0.40873 0.59127 0.0500637 0.0500637
0.40873 0.59127 0.0500637 0.0500637
0.40873 0.59127 0.0500637 0.0500637
0.40873 0.59127 0.0500637 0.0500637
0.40873 0.59127 0.0500637 0.0500637
0.40872 0.59128 0.0500662 0.0500662
0.40872 0.59128 0.0500662 0.0500662
0.40873 0.59127 0.0500631 0.0500631
0.40873 0.59127 0.0500631 0.0500631
0.40873 0.59127 0.0500631 0.0500631
0.40872 0.59128 0.0500623 0.0500623
0.40872 0.59128 0.0500623 0.0500623
0.40872 0.59128 0.0500623 0.0500623
0.40872 0.59128 0.0500623 0.0500623
0.40872 0.59128 0.0500623 0.0500623
0.40872 0.59128 0.0500623 0.0500623
0.40872 0.59128 0.0500623 0.0500623
0.40872 0.59128 0.0500623 0.0500623
0.40872 0.59128 0.0500623 0.0500623
0.40873 0.59127 0.050061 0.050061
0.40873 0.59127 0.050061 0.050061
0.40873 0.59127 0.050061 0.050061
0.40873 0.59127 0.050061 0.050061
0.40872 0.59128 0.0500641 0.0500641
0.40873 0.59127 0.0500683 0.0500683
0.40873 0.59127 0.0500683 0.0500683
0.40873 0.59127 0.0500683 0.0500683
0.40873 0.59127 0.0500683 0.0500683
0.40873 0.59127 0.0500683 0.0500683
0.40873 0.59127 0.0500683 0.0500683
0.40871 0.59129 0.0500645 0.0500645
0.40871 0.59129 0.0500645 0.0500645
0.40872 0.59128 0.0500641 0.0500641
0.40872 0.59128 0.0500641 0.0500641
0.40873 0.59127 0.050061 0.050061
0.40873 0.59127 0.050061 0.050061
0.40873 0.59127 0.050061 0.050061
0.40873 0.59127 0.050061 0.050061
0.40873 0.59127 0.050061 0.050061
0.40872 0.59128 0.0500641 0.0500641
0.40872 0.59128 0.0500641 0.0500641
0.40872 0.59128 0.0500641 0.0500641
0.40872 0.59128 0.0500641 0.0500641
0.40872 0.59128 0.0500641 0.0500641
0.40872 0.59128 0.0500641 0.0500641
0.40872 0.59128 0.0500641 0.0500641
0.40872 0.59128 0.0500641 0.0500641
0.40873 0.59127 0.0500683 0.0500683
0.40872 0.59128 0.0500641 0.0500641
0.40872 0.59128 0.0500641 0.0500641
0.40872 0.59128 0.0500641 0.0500641
0.40873 0.59127 0.050061 0.050061
0.40872 0.59128 0.0500641 0.0500641
0.40872 0.59128 0.0500641 0.0500641
0.40872 0.59128 0.0500641 0.0500641
0.40872 0.59128 0.0500641 0.0500641
0.40872 0.59128 0.0500641 0.0500641
0.40871 0.59129 0.0500658 0.0500658
0.4087 0.5913 0.0500683 0.0500683
0.4087 0.5913 0.0500683 0.0500683
0.4087 0.5913 0.0500683 0.0500683
0.4087 0.5913 0.0500683 0.0500683
0.4087 0.5913 0.0500683 0.0500683
0.4087 0.5913 0.0500683 0.0500683
