0.59846 0.40154 0.000242029 0.000242029
0.59966 0.40034 0.000337297 0.000337297
0.59936 0.40064 0.000379526 0.000379526
0.59954 0.40046 0.000464756 0.000464756
0.60051 0.39949 0.000510434 0.000510434
0.60057 0.39943 0.000590833 0.000590833
0.60037 0.39963 0.00069466 0.00069466
0.60144 0.39856 0.000790229 0.000790229
0.6017 0.3983 0.00085999 0.00085999
0.6017 0.3983 0.000933687 0.000933687
0.60244 0.39756 0.000965804 0.000965804
0.60229 0.39771 0.000990915 0.000990915
0.60284 0.39716 0.000981004 0.000981004
0.60231 0.39769 0.000977994 0.000977994
0.60194 0.39806 0.00101044 0.00101044
0.60211 0.39789 0.00110965 0.00110965
0.60216 0.39784 0.00119026 0.00119026
0.60192 0.39808 0.00111242 0.00111242
0.60286 0.39714 0.00113372 0.00113372
0.60219 0.39781 0.00111151 0.00111151
0.60297 0.39703 0.00108025 0.00108025
0.60346 0.39654 0.00109201 0.00109201
0.60392 0.39608 0.00110684 0.00110684
0.60472 0.39528 0.00101509 0.00101509
0.60422 0.39578 0.0010032 0.0010032
0.60341 0.39659 0.00110186 0.00110186
0.60375 0.39625 0.00104918 0.00104918
0.60391 0.39609 0.00103283 0.00103283
0.60397 0.39603 0.00110163 0.00110163
0.60374 0.39626 0.00117312 0.00117312
0.60348 0.39652 0.00124161 0.00124161
0.60322 0.39678 0.00128547 0.00128547
0.60319 0.39681 0.00124981 0.00124981
0.60286 0.39714 0.00122398 0.00122398
0.60259 0.39741 0.00126214 0.00126214
0.60222 0.39778 0.00128436 0.00128436
0.60211 0.39789 0.00128909 0.00128909
0.6017 0.3983 0.00133401 0.00133401
0.60145 0.39855 0.00128025 0.00128025
0.60112 0.39888 0.00134552 0.00134552
0.60146 0.39854 0.00126221 0.00126221
0.60168 0.39832 0.00120903 0.00120903
0.60361 0.39639 0.00123024 0.00123024
0.60425 0.39575 0.00120922 0.00120922
0.60335 0.39665 0.00121409 0.00121409
0.60336 0.39664 0.00118864 0.00118864
0.60432 0.39568 0.00121533 0.00121533
0.60306 0.39694 0.0012824 0.0012824
0.60294 0.39706 0.00132511 0.00132511
0.60242 0.39758 0.00128766 0.00128766
0.60171 0.39829 0.00126047 0.00126047
0.60182 0.39818 0.00119201 0.00119201
0.60162 0.39838 0.00132499 0.00132499
0.60179 0.39821 0.00147148 0.00147148
0.60217 0.39783 0.00142241 0.00142241
0.60206 0.39794 0.00149959 0.00149959
0.6012 0.3988 0.00154943 0.00154943
0.60096 0.39904 0.0015019 0.0015019
0.60164 0.39836 0.00150395 0.00150395
0.60172 0.39828 0.00156422 0.00156422
0.60166 0.39834 0.00154243 0.00154243
0.60232 0.39768 0.00147006 0.00147006
0.60328 0.39672 0.00139012 0.00139012
0.60412 0.39588 0.00143926 0.00143926
0.60333 0.39667 0.00131473 0.00131473
0.60414 0.39586 0.00135432 0.00135432
0.60366 0.39634 0.00136946 0.00136946
0.60305 0.39695 0.0013393 0.0013393
0.60356 0.39644 0.00128457 0.00128457
0.6035 0.3965 0.00127922 0.00127922
0.60449 0.39551 0.00130884 0.00130884
0.6048 0.3952 0.00136335 0.00136335
0.60461 0.39539 0.00130004 0.00130004
0.60431 0.39569 0.00135068 0.00135068
0.60506 0.39494 0.00139535 0.00139535
0.60456 0.39544 0.00132688 0.00132688
0.60379 0.39621 0.00137102 0.00137102
0.60387 0.39613 0.00132559 0.00132559
0.60462 0.39538 0.00131345 0.00131345
0.60378 0.39622 0.00139767 0.00139767
0.6039 0.3961 0.00139019 0.00139019
0.60398 0.39602 0.00136115 0.00136115
0.60364 0.39636 0.00130324 0.00130324
0.6036 0.3964 0.001292 0.001292
0.60272 0.39728 0.001288 0.001288
0.60288 0.39712 0.00136148 0.00136148
0.6028 0.3972 0.00138655 0.00138655
0.60227 0.39773 0.00140036 0.00140036
0.60237 0.39763 0.00141121 0.00141121
0.60207 0.39793 0.00139479 0.00139479
0.60129 0.39871 0.00131558 0.00131558
0.60223 0.39777 0.00134474 0.00134474
0.60198 0.39802 0.00131834 0.00131834
0.60236 0.39764 0.00141991 0.00141991
0.60279 0.39721 0.00139601 0.00139601
0.60255 0.39745 0.001467 0.001467
0.60267 0.39733 0.00143382 0.00143382
0.60132 0.39868 0.00135058 0.00135058
0.6014 0.3986 0.00138778 0.00138778
0.60102 0.39898 0.00140109 0.00140109
0.60116 0.39884 0.00137161 0.00137161
0.60203 0.39797 0.00140496 0.00140496
0.6011 0.3989 0.00128292 0.00128292
0.60226 0.39774 0.00129981 0.00129981
0.60253 0.39747 0.00136108 0.00136108
0.60302 0.39698 0.00137982 0.00137982
0.60257 0.39743 0.00134441 0.00134441
0.60333 0.39667 0.00129432 0.00129432
0.60304 0.39696 0.00131671 0.00131671
0.60423 0.39577 0.00123905 0.00123905
0.60389 0.39611 0.00119664 0.00119664
0.60323 0.39677 0.00127026 0.00127026
0.60242 0.39758 0.00133861 0.00133861
0.60194 0.39806 0.00131755 0.00131755
0.60155 0.39845 0.00129932 0.00129932
0.60201 0.39799 0.00140084 0.00140084
0.59978 0.40022 0.00133284 0.00133284
0.59993 0.40007 0.00142243 0.00142243
0.59939 0.40061 0.00144464 0.00144464
0.59912 0.40088 0.00139706 0.00139706
0.59967 0.40033 0.0014437 0.0014437
0.60067 0.39933 0.00150028 0.00150028
0.60111 0.39889 0.0014967 0.0014967
0.6006 0.3994 0.00147222 0.00147222
0.60167 0.39833 0.00151816 0.00151816
0.6007 0.3993 0.00155031 0.00155031
0.60114 0.39886 0.00155816 0.00155816
0.60109 0.39891 0.00154647 0.00154647
0.60056 0.39944 0.00159156 0.00159156
0.60051 0.39949 0.00157791 0.00157791
0.60108 0.39892 0.00155131 0.00155131
0.60155 0.39845 0.00154461 0.00154461
0.60239 0.39761 0.0015238 0.0015238
0.60149 0.39851 0.00158064 0.00158064
0.60171 0.39829 0.00161388 0.00161388
0.60134 0.39866 0.00164514 0.00164514
0.60021 0.39979 0.00150671 0.00150671
0.5997 0.4003 0.00156779 0.00156779
0.5997 0.4003 0.00155856 0.00155856
0.59884 0.40116 0.00150159 0.00150159
0.59922 0.40078 0.00153991 0.00153991
0.59925 0.40075 0.00162233 0.00162233
0.59957 0.40043 0.00165116 0.00165116
0.59966 0.40034 0.00168647 0.00168647
0.59975 0.40025 0.00167257 0.00167257
0.5999 0.4001 0.00160908 0.00160908
0.59958 0.40042 0.001596 0.001596
0.59948 0.40052 0.00163704 0.00163704
0.59966 0.40034 0.00158505 0.00158505
0.60056 0.39944 0.00151787 0.00151787
0.60103 0.39897 0.00156855 0.00156855
0.60009 0.39991 0.00160255 0.00160255
0.59941 0.40059 0.00150982 0.00150982
0.59873 0.40127 0.00155842 0.00155842
0.59849 0.40151 0.00161052 0.00161052
0.59962 0.40038 0.00165404 0.00165404
0.60038 0.39962 0.00164167 0.00164167
0.59899 0.40101 0.00160294 0.00160294
0.59936 0.40064 0.00164894 0.00164894
0.59985 0.40015 0.00165564 0.00165564
0.60106 0.39894 0.0017701 0.0017701
0.60144 0.39856 0.00176348 0.00176348
0.60153 0.39847 0.00176167 0.00176167
0.60132 0.39868 0.00176446 0.00176446
0.60075 0.39925 0.00176601 0.00176601
0.60019 0.39981 0.00181353 0.00181353
0.60056 0.39944 0.00178972 0.00178972
0.6003 0.3997 0.00172761 0.00172761
0.60035 0.39965 0.00172047 0.00172047
0.60093 0.39907 0.001755 0.001755
0.60053 0.39947 0.00176462 0.00176462
0.59985 0.40015 0.00184429 0.00184429
0.60069 0.39931 0.00177119 0.00177119
0.60048 0.39952 0.00181486 0.00181486
0.60116 0.39884 0.0017626 0.0017626
0.6012 0.3988 0.00173828 0.00173828
0.60125 0.39875 0.00176029 0.00176029
0.60139 0.39861 0.00171963 0.00171963
0.60114 0.39886 0.00182051 0.00182051
0.60003 0.39997 0.00190993 0.00190993
0.59987 0.40013 0.00188547 0.00188547
0.60096 0.39904 0.0018201 0.0018201
0.60087 0.39913 0.00181448 0.00181448
0.60081 0.39919 0.00177943 0.00177943
0.6007 0.3993 0.00179128 0.00179128
0.60064 0.39936 0.00177686 0.00177686
0.59993 0.40007 0.00181928 0.00181928
0.60048 0.39952 0.0017892 0.0017892
0.60033 0.39967 0.00171162 0.00171162
0.60067 0.39933 0.00179479 0.00179479
0.59999 0.40001 0.00176625 0.00176625
0.59887 0.40113 0.00170763 0.00170763
0.59814 0.40186 0.0017704 0.0017704
0.59867 0.40133 0.00177832 0.00177832
0.59848 0.40152 0.00188215 0.00188215
0.59878 0.40122 0.00187407 0.00187407
0.59855 0.40145 0.00200179 0.00200179
0.59836 0.40164 0.00193235 0.00193235
0.59782 0.40218 0.00190245 0.00190245
0.59801 0.40199 0.00188985 0.00188985
0.5999 0.4001 0.00192979 0.00192979
0.59951 0.40049 0.00187153 0.00187153
0.60069 0.39931 0.00183662 0.00183662
0.60112 0.39888 0.00190063 0.00190063
0.60055 0.39945 0.00191999 0.00191999
0.60056 0.39944 0.00192564 0.00192564
0.59988 0.40012 0.00189423 0.00189423
0.60058 0.39942 0.00196019 0.00196019
0.59983 0.40017 0.0019383 0.0019383
0.59984 0.40016 0.00191783 0.00191783
0.59998 0.40002 0.00185798 0.00185798
0.60113 0.39887 0.00190298 0.00190298
0.60156 0.39844 0.00192253 0.00192253
0.60074 0.39926 0.00195124 0.00195124
0.60101 0.39899 0.001931 0.001931
0.60079 0.39921 0.00196835 0.00196835
0.60118 0.39882 0.00192092 0.00192092
0.60121 0.39879 0.00184504 0.00184504
0.60082 0.39918 0.00190231 0.00190231
0.60127 0.39873 0.00196432 0.00196432
0.60219 0.39781 0.00183644 0.00183644
0.60177 0.39823 0.00188305 0.00188305
0.60173 0.39827 0.00189085 0.00189085
0.60172 0.39828 0.00179822 0.00179822
0.60075 0.39925 0.00188225 0.00188225
0.60109 0.39891 0.00192216 0.00192216
0.60069 0.39931 0.00186805 0.00186805
0.59988 0.40012 0.00185481 0.00185481
0.59947 0.40053 0.00195122 0.00195122
0.59892 0.40108 0.00187561 0.00187561
0.59858 0.40142 0.00193705 0.00193705
0.59929 0.40071 0.00188384 0.00188384
0.59921 0.40079 0.00193174 0.00193174
0.59927 0.40073 0.00197196 0.00197196
0.5999 0.4001 0.0019369 0.0019369
0.59886 0.40114 0.00198665 0.00198665
0.59897 0.40103 0.00194552 0.00194552
0.59962 0.40038 0.00197034 0.00197034
0.59967 0.40033 0.00205022 0.00205022
0.60029 0.39971 0.00211746 0.00211746
0.6004 0.3996 0.0020997 0.0020997
0.6013 0.3987 0.00196771 0.00196771
0.60148 0.39852 0.00198041 0.00198041
0.60079 0.39921 0.00186407 0.00186407
0.60185 0.39815 0.00180682 0.00180682
0.60122 0.39878 0.00181308 0.00181308
0.60244 0.39756 0.00190599 0.00190599
0.60208 0.39792 0.00193967 0.00193967
0.60232 0.39768 0.00184151 0.00184151
0.60156 0.39844 0.00191875 0.00191875
0.60202 0.39798 0.00196537 0.00196537
0.60313 0.39687 0.00200238 0.00200238
0.60083 0.39917 0.00203515 0.00203515
0.60199 0.39801 0.00200874 0.00200874
0.60229 0.39771 0.00201595 0.00201595
0.60262 0.39738 0.00198771 0.00198771
0.60205 0.39795 0.00198185 0.00198185
0.60104 0.39896 0.00206596 0.00206596
0.60018 0.39982 0.002067 0.002067
0.60057 0.39943 0.00212677 0.00212677
0.601 0.399 0.00218105 0.00218105
0.60277 0.39723 0.00211868 0.00211868
0.60194 0.39806 0.0020442 0.0020442
0.60159 0.39841 0.00205746 0.00205746
0.60262 0.39738 0.00202488 0.00202488
0.6012 0.3988 0.00207137 0.00207137
0.60055 0.39945 0.00213334 0.00213334
0.60129 0.39871 0.00216421 0.00216421
0.60275 0.39725 0.00217742 0.00217742
0.60284 0.39716 0.00212519 0.00212519
0.60306 0.39694 0.00204917 0.00204917
0.60333 0.39667 0.00204723 0.00204723
0.60418 0.39582 0.00208827 0.00208827
0.6048 0.3952 0.00206469 0.00206469
0.60514 0.39486 0.00207782 0.00207782
0.60564 0.39436 0.00206286 0.00206286
0.60544 0.39456 0.00198724 0.00198724
0.6048 0.3952 0.00202063 0.00202063
0.60379 0.39621 0.00201786 0.00201786
0.60309 0.39691 0.00205701 0.00205701
0.60198 0.39802 0.00201533 0.00201533
0.60231 0.39769 0.00198238 0.00198238
0.60152 0.39848 0.00206191 0.00206191
0.60054 0.39946 0.0020772 0.0020772
0.59983 0.40017 0.00204853 0.00204853
0.59973 0.40027 0.00200141 0.00200141
0.60106 0.39894 0.0020321 0.0020321
0.6016 0.3984 0.00199087 0.00199087
0.60152 0.39848 0.00197769 0.00197769
0.60147 0.39853 0.00195615 0.00195615
0.60106 0.39894 0.00196327 0.00196327
0.60219 0.39781 0.00193286 0.00193286
0.60227 0.39773 0.00191818 0.00191818
0.60258 0.39742 0.00197467 0.00197467
0.60227 0.39773 0.00205881 0.00205881
0.60213 0.39787 0.00200615 0.00200615
0.60162 0.39838 0.00202034 0.00202034
0.60188 0.39812 0.0020732 0.0020732
0.60278 0.39722 0.00214042 0.00214042
0.60301 0.39699 0.00222833 0.00222833
0.60331 0.39669 0.00237292 0.00237292
0.60291 0.39709 0.00235513 0.00235513
0.60234 0.39766 0.00232455 0.00232455
0.6031 0.3969 0.00226827 0.00226827
0.60289 0.39711 0.0022725 0.0022725
0.60348 0.39652 0.00220268 0.00220268
0.6038 0.3962 0.00221891 0.00221891
0.6043 0.3957 0.00214993 0.00214993
0.60414 0.39586 0.00215014 0.00215014
0.60272 0.39728 0.00217907 0.00217907
0.60309 0.39691 0.00219271 0.00219271
0.60347 0.39653 0.00218112 0.00218112
0.60308 0.39692 0.00220597 0.00220597
0.60335 0.39665 0.00227698 0.00227698
0.60311 0.39689 0.00224398 0.00224398
0.60152 0.39848 0.00225779 0.00225779
0.60211 0.39789 0.00231268 0.00231268
0.60297 0.39703 0.00230124 0.00230124
0.60298 0.39702 0.00225822 0.00225822
0.60321 0.39679 0.0022436 0.0022436
0.60257 0.39743 0.00217669 0.00217669
0.60144 0.39856 0.00218211 0.00218211
0.60047 0.39953 0.00222395 0.00222395
0.60119 0.39881 0.0022347 0.0022347
0.60126 0.39874 0.00214042 0.00214042
0.6022 0.3978 0.00204061 0.00204061
0.6019 0.3981 0.00218488 0.00218488
0.60268 0.39732 0.00226442 0.00226442
0.60271 0.39729 0.00232855 0.00232855
0.60316 0.39684 0.00228999 0.00228999
0.60501 0.39499 0.00234185 0.00234185
0.60458 0.39542 0.00231815 0.00231815
0.60378 0.39622 0.00241128 0.00241128
0.60297 0.39703 0.00240894 0.00240894
0.60274 0.39726 0.00233599 0.00233599
0.60219 0.39781 0.00230191 0.00230191
0.60214 0.39786 0.00222705 0.00222705
0.60186 0.39814 0.00224158 0.00224158
0.60212 0.39788 0.00224992 0.00224992
0.60189 0.39811 0.0023499 0.0023499
0.60207 0.39793 0.00228465 0.00228465
0.60183 0.39817 0.00234467 0.00234467
0.60333 0.39667 0.00236499 0.00236499
0.60343 0.39657 0.00242617 0.00242617
0.60239 0.39761 0.00243947 0.00243947
0.60235 0.39765 0.00242227 0.00242227
0.60237 0.39763 0.00240807 0.00240807
0.6027 0.3973 0.00242351 0.00242351
0.60327 0.39673 0.00238757 0.00238757
0.60437 0.39563 0.00239868 0.00239868
0.60458 0.39542 0.00240259 0.00240259
0.60405 0.39595 0.00247597 0.00247597
0.60408 0.39592 0.00246807 0.00246807
0.60331 0.39669 0.00245504 0.00245504
0.60316 0.39684 0.00255458 0.00255458
0.60296 0.39704 0.00248073 0.00248073
0.60261 0.39739 0.00255361 0.00255361
0.60284 0.39716 0.00256735 0.00256735
0.60225 0.39775 0.00252195 0.00252195
0.60338 0.39662 0.00241539 0.00241539
0.60369 0.39631 0.00246036 0.00246036
0.60273 0.39727 0.00246816 0.00246816
0.60319 0.39681 0.00249401 0.00249401
0.60269 0.39731 0.00249375 0.00249375
0.60277 0.39723 0.00249446 0.00249446
0.60297 0.39703 0.00254203 0.00254203
0.60223 0.39777 0.00271095 0.00271095
0.60221 0.39779 0.00270162 0.00270162
0.60186 0.39814 0.00269871 0.00269871
0.60211 0.39789 0.00271204 0.00271204
0.60168 0.39832 0.00260866 0.00260866
0.60114 0.39886 0.00255994 0.00255994
0.60089 0.39911 0.00251919 0.00251919
0.59927 0.40073 0.00251416 0.00251416
0.60102 0.39898 0.00244846 0.00244846
0.60131 0.39869 0.00247775 0.00247775
0.60098 0.39902 0.00258402 0.00258402
0.60227 0.39773 0.00252396 0.00252396
0.6006 0.3994 0.00265333 0.00265333
0.60142 0.39858 0.00271649 0.00271649
0.60022 0.39978 0.0025947 0.0025947
0.60057 0.39943 0.00262398 0.00262398
0.60098 0.39902 0.00264697 0.00264697
0.6008 0.3992 0.00258141 0.00258141
0.60078 0.39922 0.00250427 0.00250427
0.60233 0.39767 0.00249113 0.00249113
0.60308 0.39692 0.002417 0.002417
0.60146 0.39854 0.00246914 0.00246914
0.60204 0.39796 0.00252117 0.00252117
0.60423 0.39577 0.00251291 0.00251291
0.60399 0.39601 0.00253781 0.00253781
0.60321 0.39679 0.00258904 0.00258904
0.60276 0.39724 0.00269798 0.00269798
0.60235 0.39765 0.0026336 0.0026336
0.60213 0.39787 0.00266761 0.00266761
0.60271 0.39729 0.00254336 0.00254336
0.60326 0.39674 0.00251951 0.00251951
0.60351 0.39649 0.00253627 0.00253627
0.60308 0.39692 0.00248908 0.00248908
0.60204 0.39796 0.00252458 0.00252458
0.60304 0.39696 0.00259713 0.00259713
0.60316 0.39684 0.00260452 0.00260452
0.60316 0.39684 0.00260286 0.00260286
0.60306 0.39694 0.00275026 0.00275026
0.60181 0.39819 0.00264088 0.00264088
0.60389 0.39611 0.00254452 0.00254452
0.60407 0.39593 0.00254841 0.00254841
0.60406 0.39594 0.00261371 0.00261371
0.60419 0.39581 0.00266824 0.00266824
0.60424 0.39576 0.002754 0.002754
0.60443 0.39557 0.00266314 0.00266314
0.60524 0.39476 0.0026434 0.0026434
0.60523 0.39477 0.00260177 0.00260177
0.60495 0.39505 0.00261156 0.00261156
0.60596 0.39404 0.00245311 0.00245311
0.60575 0.39425 0.00252251 0.00252251
0.60625 0.39375 0.00254686 0.00254686
0.6052 0.3948 0.00262689 0.00262689
0.60471 0.39529 0.00259134 0.00259134
0.60549 0.39451 0.00255973 0.00255973
0.60532 0.39468 0.00249125 0.00249125
0.60595 0.39405 0.0025911 0.0025911
0.607 0.393 0.00259572 0.00259572
0.60702 0.39298 0.00263857 0.00263857
0.60713 0.39287 0.00260735 0.00260735
0.60592 0.39408 0.00268428 0.00268428
0.60432 0.39568 0.00276101 0.00276101
0.60508 0.39492 0.00263357 0.00263357
0.60508 0.39492 0.00263191 0.00263191
0.60583 0.39417 0.00267103 0.00267103
0.60528 0.39472 0.00258566 0.00258566
0.60541 0.39459 0.0025443 0.0025443
0.60439 0.39561 0.00251287 0.00251287
0.6048 0.3952 0.00264574 0.00264574
0.60462 0.39538 0.00268323 0.00268323
0.6052 0.3948 0.00270091 0.00270091
0.60511 0.39489 0.00268533 0.00268533
0.60387 0.39613 0.00260537 0.00260537
0.60562 0.39438 0.00242678 0.00242678
0.60514 0.39486 0.00235022 0.00235022
0.6047 0.3953 0.00243193 0.00243193
0.6046 0.3954 0.00245222 0.00245222
0.60459 0.39541 0.00248378 0.00248378
0.60541 0.39459 0.0025697 0.0025697
0.6048 0.3952 0.00253119 0.00253119
0.60496 0.39504 0.00243372 0.00243372
0.6036 0.3964 0.00249782 0.00249782
0.60367 0.39633 0.00254311 0.00254311
0.60392 0.39608 0.00256872 0.00256872
0.60417 0.39583 0.00255364 0.00255364
0.60412 0.39588 0.00246487 0.00246487
0.60511 0.39489 0.00237917 0.00237917
0.60453 0.39547 0.0024834 0.0024834
0.60398 0.39602 0.00244192 0.00244192
0.60339 0.39661 0.00237062 0.00237062
0.60303 0.39697 0.00240015 0.00240015
0.60368 0.39632 0.0024379 0.0024379
0.60401 0.39599 0.0024511 0.0024511
0.60457 0.39543 0.00241764 0.00241764
0.60507 0.39493 0.00238097 0.00238097
0.60502 0.39498 0.00243915 0.00243915
0.60497 0.39503 0.00249272 0.00249272
0.60496 0.39504 0.00250127 0.00250127
0.6053 0.3947 0.00263799 0.00263799
0.60606 0.39394 0.00263032 0.00263032
0.60608 0.39392 0.00263809 0.00263809
0.60629 0.39371 0.00252433 0.00252433
0.6064 0.3936 0.00247879 0.00247879
0.60679 0.39321 0.00246243 0.00246243
0.60697 0.39303 0.00246914 0.00246914
0.606 0.394 0.00244194 0.00244194
0.60608 0.39392 0.00239902 0.00239902
0.60592 0.39408 0.0023403 0.0023403
0.60591 0.39409 0.00245251 0.00245251
0.60571 0.39429 0.00258669 0.00258669
0.60597 0.39403 0.00246518 0.00246518
0.60522 0.39478 0.00247565 0.00247565
0.60627 0.39373 0.00246911 0.00246911
0.60479 0.39521 0.00250879 0.00250879
0.60434 0.39566 0.0025451 0.0025451
0.60496 0.39504 0.00256218 0.00256218
0.60632 0.39368 0.00242313 0.00242313
0.60723 0.39277 0.00232076 0.00232076
0.60773 0.39227 0.00231547 0.00231547
0.60711 0.39289 0.00238109 0.00238109
0.60625 0.39375 0.00235645 0.00235645
0.60657 0.39343 0.00235249 0.00235249
0.60455 0.39545 0.00238166 0.00238166
0.60478 0.39522 0.00235328 0.00235328
0.60429 0.39571 0.00236593 0.00236593
0.60427 0.39573 0.00244996 0.00244996
0.60467 0.39533 0.00250582 0.00250582
0.60446 0.39554 0.00249045 0.00249045
0.60396 0.39604 0.00253683 0.00253683
0.60473 0.39527 0.00250028 0.00250028
0.60422 0.39578 0.00257276 0.00257276
0.6049 0.3951 0.00256163 0.00256163
0.60501 0.39499 0.00271633 0.00271633
0.60548 0.39452 0.00275286 0.00275286
0.60456 0.39544 0.00273857 0.00273857
