1 0.9595
1 0.961
1 0.951
1 0.9655
1 0.96
0.49 0.676
0.509 0.684
0.5085 0.706
0.4945 0.6365
0.5095 0.6765
0.498 0.664
0.4915 0.66
0.4865 0.7145
0.4785 0.609
0.484 0.646
0.4945 0.6985
0.5045 0.674
0.499 0.6095
0.5075 0.706
0.501 0.646
0.4885 0.647
0.491 0.6535
0.496 0.6775
0.49 0.639
0.511 0.6885
0.494 0.6375
0.4905 0.632
0.4945 0.703
0.508 0.6695
0.498 0.6535
0.4975 0.697
0.4915 0.613
0.4915 0.655
0.5125 0.689
0.5005 0.675
0.496 0.6545
0.51 0.6935
0.4895 0.641
0.5195 0.698
0.491 0.6505
0.509 0.6465
0.5025 0.6655
0.5125 0.69
0.503 0.669
0.509 0.674
0.4905 0.651
0.4795 0.6455
0.5195 0.677
0.52 0.6745
0.5085 0.6255
