0.49953 0.50047 3.26153e-05 3.26153e-05
0.499 0.501 6.42424e-05 6.42424e-05
0.49777 0.50223 0.00010531 0.00010531
0.4974 0.5026 0.000188323 0.000188323
0.49723 0.50277 0.000206684 0.000206684
0.49668 0.50332 0.000223169 0.000223169
0.4961 0.5039 0.000276212 0.000276212
0.49696 0.50304 0.000279958 0.000279958
0.49611 0.50389 0.000334463 0.000334463
0.49602 0.50398 0.000379515 0.000379515
0.49654 0.50346 0.00040312 0.00040312
0.49609 0.50391 0.000469982 0.000469982
0.49572 0.50428 0.000510264 0.000510264
0.49469 0.50531 0.000515105 0.000515105
0.49533 0.50467 0.000578203 0.000578203
0.49537 0.50463 0.000664781 0.000664781
0.49586 0.50414 0.000730687 0.000730687
0.49549 0.50451 0.000764737 0.000764737
0.49568 0.50432 0.000791553 0.000791553
0.49673 0.50327 0.000808199 0.000808199
0.49628 0.50372 0.000805497 0.000805497
0.49593 0.50407 0.000797237 0.000797237
0.49601 0.50399 0.000815525 0.000815525
0.49536 0.50464 0.000824273 0.000824273
0.4954 0.5046 0.000852545 0.000852545
0.4948 0.5052 0.00079204 0.00079204
0.49437 0.50563 0.000837468 0.000837468
0.49478 0.50522 0.00085981 0.00085981
0.49486 0.50514 0.000858465 0.000858465
0.49431 0.50569 0.000853186 0.000853186
0.49427 0.50573 0.000915674 0.000915674
0.49363 0.50637 0.000917104 0.000917104
0.49324 0.50676 0.000876023 0.000876023
0.49312 0.50688 0.000847157 0.000847157
0.49279 0.50721 0.000864551 0.000864551
0.49308 0.50692 0.000882559 0.000882559
0.49298 0.50702 0.000869555 0.000869555
0.49295 0.50705 0.000894048 0.000894048
0.4929 0.5071 0.00087096 0.00087096
0.49494 0.50506 0.000827229 0.000827229
0.49438 0.50562 0.000874501 0.000874501
0.49375 0.50625 0.000901563 0.000901563
0.49348 0.50652 0.00089706 0.00089706
0.49255 0.50745 0.000885967 0.000885967
0.49254 0.50746 0.000851503 0.000851503
0.49281 0.50719 0.00093359 0.00093359
0.49245 0.50755 0.000941866 0.000941866
0.49323 0.50677 0.000917593 0.000917593
0.49254 0.50746 0.000914594 0.000914594
0.493 0.507 0.000931576 0.000931576
0.49269 0.50731 0.000955287 0.000955287
0.4925 0.5075 0.00097102 0.00097102
0.49249 0.50751 0.000941889 0.000941889
0.49223 0.50777 0.000946825 0.000946825
0.49265 0.50735 0.000956614 0.000956614
0.49206 0.50794 0.000929148 0.000929148
0.49206 0.50794 0.000950562 0.000950562
0.4926 0.5074 0.000949111 0.000949111
0.49328 0.50672 0.000946062 0.000946062
0.49334 0.50666 0.000975297 0.000975297
0.49266 0.50734 0.00103752 0.00103752
0.49264 0.50736 0.00110678 0.00110678
0.49239 0.50761 0.00113335 0.00113335
0.49314 0.50686 0.00108174 0.00108174
0.49228 0.50772 0.0010323 0.0010323
0.49233 0.50767 0.000973435 0.000973435
0.49256 0.50744 0.000995481 0.000995481
0.49247 0.50753 0.00101431 0.00101431
0.49338 0.50662 0.00102404 0.00102404
0.49267 0.50733 0.00104093 0.00104093
0.4932 0.5068 0.001064 0.001064
0.49353 0.50647 0.00108629 0.00108629
0.49336 0.50664 0.00106536 0.00106536
0.49352 0.50648 0.00110213 0.00110213
0.49292 0.50708 0.00112719 0.00112719
0.49263 0.50737 0.00110638 0.00110638
0.49259 0.50741 0.00102053 0.00102053
0.49275 0.50725 0.00107669 0.00107669
0.49342 0.50658 0.00107709 0.00107709
0.49432 0.50568 0.00106499 0.00106499
0.49481 0.50519 0.00110308 0.00110308
0.4949 0.5051 0.0011072 0.0011072
0.4953 0.5047 0.00109904 0.00109904
0.4958 0.5042 0.00111085 0.00111085
0.49521 0.50479 0.00114235 0.00114235
0.49505 0.50495 0.00115609 0.00115609
0.4953 0.5047 0.00120676 0.00120676
0.49455 0.50545 0.00115918 0.00115918
0.49532 0.50468 0.00120038 0.00120038
0.49459 0.50541 0.00120669 0.00120669
0.49502 0.50498 0.00121085 0.00121085
0.4954 0.5046 0.0012763 0.0012763
0.49476 0.50524 0.00135386 0.00135386
0.49409 0.50591 0.00124729 0.00124729
0.49515 0.50485 0.00125324 0.00125324
0.49541 0.50459 0.00121727 0.00121727
0.49453 0.50547 0.00126765 0.00126765
0.49399 0.50601 0.00135486 0.00135486
0.4948 0.5052 0.00134378 0.00134378
0.49453 0.50547 0.00135789 0.00135789
0.49511 0.50489 0.00136343 0.00136343
0.49478 0.50522 0.0012845 0.0012845
0.49421 0.50579 0.00127104 0.00127104
0.49426 0.50574 0.00125074 0.00125074
0.49491 0.50509 0.00121845 0.00121845
0.49374 0.50626 0.00123872 0.00123872
0.49321 0.50679 0.0012952 0.0012952
0.49277 0.50723 0.00131531 0.00131531
0.49351 0.50649 0.00131712 0.00131712
0.4933 0.5067 0.00133272 0.00133272
0.49389 0.50611 0.0013505 0.0013505
0.494 0.506 0.00135851 0.00135851
0.49354 0.50646 0.00132419 0.00132419
0.49369 0.50631 0.00132737 0.00132737
0.4941 0.5059 0.00132427 0.00132427
0.49347 0.50653 0.00130748 0.00130748
0.49361 0.50639 0.00128448 0.00128448
0.49378 0.50622 0.00125928 0.00125928
0.49386 0.50614 0.00116447 0.00116447
0.49457 0.50543 0.00113603 0.00113603
0.49445 0.50555 0.00117736 0.00117736
0.49396 0.50604 0.00114697 0.00114697
0.49453 0.50547 0.00114227 0.00114227
0.49458 0.50542 0.00112647 0.00112647
0.49465 0.50535 0.00109888 0.00109888
0.49464 0.50536 0.00114161 0.00114161
0.49356 0.50644 0.00114906 0.00114906
0.49342 0.50658 0.00119851 0.00119851
0.49321 0.50679 0.00116593 0.00116593
0.49353 0.50647 0.00109449 0.00109449
0.49342 0.50658 0.00111871 0.00111871
0.494 0.506 0.0011318 0.0011318
0.49278 0.50722 0.00111262 0.00111262
0.49238 0.50762 0.00108414 0.00108414
0.4928 0.5072 0.00114063 0.00114063
0.49211 0.50789 0.00114588 0.00114588
0.49216 0.50784 0.0010948 0.0010948
0.49284 0.50716 0.00112704 0.00112704
0.49379 0.50621 0.00116035 0.00116035
0.49424 0.50576 0.00113715 0.00113715
0.49444 0.50556 0.00117451 0.00117451
0.49378 0.50622 0.00122868 0.00122868
0.49326 0.50674 0.00124025 0.00124025
0.49386 0.50614 0.00122133 0.00122133
0.49363 0.50637 0.0012566 0.0012566
0.4943 0.5057 0.00129298 0.00129298
0.49352 0.50648 0.00134466 0.00134466
0.4936 0.5064 0.00137382 0.00137382
0.49369 0.50631 0.00137816 0.00137816
0.49345 0.50655 0.00136023 0.00136023
0.49397 0.50603 0.00139662 0.00139662
0.49413 0.50587 0.00136413 0.00136413
0.49373 0.50627 0.00136868 0.00136868
0.49368 0.50632 0.0012884 0.0012884
0.49255 0.50745 0.00130411 0.00130411
0.49305 0.50695 0.0012371 0.0012371
0.49355 0.50645 0.00120132 0.00120132
0.49258 0.50742 0.00123554 0.00123554
0.4925 0.5075 0.00129262 0.00129262
0.49245 0.50755 0.00135088 0.00135088
0.49213 0.50787 0.00132329 0.00132329
0.49283 0.50717 0.00131366 0.00131366
0.49284 0.50716 0.00134632 0.00134632
0.49269 0.50731 0.00129904 0.00129904
0.49207 0.50793 0.00119774 0.00119774
0.49225 0.50775 0.00119467 0.00119467
0.49256 0.50744 0.00117366 0.00117366
0.49259 0.50741 0.0011394 0.0011394
0.49296 0.50704 0.0011306 0.0011306
0.49258 0.50742 0.00115447 0.00115447
0.49227 0.50773 0.00118446 0.00118446
0.4921 0.5079 0.00119738 0.00119738
0.49242 0.50758 0.00124798 0.00124798
0.4932 0.5068 0.0012202 0.0012202
0.49326 0.50674 0.00126896 0.00126896
0.49318 0.50682 0.00125407 0.00125407
0.49254 0.50746 0.00124207 0.00124207
0.49195 0.50805 0.00126116 0.00126116
0.49249 0.50751 0.00127819 0.00127819
0.49324 0.50676 0.00124586 0.00124586
0.4935 0.5065 0.00126429 0.00126429
0.4936 0.5064 0.00128727 0.00128727
0.49316 0.50684 0.00126003 0.00126003
0.49297 0.50703 0.00124373 0.00124373
0.49305 0.50695 0.00129647 0.00129647
0.49286 0.50714 0.00128968 0.00128968
0.49278 0.50722 0.0013066 0.0013066
0.4933 0.5067 0.00124526 0.00124526
0.4938 0.5062 0.00126915 0.00126915
0.49386 0.50614 0.00126341 0.00126341
0.49397 0.50603 0.00124013 0.00124013
0.49384 0.50616 0.00133484 0.00133484
0.49334 0.50666 0.00129742 0.00129742
0.49321 0.50679 0.00131328 0.00131328
0.49376 0.50624 0.00134101 0.00134101
0.49462 0.50538 0.00133858 0.00133858
0.49505 0.50495 0.00137892 0.00137892
0.49571 0.50429 0.00137023 0.00137023
0.49558 0.50442 0.00133253 0.00133253
0.49493 0.50507 0.00133075 0.00133075
0.49534 0.50466 0.0013514 0.0013514
0.49521 0.50479 0.00131358 0.00131358
0.4955 0.5045 0.00127223 0.00127223
0.49561 0.50439 0.00128618 0.00128618
0.4961 0.5039 0.00129847 0.00129847
0.49566 0.50434 0.00131368 0.00131368
0.49587 0.50413 0.00132668 0.00132668
0.49582 0.50418 0.00134461 0.00134461
0.49599 0.50401 0.0013529 0.0013529
0.49559 0.50441 0.00130677 0.00130677
0.49528 0.50472 0.00129976 0.00129976
0.49506 0.50494 0.00134394 0.00134394
0.49476 0.50524 0.00131756 0.00131756
0.49571 0.50429 0.00129308 0.00129308
0.49585 0.50415 0.00127451 0.00127451
0.49571 0.50429 0.00135912 0.00135912
0.49518 0.50482 0.00135847 0.00135847
0.496 0.504 0.00133436 0.00133436
0.49595 0.50405 0.00142219 0.00142219
0.49599 0.50401 0.00149058 0.00149058
0.49592 0.50408 0.00152104 0.00152104
0.495 0.505 0.00145705 0.00145705
0.49439 0.50561 0.00137767 0.00137767
0.49478 0.50522 0.0013528 0.0013528
0.49476 0.50524 0.0013575 0.0013575
0.49537 0.50463 0.00138929 0.00138929
0.49521 0.50479 0.00140287 0.00140287
0.4948 0.5052 0.00143598 0.00143598
0.49487 0.50513 0.00138024 0.00138024
0.49533 0.50467 0.0014159 0.0014159
0.49464 0.50536 0.001461 0.001461
0.49509 0.50491 0.00142677 0.00142677
0.49555 0.50445 0.00150546 0.00150546
0.49512 0.50488 0.00149106 0.00149106
0.49586 0.50414 0.00151661 0.00151661
0.496 0.504 0.0015142 0.0015142
0.49489 0.50511 0.00150376 0.00150376
0.4962 0.5038 0.00152349 0.00152349
0.49619 0.50381 0.00151581 0.00151581
0.49629 0.50371 0.00157649 0.00157649
0.49673 0.50327 0.00153361 0.00153361
0.49604 0.50396 0.00151568 0.00151568
0.49523 0.50477 0.00151357 0.00151357
0.4955 0.5045 0.00152229 0.00152229
0.49535 0.50465 0.00153647 0.00153647
0.49529 0.50471 0.00150873 0.00150873
0.49554 0.50446 0.00154061 0.00154061
0.49558 0.50442 0.00158305 0.00158305
0.49567 0.50433 0.00152517 0.00152517
0.49569 0.50431 0.00153856 0.00153856
0.49568 0.50432 0.00155163 0.00155163
0.49518 0.50482 0.00156233 0.00156233
0.49434 0.50566 0.00149516 0.00149516
0.49467 0.50533 0.00156645 0.00156645
0.49584 0.50416 0.00156549 0.00156549
0.49648 0.50352 0.00158585 0.00158585
0.49653 0.50347 0.00165567 0.00165567
0.49664 0.50336 0.00164326 0.00164326
0.49707 0.50293 0.00160726 0.00160726
0.49666 0.50334 0.00154859 0.00154859
0.4964 0.5036 0.00159242 0.00159242
0.49654 0.50346 0.00157631 0.00157631
0.49715 0.50285 0.00161722 0.00161722
0.49673 0.50327 0.00166832 0.00166832
0.49639 0.50361 0.00160743 0.00160743
0.49648 0.50352 0.00169231 0.00169231
0.49544 0.50456 0.00173865 0.00173865
0.49549 0.50451 0.00171288 0.00171288
0.49593 0.50407 0.00170324 0.00170324
0.49613 0.50387 0.00170512 0.00170512
0.49576 0.50424 0.00167418 0.00167418
0.49545 0.50455 0.00168696 0.00168696
0.4955 0.5045 0.00166522 0.00166522
0.49543 0.50457 0.00153623 0.00153623
0.49497 0.50503 0.00153457 0.00153457
0.49451 0.50549 0.0015695 0.0015695
0.49463 0.50537 0.00151642 0.00151642
0.49434 0.50566 0.00152132 0.00152132
0.49412 0.50588 0.00149441 0.00149441
0.49452 0.50548 0.00149286 0.00149286
0.4947 0.5053 0.00154704 0.00154704
0.49428 0.50572 0.0016096 0.0016096
0.4942 0.5058 0.00162598 0.00162598
0.49447 0.50553 0.00159809 0.00159809
0.49415 0.50585 0.0015988 0.0015988
0.49384 0.50616 0.00161648 0.00161648
0.49345 0.50655 0.00161124 0.00161124
0.49379 0.50621 0.0015857 0.0015857
0.49423 0.50577 0.00162699 0.00162699
0.49372 0.50628 0.00166095 0.00166095
0.49466 0.50534 0.00167566 0.00167566
0.49481 0.50519 0.00166939 0.00166939
0.49428 0.50572 0.00171758 0.00171758
0.49464 0.50536 0.00174672 0.00174672
0.49461 0.50539 0.00178402 0.00178402
0.49476 0.50524 0.00172857 0.00172857
0.49506 0.50494 0.00168167 0.00168167
0.49445 0.50555 0.00170938 0.00170938
0.49433 0.50567 0.001724 0.001724
0.49466 0.50534 0.00170231 0.00170231
0.49485 0.50515 0.00177631 0.00177631
0.49522 0.50478 0.00177029 0.00177029
0.49591 0.50409 0.001802 0.001802
0.49646 0.50354 0.00177074 0.00177074
0.4964 0.5036 0.00170873 0.00170873
0.49625 0.50375 0.00170354 0.00170354
0.49561 0.50439 0.00180194 0.00180194
0.49453 0.50547 0.00178086 0.00178086
0.49417 0.50583 0.00178485 0.00178485
0.49375 0.50625 0.00178073 0.00178073
0.49359 0.50641 0.00171515 0.00171515
0.49405 0.50595 0.00171942 0.00171942
0.49373 0.50627 0.00168838 0.00168838
0.49367 0.50633 0.00176428 0.00176428
0.49295 0.50705 0.00170993 0.00170993
0.49188 0.50812 0.00175346 0.00175346
0.49216 0.50784 0.00179929 0.00179929
0.49281 0.50719 0.00185771 0.00185771
0.49192 0.50808 0.00187618 0.00187618
0.49181 0.50819 0.00181189 0.00181189
0.49218 0.50782 0.00182253 0.00182253
0.49144 0.50856 0.00189013 0.00189013
0.49191 0.50809 0.00186588 0.00186588
0.49212 0.50788 0.00179067 0.00179067
0.49266 0.50734 0.0017578 0.0017578
0.49316 0.50684 0.00173373 0.00173373
0.49259 0.50741 0.00170035 0.00170035
0.49244 0.50756 0.00176966 0.00176966
0.49368 0.50632 0.00175085 0.00175085
0.49478 0.50522 0.00178755 0.00178755
0.49408 0.50592 0.00182159 0.00182159
0.49398 0.50602 0.00188101 0.00188101
0.49508 0.50492 0.0019183 0.0019183
0.49545 0.50455 0.00191815 0.00191815
0.49483 0.50517 0.00184109 0.00184109
0.49509 0.50491 0.00175857 0.00175857
0.49559 0.50441 0.0017714 0.0017714
0.49523 0.50477 0.00165543 0.00165543
0.49554 0.50446 0.00161429 0.00161429
0.49527 0.50473 0.00155329 0.00155329
0.49566 0.50434 0.00148811 0.00148811
0.49485 0.50515 0.00152983 0.00152983
0.49478 0.50522 0.00154161 0.00154161
0.49521 0.50479 0.00154976 0.00154976
0.49467 0.50533 0.00156529 0.00156529
0.49446 0.50554 0.0016069 0.0016069
0.49537 0.50463 0.0016027 0.0016027
0.49568 0.50432 0.00162285 0.00162285
0.49496 0.50504 0.00155289 0.00155289
0.49514 0.50486 0.00156307 0.00156307
0.49508 0.50492 0.0015905 0.0015905
0.49465 0.50535 0.00162627 0.00162627
0.49456 0.50544 0.0016433 0.0016433
0.49458 0.50542 0.00161202 0.00161202
0.49448 0.50552 0.00161425 0.00161425
0.49397 0.50603 0.001595 0.001595
0.49419 0.50581 0.00156197 0.00156197
0.49403 0.50597 0.00151278 0.00151278
0.49426 0.50574 0.00152056 0.00152056
0.49434 0.50566 0.00150188 0.00150188
0.49338 0.50662 0.00157228 0.00157228
0.49341 0.50659 0.00162487 0.00162487
0.49298 0.50702 0.00157289 0.00157289
0.49286 0.50714 0.00158651 0.00158651
0.49328 0.50672 0.0015498 0.0015498
0.49305 0.50695 0.00157419 0.00157419
0.49333 0.50667 0.00160049 0.00160049
0.49266 0.50734 0.00169475 0.00169475
0.49167 0.50833 0.00166497 0.00166497
0.4923 0.5077 0.00162761 0.00162761
0.4927 0.5073 0.00169227 0.00169227
0.49328 0.50672 0.00169893 0.00169893
0.49393 0.50607 0.00168491 0.00168491
0.49471 0.50529 0.0016958 0.0016958
0.49418 0.50582 0.00177865 0.00177865
0.49519 0.50481 0.00181466 0.00181466
0.49539 0.50461 0.00181196 0.00181196
0.49453 0.50547 0.00179799 0.00179799
0.49525 0.50475 0.00178498 0.00178498
0.4945 0.5055 0.00182383 0.00182383
0.49565 0.50435 0.00182465 0.00182465
0.49551 0.50449 0.00186348 0.00186348
0.49574 0.50426 0.00189516 0.00189516
0.49506 0.50494 0.00178828 0.00178828
0.496 0.504 0.00180842 0.00180842
0.49548 0.50452 0.00183773 0.00183773
0.49628 0.50372 0.00179527 0.00179527
0.4961 0.5039 0.00175375 0.00175375
0.49503 0.50497 0.00185308 0.00185308
0.49583 0.50417 0.0018618 0.0018618
0.49579 0.50421 0.00183716 0.00183716
0.49613 0.50387 0.00187195 0.00187195
0.49632 0.50368 0.0018387 0.0018387
0.49623 0.50377 0.00182602 0.00182602
0.49575 0.50425 0.00183215 0.00183215
0.495 0.505 0.00174913 0.00174913
0.49455 0.50545 0.00168682 0.00168682
0.49498 0.50502 0.0017143 0.0017143
0.49475 0.50525 0.00179207 0.00179207
0.49386 0.50614 0.00174653 0.00174653
0.49416 0.50584 0.00171985 0.00171985
0.49463 0.50537 0.00171118 0.00171118
0.49416 0.50584 0.00173008 0.00173008
0.49475 0.50525 0.0017188 0.0017188
0.49537 0.50463 0.00172365 0.00172365
0.4952 0.5048 0.00174228 0.00174228
0.49439 0.50561 0.00177606 0.00177606
0.49359 0.50641 0.00180891 0.00180891
0.49379 0.50621 0.0018754 0.0018754
0.49364 0.50636 0.00183468 0.00183468
0.49353 0.50647 0.00185981 0.00185981
0.49304 0.50696 0.00185646 0.00185646
0.49294 0.50706 0.00186474 0.00186474
0.49199 0.50801 0.00180759 0.00180759
0.49168 0.50832 0.00182852 0.00182852
0.49277 0.50723 0.00180557 0.00180557
0.49309 0.50691 0.00183493 0.00183493
0.49319 0.50681 0.00178232 0.00178232
0.49296 0.50704 0.00177727 0.00177727
0.49216 0.50784 0.00183181 0.00183181
0.49149 0.50851 0.00189609 0.00189609
0.49053 0.50947 0.0018971 0.0018971
0.4899 0.5101 0.00197195 0.00197195
0.4898 0.5102 0.00203057 0.00203057
0.49008 0.50992 0.0021071 0.0021071
0.49043 0.50957 0.00216265 0.00216265
0.4907 0.5093 0.00221753 0.00221753
0.49085 0.50915 0.00220324 0.00220324
0.49235 0.50765 0.00222324 0.00222324
0.49241 0.50759 0.00220433 0.00220433
0.49227 0.50773 0.00217145 0.00217145
0.4923 0.5077 0.00218591 0.00218591
0.49246 0.50754 0.00219419 0.00219419
0.4921 0.5079 0.00219916 0.00219916
0.49199 0.50801 0.00227506 0.00227506
0.49085 0.50915 0.00223015 0.00223015
0.49062 0.50938 0.00213272 0.00213272
0.49093 0.50907 0.00215435 0.00215435
0.49145 0.50855 0.00211041 0.00211041
0.49115 0.50885 0.00206746 0.00206746
0.49141 0.50859 0.00209109 0.00209109
0.49117 0.50883 0.0020378 0.0020378
0.49157 0.50843 0.00202623 0.00202623
0.49218 0.50782 0.00203908 0.00203908
0.49259 0.50741 0.00202059 0.00202059
0.49193 0.50807 0.00210257 0.00210257
0.49214 0.50786 0.00210592 0.00210592
0.49204 0.50796 0.00206464 0.00206464
0.49169 0.50831 0.00208513 0.00208513
0.49256 0.50744 0.00205582 0.00205582
0.49218 0.50782 0.00210146 0.00210146
0.49204 0.50796 0.00215644 0.00215644
0.49174 0.50826 0.00214282 0.00214282
0.4912 0.5088 0.0021402 0.0021402
0.49086 0.50914 0.00216139 0.00216139
0.49101 0.50899 0.00219199 0.00219199
0.49108 0.50892 0.00224541 0.00224541
0.49067 0.50933 0.0022376 0.0022376
0.49 0.51 0.00216735 0.00216735
0.49013 0.50987 0.0021263 0.0021263
0.49026 0.50974 0.00208585 0.00208585
0.49055 0.50945 0.00202156 0.00202156
0.48939 0.51061 0.0021107 0.0021107
0.48994 0.51006 0.00208695 0.00208695
0.4898 0.5102 0.00207887 0.00207887
0.4911 0.5089 0.00208534 0.00208534
0.49094 0.50906 0.00206592 0.00206592
0.49044 0.50956 0.00202413 0.00202413
0.49078 0.50922 0.00203357 0.00203357
0.49146 0.50854 0.00206571 0.00206571
0.49219 0.50781 0.00206177 0.00206177
0.49235 0.50765 0.00209645 0.00209645
0.49261 0.50739 0.0021227 0.0021227
0.49244 0.50756 0.00213391 0.00213391
0.49323 0.50677 0.0020959 0.0020959
0.49338 0.50662 0.00211531 0.00211531
0.49439 0.50561 0.00215511 0.00215511
0.4945 0.5055 0.00217738 0.00217738
0.49492 0.50508 0.00213337 0.00213337
0.49517 0.50483 0.00211479 0.00211479
0.49572 0.50428 0.00211612 0.00211612
0.49584 0.50416 0.00210272 0.00210272
0.4956 0.5044 0.0021997 0.0021997
0.49515 0.50485 0.00219092 0.00219092
0.49544 0.50456 0.00220415 0.00220415
0.49564 0.50436 0.00221664 0.00221664
0.49545 0.50455 0.00226748 0.00226748
0.49461 0.50539 0.00225028 0.00225028
0.49503 0.50497 0.00226219 0.00226219
0.49517 0.50483 0.00223196 0.00223196
0.49488 0.50512 0.00221863 0.00221863
0.49542 0.50458 0.00226924 0.00226924
0.49466 0.50534 0.00237774 0.00237774
0.49421 0.50579 0.00240932 0.00240932
0.49413 0.50587 0.00243492 0.00243492
0.49438 0.50562 0.00243284 0.00243284
0.49495 0.50505 0.0024374 0.0024374
0.49447 0.50553 0.00246294 0.00246294
0.49489 0.50511 0.00252178 0.00252178
0.4951 0.5049 0.00243272 0.00243272
