0.54906 0.45094 0.000214522 0.000214522
0.54972 0.45028 0.000308163 0.000308163
0.54858 0.45142 0.00039467 0.00039467
0.54875 0.45125 0.000477583 0.000477583
0.54948 0.45052 0.000565343 0.000565343
0.54916 0.45084 0.000571267 0.000571267
0.54982 0.45018 0.000683341 0.000683341
0.54892 0.45108 0.000728822 0.000728822
0.5489 0.4511 0.000806596 0.000806596
0.54828 0.45172 0.000802709 0.000802709
0.54841 0.45159 0.000805153 0.000805153
0.54893 0.45107 0.000851258 0.000851258
0.54871 0.45129 0.000931521 0.000931521
0.54893 0.45107 0.000999945 0.000999945
0.54845 0.45155 0.00102395 0.00102395
0.54787 0.45213 0.00101842 0.00101842
0.54759 0.45241 0.00104725 0.00104725
0.54806 0.45194 0.0010579 0.0010579
0.54776 0.45224 0.00113651 0.00113651
0.5483 0.4517 0.00107312 0.00107312
0.54832 0.45168 0.00106723 0.00106723
0.54875 0.45125 0.00102134 0.00102134
0.54726 0.45274 0.000986235 0.000986235
0.54584 0.45416 0.00102175 0.00102175
0.5446 0.4554 0.00105838 0.00105838
0.5446 0.4554 0.00102905 0.00102905
0.54544 0.45456 0.00100984 0.00100984
0.54558 0.45442 0.00096261 0.00096261
0.54507 0.45493 0.000925379 0.000925379
0.54517 0.45483 0.000899314 0.000899314
0.54527 0.45473 0.000888502 0.000888502
0.54491 0.45509 0.00100463 0.00100463
0.5445 0.4555 0.00106704 0.00106704
0.54452 0.45548 0.00101296 0.00101296
0.54499 0.45501 0.000998353 0.000998353
0.54558 0.45442 0.000983357 0.000983357
0.54636 0.45364 0.000979425 0.000979425
0.54608 0.45392 0.000948135 0.000948135
0.54591 0.45409 0.000918285 0.000918285
0.5457 0.4543 0.000925364 0.000925364
0.54553 0.45447 0.000962272 0.000962272
0.54621 0.45379 0.000944228 0.000944228
0.54742 0.45258 0.000999337 0.000999337
0.54767 0.45233 0.00101909 0.00101909
0.54672 0.45328 0.00113744 0.00113744
0.54632 0.45368 0.00112565 0.00112565
0.5459 0.4541 0.00107506 0.00107506
0.54592 0.45408 0.00108953 0.00108953
0.54618 0.45382 0.00105314 0.00105314
0.54596 0.45404 0.00116277 0.00116277
0.54652 0.45348 0.00120453 0.00120453
0.54645 0.45355 0.0012791 0.0012791
0.54559 0.45441 0.00131109 0.00131109
0.54492 0.45508 0.00130902 0.00130902
0.54518 0.45482 0.00125502 0.00125502
0.54584 0.45416 0.00114917 0.00114917
0.54617 0.45383 0.00114925 0.00114925
0.54601 0.45399 0.00114504 0.00114504
0.54461 0.45539 0.00110935 0.00110935
0.5438 0.4562 0.00111897 0.00111897
0.5443 0.4557 0.00111288 0.00111288
0.5448 0.4552 0.00108956 0.00108956
0.54485 0.45515 0.00107568 0.00107568
0.54482 0.45518 0.00111247 0.00111247
0.54523 0.45477 0.00105848 0.00105848
0.54561 0.45439 0.00110525 0.00110525
0.54465 0.45535 0.00117405 0.00117405
0.54432 0.45568 0.00109178 0.00109178
0.54385 0.45615 0.00107619 0.00107619
0.54441 0.45559 0.00104158 0.00104158
0.54441 0.45559 0.00106841 0.00106841
0.54393 0.45607 0.0010111 0.0010111
0.5442 0.4558 0.00101412 0.00101412
0.54476 0.45524 0.00115675 0.00115675
0.54514 0.45486 0.00111267 0.00111267
0.54472 0.45528 0.00109897 0.00109897
0.54498 0.45502 0.00118578 0.00118578
0.54449 0.45551 0.00118862 0.00118862
0.54443 0.45557 0.00119744 0.00119744
0.54479 0.45521 0.00118156 0.00118156
0.54472 0.45528 0.00119572 0.00119572
0.54481 0.45519 0.00121078 0.00121078
0.54415 0.45585 0.00112954 0.00112954
0.5443 0.4557 0.00114043 0.00114043
0.54566 0.45434 0.00118035 0.00118035
0.54563 0.45437 0.00124615 0.00124615
0.54643 0.45357 0.0011918 0.0011918
0.54617 0.45383 0.00122768 0.00122768
0.54635 0.45365 0.0012573 0.0012573
0.54645 0.45355 0.00126884 0.00126884
0.54629 0.45371 0.00131736 0.00131736
0.54616 0.45384 0.0012763 0.0012763
0.54683 0.45317 0.00117073 0.00117073
0.54705 0.45295 0.00119635 0.00119635
0.54634 0.45366 0.00123588 0.00123588
0.54711 0.45289 0.00131264 0.00131264
0.54727 0.45273 0.0012942 0.0012942
0.54791 0.45209 0.00126125 0.00126125
0.54854 0.45146 0.00126332 0.00126332
0.54687 0.45313 0.00123848 0.00123848
0.54689 0.45311 0.0011887 0.0011887
0.54625 0.45375 0.00127979 0.00127979
0.54686 0.45314 0.00128931 0.00128931
0.54651 0.45349 0.00141678 0.00141678
0.54696 0.45304 0.00137091 0.00137091
0.54702 0.45298 0.00138182 0.00138182
0.54626 0.45374 0.00137617 0.00137617
0.54498 0.45502 0.00137507 0.00137507
0.54529 0.45471 0.00141716 0.00141716
0.54552 0.45448 0.00137787 0.00137787
0.545 0.455 0.00145424 0.00145424
0.54553 0.45447 0.00136775 0.00136775
0.54634 0.45366 0.00134225 0.00134225
0.54642 0.45358 0.00134772 0.00134772
0.54674 0.45326 0.00140939 0.00140939
0.54718 0.45282 0.00146829 0.00146829
0.54793 0.45207 0.00151764 0.00151764
0.54702 0.45298 0.00154216 0.00154216
0.54719 0.45281 0.00160266 0.00160266
0.54776 0.45224 0.00159489 0.00159489
0.54815 0.45185 0.00153302 0.00153302
0.54695 0.45305 0.00154663 0.00154663
0.54776 0.45224 0.00168208 0.00168208
0.54706 0.45294 0.00169624 0.00169624
0.54851 0.45149 0.00155995 0.00155995
0.54766 0.45234 0.0015055 0.0015055
0.54805 0.45195 0.00145467 0.00145467
0.54806 0.45194 0.00142687 0.00142687
0.54735 0.45265 0.00135849 0.00135849
0.54673 0.45327 0.00137975 0.00137975
0.54605 0.45395 0.00127023 0.00127023
0.54647 0.45353 0.00132997 0.00132997
0.54689 0.45311 0.00137008 0.00137008
0.5474 0.4526 0.00132867 0.00132867
0.54805 0.45195 0.001417 0.001417
0.54883 0.45117 0.001382 0.001382
0.54827 0.45173 0.0013762 0.0013762
0.54813 0.45187 0.00140316 0.00140316
0.54878 0.45122 0.00134042 0.00134042
0.54937 0.45063 0.00136072 0.00136072
0.54774 0.45226 0.0014327 0.0014327
0.54751 0.45249 0.00143217 0.00143217
0.54773 0.45227 0.00138905 0.00138905
0.54761 0.45239 0.00146091 0.00146091
0.54729 0.45271 0.00148035 0.00148035
0.5486 0.4514 0.00156166 0.00156166
0.54849 0.45151 0.00153546 0.00153546
0.54832 0.45168 0.00145931 0.00145931
0.54711 0.45289 0.00136527 0.00136527
0.5472 0.4528 0.00138154 0.00138154
0.54681 0.45319 0.00140482 0.00140482
0.54675 0.45325 0.00147453 0.00147453
0.54589 0.45411 0.00141052 0.00141052
0.54554 0.45446 0.00146603 0.00146603
0.54551 0.45449 0.00149005 0.00149005
0.54566 0.45434 0.00149839 0.00149839
0.54581 0.45419 0.00156844 0.00156844
0.54631 0.45369 0.00156563 0.00156563
0.54612 0.45388 0.00151827 0.00151827
0.54656 0.45344 0.00144995 0.00144995
0.54507 0.45493 0.00147722 0.00147722
0.5453 0.4547 0.00145534 0.00145534
0.54552 0.45448 0.0015148 0.0015148
0.54607 0.45393 0.00148348 0.00148348
0.54524 0.45476 0.00151786 0.00151786
0.54465 0.45535 0.00147692 0.00147692
0.54465 0.45535 0.00148166 0.00148166
0.54498 0.45502 0.00146079 0.00146079
0.54434 0.45566 0.00150332 0.00150332
0.54407 0.45593 0.00158267 0.00158267
0.54451 0.45549 0.0015629 0.0015629
0.54417 0.45583 0.00147043 0.00147043
0.54454 0.45546 0.00149694 0.00149694
0.54361 0.45639 0.00159163 0.00159163
0.54377 0.45623 0.00157531 0.00157531
0.54349 0.45651 0.00155425 0.00155425
0.54494 0.45506 0.00153717 0.00153717
0.54561 0.45439 0.00147073 0.00147073
0.54532 0.45468 0.0014525 0.0014525
0.54535 0.45465 0.00158389 0.00158389
0.54453 0.45547 0.00151191 0.00151191
0.54523 0.45477 0.00155274 0.00155274
0.54484 0.45516 0.0015082 0.0015082
0.54578 0.45422 0.00151116 0.00151116
0.54605 0.45395 0.001447 0.001447
0.54572 0.45428 0.00140984 0.00140984
0.54547 0.45453 0.00138922 0.00138922
0.54593 0.45407 0.00139229 0.00139229
0.54701 0.45299 0.0014472 0.0014472
0.54622 0.45378 0.00143429 0.00143429
0.54734 0.45266 0.00148103 0.00148103
0.54731 0.45269 0.00158339 0.00158339
0.54749 0.45251 0.00155585 0.00155585
0.54741 0.45259 0.00143321 0.00143321
0.5476 0.4524 0.001476 0.001476
0.54681 0.45319 0.00149323 0.00149323
0.54621 0.45379 0.0015074 0.0015074
0.54634 0.45366 0.00149469 0.00149469
0.54619 0.45381 0.00154133 0.00154133
0.54584 0.45416 0.00151854 0.00151854
0.54531 0.45469 0.00148175 0.00148175
0.54494 0.45506 0.00138828 0.00138828
0.54481 0.45519 0.00133333 0.00133333
0.54425 0.45575 0.001347 0.001347
0.54491 0.45509 0.00133588 0.00133588
0.54508 0.45492 0.00139468 0.00139468
0.54565 0.45435 0.00143665 0.00143665
0.54666 0.45334 0.00144413 0.00144413
0.54798 0.45202 0.00149248 0.00149248
0.54819 0.45181 0.00145492 0.00145492
0.54686 0.45314 0.00142782 0.00142782
0.54687 0.45313 0.00144791 0.00144791
0.54674 0.45326 0.00147692 0.00147692
0.54829 0.45171 0.00143267 0.00143267
0.54634 0.45366 0.00138528 0.00138528
0.54629 0.45371 0.00137613 0.00137613
0.5459 0.4541 0.00142324 0.00142324
0.54595 0.45405 0.00145774 0.00145774
0.54463 0.45537 0.00152933 0.00152933
0.54422 0.45578 0.00148906 0.00148906
0.54413 0.45587 0.00154609 0.00154609
0.54516 0.45484 0.00155363 0.00155363
0.54591 0.45409 0.0015635 0.0015635
0.54647 0.45353 0.00156898 0.00156898
0.54683 0.45317 0.00156572 0.00156572
0.54655 0.45345 0.00144405 0.00144405
0.54755 0.45245 0.0014351 0.0014351
0.54808 0.45192 0.00128632 0.00128632
0.5484 0.4516 0.00141299 0.00141299
0.54814 0.45186 0.00147671 0.00147671
0.54712 0.45288 0.00141338 0.00141338
0.54714 0.45286 0.0014741 0.0014741
0.54776 0.45224 0.00154881 0.00154881
0.54677 0.45323 0.00164986 0.00164986
0.54709 0.45291 0.0016556 0.0016556
0.54757 0.45243 0.00166984 0.00166984
0.54743 0.45257 0.00172463 0.00172463
0.54783 0.45217 0.00174731 0.00174731
0.54771 0.45229 0.00167855 0.00167855
0.54811 0.45189 0.0016567 0.0016567
0.54778 0.45222 0.00162601 0.00162601
0.54718 0.45282 0.00160124 0.00160124
0.54636 0.45364 0.00165581 0.00165581
0.54529 0.45471 0.00166821 0.00166821
0.54657 0.45343 0.00176451 0.00176451
0.54701 0.45299 0.00180013 0.00180013
0.54645 0.45355 0.00182748 0.00182748
0.54696 0.45304 0.00185351 0.00185351
0.54647 0.45353 0.00192958 0.00192958
0.54499 0.45501 0.00185322 0.00185322
0.54464 0.45536 0.00185104 0.00185104
0.54306 0.45694 0.00179236 0.00179236
0.5436 0.4564 0.00172943 0.00172943
0.54381 0.45619 0.00168012 0.00168012
0.5433 0.4567 0.00173146 0.00173146
0.54274 0.45726 0.00168302 0.00168302
0.54264 0.45736 0.00173207 0.00173207
0.54256 0.45744 0.00174389 0.00174389
0.54326 0.45674 0.00190678 0.00190678
0.54208 0.45792 0.00188199 0.00188199
0.54273 0.45727 0.00177899 0.00177899
0.54282 0.45718 0.00175469 0.00175469
0.54104 0.45896 0.00166321 0.00166321
0.54185 0.45815 0.00168934 0.00168934
0.54324 0.45676 0.00170895 0.00170895
0.54328 0.45672 0.00179564 0.00179564
0.54436 0.45564 0.0016887 0.0016887
0.54494 0.45506 0.00167872 0.00167872
0.54514 0.45486 0.00161828 0.00161828
0.5453 0.4547 0.00160823 0.00160823
0.5454 0.4546 0.00159754 0.00159754
0.54553 0.45447 0.00150433 0.00150433
0.5461 0.4539 0.00156835 0.00156835
0.54595 0.45405 0.00147276 0.00147276
0.54563 0.45437 0.00154413 0.00154413
0.54453 0.45547 0.00151815 0.00151815
0.54426 0.45574 0.0016606 0.0016606
0.54454 0.45546 0.00167946 0.00167946
0.5437 0.4563 0.00164462 0.00164462
0.54462 0.45538 0.00175812 0.00175812
0.54569 0.45431 0.0017323 0.0017323
0.54489 0.45511 0.00171143 0.00171143
0.5445 0.4555 0.00174605 0.00174605
0.54551 0.45449 0.00166761 0.00166761
0.54584 0.45416 0.00174274 0.00174274
0.5463 0.4537 0.00182312 0.00182312
0.54699 0.45301 0.0019129 0.0019129
0.54647 0.45353 0.00182262 0.00182262
0.54615 0.45385 0.00175017 0.00175017
0.54594 0.45406 0.00178234 0.00178234
0.54523 0.45477 0.00174145 0.00174145
0.54485 0.45515 0.00161255 0.00161255
0.54494 0.45506 0.00162491 0.00162491
0.54567 0.45433 0.00156649 0.00156649
0.54589 0.45411 0.00147525 0.00147525
0.54552 0.45448 0.00161805 0.00161805
0.54524 0.45476 0.00160089 0.00160089
0.54506 0.45494 0.00157816 0.00157816
0.54442 0.45558 0.00163988 0.00163988
0.54499 0.45501 0.00163571 0.00163571
0.54476 0.45524 0.00167788 0.00167788
0.54564 0.45436 0.00168072 0.00168072
0.54613 0.45387 0.00169634 0.00169634
0.54609 0.45391 0.00164958 0.00164958
0.54741 0.45259 0.00169251 0.00169251
0.54755 0.45245 0.00176574 0.00176574
0.54694 0.45306 0.001802 0.001802
0.54665 0.45335 0.00182979 0.00182979
0.54598 0.45402 0.0018104 0.0018104
0.54626 0.45374 0.00174678 0.00174678
0.54619 0.45381 0.00175676 0.00175676
0.54578 0.45422 0.0016712 0.0016712
0.54549 0.45451 0.00162199 0.00162199
0.54508 0.45492 0.00157674 0.00157674
0.54494 0.45506 0.00172691 0.00172691
0.54608 0.45392 0.00181141 0.00181141
0.5458 0.4542 0.00175958 0.00175958
0.54625 0.45375 0.00171857 0.00171857
0.54776 0.45224 0.00168142 0.00168142
0.5483 0.4517 0.00167597 0.00167597
0.54877 0.45123 0.00176058 0.00176058
0.54966 0.45034 0.00175415 0.00175415
0.54937 0.45063 0.00166769 0.00166769
0.54964 0.45036 0.00168843 0.00168843
0.54905 0.45095 0.00170835 0.00170835
0.54988 0.45012 0.00163732 0.00163732
0.54895 0.45105 0.00160191 0.00160191
0.54972 0.45028 0.00155043 0.00155043
0.54892 0.45108 0.00162515 0.00162515
0.54954 0.45046 0.00161603 0.00161603
0.55159 0.44841 0.00163457 0.00163457
0.55051 0.44949 0.00164777 0.00164777
0.54884 0.45116 0.00167335 0.00167335
0.5488 0.4512 0.00170113 0.00170113
0.54825 0.45175 0.00176546 0.00176546
0.54832 0.45168 0.00182353 0.00182353
0.54878 0.45122 0.00172276 0.00172276
0.54888 0.45112 0.00174007 0.00174007
0.54997 0.45003 0.00180017 0.00180017
0.54945 0.45055 0.0017693 0.0017693
0.54926 0.45074 0.00171749 0.00171749
0.54772 0.45228 0.00169798 0.00169798
0.54643 0.45357 0.00185091 0.00185091
0.5462 0.4538 0.00174974 0.00174974
0.54666 0.45334 0.00167905 0.00167905
0.54789 0.45211 0.00170365 0.00170365
0.54869 0.45131 0.00172874 0.00172874
0.54883 0.45117 0.00173004 0.00173004
0.54792 0.45208 0.0016885 0.0016885
0.54816 0.45184 0.00170882 0.00170882
0.5487 0.4513 0.00166652 0.00166652
0.54868 0.45132 0.00172567 0.00172567
0.54883 0.45117 0.00185198 0.00185198
0.54931 0.45069 0.00199583 0.00199583
0.54934 0.45066 0.00197639 0.00197639
0.54962 0.45038 0.00207088 0.00207088
0.54992 0.45008 0.00202561 0.00202561
0.54935 0.45065 0.00203164 0.00203164
0.55007 0.44993 0.00209005 0.00209005
0.5495 0.4505 0.00202748 0.00202748
0.54817 0.45183 0.00200418 0.00200418
0.54823 0.45177 0.00191214 0.00191214
0.54798 0.45202 0.00193396 0.00193396
0.54713 0.45287 0.00198656 0.00198656
0.54823 0.45177 0.00191121 0.00191121
0.54747 0.45253 0.00185799 0.00185799
0.54581 0.45419 0.00189506 0.00189506
0.54517 0.45483 0.00182404 0.00182404
0.54558 0.45442 0.00180103 0.00180103
0.546 0.454 0.00179291 0.00179291
0.54611 0.45389 0.00169004 0.00169004
0.54571 0.45429 0.0017619 0.0017619
0.54645 0.45355 0.00177112 0.00177112
0.54604 0.45396 0.00177018 0.00177018
0.54664 0.45336 0.00181377 0.00181377
0.54701 0.45299 0.00187908 0.00187908
0.54781 0.45219 0.00190739 0.00190739
0.54735 0.45265 0.00183069 0.00183069
0.54636 0.45364 0.00190312 0.00190312
0.54595 0.45405 0.00200405 0.00200405
0.54568 0.45432 0.00210931 0.00210931
0.54592 0.45408 0.00206074 0.00206074
0.54591 0.45409 0.00216408 0.00216408
0.54587 0.45413 0.0020704 0.0020704
0.54685 0.45315 0.00215241 0.00215241
0.54721 0.45279 0.00215427 0.00215427
0.54704 0.45296 0.00213644 0.00213644
0.54729 0.45271 0.00212588 0.00212588
0.54686 0.45314 0.0021436 0.0021436
0.54776 0.45224 0.00201053 0.00201053
0.54866 0.45134 0.00190964 0.00190964
0.54852 0.45148 0.00189557 0.00189557
0.54756 0.45244 0.00185479 0.00185479
0.54783 0.45217 0.00190194 0.00190194
0.54741 0.45259 0.00181915 0.00181915
0.54766 0.45234 0.00189429 0.00189429
0.54757 0.45243 0.00182528 0.00182528
0.54723 0.45277 0.0017678 0.0017678
0.54847 0.45153 0.00179674 0.00179674
0.5476 0.4524 0.00187719 0.00187719
0.54748 0.45252 0.00185167 0.00185167
0.54667 0.45333 0.0019062 0.0019062
0.54712 0.45288 0.00188267 0.00188267
0.54686 0.45314 0.00188236 0.00188236
0.54639 0.45361 0.00185357 0.00185357
0.54658 0.45342 0.0018038 0.0018038
0.54681 0.45319 0.00184862 0.00184862
0.54695 0.45305 0.00185732 0.00185732
0.54762 0.45238 0.00192214 0.00192214
0.5485 0.4515 0.00182268 0.00182268
0.54935 0.45065 0.00179819 0.00179819
0.54976 0.45024 0.00168279 0.00168279
0.5488 0.4512 0.00178323 0.00178323
0.54849 0.45151 0.0017269 0.0017269
0.54791 0.45209 0.00169346 0.00169346
0.54921 0.45079 0.0018218 0.0018218
0.54885 0.45115 0.0018434 0.0018434
0.54946 0.45054 0.0018728 0.0018728
0.54835 0.45165 0.00181823 0.00181823
0.54722 0.45278 0.00180747 0.00180747
0.54775 0.45225 0.00190946 0.00190946
0.54863 0.45137 0.00199292 0.00199292
0.54726 0.45274 0.00194304 0.00194304
0.54698 0.45302 0.00187353 0.00187353
0.54772 0.45228 0.00184303 0.00184303
0.54787 0.45213 0.00187438 0.00187438
0.54812 0.45188 0.00181714 0.00181714
0.54737 0.45263 0.00198706 0.00198706
0.54611 0.45389 0.00202586 0.00202586
0.54608 0.45392 0.00203593 0.00203593
0.54658 0.45342 0.00196109 0.00196109
0.54532 0.45468 0.00203016 0.00203016
0.54546 0.45454 0.00206447 0.00206447
0.54512 0.45488 0.00195813 0.00195813
0.54619 0.45381 0.00183745 0.00183745
0.5461 0.4539 0.00186944 0.00186944
0.54574 0.45426 0.00188866 0.00188866
0.54522 0.45478 0.0019467 0.0019467
0.54658 0.45342 0.00195679 0.00195679
0.54671 0.45329 0.00199819 0.00199819
0.54765 0.45235 0.00195655 0.00195655
0.54778 0.45222 0.00200735 0.00200735
0.54836 0.45164 0.00205437 0.00205437
0.54737 0.45263 0.00209731 0.00209731
0.54734 0.45266 0.00202122 0.00202122
0.54801 0.45199 0.00197849 0.00197849
0.54809 0.45191 0.00199828 0.00199828
0.54727 0.45273 0.00204133 0.00204133
0.54728 0.45272 0.00202865 0.00202865
0.54749 0.45251 0.00190672 0.00190672
0.54664 0.45336 0.00197639 0.00197639
0.54709 0.45291 0.00201404 0.00201404
0.54735 0.45265 0.00208336 0.00208336
0.54729 0.45271 0.00213182 0.00213182
0.54662 0.45338 0.00209125 0.00209125
0.54697 0.45303 0.00213011 0.00213011
0.54679 0.45321 0.00216665 0.00216665
0.54558 0.45442 0.00214853 0.00214853
0.54537 0.45463 0.00211514 0.00211514
0.5452 0.4548 0.00217903 0.00217903
0.54429 0.45571 0.00212938 0.00212938
0.54454 0.45546 0.0021851 0.0021851
0.54556 0.45444 0.00206714 0.00206714
0.54565 0.45435 0.00215047 0.00215047
0.54564 0.45436 0.00217478 0.00217478
0.54595 0.45405 0.00221738 0.00221738
0.54566 0.45434 0.00225817 0.00225817
0.54519 0.45481 0.00225583 0.00225583
0.54586 0.45414 0.00215071 0.00215071
0.54612 0.45388 0.00221475 0.00221475
0.54554 0.45446 0.00234637 0.00234637
0.54594 0.45406 0.00221652 0.00221652
0.54542 0.45458 0.00220948 0.00220948
0.54538 0.45462 0.00214276 0.00214276
0.54504 0.45496 0.00208935 0.00208935
0.54596 0.45404 0.00216525 0.00216525
0.54531 0.45469 0.00222866 0.00222866
0.54644 0.45356 0.00222384 0.00222384
0.54684 0.45316 0.00232226 0.00232226
0.54679 0.45321 0.00229892 0.00229892
0.54775 0.45225 0.00228407 0.00228407
0.54669 0.45331 0.00218812 0.00218812
0.54679 0.45321 0.00217599 0.00217599
0.5459 0.4541 0.00224526 0.00224526
0.54431 0.45569 0.00236179 0.00236179
0.54439 0.45561 0.00243014 0.00243014
0.54467 0.45533 0.00246954 0.00246954
0.5455 0.4545 0.00232783 0.00232783
0.54588 0.45412 0.00238302 0.00238302
0.54612 0.45388 0.00234229 0.00234229
0.54616 0.45384 0.00232515 0.00232515
0.54557 0.45443 0.00234504 0.00234504
0.54548 0.45452 0.00237249 0.00237249
0.54595 0.45405 0.00230522 0.00230522
0.54595 0.45405 0.00232031 0.00232031
0.54715 0.45285 0.00232324 0.00232324
0.54737 0.45263 0.00240096 0.00240096
0.54751 0.45249 0.00233797 0.00233797
0.54785 0.45215 0.00223579 0.00223579
0.54734 0.45266 0.00226291 0.00226291
