0.68531 0.31469 0.00453177 0.00453177
0.70861 0.29139 0.00415959 0.00415959
0.73002 0.26998 0.00416774 0.00416774
0.74825 0.25175 0.00419112 0.00419112
0.76436 0.23564 0.00444308 0.00444308
0.77859 0.22141 0.00471828 0.00471828
0.7916 0.2084 0.00499493 0.00499493
0.80376 0.19624 0.00522952 0.00522952
0.81464 0.18536 0.0054965 0.0054965
0.8241 0.1759 0.00592573 0.00592573
0.83256 0.16744 0.00641536 0.00641536
0.84075 0.15925 0.00686615 0.00686615
0.84871 0.15129 0.00709786 0.00709786
0.85566 0.14434 0.00728196 0.00728196
0.86187 0.13813 0.00764133 0.00764133
0.86715 0.13285 0.00798469 0.00798469
0.87252 0.12748 0.0082475 0.0082475
0.87776 0.12224 0.00851899 0.00851899
0.88169 0.11831 0.00858638 0.00858638
0.88581 0.11419 0.00858969 0.00858969
0.88993 0.11007 0.0085812 0.0085812
0.89428 0.10572 0.00846911 0.00846911
0.89821 0.10179 0.00844562 0.00844562
0.90123 0.09877 0.00849087 0.00849087
0.90418 0.09582 0.00843482 0.00843482
0.90672 0.09328 0.00845756 0.00845756
0.90935 0.09065 0.00839702 0.00839702
0.91191 0.08809 0.00822588 0.00822588
0.91469 0.08531 0.00815561 0.00815561
0.91653 0.08347 0.00820009 0.00820009
0.91845 0.08155 0.00817193 0.00817193
0.92014 0.07986 0.00807069 0.00807069
0.9223 0.0777 0.00790225 0.00790225
0.92384 0.07616 0.00794345 0.00794345
0.92559 0.07441 0.0078103 0.0078103
0.92705 0.07295 0.00769665 0.00769665
0.9284 0.0716 0.00754446 0.00754446
0.92985 0.07015 0.00747364 0.00747364
0.93102 0.06898 0.00738418 0.00738418
0.93211 0.06789 0.00733481 0.00733481
0.93313 0.06687 0.0072548 0.0072548
0.93412 0.06588 0.00717831 0.00717831
0.93524 0.06476 0.00712709 0.00712709
0.93619 0.06381 0.00711412 0.00711412
0.93717 0.06283 0.00701438 0.00701438
0.93809 0.06191 0.00690952 0.00690952
0.93902 0.06098 0.00686081 0.00686081
0.93965 0.06035 0.00683835 0.00683835
0.94022 0.05978 0.00678171 0.00678171
0.9408 0.0592 0.00673709 0.00673709
0.94129 0.05871 0.0066958 0.0066958
0.94188 0.05812 0.0066853 0.0066853
0.94226 0.05774 0.00667361 0.00667361
0.94258 0.05742 0.00663592 0.00663592
0.94301 0.05699 0.00665591 0.00665591
0.94353 0.05647 0.00659724 0.00659724
0.94417 0.05583 0.00651927 0.00651927
0.9446 0.0554 0.00651216 0.00651216
0.94477 0.05523 0.0065046 0.0065046
0.94511 0.05489 0.00646675 0.00646675
0.94549 0.05451 0.00642896 0.00642896
0.94582 0.05418 0.00639158 0.00639158
0.94616 0.05384 0.00634971 0.00634971
0.94652 0.05348 0.00633744 0.00633744
0.9468 0.0532 0.00632428 0.00632428
0.9471 0.0529 0.00628718 0.00628718
0.94729 0.05271 0.00625376 0.00625376
0.94757 0.05243 0.00623508 0.00623508
0.94776 0.05224 0.00623475 0.00623475
0.94798 0.05202 0.00621048 0.00621048
0.94822 0.05178 0.00616662 0.00616662
0.94851 0.05149 0.00612518 0.00612518
0.94875 0.05125 0.00612492 0.00612492
0.94889 0.05111 0.006142 0.006142
0.94909 0.05091 0.00610556 0.00610556
0.94916 0.05084 0.00610003 0.00610003
0.94931 0.05069 0.0060682 0.0060682
0.94942 0.05058 0.00607305 0.00607305
0.94945 0.05055 0.00607162 0.00607162
0.94964 0.05036 0.00604199 0.00604199
0.94975 0.05025 0.00604704 0.00604704
0.94983 0.05017 0.00603226 0.00603226
0.94991 0.05009 0.00603018 0.00603018
0.95012 0.04988 0.0059797 0.0059797
0.95029 0.04971 0.00597566 0.00597566
0.95042 0.04958 0.00596425 0.00596425
0.95052 0.04948 0.00597177 0.00597177
0.95058 0.04942 0.00598665 0.00598665
0.95065 0.04935 0.00598914 0.00598914
0.95063 0.04937 0.0059862 0.0059862
0.95075 0.04925 0.00595946 0.00595946
0.95082 0.04918 0.00596637 0.00596637
0.95088 0.04912 0.00595738 0.00595738
0.95096 0.04904 0.00596303 0.00596303
0.95107 0.04893 0.00593485 0.00593485
0.95108 0.04892 0.00594547 0.00594547
0.95115 0.04885 0.00594813 0.00594813
0.95127 0.04873 0.00592491 0.00592491
0.95132 0.04868 0.00592848 0.00592848
0.95133 0.04867 0.00592505 0.00592505
0.95141 0.04859 0.00590897 0.00590897
0.95147 0.04853 0.00589599 0.00589599
0.95157 0.04843 0.00590815 0.00590815
0.9516 0.0484 0.00590408 0.00590408
0.95163 0.04837 0.00589785 0.00589785
0.95163 0.04837 0.00590226 0.00590226
0.95169 0.04831 0.00589749 0.00589749
0.9517 0.0483 0.00589979 0.00589979
0.95184 0.04816 0.00588371 0.00588371
0.9519 0.0481 0.00586532 0.00586532
0.95192 0.04808 0.00586656 0.00586656
0.95192 0.04808 0.00585274 0.00585274
0.95192 0.04808 0.00585628 0.00585628
0.95198 0.04802 0.0058521 0.0058521
0.95204 0.04796 0.00583965 0.00583965
0.95203 0.04797 0.00583092 0.00583092
0.95204 0.04796 0.00583646 0.00583646
0.95206 0.04794 0.00584482 0.00584482
0.95207 0.04793 0.00584376 0.00584376
0.95209 0.04791 0.0058341 0.0058341
0.95211 0.04789 0.00583604 0.00583604
0.95214 0.04786 0.00583055 0.00583055
0.95217 0.04783 0.00581824 0.00581824
0.9522 0.0478 0.00582206 0.00582206
0.95224 0.04776 0.00581162 0.00581162
0.9522 0.0478 0.00583081 0.00583081
0.95225 0.04775 0.00580777 0.00580777
0.95227 0.04773 0.00580539 0.00580539
0.95227 0.04773 0.0058085 0.0058085
0.95227 0.04773 0.00580939 0.00580939
0.95232 0.04768 0.0058098 0.0058098
0.95237 0.04763 0.00581044 0.00581044
0.95239 0.04761 0.00581236 0.00581236
0.9524 0.0476 0.00580756 0.00580756
0.95241 0.04759 0.00581398 0.00581398
0.95242 0.04758 0.00581344 0.00581344
0.95245 0.04755 0.00581393 0.00581393
0.95244 0.04756 0.00581423 0.00581423
0.95245 0.04755 0.00581174 0.00581174
0.95246 0.04754 0.00581239 0.00581239
0.95242 0.04758 0.00581681 0.00581681
0.95244 0.04756 0.00581318 0.00581318
0.95248 0.04752 0.00581096 0.00581096
0.95248 0.04752 0.00581134 0.00581134
0.95249 0.04751 0.00581365 0.00581365
0.95251 0.04749 0.0058053 0.0058053
0.95251 0.04749 0.00580393 0.00580393
0.95254 0.04746 0.00580783 0.00580783
0.95254 0.04746 0.00580797 0.00580797
0.95256 0.04744 0.00579888 0.00579888
0.95258 0.04742 0.00579253 0.00579253
0.9526 0.0474 0.00578865 0.00578865
0.9526 0.0474 0.00579283 0.00579283
0.95258 0.04742 0.00579932 0.00579932
0.95257 0.04743 0.00580035 0.00580035
0.95259 0.04741 0.00579485 0.00579485
0.9526 0.0474 0.00579071 0.00579071
0.9526 0.0474 0.00579071 0.00579071
0.95261 0.04739 0.00578951 0.00578951
0.95263 0.04737 0.00578622 0.00578622
0.95263 0.04737 0.00578622 0.00578622
0.95264 0.04736 0.00578207 0.00578207
0.95266 0.04734 0.00578152 0.00578152
0.95268 0.04732 0.0057805 0.0057805
0.95271 0.04729 0.00578001 0.00578001
0.95274 0.04726 0.00577266 0.00577266
0.95274 0.04726 0.00577266 0.00577266
0.95275 0.04725 0.00577312 0.00577312
0.95275 0.04725 0.00577813 0.00577813
0.95276 0.04724 0.00577408 0.00577408
0.95277 0.04723 0.00576933 0.00576933
0.95277 0.04723 0.00576933 0.00576933
0.95276 0.04724 0.00577614 0.00577614
0.95276 0.04724 0.00577614 0.00577614
0.95277 0.04723 0.00577531 0.00577531
0.95277 0.04723 0.00577531 0.00577531
0.95278 0.04722 0.0057752 0.0057752
0.9528 0.0472 0.00577152 0.00577152
0.95281 0.04719 0.00577224 0.00577224
0.9528 0.0472 0.00577566 0.00577566
0.9528 0.0472 0.00577315 0.00577315
0.95279 0.04721 0.00577659 0.00577659
0.95282 0.04718 0.00577051 0.00577051
0.95281 0.04719 0.00577044 0.00577044
0.95282 0.04718 0.00576835 0.00576835
0.95279 0.04721 0.0057735 0.0057735
0.95278 0.04722 0.00578076 0.00578076
0.95279 0.04721 0.00577673 0.00577673
0.9528 0.0472 0.00577592 0.00577592
0.9528 0.0472 0.00577204 0.00577204
0.9528 0.0472 0.00577204 0.00577204
0.9528 0.0472 0.00577277 0.00577277
0.95281 0.04719 0.0057686 0.0057686
0.95282 0.04718 0.00576324 0.00576324
0.95284 0.04716 0.00576276 0.00576276
0.95284 0.04716 0.00576414 0.00576414
0.95286 0.04714 0.00576398 0.00576398
0.95288 0.04712 0.0057576 0.0057576
0.95289 0.04711 0.00575287 0.00575287
0.95289 0.04711 0.00575287 0.00575287
0.95289 0.04711 0.00575287 0.00575287
0.95287 0.04713 0.00575716 0.00575716
0.95288 0.04712 0.00575766 0.00575766
0.95289 0.04711 0.00575422 0.00575422
0.95289 0.04711 0.00575422 0.00575422
0.9529 0.0471 0.00575155 0.00575155
0.95289 0.04711 0.00575236 0.00575236
0.95289 0.04711 0.00575236 0.00575236
0.9529 0.0471 0.00574839 0.00574839
0.95289 0.04711 0.0057479 0.0057479
0.95289 0.04711 0.0057479 0.0057479
0.95289 0.04711 0.0057479 0.0057479
0.95291 0.04709 0.00574226 0.00574226
0.95288 0.04712 0.00575263 0.00575263
0.95288 0.04712 0.00575263 0.00575263
0.95288 0.04712 0.00575263 0.00575263
0.95288 0.04712 0.00575263 0.00575263
0.95289 0.04711 0.00575178 0.00575178
0.95289 0.04711 0.00575178 0.00575178
0.95292 0.04708 0.00574098 0.00574098
0.9529 0.0471 0.00574781 0.00574781
0.95288 0.04712 0.00575061 0.00575061
0.95288 0.04712 0.00575061 0.00575061
0.95287 0.04713 0.00575147 0.00575147
0.95287 0.04713 0.00575147 0.00575147
0.95288 0.04712 0.00575061 0.00575061
0.95288 0.04712 0.00575061 0.00575061
0.95288 0.04712 0.00575451 0.00575451
0.95288 0.04712 0.00575451 0.00575451
0.95288 0.04712 0.00575451 0.00575451
0.95287 0.04713 0.00575925 0.00575925
0.95287 0.04713 0.00575743 0.00575743
0.95287 0.04713 0.00575743 0.00575743
0.95289 0.04711 0.00575384 0.00575384
0.9529 0.0471 0.00574983 0.00574983
0.95289 0.04711 0.00574953 0.00574953
0.95289 0.04711 0.00574953 0.00574953
0.95291 0.04709 0.00574475 0.00574475
0.9529 0.0471 0.00574807 0.00574807
0.95291 0.04709 0.00574837 0.00574837
0.95291 0.04709 0.00574837 0.00574837
0.95291 0.04709 0.00574837 0.00574837
0.95292 0.04708 0.00574363 0.00574363
0.95292 0.04708 0.00574363 0.00574363
0.95292 0.04708 0.00574363 0.00574363
0.95292 0.04708 0.00574363 0.00574363
0.95292 0.04708 0.00574363 0.00574363
0.95292 0.04708 0.00574363 0.00574363
0.95293 0.04707 0.00574413 0.00574413
0.95293 0.04707 0.00574413 0.00574413
0.95292 0.04708 0.00574886 0.00574886
0.95293 0.04707 0.00574801 0.00574801
0.95293 0.04707 0.00574801 0.00574801
0.95294 0.04706 0.00574638 0.00574638
0.95294 0.04706 0.00574638 0.00574638
0.95294 0.04706 0.00574638 0.00574638
0.95294 0.04706 0.00574638 0.00574638
0.95295 0.04705 0.00574306 0.00574306
0.95294 0.04706 0.00574392 0.00574392
0.95294 0.04706 0.00574392 0.00574392
0.95294 0.04706 0.00574392 0.00574392
0.95294 0.04706 0.00574392 0.00574392
0.95294 0.04706 0.00574392 0.00574392
0.95294 0.04706 0.00574392 0.00574392
0.95293 0.04707 0.00574554 0.00574554
0.95293 0.04707 0.00574554 0.00574554
0.95293 0.04707 0.00574554 0.00574554
0.95293 0.04707 0.00574554 0.00574554
0.95293 0.04707 0.00574554 0.00574554
0.95293 0.04707 0.00574554 0.00574554
0.95293 0.04707 0.00574554 0.00574554
0.95294 0.04706 0.00574468 0.00574468
0.95293 0.04707 0.00574554 0.00574554
0.95293 0.04707 0.00574554 0.00574554
0.95293 0.04707 0.00574554 0.00574554
0.95293 0.04707 0.00574554 0.00574554
0.95292 0.04708 0.00574955 0.00574955
0.95293 0.04707 0.00574792 0.00574792
0.95293 0.04707 0.00574792 0.00574792
0.95294 0.04706 0.00574392 0.00574392
0.95294 0.04706 0.00574392 0.00574392
0.95295 0.04705 0.00574423 0.00574423
0.95295 0.04705 0.00574423 0.00574423
0.95295 0.04705 0.00574423 0.00574423
0.95295 0.04705 0.00574423 0.00574423
0.95295 0.04705 0.00574423 0.00574423
0.95295 0.04705 0.00574423 0.00574423
0.95295 0.04705 0.00574118 0.00574118
0.95295 0.04705 0.00574118 0.00574118
0.95295 0.04705 0.00574118 0.00574118
0.95295 0.04705 0.00574118 0.00574118
0.95295 0.04705 0.00574118 0.00574118
0.95295 0.04705 0.00574118 0.00574118
0.95295 0.04705 0.00574118 0.00574118
0.95295 0.04705 0.00574118 0.00574118
0.95295 0.04705 0.00574118 0.00574118
0.95296 0.04704 0.00574032 0.00574032
0.95296 0.04704 0.00574032 0.00574032
0.95296 0.04704 0.00574032 0.00574032
0.95296 0.04704 0.00574032 0.00574032
0.95296 0.04704 0.00574032 0.00574032
0.95296 0.04704 0.00574032 0.00574032
0.95296 0.04704 0.00574032 0.00574032
0.95296 0.04704 0.00574032 0.00574032
0.95296 0.04704 0.00574032 0.00574032
0.95295 0.04705 0.00573983 0.00573983
0.95295 0.04705 0.00573983 0.00573983
0.95296 0.04704 0.00574014 0.00574014
0.95296 0.04704 0.00574014 0.00574014
0.95296 0.04704 0.00574032 0.00574032
0.95296 0.04704 0.00574032 0.00574032
0.95297 0.04703 0.0057406 0.0057406
0.95297 0.04703 0.0057406 0.0057406
0.95297 0.04703 0.0057406 0.0057406
0.95297 0.04703 0.0057406 0.0057406
0.95297 0.04703 0.0057406 0.0057406
0.95297 0.04703 0.0057406 0.0057406
0.95297 0.04703 0.0057406 0.0057406
0.95297 0.04703 0.0057406 0.0057406
0.95297 0.04703 0.0057406 0.0057406
0.95297 0.04703 0.0057406 0.0057406
0.95297 0.04703 0.0057406 0.0057406
0.95297 0.04703 0.0057406 0.0057406
0.95297 0.04703 0.0057406 0.0057406
0.95297 0.04703 0.0057406 0.0057406
0.95297 0.04703 0.0057406 0.0057406
0.95297 0.04703 0.0057406 0.0057406
0.95297 0.04703 0.0057406 0.0057406
0.95297 0.04703 0.0057406 0.0057406
0.95297 0.04703 0.0057406 0.0057406
0.95297 0.04703 0.0057406 0.0057406
0.95297 0.04703 0.0057406 0.0057406
0.95297 0.04703 0.0057406 0.0057406
0.95297 0.04703 0.0057406 0.0057406
0.95297 0.04703 0.0057406 0.0057406
0.95297 0.04703 0.0057406 0.0057406
0.95297 0.04703 0.0057406 0.0057406
0.95297 0.04703 0.0057406 0.0057406
0.95297 0.04703 0.0057406 0.0057406
0.95297 0.04703 0.0057406 0.0057406
0.95297 0.04703 0.0057406 0.0057406
0.95297 0.04703 0.0057406 0.0057406
0.95297 0.04703 0.0057406 0.0057406
0.95297 0.04703 0.0057406 0.0057406
0.95297 0.04703 0.0057406 0.0057406
0.95297 0.04703 0.0057406 0.0057406
0.95297 0.04703 0.0057406 0.0057406
0.95297 0.04703 0.0057406 0.0057406
0.95297 0.04703 0.0057406 0.0057406
0.95297 0.04703 0.0057406 0.0057406
0.95297 0.04703 0.0057406 0.0057406
0.95297 0.04703 0.0057406 0.0057406
0.95297 0.04703 0.0057406 0.0057406
0.95297 0.04703 0.0057406 0.0057406
0.95297 0.04703 0.0057406 0.0057406
0.95297 0.04703 0.0057406 0.0057406
0.95297 0.04703 0.0057406 0.0057406
0.95297 0.04703 0.0057406 0.0057406
0.95297 0.04703 0.0057406 0.0057406
0.95297 0.04703 0.0057406 0.0057406
0.95297 0.04703 0.0057406 0.0057406
0.95297 0.04703 0.0057406 0.0057406
0.95297 0.04703 0.0057406 0.0057406
0.95297 0.04703 0.0057406 0.0057406
0.95297 0.04703 0.0057406 0.0057406
0.95297 0.04703 0.0057406 0.0057406
0.95297 0.04703 0.0057406 0.0057406
0.95297 0.04703 0.0057406 0.0057406
0.95297 0.04703 0.0057406 0.0057406
0.95297 0.04703 0.0057406 0.0057406
0.95297 0.04703 0.0057406 0.0057406
0.95297 0.04703 0.0057406 0.0057406
0.95297 0.04703 0.0057406 0.0057406
0.95297 0.04703 0.0057406 0.0057406
0.95297 0.04703 0.0057406 0.0057406
0.95297 0.04703 0.0057406 0.0057406
0.95297 0.04703 0.0057406 0.0057406
0.95297 0.04703 0.0057406 0.0057406
0.95297 0.04703 0.0057406 0.0057406
0.95297 0.04703 0.0057406 0.0057406
0.95297 0.04703 0.0057406 0.0057406
0.95297 0.04703 0.0057406 0.0057406
0.95297 0.04703 0.0057406 0.0057406
0.95297 0.04703 0.0057406 0.0057406
0.95297 0.04703 0.0057406 0.0057406
0.95297 0.04703 0.0057406 0.0057406
0.95297 0.04703 0.0057406 0.0057406
0.95297 0.04703 0.0057406 0.0057406
0.95297 0.04703 0.0057406 0.0057406
0.95297 0.04703 0.0057406 0.0057406
0.95298 0.04702 0.00574091 0.00574091
0.95298 0.04702 0.00574091 0.00574091
0.95298 0.04702 0.00574091 0.00574091
0.95298 0.04702 0.00574091 0.00574091
0.95298 0.04702 0.00574091 0.00574091
0.95298 0.04702 0.00574091 0.00574091
0.95298 0.04702 0.00574091 0.00574091
0.95298 0.04702 0.00574091 0.00574091
0.95298 0.04702 0.00574091 0.00574091
0.95298 0.04702 0.00574091 0.00574091
0.95298 0.04702 0.00574091 0.00574091
0.95298 0.04702 0.00574091 0.00574091
0.95298 0.04702 0.00574091 0.00574091
0.95298 0.04702 0.00574091 0.00574091
0.95298 0.04702 0.00574091 0.00574091
0.95298 0.04702 0.00574091 0.00574091
0.95298 0.04702 0.00574091 0.00574091
0.95298 0.04702 0.00574091 0.00574091
0.95298 0.04702 0.00574091 0.00574091
0.95298 0.04702 0.00574091 0.00574091
0.95298 0.04702 0.00574091 0.00574091
0.95298 0.04702 0.00574091 0.00574091
0.95298 0.04702 0.00574091 0.00574091
0.95298 0.04702 0.00574091 0.00574091
0.95298 0.04702 0.00574091 0.00574091
0.95298 0.04702 0.00574091 0.00574091
0.95298 0.04702 0.00574091 0.00574091
0.95298 0.04702 0.00574091 0.00574091
0.95298 0.04702 0.00574091 0.00574091
0.95298 0.04702 0.00574091 0.00574091
0.95298 0.04702 0.00574091 0.00574091
0.95298 0.04702 0.00574091 0.00574091
0.95298 0.04702 0.00574091 0.00574091
0.95298 0.04702 0.00574091 0.00574091
0.95298 0.04702 0.00574091 0.00574091
0.95298 0.04702 0.00574091 0.00574091
0.95298 0.04702 0.00574091 0.00574091
0.95298 0.04702 0.00574091 0.00574091
0.95299 0.04701 0.00574124 0.00574124
0.95299 0.04701 0.00574124 0.00574124
0.95299 0.04701 0.00574124 0.00574124
0.95299 0.04701 0.00574124 0.00574124
0.95299 0.04701 0.00574124 0.00574124
0.95299 0.04701 0.00574124 0.00574124
0.95299 0.04701 0.00574124 0.00574124
0.95299 0.04701 0.00574124 0.00574124
0.95298 0.04702 0.00574091 0.00574091
0.95298 0.04702 0.00574091 0.00574091
0.95298 0.04702 0.00574091 0.00574091
0.95298 0.04702 0.00574091 0.00574091
0.95298 0.04702 0.00574091 0.00574091
0.95298 0.04702 0.00574091 0.00574091
0.95298 0.04702 0.00574091 0.00574091
0.95299 0.04701 0.00574124 0.00574124
0.95299 0.04701 0.00574124 0.00574124
0.95299 0.04701 0.00574124 0.00574124
0.95299 0.04701 0.00574124 0.00574124
0.95299 0.04701 0.00574124 0.00574124
0.95299 0.04701 0.00574124 0.00574124
0.95299 0.04701 0.00574124 0.00574124
0.95299 0.04701 0.00574124 0.00574124
0.95299 0.04701 0.00574124 0.00574124
0.95299 0.04701 0.00574124 0.00574124
0.95299 0.04701 0.00574124 0.00574124
0.95299 0.04701 0.00574124 0.00574124
0.95298 0.04702 0.00574091 0.00574091
0.95298 0.04702 0.00574091 0.00574091
0.95298 0.04702 0.00574091 0.00574091
0.95298 0.04702 0.00574091 0.00574091
0.95298 0.04702 0.00574091 0.00574091
0.95298 0.04702 0.00574091 0.00574091
0.95298 0.04702 0.00574091 0.00574091
0.95299 0.04701 0.00574124 0.00574124
0.95298 0.04702 0.00574091 0.00574091
0.95298 0.04702 0.00574091 0.00574091
0.95298 0.04702 0.00574091 0.00574091
0.95298 0.04702 0.00574091 0.00574091
0.95298 0.04702 0.00574091 0.00574091
0.95298 0.04702 0.00574091 0.00574091
0.95299 0.04701 0.00574124 0.00574124
0.95299 0.04701 0.00574124 0.00574124
0.95299 0.04701 0.00574124 0.00574124
0.95299 0.04701 0.00574124 0.00574124
0.95299 0.04701 0.00574124 0.00574124
0.95298 0.04702 0.00574091 0.00574091
0.95298 0.04702 0.00574091 0.00574091
0.95298 0.04702 0.00574091 0.00574091
0.95298 0.04702 0.00574091 0.00574091
0.95298 0.04702 0.00574091 0.00574091
0.95298 0.04702 0.00574091 0.00574091
0.95298 0.04702 0.00574091 0.00574091
0.95298 0.04702 0.00574091 0.00574091
0.95298 0.04702 0.00574091 0.00574091
0.95298 0.04702 0.00574091 0.00574091
0.95298 0.04702 0.00574091 0.00574091
0.95298 0.04702 0.00574091 0.00574091
0.95298 0.04702 0.00574091 0.00574091
0.95298 0.04702 0.00574091 0.00574091
0.95298 0.04702 0.00574091 0.00574091
0.95298 0.04702 0.00574091 0.00574091
0.95298 0.04702 0.00574091 0.00574091
0.95298 0.04702 0.00574091 0.00574091
0.95298 0.04702 0.00574091 0.00574091
0.95298 0.04702 0.00574091 0.00574091
0.95298 0.04702 0.00574091 0.00574091
0.95298 0.04702 0.00574091 0.00574091
0.95298 0.04702 0.00574091 0.00574091
0.95298 0.04702 0.00574091 0.00574091
0.95298 0.04702 0.00574091 0.00574091
0.95298 0.04702 0.00574091 0.00574091
