0.566 0.751
0.541 0.754
0.599 0.775
0.569 0.736
0.578 0.735
0.539 0.69
0.514 0.614
0.555 0.736
0.593 0.757
0.585 0.757
0.537 0.77
0.591 0.794
0.535 0.719
0.531 0.7
0.53 0.712
0.527 0.728
0.536 0.752
0.546 0.748
0.541 0.713
0.541 0.633
0.504 0.665
0.52 0.656
0.535 0.717
0.547 0.72
0.542 0.747
0.536 0.716
0.564 0.734
0.507 0.694
0.561 0.728
0.545 0.696
0.529 0.762
0.566 0.8
0.545 0.668
0.575 0.664
0.591 0.825
0.568 0.726
0.537 0.73
0.577 0.742
0.596 0.813
0.553 0.717
0.548 0.749
0.537 0.722
0.553 0.784
0.567 0.757
0.519 0.724
0.572 0.744
0.539 0.695
0.509 0.678
0.537 0.706
0.558 0.774
0.55 0.698
0.538 0.777
0.557 0.703
0.576 0.745
0.575 0.692
0.538 0.742
0.525 0.699
0.544 0.711
0.55 0.77
0.575 0.795
0.544 0.674
0.538 0.713
0.583 0.797
0.536 0.741
0.573 0.731
0.568 0.724
0.509 0.763
0.546 0.733
0.568 0.767
0.549 0.695
0.52 0.662
0.535 0.796
0.534 0.64
0.538 0.687
0.549 0.768
0.559 0.736
0.537 0.674
0.545 0.745
0.536 0.737
0.544 0.768
0.521 0.743
0.526 0.748
0.515 0.734
0.547 0.731
0.548 0.699
0.528 0.678
0.525 0.615
0.538 0.718
0.538 0.762
0.579 0.748
0.549 0.755
0.562 0.705
0.571 0.785
0.504 0.683
0.561 0.756
0.577 0.785
0.597 0.812
0.52 0.678
0.586 0.817
0.582 0.737
