0.4843 0.5157 0.00198753 0.00198753
0.46771 0.53229 0.00698797 0.00698797
0.45448 0.54552 0.0140187 0.0140187
0.44086 0.55914 0.0225151 0.0225151
0.42894 0.57106 0.0318725 0.0318725
0.41865 0.58135 0.0425723 0.0425722
0.4097 0.5903 0.0532946 0.0532946
0.40102 0.59898 0.0632218 0.0632218
0.3941 0.6059 0.0731476 0.0731476
0.38745 0.61255 0.0827698 0.0827698
0.38168 0.61832 0.0913284 0.0913284
0.37637 0.62363 0.0999943 0.0999943
0.37131 0.62869 0.107865 0.107865
0.36722 0.63278 0.115502 0.115502
0.36338 0.63662 0.122237 0.122237
0.36012 0.63988 0.128446 0.128446
0.35716 0.64284 0.134533 0.134533
0.35442 0.64558 0.140392 0.140392
0.35158 0.64842 0.14583 0.14583
0.34954 0.65046 0.150279 0.150279
0.34742 0.65258 0.154375 0.154375
0.34565 0.65435 0.158093 0.158093
0.34351 0.65649 0.16111 0.16111
0.34253 0.65747 0.164253 0.164253
0.3409 0.6591 0.167117 0.167117
0.33978 0.66022 0.169788 0.169788
0.33869 0.66131 0.172052 0.172052
0.33752 0.66248 0.174529 0.174529
0.33662 0.66338 0.176431 0.176431
0.33586 0.66414 0.178166 0.178166
0.33529 0.66471 0.179587 0.179587
0.33476 0.66524 0.181029 0.181029
0.33413 0.66587 0.18219 0.18219
0.33359 0.66641 0.183267 0.183267
0.33326 0.66674 0.184152 0.184152
0.33279 0.66721 0.185047 0.185047
0.33216 0.66784 0.1858 0.1858
0.33194 0.66806 0.186556 0.186556
0.33158 0.66842 0.187174 0.187174
0.33133 0.66867 0.187768 0.187768
0.33118 0.66882 0.188335 0.188335
0.33092 0.66908 0.188921 0.188921
0.33065 0.66935 0.189325 0.189325
0.33046 0.66954 0.189649 0.189649
0.33022 0.66978 0.190015 0.190015
0.3301 0.6699 0.190343 0.190343
0.33007 0.66993 0.190677 0.190677
0.32983 0.67017 0.190922 0.190922
0.32964 0.67036 0.191192 0.191192
0.32952 0.67048 0.191416 0.191416
0.32933 0.67067 0.191572 0.191572
0.32905 0.67095 0.191702 0.191702
0.32901 0.67099 0.191884 0.191884
0.32902 0.67098 0.192008 0.192008
0.32893 0.67107 0.192123 0.192123
0.32884 0.67116 0.19228 0.19228
0.32884 0.67116 0.192427 0.192427
0.32885 0.67115 0.192578 0.192578
0.32876 0.67124 0.192646 0.192646
0.32863 0.67137 0.192721 0.192721
0.32868 0.67132 0.19281 0.19281
0.32873 0.67127 0.192884 0.192884
0.32874 0.67126 0.192984 0.192984
0.3287 0.6713 0.193058 0.193058
0.32874 0.67126 0.193152 0.193152
0.32876 0.67124 0.193267 0.193267
0.32881 0.67119 0.19338 0.19338
0.32876 0.67124 0.19342 0.19342
0.32882 0.67118 0.193539 0.193539
0.32888 0.67112 0.193659 0.193659
0.32874 0.67126 0.193664 0.193664
0.3287 0.6713 0.193743 0.193743
0.32877 0.67123 0.193814 0.193814
0.32879 0.67121 0.193876 0.193876
0.3288 0.6712 0.193909 0.193909
0.32873 0.67127 0.193936 0.193936
0.32857 0.67143 0.193946 0.193946
0.32858 0.67142 0.193983 0.193983
0.32846 0.67154 0.194013 0.194013
0.32845 0.67155 0.194044 0.194044
0.32844 0.67156 0.194133 0.194133
0.32846 0.67154 0.194191 0.194191
0.32847 0.67153 0.194249 0.194249
0.32842 0.67158 0.194254 0.194254
0.32837 0.67163 0.194286 0.194286
0.32823 0.67177 0.194281 0.194281
0.32832 0.67168 0.194332 0.194332
0.32826 0.67174 0.194357 0.194357
0.32822 0.67178 0.194354 0.194354
0.32818 0.67182 0.194392 0.194392
0.32824 0.67176 0.194456 0.194456
0.32823 0.67177 0.194483 0.194483
0.32815 0.67185 0.194498 0.194498
0.32807 0.67193 0.19452 0.19452
0.32801 0.67199 0.194511 0.194511
0.32795 0.67205 0.194528 0.194528
0.32792 0.67208 0.194592 0.194592
0.32792 0.67208 0.194619 0.194619
0.32799 0.67201 0.194692 0.194692
0.32793 0.67207 0.194735 0.194735
0.32786 0.67214 0.194729 0.194729
0.32783 0.67217 0.194753 0.194753
0.32772 0.67228 0.194777 0.194777
0.32767 0.67233 0.194802 0.194802
0.32773 0.67227 0.194871 0.194871
0.32774 0.67226 0.194925 0.194925
0.32768 0.67232 0.19495 0.19495
0.32766 0.67234 0.194965 0.194965
0.3277 0.6723 0.195057 0.195057
0.32775 0.67225 0.195133 0.195133
0.32776 0.67224 0.195155 0.195155
0.32779 0.67221 0.195223 0.195223
0.32782 0.67218 0.195309 0.195309
0.3278 0.6722 0.195378 0.195378
0.32785 0.67215 0.195438 0.195438
0.32781 0.67219 0.195462 0.195462
0.32774 0.67226 0.195494 0.195494
0.32775 0.67225 0.195542 0.195542
0.32779 0.67221 0.195598 0.195598
0.32775 0.67225 0.195633 0.195633
0.3277 0.6723 0.19568 0.19568
0.32764 0.67236 0.195705 0.195705
0.32763 0.67237 0.195757 0.195757
0.32758 0.67242 0.195781 0.195781
0.3276 0.6724 0.195821 0.195821
0.32762 0.67238 0.195909 0.195909
0.32764 0.67236 0.195977 0.195977
0.32762 0.67238 0.196063 0.196063
0.32765 0.67235 0.19616 0.19616
0.32762 0.67238 0.196209 0.196209
0.32762 0.67238 0.196254 0.196254
0.32752 0.67248 0.196292 0.196292
0.32744 0.67256 0.196297 0.196297
0.32733 0.67267 0.19633 0.19633
0.32727 0.67273 0.196356 0.196356
0.32723 0.67277 0.196406 0.196406
0.32714 0.67286 0.196435 0.196435
0.32707 0.67293 0.196473 0.196473
0.32701 0.67299 0.196466 0.196466
0.32699 0.67301 0.196526 0.196526
0.32695 0.67305 0.19656 0.19656
0.32689 0.67311 0.196619 0.196619
0.32683 0.67317 0.196655 0.196655
0.3268 0.6732 0.196699 0.196699
0.3268 0.6732 0.196777 0.196777
0.32679 0.67321 0.196826 0.196826
0.32679 0.67321 0.196894 0.196894
0.32676 0.67324 0.196952 0.196952
0.32672 0.67328 0.197009 0.197009
0.32661 0.67339 0.197062 0.197062
0.32657 0.67343 0.197093 0.197093
0.32657 0.67343 0.19713 0.19713
0.32659 0.67341 0.197235 0.197235
0.32653 0.67347 0.197305 0.197305
0.32643 0.67357 0.197374 0.197374
0.32643 0.67357 0.197447 0.197447
0.32635 0.67365 0.197514 0.197514
0.32636 0.67364 0.197578 0.197578
0.32628 0.67372 0.197582 0.197582
0.3262 0.6738 0.197661 0.197661
0.32613 0.67387 0.197729 0.197729
0.32599 0.67401 0.197742 0.197742
0.32591 0.67409 0.197777 0.197777
0.32591 0.67409 0.197874 0.197874
0.32596 0.67404 0.197954 0.197954
0.32583 0.67417 0.198008 0.198008
0.32588 0.67412 0.198098 0.198098
0.32587 0.67413 0.198191 0.198191
0.3258 0.6742 0.198295 0.198295
0.32565 0.67435 0.198369 0.198369
0.32564 0.67436 0.198424 0.198424
0.32559 0.67441 0.198497 0.198497
0.32553 0.67447 0.198554 0.198554
0.32545 0.67455 0.198642 0.198642
0.32539 0.67461 0.1987 0.1987
0.32529 0.67471 0.198755 0.198755
0.32526 0.67474 0.198799 0.198799
0.32516 0.67484 0.198853 0.198853
0.32512 0.67488 0.198905 0.198905
0.32507 0.67493 0.198982 0.198982
0.32499 0.67501 0.198992 0.198992
0.325 0.675 0.199058 0.199058
0.32498 0.67502 0.199099 0.199099
0.32493 0.67507 0.1992 0.1992
0.32484 0.67516 0.199238 0.199238
0.32467 0.67533 0.199282 0.199282
0.32461 0.67539 0.199322 0.199322
0.32456 0.67544 0.199405 0.199405
0.32446 0.67554 0.199456 0.199456
0.32439 0.67561 0.199518 0.199518
0.32437 0.67563 0.19959 0.19959
0.32424 0.67576 0.199645 0.199645
0.32423 0.67577 0.199769 0.199769
0.32416 0.67584 0.199825 0.199825
0.32413 0.67587 0.199875 0.199875
0.32404 0.67596 0.199972 0.199972
0.32405 0.67595 0.200054 0.200054
0.324 0.676 0.200095 0.200095
0.32397 0.67603 0.200151 0.200151
0.32396 0.67604 0.200217 0.200217
0.3239 0.6761 0.200284 0.200284
0.32394 0.67606 0.200366 0.200366
0.3238 0.6762 0.200429 0.200429
0.32361 0.67639 0.200501 0.200501
0.32356 0.67644 0.200577 0.200577
0.32343 0.67657 0.200616 0.200616
0.32333 0.67667 0.200678 0.200678
0.32327 0.67673 0.200724 0.200724
0.32325 0.67675 0.200791 0.200791
0.32323 0.67677 0.200895 0.200895
0.32327 0.67673 0.200966 0.200966
0.32315 0.67685 0.201046 0.201046
0.32312 0.67688 0.201117 0.201117
0.32304 0.67696 0.201135 0.201135
0.32302 0.67698 0.201235 0.201235
0.32293 0.67707 0.20129 0.20129
0.3228 0.6772 0.20133 0.20133
0.32271 0.67729 0.201356 0.201356
0.32264 0.67736 0.201409 0.201409
0.32259 0.67741 0.201483 0.201483
0.32247 0.67753 0.20154 0.20154
0.32235 0.67765 0.201582 0.201582
0.32227 0.67773 0.20164 0.20164
0.32221 0.67779 0.201697 0.201697
0.32212 0.67788 0.201763 0.201763
0.32202 0.67798 0.201807 0.201807
0.32194 0.67806 0.201822 0.201822
0.32188 0.67812 0.201859 0.201859
0.32179 0.67821 0.201934 0.201934
0.32178 0.67822 0.201991 0.201991
0.32171 0.67829 0.202029 0.202029
0.32161 0.67839 0.202116 0.202116
0.32154 0.67846 0.202129 0.202129
0.32146 0.67854 0.202225 0.202225
0.32146 0.67854 0.202351 0.202351
0.32138 0.67862 0.202395 0.202395
0.32127 0.67873 0.20246 0.20246
0.32122 0.67878 0.202542 0.202542
0.3212 0.6788 0.202617 0.202617
0.32114 0.67886 0.202671 0.202671
0.32111 0.67889 0.202745 0.202745
0.32099 0.67901 0.202809 0.202809
0.32088 0.67912 0.202853 0.202853
0.32066 0.67934 0.202907 0.202907
0.32065 0.67935 0.202962 0.202962
0.32056 0.67944 0.202978 0.202978
0.32041 0.67959 0.203021 0.203021
0.32032 0.67968 0.203032 0.203032
0.32021 0.67979 0.203087 0.203087
0.32011 0.67989 0.203123 0.203123
0.31996 0.68004 0.203156 0.203156
0.31992 0.68008 0.203216 0.203216
0.3198 0.6802 0.203251 0.203251
0.31968 0.68032 0.203293 0.203293
0.31957 0.68043 0.203337 0.203337
0.31955 0.68045 0.203405 0.203405
0.31951 0.68049 0.203456 0.203456
0.31943 0.68057 0.203498 0.203498
0.3193 0.6807 0.203516 0.203516
0.31922 0.68078 0.203546 0.203546
0.31904 0.68096 0.203567 0.203567
0.31896 0.68104 0.203629 0.203629
0.31893 0.68107 0.203708 0.203708
0.31887 0.68113 0.203784 0.203784
0.31878 0.68122 0.203829 0.203829
0.31875 0.68125 0.203861 0.203861
0.31866 0.68134 0.203961 0.203961
0.3186 0.6814 0.204021 0.204021
0.31853 0.68147 0.204061 0.204061
0.31844 0.68156 0.204108 0.204108
0.3184 0.6816 0.204201 0.204201
0.31836 0.68164 0.204242 0.204242
0.31829 0.68171 0.204293 0.204293
0.3182 0.6818 0.204334 0.204334
0.31812 0.68188 0.204424 0.204424
0.31804 0.68196 0.204466 0.204466
0.31802 0.68198 0.204542 0.204542
0.31793 0.68207 0.20458 0.20458
0.31792 0.68208 0.204618 0.204618
0.31785 0.68215 0.204637 0.204637
0.31768 0.68232 0.204715 0.204715
0.31762 0.68238 0.20479 0.20479
0.31752 0.68248 0.204849 0.204849
0.31747 0.68253 0.204915 0.204915
0.31748 0.68252 0.20497 0.20497
0.31743 0.68257 0.205016 0.205016
0.31728 0.68272 0.205055 0.205055
0.31712 0.68288 0.205129 0.205129
0.31711 0.68289 0.205176 0.205176
0.31707 0.68293 0.205214 0.205214
0.31698 0.68302 0.205273 0.205273
0.31693 0.68307 0.205316 0.205316
0.31686 0.68314 0.205399 0.205399
0.31681 0.68319 0.205472 0.205472
0.3167 0.6833 0.205521 0.205521
0.31664 0.68336 0.205549 0.205549
0.31663 0.68337 0.205597 0.205597
0.3165 0.6835 0.205673 0.205673
0.31643 0.68357 0.205746 0.205746
0.31634 0.68366 0.205805 0.205805
0.31628 0.68372 0.205831 0.205831
0.31618 0.68382 0.205877 0.205877
0.31604 0.68396 0.205948 0.205948
0.31594 0.68406 0.205979 0.205979
0.31585 0.68415 0.206063 0.206063
0.31581 0.68419 0.206149 0.206149
0.31576 0.68424 0.206228 0.206228
0.31569 0.68431 0.206296 0.206296
0.31564 0.68436 0.206353 0.206353
0.31549 0.68451 0.206452 0.206452
0.31546 0.68454 0.206495 0.206495
0.31543 0.68457 0.20658 0.20658
0.31535 0.68465 0.206612 0.206612
0.31527 0.68473 0.206687 0.206687
0.31523 0.68477 0.20669 0.20669
0.31512 0.68488 0.206772 0.206772
0.31508 0.68492 0.20683 0.20683
0.315 0.685 0.206886 0.206886
0.31489 0.68511 0.206927 0.206927
0.3148 0.6852 0.206964 0.206964
0.31476 0.68524 0.207031 0.207031
0.31468 0.68532 0.207061 0.207061
0.31461 0.68539 0.207129 0.207129
0.31454 0.68546 0.207184 0.207184
0.31452 0.68548 0.207215 0.207215
0.31448 0.68552 0.207273 0.207273
0.31444 0.68556 0.207329 0.207329
0.31439 0.68561 0.207382 0.207382
0.31437 0.68563 0.207419 0.207419
0.3143 0.6857 0.207471 0.207471
0.31423 0.68577 0.207529 0.207529
0.31424 0.68576 0.207601 0.207601
0.31421 0.68579 0.207644 0.207644
0.31411 0.68589 0.207703 0.207703
0.31403 0.68597 0.207745 0.207745
0.314 0.686 0.207842 0.207842
0.31396 0.68604 0.207891 0.207891
0.31387 0.68613 0.207936 0.207936
0.3138 0.6862 0.207966 0.207966
0.31377 0.68623 0.208057 0.208057
0.31371 0.68629 0.208072 0.208072
0.31369 0.68631 0.208128 0.208128
0.31366 0.68634 0.208164 0.208164
0.31363 0.68637 0.208169 0.208169
0.31361 0.68639 0.208213 0.208213
0.31354 0.68646 0.208244 0.208244
0.31353 0.68647 0.208272 0.208272
0.31349 0.68651 0.208314 0.208314
0.31346 0.68654 0.208355 0.208355
0.31335 0.68665 0.208412 0.208412
0.31325 0.68675 0.208467 0.208467
0.31317 0.68683 0.208497 0.208497
0.31315 0.68685 0.208576 0.208576
0.31308 0.68692 0.208652 0.208652
0.31304 0.68696 0.208688 0.208688
0.31298 0.68702 0.208743 0.208743
0.31295 0.68705 0.208782 0.208782
0.31287 0.68713 0.208815 0.208815
0.3128 0.6872 0.208849 0.208849
0.31274 0.68726 0.208862 0.208862
0.31266 0.68734 0.208892 0.208892
0.31259 0.68741 0.208936 0.208936
0.31256 0.68744 0.208964 0.208964
0.31249 0.68751 0.20902 0.20902
0.31247 0.68753 0.20904 0.20904
0.31239 0.68761 0.209056 0.209056
0.31235 0.68765 0.209073 0.209073
0.31231 0.68769 0.209128 0.209128
0.31219 0.68781 0.209157 0.209157
0.31214 0.68786 0.209207 0.209207
0.31212 0.68788 0.20923 0.20923
0.31209 0.68791 0.209241 0.209241
0.3121 0.6879 0.209284 0.209284
0.31208 0.68792 0.20933 0.20933
0.31204 0.68796 0.209353 0.209353
0.31196 0.68804 0.209365 0.209365
0.31193 0.68807 0.209392 0.209392
0.31184 0.68816 0.209435 0.209435
0.31178 0.68822 0.209466 0.209466
0.31174 0.68826 0.209503 0.209503
0.31161 0.68839 0.209547 0.209547
0.31156 0.68844 0.209592 0.209592
0.31154 0.68846 0.209611 0.209611
0.3115 0.6885 0.209651 0.209651
0.31147 0.68853 0.209655 0.209655
0.3114 0.6886 0.209692 0.209692
0.31135 0.68865 0.209697 0.209697
0.31131 0.68869 0.20971 0.20971
0.31126 0.68874 0.209744 0.209744
0.31129 0.68871 0.209772 0.209772
0.31127 0.68873 0.209804 0.209804
0.31122 0.68878 0.209823 0.209823
0.31114 0.68886 0.209846 0.209846
0.31106 0.68894 0.209877 0.209877
0.31101 0.68899 0.209886 0.209886
0.31097 0.68903 0.209896 0.209896
0.31092 0.68908 0.209929 0.209929
0.31089 0.68911 0.209936 0.209936
0.31086 0.68914 0.209951 0.209951
0.31081 0.68919 0.209982 0.209982
0.3108 0.6892 0.210006 0.210006
0.31077 0.68923 0.210022 0.210022
0.31073 0.68927 0.210043 0.210043
0.31071 0.68929 0.210073 0.210073
0.3107 0.6893 0.210077 0.210077
0.31066 0.68934 0.210097 0.210097
0.31057 0.68943 0.210154 0.210154
0.31059 0.68941 0.210199 0.210199
0.31055 0.68945 0.210213 0.210213
0.3105 0.6895 0.210232 0.210232
0.31043 0.68957 0.210252 0.210252
0.31039 0.68961 0.210257 0.210257
0.31033 0.68967 0.210279 0.210279
0.3103 0.6897 0.210287 0.210287
0.31026 0.68974 0.210309 0.210309
0.31025 0.68975 0.210324 0.210324
0.31021 0.68979 0.210336 0.210336
0.31013 0.68987 0.210372 0.210372
0.31013 0.68987 0.210381 0.210381
0.31012 0.68988 0.210395 0.210395
0.31009 0.68991 0.210412 0.210412
0.31007 0.68993 0.210432 0.210432
0.31004 0.68996 0.210449 0.210449
0.31002 0.68998 0.21047 0.21047
0.31003 0.68997 0.210473 0.210473
0.30999 0.69001 0.210487 0.210487
0.30997 0.69003 0.210499 0.210499
0.30993 0.69007 0.210495 0.210495
0.30992 0.69008 0.2105 0.2105
0.3099 0.6901 0.210503 0.210503
0.30988 0.69012 0.210532 0.210532
0.30987 0.69013 0.210556 0.210556
0.30987 0.69013 0.210565 0.210565
0.30983 0.69017 0.210591 0.210591
0.3098 0.6902 0.210608 0.210608
0.30976 0.69024 0.210632 0.210632
0.30975 0.69025 0.210649 0.210649
0.30971 0.69029 0.210654 0.210654
0.30968 0.69032 0.210654 0.210654
0.30968 0.69032 0.210663 0.210663
0.30966 0.69034 0.210666 0.210666
0.30965 0.69035 0.210663 0.210663
0.30964 0.69036 0.210669 0.210669
0.30964 0.69036 0.210678 0.210678
0.30959 0.69041 0.210671 0.210671
0.3096 0.6904 0.210683 0.210683
0.30962 0.69038 0.21069 0.21069
0.30958 0.69042 0.210686 0.210686
0.30955 0.69045 0.210677 0.210677
0.30955 0.69045 0.210677 0.210677
0.30955 0.69045 0.210677 0.210677
0.30954 0.69046 0.210674 0.210674
0.30949 0.69051 0.210685 0.210685
0.30948 0.69052 0.210682 0.210682
0.30948 0.69052 0.210682 0.210682
0.30942 0.69058 0.210682 0.210682
0.30943 0.69057 0.210685 0.210685
0.30942 0.69058 0.210691 0.210691
0.30941 0.69059 0.210688 0.210688
0.30938 0.69062 0.210679 0.210679
0.30939 0.69061 0.210682 0.210682
0.30939 0.69061 0.210682 0.210682
0.30936 0.69064 0.210673 0.210673
0.30936 0.69064 0.210673 0.210673
0.30932 0.69068 0.21066 0.21066
0.30931 0.69069 0.210667 0.210667
0.30931 0.69069 0.210667 0.210667
0.3093 0.6907 0.210664 0.210664
0.30928 0.69072 0.210658 0.210658
0.30927 0.69073 0.210673 0.210673
0.30927 0.69073 0.210674 0.210674
0.30929 0.69071 0.21068 0.21068
0.30927 0.69073 0.210674 0.210674
0.30927 0.69073 0.210683 0.210683
0.30926 0.69074 0.21068 0.21068
0.30926 0.69074 0.21068 0.21068
0.30921 0.69079 0.210674 0.210674
0.3092 0.6908 0.210671 0.210671
0.3092 0.6908 0.210671 0.210671
0.30919 0.69081 0.210668 0.210668
0.30918 0.69082 0.210675 0.210675
0.30921 0.69079 0.210683 0.210683
0.30923 0.69077 0.210689 0.210689
0.30923 0.69077 0.210689 0.210689
0.30924 0.69076 0.210692 0.210692
0.30921 0.69079 0.210683 0.210683
0.30921 0.69079 0.210683 0.210683
0.30922 0.69078 0.210686 0.210686
0.30921 0.69079 0.210693 0.210693
0.30921 0.69079 0.210693 0.210693
0.30921 0.69079 0.210693 0.210693
0.30921 0.69079 0.210693 0.210693
0.30922 0.69078 0.210696 0.210696
0.30923 0.69077 0.210699 0.210699
0.30924 0.69076 0.210702 0.210702
0.30924 0.69076 0.210702 0.210702
0.30927 0.69073 0.210711 0.210711
0.30929 0.69071 0.210717 0.210717
0.30928 0.69072 0.210714 0.210714
0.30929 0.69071 0.210717 0.210717
