0.50134 0.49866 0.000227722 0.000227722
0.50323 0.49677 0.000712442 0.000712442
0.50471 0.49529 0.00140122 0.00140122
0.50667 0.49333 0.00218742 0.00218742
0.50799 0.49201 0.0030831 0.0030831
0.50872 0.49128 0.00401216 0.00401216
0.50962 0.49038 0.00490519 0.00490519
0.51104 0.48896 0.0059497 0.0059497
0.51198 0.48802 0.00683697 0.00683697
0.51231 0.48769 0.00770379 0.00770379
0.51265 0.48735 0.00853245 0.00853245
0.51303 0.48697 0.00929686 0.00929686
0.51427 0.48573 0.00998705 0.00998705
0.51461 0.48539 0.0108389 0.0108389
0.51574 0.48426 0.011443 0.011443
0.51572 0.48428 0.0120817 0.0120817
0.51585 0.48415 0.012679 0.012679
0.5162 0.4838 0.0131628 0.0131628
0.51631 0.48369 0.0137063 0.0137063
0.51648 0.48352 0.0139075 0.0139075
0.51678 0.48322 0.0142643 0.0142643
0.51703 0.48297 0.0145656 0.0145656
0.51728 0.48272 0.014892 0.014892
0.51775 0.48225 0.0152194 0.0152194
0.51778 0.48222 0.0154145 0.0154145
0.51801 0.48199 0.0156887 0.0156887
0.51822 0.48178 0.015892 0.015892
0.51814 0.48186 0.0161076 0.0161076
0.51825 0.48175 0.0163555 0.0163555
0.51837 0.48163 0.0166292 0.0166292
0.51867 0.48133 0.0167718 0.0167718
0.51881 0.48119 0.0169449 0.0169449
0.51897 0.48103 0.0171198 0.0171198
0.51914 0.48086 0.0172104 0.0172104
0.51904 0.48096 0.0173449 0.0173449
0.5187 0.4813 0.017452 0.017452
0.51881 0.48119 0.0175855 0.0175855
0.51888 0.48112 0.0177272 0.0177272
0.51887 0.48113 0.0177703 0.0177703
0.5191 0.4809 0.0178545 0.0178545
0.51921 0.48079 0.0178996 0.0178996
0.51909 0.48091 0.0180297 0.0180297
0.51894 0.48106 0.0181057 0.0181057
0.51898 0.48102 0.0181668 0.0181668
0.51907 0.48093 0.0181848 0.0181848
0.51923 0.48077 0.0182259 0.0182259
0.51953 0.48047 0.0183079 0.0183079
0.51948 0.48052 0.0183846 0.0183846
0.5195 0.4805 0.0184062 0.0184062
0.51947 0.48053 0.0184428 0.0184428
0.5195 0.4805 0.0185042 0.0185042
0.51952 0.48048 0.0185357 0.0185357
0.51956 0.48044 0.0185816 0.0185816
0.51962 0.48038 0.0186333 0.0186333
0.51969 0.48031 0.0186531 0.0186531
0.51974 0.48026 0.0186866 0.0186866
0.51958 0.48042 0.0187319 0.0187319
0.51962 0.48038 0.018742 0.018742
0.51948 0.48052 0.0187921 0.0187921
0.51941 0.48059 0.0188352 0.0188352
0.51951 0.48049 0.0188646 0.0188646
0.51957 0.48043 0.018877 0.018877
0.51973 0.48027 0.0189065 0.0189065
0.51969 0.48031 0.018919 0.018919
0.51961 0.48039 0.0189002 0.0189002
0.51958 0.48042 0.0189059 0.0189059
0.51963 0.48037 0.0189425 0.0189425
0.51965 0.48035 0.0189471 0.0189471
0.51966 0.48034 0.0189661 0.0189661
0.51965 0.48035 0.0190018 0.0190018
0.51964 0.48036 0.0190029 0.0190029
0.5197 0.4803 0.0190204 0.0190204
0.51968 0.48032 0.0190251 0.0190251
0.51973 0.48027 0.0190548 0.0190548
0.51976 0.48024 0.0190941 0.0190941
0.51979 0.48021 0.0191148 0.0191148
0.51981 0.48019 0.0191398 0.0191398
0.5198 0.4802 0.0191766 0.0191766
0.5198 0.4802 0.0191758 0.0191758
0.51986 0.48014 0.0192017 0.0192017
0.51985 0.48015 0.0192115 0.0192115
0.51985 0.48015 0.0192299 0.0192299
0.5199 0.4801 0.0192473 0.0192473
0.52001 0.47999 0.0192755 0.0192755
0.52003 0.47997 0.0192873 0.0192873
0.52006 0.47994 0.01931 0.01931
0.52006 0.47994 0.0193215 0.0193215
0.52011 0.47989 0.0193532 0.0193532
0.52011 0.47989 0.0193763 0.0193763
0.52018 0.47982 0.0193983 0.0193983
0.52025 0.47975 0.0194154 0.0194154
0.52031 0.47969 0.0194432 0.0194432
0.52025 0.47975 0.0194541 0.0194541
0.52033 0.47967 0.0194677 0.0194677
0.52036 0.47964 0.0194935 0.0194935
0.52038 0.47962 0.0194977 0.0194977
0.52041 0.47959 0.0195034 0.0195034
0.52043 0.47957 0.0195231 0.0195231
0.52042 0.47958 0.0195372 0.0195372
0.52035 0.47965 0.0195298 0.0195298
0.52035 0.47965 0.0195345 0.0195345
0.52035 0.47965 0.0195365 0.0195365
0.52036 0.47964 0.0195532 0.0195532
0.52041 0.47959 0.0195706 0.0195706
0.52045 0.47955 0.0195683 0.0195683
0.52051 0.47949 0.0195843 0.0195843
0.52048 0.47952 0.0195835 0.0195835
0.52042 0.47958 0.019564 0.019564
0.52039 0.47961 0.0195723 0.0195723
0.52038 0.47962 0.0195893 0.0195893
0.52038 0.47962 0.0195919 0.0195919
0.52037 0.47963 0.0195915 0.0195915
0.52044 0.47956 0.0195863 0.0195863
0.52048 0.47952 0.0195825 0.0195825
0.5205 0.4795 0.0195955 0.0195955
0.52051 0.47949 0.0195996 0.0195996
0.52046 0.47954 0.0195949 0.0195949
0.52049 0.47951 0.0195869 0.0195869
0.52051 0.47949 0.0195899 0.0195899
0.52052 0.47948 0.0196014 0.0196014
0.52051 0.47949 0.0196059 0.0196059
0.52047 0.47953 0.019613 0.019613
0.52045 0.47955 0.0196095 0.0196095
0.52048 0.47952 0.019617 0.019617
0.52046 0.47954 0.0196226 0.0196226
0.52048 0.47952 0.0196192 0.0196192
0.52044 0.47956 0.0196208 0.0196208
0.52045 0.47955 0.0196119 0.0196119
0.52044 0.47956 0.0196136 0.0196136
0.52041 0.47959 0.0196166 0.0196166
0.52045 0.47955 0.0196202 0.0196202
0.52049 0.47951 0.0196245 0.0196245
0.52044 0.47956 0.0196279 0.0196279
0.52041 0.47959 0.0196417 0.0196417
0.52045 0.47955 0.019644 0.019644
0.52041 0.47959 0.0196356 0.0196356
0.52038 0.47962 0.0196312 0.0196312
0.52039 0.47961 0.019635 0.019635
0.5204 0.4796 0.0196363 0.0196363
0.52042 0.47958 0.0196429 0.0196429
0.52041 0.47959 0.0196449 0.0196449
0.52045 0.47955 0.0196461 0.0196461
0.52043 0.47957 0.0196561 0.0196561
0.52043 0.47957 0.019648 0.019648
0.52043 0.47957 0.0196581 0.0196581
0.52043 0.47957 0.0196609 0.0196609
0.52043 0.47957 0.0196546 0.0196546
0.52043 0.47957 0.0196572 0.0196572
0.52042 0.47958 0.0196536 0.0196536
0.52036 0.47964 0.0196568 0.0196568
0.52035 0.47965 0.0196573 0.0196573
0.52033 0.47967 0.0196602 0.0196602
0.52033 0.47967 0.0196602 0.0196602
0.52032 0.47968 0.0196511 0.0196511
0.52033 0.47967 0.0196509 0.0196509
0.52032 0.47968 0.0196508 0.0196508
0.52032 0.47968 0.0196528 0.0196528
0.52029 0.47971 0.019653 0.019653
0.52026 0.47974 0.0196558 0.0196558
0.52026 0.47974 0.0196583 0.0196583
0.52026 0.47974 0.0196605 0.0196605
0.52024 0.47976 0.0196511 0.0196511
0.52022 0.47978 0.0196579 0.0196579
0.52024 0.47976 0.0196663 0.0196663
0.52023 0.47977 0.01966 0.01966
0.52023 0.47977 0.019662 0.019662
0.52022 0.47978 0.0196656 0.0196656
0.52021 0.47979 0.0196678 0.0196678
0.52021 0.47979 0.0196651 0.0196651
0.52014 0.47986 0.0196663 0.0196663
0.52017 0.47983 0.0196785 0.0196785
0.52019 0.47981 0.0196711 0.0196711
0.52018 0.47982 0.0196736 0.0196736
0.52014 0.47986 0.0196741 0.0196741
0.52016 0.47984 0.0196786 0.0196786
0.52014 0.47986 0.0196822 0.0196822
0.52013 0.47987 0.0196866 0.0196866
0.52011 0.47989 0.0196874 0.0196874
0.52009 0.47991 0.0196909 0.0196909
0.52009 0.47991 0.0196892 0.0196892
0.52007 0.47993 0.0196892 0.0196892
0.52009 0.47991 0.0196875 0.0196875
0.5201 0.4799 0.0196964 0.0196964
0.52009 0.47991 0.0196948 0.0196948
0.52008 0.47992 0.0196965 0.0196965
0.52008 0.47992 0.0197018 0.0197018
0.5201 0.4799 0.019703 0.019703
0.5201 0.4799 0.019701 0.019701
0.52014 0.47986 0.0197138 0.0197138
0.52017 0.47983 0.019716 0.019716
0.52017 0.47983 0.019716 0.019716
0.52016 0.47984 0.0197169 0.0197169
0.52013 0.47987 0.0197239 0.0197239
0.52013 0.47987 0.0197195 0.0197195
0.52011 0.47989 0.0197206 0.0197206
0.52011 0.47989 0.019726 0.019726
0.52008 0.47992 0.019731 0.019731
0.52008 0.47992 0.0197244 0.0197244
0.5201 0.4799 0.0197304 0.0197304
0.52008 0.47992 0.019733 0.019733
0.52007 0.47993 0.0197354 0.0197354
0.52006 0.47994 0.0197338 0.0197338
0.52005 0.47995 0.0197341 0.0197341
0.52012 0.47988 0.0197545 0.0197545
0.52011 0.47989 0.0197662 0.0197662
0.52012 0.47988 0.0197754 0.0197754
0.52013 0.47987 0.0197811 0.0197811
0.52009 0.47991 0.0197924 0.0197924
0.52009 0.47991 0.0197868 0.0197868
0.52011 0.47989 0.0197814 0.0197814
0.52013 0.47987 0.0197708 0.0197708
0.52013 0.47987 0.0197728 0.0197728
0.52014 0.47986 0.0197759 0.0197759
0.52014 0.47986 0.0197774 0.0197774
0.52014 0.47986 0.0197828 0.0197828
0.52009 0.47991 0.0197765 0.0197765
0.52009 0.47991 0.01978 0.01978
0.52012 0.47988 0.0197804 0.0197804
0.52013 0.47987 0.019782 0.019782
0.52015 0.47985 0.0197808 0.0197808
0.52015 0.47985 0.0197788 0.0197788
0.52014 0.47986 0.0197833 0.0197833
0.52014 0.47986 0.0197914 0.0197914
0.52014 0.47986 0.0197934 0.0197934
0.52018 0.47982 0.0197938 0.0197938
0.52018 0.47982 0.0197994 0.0197994
0.52019 0.47981 0.0198034 0.0198034
0.5202 0.4798 0.0198065 0.0198065
0.52019 0.47981 0.019809 0.019809
0.52021 0.47979 0.0198135 0.0198135
0.52023 0.47977 0.0198183 0.0198183
0.52025 0.47975 0.0198135 0.0198135
0.52025 0.47975 0.0198176 0.0198176
0.52025 0.47975 0.0198196 0.0198196
0.52026 0.47974 0.0198249 0.0198249
0.52029 0.47971 0.0198298 0.0198298
0.52027 0.47973 0.0198265 0.0198265
0.5203 0.4797 0.0198293 0.0198293
0.52031 0.47969 0.0198269 0.0198269
0.52034 0.47966 0.0198433 0.0198433
0.52035 0.47965 0.0198429 0.0198429
0.52034 0.47966 0.0198291 0.0198291
0.52035 0.47965 0.0198325 0.0198325
0.52033 0.47967 0.0198252 0.0198252
0.52033 0.47967 0.0198293 0.0198293
0.52032 0.47968 0.0198393 0.0198393
0.52033 0.47967 0.0198427 0.0198427
0.52031 0.47969 0.0198415 0.0198415
0.52032 0.47968 0.0198391 0.0198391
0.52028 0.47972 0.0198244 0.0198244
0.52029 0.47971 0.01982 0.01982
0.5203 0.4797 0.0198196 0.0198196
0.52031 0.47969 0.0198231 0.0198231
0.52028 0.47972 0.0198243 0.0198243
0.52028 0.47972 0.0198243 0.0198243
0.52028 0.47972 0.0198202 0.0198202
0.52028 0.47972 0.0198261 0.0198261
0.52027 0.47973 0.0198223 0.0198223
0.52029 0.47971 0.0198296 0.0198296
0.52029 0.47971 0.0198296 0.0198296
0.52034 0.47966 0.0198276 0.0198276
0.52032 0.47968 0.0198305 0.0198305
0.52029 0.47971 0.0198317 0.0198317
0.52031 0.47969 0.0198288 0.0198288
0.52029 0.47971 0.0198215 0.0198215
0.52028 0.47972 0.0198199 0.0198199
0.5203 0.4797 0.019811 0.019811
0.52028 0.47972 0.0198158 0.0198158
0.52027 0.47973 0.0198162 0.0198162
0.52029 0.47971 0.0198355 0.0198355
0.52028 0.47972 0.019844 0.019844
0.52026 0.47974 0.0198487 0.0198487
0.52025 0.47975 0.0198451 0.0198451
0.52025 0.47975 0.0198491 0.0198491
0.52025 0.47975 0.0198491 0.0198491
0.52025 0.47975 0.0198531 0.0198531
0.52023 0.47977 0.0198478 0.0198478
0.52023 0.47977 0.0198478 0.0198478
0.5202 0.4798 0.019847 0.019847
0.5202 0.4798 0.0198511 0.0198511
0.52022 0.47978 0.0198442 0.0198442
0.52023 0.47977 0.0198357 0.0198357
0.52024 0.47976 0.0198393 0.0198393
0.52018 0.47982 0.0198356 0.0198356
0.52018 0.47982 0.0198417 0.0198417
0.52016 0.47984 0.0198344 0.0198344
0.52015 0.47985 0.0198348 0.0198348
0.52017 0.47983 0.019834 0.019834
0.52017 0.47983 0.019828 0.019828
0.52016 0.47984 0.0198324 0.0198324
0.52018 0.47982 0.0198296 0.0198296
0.52019 0.47981 0.0198332 0.0198332
0.52019 0.47981 0.0198312 0.0198312
0.52019 0.47981 0.0198312 0.0198312
0.52022 0.47978 0.01983 0.01983
0.52023 0.47977 0.0198316 0.0198316
0.52024 0.47976 0.0198333 0.0198333
0.52025 0.47975 0.0198349 0.0198349
0.52026 0.47974 0.0198345 0.0198345
0.52027 0.47973 0.0198381 0.0198381
0.52026 0.47974 0.0198324 0.0198324
0.52027 0.47973 0.019824 0.019824
0.52024 0.47976 0.0198191 0.0198191
0.52024 0.47976 0.019809 0.019809
0.52024 0.47976 0.0198091 0.0198091
0.52024 0.47976 0.0198111 0.0198111
0.52023 0.47977 0.0198115 0.0198115
0.52022 0.47978 0.0198059 0.0198059
0.52021 0.47979 0.0198103 0.0198103
0.52023 0.47977 0.0198175 0.0198175
0.52024 0.47976 0.0198191 0.0198191
0.52024 0.47976 0.0198252 0.0198252
0.52024 0.47976 0.0198252 0.0198252
0.52027 0.47973 0.019822 0.019822
0.52027 0.47973 0.01983 0.01983
0.52028 0.47972 0.0198398 0.0198398
0.52028 0.47972 0.0198418 0.0198418
0.52028 0.47972 0.0198418 0.0198418
0.52029 0.47971 0.0198393 0.0198393
0.52031 0.47969 0.0198406 0.0198406
0.52031 0.47969 0.0198385 0.0198385
0.5203 0.4797 0.0198349 0.0198349
0.52031 0.47969 0.0198386 0.0198386
0.52029 0.47971 0.0198373 0.0198373
0.52027 0.47973 0.0198361 0.0198361
0.52027 0.47973 0.0198341 0.0198341
0.52029 0.47971 0.0198333 0.0198333
0.52029 0.47971 0.0198313 0.0198313
0.5203 0.4797 0.0198289 0.0198289
0.5203 0.4797 0.0198309 0.0198309
0.52031 0.47969 0.0198325 0.0198325
0.5203 0.4797 0.0198268 0.0198268
0.52031 0.47969 0.0198284 0.0198284
0.52031 0.47969 0.0198284 0.0198284
0.5203 0.4797 0.0198328 0.0198328
0.52028 0.47972 0.0198336 0.0198336
0.52031 0.47969 0.0198344 0.0198344
0.52033 0.47967 0.0198336 0.0198336
0.52034 0.47966 0.0198332 0.0198332
0.52034 0.47966 0.0198353 0.0198353
0.52033 0.47967 0.0198357 0.0198357
0.52031 0.47969 0.0198405 0.0198405
0.52032 0.47968 0.0198361 0.0198361
0.5203 0.4797 0.0198369 0.0198369
0.5203 0.4797 0.0198349 0.0198349
0.5203 0.4797 0.0198349 0.0198349
0.5203 0.4797 0.0198349 0.0198349
0.52029 0.47971 0.0198394 0.0198394
0.52029 0.47971 0.0198393 0.0198393
0.5203 0.4797 0.019845 0.019845
0.52028 0.47972 0.0198397 0.0198397
0.52027 0.47973 0.0198442 0.0198442
0.52028 0.47972 0.0198438 0.0198438
0.52026 0.47974 0.0198445 0.0198445
0.52023 0.47977 0.0198457 0.0198457
0.52022 0.47978 0.0198482 0.0198482
0.52023 0.47977 0.0198457 0.0198457
0.52022 0.47978 0.0198421 0.0198421
0.52023 0.47977 0.0198336 0.0198336
0.52023 0.47977 0.0198397 0.0198397
0.52024 0.47976 0.0198494 0.0198494
0.52023 0.47977 0.0198518 0.0198518
0.52024 0.47976 0.0198494 0.0198494
0.52024 0.47976 0.0198494 0.0198494
0.52025 0.47975 0.019847 0.019847
0.52026 0.47974 0.0198547 0.0198547
0.52025 0.47975 0.0198551 0.0198551
0.5202 0.4798 0.0198429 0.0198429
0.5202 0.4798 0.0198409 0.0198409
0.52019 0.47981 0.0198393 0.0198393
0.52022 0.47978 0.0198421 0.0198421
0.52023 0.47977 0.0198437 0.0198437
0.52023 0.47977 0.0198437 0.0198437
0.52022 0.47978 0.0198462 0.0198462
0.52023 0.47977 0.0198458 0.0198458
0.52023 0.47977 0.0198397 0.0198397
0.52019 0.47981 0.0198433 0.0198433
0.52019 0.47981 0.0198433 0.0198433
0.52017 0.47983 0.0198481 0.0198481
0.52018 0.47982 0.0198518 0.0198518
0.52016 0.47984 0.0198425 0.0198425
0.52016 0.47984 0.0198364 0.0198364
0.52016 0.47984 0.0198364 0.0198364
0.52018 0.47982 0.0198356 0.0198356
0.52016 0.47984 0.0198405 0.0198405
0.52016 0.47984 0.0198425 0.0198425
0.52018 0.47982 0.0198396 0.0198396
0.52017 0.47983 0.0198421 0.0198421
0.52016 0.47984 0.0198385 0.0198385
0.52016 0.47984 0.0198405 0.0198405
0.52017 0.47983 0.01984 0.01984
0.52016 0.47984 0.0198364 0.0198364
0.52015 0.47985 0.0198328 0.0198328
0.52013 0.47987 0.0198316 0.0198316
0.52014 0.47986 0.0198332 0.0198332
0.52013 0.47987 0.0198376 0.0198376
0.52015 0.47985 0.0198368 0.0198368
0.52015 0.47985 0.0198409 0.0198409
0.52014 0.47986 0.0198453 0.0198453
0.52016 0.47984 0.0198466 0.0198466
0.52016 0.47984 0.0198405 0.0198405
0.52017 0.47983 0.0198441 0.0198441
0.52019 0.47981 0.0198413 0.0198413
0.52018 0.47982 0.0198376 0.0198376
0.52017 0.47983 0.019842 0.019842
0.52018 0.47982 0.0198476 0.0198476
0.52014 0.47986 0.0198493 0.0198493
0.52016 0.47984 0.0198505 0.0198505
0.52016 0.47984 0.0198465 0.0198465
0.52016 0.47984 0.0198424 0.0198424
0.52015 0.47985 0.0198348 0.0198348
0.52015 0.47985 0.0198408 0.0198408
0.52015 0.47985 0.0198368 0.0198368
0.52015 0.47985 0.0198368 0.0198368
0.52015 0.47985 0.0198368 0.0198368
0.52017 0.47983 0.019838 0.019838
0.52015 0.47985 0.0198388 0.0198388
0.52015 0.47985 0.0198429 0.0198429
0.52011 0.47989 0.0198444 0.0198444
0.52012 0.47988 0.019842 0.019842
0.52011 0.47989 0.0198383 0.0198383
0.52011 0.47989 0.0198363 0.0198363
0.52009 0.47991 0.0198352 0.0198352
0.5201 0.4799 0.0198327 0.0198327
0.5201 0.4799 0.0198368 0.0198368
0.52011 0.47989 0.0198263 0.0198263
0.52014 0.47986 0.0198271 0.0198271
0.52012 0.47988 0.0198279 0.0198279
0.52013 0.47987 0.0198255 0.0198255
0.52015 0.47985 0.0198247 0.0198247
0.52018 0.47982 0.0198254 0.0198254
0.52019 0.47981 0.019827 0.019827
0.52018 0.47982 0.0198275 0.0198275
0.52017 0.47983 0.0198279 0.0198279
0.52018 0.47982 0.0198335 0.0198335
0.52017 0.47983 0.019836 0.019836
0.52019 0.47981 0.0198433 0.0198433
0.5202 0.4798 0.0198469 0.0198469
0.52018 0.47982 0.0198558 0.0198558
0.52019 0.47981 0.0198574 0.0198574
0.52017 0.47983 0.0198542 0.0198542
0.52018 0.47982 0.0198538 0.0198538
0.52014 0.47986 0.0198413 0.0198413
0.52014 0.47986 0.0198352 0.0198352
0.52015 0.47985 0.0198308 0.0198308
0.52016 0.47984 0.0198385 0.0198385
0.52015 0.47985 0.0198409 0.0198409
0.52015 0.47985 0.019845 0.019845
0.52015 0.47985 0.019845 0.019845
0.52014 0.47986 0.0198454 0.0198454
0.52013 0.47987 0.0198398 0.0198398
0.52015 0.47985 0.019847 0.019847
0.52015 0.47985 0.0198511 0.0198511
0.52015 0.47985 0.0198511 0.0198511
0.52017 0.47983 0.0198543 0.0198543
0.52015 0.47985 0.0198571 0.0198571
0.52018 0.47982 0.019864 0.019864
0.52016 0.47984 0.0198628 0.0198628
0.52018 0.47982 0.0198619 0.0198619
0.52018 0.47982 0.0198579 0.0198579
0.52019 0.47981 0.0198575 0.0198575
0.52019 0.47981 0.0198575 0.0198575
0.5202 0.4798 0.0198571 0.0198571
0.52021 0.47979 0.0198547 0.0198547
0.5202 0.4798 0.0198551 0.0198551
0.5202 0.4798 0.019849 0.019849
0.52016 0.47984 0.0198365 0.0198365
0.52018 0.47982 0.0198337 0.0198337
0.52017 0.47983 0.0198341 0.0198341
0.52011 0.47989 0.0198324 0.0198324
0.5201 0.4799 0.0198329 0.0198329
0.5201 0.4799 0.0198288 0.0198288
0.52009 0.47991 0.0198353 0.0198353
0.52009 0.47991 0.0198292 0.0198292
0.52009 0.47991 0.0198292 0.0198292
0.52009 0.47991 0.0198313 0.0198313
0.5201 0.4799 0.0198288 0.0198288
0.52009 0.47991 0.0198293 0.0198293
0.52012 0.47988 0.0198341 0.0198341
0.52011 0.47989 0.0198305 0.0198305
0.52012 0.47988 0.019822 0.019822
0.52013 0.47987 0.0198216 0.0198216
0.52014 0.47986 0.0198232 0.0198232
0.52015 0.47985 0.0198228 0.0198228
0.52015 0.47985 0.0198188 0.0198188
0.52015 0.47985 0.0198208 0.0198208
0.52015 0.47985 0.0198168 0.0198168
0.52015 0.47985 0.0198168 0.0198168
0.52015 0.47985 0.0198148 0.0198148
0.52017 0.47983 0.0198119 0.0198119
0.52017 0.47983 0.0198118 0.0198118
0.52017 0.47983 0.0198078 0.0198078
0.52019 0.47981 0.0198049 0.0198049
0.52019 0.47981 0.0198029 0.0198029
0.52018 0.47982 0.0197993 0.0197993
0.52016 0.47984 0.0197981 0.0197981
0.52018 0.47982 0.0197993 0.0197993
0.52017 0.47983 0.0197957 0.0197957
0.52019 0.47981 0.0197969 0.0197969
0.52021 0.47979 0.0198022 0.0198022
