0.50006 0.49994 1.41378e-05 1.41378e-05
0.49898 0.50102 2.09895e-05 2.09895e-05
0.49849 0.50151 2.83736e-05 2.83736e-05
0.49916 0.50084 4.25802e-05 4.25802e-05
0.49942 0.50058 5.21855e-05 5.21855e-05
0.50006 0.49994 5.93903e-05 5.93903e-05
0.50002 0.49998 6.4141e-05 6.4141e-05
0.49994 0.50006 7.48448e-05 7.48448e-05
0.50054 0.49946 8.53014e-05 8.53014e-05
0.50039 0.49961 8.9109e-05 8.9109e-05
0.50047 0.49953 0.000103524 0.000103524
0.50092 0.49908 0.000117266 0.000117266
0.50094 0.49906 0.000135613 0.000135613
0.50081 0.49919 0.000133347 0.000133347
0.50056 0.49944 0.000143097 0.000143097
0.50082 0.49918 0.000130654 0.000130654
0.50077 0.49923 0.00013133 0.00013133
0.49975 0.50025 0.000132109 0.000132109
0.49911 0.50089 0.000141149 0.000141149
0.4999 0.5001 0.000142636 0.000142636
0.49977 0.50023 0.000140785 0.000140785
0.4999 0.5001 0.000134939 0.000134939
0.49972 0.50028 0.000141537 0.000141537
0.50052 0.49948 0.000132616 0.000132616
0.50048 0.49952 0.000132535 0.000132535
0.50026 0.49974 0.000110275 0.000110275
0.50049 0.49951 0.000121202 0.000121202
0.50029 0.49971 0.000117238 0.000117238
0.50041 0.49959 0.000138507 0.000138507
0.499 0.501 0.000134586 0.000134586
0.4995 0.5005 0.000135444 0.000135444
0.49887 0.50113 0.000135872 0.000135872
0.49932 0.50068 0.000132604 0.000132604
0.49981 0.50019 0.000154337 0.000154337
0.49994 0.50006 0.000150198 0.000150198
0.50041 0.49959 0.000141759 0.000141759
0.50047 0.49953 0.000160373 0.000160373
0.50048 0.49952 0.000157767 0.000157767
0.50064 0.49936 0.000161081 0.000161081
0.50032 0.49968 0.000153957 0.000153957
0.50078 0.49922 0.000142961 0.000142961
0.50087 0.49913 0.000138074 0.000138074
0.50135 0.49865 0.00014223 0.00014223
0.50133 0.49867 0.00015188 0.00015188
0.50116 0.49884 0.000152903 0.000152903
0.50115 0.49885 0.000148715 0.000148715
0.50124 0.49876 0.000158043 0.000158043
0.50087 0.49913 0.00016167 0.00016167
0.5007 0.4993 0.000149848 0.000149848
0.50078 0.49922 0.000156072 0.000156072
0.50028 0.49972 0.00016683 0.00016683
0.50064 0.49936 0.000156495 0.000156495
0.50065 0.49935 0.00017029 0.00017029
0.50079 0.49921 0.000171077 0.000171077
0.5007 0.4993 0.000174192 0.000174192
0.50041 0.49959 0.000176285 0.000176285
0.50024 0.49976 0.000174063 0.000174063
0.50049 0.49951 0.000169929 0.000169929
0.50092 0.49908 0.00017664 0.00017664
0.50105 0.49895 0.000185482 0.000185482
0.50142 0.49858 0.000181701 0.000181701
0.50093 0.49907 0.00016449 0.00016449
0.50155 0.49845 0.00014928 0.00014928
0.50098 0.49902 0.000155737 0.000155737
0.50072 0.49928 0.000150789 0.000150789
0.4997 0.5003 0.000172616 0.000172616
0.4995 0.5005 0.000166838 0.000166838
0.49917 0.50083 0.000175617 0.000175617
0.49953 0.50047 0.000180979 0.000180979
0.49978 0.50022 0.000164072 0.000164072
0.50081 0.49919 0.00015757 0.00015757
0.50105 0.49895 0.000157543 0.000157543
0.50067 0.49933 0.000163658 0.000163658
0.50029 0.49971 0.000169077 0.000169077
0.50095 0.49905 0.000191624 0.000191624
0.50073 0.49927 0.000206078 0.000206078
0.50071 0.49929 0.000204067 0.000204067
0.50054 0.49946 0.000177362 0.000177362
0.50055 0.49945 0.000186048 0.000186048
0.50067 0.49933 0.000168304 0.000168304
0.50065 0.49935 0.000162634 0.000162634
0.50066 0.49934 0.000160388 0.000160388
0.50052 0.49948 0.000158616 0.000158616
0.50075 0.49925 0.000159866 0.000159866
0.50025 0.49975 0.000164068 0.000164068
0.5006 0.4994 0.000160929 0.000160929
0.50101 0.49899 0.000153525 0.000153525
0.50137 0.49863 0.00017068 0.00017068
0.50123 0.49877 0.000164724 0.000164724
0.50134 0.49866 0.000153358 0.000153358
0.50123 0.49877 0.000173452 0.000173452
0.50058 0.49942 0.000175882 0.000175882
0.50034 0.49966 0.000181459 0.000181459
0.50029 0.49971 0.000164612 0.000164612
0.50047 0.49953 0.000155565 0.000155565
0.50077 0.49923 0.000159431 0.000159431
0.50145 0.49855 0.000157523 0.000157523
0.50196 0.49804 0.000154322 0.000154322
0.50139 0.49861 0.000154321 0.000154321
0.50155 0.49845 0.000158957 0.000158957
0.50109 0.49891 0.000159921 0.000159921
0.50096 0.49904 0.00015919 0.00015919
0.50121 0.49879 0.000149905 0.000149905
0.50143 0.49857 0.000134995 0.000134995
0.50119 0.49881 0.000152863 0.000152863
0.501 0.499 0.000160141 0.000160141
0.50113 0.49887 0.000170377 0.000170377
0.50123 0.49877 0.000177128 0.000177128
0.50093 0.49907 0.000159803 0.000159803
0.50097 0.49903 0.000157565 0.000157565
0.50064 0.49936 0.000154697 0.000154697
0.50041 0.49959 0.000144002 0.000144002
0.50124 0.49876 0.000148507 0.000148507
0.50132 0.49868 0.000142301 0.000142301
0.50128 0.49872 0.000137739 0.000137739
0.50081 0.49919 0.000163388 0.000163388
0.50038 0.49962 0.000150985 0.000150985
0.50059 0.49941 0.000170366 0.000170366
0.50108 0.49892 0.000179387 0.000179387
0.50103 0.49897 0.000189423 0.000189423
0.50069 0.49931 0.000172519 0.000172519
0.50012 0.49988 0.000182208 0.000182208
0.50021 0.49979 0.000167905 0.000167905
0.50092 0.49908 0.000167893 0.000167893
0.50123 0.49877 0.000162118 0.000162118
0.50139 0.49861 0.000177069 0.000177069
0.50089 0.49911 0.000182604 0.000182604
0.50035 0.49965 0.000190331 0.000190331
0.50062 0.49938 0.000201773 0.000201773
0.50072 0.49928 0.000193436 0.000193436
0.49965 0.50035 0.000182048 0.000182048
0.49963 0.50037 0.000180983 0.000180983
0.50004 0.49996 0.000195675 0.000195675
0.49988 0.50012 0.000197339 0.000197339
0.50002 0.49998 0.000203111 0.000203111
0.49983 0.50017 0.000194789 0.000194789
0.49964 0.50036 0.000186354 0.000186354
0.49959 0.50041 0.000178143 0.000178143
0.49975 0.50025 0.000190694 0.000190694
0.49964 0.50036 0.000201404 0.000201404
0.49915 0.50085 0.000182028 0.000182028
0.49974 0.50026 0.000186275 0.000186275
0.50037 0.49963 0.000190862 0.000190862
0.50019 0.49981 0.00018458 0.00018458
0.49995 0.50005 0.000186109 0.000186109
0.50031 0.49969 0.00017563 0.00017563
0.50068 0.49932 0.00018127 0.00018127
0.5003 0.4997 0.000171 0.000171
0.50063 0.49937 0.000177246 0.000177246
0.50047 0.49953 0.000178332 0.000178332
0.50096 0.49904 0.000180685 0.000180685
0.50107 0.49893 0.000163318 0.000163318
0.50089 0.49911 0.000160685 0.000160685
0.50125 0.49875 0.000163664 0.000163664
0.50126 0.49874 0.000156821 0.000156821
0.50134 0.49866 0.000160691 0.000160691
0.50127 0.49873 0.000151189 0.000151189
0.50138 0.49862 0.000168844 0.000168844
0.50139 0.49861 0.000158442 0.000158442
0.50131 0.49869 0.000152802 0.000152802
0.50116 0.49884 0.000152237 0.000152237
0.5012 0.4988 0.000150222 0.000150222
0.5013 0.4987 0.000163444 0.000163444
0.5019 0.4981 0.000163869 0.000163869
0.5021 0.4979 0.000166313 0.000166313
0.50252 0.49748 0.000183464 0.000183464
0.50227 0.49773 0.00016131 0.00016131
0.50165 0.49835 0.000177826 0.000177826
0.50171 0.49829 0.000180753 0.000180753
0.50162 0.49838 0.000188864 0.000188864
0.50165 0.49835 0.000197987 0.000197987
0.50161 0.49839 0.000198988 0.000198988
0.50154 0.49846 0.000197867 0.000197867
0.50172 0.49828 0.000200062 0.000200062
0.50194 0.49806 0.000183976 0.000183976
0.50182 0.49818 0.000179078 0.000179078
0.50132 0.49868 0.000180321 0.000180321
0.5014 0.4986 0.000160141 0.000160141
0.50086 0.49914 0.000159677 0.000159677
0.50148 0.49852 0.000155424 0.000155424
0.50134 0.49866 0.000163984 0.000163984
0.50141 0.49859 0.000151194 0.000151194
0.50168 0.49832 0.000154987 0.000154987
0.50151 0.49849 0.000160939 0.000160939
0.50112 0.49888 0.000171521 0.000171521
0.50086 0.49914 0.000179839 0.000179839
0.50064 0.49936 0.000168899 0.000168899
0.5009 0.4991 0.000171182 0.000171182
0.50072 0.49928 0.000158668 0.000158668
0.50059 0.49941 0.000177578 0.000177578
0.50012 0.49988 0.000181985 0.000181985
0.50016 0.49984 0.000188439 0.000188439
0.50054 0.49946 0.000199463 0.000199463
0.5002 0.4998 0.000198141 0.000198141
0.50054 0.49946 0.000178271 0.000178271
0.50053 0.49947 0.000189322 0.000189322
0.50026 0.49974 0.000194174 0.000194174
0.50023 0.49977 0.000176219 0.000176219
0.50024 0.49976 0.000168507 0.000168507
0.49942 0.50058 0.000164387 0.000164387
0.49885 0.50115 0.000165563 0.000165563
0.49887 0.50113 0.000177569 0.000177569
0.49843 0.50157 0.000168712 0.000168712
0.4985 0.5015 0.000175485 0.000175485
0.49879 0.50121 0.000175663 0.000175663
0.49915 0.50085 0.000170189 0.000170189
0.49949 0.50051 0.000159949 0.000159949
0.49991 0.50009 0.00015782 0.00015782
0.4999 0.5001 0.000166535 0.000166535
0.49986 0.50014 0.000172728 0.000172728
0.49991 0.50009 0.000156709 0.000156709
0.50046 0.49954 0.00017714 0.00017714
0.50074 0.49926 0.00016674 0.00016674
0.50054 0.49946 0.000155988 0.000155988
0.50083 0.49917 0.000163052 0.000163052
0.50119 0.49881 0.000165489 0.000165489
0.50094 0.49906 0.000176623 0.000176623
0.50047 0.49953 0.000170555 0.000170555
0.49985 0.50015 0.000165503 0.000165503
0.49986 0.50014 0.000177091 0.000177091
0.49958 0.50042 0.000189781 0.000189781
0.50017 0.49983 0.000196789 0.000196789
0.50045 0.49955 0.000204553 0.000204553
0.50075 0.49925 0.000196836 0.000196836
0.50036 0.49964 0.000198516 0.000198516
0.50029 0.49971 0.000191703 0.000191703
0.50025 0.49975 0.000186775 0.000186775
0.50031 0.49969 0.000175549 0.000175549
0.5003 0.4997 0.000170475 0.000170475
0.50064 0.49936 0.000160839 0.000160839
0.50018 0.49982 0.000181563 0.000181563
0.49999 0.50001 0.000181909 0.000181909
0.50045 0.49955 0.000181422 0.000181422
0.49988 0.50012 0.000195278 0.000195278
0.49939 0.50061 0.000190867 0.000190867
0.49966 0.50034 0.000192914 0.000192914
0.49922 0.50078 0.000205022 0.000205022
0.49912 0.50088 0.000196895 0.000196895
0.49923 0.50077 0.000197714 0.000197714
0.49914 0.50086 0.000192889 0.000192889
0.49937 0.50063 0.00019573 0.00019573
0.49895 0.50105 0.000184371 0.000184371
0.49886 0.50114 0.000180849 0.000180849
0.49885 0.50115 0.00017122 0.00017122
0.49872 0.50128 0.000185658 0.000185658
0.49874 0.50126 0.000191629 0.000191629
0.49895 0.50105 0.00018221 0.00018221
0.49946 0.50054 0.000179322 0.000179322
0.49945 0.50055 0.000177846 0.000177846
0.50042 0.49958 0.000164307 0.000164307
0.50058 0.49942 0.00016562 0.00016562
0.50016 0.49984 0.0001506 0.0001506
0.49992 0.50008 0.000145549 0.000145549
0.50017 0.49983 0.000147718 0.000147718
0.49987 0.50013 0.000146357 0.000146357
0.5003 0.4997 0.000143101 0.000143101
0.50049 0.49951 0.000159465 0.000159465
0.49991 0.50009 0.00014683 0.00014683
0.50006 0.49994 0.000148259 0.000148259
0.50027 0.49973 0.00014933 0.00014933
0.49958 0.50042 0.00015267 0.00015267
0.4993 0.5007 0.000138394 0.000138394
0.49993 0.50007 0.000123561 0.000123561
0.49997 0.50003 0.000132474 0.000132474
0.49996 0.50004 0.000135998 0.000135998
0.5 0.5 0.000144323 0.000144323
0.50013 0.49987 0.000138781 0.000138781
0.50014 0.49986 0.00014596 0.00014596
0.50012 0.49988 0.000156814 0.000156814
0.49994 0.50006 0.000186481 0.000186481
0.50017 0.49983 0.000187112 0.000187112
0.50081 0.49919 0.000173489 0.000173489
0.50088 0.49912 0.000168592 0.000168592
0.50064 0.49936 0.000169606 0.000169606
0.50059 0.49941 0.000169618 0.000169618
0.49983 0.50017 0.000162021 0.000162021
0.49893 0.50107 0.000168712 0.000168712
0.4991 0.5009 0.000173141 0.000173141
0.49955 0.50045 0.000164937 0.000164937
0.49919 0.50081 0.000152984 0.000152984
0.49934 0.50066 0.000145257 0.000145257
0.49978 0.50022 0.00014583 0.00014583
0.49986 0.50014 0.000132081 0.000132081
0.5002 0.4998 0.000135414 0.000135414
0.50056 0.49944 0.000141885 0.000141885
0.50027 0.49973 0.000141512 0.000141512
0.50029 0.49971 0.000133299 0.000133299
0.50043 0.49957 0.000136894 0.000136894
0.4995 0.5005 0.00014003 0.00014003
0.49957 0.50043 0.000128349 0.000128349
0.49977 0.50023 0.000124179 0.000124179
0.49944 0.50056 0.000125522 0.000125522
0.49959 0.50041 0.000128406 0.000128406
0.5 0.5 0.000138606 0.000138606
0.50034 0.49966 0.000138105 0.000138105
0.50058 0.49942 0.000151438 0.000151438
0.50087 0.49913 0.000152963 0.000152963
0.50108 0.49892 0.000169408 0.000169408
0.50086 0.49914 0.000158505 0.000158505
0.50132 0.49868 0.000153654 0.000153654
0.50144 0.49856 0.000146956 0.000146956
0.50142 0.49858 0.000153438 0.000153438
0.50087 0.49913 0.000159912 0.000159912
0.50062 0.49938 0.000172157 0.000172157
0.50104 0.49896 0.000167352 0.000167352
0.50074 0.49926 0.000160619 0.000160619
0.5005 0.4995 0.000170253 0.000170253
0.50094 0.49906 0.000176522 0.000176522
0.5003 0.4997 0.000178879 0.000178879
0.5001 0.4999 0.000174232 0.000174232
0.49937 0.50063 0.000167751 0.000167751
0.5002 0.4998 0.000152869 0.000152869
0.50051 0.49949 0.000144293 0.000144293
0.49984 0.50016 0.000149712 0.000149712
0.5001 0.4999 0.000153828 0.000153828
0.50004 0.49996 0.00016119 0.00016119
0.50028 0.49972 0.000155921 0.000155921
0.49943 0.50057 0.000166591 0.000166591
0.50003 0.49997 0.00014407 0.00014407
0.50023 0.49977 0.000133775 0.000133775
0.50044 0.49956 0.000134431 0.000134431
0.50001 0.49999 0.000125182 0.000125182
0.50001 0.49999 0.000145101 0.000145101
0.50049 0.49951 0.000147 0.000147
0.50073 0.49927 0.000142583 0.000142583
0.50068 0.49932 0.000136482 0.000136482
0.50047 0.49953 0.000130595 0.000130595
0.50015 0.49985 0.000147644 0.000147644
0.50067 0.49933 0.000153213 0.000153213
0.50069 0.49931 0.000160822 0.000160822
0.50114 0.49886 0.000154647 0.000154647
0.50108 0.49892 0.000145044 0.000145044
0.50123 0.49877 0.000144906 0.000144906
0.50095 0.49905 0.000157341 0.000157341
0.50122 0.49878 0.00015682 0.00015682
0.50089 0.49911 0.000146483 0.000146483
0.50078 0.49922 0.00014884 0.00014884
0.50066 0.49934 0.00014657 0.00014657
0.50058 0.49942 0.000144933 0.000144933
0.50071 0.49929 0.000141804 0.000141804
0.50083 0.49917 0.000154809 0.000154809
0.50052 0.49948 0.000140171 0.000140171
0.50082 0.49918 0.000152331 0.000152331
0.50062 0.49938 0.000150137 0.000150137
0.50019 0.49981 0.000163428 0.000163428
0.50027 0.49973 0.000169088 0.000169088
0.49982 0.50018 0.000171765 0.000171765
0.50017 0.49983 0.000158567 0.000158567
0.50076 0.49924 0.000159053 0.000159053
0.50048 0.49952 0.000158838 0.000158838
0.50074 0.49926 0.000173487 0.000173487
0.50083 0.49917 0.000182829 0.000182829
0.50064 0.49936 0.000190293 0.000190293
0.50015 0.49985 0.000184088 0.000184088
0.50037 0.49963 0.000182862 0.000182862
0.50027 0.49973 0.000176866 0.000176866
0.50081 0.49919 0.000168943 0.000168943
0.50083 0.49917 0.000161496 0.000161496
0.5015 0.4985 0.000156455 0.000156455
0.50144 0.49856 0.000149522 0.000149522
0.50161 0.49839 0.000149311 0.000149311
0.50151 0.49849 0.000150273 0.000150273
0.5012 0.4988 0.000149434 0.000149434
0.50059 0.49941 0.000156123 0.000156123
0.5007 0.4993 0.000163525 0.000163525
0.50099 0.49901 0.000171303 0.000171303
0.50133 0.49867 0.000177153 0.000177153
0.50138 0.49862 0.000173632 0.000173632
0.50083 0.49917 0.000163476 0.000163476
0.5003 0.4997 0.000168091 0.000168091
0.50085 0.49915 0.000169422 0.000169422
0.50055 0.49945 0.000178917 0.000178917
0.49991 0.50009 0.000167113 0.000167113
0.49989 0.50011 0.000174422 0.000174422
0.49984 0.50016 0.00017555 0.00017555
0.50004 0.49996 0.000178665 0.000178665
0.50006 0.49994 0.00017032 0.00017032
0.5001 0.4999 0.000176778 0.000176778
0.50038 0.49962 0.000173612 0.000173612
0.50046 0.49954 0.000183463 0.000183463
0.50018 0.49982 0.000168169 0.000168169
0.50016 0.49984 0.00015854 0.00015854
0.50036 0.49964 0.000169606 0.000169606
0.50006 0.49994 0.000154663 0.000154663
0.50053 0.49947 0.000158413 0.000158413
0.50048 0.49952 0.000156495 0.000156495
0.50053 0.49947 0.000166353 0.000166353
0.50061 0.49939 0.000158099 0.000158099
0.50034 0.49966 0.00015857 0.00015857
0.50026 0.49974 0.000162538 0.000162538
0.50067 0.49933 0.000164749 0.000164749
0.50045 0.49955 0.000172957 0.000172957
0.50077 0.49923 0.000174482 0.000174482
0.50106 0.49894 0.000187835 0.000187835
0.50125 0.49875 0.000182472 0.000182472
0.50114 0.49886 0.000188748 0.000188748
0.50175 0.49825 0.000180432 0.000180432
0.50185 0.49815 0.000183846 0.000183846
0.50177 0.49823 0.000193714 0.000193714
0.50085 0.49915 0.000189462 0.000189462
0.50066 0.49934 0.000197479 0.000197479
0.50018 0.49982 0.000179078 0.000179078
0.49979 0.50021 0.000173319 0.000173319
0.50042 0.49958 0.000177741 0.000177741
0.50036 0.49964 0.000191465 0.000191465
0.50042 0.49958 0.000190125 0.000190125
0.50071 0.49929 0.000205521 0.000205521
0.50044 0.49956 0.000218734 0.000218734
0.50007 0.49993 0.000213823 0.000213823
0.4994 0.5006 0.000220869 0.000220869
0.49931 0.50069 0.000210782 0.000210782
0.49963 0.50037 0.000212781 0.000212781
0.50008 0.49992 0.000200903 0.000200903
0.50048 0.49952 0.000181626 0.000181626
0.50052 0.49948 0.000207424 0.000207424
0.50015 0.49985 0.000191866 0.000191866
0.50043 0.49957 0.000201338 0.000201338
0.50028 0.49972 0.000201295 0.000201295
0.50015 0.49985 0.000201947 0.000201947
0.5005 0.4995 0.000209283 0.000209283
0.50053 0.49947 0.000225989 0.000225989
0.50054 0.49946 0.000216998 0.000216998
0.50029 0.49971 0.000230147 0.000230147
0.50046 0.49954 0.00023118 0.00023118
0.50012 0.49988 0.000228874 0.000228874
0.50029 0.49971 0.000212753 0.000212753
0.50086 0.49914 0.00022398 0.00022398
0.50116 0.49884 0.000216944 0.000216944
0.50082 0.49918 0.00020825 0.00020825
0.50088 0.49912 0.000204107 0.000204107
0.50121 0.49879 0.000197016 0.000197016
0.50177 0.49823 0.000190138 0.000190138
0.5018 0.4982 0.000194081 0.000194081
0.50237 0.49763 0.000200639 0.000200639
0.50218 0.49782 0.00018928 0.00018928
0.50206 0.49794 0.000191936 0.000191936
0.50143 0.49857 0.000197439 0.000197439
0.50129 0.49871 0.000197339 0.000197339
0.50132 0.49868 0.000200725 0.000200725
0.50145 0.49855 0.000190068 0.000190068
0.5011 0.4989 0.000197606 0.000197606
0.50102 0.49898 0.000196242 0.000196242
0.50144 0.49856 0.00020336 0.00020336
0.50135 0.49865 0.000202997 0.000202997
0.50205 0.49795 0.000192715 0.000192715
0.50228 0.49772 0.000201072 0.000201072
0.50161 0.49839 0.000175392 0.000175392
0.50112 0.49888 0.000158491 0.000158491
0.50126 0.49874 0.000151689 0.000151689
0.50118 0.49882 0.000159846 0.000159846
0.50128 0.49872 0.000184648 0.000184648
0.50121 0.49879 0.000177562 0.000177562
0.50111 0.49889 0.000170038 0.000170038
0.50148 0.49852 0.000155545 0.000155545
0.50155 0.49845 0.000159947 0.000159947
0.5018 0.4982 0.000157414 0.000157414
0.50213 0.49787 0.000156801 0.000156801
0.50205 0.49795 0.00013926 0.00013926
0.50123 0.49877 0.000141775 0.000141775
0.50145 0.49855 0.000146492 0.000146492
0.50161 0.49839 0.000142927 0.000142927
0.50194 0.49806 0.000127855 0.000127855
0.50237 0.49763 0.000133973 0.000133973
0.50211 0.49789 0.000139917 0.000139917
0.50211 0.49789 0.000129271 0.000129271
0.50222 0.49778 0.000126436 0.000126436
0.50201 0.49799 0.000124535 0.000124535
0.50168 0.49832 0.000125654 0.000125654
0.50204 0.49796 0.000121413 0.000121413
0.50218 0.49782 0.000116068 0.000116068
0.50153 0.49847 0.000132938 0.000132938
0.50148 0.49852 0.000133626 0.000133626
0.50174 0.49826 0.000139406 0.000139406
0.50201 0.49799 0.000141626 0.000141626
0.50204 0.49796 0.000128685 0.000128685
0.5022 0.4978 0.000135414 0.000135414
0.50218 0.49782 0.00012621 0.00012621
0.50133 0.49867 0.000124728 0.000124728
0.5015 0.4985 0.000137162 0.000137162
0.50154 0.49846 0.000127503 0.000127503
0.5022 0.4978 0.000142586 0.000142586
0.50145 0.49855 0.000128694 0.000128694
0.50184 0.49816 0.000146116 0.000146116
0.50196 0.49804 0.000147493 0.000147493
0.50196 0.49804 0.000148483 0.000148483
0.50195 0.49805 0.000148189 0.000148189
0.50165 0.49835 0.000155341 0.000155341
0.50131 0.49869 0.000160721 0.000160721
0.50198 0.49802 0.000160949 0.000160949
0.50159 0.49841 0.000170386 0.000170386
0.50153 0.49847 0.000176575 0.000176575
0.50128 0.49872 0.000180891 0.000180891
0.50091 0.49909 0.000169861 0.000169861
0.50054 0.49946 0.000163483 0.000163483
0.50047 0.49953 0.000154999 0.000154999
0.50019 0.49981 0.000151529 0.000151529
0.5001 0.4999 0.000156838 0.000156838
0.49972 0.50028 0.000162567 0.000162567
0.49957 0.50043 0.000174147 0.000174147
0.49939 0.50061 0.000166341 0.000166341
