0.50017 0.49983 3.43647e-05 3.43647e-05
0.49972 0.50028 7.67693e-05 7.67693e-05
0.49957 0.50043 9.86314e-05 9.86314e-05
0.49923 0.50077 0.000134118 0.000134118
0.49796 0.50204 0.000186544 0.000186544
0.49847 0.50153 0.000203868 0.000203868
0.49813 0.50187 0.000209064 0.000209064
0.4978 0.5022 0.000245737 0.000245737
0.49785 0.50215 0.000257321 0.000257321
0.49755 0.50245 0.000274068 0.000274068
0.49767 0.50233 0.000300062 0.000300062
0.49733 0.50267 0.000317173 0.000317173
0.49747 0.50253 0.000320817 0.000320817
0.49748 0.50252 0.000350818 0.000350818
0.49731 0.50269 0.0003586 0.0003586
0.49694 0.50306 0.000361067 0.000361067
0.49692 0.50308 0.000370781 0.000370781
0.49697 0.50303 0.000383545 0.000383545
0.49676 0.50324 0.000395093 0.000395093
0.49653 0.50347 0.000400817 0.000400817
0.4963 0.5037 0.000411848 0.000411848
0.49605 0.50395 0.000411422 0.000411422
0.49586 0.50414 0.000407253 0.000407253
0.49578 0.50422 0.000425648 0.000425648
0.49569 0.50431 0.000433873 0.000433873
0.49564 0.50436 0.000438758 0.000438758
0.49551 0.50449 0.000449646 0.000449646
0.49553 0.50447 0.000449403 0.000449403
0.4955 0.5045 0.000454232 0.000454232
0.49541 0.50459 0.000462366 0.000462366
0.49539 0.50461 0.000458867 0.000458867
0.49537 0.50463 0.000460639 0.000460639
0.4954 0.5046 0.00046303 0.00046303
0.4954 0.5046 0.000464162 0.000464162
0.4954 0.5046 0.000466121 0.000466121
0.49544 0.50456 0.000468431 0.000468431
0.49535 0.50465 0.000465664 0.000465664
0.49533 0.50467 0.000468062 0.000468062
0.49532 0.50468 0.000470947 0.000470947
0.49535 0.50465 0.000475078 0.000475078
0.49537 0.50463 0.000476458 0.000476458
0.49533 0.50467 0.000476143 0.000476143
0.49529 0.50471 0.000477865 0.000477865
0.49534 0.50466 0.000478449 0.000478449
0.49532 0.50468 0.000480866 0.000480866
0.49533 0.50467 0.000483375 0.000483375
0.49538 0.50462 0.000483046 0.000483046
0.49542 0.50458 0.000484064 0.000484064
0.49543 0.50457 0.000484854 0.000484854
0.49544 0.50456 0.00048538 0.00048538
0.49545 0.50455 0.000486917 0.000486917
0.49545 0.50455 0.000489199 0.000489199
0.49544 0.50456 0.000489198 0.000489198
0.49546 0.50454 0.00049013 0.00049013
0.49546 0.50454 0.00049013 0.00049013
0.49549 0.50451 0.00048999 0.00048999
0.49551 0.50449 0.000489808 0.000489808
0.49551 0.50449 0.000489808 0.000489808
0.49549 0.50451 0.00049005 0.00049005
0.49549 0.50451 0.00049005 0.00049005
0.4955 0.5045 0.000490798 0.000490798
0.4955 0.5045 0.000491586 0.000491586
0.4955 0.5045 0.000491343 0.000491343
0.4955 0.5045 0.000491343 0.000491343
0.49549 0.50451 0.000490959 0.000490959
0.4955 0.5045 0.00049096 0.00049096
0.4955 0.5045 0.000492596 0.000492596
0.4955 0.5045 0.000492596 0.000492596
0.4955 0.5045 0.000492596 0.000492596
0.4955 0.5045 0.000492596 0.000492596
0.4955 0.5045 0.000492596 0.000492596
0.49549 0.50451 0.000492677 0.000492677
0.49549 0.50451 0.000492677 0.000492677
0.49549 0.50451 0.000492677 0.000492677
0.49549 0.50451 0.000492677 0.000492677
0.49549 0.50451 0.000492677 0.000492677
0.49549 0.50451 0.000492677 0.000492677
0.49549 0.50451 0.000492677 0.000492677
0.49549 0.50451 0.000492677 0.000492677
0.49549 0.50451 0.000492677 0.000492677
0.49549 0.50451 0.000492677 0.000492677
0.49549 0.50451 0.000492677 0.000492677
0.49549 0.50451 0.000492677 0.000492677
0.49549 0.50451 0.000492677 0.000492677
0.49549 0.50451 0.000492677 0.000492677
0.49549 0.50451 0.000492677 0.000492677
0.49549 0.50451 0.000492677 0.000492677
0.49549 0.50451 0.000492677 0.000492677
0.4955 0.5045 0.000493263 0.000493263
0.4955 0.5045 0.000493263 0.000493263
0.4955 0.5045 0.000493263 0.000493263
0.4955 0.5045 0.000493263 0.000493263
0.4955 0.5045 0.000493263 0.000493263
0.4955 0.5045 0.000493263 0.000493263
0.4955 0.5045 0.000493263 0.000493263
0.4955 0.5045 0.000493263 0.000493263
0.4955 0.5045 0.000493263 0.000493263
0.4955 0.5045 0.000493263 0.000493263
0.4955 0.5045 0.000493263 0.000493263
0.4955 0.5045 0.000493263 0.000493263
0.4955 0.5045 0.000493263 0.000493263
0.4955 0.5045 0.000493263 0.000493263
0.4955 0.5045 0.000493263 0.000493263
0.4955 0.5045 0.000493263 0.000493263
0.4955 0.5045 0.000493263 0.000493263
0.4955 0.5045 0.000493263 0.000493263
0.4955 0.5045 0.000493263 0.000493263
0.4955 0.5045 0.000493263 0.000493263
0.4955 0.5045 0.000493263 0.000493263
0.4955 0.5045 0.000493263 0.000493263
0.4955 0.5045 0.000493263 0.000493263
0.4955 0.5045 0.000493263 0.000493263
0.4955 0.5045 0.000493263 0.000493263
0.4955 0.5045 0.000493263 0.000493263
0.4955 0.5045 0.000493263 0.000493263
0.4955 0.5045 0.000493263 0.000493263
0.4955 0.5045 0.000493263 0.000493263
0.4955 0.5045 0.000493263 0.000493263
0.4955 0.5045 0.000493263 0.000493263
0.4955 0.5045 0.000493263 0.000493263
0.4955 0.5045 0.000493263 0.000493263
0.4955 0.5045 0.000493263 0.000493263
0.4955 0.5045 0.000493263 0.000493263
0.4955 0.5045 0.000493263 0.000493263
0.4955 0.5045 0.000493263 0.000493263
0.4955 0.5045 0.000493263 0.000493263
0.4955 0.5045 0.000493263 0.000493263
0.4955 0.5045 0.000493263 0.000493263
0.4955 0.5045 0.000493263 0.000493263
0.4955 0.5045 0.000493263 0.000493263
0.4955 0.5045 0.000493263 0.000493263
0.4955 0.5045 0.000493263 0.000493263
0.4955 0.5045 0.000493263 0.000493263
0.4955 0.5045 0.000493263 0.000493263
0.4955 0.5045 0.000493263 0.000493263
0.4955 0.5045 0.000493263 0.000493263
0.4955 0.5045 0.000493263 0.000493263
0.4955 0.5045 0.000493263 0.000493263
0.4955 0.5045 0.000493263 0.000493263
0.4955 0.5045 0.000493263 0.000493263
0.4955 0.5045 0.000493263 0.000493263
0.4955 0.5045 0.000493263 0.000493263
0.4955 0.5045 0.000493263 0.000493263
0.4955 0.5045 0.000493263 0.000493263
0.4955 0.5045 0.000493263 0.000493263
0.4955 0.5045 0.000493263 0.000493263
0.4955 0.5045 0.000493263 0.000493263
0.4955 0.5045 0.000493263 0.000493263
0.4955 0.5045 0.000493263 0.000493263
0.4955 0.5045 0.000493263 0.000493263
0.4955 0.5045 0.000493263 0.000493263
0.4955 0.5045 0.000493263 0.000493263
0.4955 0.5045 0.000493263 0.000493263
0.4955 0.5045 0.000493263 0.000493263
0.4955 0.5045 0.000493263 0.000493263
0.4955 0.5045 0.000493263 0.000493263
0.4955 0.5045 0.000493263 0.000493263
0.4955 0.5045 0.000493263 0.000493263
0.4955 0.5045 0.000493263 0.000493263
0.4955 0.5045 0.000493263 0.000493263
0.4955 0.5045 0.000493263 0.000493263
0.4955 0.5045 0.000493263 0.000493263
0.4955 0.5045 0.000493263 0.000493263
0.4955 0.5045 0.000493263 0.000493263
0.4955 0.5045 0.000493263 0.000493263
0.4955 0.5045 0.000493263 0.000493263
0.4955 0.5045 0.000493263 0.000493263
0.4955 0.5045 0.000493263 0.000493263
0.4955 0.5045 0.000493263 0.000493263
0.4955 0.5045 0.000493263 0.000493263
0.4955 0.5045 0.000493263 0.000493263
0.4955 0.5045 0.000493263 0.000493263
0.4955 0.5045 0.000493263 0.000493263
0.4955 0.5045 0.000493263 0.000493263
0.4955 0.5045 0.000493263 0.000493263
0.4955 0.5045 0.000493263 0.000493263
0.4955 0.5045 0.000493263 0.000493263
0.4955 0.5045 0.000493263 0.000493263
0.4955 0.5045 0.000493263 0.000493263
0.4955 0.5045 0.000493263 0.000493263
0.4955 0.5045 0.000493263 0.000493263
0.4955 0.5045 0.000493263 0.000493263
0.4955 0.5045 0.000493263 0.000493263
0.4955 0.5045 0.000493263 0.000493263
0.4955 0.5045 0.000493263 0.000493263
0.4955 0.5045 0.000493263 0.000493263
0.4955 0.5045 0.000493263 0.000493263
0.4955 0.5045 0.000493263 0.000493263
0.4955 0.5045 0.000493263 0.000493263
0.4955 0.5045 0.000493263 0.000493263
0.4955 0.5045 0.000493263 0.000493263
0.4955 0.5045 0.000493263 0.000493263
0.4955 0.5045 0.000493263 0.000493263
0.4955 0.5045 0.000493263 0.000493263
0.4955 0.5045 0.000493263 0.000493263
0.4955 0.5045 0.000493263 0.000493263
0.4955 0.5045 0.000493263 0.000493263
0.4955 0.5045 0.000493263 0.000493263
0.4955 0.5045 0.000493263 0.000493263
0.4955 0.5045 0.000493263 0.000493263
0.4955 0.5045 0.000493263 0.000493263
0.4955 0.5045 0.000493263 0.000493263
0.4955 0.5045 0.000493263 0.000493263
0.4955 0.5045 0.000493263 0.000493263
0.4955 0.5045 0.000493263 0.000493263
0.4955 0.5045 0.000493263 0.000493263
0.4955 0.5045 0.000493263 0.000493263
0.4955 0.5045 0.000493263 0.000493263
0.4955 0.5045 0.000493263 0.000493263
0.4955 0.5045 0.000493263 0.000493263
0.4955 0.5045 0.000493263 0.000493263
0.4955 0.5045 0.000493263 0.000493263
0.4955 0.5045 0.000493263 0.000493263
0.4955 0.5045 0.000493263 0.000493263
0.4955 0.5045 0.000493263 0.000493263
0.4955 0.5045 0.000493263 0.000493263
0.4955 0.5045 0.000493263 0.000493263
0.4955 0.5045 0.000493263 0.000493263
0.4955 0.5045 0.000493263 0.000493263
0.4955 0.5045 0.000493263 0.000493263
0.4955 0.5045 0.000493263 0.000493263
0.4955 0.5045 0.000493263 0.000493263
0.4955 0.5045 0.000493263 0.000493263
0.4955 0.5045 0.000493263 0.000493263
0.4955 0.5045 0.000493263 0.000493263
0.4955 0.5045 0.000493263 0.000493263
0.4955 0.5045 0.000493263 0.000493263
0.4955 0.5045 0.000493263 0.000493263
0.4955 0.5045 0.000493263 0.000493263
0.4955 0.5045 0.000493263 0.000493263
0.4955 0.5045 0.000493263 0.000493263
0.4955 0.5045 0.000493263 0.000493263
0.4955 0.5045 0.000493263 0.000493263
0.4955 0.5045 0.000493263 0.000493263
0.4955 0.5045 0.000493263 0.000493263
0.4955 0.5045 0.000493263 0.000493263
0.4955 0.5045 0.000493263 0.000493263
0.4955 0.5045 0.000493263 0.000493263
0.4955 0.5045 0.000493263 0.000493263
0.4955 0.5045 0.000493263 0.000493263
0.4955 0.5045 0.000493263 0.000493263
0.4955 0.5045 0.000493263 0.000493263
0.4955 0.5045 0.000493263 0.000493263
0.4955 0.5045 0.000493263 0.000493263
0.4955 0.5045 0.000493263 0.000493263
0.4955 0.5045 0.000493263 0.000493263
0.4955 0.5045 0.000493263 0.000493263
0.4955 0.5045 0.000493263 0.000493263
0.4955 0.5045 0.000493263 0.000493263
0.4955 0.5045 0.000493263 0.000493263
0.4955 0.5045 0.000493263 0.000493263
0.4955 0.5045 0.000493263 0.000493263
0.4955 0.5045 0.000493263 0.000493263
0.4955 0.5045 0.000493263 0.000493263
0.4955 0.5045 0.000493263 0.000493263
0.4955 0.5045 0.000493263 0.000493263
0.4955 0.5045 0.000493263 0.000493263
0.4955 0.5045 0.000493263 0.000493263
0.4955 0.5045 0.000493263 0.000493263
0.4955 0.5045 0.000493263 0.000493263
0.4955 0.5045 0.000493263 0.000493263
0.4955 0.5045 0.000493263 0.000493263
0.4955 0.5045 0.000493263 0.000493263
0.4955 0.5045 0.000493263 0.000493263
0.4955 0.5045 0.000493263 0.000493263
0.4955 0.5045 0.000493263 0.000493263
0.4955 0.5045 0.000493263 0.000493263
0.4955 0.5045 0.000493263 0.000493263
0.4955 0.5045 0.000493263 0.000493263
0.4955 0.5045 0.000493263 0.000493263
0.4955 0.5045 0.000493263 0.000493263
0.4955 0.5045 0.000493263 0.000493263
0.4955 0.5045 0.000493263 0.000493263
0.4955 0.5045 0.000493263 0.000493263
0.4955 0.5045 0.000493263 0.000493263
0.4955 0.5045 0.000493263 0.000493263
0.4955 0.5045 0.000493263 0.000493263
0.4955 0.5045 0.000493263 0.000493263
0.4955 0.5045 0.000493263 0.000493263
0.4955 0.5045 0.000493263 0.000493263
0.4955 0.5045 0.000493263 0.000493263
0.4955 0.5045 0.000493263 0.000493263
0.4955 0.5045 0.000493263 0.000493263
0.4955 0.5045 0.000493263 0.000493263
0.4955 0.5045 0.000493263 0.000493263
0.4955 0.5045 0.000493263 0.000493263
0.4955 0.5045 0.000493263 0.000493263
0.4955 0.5045 0.000493263 0.000493263
0.4955 0.5045 0.000493263 0.000493263
0.4955 0.5045 0.000493263 0.000493263
0.4955 0.5045 0.000493263 0.000493263
0.4955 0.5045 0.000493263 0.000493263
0.4955 0.5045 0.000493263 0.000493263
0.4955 0.5045 0.000493263 0.000493263
0.4955 0.5045 0.000493263 0.000493263
0.4955 0.5045 0.000493263 0.000493263
0.4955 0.5045 0.000493263 0.000493263
0.4955 0.5045 0.000493263 0.000493263
0.4955 0.5045 0.000493263 0.000493263
0.4955 0.5045 0.000493263 0.000493263
0.4955 0.5045 0.000493263 0.000493263
0.4955 0.5045 0.000493263 0.000493263
0.4955 0.5045 0.000493263 0.000493263
0.4955 0.5045 0.000493263 0.000493263
0.4955 0.5045 0.000493263 0.000493263
0.4955 0.5045 0.000493263 0.000493263
0.4955 0.5045 0.000493263 0.000493263
0.4955 0.5045 0.000493263 0.000493263
0.4955 0.5045 0.000493263 0.000493263
0.4955 0.5045 0.000493263 0.000493263
0.4955 0.5045 0.000493263 0.000493263
0.4955 0.5045 0.000493263 0.000493263
0.4955 0.5045 0.000493263 0.000493263
0.4955 0.5045 0.000493263 0.000493263
0.4955 0.5045 0.000493263 0.000493263
0.4955 0.5045 0.000493263 0.000493263
0.4955 0.5045 0.000493263 0.000493263
0.4955 0.5045 0.000493263 0.000493263
0.4955 0.5045 0.000493263 0.000493263
0.4955 0.5045 0.000493263 0.000493263
0.4955 0.5045 0.000493263 0.000493263
0.4955 0.5045 0.000493263 0.000493263
0.4955 0.5045 0.000493263 0.000493263
0.4955 0.5045 0.000493263 0.000493263
0.4955 0.5045 0.000493263 0.000493263
0.4955 0.5045 0.000493263 0.000493263
0.4955 0.5045 0.000493263 0.000493263
0.4955 0.5045 0.000493263 0.000493263
0.4955 0.5045 0.000493263 0.000493263
0.4955 0.5045 0.000493263 0.000493263
0.4955 0.5045 0.000493263 0.000493263
0.4955 0.5045 0.000493263 0.000493263
0.4955 0.5045 0.000493263 0.000493263
0.4955 0.5045 0.000493263 0.000493263
0.4955 0.5045 0.000493263 0.000493263
0.4955 0.5045 0.000493263 0.000493263
0.4955 0.5045 0.000493263 0.000493263
0.4955 0.5045 0.000493263 0.000493263
0.4955 0.5045 0.000493263 0.000493263
0.4955 0.5045 0.000493263 0.000493263
0.4955 0.5045 0.000493263 0.000493263
0.4955 0.5045 0.000493263 0.000493263
0.4955 0.5045 0.000493263 0.000493263
0.4955 0.5045 0.000493263 0.000493263
0.4955 0.5045 0.000493263 0.000493263
0.4955 0.5045 0.000493263 0.000493263
0.4955 0.5045 0.000493263 0.000493263
0.4955 0.5045 0.000493263 0.000493263
0.4955 0.5045 0.000493263 0.000493263
0.4955 0.5045 0.000493263 0.000493263
0.4955 0.5045 0.000493263 0.000493263
0.4955 0.5045 0.000493263 0.000493263
0.4955 0.5045 0.000493263 0.000493263
0.4955 0.5045 0.000493263 0.000493263
0.4955 0.5045 0.000493263 0.000493263
0.4955 0.5045 0.000493263 0.000493263
0.4955 0.5045 0.000493263 0.000493263
0.4955 0.5045 0.000493263 0.000493263
0.4955 0.5045 0.000493263 0.000493263
0.4955 0.5045 0.000493263 0.000493263
0.4955 0.5045 0.000493263 0.000493263
0.4955 0.5045 0.000493263 0.000493263
0.4955 0.5045 0.000493263 0.000493263
0.4955 0.5045 0.000493263 0.000493263
0.4955 0.5045 0.000493263 0.000493263
0.4955 0.5045 0.000493263 0.000493263
0.4955 0.5045 0.000493263 0.000493263
0.4955 0.5045 0.000493263 0.000493263
0.4955 0.5045 0.000493263 0.000493263
0.4955 0.5045 0.000493263 0.000493263
0.4955 0.5045 0.000493263 0.000493263
0.4955 0.5045 0.000493263 0.000493263
0.4955 0.5045 0.000493263 0.000493263
0.4955 0.5045 0.000493263 0.000493263
0.4955 0.5045 0.000493263 0.000493263
0.4955 0.5045 0.000493263 0.000493263
0.4955 0.5045 0.000493263 0.000493263
0.4955 0.5045 0.000493263 0.000493263
0.4955 0.5045 0.000493263 0.000493263
0.4955 0.5045 0.000493263 0.000493263
0.4955 0.5045 0.000493263 0.000493263
0.4955 0.5045 0.000493263 0.000493263
0.4955 0.5045 0.000493263 0.000493263
0.4955 0.5045 0.000493263 0.000493263
0.4955 0.5045 0.000493263 0.000493263
0.4955 0.5045 0.000493263 0.000493263
0.4955 0.5045 0.000493263 0.000493263
0.4955 0.5045 0.000493263 0.000493263
0.4955 0.5045 0.000493263 0.000493263
0.4955 0.5045 0.000493263 0.000493263
0.4955 0.5045 0.000493263 0.000493263
0.4955 0.5045 0.000493263 0.000493263
0.4955 0.5045 0.000493263 0.000493263
0.4955 0.5045 0.000493263 0.000493263
0.4955 0.5045 0.000493263 0.000493263
0.4955 0.5045 0.000493263 0.000493263
0.4955 0.5045 0.000493263 0.000493263
0.4955 0.5045 0.000493263 0.000493263
0.4955 0.5045 0.000493263 0.000493263
0.4955 0.5045 0.000493263 0.000493263
0.4955 0.5045 0.000493263 0.000493263
0.4955 0.5045 0.000493263 0.000493263
0.4955 0.5045 0.000493263 0.000493263
0.4955 0.5045 0.000493263 0.000493263
0.4955 0.5045 0.000493263 0.000493263
0.4955 0.5045 0.000493263 0.000493263
0.4955 0.5045 0.000493263 0.000493263
0.4955 0.5045 0.000493263 0.000493263
0.4955 0.5045 0.000493263 0.000493263
0.4955 0.5045 0.000493263 0.000493263
0.4955 0.5045 0.000493263 0.000493263
0.4955 0.5045 0.000493263 0.000493263
0.4955 0.5045 0.000493263 0.000493263
0.4955 0.5045 0.000493263 0.000493263
0.4955 0.5045 0.000493263 0.000493263
0.4955 0.5045 0.000493263 0.000493263
0.4955 0.5045 0.000493263 0.000493263
0.4955 0.5045 0.000493263 0.000493263
0.4955 0.5045 0.000493263 0.000493263
0.4955 0.5045 0.000493263 0.000493263
0.4955 0.5045 0.000493263 0.000493263
0.4955 0.5045 0.000493263 0.000493263
0.4955 0.5045 0.000493263 0.000493263
0.4955 0.5045 0.000493263 0.000493263
0.4955 0.5045 0.000493263 0.000493263
0.4955 0.5045 0.000493263 0.000493263
0.4955 0.5045 0.000493263 0.000493263
0.4955 0.5045 0.000493263 0.000493263
0.4955 0.5045 0.000493263 0.000493263
0.4955 0.5045 0.000493263 0.000493263
0.4955 0.5045 0.000493263 0.000493263
0.4955 0.5045 0.000493263 0.000493263
0.4955 0.5045 0.000493263 0.000493263
0.4955 0.5045 0.000493263 0.000493263
0.4955 0.5045 0.000493263 0.000493263
0.4955 0.5045 0.000493263 0.000493263
0.4955 0.5045 0.000493263 0.000493263
0.4955 0.5045 0.000493263 0.000493263
0.4955 0.5045 0.000493263 0.000493263
0.4955 0.5045 0.000493263 0.000493263
0.4955 0.5045 0.000493263 0.000493263
0.4955 0.5045 0.000493263 0.000493263
0.4955 0.5045 0.000493263 0.000493263
0.4955 0.5045 0.000493263 0.000493263
0.4955 0.5045 0.000493263 0.000493263
0.4955 0.5045 0.000493263 0.000493263
0.4955 0.5045 0.000493263 0.000493263
0.4955 0.5045 0.000493263 0.000493263
0.4955 0.5045 0.000493263 0.000493263
0.4955 0.5045 0.000493263 0.000493263
0.4955 0.5045 0.000493263 0.000493263
0.4955 0.5045 0.000493263 0.000493263
0.4955 0.5045 0.000493263 0.000493263
0.4955 0.5045 0.000493263 0.000493263
0.4955 0.5045 0.000493263 0.000493263
0.4955 0.5045 0.000493263 0.000493263
0.4955 0.5045 0.000493263 0.000493263
0.4955 0.5045 0.000493263 0.000493263
0.4955 0.5045 0.000493263 0.000493263
0.4955 0.5045 0.000493263 0.000493263
0.4955 0.5045 0.000493263 0.000493263
0.4955 0.5045 0.000493263 0.000493263
0.4955 0.5045 0.000493263 0.000493263
0.4955 0.5045 0.000493263 0.000493263
0.4955 0.5045 0.000493263 0.000493263
0.4955 0.5045 0.000493263 0.000493263
0.4955 0.5045 0.000493263 0.000493263
0.4955 0.5045 0.000493263 0.000493263
0.4955 0.5045 0.000493263 0.000493263
0.4955 0.5045 0.000493263 0.000493263
0.4955 0.5045 0.000493263 0.000493263
0.4955 0.5045 0.000493263 0.000493263
0.4955 0.5045 0.000493263 0.000493263
0.4955 0.5045 0.000493263 0.000493263
0.4955 0.5045 0.000493263 0.000493263
0.4955 0.5045 0.000493263 0.000493263
0.4955 0.5045 0.000493263 0.000493263
0.4955 0.5045 0.000493263 0.000493263
0.4955 0.5045 0.000493263 0.000493263
0.4955 0.5045 0.000493263 0.000493263
0.4955 0.5045 0.000493263 0.000493263
0.4955 0.5045 0.000493263 0.000493263
0.4955 0.5045 0.000493263 0.000493263
0.4955 0.5045 0.000493263 0.000493263
0.4955 0.5045 0.000493263 0.000493263
0.4955 0.5045 0.000493263 0.000493263
0.4955 0.5045 0.000493263 0.000493263
0.4955 0.5045 0.000493263 0.000493263
0.4955 0.5045 0.000493263 0.000493263
0.4955 0.5045 0.000493263 0.000493263
0.4955 0.5045 0.000493263 0.000493263
0.4955 0.5045 0.000493263 0.000493263
0.4955 0.5045 0.000493263 0.000493263
0.4955 0.5045 0.000493263 0.000493263
0.4955 0.5045 0.000493263 0.000493263
0.4955 0.5045 0.000493263 0.000493263
0.4955 0.5045 0.000493263 0.000493263
0.4955 0.5045 0.000493263 0.000493263
0.4955 0.5045 0.000493263 0.000493263
0.4955 0.5045 0.000493263 0.000493263
