0.50145 0.49855 0.000227038 0.000227038
0.5034 0.4966 0.000298384 0.000298384
0.5037 0.4963 0.000372859 0.000372859
0.50541 0.49459 0.000440547 0.000440547
0.50546 0.49454 0.000480554 0.000480554
0.50528 0.49472 0.000550224 0.000550224
0.50629 0.49371 0.000662511 0.000662511
0.50685 0.49315 0.000734311 0.000734311
0.50645 0.49355 0.00081726 0.00081726
0.50785 0.49215 0.000816775 0.000816775
0.50714 0.49286 0.00084895 0.00084895
0.50707 0.49293 0.000963338 0.000963338
0.50718 0.49282 0.00103061 0.00103061
0.50768 0.49232 0.00110434 0.00110434
0.50993 0.49007 0.00112233 0.00112233
0.50944 0.49056 0.00112562 0.00112562
0.50942 0.49058 0.00115184 0.00115184
0.50928 0.49072 0.00118182 0.00118182
0.50943 0.49057 0.00119457 0.00119457
0.5086 0.4914 0.00118624 0.00118624
0.50786 0.49214 0.0012481 0.0012481
0.50829 0.49171 0.00122348 0.00122348
0.50872 0.49128 0.0011677 0.0011677
0.5089 0.4911 0.00114955 0.00114955
0.50827 0.49173 0.00126626 0.00126626
0.50797 0.49203 0.00127874 0.00127874
0.50761 0.49239 0.00128307 0.00128307
0.50843 0.49157 0.00128091 0.00128091
0.50742 0.49258 0.00118582 0.00118582
0.50758 0.49242 0.00121225 0.00121225
0.50666 0.49334 0.00121225 0.00121225
0.5073 0.4927 0.00118413 0.00118413
0.5083 0.4917 0.00121708 0.00121708
0.50788 0.49212 0.00119296 0.00119296
0.50802 0.49198 0.00125349 0.00125349
0.50848 0.49152 0.00127191 0.00127191
0.50965 0.49035 0.00129585 0.00129585
0.50971 0.49029 0.00128782 0.00128782
0.50948 0.49052 0.00127157 0.00127157
0.5106 0.4894 0.00130915 0.00130915
0.50922 0.49078 0.00138611 0.00138611
0.50988 0.49012 0.00146716 0.00146716
0.50976 0.49024 0.00147978 0.00147978
0.50993 0.49007 0.00141382 0.00141382
0.51012 0.48988 0.00136976 0.00136976
0.50999 0.49001 0.00128603 0.00128603
0.50784 0.49216 0.00128456 0.00128456
0.50838 0.49162 0.00129747 0.00129747
0.50863 0.49137 0.00124997 0.00124997
0.50813 0.49187 0.00126452 0.00126452
0.50806 0.49194 0.00121699 0.00121699
0.50787 0.49213 0.00122757 0.00122757
0.50808 0.49192 0.00114248 0.00114248
0.50905 0.49095 0.00115276 0.00115276
0.50888 0.49112 0.00122413 0.00122413
0.50963 0.49037 0.00122648 0.00122648
0.50899 0.49101 0.0012735 0.0012735
0.50902 0.49098 0.00136186 0.00136186
0.50966 0.49034 0.00140598 0.00140598
0.50958 0.49042 0.00135158 0.00135158
0.50947 0.49053 0.00134407 0.00134407
0.50911 0.49089 0.00135034 0.00135034
0.50909 0.49091 0.00132703 0.00132703
0.50828 0.49172 0.00127628 0.00127628
0.50827 0.49173 0.00136341 0.00136341
0.50844 0.49156 0.00135182 0.00135182
0.50764 0.49236 0.00133609 0.00133609
0.50987 0.49013 0.00132993 0.00132993
0.50938 0.49062 0.00134793 0.00134793
0.509 0.491 0.00135192 0.00135192
0.50918 0.49082 0.0013672 0.0013672
0.5097 0.4903 0.00140542 0.00140542
0.50897 0.49103 0.00145098 0.00145098
0.50993 0.49007 0.00150766 0.00150766
0.50982 0.49018 0.00149243 0.00149243
0.50921 0.49079 0.00147445 0.00147445
0.50896 0.49104 0.0015064 0.0015064
0.50853 0.49147 0.00153793 0.00153793
0.50941 0.49059 0.00151641 0.00151641
0.50916 0.49084 0.00159571 0.00159571
0.50881 0.49119 0.00167028 0.00167028
0.50816 0.49184 0.00167832 0.00167832
0.50935 0.49065 0.00162906 0.00162906
0.50928 0.49072 0.00158865 0.00158865
0.50989 0.49011 0.0016002 0.0016002
0.51011 0.48989 0.00164386 0.00164386
0.50949 0.49051 0.001661 0.001661
0.50931 0.49069 0.00173803 0.00173803
0.50981 0.49019 0.00176614 0.00176614
0.51089 0.48911 0.00177111 0.00177111
0.51028 0.48972 0.00165331 0.00165331
0.51001 0.48999 0.00167538 0.00167538
0.50951 0.49049 0.00166957 0.00166957
0.50987 0.49013 0.00154684 0.00154684
0.50944 0.49056 0.00158393 0.00158393
0.50922 0.49078 0.00149827 0.00149827
0.50889 0.49111 0.00149038 0.00149038
0.50954 0.49046 0.00154344 0.00154344
0.50975 0.49025 0.0015311 0.0015311
0.50931 0.49069 0.00157971 0.00157971
0.50939 0.49061 0.00161024 0.00161024
0.50991 0.49009 0.00171503 0.00171503
0.51085 0.48915 0.00167086 0.00167086
0.51111 0.48889 0.00171503 0.00171503
0.51236 0.48764 0.00160852 0.00160852
0.51216 0.48784 0.00168078 0.00168078
0.5126 0.4874 0.00169515 0.00169515
0.51062 0.48938 0.00171317 0.00171317
0.5112 0.4888 0.00176214 0.00176214
0.51078 0.48922 0.00177644 0.00177644
0.51104 0.48896 0.00171398 0.00171398
0.51131 0.48869 0.00174359 0.00174359
0.51063 0.48937 0.001667 0.001667
0.51124 0.48876 0.00168451 0.00168451
0.51048 0.48952 0.00161352 0.00161352
0.511 0.489 0.00157048 0.00157048
0.51095 0.48905 0.00166892 0.00166892
0.5111 0.4889 0.00169429 0.00169429
0.51149 0.48851 0.00167429 0.00167429
0.51105 0.48895 0.00164605 0.00164605
0.51088 0.48912 0.00165249 0.00165249
0.51232 0.48768 0.0017903 0.0017903
0.51211 0.48789 0.00165343 0.00165343
0.51206 0.48794 0.00168705 0.00168705
0.51231 0.48769 0.00174125 0.00174125
0.51187 0.48813 0.00179365 0.00179365
0.51227 0.48773 0.00181844 0.00181844
0.51266 0.48734 0.00180663 0.00180663
0.51247 0.48753 0.00183807 0.00183807
0.51147 0.48853 0.00187639 0.00187639
0.51109 0.48891 0.00188954 0.00188954
0.51183 0.48817 0.00182665 0.00182665
0.51158 0.48842 0.00188425 0.00188425
0.51198 0.48802 0.00188283 0.00188283
0.51171 0.48829 0.00172518 0.00172518
0.51241 0.48759 0.00173754 0.00173754
0.51148 0.48852 0.00186682 0.00186682
0.5112 0.4888 0.00194976 0.00194976
0.51158 0.48842 0.00207311 0.00207311
0.51122 0.48878 0.00202042 0.00202042
0.51135 0.48865 0.0019629 0.0019629
0.51037 0.48963 0.00201371 0.00201371
0.50958 0.49042 0.00196447 0.00196447
0.51017 0.48983 0.0019303 0.0019303
0.51071 0.48929 0.00190255 0.00190255
0.51098 0.48902 0.00192489 0.00192489
0.51178 0.48822 0.00194892 0.00194892
0.51059 0.48941 0.0019597 0.0019597
0.51089 0.48911 0.00194955 0.00194955
0.51122 0.48878 0.00191387 0.00191387
0.5115 0.4885 0.0018269 0.0018269
0.51173 0.48827 0.00187804 0.00187804
0.51155 0.48845 0.0018476 0.0018476
0.51098 0.48902 0.00187897 0.00187897
0.51143 0.48857 0.00180714 0.00180714
0.51198 0.48802 0.00199463 0.00199463
0.5116 0.4884 0.00212341 0.00212341
0.51137 0.48863 0.00217201 0.00217201
0.51202 0.48798 0.00220541 0.00220541
0.51132 0.48868 0.00210272 0.00210272
0.51011 0.48989 0.00212054 0.00212054
0.51092 0.48908 0.00214216 0.00214216
0.5105 0.4895 0.00203963 0.00203963
0.50959 0.49041 0.00190329 0.00190329
0.51018 0.48982 0.00193051 0.00193051
0.50993 0.49007 0.00191742 0.00191742
0.50983 0.49017 0.00194624 0.00194624
0.51035 0.48965 0.0019296 0.0019296
0.51063 0.48937 0.00192292 0.00192292
0.51035 0.48965 0.00193191 0.00193191
0.51064 0.48936 0.00195498 0.00195498
0.51037 0.48963 0.00201302 0.00201302
0.51033 0.48967 0.00191661 0.00191661
0.51039 0.48961 0.00189887 0.00189887
0.51091 0.48909 0.00197772 0.00197772
0.51139 0.48861 0.0019824 0.0019824
0.51138 0.48862 0.00198941 0.00198941
0.51157 0.48843 0.00201889 0.00201889
0.51239 0.48761 0.0019621 0.0019621
0.51323 0.48677 0.00202175 0.00202175
0.51274 0.48726 0.00212545 0.00212545
0.51258 0.48742 0.00211627 0.00211627
0.51285 0.48715 0.00206219 0.00206219
0.51236 0.48764 0.00208203 0.00208203
0.5114 0.4886 0.00198297 0.00198297
0.51166 0.48834 0.00192475 0.00192475
0.51084 0.48916 0.00199414 0.00199414
0.51167 0.48833 0.00207055 0.00207055
0.51178 0.48822 0.00204205 0.00204205
0.51149 0.48851 0.00199967 0.00199967
0.51076 0.48924 0.00204469 0.00204469
0.51045 0.48955 0.00200871 0.00200871
0.50984 0.49016 0.00206666 0.00206666
0.5111 0.4889 0.00204215 0.00204215
0.51105 0.48895 0.00207568 0.00207568
0.51064 0.48936 0.00206157 0.00206157
0.51057 0.48943 0.00203118 0.00203118
0.5092 0.4908 0.00208063 0.00208063
0.50989 0.49011 0.0021339 0.0021339
0.50934 0.49066 0.00207677 0.00207677
0.50952 0.49048 0.00204249 0.00204249
0.50982 0.49018 0.00206718 0.00206718
0.51044 0.48956 0.00210716 0.00210716
0.51037 0.48963 0.0020404 0.0020404
0.5101 0.4899 0.00216116 0.00216116
0.5104 0.4896 0.00209075 0.00209075
0.51014 0.48986 0.00207683 0.00207683
0.5102 0.4898 0.00215697 0.00215697
0.50995 0.49005 0.00213247 0.00213247
0.50898 0.49102 0.00205729 0.00205729
0.50947 0.49053 0.00211415 0.00211415
0.5101 0.4899 0.0022229 0.0022229
0.50909 0.49091 0.00222643 0.00222643
0.50974 0.49026 0.00223298 0.00223298
0.50859 0.49141 0.00215536 0.00215536
0.50864 0.49136 0.00226252 0.00226252
0.50909 0.49091 0.00231055 0.00231055
0.50911 0.49089 0.00239083 0.00239083
0.50914 0.49086 0.00222788 0.00222788
0.50899 0.49101 0.00234411 0.00234411
0.50884 0.49116 0.00236549 0.00236549
0.50973 0.49027 0.00231986 0.00231986
0.51156 0.48844 0.0023577 0.0023577
0.51151 0.48849 0.0023587 0.0023587
0.51134 0.48866 0.00240194 0.00240194
0.51221 0.48779 0.00241368 0.00241368
0.51182 0.48818 0.00238035 0.00238035
0.51213 0.48787 0.00247535 0.00247535
0.51185 0.48815 0.0025168 0.0025168
0.51206 0.48794 0.00250864 0.00250864
0.51244 0.48756 0.00255269 0.00255269
0.51272 0.48728 0.00256933 0.00256933
0.51233 0.48767 0.00272236 0.00272236
0.51185 0.48815 0.00258326 0.00258326
0.51187 0.48813 0.00260775 0.00260775
0.51073 0.48927 0.00251699 0.00251699
0.50986 0.49014 0.0024861 0.0024861
0.51087 0.48913 0.00247745 0.00247745
0.51143 0.48857 0.00244619 0.00244619
0.51068 0.48932 0.0022859 0.0022859
0.51054 0.48946 0.00245318 0.00245318
0.51036 0.48964 0.00233048 0.00233048
0.50937 0.49063 0.00239127 0.00239127
0.51133 0.48867 0.00237186 0.00237186
0.51141 0.48859 0.00239835 0.00239835
0.51024 0.48976 0.00239903 0.00239903
0.50983 0.49017 0.00229133 0.00229133
0.51012 0.48988 0.00217633 0.00217633
0.51085 0.48915 0.00224538 0.00224538
0.51109 0.48891 0.00221485 0.00221485
0.51121 0.48879 0.00226106 0.00226106
0.51123 0.48877 0.00225656 0.00225656
0.51013 0.48987 0.00218569 0.00218569
0.51086 0.48914 0.00215715 0.00215715
0.51146 0.48854 0.00214841 0.00214841
0.5124 0.4876 0.00224097 0.00224097
0.51332 0.48668 0.00229244 0.00229244
0.51328 0.48672 0.00232117 0.00232117
0.51334 0.48666 0.0023175 0.0023175
0.5128 0.4872 0.00230982 0.00230982
0.51334 0.48666 0.00229231 0.00229231
0.51469 0.48531 0.00228462 0.00228462
0.51401 0.48599 0.00231262 0.00231262
0.51443 0.48557 0.00223148 0.00223148
0.51494 0.48506 0.00225335 0.00225335
0.51486 0.48514 0.00215986 0.00215986
0.5145 0.4855 0.00222841 0.00222841
0.51502 0.48498 0.00214703 0.00214703
0.51568 0.48432 0.00223248 0.00223248
0.51549 0.48451 0.00219013 0.00219013
0.51408 0.48592 0.00223828 0.00223828
0.51402 0.48598 0.00218871 0.00218871
0.51375 0.48625 0.00225461 0.00225461
0.51384 0.48616 0.00225595 0.00225595
0.51328 0.48672 0.00236822 0.00236822
0.51265 0.48735 0.00228744 0.00228744
0.51212 0.48788 0.00231603 0.00231603
0.51139 0.48861 0.00239018 0.00239018
0.51202 0.48798 0.00227919 0.00227919
0.51081 0.48919 0.0022789 0.0022789
0.51106 0.48894 0.00224682 0.00224682
0.51186 0.48814 0.00231537 0.00231537
0.51179 0.48821 0.00234483 0.00234483
0.51259 0.48741 0.00230901 0.00230901
0.51182 0.48818 0.00245441 0.00245441
0.51111 0.48889 0.00249901 0.00249901
0.51179 0.48821 0.00244988 0.00244988
0.5114 0.4886 0.0023544 0.0023544
0.51172 0.48828 0.00230744 0.00230744
0.51098 0.48902 0.00233644 0.00233644
0.51188 0.48812 0.00230376 0.00230376
0.51158 0.48842 0.00231507 0.00231507
0.51033 0.48967 0.00232535 0.00232535
0.51017 0.48983 0.0024135 0.0024135
0.51189 0.48811 0.00236382 0.00236382
0.51251 0.48749 0.00243348 0.00243348
0.51266 0.48734 0.00250536 0.00250536
0.51252 0.48748 0.00247524 0.00247524
0.51189 0.48811 0.00254511 0.00254511
0.51223 0.48777 0.00248955 0.00248955
0.51123 0.48877 0.0023443 0.0023443
0.51184 0.48816 0.00248527 0.00248527
0.51208 0.48792 0.00242125 0.00242125
0.5116 0.4884 0.00239044 0.00239044
0.51208 0.48792 0.00223026 0.00223026
0.51197 0.48803 0.00222221 0.00222221
0.51164 0.48836 0.00217395 0.00217395
0.51145 0.48855 0.00225722 0.00225722
0.51113 0.48887 0.00224953 0.00224953
0.51027 0.48973 0.00225107 0.00225107
0.5092 0.4908 0.00215414 0.00215414
0.51082 0.48918 0.00227478 0.00227478
0.50993 0.49007 0.00232495 0.00232495
0.51029 0.48971 0.00234619 0.00234619
0.5115 0.4885 0.00243803 0.00243803
0.51223 0.48777 0.0024898 0.0024898
0.51221 0.48779 0.00249053 0.00249053
0.51163 0.48837 0.00252989 0.00252989
0.51067 0.48933 0.00247645 0.00247645
0.51151 0.48849 0.00250647 0.00250647
0.51168 0.48832 0.00246905 0.00246905
0.51071 0.48929 0.00245308 0.00245308
0.51184 0.48816 0.00244044 0.00244044
0.51162 0.48838 0.00248486 0.00248486
0.51152 0.48848 0.00248724 0.00248724
0.50971 0.49029 0.00246239 0.00246239
0.51057 0.48943 0.00244659 0.00244659
0.51108 0.48892 0.00249074 0.00249074
0.51165 0.48835 0.0026451 0.0026451
0.51241 0.48759 0.00258012 0.00258012
0.51163 0.48837 0.00258767 0.00258767
0.51129 0.48871 0.00247621 0.00247621
0.51113 0.48887 0.00257512 0.00257512
0.51183 0.48817 0.00253255 0.00253255
0.51213 0.48787 0.00255943 0.00255943
0.51205 0.48795 0.00252655 0.00252655
0.51094 0.48906 0.002584 0.002584
0.51258 0.48742 0.00249673 0.00249673
0.51386 0.48614 0.00238079 0.00238079
0.51347 0.48653 0.00245793 0.00245793
0.51181 0.48819 0.00238426 0.00238426
0.51122 0.48878 0.00249805 0.00249805
0.51269 0.48731 0.00244632 0.00244632
0.51307 0.48693 0.00233637 0.00233637
0.51269 0.48731 0.00242937 0.00242937
0.51242 0.48758 0.00240885 0.00240885
0.51311 0.48689 0.0024545 0.0024545
0.51294 0.48706 0.00244135 0.00244135
0.5117 0.4883 0.0025247 0.0025247
0.5105 0.4895 0.00252332 0.00252332
0.51109 0.48891 0.00253818 0.00253818
0.51149 0.48851 0.00256076 0.00256076
0.51181 0.48819 0.00260666 0.00260666
0.51085 0.48915 0.00255918 0.00255918
0.51043 0.48957 0.00251522 0.00251522
0.51007 0.48993 0.00248326 0.00248326
0.50999 0.49001 0.00256983 0.00256983
0.51167 0.48833 0.00257123 0.00257123
0.51222 0.48778 0.00251991 0.00251991
0.51257 0.48743 0.00252932 0.00252932
0.512 0.488 0.00261964 0.00261964
0.5115 0.4885 0.00251783 0.00251783
0.51019 0.48981 0.00253656 0.00253656
0.51001 0.48999 0.00258447 0.00258447
0.51008 0.48992 0.00258159 0.00258159
0.5106 0.4894 0.00259022 0.00259022
0.51126 0.48874 0.0026565 0.0026565
0.51061 0.48939 0.00257149 0.00257149
0.5102 0.4898 0.0025744 0.0025744
0.51055 0.48945 0.00249886 0.00249886
0.50977 0.49023 0.00253412 0.00253412
0.51075 0.48925 0.00253781 0.00253781
0.50972 0.49028 0.00253873 0.00253873
0.5108 0.4892 0.00246319 0.00246319
0.51078 0.48922 0.00259215 0.00259215
0.51023 0.48977 0.00274365 0.00274365
0.50949 0.49051 0.00279641 0.00279641
0.51012 0.48988 0.00275079 0.00275079
0.51051 0.48949 0.00255615 0.00255615
0.51143 0.48857 0.00248241 0.00248241
0.51228 0.48772 0.00254291 0.00254291
0.51225 0.48775 0.00254304 0.00254304
0.51328 0.48672 0.00260919 0.00260919
0.51309 0.48691 0.00268469 0.00268469
0.51367 0.48633 0.00276661 0.00276661
0.51422 0.48578 0.00284638 0.00284638
0.51369 0.48631 0.00275585 0.00275585
0.51399 0.48601 0.00277223 0.00277223
0.51425 0.48575 0.00273696 0.00273696
0.51405 0.48595 0.00280627 0.00280627
0.51401 0.48599 0.0027494 0.0027494
0.5141 0.4859 0.00272516 0.00272516
0.51481 0.48519 0.00252313 0.00252313
0.51403 0.48597 0.00252938 0.00252938
0.51374 0.48626 0.00248729 0.00248729
0.51395 0.48605 0.00251787 0.00251787
0.51396 0.48604 0.00253774 0.00253774
0.51388 0.48612 0.00251536 0.00251536
0.51396 0.48604 0.0025381 0.0025381
0.51388 0.48612 0.00255415 0.00255415
0.51343 0.48657 0.00261869 0.00261869
0.51395 0.48605 0.00262738 0.00262738
0.51407 0.48593 0.00257003 0.00257003
0.51356 0.48644 0.0025294 0.0025294
0.51309 0.48691 0.0025202 0.0025202
0.51354 0.48646 0.0025873 0.0025873
0.51347 0.48653 0.00257783 0.00257783
0.51345 0.48655 0.00265645 0.00265645
0.51279 0.48721 0.00264308 0.00264308
0.51158 0.48842 0.00265744 0.00265744
0.51131 0.48869 0.00255573 0.00255573
0.51259 0.48741 0.0025837 0.0025837
0.51281 0.48719 0.00248997 0.00248997
0.51308 0.48692 0.00254133 0.00254133
0.5124 0.4876 0.00250075 0.00250075
0.51285 0.48715 0.00246764 0.00246764
0.51253 0.48747 0.00254023 0.00254023
0.51388 0.48612 0.00239522 0.00239522
0.51402 0.48598 0.00246499 0.00246499
0.51411 0.48589 0.00246174 0.00246174
0.51392 0.48608 0.00245448 0.00245448
0.51388 0.48612 0.00243255 0.00243255
0.51329 0.48671 0.00244764 0.00244764
0.51306 0.48694 0.00240947 0.00240947
0.51357 0.48643 0.00251817 0.00251817
0.51517 0.48483 0.00246289 0.00246289
0.51507 0.48493 0.0023696 0.0023696
0.51574 0.48426 0.00242836 0.00242836
0.51465 0.48535 0.00246007 0.00246007
0.51455 0.48545 0.0024713 0.0024713
0.51474 0.48526 0.00253171 0.00253171
0.51408 0.48592 0.00257515 0.00257515
0.51442 0.48558 0.00253287 0.00253287
0.51423 0.48577 0.00252998 0.00252998
0.514 0.486 0.00254719 0.00254719
0.51344 0.48656 0.00265437 0.00265437
0.51413 0.48587 0.00266692 0.00266692
0.51514 0.48486 0.00262249 0.00262249
0.51469 0.48531 0.0026862 0.0026862
0.51465 0.48535 0.00269354 0.00269354
0.51489 0.48511 0.00262345 0.00262345
0.51503 0.48497 0.00261839 0.00261839
0.51468 0.48532 0.00259622 0.00259622
0.51409 0.48591 0.0026015 0.0026015
0.51465 0.48535 0.00266617 0.00266617
0.51364 0.48636 0.0026752 0.0026752
0.51273 0.48727 0.00273491 0.00273491
0.51334 0.48666 0.0028511 0.0028511
0.51345 0.48655 0.00277649 0.00277649
0.51426 0.48574 0.00274373 0.00274373
0.51378 0.48622 0.00283937 0.00283937
0.51398 0.48602 0.00280857 0.00280857
0.51279 0.48721 0.00287439 0.00287439
0.51302 0.48698 0.00284319 0.00284319
0.51301 0.48699 0.00269963 0.00269963
0.51302 0.48698 0.00275246 0.00275246
0.51353 0.48647 0.00277548 0.00277548
0.51382 0.48618 0.00267732 0.00267732
0.51387 0.48613 0.00270102 0.00270102
0.51416 0.48584 0.00270034 0.00270034
0.515 0.485 0.00272034 0.00272034
0.51366 0.48634 0.00272417 0.00272417
0.51348 0.48652 0.00261692 0.00261692
0.51328 0.48672 0.00268727 0.00268727
0.51303 0.48697 0.00275373 0.00275373
0.51397 0.48603 0.00284664 0.00284664
0.51432 0.48568 0.00275161 0.00275161
0.51492 0.48508 0.00270638 0.00270638
0.51476 0.48524 0.00267627 0.00267627
0.51531 0.48469 0.00262545 0.00262545
0.51449 0.48551 0.00263926 0.00263926
0.51403 0.48597 0.00264744 0.00264744
0.51421 0.48579 0.00262764 0.00262764
0.51498 0.48502 0.00260085 0.00260085
0.51526 0.48474 0.00270351 0.00270351
0.51534 0.48466 0.00274609 0.00274609
0.51515 0.48485 0.00271938 0.00271938
0.51561 0.48439 0.00258567 0.00258567
0.51482 0.48518 0.00256134 0.00256134
0.51345 0.48655 0.00254326 0.00254326
0.51386 0.48614 0.00257818 0.00257818
0.51477 0.48523 0.00256662 0.00256662
0.51416 0.48584 0.00258731 0.00258731
0.51467 0.48533 0.00267418 0.00267418
0.51322 0.48678 0.00267353 0.00267353
0.51323 0.48677 0.00252782 0.00252782
0.51334 0.48666 0.00267972 0.00267972
0.51338 0.48662 0.00259396 0.00259396
0.51261 0.48739 0.00256357 0.00256357
0.5127 0.4873 0.00267286 0.00267286
0.5124 0.4876 0.00264248 0.00264248
0.51386 0.48614 0.00262018 0.00262018
0.5129 0.4871 0.00253793 0.00253793
0.512 0.488 0.00259576 0.00259576
0.51189 0.48811 0.00259204 0.00259204
0.51282 0.48718 0.00261411 0.00261411
0.5138 0.4862 0.00253048 0.00253048
0.51347 0.48653 0.00253585 0.00253585
0.51214 0.48786 0.00256081 0.00256081
0.51375 0.48625 0.00263762 0.00263762
