0.528 0.465
0.564 0.518
0.547 0.509
0.55 0.6
0.563 0.554
0.559 0.569
0.536 0.558
0.538 0.536
0.574 0.531
0.521 0.482
0.561 0.488
0.539 0.552
0.54 0.517
0.523 0.499
0.538 0.547
0.527 0.531
0.542 0.521
0.537 0.544
0.529 0.531
0.571 0.492
0.547 0.576
0.562 0.556
0.561 0.569
0.547 0.572
0.536 0.514
0.591 0.534
0.533 0.58
0.568 0.557
0.531 0.527
0.55 0.526
0.539 0.509
0.59 0.576
0.579 0.485
0.555 0.585
0.533 0.52
0.52 0.542
0.567 0.53
0.566 0.513
0.54 0.636
0.566 0.545
0.543 0.552
0.564 0.543
0.546 0.466
0.585 0.542
0.509 0.565
0.55 0.577
0.549 0.535
0.566 0.613
0.572 0.508
0.568 0.535
0.552 0.514
0.544 0.532
0.56 0.521
0.537 0.478
0.545 0.555
0.569 0.557
0.52 0.537
0.569 0.509
0.547 0.508
0.506 0.561
0.556 0.529
0.55 0.518
0.527 0.521
0.59 0.565
0.521 0.519
0.536 0.554
0.556 0.519
0.562 0.554
0.565 0.51
0.535 0.57
0.54 0.517
0.514 0.564
0.563 0.497
0.561 0.555
0.505 0.486
0.551 0.531
0.561 0.559
0.578 0.577
0.533 0.481
0.559 0.541
0.561 0.559
0.532 0.558
0.55 0.541
0.529 0.54
0.513 0.595
0.573 0.489
0.553 0.552
0.54 0.53
0.559 0.5
0.568 0.596
0.579 0.529
0.553 0.586
0.598 0.583
0.56 0.533
0.55 0.488
0.591 0.569
0.555 0.521
0.561 0.569
0.557 0.544
0.571 0.583
