0.50013 0.49987 1.30616e-06 1.30616e-06
0.50034 0.49966 4.83273e-06 4.83273e-06
0.50048 0.49952 7.62586e-06 7.62586e-06
0.50075 0.49925 1.07551e-05 1.07551e-05
0.50085 0.49915 1.2048e-05 1.2048e-05
0.50097 0.49903 1.31405e-05 1.31405e-05
0.50117 0.49883 1.31122e-05 1.31122e-05
0.50125 0.49875 1.48763e-05 1.48763e-05
0.50125 0.49875 1.54217e-05 1.54217e-05
0.50123 0.49877 1.79365e-05 1.79365e-05
0.50126 0.49874 1.78105e-05 1.78105e-05
0.50122 0.49878 1.88198e-05 1.88198e-05
0.50119 0.49881 1.94484e-05 1.94484e-05
0.5011 0.4989 1.89798e-05 1.89798e-05
0.50109 0.49891 2.00827e-05 2.00827e-05
0.5011 0.4989 2.0596e-05 2.0596e-05
0.50114 0.49886 2.196e-05 2.196e-05
0.50111 0.49889 2.21999e-05 2.21999e-05
0.50108 0.49892 2.20339e-05 2.20339e-05
0.50103 0.49897 2.17466e-05 2.17466e-05
0.50099 0.49901 2.24544e-05 2.24544e-05
0.50102 0.49898 2.29289e-05 2.29289e-05
0.50101 0.49899 2.40908e-05 2.40908e-05
0.50101 0.49899 2.35858e-05 2.35858e-05
0.50104 0.49896 2.37358e-05 2.37358e-05
0.50104 0.49896 2.43418e-05 2.43418e-05
0.50103 0.49897 2.41304e-05 2.41304e-05
0.50106 0.49894 2.42388e-05 2.42388e-05
0.50111 0.49889 2.45029e-05 2.45029e-05
0.50109 0.49891 2.39817e-05 2.39817e-05
0.50113 0.49887 2.40334e-05 2.40334e-05
0.50116 0.49884 2.40347e-05 2.40347e-05
0.50118 0.49882 2.41289e-05 2.41289e-05
0.50113 0.49887 2.47001e-05 2.47001e-05
0.50122 0.49878 2.56683e-05 2.56683e-05
0.50126 0.49874 2.54065e-05 2.54065e-05
0.50127 0.49873 2.59567e-05 2.59567e-05
0.50123 0.49877 2.72092e-05 2.72092e-05
0.50125 0.49875 2.68157e-05 2.68157e-05
0.50125 0.49875 2.72197e-05 2.72197e-05
0.5013 0.4987 2.75859e-05 2.75859e-05
0.50132 0.49868 2.80784e-05 2.80784e-05
0.50131 0.49869 2.84383e-05 2.84383e-05
0.5013 0.4987 2.86364e-05 2.86364e-05
0.5013 0.4987 2.81515e-05 2.81515e-05
0.50129 0.49871 2.87332e-05 2.87332e-05
0.50135 0.49865 2.85328e-05 2.85328e-05
0.50135 0.49865 2.8654e-05 2.8654e-05
0.50131 0.49869 2.87211e-05 2.87211e-05
0.50134 0.49866 2.94388e-05 2.94388e-05
0.50132 0.49868 2.98158e-05 2.98158e-05
0.50135 0.49865 3.03712e-05 3.03712e-05
0.50137 0.49863 3.0094e-05 3.0094e-05
0.50135 0.49865 3.06944e-05 3.06944e-05
0.50138 0.49862 3.10057e-05 3.10057e-05
0.50141 0.49859 3.16989e-05 3.16989e-05
0.5014 0.4986 3.18586e-05 3.18586e-05
0.50139 0.49861 3.14322e-05 3.14322e-05
0.50139 0.49861 3.27858e-05 3.27858e-05
0.50146 0.49854 3.20893e-05 3.20893e-05
0.50144 0.49856 3.24307e-05 3.24307e-05
0.50144 0.49856 3.21479e-05 3.21479e-05
0.50144 0.49856 3.28347e-05 3.28347e-05
0.50146 0.49854 3.34832e-05 3.34832e-05
0.50149 0.49851 3.30807e-05 3.30807e-05
0.5015 0.4985 3.39293e-05 3.39293e-05
0.50152 0.49848 3.41107e-05 3.41107e-05
0.50146 0.49854 3.46145e-05 3.46145e-05
0.50151 0.49849 3.43332e-05 3.43332e-05
0.50155 0.49845 3.47348e-05 3.47348e-05
0.50155 0.49845 3.51389e-05 3.51389e-05
0.50154 0.49846 3.62509e-05 3.62509e-05
0.50148 0.49852 3.57875e-05 3.57875e-05
0.50145 0.49855 3.76843e-05 3.76843e-05
0.50142 0.49858 3.81248e-05 3.81248e-05
0.50145 0.49855 3.82702e-05 3.82702e-05
0.5014 0.4986 3.89495e-05 3.89495e-05
0.50139 0.49861 3.89878e-05 3.89878e-05
0.50139 0.49861 3.97151e-05 3.97151e-05
0.50143 0.49857 3.93183e-05 3.93183e-05
0.50142 0.49858 3.98218e-05 3.98218e-05
0.50145 0.49855 3.9846e-05 3.9846e-05
0.50153 0.49847 4.0292e-05 4.0292e-05
0.50149 0.49851 4.03534e-05 4.03534e-05
0.5015 0.4985 4.07778e-05 4.07778e-05
0.50152 0.49848 4.22925e-05 4.22925e-05
0.50153 0.49847 4.24536e-05 4.24536e-05
0.50151 0.49849 4.14645e-05 4.14645e-05
0.50152 0.49848 4.17875e-05 4.17875e-05
0.50145 0.49855 4.21692e-05 4.21692e-05
0.50139 0.49861 4.31494e-05 4.31494e-05
0.50154 0.49846 4.30792e-05 4.30792e-05
0.50152 0.49848 4.40905e-05 4.40905e-05
0.50148 0.49852 4.65552e-05 4.65552e-05
0.50151 0.49849 4.82322e-05 4.82322e-05
0.50156 0.49844 4.85519e-05 4.85519e-05
0.50158 0.49842 4.89329e-05 4.89329e-05
0.50167 0.49833 4.9294e-05 4.9294e-05
0.50173 0.49827 4.9492e-05 4.9492e-05
0.50172 0.49828 5.02036e-05 5.02036e-05
0.50176 0.49824 4.96994e-05 4.96994e-05
0.50174 0.49826 5.02347e-05 5.02347e-05
0.50178 0.49822 5.0537e-05 5.0537e-05
0.50185 0.49815 5.04318e-05 5.04318e-05
0.50187 0.49813 5.04577e-05 5.04577e-05
0.50187 0.49813 5.14476e-05 5.14476e-05
0.50188 0.49812 5.25107e-05 5.25107e-05
0.50182 0.49818 5.34824e-05 5.34824e-05
0.50183 0.49817 5.489e-05 5.489e-05
0.50189 0.49811 5.45029e-05 5.45029e-05
0.50189 0.49811 5.56948e-05 5.56948e-05
0.5018 0.4982 5.5596e-05 5.5596e-05
0.50181 0.49819 5.47817e-05 5.47817e-05
0.50188 0.49812 5.5238e-05 5.5238e-05
0.50192 0.49808 5.59531e-05 5.59531e-05
0.50188 0.49812 5.69349e-05 5.69349e-05
0.50194 0.49806 5.72489e-05 5.72489e-05
0.50182 0.49818 5.89168e-05 5.89168e-05
0.50178 0.49822 5.90622e-05 5.90622e-05
0.50176 0.49824 5.90933e-05 5.90933e-05
0.50166 0.49834 5.92368e-05 5.92368e-05
0.50169 0.49831 5.96908e-05 5.96908e-05
0.50172 0.49828 5.94562e-05 5.94562e-05
0.50169 0.49831 6.09433e-05 6.09433e-05
0.50168 0.49832 6.10279e-05 6.10279e-05
0.50166 0.49834 6.1661e-05 6.1661e-05
0.50172 0.49828 6.1739e-05 6.1739e-05
0.50173 0.49827 6.20779e-05 6.20779e-05
0.50173 0.49827 6.23607e-05 6.23607e-05
0.50175 0.49825 6.23712e-05 6.23712e-05
0.5018 0.4982 6.32929e-05 6.32929e-05
0.50184 0.49816 6.34691e-05 6.34691e-05
0.50179 0.49821 6.42484e-05 6.42484e-05
0.5018 0.4982 6.45657e-05 6.45657e-05
0.5018 0.4982 6.41414e-05 6.41414e-05
0.50189 0.49811 6.47049e-05 6.47049e-05
0.50189 0.49811 6.47454e-05 6.47454e-05
0.50189 0.49811 6.59979e-05 6.59979e-05
0.50187 0.49813 6.5589e-05 6.5589e-05
0.50183 0.49817 6.58193e-05 6.58193e-05
0.50189 0.49811 6.66241e-05 6.66241e-05
0.50193 0.49807 6.64092e-05 6.64092e-05
0.50193 0.49807 6.66718e-05 6.66718e-05
0.50201 0.49799 6.72827e-05 6.72827e-05
0.50201 0.49799 6.7707e-05 6.7707e-05
0.50208 0.49792 6.86804e-05 6.86804e-05
0.50207 0.49793 6.89344e-05 6.89344e-05
0.50207 0.49793 6.96213e-05 6.96213e-05
0.50208 0.49792 6.96905e-05 6.96905e-05
0.50208 0.49792 6.99733e-05 6.99733e-05
0.50209 0.49791 7.02645e-05 7.02645e-05
0.50212 0.49788 7.06117e-05 7.06117e-05
0.50202 0.49798 7.13733e-05 7.13733e-05
0.50209 0.49791 7.21837e-05 7.21837e-05
0.50213 0.49787 7.30839e-05 7.30839e-05
0.50209 0.49791 7.35575e-05 7.35575e-05
0.50208 0.49792 7.28016e-05 7.28016e-05
0.50198 0.49802 7.43834e-05 7.43834e-05
0.50189 0.49811 7.46241e-05 7.46241e-05
0.50191 0.49809 7.50928e-05 7.50928e-05
0.50198 0.49802 7.49087e-05 7.49087e-05
0.50198 0.49802 7.65653e-05 7.65653e-05
0.50204 0.49796 7.6564e-05 7.6564e-05
0.50203 0.49797 7.72011e-05 7.72011e-05
0.50207 0.49793 7.92981e-05 7.92981e-05
0.50211 0.49789 7.94928e-05 7.94928e-05
0.50219 0.49781 7.99938e-05 7.99938e-05
0.50219 0.49781 7.99736e-05 7.99736e-05
0.50223 0.49777 7.99163e-05 7.99163e-05
0.5023 0.4977 8.04747e-05 8.04747e-05
0.50233 0.49767 8.08294e-05 8.08294e-05
0.50233 0.49767 8.18597e-05 8.18597e-05
0.50232 0.49768 8.28057e-05 8.28057e-05
0.5023 0.4977 8.22121e-05 8.22121e-05
0.50222 0.49778 8.2941e-05 8.2941e-05
0.50224 0.49776 8.32752e-05 8.32752e-05
0.50223 0.49777 8.25829e-05 8.25829e-05
0.50219 0.49781 8.3206e-05 8.3206e-05
0.5022 0.4978 8.42424e-05 8.42424e-05
0.50223 0.49777 8.61991e-05 8.61991e-05
0.50223 0.49777 8.66435e-05 8.66435e-05
0.50219 0.49781 8.68019e-05 8.68019e-05
0.50221 0.49779 8.71777e-05 8.71777e-05
0.50217 0.49783 8.70112e-05 8.70112e-05
0.50219 0.49781 8.62969e-05 8.62969e-05
0.50224 0.49776 8.63661e-05 8.63661e-05
0.50225 0.49775 8.63914e-05 8.63914e-05
0.50219 0.49781 8.65393e-05 8.65393e-05
0.50221 0.49779 8.82888e-05 8.82888e-05
0.50217 0.49783 8.82839e-05 8.82839e-05
0.50217 0.49783 8.8688e-05 8.8688e-05
0.50216 0.49784 8.88024e-05 8.88024e-05
0.50218 0.49782 8.94824e-05 8.94824e-05
0.50219 0.49781 8.84383e-05 8.84383e-05
0.50219 0.49781 8.85191e-05 8.85191e-05
0.50219 0.49781 8.92262e-05 8.92262e-05
0.50217 0.49783 8.8486e-05 8.8486e-05
0.50212 0.49788 9.00663e-05 9.00663e-05
0.50215 0.49785 9.22096e-05 9.22096e-05
0.50212 0.49788 9.19046e-05 9.19046e-05
0.50212 0.49788 9.3036e-05 9.3036e-05
0.50217 0.49783 9.35567e-05 9.35567e-05
0.5022 0.4978 9.29899e-05 9.29899e-05
0.50222 0.49778 9.2537e-05 9.2537e-05
0.50223 0.49777 9.2886e-05 9.2886e-05
0.50222 0.49778 9.33451e-05 9.33451e-05
0.50216 0.49784 9.34893e-05 9.34893e-05
0.50211 0.49789 9.55332e-05 9.55332e-05
0.50209 0.49791 9.47898e-05 9.47898e-05
0.50207 0.49793 9.48738e-05 9.48738e-05
0.50204 0.49796 9.56347e-05 9.56347e-05
0.50205 0.49795 9.61692e-05 9.61692e-05
0.50207 0.49793 9.76213e-05 9.76213e-05
0.50207 0.49793 9.71971e-05 9.71971e-05
0.50205 0.49795 9.75833e-05 9.75833e-05
0.50205 0.49795 9.73813e-05 9.73813e-05
0.50199 0.49801 9.79696e-05 9.79696e-05
0.50194 0.49806 9.66428e-05 9.66428e-05
0.50193 0.49807 9.72981e-05 9.72981e-05
0.50195 0.49805 9.88763e-05 9.88763e-05
0.5019 0.4981 0.000100616 0.000100616
0.50184 0.49816 0.000101469 0.000101469
0.50184 0.49816 0.00010258 0.00010258
0.50186 0.49814 0.000103637 0.000103637
0.50188 0.49812 0.000105157 0.000105157
0.50188 0.49812 0.000106107 0.000106107
0.50188 0.49812 0.000105036 0.000105036
0.50185 0.49815 0.000105604 0.000105604
0.50184 0.49816 0.000104802 0.000104802
0.50186 0.49814 0.000104344 0.000104344
0.5019 0.4981 0.000104131 0.000104131
0.50185 0.49815 0.000103947 0.000103947
0.50187 0.49813 0.000103953 0.000103953
0.50186 0.49814 0.000103213 0.000103213
0.50188 0.49812 0.000103703 0.000103703
0.50188 0.49812 0.000103581 0.000103581
0.50191 0.49809 0.0001038 0.0001038
0.50195 0.49805 0.000105139 0.000105139
0.50187 0.49813 0.000104943 0.000104943
0.50192 0.49808 0.000105792 0.000105792
0.50189 0.49811 0.000106301 0.000106301
0.50189 0.49811 0.000106483 0.000106483
0.50183 0.49817 0.000106688 0.000106688
0.50188 0.49812 0.000107501 0.000107501
0.5019 0.4981 0.000108758 0.000108758
0.50187 0.49813 0.00010965 0.00010965
0.50185 0.49815 0.000109785 0.000109785
0.50186 0.49814 0.000109536 0.000109536
0.50193 0.49807 0.000109561 0.000109561
0.50193 0.49807 0.000110066 0.000110066
0.5019 0.4981 0.000110475 0.000110475
0.50186 0.49814 0.000109677 0.000109677
0.50183 0.49817 0.000109314 0.000109314
0.50183 0.49817 0.000108708 0.000108708
0.50189 0.49811 0.000108099 0.000108099
0.50186 0.49814 0.000107758 0.000107758
0.50186 0.49814 0.000107536 0.000107536
0.50183 0.49817 0.000107072 0.000107072
0.50183 0.49817 0.000107031 0.000107031
0.50181 0.49819 0.000108317 0.000108317
0.50181 0.49819 0.00010759 0.00010759
0.50178 0.49822 0.000107507 0.000107507
0.50178 0.49822 0.000107062 0.000107062
0.50174 0.49826 0.0001088 0.0001088
0.50176 0.49824 0.000109901 0.000109901
0.50172 0.49828 0.00011087 0.00011087
0.50173 0.49827 0.000110644 0.000110644
0.50177 0.49823 0.000112058 0.000112058
0.50177 0.49823 0.00011226 0.00011226
0.50178 0.49822 0.000113204 0.000113204
0.50175 0.49825 0.000112513 0.000112513
0.50178 0.49822 0.000113204 0.000113204
0.50178 0.49822 0.000112941 0.000112941
0.50176 0.49824 0.000112588 0.000112588
0.5017 0.4983 0.000112818 0.000112818
0.50167 0.49833 0.000113516 0.000113516
0.50166 0.49834 0.000113903 0.000113903
0.50164 0.49836 0.00011397 0.00011397
0.50163 0.49837 0.000113549 0.000113549
0.50158 0.49842 0.000113963 0.000113963
0.50161 0.49839 0.00011418 0.00011418
0.50157 0.49843 0.00011453 0.00011453
0.5016 0.4984 0.000115313 0.000115313
0.50159 0.49841 0.000114507 0.000114507
0.50161 0.49839 0.00011523 0.00011523
0.50161 0.49839 0.000115493 0.000115493
0.50169 0.49831 0.000116943 0.000116943
0.5017 0.4983 0.000117444 0.000117444
0.50171 0.49829 0.000117238 0.000117238
0.5017 0.4983 0.000117404 0.000117404
0.50175 0.49825 0.000117785 0.000117785
0.50177 0.49823 0.000117472 0.000117472
0.50177 0.49823 0.000117593 0.000117593
0.50172 0.49828 0.000117618 0.000117618
0.50174 0.49826 0.000118982 0.000118982
0.50176 0.49824 0.000119679 0.000119679
0.50179 0.49821 0.000122107 0.000122107
0.50179 0.49821 0.0001214 0.0001214
0.50182 0.49818 0.000122472 0.000122472
0.50183 0.49817 0.000122769 0.000122769
0.50182 0.49818 0.000123402 0.000123402
0.50179 0.49821 0.000124147 0.000124147
0.50174 0.49826 0.000124679 0.000124679
0.50172 0.49828 0.000125315 0.000125315
0.50175 0.49825 0.000125098 0.000125098
0.50174 0.49826 0.000125265 0.000125265
0.50173 0.49827 0.000124684 0.000124684
0.50175 0.49825 0.000125684 0.000125684
0.50179 0.49821 0.000126774 0.000126774
0.5018 0.4982 0.000127455 0.000127455
0.50179 0.49821 0.000126794 0.000126794
0.5018 0.4982 0.000127212 0.000127212
0.50178 0.49822 0.000126678 0.000126678
0.50182 0.49818 0.000126654 0.000126654
0.50181 0.49819 0.0001266 0.0001266
0.50183 0.49817 0.000125738 0.000125738
0.50185 0.49815 0.000125725 0.000125725
0.50185 0.49815 0.000125886 0.000125886
0.50184 0.49816 0.000126116 0.000126116
0.50184 0.49816 0.000126338 0.000126338
0.50184 0.49816 0.000125186 0.000125186
0.50191 0.49809 0.000126204 0.000126204
0.50192 0.49808 0.000126377 0.000126377
0.50193 0.49807 0.000126126 0.000126126
0.50197 0.49803 0.000125504 0.000125504
0.50196 0.49804 0.000126039 0.000126039
0.50195 0.49805 0.000126856 0.000126856
0.50196 0.49804 0.000127332 0.000127332
0.50197 0.49803 0.000127605 0.000127605
0.50195 0.49805 0.000127523 0.000127523
0.50197 0.49803 0.000127989 0.000127989
0.502 0.498 0.00012796 0.00012796
0.50195 0.49805 0.000129119 0.000129119
0.50198 0.49802 0.000128787 0.000128787
0.50195 0.49805 0.000128593 0.000128593
0.50194 0.49806 0.000128643 0.000128643
0.50188 0.49812 0.000129036 0.000129036
0.50191 0.49809 0.000129739 0.000129739
0.5019 0.4981 0.000130455 0.000130455
0.50188 0.49812 0.000130955 0.000130955
0.50189 0.49811 0.000130947 0.000130947
0.50191 0.49809 0.000131719 0.000131719
0.5019 0.4981 0.000131828 0.000131828
0.50191 0.49809 0.000132547 0.000132547
0.50199 0.49801 0.000133242 0.000133242
0.50199 0.49801 0.000133586 0.000133586
0.50201 0.49799 0.000134717 0.000134717
0.50206 0.49794 0.000136542 0.000136542
0.50202 0.49798 0.00013602 0.00013602
0.50199 0.49801 0.000136232 0.000136232
0.50199 0.49801 0.000136515 0.000136515
0.50193 0.49807 0.000136187 0.000136187
0.50196 0.49804 0.000136827 0.000136827
0.50197 0.49803 0.000136938 0.000136938
0.50197 0.49803 0.000137383 0.000137383
0.50194 0.49806 0.000136784 0.000136784
0.50193 0.49807 0.000136571 0.000136571
0.50201 0.49799 0.000136313 0.000136313
0.50204 0.49796 0.000137352 0.000137352
0.50208 0.49792 0.000137084 0.000137084
0.50214 0.49786 0.000138182 0.000138182
0.50219 0.49781 0.00013765 0.00013765
0.50217 0.49783 0.000137961 0.000137961
0.50219 0.49781 0.000137974 0.000137974
0.50217 0.49783 0.000138486 0.000138486
0.50217 0.49783 0.000138789 0.000138789
0.50213 0.49787 0.000138114 0.000138114
0.50206 0.49794 0.00013834 0.00013834
0.50202 0.49798 0.000137656 0.000137656
0.50203 0.49797 0.000138353 0.000138353
0.50201 0.49799 0.000137949 0.000137949
0.50201 0.49799 0.000137707 0.000137707
0.50201 0.49799 0.000138293 0.000138293
0.50202 0.49798 0.000139232 0.000139232
0.50199 0.49801 0.000138879 0.000138879
0.50203 0.49797 0.000138353 0.000138353
0.50201 0.49799 0.000138959 0.000138959
0.50204 0.49796 0.000140867 0.000140867
0.502 0.498 0.000141293 0.000141293
0.50196 0.49804 0.000141109 0.000141109
0.50198 0.49802 0.00014202 0.00014202
0.50197 0.49803 0.000142837 0.000142837
0.50193 0.49807 0.000142005 0.000142005
0.50198 0.49802 0.000141596 0.000141596
0.50195 0.49805 0.000142311 0.000142311
0.50193 0.49807 0.000141884 0.000141884
0.50194 0.49806 0.000143471 0.000143471
0.50199 0.49801 0.000144697 0.000144697
0.50198 0.49802 0.000145737 0.000145737
0.50195 0.49805 0.000146472 0.000146472
0.50196 0.49804 0.000146847 0.000146847
0.50195 0.49805 0.000147523 0.000147523
0.50192 0.49808 0.000148256 0.000148256
0.5019 0.4981 0.000148091 0.000148091
0.50191 0.49809 0.000148669 0.000148669
0.50193 0.49807 0.000147682 0.000147682
0.50192 0.49808 0.000147792 0.000147792
0.50192 0.49808 0.000147893 0.000147893
0.50195 0.49805 0.000148836 0.000148836
0.50194 0.49806 0.000150138 0.000150138
0.50192 0.49808 0.000151145 0.000151145
0.5019 0.4981 0.000150697 0.000150697
0.50192 0.49808 0.000149893 0.000149893
0.50193 0.49807 0.000150248 0.000150248
0.50192 0.49808 0.000150499 0.000150499
0.5019 0.4981 0.000150333 0.000150333
0.50193 0.49807 0.000151318 0.000151318
0.50194 0.49806 0.000151491 0.000151491
0.50194 0.49806 0.000150966 0.000150966
0.50191 0.49809 0.000150487 0.000150487
0.50193 0.49807 0.000151278 0.000151278
0.50195 0.49805 0.000151503 0.000151503
0.50196 0.49804 0.000152342 0.000152342
0.50201 0.49799 0.000153141 0.000153141
0.50201 0.49799 0.000152838 0.000152838
0.50199 0.49801 0.000153263 0.000153263
0.50197 0.49803 0.000153848 0.000153848
0.50196 0.49804 0.000152867 0.000152867
0.50196 0.49804 0.000152382 0.000152382
0.50195 0.49805 0.000152533 0.000152533
0.50199 0.49801 0.00015298 0.00015298
0.50198 0.49802 0.000152929 0.000152929
0.50199 0.49801 0.000153303 0.000153303
0.50197 0.49803 0.000152918 0.000152918
0.5019 0.4981 0.000152616 0.000152616
0.50194 0.49806 0.000153006 0.000153006
0.50191 0.49809 0.000153598 0.000153598
0.50191 0.49809 0.000154345 0.000154345
0.50189 0.49811 0.000154564 0.000154564
0.5019 0.4981 0.000155768 0.000155768
0.5019 0.4981 0.000157727 0.000157727
0.50194 0.49806 0.000158804 0.000158804
0.50191 0.49809 0.000159113 0.000159113
0.50194 0.49806 0.000158522 0.000158522
0.50193 0.49807 0.000159642 0.000159642
0.50192 0.49808 0.000159509 0.000159509
0.50191 0.49809 0.000159335 0.000159335
0.50187 0.49813 0.000160377 0.000160377
0.50188 0.49812 0.000161117 0.000161117
0.50187 0.49813 0.000161609 0.000161609
0.50184 0.49816 0.000161469 0.000161469
0.50182 0.49818 0.000161967 0.000161967
0.50178 0.49822 0.000163224 0.000163224
0.50177 0.49823 0.000163532 0.000163532
0.50181 0.49819 0.000164398 0.000164398
0.50178 0.49822 0.000164153 0.000164153
0.50176 0.49824 0.000163881 0.000163881
0.50177 0.49823 0.00016428 0.00016428
0.50173 0.49827 0.00016426 0.00016426
0.50178 0.49822 0.000164355 0.000164355
0.50179 0.49821 0.000165097 0.000165097
0.50178 0.49822 0.000165082 0.000165082
0.50184 0.49816 0.00016456 0.00016456
0.5018 0.4982 0.000165677 0.000165677
0.50177 0.49823 0.000166037 0.000166037
0.50178 0.49822 0.000167183 0.000167183
0.5018 0.4982 0.000168707 0.000168707
0.50179 0.49821 0.000168168 0.000168168
0.50177 0.49823 0.000167411 0.000167411
0.50181 0.49819 0.000167186 0.000167186
0.50178 0.49822 0.000167971 0.000167971
0.50179 0.49821 0.000168471 0.000168471
0.5018 0.4982 0.000168808 0.000168808
0.50184 0.49816 0.000168297 0.000168297
0.50188 0.49812 0.000168086 0.000168086
0.50185 0.49815 0.000168048 0.000168048
0.50186 0.49814 0.000168909 0.000168909
0.50184 0.49816 0.000168802 0.000168802
0.50186 0.49814 0.000169677 0.000169677
0.50187 0.49813 0.000169791 0.000169791
0.50186 0.49814 0.000170788 0.000170788
0.50185 0.49815 0.00017223 0.00017223
0.50186 0.49814 0.000173051 0.000173051
0.50184 0.49816 0.000174863 0.000174863
0.50182 0.49818 0.000174351 0.000174351
0.50181 0.49819 0.000174559 0.000174559
0.5018 0.4982 0.000174707 0.000174707
0.50181 0.49819 0.000175186 0.000175186
0.50181 0.49819 0.000175065 0.000175065
0.50182 0.49818 0.00017526 0.00017526
0.50186 0.49814 0.000176384 0.000176384
0.50187 0.49813 0.000176741 0.000176741
0.50184 0.49816 0.000178015 0.000178015
0.5018 0.4982 0.000178707 0.000178707
0.5018 0.4982 0.000178667 0.000178667
0.50182 0.49818 0.000177503 0.000177503
0.50183 0.49817 0.000177456 0.000177456
0.50177 0.49823 0.000177027 0.000177027
0.50172 0.49828 0.000176971 0.000176971
0.50172 0.49828 0.000177194 0.000177194
0.50172 0.49828 0.000177436 0.000177436
0.5017 0.4983 0.000176515 0.000176515
0.50171 0.49829 0.000177218 0.000177218
0.50171 0.49829 0.000177319 0.000177319
0.50176 0.49824 0.000177457 0.000177457
0.50177 0.49823 0.000177472 0.000177472
0.50176 0.49824 0.000179619 0.000179619
0.50174 0.49826 0.000179871 0.000179871
0.5017 0.4983 0.000179 0.000179
0.50167 0.49833 0.000179254 0.000179254
