0.49546 0.50454 8.39277e-05 8.39277e-05
0.49183 0.50817 0.000208365 0.000208365
0.48747 0.51253 0.000315363 0.000315363
0.48483 0.51517 0.000478143 0.000478143
0.48267 0.51733 0.000623658 0.000623658
0.47997 0.52003 0.000740696 0.000740696
0.47762 0.52238 0.000923329 0.000923329
0.47581 0.52419 0.00107676 0.00107676
0.47389 0.52611 0.00121176 0.00121176
0.47297 0.52703 0.00134088 0.00134088
0.47192 0.52808 0.00152658 0.00152658
0.47141 0.52859 0.00168863 0.00168863
0.47035 0.52965 0.00183873 0.00183873
0.46896 0.53104 0.00197454 0.00197454
0.46846 0.53154 0.00207128 0.00207128
0.46782 0.53218 0.00214328 0.00214328
0.46696 0.53304 0.00223046 0.00223046
0.46596 0.53404 0.00232343 0.00232343
0.46506 0.53494 0.00241198 0.00241198
0.46434 0.53566 0.00251681 0.00251681
0.46428 0.53572 0.00255733 0.00255733
0.46349 0.53651 0.00262573 0.00262573
0.46295 0.53705 0.00269177 0.00269177
0.46235 0.53765 0.00276574 0.00276574
0.46194 0.53806 0.00278567 0.00278567
0.46174 0.53826 0.00283068 0.00283068
0.46143 0.53857 0.00287572 0.00287572
0.46136 0.53864 0.00289423 0.00289423
0.46113 0.53887 0.00295284 0.00295284
0.46088 0.53912 0.00298685 0.00298685
0.46053 0.53947 0.00300371 0.00300371
0.46013 0.53987 0.00302022 0.00302022
0.4599 0.5401 0.00304797 0.00304797
0.45971 0.54029 0.00308722 0.00308722
0.45929 0.54071 0.00310277 0.00310277
0.45912 0.54088 0.00312043 0.00312043
0.45897 0.54103 0.00313956 0.00313956
0.45876 0.54124 0.00314485 0.00314485
0.45859 0.54141 0.00315388 0.00315388
0.45853 0.54147 0.00317801 0.00317801
0.45847 0.54153 0.0031866 0.0031866
0.45845 0.54155 0.00318488 0.00318488
0.45832 0.54168 0.00319398 0.00319398
0.45823 0.54177 0.00320216 0.00320216
0.45811 0.54189 0.00320733 0.00320733
0.45803 0.54197 0.00320853 0.00320853
0.4579 0.5421 0.00321946 0.00321946
0.45781 0.54219 0.00322666 0.00322666
0.4578 0.5422 0.00323715 0.00323715
0.45774 0.54226 0.00323793 0.00323793
0.45769 0.54231 0.00323961 0.00323961
0.45766 0.54234 0.00324503 0.00324503
0.45768 0.54232 0.00324527 0.00324527
0.45766 0.54234 0.00324257 0.00324257
0.45768 0.54232 0.00324699 0.00324699
0.45767 0.54233 0.00325513 0.00325513
0.45772 0.54228 0.00325824 0.00325824
0.45771 0.54229 0.00326015 0.00326015
0.45767 0.54233 0.00326269 0.00326269
0.45766 0.54234 0.00326673 0.00326673
0.45765 0.54235 0.00326667 0.00326667
0.45768 0.54232 0.00326812 0.00326812
0.4577 0.5423 0.00326676 0.00326676
0.45769 0.54231 0.00326658 0.00326658
0.45768 0.54232 0.00326436 0.00326436
0.45767 0.54233 0.00326493 0.00326493
0.45764 0.54236 0.00326573 0.00326573
0.45764 0.54236 0.00326439 0.00326439
0.45765 0.54235 0.00326635 0.00326635
0.45764 0.54236 0.00326769 0.00326769
0.45763 0.54237 0.0032666 0.0032666
0.45763 0.54237 0.00326807 0.00326807
0.45763 0.54237 0.00326807 0.00326807
0.45761 0.54239 0.00326685 0.00326685
0.4576 0.5424 0.00326749 0.00326749
0.4576 0.5424 0.00326996 0.00326996
0.45762 0.54238 0.00327004 0.00327004
0.45763 0.54237 0.0032726 0.0032726
0.45762 0.54238 0.00327321 0.00327321
0.45763 0.54237 0.0032726 0.0032726
0.45763 0.54237 0.0032726 0.0032726
0.45763 0.54237 0.0032726 0.0032726
0.45764 0.54236 0.00327302 0.00327302
0.45765 0.54235 0.00327243 0.00327243
0.45764 0.54236 0.00327191 0.00327191
0.45764 0.54236 0.00327191 0.00327191
0.45765 0.54235 0.00327213 0.00327213
0.45764 0.54236 0.00327272 0.00327272
0.45763 0.54237 0.00327094 0.00327094
0.45763 0.54237 0.00327094 0.00327094
0.45763 0.54237 0.00327094 0.00327094
0.45763 0.54237 0.00327094 0.00327094
0.45763 0.54237 0.00327094 0.00327094
0.45763 0.54237 0.00327094 0.00327094
0.45764 0.54236 0.00327066 0.00327066
0.45764 0.54236 0.00327066 0.00327066
0.45764 0.54236 0.00327066 0.00327066
0.45764 0.54236 0.00327066 0.00327066
0.45765 0.54235 0.00327243 0.00327243
0.45765 0.54235 0.00327243 0.00327243
0.45766 0.54234 0.00327295 0.00327295
0.45766 0.54234 0.00327295 0.00327295
0.45766 0.54234 0.00327295 0.00327295
0.45766 0.54234 0.00327295 0.00327295
0.45766 0.54234 0.00327295 0.00327295
0.45767 0.54233 0.00327236 0.00327236
0.45767 0.54233 0.00327236 0.00327236
0.45767 0.54233 0.00327236 0.00327236
0.45767 0.54233 0.00327236 0.00327236
0.45768 0.54232 0.00327303 0.00327303
0.45768 0.54232 0.00327303 0.00327303
0.45768 0.54232 0.00327303 0.00327303
0.45768 0.54232 0.00327303 0.00327303
0.45768 0.54232 0.00327303 0.00327303
0.45768 0.54232 0.00327303 0.00327303
0.45768 0.54232 0.00327303 0.00327303
0.45768 0.54232 0.00327303 0.00327303
0.45768 0.54232 0.00327303 0.00327303
0.45768 0.54232 0.00327303 0.00327303
0.45768 0.54232 0.00327303 0.00327303
0.45768 0.54232 0.00327303 0.00327303
0.45768 0.54232 0.00327303 0.00327303
0.45768 0.54232 0.00327303 0.00327303
0.45768 0.54232 0.00327303 0.00327303
0.45768 0.54232 0.00327303 0.00327303
0.45768 0.54232 0.00327303 0.00327303
0.45768 0.54232 0.00327303 0.00327303
0.45768 0.54232 0.00327303 0.00327303
0.45768 0.54232 0.00327303 0.00327303
0.45768 0.54232 0.00327303 0.00327303
0.45768 0.54232 0.00327303 0.00327303
0.45768 0.54232 0.00327303 0.00327303
0.45768 0.54232 0.00327303 0.00327303
0.45768 0.54232 0.00327303 0.00327303
0.45768 0.54232 0.00327303 0.00327303
0.45768 0.54232 0.00327303 0.00327303
0.45768 0.54232 0.00327303 0.00327303
0.45768 0.54232 0.00327303 0.00327303
0.45768 0.54232 0.00327303 0.00327303
0.45768 0.54232 0.00327303 0.00327303
0.45768 0.54232 0.00327303 0.00327303
0.45768 0.54232 0.00327303 0.00327303
0.45768 0.54232 0.00327303 0.00327303
0.45768 0.54232 0.00327303 0.00327303
0.45768 0.54232 0.00327303 0.00327303
0.45768 0.54232 0.00327303 0.00327303
0.45768 0.54232 0.00327303 0.00327303
0.45768 0.54232 0.00327303 0.00327303
0.45768 0.54232 0.00327303 0.00327303
0.45768 0.54232 0.00327303 0.00327303
0.45768 0.54232 0.00327303 0.00327303
0.45768 0.54232 0.00327303 0.00327303
0.45768 0.54232 0.00327303 0.00327303
0.45768 0.54232 0.00327303 0.00327303
0.45768 0.54232 0.00327303 0.00327303
0.45768 0.54232 0.00327303 0.00327303
0.45768 0.54232 0.00327303 0.00327303
0.45768 0.54232 0.00327303 0.00327303
0.45768 0.54232 0.00327303 0.00327303
0.45768 0.54232 0.00327303 0.00327303
0.45768 0.54232 0.00327303 0.00327303
0.45768 0.54232 0.00327303 0.00327303
0.45768 0.54232 0.00327303 0.00327303
0.45768 0.54232 0.00327303 0.00327303
0.45768 0.54232 0.00327303 0.00327303
0.45768 0.54232 0.00327303 0.00327303
0.45768 0.54232 0.00327303 0.00327303
0.45768 0.54232 0.00327303 0.00327303
0.45768 0.54232 0.00327303 0.00327303
0.45768 0.54232 0.00327303 0.00327303
0.45768 0.54232 0.00327303 0.00327303
0.45768 0.54232 0.00327303 0.00327303
0.45768 0.54232 0.00327303 0.00327303
0.45768 0.54232 0.00327303 0.00327303
0.45768 0.54232 0.00327303 0.00327303
0.45768 0.54232 0.00327303 0.00327303
0.45768 0.54232 0.00327303 0.00327303
0.45768 0.54232 0.00327303 0.00327303
0.45768 0.54232 0.00327303 0.00327303
0.45768 0.54232 0.00327303 0.00327303
0.45768 0.54232 0.00327303 0.00327303
0.45768 0.54232 0.00327303 0.00327303
0.45768 0.54232 0.00327303 0.00327303
0.45768 0.54232 0.00327303 0.00327303
0.45768 0.54232 0.00327303 0.00327303
0.45768 0.54232 0.00327303 0.00327303
0.45768 0.54232 0.00327303 0.00327303
0.45768 0.54232 0.00327303 0.00327303
0.45768 0.54232 0.00327303 0.00327303
0.45768 0.54232 0.00327303 0.00327303
0.45768 0.54232 0.00327303 0.00327303
0.45768 0.54232 0.00327303 0.00327303
0.45768 0.54232 0.00327303 0.00327303
0.45768 0.54232 0.00327303 0.00327303
0.45768 0.54232 0.00327303 0.00327303
0.45768 0.54232 0.00327303 0.00327303
0.45768 0.54232 0.00327303 0.00327303
0.45768 0.54232 0.00327303 0.00327303
0.45768 0.54232 0.00327303 0.00327303
0.45768 0.54232 0.00327303 0.00327303
0.45768 0.54232 0.00327303 0.00327303
0.45768 0.54232 0.00327303 0.00327303
0.45768 0.54232 0.00327303 0.00327303
0.45768 0.54232 0.00327303 0.00327303
0.45768 0.54232 0.00327303 0.00327303
0.45768 0.54232 0.00327303 0.00327303
0.45768 0.54232 0.00327303 0.00327303
0.45768 0.54232 0.00327303 0.00327303
0.45768 0.54232 0.00327303 0.00327303
0.45768 0.54232 0.00327303 0.00327303
0.45768 0.54232 0.00327303 0.00327303
0.45768 0.54232 0.00327303 0.00327303
0.45768 0.54232 0.00327303 0.00327303
0.45768 0.54232 0.00327303 0.00327303
0.45768 0.54232 0.00327303 0.00327303
0.45768 0.54232 0.00327303 0.00327303
0.45768 0.54232 0.00327303 0.00327303
0.45768 0.54232 0.00327303 0.00327303
0.45768 0.54232 0.00327303 0.00327303
0.45768 0.54232 0.00327303 0.00327303
0.45768 0.54232 0.00327303 0.00327303
0.45768 0.54232 0.00327303 0.00327303
0.45768 0.54232 0.00327303 0.00327303
0.45768 0.54232 0.00327303 0.00327303
0.45768 0.54232 0.00327303 0.00327303
0.45768 0.54232 0.00327303 0.00327303
0.45768 0.54232 0.00327303 0.00327303
0.45768 0.54232 0.00327303 0.00327303
0.45768 0.54232 0.00327303 0.00327303
0.45768 0.54232 0.00327303 0.00327303
0.45768 0.54232 0.00327303 0.00327303
0.45768 0.54232 0.00327303 0.00327303
0.45768 0.54232 0.00327303 0.00327303
0.45768 0.54232 0.00327303 0.00327303
0.45768 0.54232 0.00327303 0.00327303
0.45768 0.54232 0.00327303 0.00327303
0.45768 0.54232 0.00327303 0.00327303
0.45768 0.54232 0.00327303 0.00327303
0.45768 0.54232 0.00327303 0.00327303
0.45768 0.54232 0.00327303 0.00327303
0.45768 0.54232 0.00327303 0.00327303
0.45768 0.54232 0.00327303 0.00327303
0.45768 0.54232 0.00327303 0.00327303
0.45768 0.54232 0.00327303 0.00327303
0.45768 0.54232 0.00327303 0.00327303
0.45768 0.54232 0.00327303 0.00327303
0.45768 0.54232 0.00327303 0.00327303
0.45768 0.54232 0.00327303 0.00327303
0.45768 0.54232 0.00327303 0.00327303
0.45768 0.54232 0.00327303 0.00327303
0.45768 0.54232 0.00327303 0.00327303
0.45768 0.54232 0.00327303 0.00327303
0.45768 0.54232 0.00327303 0.00327303
0.45768 0.54232 0.00327303 0.00327303
0.45768 0.54232 0.00327303 0.00327303
0.45768 0.54232 0.00327303 0.00327303
0.45768 0.54232 0.00327303 0.00327303
0.45768 0.54232 0.00327303 0.00327303
0.45768 0.54232 0.00327303 0.00327303
0.45768 0.54232 0.00327303 0.00327303
0.45768 0.54232 0.00327303 0.00327303
0.45768 0.54232 0.00327303 0.00327303
0.45768 0.54232 0.00327303 0.00327303
0.45768 0.54232 0.00327303 0.00327303
0.45768 0.54232 0.00327303 0.00327303
0.45768 0.54232 0.00327303 0.00327303
0.45768 0.54232 0.00327303 0.00327303
0.45768 0.54232 0.00327303 0.00327303
0.45768 0.54232 0.00327303 0.00327303
0.45768 0.54232 0.00327303 0.00327303
0.45768 0.54232 0.00327303 0.00327303
0.45768 0.54232 0.00327303 0.00327303
0.45768 0.54232 0.00327303 0.00327303
0.45768 0.54232 0.00327303 0.00327303
0.45768 0.54232 0.00327303 0.00327303
0.45768 0.54232 0.00327303 0.00327303
0.45768 0.54232 0.00327303 0.00327303
0.45768 0.54232 0.00327303 0.00327303
0.45768 0.54232 0.00327303 0.00327303
0.45768 0.54232 0.00327303 0.00327303
0.45768 0.54232 0.00327303 0.00327303
0.45768 0.54232 0.00327303 0.00327303
0.45768 0.54232 0.00327303 0.00327303
0.45768 0.54232 0.00327303 0.00327303
0.45768 0.54232 0.00327303 0.00327303
0.45768 0.54232 0.00327303 0.00327303
0.45768 0.54232 0.00327303 0.00327303
0.45768 0.54232 0.00327303 0.00327303
0.45768 0.54232 0.00327303 0.00327303
0.45768 0.54232 0.00327303 0.00327303
0.45768 0.54232 0.00327303 0.00327303
0.45768 0.54232 0.00327303 0.00327303
0.45768 0.54232 0.00327303 0.00327303
0.45768 0.54232 0.00327303 0.00327303
0.45768 0.54232 0.00327303 0.00327303
0.45768 0.54232 0.00327303 0.00327303
0.45768 0.54232 0.00327303 0.00327303
0.45768 0.54232 0.00327303 0.00327303
0.45768 0.54232 0.00327303 0.00327303
0.45768 0.54232 0.00327303 0.00327303
0.45768 0.54232 0.00327303 0.00327303
0.45768 0.54232 0.00327303 0.00327303
0.45768 0.54232 0.00327303 0.00327303
0.45768 0.54232 0.00327303 0.00327303
0.45768 0.54232 0.00327303 0.00327303
0.45768 0.54232 0.00327303 0.00327303
0.45768 0.54232 0.00327303 0.00327303
0.45768 0.54232 0.00327303 0.00327303
0.45768 0.54232 0.00327303 0.00327303
0.45768 0.54232 0.00327303 0.00327303
0.45768 0.54232 0.00327303 0.00327303
0.45768 0.54232 0.00327303 0.00327303
0.45768 0.54232 0.00327303 0.00327303
0.45768 0.54232 0.00327303 0.00327303
0.45768 0.54232 0.00327303 0.00327303
0.45768 0.54232 0.00327303 0.00327303
0.45768 0.54232 0.00327303 0.00327303
0.45768 0.54232 0.00327303 0.00327303
0.45768 0.54232 0.00327303 0.00327303
0.45768 0.54232 0.00327303 0.00327303
0.45768 0.54232 0.00327303 0.00327303
0.45768 0.54232 0.00327303 0.00327303
0.45768 0.54232 0.00327303 0.00327303
0.45768 0.54232 0.00327303 0.00327303
0.45768 0.54232 0.00327303 0.00327303
0.45768 0.54232 0.00327303 0.00327303
0.45768 0.54232 0.00327303 0.00327303
0.45768 0.54232 0.00327303 0.00327303
0.45768 0.54232 0.00327303 0.00327303
0.45768 0.54232 0.00327303 0.00327303
0.45768 0.54232 0.00327303 0.00327303
0.45768 0.54232 0.00327303 0.00327303
0.45768 0.54232 0.00327303 0.00327303
0.45768 0.54232 0.00327303 0.00327303
0.45768 0.54232 0.00327303 0.00327303
0.45768 0.54232 0.00327303 0.00327303
0.45768 0.54232 0.00327303 0.00327303
0.45768 0.54232 0.00327303 0.00327303
0.45768 0.54232 0.00327303 0.00327303
0.45768 0.54232 0.00327303 0.00327303
0.45768 0.54232 0.00327303 0.00327303
0.45768 0.54232 0.00327303 0.00327303
0.45768 0.54232 0.00327303 0.00327303
0.45768 0.54232 0.00327303 0.00327303
0.45768 0.54232 0.00327303 0.00327303
0.45768 0.54232 0.00327303 0.00327303
0.45768 0.54232 0.00327303 0.00327303
0.45768 0.54232 0.00327303 0.00327303
0.45768 0.54232 0.00327303 0.00327303
0.45768 0.54232 0.00327303 0.00327303
0.45768 0.54232 0.00327303 0.00327303
0.45768 0.54232 0.00327303 0.00327303
0.45768 0.54232 0.00327303 0.00327303
0.45768 0.54232 0.00327303 0.00327303
0.45768 0.54232 0.00327303 0.00327303
0.45768 0.54232 0.00327303 0.00327303
0.45768 0.54232 0.00327303 0.00327303
0.45768 0.54232 0.00327303 0.00327303
0.45768 0.54232 0.00327303 0.00327303
0.45768 0.54232 0.00327303 0.00327303
0.45768 0.54232 0.00327303 0.00327303
0.45768 0.54232 0.00327303 0.00327303
0.45768 0.54232 0.00327303 0.00327303
0.45768 0.54232 0.00327303 0.00327303
0.45768 0.54232 0.00327303 0.00327303
0.45768 0.54232 0.00327303 0.00327303
0.45768 0.54232 0.00327303 0.00327303
0.45768 0.54232 0.00327303 0.00327303
0.45768 0.54232 0.00327303 0.00327303
0.45768 0.54232 0.00327303 0.00327303
0.45768 0.54232 0.00327303 0.00327303
0.45768 0.54232 0.00327303 0.00327303
0.45768 0.54232 0.00327303 0.00327303
0.45768 0.54232 0.00327303 0.00327303
0.45768 0.54232 0.00327303 0.00327303
0.45768 0.54232 0.00327303 0.00327303
0.45768 0.54232 0.00327303 0.00327303
0.45768 0.54232 0.00327303 0.00327303
0.45768 0.54232 0.00327303 0.00327303
0.45768 0.54232 0.00327303 0.00327303
0.45768 0.54232 0.00327303 0.00327303
0.45768 0.54232 0.00327303 0.00327303
0.45768 0.54232 0.00327303 0.00327303
0.45768 0.54232 0.00327303 0.00327303
0.45768 0.54232 0.00327303 0.00327303
0.45768 0.54232 0.00327303 0.00327303
0.45768 0.54232 0.00327303 0.00327303
0.45768 0.54232 0.00327303 0.00327303
0.45768 0.54232 0.00327303 0.00327303
0.45768 0.54232 0.00327303 0.00327303
0.45768 0.54232 0.00327303 0.00327303
0.45768 0.54232 0.00327303 0.00327303
0.45768 0.54232 0.00327303 0.00327303
0.45768 0.54232 0.00327303 0.00327303
0.45768 0.54232 0.00327303 0.00327303
0.45768 0.54232 0.00327303 0.00327303
0.45768 0.54232 0.00327303 0.00327303
0.45768 0.54232 0.00327303 0.00327303
0.45768 0.54232 0.00327303 0.00327303
0.45768 0.54232 0.00327303 0.00327303
0.45768 0.54232 0.00327303 0.00327303
0.45768 0.54232 0.00327303 0.00327303
0.45768 0.54232 0.00327303 0.00327303
0.45768 0.54232 0.00327303 0.00327303
0.45768 0.54232 0.00327303 0.00327303
0.45768 0.54232 0.00327303 0.00327303
0.45768 0.54232 0.00327303 0.00327303
0.45768 0.54232 0.00327303 0.00327303
0.45768 0.54232 0.00327303 0.00327303
0.45768 0.54232 0.00327303 0.00327303
0.45768 0.54232 0.00327303 0.00327303
0.45768 0.54232 0.00327303 0.00327303
0.45768 0.54232 0.00327303 0.00327303
0.45768 0.54232 0.00327303 0.00327303
0.45768 0.54232 0.00327303 0.00327303
0.45768 0.54232 0.00327303 0.00327303
0.45768 0.54232 0.00327303 0.00327303
0.45768 0.54232 0.00327303 0.00327303
0.45768 0.54232 0.00327303 0.00327303
0.45768 0.54232 0.00327303 0.00327303
0.45768 0.54232 0.00327303 0.00327303
0.45768 0.54232 0.00327303 0.00327303
0.45768 0.54232 0.00327303 0.00327303
0.45768 0.54232 0.00327303 0.00327303
0.45768 0.54232 0.00327303 0.00327303
0.45768 0.54232 0.00327303 0.00327303
0.45768 0.54232 0.00327303 0.00327303
0.45768 0.54232 0.00327303 0.00327303
0.45768 0.54232 0.00327303 0.00327303
0.45768 0.54232 0.00327303 0.00327303
0.45768 0.54232 0.00327303 0.00327303
0.45768 0.54232 0.00327303 0.00327303
0.45768 0.54232 0.00327303 0.00327303
0.45768 0.54232 0.00327303 0.00327303
0.45768 0.54232 0.00327303 0.00327303
0.45768 0.54232 0.00327303 0.00327303
0.45768 0.54232 0.00327303 0.00327303
0.45768 0.54232 0.00327303 0.00327303
0.45768 0.54232 0.00327303 0.00327303
0.45768 0.54232 0.00327303 0.00327303
0.45768 0.54232 0.00327303 0.00327303
0.45768 0.54232 0.00327303 0.00327303
0.45768 0.54232 0.00327303 0.00327303
0.45768 0.54232 0.00327303 0.00327303
0.45768 0.54232 0.00327303 0.00327303
0.45768 0.54232 0.00327303 0.00327303
0.45768 0.54232 0.00327303 0.00327303
0.45768 0.54232 0.00327303 0.00327303
0.45768 0.54232 0.00327303 0.00327303
0.45768 0.54232 0.00327303 0.00327303
0.45768 0.54232 0.00327303 0.00327303
0.45768 0.54232 0.00327303 0.00327303
0.45768 0.54232 0.00327303 0.00327303
0.45768 0.54232 0.00327303 0.00327303
0.45768 0.54232 0.00327303 0.00327303
0.45768 0.54232 0.00327303 0.00327303
0.45768 0.54232 0.00327303 0.00327303
0.45768 0.54232 0.00327303 0.00327303
0.45768 0.54232 0.00327303 0.00327303
0.45768 0.54232 0.00327303 0.00327303
0.45768 0.54232 0.00327303 0.00327303
0.45768 0.54232 0.00327303 0.00327303
0.45768 0.54232 0.00327303 0.00327303
0.45768 0.54232 0.00327303 0.00327303
0.45768 0.54232 0.00327303 0.00327303
0.45768 0.54232 0.00327303 0.00327303
0.45768 0.54232 0.00327303 0.00327303
0.45768 0.54232 0.00327303 0.00327303
0.45768 0.54232 0.00327303 0.00327303
0.45768 0.54232 0.00327303 0.00327303
0.45768 0.54232 0.00327303 0.00327303
0.45768 0.54232 0.00327303 0.00327303
0.45768 0.54232 0.00327303 0.00327303
0.45768 0.54232 0.00327303 0.00327303
0.45768 0.54232 0.00327303 0.00327303
0.45768 0.54232 0.00327303 0.00327303
0.45768 0.54232 0.00327303 0.00327303
0.45768 0.54232 0.00327303 0.00327303
0.45768 0.54232 0.00327303 0.00327303
0.45768 0.54232 0.00327303 0.00327303
0.45768 0.54232 0.00327303 0.00327303
0.45768 0.54232 0.00327303 0.00327303
0.45768 0.54232 0.00327303 0.00327303
0.45768 0.54232 0.00327303 0.00327303
0.45768 0.54232 0.00327303 0.00327303
0.45768 0.54232 0.00327303 0.00327303
0.45768 0.54232 0.00327303 0.00327303
0.45768 0.54232 0.00327303 0.00327303
0.45768 0.54232 0.00327303 0.00327303
0.45768 0.54232 0.00327303 0.00327303
0.45768 0.54232 0.00327303 0.00327303
0.45768 0.54232 0.00327303 0.00327303
0.45768 0.54232 0.00327303 0.00327303
0.45768 0.54232 0.00327303 0.00327303
0.45768 0.54232 0.00327303 0.00327303
0.45768 0.54232 0.00327303 0.00327303
0.45768 0.54232 0.00327303 0.00327303
0.45768 0.54232 0.00327303 0.00327303
0.45768 0.54232 0.00327303 0.00327303
0.45768 0.54232 0.00327303 0.00327303
