0.50025 0.49975 3.15833e-05 3.15833e-05
0.49911 0.50089 6.24625e-05 6.24625e-05
0.49836 0.50164 8.97883e-05 8.97883e-05
0.49817 0.50183 0.000120446 0.000120446
0.49776 0.50224 0.000156487 0.000156487
0.49759 0.50241 0.000188103 0.000188103
0.49704 0.50296 0.000191615 0.000191615
0.4967 0.5033 0.000220778 0.000220778
0.4968 0.5032 0.000220404 0.000220404
0.49653 0.50347 0.000230959 0.000230959
0.49651 0.50349 0.00024405 0.00024405
0.49626 0.50374 0.000256619 0.000256619
0.49617 0.50383 0.000273415 0.000273415
0.49577 0.50423 0.000290341 0.000290341
0.49565 0.50435 0.000286553 0.000286553
0.49548 0.50452 0.00029104 0.00029104
0.49521 0.50479 0.000297056 0.000297056
0.49509 0.50491 0.000304568 0.000304568
0.49508 0.50492 0.000309569 0.000309569
0.49484 0.50516 0.000318338 0.000318338
0.49492 0.50508 0.000320882 0.000320882
0.49497 0.50503 0.000323464 0.000323464
0.49482 0.50518 0.000325745 0.000325745
0.49482 0.50518 0.000322573 0.000322573
0.49491 0.50509 0.000323557 0.000323557
0.49501 0.50499 0.000326959 0.000326959
0.49497 0.50503 0.000327221 0.000327221
0.49494 0.50506 0.000326481 0.000326481
0.4949 0.5051 0.000326919 0.000326919
0.49489 0.50511 0.000324907 0.000324907
0.4948 0.5052 0.00032596 0.00032596
0.49477 0.50523 0.000324543 0.000324543
0.49482 0.50518 0.000324068 0.000324068
0.49476 0.50524 0.000326649 0.000326649
0.49476 0.50524 0.00032679 0.00032679
0.4947 0.5053 0.000327222 0.000327222
0.49467 0.50533 0.000326728 0.000326728
0.49464 0.50536 0.000327829 0.000327829
0.49468 0.50532 0.000327917 0.000327917
0.49466 0.50534 0.000327903 0.000327903
0.49465 0.50535 0.000327604 0.000327604
0.49463 0.50537 0.00032771 0.00032771
0.49463 0.50537 0.00032771 0.00032771
0.49465 0.50535 0.000326836 0.000326836
0.49466 0.50534 0.000327176 0.000327176
0.49467 0.50533 0.000327496 0.000327496
0.49467 0.50533 0.000327496 0.000327496
0.49467 0.50533 0.000327213 0.000327213
0.49467 0.50533 0.000327213 0.000327213
0.49467 0.50533 0.000328486 0.000328486
0.49467 0.50533 0.000328486 0.000328486
0.49466 0.50534 0.000328853 0.000328853
0.49465 0.50535 0.000328937 0.000328937
0.49464 0.50536 0.000329 0.000329
0.49464 0.50536 0.000329 0.000329
0.49465 0.50535 0.000328412 0.000328412
0.49465 0.50535 0.000328412 0.000328412
0.49465 0.50535 0.000328412 0.000328412
0.49464 0.50536 0.000328596 0.000328596
0.49464 0.50536 0.000328596 0.000328596
0.49464 0.50536 0.000328596 0.000328596
0.49465 0.50535 0.00032922 0.00032922
0.49467 0.50533 0.00032986 0.00032986
0.49467 0.50533 0.00032986 0.00032986
0.49466 0.50534 0.000330186 0.000330186
0.49466 0.50534 0.000330186 0.000330186
0.49466 0.50534 0.000330186 0.000330186
0.49466 0.50534 0.000330186 0.000330186
0.49466 0.50534 0.000330186 0.000330186
0.49466 0.50534 0.000330186 0.000330186
0.49468 0.50532 0.000330018 0.000330018
0.49468 0.50532 0.000330018 0.000330018
0.49468 0.50532 0.000330018 0.000330018
0.49468 0.50532 0.000330018 0.000330018
0.49468 0.50532 0.000330018 0.000330018
0.49468 0.50532 0.000330018 0.000330018
0.49468 0.50532 0.000330018 0.000330018
0.49468 0.50532 0.000330018 0.000330018
0.49468 0.50532 0.000330018 0.000330018
0.49468 0.50532 0.000330018 0.000330018
0.49468 0.50532 0.000330018 0.000330018
0.49467 0.50533 0.000330082 0.000330082
0.49467 0.50533 0.000330082 0.000330082
0.49467 0.50533 0.000330082 0.000330082
0.49467 0.50533 0.000330082 0.000330082
0.49467 0.50533 0.000330082 0.000330082
0.49467 0.50533 0.000330082 0.000330082
0.49467 0.50533 0.000330082 0.000330082
0.49467 0.50533 0.000330082 0.000330082
0.49467 0.50533 0.000330082 0.000330082
0.49467 0.50533 0.000330082 0.000330082
0.49467 0.50533 0.000330082 0.000330082
0.49467 0.50533 0.000330082 0.000330082
0.49467 0.50533 0.000330082 0.000330082
0.49467 0.50533 0.000330082 0.000330082
0.49467 0.50533 0.000330082 0.000330082
0.49467 0.50533 0.000330082 0.000330082
0.49467 0.50533 0.000330082 0.000330082
0.49467 0.50533 0.000330082 0.000330082
0.49467 0.50533 0.000330082 0.000330082
0.49467 0.50533 0.000330082 0.000330082
0.49467 0.50533 0.000330082 0.000330082
0.49467 0.50533 0.000330082 0.000330082
0.49467 0.50533 0.000330082 0.000330082
0.49467 0.50533 0.000330082 0.000330082
0.49467 0.50533 0.000330082 0.000330082
0.49467 0.50533 0.000330082 0.000330082
0.49467 0.50533 0.000330082 0.000330082
0.49467 0.50533 0.000330082 0.000330082
0.49467 0.50533 0.000330082 0.000330082
0.49467 0.50533 0.000330082 0.000330082
0.49467 0.50533 0.000330082 0.000330082
0.49467 0.50533 0.000330082 0.000330082
0.49467 0.50533 0.000330082 0.000330082
0.49467 0.50533 0.000330082 0.000330082
0.49467 0.50533 0.000330082 0.000330082
0.49467 0.50533 0.000330082 0.000330082
0.49467 0.50533 0.000330082 0.000330082
0.49467 0.50533 0.000330082 0.000330082
0.49467 0.50533 0.000330082 0.000330082
0.49467 0.50533 0.000330082 0.000330082
0.49467 0.50533 0.000330082 0.000330082
0.49467 0.50533 0.000330082 0.000330082
0.49467 0.50533 0.000330082 0.000330082
0.49467 0.50533 0.000330082 0.000330082
0.49467 0.50533 0.000330082 0.000330082
0.49467 0.50533 0.000330082 0.000330082
0.49467 0.50533 0.000330082 0.000330082
0.49467 0.50533 0.000330082 0.000330082
0.49467 0.50533 0.000330082 0.000330082
0.49467 0.50533 0.000330082 0.000330082
0.49467 0.50533 0.000330082 0.000330082
0.49467 0.50533 0.000330082 0.000330082
0.49467 0.50533 0.000330082 0.000330082
0.49467 0.50533 0.000330082 0.000330082
0.49467 0.50533 0.000330082 0.000330082
0.49467 0.50533 0.000330082 0.000330082
0.49467 0.50533 0.000330082 0.000330082
0.49467 0.50533 0.000330082 0.000330082
0.49467 0.50533 0.000330082 0.000330082
0.49467 0.50533 0.000330082 0.000330082
0.49467 0.50533 0.000330082 0.000330082
0.49467 0.50533 0.000330082 0.000330082
0.49467 0.50533 0.000330082 0.000330082
0.49467 0.50533 0.000330082 0.000330082
0.49467 0.50533 0.000330082 0.000330082
0.49467 0.50533 0.000330082 0.000330082
0.49467 0.50533 0.000330082 0.000330082
0.49467 0.50533 0.000330082 0.000330082
0.49467 0.50533 0.000330082 0.000330082
0.49467 0.50533 0.000330082 0.000330082
0.49467 0.50533 0.000330082 0.000330082
0.49467 0.50533 0.000330082 0.000330082
0.49467 0.50533 0.000330082 0.000330082
0.49467 0.50533 0.000330082 0.000330082
0.49467 0.50533 0.000330082 0.000330082
0.49467 0.50533 0.000330082 0.000330082
0.49467 0.50533 0.000330082 0.000330082
0.49467 0.50533 0.000330082 0.000330082
0.49467 0.50533 0.000330082 0.000330082
0.49467 0.50533 0.000330082 0.000330082
0.49467 0.50533 0.000330082 0.000330082
0.49467 0.50533 0.000330082 0.000330082
0.49467 0.50533 0.000330082 0.000330082
0.49467 0.50533 0.000330082 0.000330082
0.49467 0.50533 0.000330082 0.000330082
0.49467 0.50533 0.000330082 0.000330082
0.49467 0.50533 0.000330082 0.000330082
0.49467 0.50533 0.000330082 0.000330082
0.49467 0.50533 0.000330082 0.000330082
0.49467 0.50533 0.000330082 0.000330082
0.49467 0.50533 0.000330082 0.000330082
0.49467 0.50533 0.000330082 0.000330082
0.49467 0.50533 0.000330082 0.000330082
0.49467 0.50533 0.000330082 0.000330082
0.49467 0.50533 0.000330082 0.000330082
0.49467 0.50533 0.000330082 0.000330082
0.49467 0.50533 0.000330082 0.000330082
0.49467 0.50533 0.000330082 0.000330082
0.49467 0.50533 0.000330082 0.000330082
0.49467 0.50533 0.000330082 0.000330082
0.49467 0.50533 0.000330082 0.000330082
0.49467 0.50533 0.000330082 0.000330082
0.49467 0.50533 0.000330082 0.000330082
0.49467 0.50533 0.000330082 0.000330082
0.49467 0.50533 0.000330082 0.000330082
0.49467 0.50533 0.000330082 0.000330082
0.49467 0.50533 0.000330082 0.000330082
0.49467 0.50533 0.000330082 0.000330082
0.49467 0.50533 0.000330082 0.000330082
0.49467 0.50533 0.000330082 0.000330082
0.49467 0.50533 0.000330082 0.000330082
0.49467 0.50533 0.000330082 0.000330082
0.49467 0.50533 0.000330082 0.000330082
0.49467 0.50533 0.000330082 0.000330082
0.49467 0.50533 0.000330082 0.000330082
0.49467 0.50533 0.000330082 0.000330082
0.49467 0.50533 0.000330082 0.000330082
0.49467 0.50533 0.000330082 0.000330082
0.49467 0.50533 0.000330082 0.000330082
0.49467 0.50533 0.000330082 0.000330082
0.49467 0.50533 0.000330082 0.000330082
0.49467 0.50533 0.000330082 0.000330082
0.49467 0.50533 0.000330082 0.000330082
0.49467 0.50533 0.000330082 0.000330082
0.49467 0.50533 0.000330082 0.000330082
0.49467 0.50533 0.000330082 0.000330082
0.49467 0.50533 0.000330082 0.000330082
0.49467 0.50533 0.000330082 0.000330082
0.49467 0.50533 0.000330082 0.000330082
0.49467 0.50533 0.000330082 0.000330082
0.49467 0.50533 0.000330082 0.000330082
0.49467 0.50533 0.000330082 0.000330082
0.49467 0.50533 0.000330082 0.000330082
0.49467 0.50533 0.000330082 0.000330082
0.49467 0.50533 0.000330082 0.000330082
0.49467 0.50533 0.000330082 0.000330082
0.49467 0.50533 0.000330082 0.000330082
0.49467 0.50533 0.000330082 0.000330082
0.49467 0.50533 0.000330082 0.000330082
0.49467 0.50533 0.000330082 0.000330082
0.49467 0.50533 0.000330082 0.000330082
0.49467 0.50533 0.000330082 0.000330082
0.49467 0.50533 0.000330082 0.000330082
0.49467 0.50533 0.000330082 0.000330082
0.49467 0.50533 0.000330082 0.000330082
0.49467 0.50533 0.000330082 0.000330082
0.49467 0.50533 0.000330082 0.000330082
0.49467 0.50533 0.000330082 0.000330082
0.49467 0.50533 0.000330082 0.000330082
0.49467 0.50533 0.000330082 0.000330082
0.49467 0.50533 0.000330082 0.000330082
0.49467 0.50533 0.000330082 0.000330082
0.49467 0.50533 0.000330082 0.000330082
0.49467 0.50533 0.000330082 0.000330082
0.49467 0.50533 0.000330082 0.000330082
0.49467 0.50533 0.000330082 0.000330082
0.49467 0.50533 0.000330082 0.000330082
0.49467 0.50533 0.000330082 0.000330082
0.49467 0.50533 0.000330082 0.000330082
0.49467 0.50533 0.000330082 0.000330082
0.49467 0.50533 0.000330082 0.000330082
0.49467 0.50533 0.000330082 0.000330082
0.49467 0.50533 0.000330082 0.000330082
0.49467 0.50533 0.000330082 0.000330082
0.49467 0.50533 0.000330082 0.000330082
0.49467 0.50533 0.000330082 0.000330082
0.49467 0.50533 0.000330082 0.000330082
0.49467 0.50533 0.000330082 0.000330082
0.49467 0.50533 0.000330082 0.000330082
0.49467 0.50533 0.000330082 0.000330082
0.49467 0.50533 0.000330082 0.000330082
0.49467 0.50533 0.000330082 0.000330082
0.49467 0.50533 0.000330082 0.000330082
0.49467 0.50533 0.000330082 0.000330082
0.49467 0.50533 0.000330082 0.000330082
0.49467 0.50533 0.000330082 0.000330082
0.49467 0.50533 0.000330082 0.000330082
0.49467 0.50533 0.000330082 0.000330082
0.49467 0.50533 0.000330082 0.000330082
0.49467 0.50533 0.000330082 0.000330082
0.49467 0.50533 0.000330082 0.000330082
0.49467 0.50533 0.000330082 0.000330082
0.49467 0.50533 0.000330082 0.000330082
0.49467 0.50533 0.000330082 0.000330082
0.49467 0.50533 0.000330082 0.000330082
0.49467 0.50533 0.000330082 0.000330082
0.49467 0.50533 0.000330082 0.000330082
0.49467 0.50533 0.000330082 0.000330082
0.49467 0.50533 0.000330082 0.000330082
0.49467 0.50533 0.000330082 0.000330082
0.49467 0.50533 0.000330082 0.000330082
0.49467 0.50533 0.000330082 0.000330082
0.49467 0.50533 0.000330082 0.000330082
0.49467 0.50533 0.000330082 0.000330082
0.49467 0.50533 0.000330082 0.000330082
0.49467 0.50533 0.000330082 0.000330082
0.49467 0.50533 0.000330082 0.000330082
0.49467 0.50533 0.000330082 0.000330082
0.49467 0.50533 0.000330082 0.000330082
0.49467 0.50533 0.000330082 0.000330082
0.49467 0.50533 0.000330082 0.000330082
0.49467 0.50533 0.000330082 0.000330082
0.49467 0.50533 0.000330082 0.000330082
0.49467 0.50533 0.000330082 0.000330082
0.49467 0.50533 0.000330082 0.000330082
0.49467 0.50533 0.000330082 0.000330082
0.49467 0.50533 0.000330082 0.000330082
0.49467 0.50533 0.000330082 0.000330082
0.49467 0.50533 0.000330082 0.000330082
0.49467 0.50533 0.000330082 0.000330082
0.49467 0.50533 0.000330082 0.000330082
0.49467 0.50533 0.000330082 0.000330082
0.49467 0.50533 0.000330082 0.000330082
0.49467 0.50533 0.000330082 0.000330082
0.49467 0.50533 0.000330082 0.000330082
0.49467 0.50533 0.000330082 0.000330082
0.49467 0.50533 0.000330082 0.000330082
0.49467 0.50533 0.000330082 0.000330082
0.49467 0.50533 0.000330082 0.000330082
0.49467 0.50533 0.000330082 0.000330082
0.49467 0.50533 0.000330082 0.000330082
0.49467 0.50533 0.000330082 0.000330082
0.49467 0.50533 0.000330082 0.000330082
0.49467 0.50533 0.000330082 0.000330082
0.49467 0.50533 0.000330082 0.000330082
0.49467 0.50533 0.000330082 0.000330082
0.49467 0.50533 0.000330082 0.000330082
0.49467 0.50533 0.000330082 0.000330082
0.49467 0.50533 0.000330082 0.000330082
0.49467 0.50533 0.000330082 0.000330082
0.49467 0.50533 0.000330082 0.000330082
0.49467 0.50533 0.000330082 0.000330082
0.49467 0.50533 0.000330082 0.000330082
0.49467 0.50533 0.000330082 0.000330082
0.49467 0.50533 0.000330082 0.000330082
0.49467 0.50533 0.000330082 0.000330082
0.49467 0.50533 0.000330082 0.000330082
0.49467 0.50533 0.000330082 0.000330082
0.49467 0.50533 0.000330082 0.000330082
0.49467 0.50533 0.000330082 0.000330082
0.49467 0.50533 0.000330082 0.000330082
0.49467 0.50533 0.000330082 0.000330082
0.49467 0.50533 0.000330082 0.000330082
0.49467 0.50533 0.000330082 0.000330082
0.49467 0.50533 0.000330082 0.000330082
0.49467 0.50533 0.000330082 0.000330082
0.49467 0.50533 0.000330082 0.000330082
0.49467 0.50533 0.000330082 0.000330082
0.49467 0.50533 0.000330082 0.000330082
0.49467 0.50533 0.000330082 0.000330082
0.49467 0.50533 0.000330082 0.000330082
0.49467 0.50533 0.000330082 0.000330082
0.49467 0.50533 0.000330082 0.000330082
0.49467 0.50533 0.000330082 0.000330082
0.49467 0.50533 0.000330082 0.000330082
0.49467 0.50533 0.000330082 0.000330082
0.49467 0.50533 0.000330082 0.000330082
0.49467 0.50533 0.000330082 0.000330082
0.49467 0.50533 0.000330082 0.000330082
0.49467 0.50533 0.000330082 0.000330082
0.49467 0.50533 0.000330082 0.000330082
0.49467 0.50533 0.000330082 0.000330082
0.49467 0.50533 0.000330082 0.000330082
0.49467 0.50533 0.000330082 0.000330082
0.49467 0.50533 0.000330082 0.000330082
0.49467 0.50533 0.000330082 0.000330082
0.49467 0.50533 0.000330082 0.000330082
0.49467 0.50533 0.000330082 0.000330082
0.49467 0.50533 0.000330082 0.000330082
0.49467 0.50533 0.000330082 0.000330082
0.49467 0.50533 0.000330082 0.000330082
0.49467 0.50533 0.000330082 0.000330082
0.49467 0.50533 0.000330082 0.000330082
0.49467 0.50533 0.000330082 0.000330082
0.49467 0.50533 0.000330082 0.000330082
0.49467 0.50533 0.000330082 0.000330082
0.49467 0.50533 0.000330082 0.000330082
0.49467 0.50533 0.000330082 0.000330082
0.49467 0.50533 0.000330082 0.000330082
0.49467 0.50533 0.000330082 0.000330082
0.49467 0.50533 0.000330082 0.000330082
0.49467 0.50533 0.000330082 0.000330082
0.49467 0.50533 0.000330082 0.000330082
0.49467 0.50533 0.000330082 0.000330082
0.49467 0.50533 0.000330082 0.000330082
0.49467 0.50533 0.000330082 0.000330082
0.49467 0.50533 0.000330082 0.000330082
0.49467 0.50533 0.000330082 0.000330082
0.49467 0.50533 0.000330082 0.000330082
0.49467 0.50533 0.000330082 0.000330082
0.49467 0.50533 0.000330082 0.000330082
0.49467 0.50533 0.000330082 0.000330082
0.49467 0.50533 0.000330082 0.000330082
0.49467 0.50533 0.000330082 0.000330082
0.49467 0.50533 0.000330082 0.000330082
0.49467 0.50533 0.000330082 0.000330082
0.49467 0.50533 0.000330082 0.000330082
0.49467 0.50533 0.000330082 0.000330082
0.49467 0.50533 0.000330082 0.000330082
0.49467 0.50533 0.000330082 0.000330082
0.49467 0.50533 0.000330082 0.000330082
0.49467 0.50533 0.000330082 0.000330082
0.49467 0.50533 0.000330082 0.000330082
0.49467 0.50533 0.000330082 0.000330082
0.49467 0.50533 0.000330082 0.000330082
0.49467 0.50533 0.000330082 0.000330082
0.49467 0.50533 0.000330082 0.000330082
0.49467 0.50533 0.000330082 0.000330082
0.49467 0.50533 0.000330082 0.000330082
0.49467 0.50533 0.000330082 0.000330082
0.49467 0.50533 0.000330082 0.000330082
0.49467 0.50533 0.000330082 0.000330082
0.49467 0.50533 0.000330082 0.000330082
0.49467 0.50533 0.000330082 0.000330082
0.49467 0.50533 0.000330082 0.000330082
0.49467 0.50533 0.000330082 0.000330082
0.49467 0.50533 0.000330082 0.000330082
0.49467 0.50533 0.000330082 0.000330082
0.49467 0.50533 0.000330082 0.000330082
0.49467 0.50533 0.000330082 0.000330082
0.49467 0.50533 0.000330082 0.000330082
0.49467 0.50533 0.000330082 0.000330082
0.49467 0.50533 0.000330082 0.000330082
0.49467 0.50533 0.000330082 0.000330082
0.49467 0.50533 0.000330082 0.000330082
0.49467 0.50533 0.000330082 0.000330082
0.49467 0.50533 0.000330082 0.000330082
0.49467 0.50533 0.000330082 0.000330082
0.49467 0.50533 0.000330082 0.000330082
0.49467 0.50533 0.000330082 0.000330082
0.49467 0.50533 0.000330082 0.000330082
0.49467 0.50533 0.000330082 0.000330082
0.49467 0.50533 0.000330082 0.000330082
0.49467 0.50533 0.000330082 0.000330082
0.49467 0.50533 0.000330082 0.000330082
0.49467 0.50533 0.000330082 0.000330082
0.49467 0.50533 0.000330082 0.000330082
0.49467 0.50533 0.000330082 0.000330082
0.49467 0.50533 0.000330082 0.000330082
0.49467 0.50533 0.000330082 0.000330082
0.49467 0.50533 0.000330082 0.000330082
0.49467 0.50533 0.000330082 0.000330082
0.49467 0.50533 0.000330082 0.000330082
0.49467 0.50533 0.000330082 0.000330082
0.49467 0.50533 0.000330082 0.000330082
0.49467 0.50533 0.000330082 0.000330082
0.49467 0.50533 0.000330082 0.000330082
0.49467 0.50533 0.000330082 0.000330082
0.49467 0.50533 0.000330082 0.000330082
0.49467 0.50533 0.000330082 0.000330082
0.49467 0.50533 0.000330082 0.000330082
0.49467 0.50533 0.000330082 0.000330082
0.49467 0.50533 0.000330082 0.000330082
0.49467 0.50533 0.000330082 0.000330082
0.49467 0.50533 0.000330082 0.000330082
0.49467 0.50533 0.000330082 0.000330082
0.49467 0.50533 0.000330082 0.000330082
0.49467 0.50533 0.000330082 0.000330082
0.49467 0.50533 0.000330082 0.000330082
0.49467 0.50533 0.000330082 0.000330082
0.49467 0.50533 0.000330082 0.000330082
0.49467 0.50533 0.000330082 0.000330082
0.49467 0.50533 0.000330082 0.000330082
0.49467 0.50533 0.000330082 0.000330082
0.49467 0.50533 0.000330082 0.000330082
0.49467 0.50533 0.000330082 0.000330082
0.49467 0.50533 0.000330082 0.000330082
0.49467 0.50533 0.000330082 0.000330082
0.49467 0.50533 0.000330082 0.000330082
0.49467 0.50533 0.000330082 0.000330082
0.49467 0.50533 0.000330082 0.000330082
0.49467 0.50533 0.000330082 0.000330082
0.49467 0.50533 0.000330082 0.000330082
0.49467 0.50533 0.000330082 0.000330082
0.49467 0.50533 0.000330082 0.000330082
0.49467 0.50533 0.000330082 0.000330082
0.49467 0.50533 0.000330082 0.000330082
0.49467 0.50533 0.000330082 0.000330082
0.49467 0.50533 0.000330082 0.000330082
0.49467 0.50533 0.000330082 0.000330082
0.49467 0.50533 0.000330082 0.000330082
0.49467 0.50533 0.000330082 0.000330082
0.49467 0.50533 0.000330082 0.000330082
0.49467 0.50533 0.000330082 0.000330082
0.49467 0.50533 0.000330082 0.000330082
0.49467 0.50533 0.000330082 0.000330082
0.49467 0.50533 0.000330082 0.000330082
0.49467 0.50533 0.000330082 0.000330082
0.49467 0.50533 0.000330082 0.000330082
0.49467 0.50533 0.000330082 0.000330082
0.49467 0.50533 0.000330082 0.000330082
0.49467 0.50533 0.000330082 0.000330082
0.49467 0.50533 0.000330082 0.000330082
0.49467 0.50533 0.000330082 0.000330082
0.49467 0.50533 0.000330082 0.000330082
0.49467 0.50533 0.000330082 0.000330082
0.49467 0.50533 0.000330082 0.000330082
0.49467 0.50533 0.000330082 0.000330082
0.49467 0.50533 0.000330082 0.000330082
0.49467 0.50533 0.000330082 0.000330082
0.49467 0.50533 0.000330082 0.000330082
0.49467 0.50533 0.000330082 0.000330082
0.49467 0.50533 0.000330082 0.000330082
0.49467 0.50533 0.000330082 0.000330082
0.49467 0.50533 0.000330082 0.000330082
0.49467 0.50533 0.000330082 0.000330082
0.49467 0.50533 0.000330082 0.000330082
0.49467 0.50533 0.000330082 0.000330082
0.49467 0.50533 0.000330082 0.000330082
0.49467 0.50533 0.000330082 0.000330082
0.49467 0.50533 0.000330082 0.000330082
0.49467 0.50533 0.000330082 0.000330082
0.49467 0.50533 0.000330082 0.000330082
0.49467 0.50533 0.000330082 0.000330082
0.49467 0.50533 0.000330082 0.000330082
0.49467 0.50533 0.000330082 0.000330082
0.49467 0.50533 0.000330082 0.000330082
0.49467 0.50533 0.000330082 0.000330082
0.49467 0.50533 0.000330082 0.000330082
