0.5024 0.4976 0.000315192 0.000315192
0.50563 0.49437 0.00117927 0.00117927
0.50615 0.49385 0.00242211 0.00242211
0.50876 0.49124 0.00367877 0.00367877
0.51116 0.48884 0.00502943 0.00502943
0.51278 0.48722 0.00666046 0.00666046
0.51427 0.48573 0.00831575 0.00831575
0.51648 0.48352 0.00983587 0.00983587
0.51784 0.48216 0.0112486 0.0112486
0.51851 0.48149 0.0128057 0.0128057
0.51953 0.48047 0.0141973 0.0141973
0.52028 0.47972 0.0153568 0.0153568
0.52125 0.47875 0.0166276 0.0166276
0.52172 0.47828 0.0178138 0.0178138
0.52231 0.47769 0.0188556 0.0188556
0.52378 0.47622 0.019606 0.019606
0.52489 0.47511 0.0204419 0.0204419
0.52467 0.47533 0.0212529 0.0212529
0.52495 0.47505 0.0219063 0.0219063
0.52525 0.47475 0.022593 0.022593
0.52587 0.47413 0.0232953 0.0232953
0.5262 0.4738 0.023901 0.023901
0.52645 0.47355 0.0244823 0.0244823
0.52678 0.47322 0.0250305 0.0250305
0.5269 0.4731 0.0255112 0.0255112
0.52724 0.47276 0.0259459 0.0259459
0.52757 0.47243 0.0262643 0.0262643
0.52807 0.47193 0.026538 0.026538
0.52801 0.47199 0.0267661 0.0267661
0.52827 0.47173 0.0270833 0.0270833
0.52854 0.47146 0.0272885 0.0272885
0.5289 0.4711 0.0275674 0.0275674
0.52899 0.47101 0.0278253 0.0278253
0.52894 0.47106 0.028041 0.028041
0.52911 0.47089 0.0282585 0.0282585
0.529 0.471 0.0283857 0.0283857
0.5292 0.4708 0.0284869 0.0284869
0.52914 0.47086 0.0285954 0.0285954
0.5292 0.4708 0.0286225 0.0286225
0.5293 0.4707 0.0286793 0.0286793
0.52942 0.47058 0.0288085 0.0288085
0.52957 0.47043 0.0288907 0.0288907
0.52974 0.47026 0.0290094 0.0290094
0.5299 0.4701 0.0291146 0.0291146
0.53009 0.46991 0.0292195 0.0292195
0.5301 0.4699 0.0292986 0.0292986
0.53016 0.46984 0.0293628 0.0293628
0.53018 0.46982 0.0294332 0.0294332
0.53034 0.46966 0.0294794 0.0294794
0.53036 0.46964 0.0295368 0.0295368
0.53042 0.46958 0.0295711 0.0295711
0.53046 0.46954 0.0296245 0.0296245
0.5305 0.4695 0.0296728 0.0296728
0.53048 0.46952 0.0297191 0.0297191
0.53039 0.46961 0.029758 0.029758
0.53036 0.46964 0.0298006 0.0298006
0.53048 0.46952 0.0298459 0.0298459
0.53044 0.46956 0.0298741 0.0298741
0.53038 0.46962 0.0299269 0.0299269
0.53037 0.46963 0.0299455 0.0299455
0.5304 0.4696 0.0299963 0.0299963
0.53043 0.46957 0.0300268 0.0300268
0.53031 0.46969 0.0300764 0.0300764
0.53053 0.46947 0.0301064 0.0301064
0.53058 0.46942 0.0301402 0.0301402
0.53057 0.46943 0.0301639 0.0301639
0.53058 0.46942 0.0302043 0.0302043
0.53051 0.46949 0.0302218 0.0302218
0.53049 0.46951 0.0302357 0.0302357
0.53046 0.46954 0.0302689 0.0302689
0.53049 0.46951 0.0302778 0.0302778
0.53055 0.46945 0.0303108 0.0303108
0.53055 0.46945 0.0303316 0.0303316
0.53052 0.46948 0.0303644 0.0303644
0.53053 0.46947 0.0303861 0.0303861
0.53062 0.46938 0.0303971 0.0303971
0.53061 0.46939 0.0304265 0.0304265
0.53064 0.46936 0.0304889 0.0304889
0.53058 0.46942 0.0304984 0.0304984
0.53053 0.46947 0.0305183 0.0305183
0.53042 0.46958 0.0305481 0.0305481
0.53049 0.46951 0.0305634 0.0305634
0.53045 0.46955 0.0305813 0.0305813
0.5305 0.4695 0.0305802 0.0305802
0.53057 0.46943 0.0306068 0.0306068
0.53059 0.46941 0.0306555 0.0306555
0.53061 0.46939 0.0306689 0.0306689
0.53056 0.46944 0.0307109 0.0307109
0.53048 0.46952 0.0307377 0.0307377
0.53047 0.46953 0.0307627 0.0307627
0.5305 0.4695 0.0307679 0.0307679
0.53063 0.46937 0.0307813 0.0307813
0.5307 0.4693 0.0308113 0.0308113
0.53073 0.46927 0.0308329 0.0308329
0.53072 0.46928 0.0308389 0.0308389
0.53071 0.46929 0.0308704 0.0308704
0.53075 0.46925 0.0308721 0.0308721
0.53074 0.46926 0.030905 0.030905
0.53074 0.46926 0.0309317 0.0309317
0.53078 0.46922 0.0309475 0.0309475
0.5308 0.4692 0.0309522 0.0309522
0.53086 0.46914 0.0309812 0.0309812
0.53093 0.46907 0.0309818 0.0309818
0.53085 0.46915 0.0310046 0.0310046
0.53079 0.46921 0.0310494 0.0310494
0.53084 0.46916 0.0310414 0.0310414
0.53098 0.46902 0.0310615 0.0310615
0.53105 0.46895 0.0310841 0.0310841
0.53103 0.46897 0.0310966 0.0310966
0.53099 0.46901 0.0311047 0.0311047
0.53098 0.46902 0.0311315 0.0311315
0.53099 0.46901 0.0311318 0.0311318
0.53103 0.46897 0.0311713 0.0311713
0.53102 0.46898 0.0311863 0.0311863
0.53107 0.46893 0.0312179 0.0312179
0.5311 0.4689 0.0312127 0.0312127
0.53109 0.46891 0.0312386 0.0312386
0.53116 0.46884 0.0312212 0.0312212
0.53115 0.46885 0.0312311 0.0312311
0.53106 0.46894 0.0312701 0.0312701
0.53104 0.46896 0.0312786 0.0312786
0.53108 0.46892 0.0313039 0.0313039
0.53116 0.46884 0.0312996 0.0312996
0.53117 0.46883 0.0313049 0.0313049
0.53122 0.46878 0.0313159 0.0313159
0.53119 0.46881 0.0313464 0.0313464
0.53113 0.46887 0.031375 0.031375
0.53113 0.46887 0.0313908 0.0313908
0.53111 0.46889 0.0314218 0.0314218
0.53111 0.46889 0.031436 0.031436
0.53112 0.46888 0.0314549 0.0314549
0.53112 0.46888 0.0314727 0.0314727
0.53115 0.46885 0.0314572 0.0314572
0.53114 0.46886 0.0314587 0.0314587
0.53124 0.46876 0.0314852 0.0314852
0.53128 0.46872 0.03149 0.03149
0.53127 0.46873 0.0314927 0.0314927
0.5313 0.4687 0.0314951 0.0314951
0.53133 0.46867 0.0314894 0.0314894
0.53134 0.46866 0.0314968 0.0314968
0.53137 0.46863 0.0314936 0.0314936
0.53139 0.46861 0.0315089 0.0315089
0.5314 0.4686 0.0315071 0.0315071
0.53137 0.46863 0.0315275 0.0315275
0.53135 0.46865 0.0315417 0.0315417
0.53143 0.46857 0.0315402 0.0315402
0.53141 0.46859 0.0315523 0.0315523
0.53141 0.46859 0.03157 0.03157
0.53145 0.46855 0.0316052 0.0316052
0.53141 0.46859 0.0316158 0.0316158
0.53144 0.46856 0.03164 0.03164
0.53143 0.46857 0.031648 0.031648
0.53141 0.46859 0.0316439 0.0316439
0.53146 0.46854 0.0316566 0.0316566
0.53147 0.46853 0.0316664 0.0316664
0.53148 0.46852 0.0316632 0.0316632
0.53149 0.46851 0.0316694 0.0316694
0.53148 0.46852 0.0316737 0.0316737
0.53147 0.46853 0.0316866 0.0316866
0.53147 0.46853 0.0316916 0.0316916
0.53146 0.46854 0.031709 0.031709
0.53145 0.46855 0.0317253 0.0317253
0.53152 0.46848 0.0317441 0.0317441
0.5315 0.4685 0.031755 0.031755
0.53144 0.46856 0.0317555 0.0317555
0.53142 0.46858 0.0317523 0.0317523
0.53142 0.46858 0.0317494 0.0317494
0.53137 0.46863 0.0317601 0.0317601
0.53139 0.46861 0.0317569 0.0317569
0.53136 0.46864 0.0317654 0.0317654
0.53133 0.46867 0.0317633 0.0317633
0.53128 0.46872 0.0317886 0.0317886
0.5312 0.4688 0.0318306 0.0318306
0.5312 0.4688 0.0318449 0.0318449
0.53121 0.46879 0.0318278 0.0318278
0.53119 0.46881 0.0318395 0.0318395
0.53113 0.46887 0.0318384 0.0318384
0.53113 0.46887 0.0318387 0.0318387
0.53115 0.46885 0.0318431 0.0318431
0.53119 0.46881 0.0318426 0.0318426
0.5312 0.4688 0.0318641 0.0318641
0.5312 0.4688 0.0318502 0.0318502
0.53121 0.46879 0.0318644 0.0318644
0.53126 0.46874 0.0318717 0.0318717
0.53125 0.46875 0.0319017 0.0319017
0.53127 0.46873 0.0319081 0.0319081
0.5313 0.4687 0.0319084 0.0319084
0.53127 0.46873 0.0319309 0.0319309
0.53128 0.46872 0.0319501 0.0319501
0.53128 0.46872 0.0319463 0.0319463
0.53124 0.46876 0.0319461 0.0319461
0.53123 0.46877 0.0319571 0.0319571
0.5312 0.4688 0.0319605 0.0319605
0.53121 0.46879 0.031965 0.031965
0.53118 0.46882 0.0319816 0.0319816
0.53118 0.46882 0.0319799 0.0319799
0.53118 0.46882 0.0319819 0.0319819
0.5312 0.4688 0.0319958 0.0319958
0.53121 0.46879 0.032001 0.032001
0.53117 0.46883 0.0320089 0.0320089
0.53114 0.46886 0.0320244 0.0320244
0.53115 0.46885 0.0320345 0.0320345
0.53114 0.46886 0.0320384 0.0320384
0.53115 0.46885 0.0320428 0.0320428
0.53115 0.46885 0.0320489 0.0320489
0.53113 0.46887 0.032079 0.032079
0.53117 0.46883 0.032069 0.032069
0.53122 0.46878 0.0320818 0.0320818
0.53118 0.46882 0.0320926 0.0320926
0.53115 0.46885 0.0320934 0.0320934
0.53117 0.46883 0.0320912 0.0320912
0.5312 0.4688 0.0320857 0.0320857
0.53115 0.46885 0.0320925 0.0320925
0.53114 0.46886 0.0321069 0.0321069
0.53112 0.46888 0.0321162 0.0321162
0.53113 0.46887 0.0321193 0.0321193
0.53115 0.46885 0.0321087 0.0321087
0.53118 0.46882 0.0321126 0.0321126
0.53117 0.46883 0.0321253 0.0321253
0.53111 0.46889 0.0321361 0.0321361
0.53111 0.46889 0.0321388 0.0321388
0.53104 0.46896 0.032165 0.032165
0.53102 0.46898 0.0321658 0.0321658
0.53103 0.46897 0.0321629 0.0321629
0.53108 0.46892 0.0321631 0.0321631
0.53103 0.46897 0.0321884 0.0321884
0.531 0.469 0.0321919 0.0321919
0.531 0.469 0.0321891 0.0321891
0.53099 0.46901 0.032191 0.032191
0.53099 0.46901 0.0321971 0.0321971
0.53095 0.46905 0.032219 0.032219
0.53097 0.46903 0.0322323 0.0322323
0.53096 0.46904 0.0322399 0.0322399
0.5309 0.4691 0.0322507 0.0322507
0.53091 0.46909 0.0322532 0.0322532
0.53092 0.46908 0.0322697 0.0322697
0.53091 0.46909 0.032268 0.032268
0.53091 0.46909 0.0322773 0.0322773
0.53091 0.46909 0.0322814 0.0322814
0.53087 0.46913 0.032293 0.032293
0.53087 0.46913 0.0322983 0.0322983
0.53084 0.46916 0.0323033 0.0323033
0.53081 0.46919 0.0323126 0.0323126
0.5308 0.4692 0.0323167 0.0323167
0.5308 0.4692 0.0323209 0.0323209
0.5308 0.4692 0.0323409 0.0323409
0.53075 0.46925 0.0323427 0.0323427
0.53072 0.46928 0.032339 0.032339
0.53069 0.46931 0.0323485 0.0323485
0.53063 0.46937 0.0323458 0.0323458
0.53065 0.46935 0.0323232 0.0323232
0.53065 0.46935 0.0323272 0.0323272
0.53062 0.46938 0.032331 0.032331
0.53061 0.46939 0.0323415 0.0323415
0.53063 0.46937 0.0323441 0.0323441
0.53062 0.46938 0.0323421 0.0323421
0.53063 0.46937 0.0323416 0.0323416
0.53066 0.46934 0.0323518 0.0323518
0.53064 0.46936 0.0323551 0.0323551
0.53062 0.46938 0.0323622 0.0323622
0.53057 0.46943 0.032377 0.032377
0.53053 0.46947 0.0323856 0.0323856
0.53053 0.46947 0.0323856 0.0323856
0.53052 0.46948 0.0323863 0.0323863
0.53049 0.46951 0.0324003 0.0324003
0.5305 0.4695 0.0323824 0.0323824
0.53049 0.46951 0.0323972 0.0323972
0.53049 0.46951 0.0323952 0.0323952
0.53047 0.46953 0.0323896 0.0323896
0.53046 0.46954 0.0323974 0.0323974
0.53045 0.46955 0.032392 0.032392
0.53049 0.46951 0.0323915 0.0323915
0.53048 0.46952 0.0323919 0.0323919
0.53045 0.46955 0.0323909 0.0323909
0.53046 0.46954 0.0323801 0.0323801
0.53045 0.46955 0.0323767 0.0323767
0.53046 0.46954 0.0323759 0.0323759
0.53043 0.46957 0.0323879 0.0323879
0.53037 0.46963 0.0324055 0.0324055
0.53035 0.46965 0.0324087 0.0324087
0.53033 0.46967 0.03241 0.03241
0.5303 0.4697 0.0324151 0.0324151
0.53024 0.46976 0.0324213 0.0324213
0.53024 0.46976 0.0324213 0.0324213
0.53023 0.46977 0.0324235 0.0324235
0.53022 0.46978 0.032422 0.032422
0.5302 0.4698 0.0324171 0.0324171
0.53019 0.46981 0.0324257 0.0324257
0.53019 0.46981 0.0324254 0.0324254
0.5302 0.4698 0.0324207 0.0324207
0.53018 0.46982 0.03243 0.03243
0.53021 0.46979 0.0324298 0.0324298
0.53019 0.46981 0.0324308 0.0324308
0.53017 0.46983 0.032434 0.032434
0.53017 0.46983 0.0324418 0.0324418
0.53016 0.46984 0.0324444 0.0324444
0.53014 0.46986 0.0324396 0.0324396
0.53013 0.46987 0.0324443 0.0324443
0.53014 0.46986 0.0324416 0.0324416
0.53012 0.46988 0.0324384 0.0324384
0.53015 0.46985 0.0324345 0.0324345
0.53018 0.46982 0.0324387 0.0324387
0.53016 0.46984 0.03245 0.03245
0.5302 0.4698 0.0324516 0.0324516
0.5302 0.4698 0.0324556 0.0324556
0.53019 0.46981 0.0324684 0.0324684
0.5302 0.4698 0.0324778 0.0324778
0.53023 0.46977 0.032476 0.032476
0.53025 0.46975 0.0324768 0.0324768
0.53026 0.46974 0.0324721 0.0324721
0.53025 0.46975 0.0324768 0.0324768
0.5302 0.4698 0.0324795 0.0324795
0.53018 0.46982 0.0324962 0.0324962
0.53017 0.46983 0.0325092 0.0325092
0.53016 0.46984 0.0325057 0.0325057
0.53015 0.46985 0.0324919 0.0324919
0.53014 0.46986 0.0324885 0.0324885
0.53015 0.46985 0.0324902 0.0324902
0.53017 0.46983 0.032491 0.032491
0.53016 0.46984 0.0324895 0.0324895
0.53016 0.46984 0.0324895 0.0324895
0.53018 0.46982 0.0324782 0.0324782
0.53017 0.46983 0.0324788 0.0324788
0.53013 0.46987 0.0324791 0.0324791
0.53014 0.46986 0.0324745 0.0324745
0.53011 0.46989 0.0324702 0.0324702
0.53009 0.46991 0.0324628 0.0324628
0.53006 0.46994 0.0324622 0.0324622
0.53009 0.46991 0.0324503 0.0324503
0.53009 0.46991 0.0324503 0.0324503
0.53009 0.46991 0.0324501 0.0324501
0.53011 0.46989 0.032457 0.032457
0.5301 0.4699 0.0324534 0.0324534
0.53011 0.46989 0.0324509 0.0324509
0.53009 0.46991 0.0324562 0.0324562
0.53008 0.46992 0.0324427 0.0324427
0.53008 0.46992 0.0324508 0.0324508
0.5301 0.4699 0.0324516 0.0324516
0.53008 0.46992 0.0324547 0.0324547
0.53009 0.46991 0.0324522 0.0324522
0.53009 0.46991 0.0324563 0.0324563
0.53009 0.46991 0.0324522 0.0324522
0.53006 0.46994 0.0324479 0.0324479
0.53006 0.46994 0.0324479 0.0324479
0.53009 0.46991 0.0324502 0.0324502
0.53011 0.46989 0.032457 0.032457
0.53012 0.46988 0.0324602 0.0324602
0.5301 0.4699 0.0324694 0.0324694
0.5301 0.4699 0.0324735 0.0324735
0.53013 0.46987 0.0324616 0.0324616
0.53013 0.46987 0.0324676 0.0324676
0.53012 0.46988 0.0324641 0.0324641
0.53012 0.46988 0.0324662 0.0324662
0.53013 0.46987 0.0324696 0.0324696
0.53014 0.46986 0.0324669 0.0324669
0.53013 0.46987 0.0324635 0.0324635
0.53014 0.46986 0.0324548 0.0324548
0.53014 0.46986 0.0324548 0.0324548
0.53015 0.46985 0.0324502 0.0324502
0.53013 0.46987 0.0324495 0.0324495
0.53014 0.46986 0.0324448 0.0324448
0.53013 0.46987 0.0324475 0.0324475
0.53011 0.46989 0.0324406 0.0324406
0.53008 0.46992 0.0324384 0.0324384
0.53009 0.46991 0.0324377 0.0324377
0.53007 0.46993 0.0324369 0.0324369
0.53007 0.46993 0.0324369 0.0324369
0.53007 0.46993 0.0324248 0.0324248
0.53006 0.46994 0.0324234 0.0324234
0.53005 0.46995 0.0324259 0.0324259
0.53002 0.46998 0.0324196 0.0324196
0.53004 0.46996 0.0324204 0.0324204
0.53003 0.46997 0.0324331 0.0324331
0.53005 0.46995 0.032436 0.032436
0.53005 0.46995 0.032436 0.032436
0.53006 0.46994 0.0324374 0.0324374
0.53008 0.46992 0.0324321 0.0324321
0.53009 0.46991 0.0324315 0.0324315
0.53009 0.46991 0.0324315 0.0324315
0.53009 0.46991 0.0324315 0.0324315
0.53007 0.46993 0.0324328 0.0324328
0.53006 0.46994 0.0324334 0.0324334
0.53005 0.46995 0.0324381 0.0324381
0.53001 0.46999 0.0324486 0.0324486
0.53002 0.46998 0.03245 0.03245
0.53002 0.46998 0.032454 0.032454
0.53003 0.46997 0.0324534 0.0324534
0.53003 0.46997 0.0324534 0.0324534
0.53002 0.46998 0.032452 0.032452
0.53003 0.46997 0.0324574 0.0324574
0.53001 0.46999 0.0324606 0.0324606
0.53002 0.46998 0.0324742 0.0324742
0.53003 0.46997 0.0324756 0.0324756
0.52999 0.47001 0.0324739 0.0324739
0.53 0.47 0.0324733 0.0324733
0.52999 0.47001 0.032478 0.032478
0.52999 0.47001 0.032478 0.032478
0.53001 0.46999 0.0324707 0.0324707
0.53003 0.46997 0.0324776 0.0324776
0.53002 0.46998 0.0324721 0.0324721
0.53002 0.46998 0.0324721 0.0324721
0.53001 0.46999 0.0324767 0.0324767
0.53002 0.46998 0.032464 0.032464
0.53006 0.46994 0.0324616 0.0324616
0.53008 0.46992 0.0324584 0.0324584
0.5301 0.4699 0.0324551 0.0324551
0.53009 0.46991 0.0324558 0.0324558
0.53008 0.46992 0.0324544 0.0324544
0.53005 0.46995 0.032442 0.032442
0.53006 0.46994 0.0324455 0.0324455
0.53006 0.46994 0.0324455 0.0324455
0.53004 0.46996 0.0324547 0.0324547
0.53003 0.46997 0.0324533 0.0324533
0.53003 0.46997 0.0324533 0.0324533
0.53003 0.46997 0.0324513 0.0324513
0.53005 0.46995 0.0324581 0.0324581
0.53002 0.46998 0.032458 0.032458
0.53002 0.46998 0.032458 0.032458
0.53005 0.46995 0.0324582 0.0324582
0.53006 0.46994 0.0324557 0.0324557
0.53009 0.46991 0.0324579 0.0324579
0.53012 0.46988 0.0324601 0.0324601
0.53008 0.46992 0.0324625 0.0324625
0.53007 0.46993 0.0324772 0.0324772
0.53008 0.46992 0.0324746 0.0324746
0.53009 0.46991 0.032474 0.032474
0.53009 0.46991 0.03247 0.03247
0.53008 0.46992 0.0324665 0.0324665
0.53008 0.46992 0.0324746 0.0324746
0.53008 0.46992 0.0324827 0.0324827
0.53007 0.46993 0.0324873 0.0324873
0.53009 0.46991 0.0324901 0.0324901
0.5301 0.4699 0.0324895 0.0324895
0.53011 0.46989 0.032489 0.032489
0.53011 0.46989 0.0324869 0.0324869
0.53008 0.46992 0.0324826 0.0324826
0.53005 0.46995 0.0324804 0.0324804
0.53007 0.46993 0.0324852 0.0324852
0.53007 0.46993 0.0324852 0.0324852
0.53007 0.46993 0.0324852 0.0324852
0.53008 0.46992 0.0324766 0.0324766
0.53008 0.46992 0.0324766 0.0324766
0.53007 0.46993 0.0324772 0.0324772
0.53007 0.46993 0.0324752 0.0324752
0.53006 0.46994 0.0324697 0.0324697
0.53002 0.46998 0.0324762 0.0324762
0.52999 0.47001 0.0324739 0.0324739
0.52998 0.47002 0.0324745 0.0324745
0.52999 0.47001 0.0324719 0.0324719
0.53 0.47 0.0324632 0.0324632
0.52998 0.47002 0.0324644 0.0324644
0.52999 0.47001 0.0324699 0.0324699
0.53 0.47 0.0324713 0.0324713
0.52998 0.47002 0.0324765 0.0324765
0.52996 0.47004 0.0324676 0.0324676
0.52996 0.47004 0.0324656 0.0324656
0.52997 0.47003 0.032467 0.032467
0.52995 0.47005 0.0324561 0.0324561
0.52995 0.47005 0.0324501 0.0324501
0.52994 0.47006 0.0324467 0.0324467
0.52995 0.47005 0.0324461 0.0324461
0.52994 0.47006 0.0324507 0.0324507
0.52995 0.47005 0.0324521 0.0324521
0.52995 0.47005 0.0324622 0.0324622
0.52994 0.47006 0.0324649 0.0324649
0.52993 0.47007 0.0324675 0.0324675
0.52994 0.47006 0.0324648 0.0324648
0.52994 0.47006 0.0324668 0.0324668
0.52997 0.47003 0.032465 0.032465
0.53 0.47 0.0324551 0.0324551
0.52997 0.47003 0.0324529 0.0324529
0.52996 0.47004 0.0324495 0.0324495
0.52996 0.47004 0.0324536 0.0324536
0.53 0.47 0.0324431 0.0324431
0.53 0.47 0.032443 0.032443
0.52999 0.47001 0.0324477 0.0324477
0.52998 0.47002 0.0324463 0.0324463
0.52998 0.47002 0.0324443 0.0324443
0.53 0.47 0.032445 0.032445
0.53001 0.46999 0.0324363 0.0324363
0.53002 0.46998 0.0324337 0.0324337
0.53002 0.46998 0.0324337 0.0324337
0.53004 0.46996 0.0324345 0.0324345
0.53005 0.46995 0.0324298 0.0324298
0.53005 0.46995 0.0324298 0.0324298
0.53004 0.46996 0.0324325 0.0324325
0.53002 0.46998 0.0324499 0.0324499
0.53002 0.46998 0.0324499 0.0324499
0.53001 0.46999 0.0324606 0.0324606
0.53003 0.46997 0.0324553 0.0324553
0.53003 0.46997 0.0324633 0.0324633
0.53001 0.46999 0.0324605 0.0324605
0.52998 0.47002 0.0324623 0.0324623
0.52999 0.47001 0.0324597 0.0324597
0.52998 0.47002 0.0324684 0.0324684
0.53 0.47 0.0324732 0.0324732
0.52998 0.47002 0.0324684 0.0324684
0.52994 0.47006 0.0324809 0.0324809
0.52997 0.47003 0.0324852 0.0324852
0.52999 0.47001 0.0324799 0.0324799
