0.65538 0.34462 0.00504424 0.00504424
0.65592 0.34408 0.00433361 0.00433361
0.65556 0.34444 0.00403782 0.00403782
0.65653 0.34347 0.00368445 0.00368445
0.65586 0.34414 0.00367622 0.00367622
0.65677 0.34323 0.00354788 0.00354788
0.65738 0.34262 0.00349117 0.00349117
0.65872 0.34128 0.00345455 0.00345455
0.66042 0.33958 0.00333748 0.00333748
0.65921 0.34079 0.00333306 0.00333306
0.66061 0.33939 0.0032346 0.0032346
0.66137 0.33863 0.00329579 0.00329579
0.6616 0.3384 0.00322467 0.00322467
0.66167 0.33833 0.00316521 0.00316521
0.66247 0.33753 0.00312237 0.00312237
0.66354 0.33646 0.00321375 0.00321375
0.66406 0.33594 0.00316066 0.00316066
0.6648 0.3352 0.00317198 0.00317198
0.66354 0.33646 0.00329051 0.00329051
0.66356 0.33644 0.00321698 0.00321698
0.66422 0.33578 0.00312464 0.00312464
0.66492 0.33508 0.00312721 0.00312721
0.66495 0.33505 0.0031215 0.0031215
0.66482 0.33518 0.00322649 0.00322649
0.66534 0.33466 0.00320249 0.00320249
0.66457 0.33543 0.00323358 0.00323358
0.6652 0.3348 0.0032538 0.0032538
0.66473 0.33527 0.00322194 0.00322194
0.6648 0.3352 0.00319287 0.00319287
0.66555 0.33445 0.00321861 0.00321861
0.66611 0.33389 0.00322111 0.00322111
0.66546 0.33454 0.0031633 0.0031633
0.66517 0.33483 0.00314216 0.00314216
0.66459 0.33541 0.00323699 0.00323699
0.66486 0.33514 0.0031357 0.0031357
0.66641 0.33359 0.00318449 0.00318449
0.66642 0.33358 0.0031413 0.0031413
0.66618 0.33382 0.00304914 0.00304914
0.66618 0.33382 0.00306271 0.00306271
0.666 0.334 0.00305289 0.00305289
0.66652 0.33348 0.00309318 0.00309318
0.66685 0.33315 0.0030876 0.0030876
0.66635 0.33365 0.00307441 0.00307441
0.66653 0.33347 0.00311356 0.00311356
0.66549 0.33451 0.00329007 0.00329007
0.66582 0.33418 0.00332179 0.00332179
0.66675 0.33325 0.00329265 0.00329265
0.66781 0.33219 0.00320232 0.00320232
0.66703 0.33297 0.00319217 0.00319217
0.6669 0.3331 0.00318751 0.00318751
0.66824 0.33176 0.00319879 0.00319879
0.66759 0.33241 0.00316562 0.00316562
0.66649 0.33351 0.00310698 0.00310698
0.66609 0.33391 0.00308281 0.00308281
0.66583 0.33417 0.00303659 0.00303659
0.66667 0.33333 0.00300495 0.00300495
0.66606 0.33394 0.00305588 0.00305588
0.66642 0.33358 0.00310382 0.00310382
0.66718 0.33282 0.00312267 0.00312267
0.66752 0.33248 0.00313789 0.00313789
0.6681 0.3319 0.00310686 0.00310686
0.66839 0.33161 0.00310634 0.00310634
0.66781 0.33219 0.00319775 0.00319775
0.66809 0.33191 0.0030739 0.0030739
0.66733 0.33267 0.00309756 0.00309756
0.66765 0.33235 0.00318023 0.00318023
0.66709 0.33291 0.00315582 0.00315582
0.66608 0.33392 0.00316351 0.00316351
0.66505 0.33495 0.00319837 0.00319837
0.66478 0.33522 0.00316118 0.00316118
0.66461 0.33539 0.00308854 0.00308854
0.66429 0.33571 0.00313358 0.00313358
0.66364 0.33636 0.00321662 0.00321662
0.6643 0.3357 0.0032513 0.0032513
0.66491 0.33509 0.00334384 0.00334384
0.66492 0.33508 0.00344527 0.00344527
0.66555 0.33445 0.00327886 0.00327886
0.66464 0.33536 0.00318981 0.00318981
0.6658 0.3342 0.00329509 0.00329509
0.66553 0.33447 0.00324714 0.00324714
0.66591 0.33409 0.00333481 0.00333481
0.66596 0.33404 0.0032305 0.0032305
0.66489 0.33511 0.00327739 0.00327739
0.6656 0.3344 0.00316935 0.00316935
0.66532 0.33468 0.00331163 0.00331163
0.6638 0.3362 0.00342733 0.00342733
0.66438 0.33562 0.00335886 0.00335886
0.66473 0.33527 0.00335929 0.00335929
0.66469 0.33531 0.00340939 0.00340939
0.6648 0.3352 0.0034184 0.0034184
0.66529 0.33471 0.00346489 0.00346489
0.66458 0.33542 0.00347463 0.00347463
0.66449 0.33551 0.00339563 0.00339563
0.66415 0.33585 0.00344841 0.00344841
0.66393 0.33607 0.00337021 0.00337021
0.66511 0.33489 0.00337776 0.00337776
0.665 0.335 0.00341651 0.00341651
0.66582 0.33418 0.00346548 0.00346548
0.66637 0.33363 0.00333807 0.00333807
0.66649 0.33351 0.00340185 0.00340185
0.66575 0.33425 0.00323772 0.00323772
0.66658 0.33342 0.0031974 0.0031974
0.66807 0.33193 0.00305801 0.00305801
0.6685 0.3315 0.00304936 0.00304936
0.667 0.333 0.00300063 0.00300063
0.66791 0.33209 0.00295077 0.00295077
0.66768 0.33232 0.00308917 0.00308917
0.66801 0.33199 0.00309567 0.00309567
0.66922 0.33078 0.0032127 0.0032127
0.66888 0.33112 0.00313485 0.00313485
0.66784 0.33216 0.00318458 0.00318458
0.66794 0.33206 0.00313891 0.00313891
0.66815 0.33185 0.00320617 0.00320617
0.6682 0.3318 0.00311899 0.00311899
0.66744 0.33256 0.00313271 0.00313271
0.66709 0.33291 0.00314313 0.00314313
0.66745 0.33255 0.00298112 0.00298112
0.66706 0.33294 0.00305315 0.00305315
0.66654 0.33346 0.00305896 0.00305896
0.66755 0.33245 0.00299849 0.00299849
0.66803 0.33197 0.00299904 0.00299904
0.66811 0.33189 0.00301685 0.00301685
0.66809 0.33191 0.0031074 0.0031074
0.66808 0.33192 0.00321686 0.00321686
0.66737 0.33263 0.00309836 0.00309836
0.66606 0.33394 0.00324581 0.00324581
0.66615 0.33385 0.00323035 0.00323035
0.66667 0.33333 0.00327952 0.00327952
0.66787 0.33213 0.00335171 0.00335171
0.66647 0.33353 0.00338837 0.00338837
0.66701 0.33299 0.00342724 0.00342724
0.66686 0.33314 0.00343372 0.00343372
0.66761 0.33239 0.00351483 0.00351483
0.66829 0.33171 0.00355847 0.00355847
0.66773 0.33227 0.00361254 0.00361254
0.66628 0.33372 0.00356901 0.00356901
0.66531 0.33469 0.00364963 0.00364963
0.66458 0.33542 0.00347861 0.00347861
0.66457 0.33543 0.00356384 0.00356384
0.66557 0.33443 0.00346627 0.00346627
0.66535 0.33465 0.00338706 0.00338706
0.66487 0.33513 0.00338312 0.00338312
0.66371 0.33629 0.00339289 0.00339289
0.66393 0.33607 0.00337007 0.00337007
0.6649 0.3351 0.00320039 0.00320039
0.66391 0.33609 0.00328255 0.00328255
0.6638 0.3362 0.00325889 0.00325889
0.66335 0.33665 0.00328581 0.00328581
0.66399 0.33601 0.00325908 0.00325908
0.66506 0.33494 0.00321977 0.00321977
0.66514 0.33486 0.00315491 0.00315491
0.66491 0.33509 0.00318513 0.00318513
0.66565 0.33435 0.00317084 0.00317084
0.66535 0.33465 0.00313326 0.00313326
0.66428 0.33572 0.00312451 0.00312451
0.66386 0.33614 0.00312002 0.00312002
0.66301 0.33699 0.00309155 0.00309155
0.66454 0.33546 0.00313993 0.00313993
0.66408 0.33592 0.00304137 0.00304137
0.66475 0.33525 0.00301067 0.00301067
0.66501 0.33499 0.00320142 0.00320142
0.66498 0.33502 0.00323406 0.00323406
0.66529 0.33471 0.00323368 0.00323368
0.66415 0.33585 0.00320185 0.00320185
0.66428 0.33572 0.00324822 0.00324822
0.66501 0.33499 0.00317229 0.00317229
0.6654 0.3346 0.00339333 0.00339333
0.66516 0.33484 0.00335763 0.00335763
0.66597 0.33403 0.00335958 0.00335958
0.66477 0.33523 0.00330656 0.00330656
0.66608 0.33392 0.00331339 0.00331339
0.66596 0.33404 0.003414 0.003414
0.6651 0.3349 0.00344595 0.00344595
0.66476 0.33524 0.00350754 0.00350754
0.66515 0.33485 0.00355201 0.00355201
0.66569 0.33431 0.00352363 0.00352363
0.66595 0.33405 0.0034291 0.0034291
0.66576 0.33424 0.00345275 0.00345275
0.66574 0.33426 0.00337464 0.00337464
0.66555 0.33445 0.00333908 0.00333908
0.66688 0.33312 0.00323607 0.00323607
0.66632 0.33368 0.00323899 0.00323899
0.66627 0.33373 0.00322887 0.00322887
0.66605 0.33395 0.00327457 0.00327457
0.66518 0.33482 0.00335296 0.00335296
0.66456 0.33544 0.00339512 0.00339512
0.66521 0.33479 0.003453 0.003453
0.6641 0.3359 0.00355898 0.00355898
0.66556 0.33444 0.00352518 0.00352518
0.66563 0.33437 0.00356161 0.00356161
0.66548 0.33452 0.00343736 0.00343736
0.66541 0.33459 0.0034617 0.0034617
0.66493 0.33507 0.00332603 0.00332603
0.66345 0.33655 0.00332374 0.00332374
0.66359 0.33641 0.00330408 0.00330408
0.66408 0.33592 0.00332104 0.00332104
0.66318 0.33682 0.0033317 0.0033317
0.66294 0.33706 0.00330844 0.00330844
0.66349 0.33651 0.00331456 0.00331456
0.66403 0.33597 0.00321653 0.00321653
0.66429 0.33571 0.00330168 0.00330168
0.6637 0.3363 0.00322849 0.00322849
0.66336 0.33664 0.003201 0.003201
0.66356 0.33644 0.00344116 0.00344116
0.66291 0.33709 0.00360788 0.00360788
0.6627 0.3373 0.00368652 0.00368652
0.6631 0.3369 0.00356252 0.00356252
0.66216 0.33784 0.00366383 0.00366383
0.66162 0.33838 0.00354391 0.00354391
0.66109 0.33891 0.0034181 0.0034181
0.66043 0.33957 0.00344409 0.00344409
0.66022 0.33978 0.00345361 0.00345361
0.66061 0.33939 0.00333715 0.00333715
0.66049 0.33951 0.00340262 0.00340262
0.66253 0.33747 0.00336692 0.00336692
0.66098 0.33902 0.00338822 0.00338822
0.66256 0.33744 0.00336144 0.00336144
0.66325 0.33675 0.00326734 0.00326734
0.66366 0.33634 0.00316903 0.00316903
0.66355 0.33645 0.00327011 0.00327011
0.66318 0.33682 0.0032614 0.0032614
0.66338 0.33662 0.00329345 0.00329345
0.66315 0.33685 0.00326936 0.00326936
0.6635 0.3365 0.00336654 0.00336654
0.66391 0.33609 0.00328782 0.00328782
0.66439 0.33561 0.00322868 0.00322868
0.66485 0.33515 0.00325904 0.00325904
0.66465 0.33535 0.00318734 0.00318734
0.66532 0.33468 0.00330406 0.00330406
0.66433 0.33567 0.00330618 0.00330618
0.66451 0.33549 0.00329688 0.00329688
0.66489 0.33511 0.00336873 0.00336873
0.66519 0.33481 0.00336771 0.00336771
0.66431 0.33569 0.00320919 0.00320919
0.66415 0.33585 0.00326508 0.00326508
0.6635 0.3365 0.00337688 0.00337688
0.66392 0.33608 0.0034905 0.0034905
0.66314 0.33686 0.00351523 0.00351523
0.66368 0.33632 0.00350802 0.00350802
0.66307 0.33693 0.00356766 0.00356766
0.66285 0.33715 0.00350647 0.00350647
0.66244 0.33756 0.0036209 0.0036209
0.66191 0.33809 0.00365501 0.00365501
0.66213 0.33787 0.00358605 0.00358605
0.66221 0.33779 0.00366156 0.00366156
0.66269 0.33731 0.00369506 0.00369506
0.6627 0.3373 0.00359876 0.00359876
0.66362 0.33638 0.00355585 0.00355585
0.66341 0.33659 0.00359424 0.00359424
0.66355 0.33645 0.00344552 0.00344552
0.66414 0.33586 0.00351901 0.00351901
0.66316 0.33684 0.00345137 0.00345137
0.66357 0.33643 0.00346497 0.00346497
0.66404 0.33596 0.00355963 0.00355963
0.66447 0.33553 0.00370229 0.00370229
0.66397 0.33603 0.0036869 0.0036869
0.66375 0.33625 0.00380423 0.00380423
0.66345 0.33655 0.00386886 0.00386886
0.66295 0.33705 0.0038694 0.0038694
0.66401 0.33599 0.00383314 0.00383314
0.66396 0.33604 0.0037841 0.0037841
0.66423 0.33577 0.00370161 0.00370161
0.66397 0.33603 0.00367055 0.00367055
0.66249 0.33751 0.00360322 0.00360322
0.66346 0.33654 0.0035187 0.0035187
0.66284 0.33716 0.00357565 0.00357565
0.66233 0.33767 0.00372744 0.00372744
0.66192 0.33808 0.00372347 0.00372347
0.66145 0.33855 0.00374257 0.00374257
0.66193 0.33807 0.00384635 0.00384635
0.6628 0.3372 0.0037841 0.0037841
0.66261 0.33739 0.00365075 0.00365075
0.66351 0.33649 0.00364819 0.00364819
0.66308 0.33692 0.00363917 0.00363917
0.66282 0.33718 0.00360189 0.00360189
0.66212 0.33788 0.00370376 0.00370376
0.66199 0.33801 0.00368371 0.00368371
0.66277 0.33723 0.00374196 0.00374196
0.66261 0.33739 0.00382022 0.00382022
0.66302 0.33698 0.00378297 0.00378297
0.66256 0.33744 0.00378077 0.00378077
0.66276 0.33724 0.00360247 0.00360247
0.66416 0.33584 0.0034704 0.0034704
0.6645 0.3355 0.0034412 0.0034412
0.66418 0.33582 0.00344764 0.00344764
0.66435 0.33565 0.00345199 0.00345199
0.66418 0.33582 0.00345813 0.00345813
0.66376 0.33624 0.00349027 0.00349027
0.66482 0.33518 0.00344078 0.00344078
0.66502 0.33498 0.00346867 0.00346867
0.66563 0.33437 0.00364323 0.00364323
0.66639 0.33361 0.00373721 0.00373721
0.66642 0.33358 0.00387281 0.00387281
0.66592 0.33408 0.00391779 0.00391779
0.665 0.335 0.00398 0.00398
0.66439 0.33561 0.00397279 0.00397279
0.66436 0.33564 0.00381591 0.00381591
0.66372 0.33628 0.00376111 0.00376111
0.66371 0.33629 0.00372061 0.00372061
0.66371 0.33629 0.00373613 0.00373613
0.66482 0.33518 0.00359544 0.00359544
0.66506 0.33494 0.0036382 0.0036382
0.66586 0.33414 0.00369141 0.00369141
0.66602 0.33398 0.00374202 0.00374202
0.66595 0.33405 0.00365308 0.00365308
0.66541 0.33459 0.00361402 0.00361402
0.66424 0.33576 0.00354568 0.00354568
0.66395 0.33605 0.00350354 0.00350354
0.66463 0.33537 0.0035742 0.0035742
0.66453 0.33547 0.0037387 0.0037387
0.66539 0.33461 0.00394315 0.00394315
0.665 0.335 0.00399226 0.00399226
0.66559 0.33441 0.00399321 0.00399321
0.66411 0.33589 0.00402297 0.00402297
0.66412 0.33588 0.00390748 0.00390748
0.66437 0.33563 0.00394266 0.00394266
0.66442 0.33558 0.00396437 0.00396437
0.66443 0.33557 0.00404635 0.00404635
0.66507 0.33493 0.00394005 0.00394005
0.66481 0.33519 0.004007 0.004007
0.66566 0.33434 0.00389059 0.00389059
0.66572 0.33428 0.0039322 0.0039322
0.6651 0.3349 0.00377892 0.00377892
0.66474 0.33526 0.00379601 0.00379601
0.66461 0.33539 0.00368666 0.00368666
0.66447 0.33553 0.00356918 0.00356918
0.6642 0.3358 0.0036204 0.0036204
0.66467 0.33533 0.00367873 0.00367873
0.66416 0.33584 0.00372993 0.00372993
0.66513 0.33487 0.00373569 0.00373569
0.66601 0.33399 0.00389084 0.00389084
0.66436 0.33564 0.00377965 0.00377965
0.66475 0.33525 0.00383799 0.00383799
0.66452 0.33548 0.003863 0.003863
0.66347 0.33653 0.00380866 0.00380866
0.66322 0.33678 0.00368064 0.00368064
0.66363 0.33637 0.00364888 0.00364888
0.66423 0.33577 0.00363139 0.00363139
0.66493 0.33507 0.00349459 0.00349459
0.66506 0.33494 0.00344541 0.00344541
0.66501 0.33499 0.00347771 0.00347771
0.66471 0.33529 0.00341423 0.00341423
0.66572 0.33428 0.00336624 0.00336624
0.6645 0.3355 0.00346504 0.00346504
0.66388 0.33612 0.00342595 0.00342595
0.66391 0.33609 0.00346273 0.00346273
0.66336 0.33664 0.00348086 0.00348086
0.66464 0.33536 0.00351136 0.00351136
0.66415 0.33585 0.00353296 0.00353296
0.66415 0.33585 0.00362166 0.00362166
0.66488 0.33512 0.00367524 0.00367524
0.66417 0.33583 0.00371247 0.00371247
0.66478 0.33522 0.00367777 0.00367777
0.66504 0.33496 0.00379129 0.00379129
0.66475 0.33525 0.00383219 0.00383219
0.66535 0.33465 0.00381471 0.00381471
0.66481 0.33519 0.00382809 0.00382809
0.66497 0.33503 0.00374651 0.00374651
0.66408 0.33592 0.00390355 0.00390355
0.66351 0.33649 0.00389078 0.00389078
0.66441 0.33559 0.00373721 0.00373721
0.66494 0.33506 0.00381264 0.00381264
0.66561 0.33439 0.00369083 0.00369083
0.66521 0.33479 0.00373722 0.00373722
0.66511 0.33489 0.00351228 0.00351228
0.66505 0.33495 0.00363633 0.00363633
0.66505 0.33495 0.00344368 0.00344368
0.6657 0.3343 0.00345698 0.00345698
0.66586 0.33414 0.00360182 0.00360182
0.66569 0.33431 0.00356733 0.00356733
0.66615 0.33385 0.0036091 0.0036091
0.66581 0.33419 0.00349032 0.00349032
0.66678 0.33322 0.0034926 0.0034926
0.66678 0.33322 0.00355284 0.00355284
0.66759 0.33241 0.00362806 0.00362806
0.66758 0.33242 0.0036859 0.0036859
0.66776 0.33224 0.00357182 0.00357182
0.66788 0.33212 0.00351469 0.00351469
0.66765 0.33235 0.00343587 0.00343587
0.66722 0.33278 0.00330973 0.00330973
0.66762 0.33238 0.00326339 0.00326339
0.66727 0.33273 0.00331994 0.00331994
0.66707 0.33293 0.00328748 0.00328748
0.66738 0.33262 0.00343006 0.00343006
0.66829 0.33171 0.00341843 0.00341843
0.6679 0.3321 0.00339551 0.00339551
0.66791 0.33209 0.00338845 0.00338845
0.66776 0.33224 0.00341909 0.00341909
0.66757 0.33243 0.00350831 0.00350831
0.66709 0.33291 0.0034743 0.0034743
0.6673 0.3327 0.00355464 0.00355464
0.66737 0.33263 0.00349226 0.00349226
0.66788 0.33212 0.00352447 0.00352447
0.66706 0.33294 0.00370335 0.00370335
0.66772 0.33228 0.00373851 0.00373851
0.66806 0.33194 0.003668 0.003668
0.66771 0.33229 0.00362952 0.00362952
0.6682 0.3318 0.00371778 0.00371778
0.66775 0.33225 0.00375073 0.00375073
0.6676 0.3324 0.00371279 0.00371279
0.66772 0.33228 0.00371483 0.00371483
0.66812 0.33188 0.00364881 0.00364881
0.66796 0.33204 0.00377317 0.00377317
0.66837 0.33163 0.00372862 0.00372862
0.66881 0.33119 0.00379424 0.00379424
0.66844 0.33156 0.00377738 0.00377738
0.66769 0.33231 0.0037782 0.0037782
0.66767 0.33233 0.00377125 0.00377125
0.66796 0.33204 0.00380792 0.00380792
0.6673 0.3327 0.00379843 0.00379843
0.6672 0.3328 0.00378871 0.00378871
0.66671 0.33329 0.00390974 0.00390974
0.66669 0.33331 0.00388167 0.00388167
0.66678 0.33322 0.00408791 0.00408791
0.66667 0.33333 0.00402253 0.00402253
0.66771 0.33229 0.00393845 0.00393845
0.66789 0.33211 0.00396885 0.00396885
0.66856 0.33144 0.00397522 0.00397522
0.66777 0.33223 0.00403377 0.00403377
0.66765 0.33235 0.00399748 0.00399748
0.66802 0.33198 0.00400133 0.00400133
0.66827 0.33173 0.00371769 0.00371769
0.66831 0.33169 0.00373387 0.00373387
0.66675 0.33325 0.00382902 0.00382902
0.667 0.333 0.00370507 0.00370507
0.66796 0.33204 0.0037439 0.0037439
0.66844 0.33156 0.00376336 0.00376336
0.66795 0.33205 0.00371407 0.00371407
0.66834 0.33166 0.0039114 0.0039114
0.66921 0.33079 0.00406023 0.00406023
0.66948 0.33052 0.00399171 0.00399171
0.66933 0.33067 0.00402079 0.00402079
0.66858 0.33142 0.00414596 0.00414596
0.66844 0.33156 0.00405821 0.00405821
0.66877 0.33123 0.00414123 0.00414123
0.66871 0.33129 0.0039271 0.0039271
0.66833 0.33167 0.00398742 0.00398742
0.66867 0.33133 0.00398099 0.00398099
0.66883 0.33117 0.0040458 0.0040458
0.6686 0.3314 0.00404032 0.00404032
0.66783 0.33217 0.00409978 0.00409978
0.66886 0.33114 0.00412671 0.00412671
0.66758 0.33242 0.0040979 0.0040979
0.66767 0.33233 0.00401517 0.00401517
0.66765 0.33235 0.00417393 0.00417393
0.66853 0.33147 0.00418405 0.00418405
0.66884 0.33116 0.0041686 0.0041686
0.66864 0.33136 0.00429466 0.00429466
0.66764 0.33236 0.0044807 0.0044807
0.66827 0.33173 0.00418899 0.00418899
0.66715 0.33285 0.00420136 0.00420136
0.66555 0.33445 0.00420645 0.00420645
0.66541 0.33459 0.00417671 0.00417671
0.66571 0.33429 0.00410889 0.00410889
0.66642 0.33358 0.00419913 0.00419913
0.66643 0.33357 0.00425881 0.00425881
0.66577 0.33423 0.00440248 0.00440248
0.66642 0.33358 0.00434576 0.00434576
0.66672 0.33328 0.00441768 0.00441768
0.66698 0.33302 0.00441329 0.00441329
0.66756 0.33244 0.00442201 0.00442201
0.66819 0.33181 0.00433601 0.00433601
0.66747 0.33253 0.00432183 0.00432183
0.66794 0.33206 0.00433442 0.00433442
0.66864 0.33136 0.00432831 0.00432831
0.66861 0.33139 0.00430741 0.00430741
0.66873 0.33127 0.00418921 0.00418921
0.66832 0.33168 0.00428606 0.00428606
0.66905 0.33095 0.00429078 0.00429078
0.66918 0.33082 0.00438635 0.00438635
0.66774 0.33226 0.00434197 0.00434197
0.66817 0.33183 0.00428871 0.00428871
0.66766 0.33234 0.00431079 0.00431079
0.66675 0.33325 0.00426977 0.00426977
0.66675 0.33325 0.00428855 0.00428855
0.66678 0.33322 0.00433563 0.00433563
0.66634 0.33366 0.00423756 0.00423756
0.6662 0.3338 0.00421491 0.00421491
0.66628 0.33372 0.00423148 0.00423148
0.66729 0.33271 0.00418397 0.00418397
0.66678 0.33322 0.0041304 0.0041304
0.66662 0.33338 0.00416907 0.00416907
0.66657 0.33343 0.00403815 0.00403815
0.66766 0.33234 0.00392419 0.00392419
0.66759 0.33241 0.00391382 0.00391382
0.66794 0.33206 0.00399588 0.00399588
0.66687 0.33313 0.00411834 0.00411834
0.66754 0.33246 0.00417821 0.00417821
0.66813 0.33187 0.00414644 0.00414644
0.66827 0.33173 0.00416998 0.00416998
0.66774 0.33226 0.00416074 0.00416074
0.66704 0.33296 0.00409141 0.00409141
0.66787 0.33213 0.00407876 0.00407876
0.66779 0.33221 0.00401726 0.00401726
0.66801 0.33199 0.00402405 0.00402405
0.66744 0.33256 0.0040914 0.0040914
0.66696 0.33304 0.0041206 0.0041206
0.66659 0.33341 0.00422907 0.00422907
0.66622 0.33378 0.00421357 0.00421357
0.66574 0.33426 0.00425769 0.00425769
