0.49152 0.50848 0.00238007 0.00238007
0.49145 0.50855 0.00206496 0.00206496
0.49127 0.50873 0.00202866 0.00202866
0.49253 0.50747 0.00188918 0.00188918
0.49269 0.50731 0.00187391 0.00187391
0.49222 0.50778 0.00181623 0.00181623
0.49352 0.50648 0.00192155 0.00192155
0.49216 0.50784 0.00190927 0.00190927
0.4925 0.5075 0.00196791 0.00196791
0.49303 0.50697 0.00201617 0.00201617
0.49318 0.50682 0.00201445 0.00201445
0.49218 0.50782 0.00214037 0.00214037
0.49161 0.50839 0.00213066 0.00213066
0.49075 0.50925 0.00214579 0.00214579
0.49 0.51 0.00217143 0.00217143
0.49012 0.50988 0.00221091 0.00221091
0.49043 0.50957 0.00226849 0.00226849
0.4912 0.5088 0.00223119 0.00223119
0.49166 0.50834 0.00220025 0.00220025
0.49114 0.50886 0.00221307 0.00221307
0.49125 0.50875 0.00222263 0.00222263
0.49066 0.50934 0.00225716 0.00225716
0.49174 0.50826 0.00225769 0.00225769
0.49111 0.50889 0.00236149 0.00236149
0.49081 0.50919 0.00243731 0.00243731
0.49216 0.50784 0.00237717 0.00237717
0.49291 0.50709 0.00255414 0.00255414
0.4932 0.5068 0.0026122 0.0026122
0.49254 0.50746 0.00269158 0.00269158
0.49303 0.50697 0.00259639 0.00259639
0.49258 0.50742 0.00269505 0.00269505
0.49249 0.50751 0.00264385 0.00264385
0.49204 0.50796 0.00266374 0.00266374
0.49195 0.50805 0.00270221 0.00270221
0.49194 0.50806 0.00276357 0.00276357
0.49214 0.50786 0.00262931 0.00262931
0.49182 0.50818 0.00267651 0.00267651
0.49171 0.50829 0.00267645 0.00267645
0.49182 0.50818 0.00263678 0.00263678
0.49155 0.50845 0.00254839 0.00254839
0.49166 0.50834 0.0024236 0.0024236
0.49277 0.50723 0.00250408 0.00250408
0.49165 0.50835 0.00244989 0.00244989
0.4922 0.5078 0.00254909 0.00254909
0.49201 0.50799 0.00255936 0.00255936
0.49166 0.50834 0.00265522 0.00265522
0.49146 0.50854 0.00263851 0.00263851
0.49189 0.50811 0.00265232 0.00265232
0.49247 0.50753 0.00251589 0.00251589
0.49225 0.50775 0.00256368 0.00256368
0.49299 0.50701 0.00254308 0.00254308
0.4923 0.5077 0.00247223 0.00247223
0.49165 0.50835 0.00236738 0.00236738
0.49086 0.50914 0.00235335 0.00235335
0.49103 0.50897 0.00244274 0.00244274
0.49035 0.50965 0.00249833 0.00249833
0.49103 0.50897 0.00246427 0.00246427
0.48966 0.51034 0.00244679 0.00244679
0.49059 0.50941 0.00246843 0.00246843
0.49161 0.50839 0.00255329 0.00255329
0.49147 0.50853 0.00252399 0.00252399
0.49104 0.50896 0.00251317 0.00251317
0.49039 0.50961 0.00254216 0.00254216
0.48926 0.51074 0.00239775 0.00239775
0.49019 0.50981 0.00237686 0.00237686
0.48954 0.51046 0.00240722 0.00240722
0.48936 0.51064 0.00251569 0.00251569
0.48979 0.51021 0.00247679 0.00247679
0.49083 0.50917 0.0024842 0.0024842
0.4908 0.5092 0.00254416 0.00254416
0.49094 0.50906 0.00255951 0.00255951
0.49139 0.50861 0.00248897 0.00248897
0.49188 0.50812 0.0023673 0.0023673
0.49233 0.50767 0.00228319 0.00228319
0.49134 0.50866 0.00236526 0.00236526
0.49056 0.50944 0.0023855 0.0023855
0.49103 0.50897 0.00229696 0.00229696
0.49158 0.50842 0.00246667 0.00246667
0.49081 0.50919 0.00251727 0.00251727
0.49123 0.50877 0.00244032 0.00244032
0.49098 0.50902 0.00243719 0.00243719
0.49019 0.50981 0.00235735 0.00235735
0.48915 0.51085 0.00229148 0.00229148
0.4886 0.5114 0.00223311 0.00223311
0.48886 0.51114 0.00221505 0.00221505
0.48896 0.51104 0.00230129 0.00230129
0.48847 0.51153 0.00228148 0.00228148
0.48867 0.51133 0.00239554 0.00239554
0.48792 0.51208 0.00233638 0.00233638
0.48705 0.51295 0.00235512 0.00235512
0.48689 0.51311 0.00235246 0.00235246
0.4883 0.5117 0.00235819 0.00235819
0.48913 0.51087 0.0024842 0.0024842
0.4903 0.5097 0.00248516 0.00248516
0.49113 0.50887 0.00251213 0.00251213
0.49165 0.50835 0.00251126 0.00251126
0.49155 0.50845 0.00256144 0.00256144
0.49189 0.50811 0.00252208 0.00252208
0.49228 0.50772 0.00245711 0.00245711
0.49158 0.50842 0.00239186 0.00239186
0.49046 0.50954 0.00246797 0.00246797
0.49037 0.50963 0.0024706 0.0024706
0.49098 0.50902 0.00244784 0.00244784
0.49073 0.50927 0.00246141 0.00246141
0.48986 0.51014 0.00243838 0.00243838
0.48932 0.51068 0.00254424 0.00254424
0.48887 0.51113 0.00252791 0.00252791
0.48951 0.51049 0.00245609 0.00245609
0.48899 0.51101 0.00240435 0.00240435
0.48872 0.51128 0.00237053 0.00237053
0.48968 0.51032 0.00244238 0.00244238
0.48921 0.51079 0.00242837 0.00242837
0.48895 0.51105 0.00241415 0.00241415
0.4894 0.5106 0.00251349 0.00251349
0.4902 0.5098 0.00250283 0.00250283
0.49051 0.50949 0.00259569 0.00259569
0.48879 0.51121 0.00263089 0.00263089
0.48892 0.51108 0.0025929 0.0025929
0.48917 0.51083 0.00255247 0.00255247
0.48947 0.51053 0.00257354 0.00257354
0.48935 0.51065 0.00258261 0.00258261
0.49041 0.50959 0.00272132 0.00272132
0.48922 0.51078 0.00265696 0.00265696
0.48924 0.51076 0.00281754 0.00281754
0.49054 0.50946 0.00282132 0.00282132
0.48991 0.51009 0.00272758 0.00272758
0.48977 0.51023 0.00269058 0.00269058
0.48974 0.51026 0.00268329 0.00268329
0.48932 0.51068 0.00265299 0.00265299
0.48953 0.51047 0.00257956 0.00257956
0.489 0.511 0.00257483 0.00257483
0.48988 0.51012 0.00266461 0.00266461
0.48913 0.51087 0.00277977 0.00277977
0.489 0.511 0.00258891 0.00258891
0.48936 0.51064 0.00260648 0.00260648
0.48931 0.51069 0.00270363 0.00270363
0.48996 0.51004 0.00272079 0.00272079
0.49079 0.50921 0.00281435 0.00281435
0.49066 0.50934 0.00277489 0.00277489
0.49119 0.50881 0.00279838 0.00279838
0.49042 0.50958 0.00267047 0.00267047
0.49107 0.50893 0.0028134 0.0028134
0.491 0.509 0.0028016 0.0028016
0.48958 0.51042 0.00272354 0.00272354
0.4899 0.5101 0.00271957 0.00271957
0.49102 0.50898 0.0027322 0.0027322
0.49213 0.50787 0.00275052 0.00275052
0.49237 0.50763 0.00269666 0.00269666
0.4925 0.5075 0.00274243 0.00274243
0.49198 0.50802 0.00283638 0.00283638
0.49241 0.50759 0.00280859 0.00280859
0.49151 0.50849 0.00288276 0.00288276
0.49137 0.50863 0.00279753 0.00279753
0.49089 0.50911 0.00291721 0.00291721
0.49066 0.50934 0.00287423 0.00287423
0.49042 0.50958 0.0028759 0.0028759
0.49123 0.50877 0.00295188 0.00295188
0.49205 0.50795 0.00300989 0.00300989
0.49245 0.50755 0.00285025 0.00285025
0.49211 0.50789 0.00285192 0.00285192
0.49229 0.50771 0.0027098 0.0027098
0.49064 0.50936 0.00289983 0.00289983
0.49135 0.50865 0.00289983 0.00289983
0.49016 0.50984 0.00304573 0.00304573
0.48986 0.51014 0.00309531 0.00309531
0.48873 0.51127 0.00306377 0.00306377
0.48852 0.51148 0.00303359 0.00303359
0.48854 0.51146 0.00297993 0.00297993
0.4886 0.5114 0.0030017 0.0030017
0.48934 0.51066 0.00297697 0.00297697
0.48928 0.51072 0.00311637 0.00311637
0.48953 0.51047 0.00301752 0.00301752
0.48977 0.51023 0.00310654 0.00310654
0.48922 0.51078 0.00304518 0.00304518
0.48998 0.51002 0.00305052 0.00305052
0.48977 0.51023 0.00310155 0.00310155
0.49129 0.50871 0.00299156 0.00299156
0.48985 0.51015 0.00292059 0.00292059
0.49086 0.50914 0.00280802 0.00280802
0.49187 0.50813 0.00278506 0.00278506
0.49125 0.50875 0.0027893 0.0027893
0.49218 0.50782 0.00276162 0.00276162
0.49206 0.50794 0.00272167 0.00272167
0.49187 0.50813 0.00286318 0.00286318
0.49166 0.50834 0.00293802 0.00293802
0.49135 0.50865 0.00289843 0.00289843
0.49272 0.50728 0.0029458 0.0029458
0.49269 0.50731 0.00305573 0.00305573
0.49329 0.50671 0.00303807 0.00303807
0.49327 0.50673 0.00288763 0.00288763
0.4931 0.5069 0.00284403 0.00284403
0.49313 0.50687 0.00271799 0.00271799
0.49263 0.50737 0.00265993 0.00265993
0.49259 0.50741 0.00266576 0.00266576
0.49178 0.50822 0.00262767 0.00262767
0.49165 0.50835 0.00268746 0.00268746
0.49129 0.50871 0.00265962 0.00265962
0.49094 0.50906 0.0027567 0.0027567
0.48965 0.51035 0.00276421 0.00276421
0.4908 0.5092 0.00292531 0.00292531
0.49138 0.50862 0.00294971 0.00294971
0.4908 0.5092 0.00292907 0.00292907
0.49125 0.50875 0.00290738 0.00290738
0.49244 0.50756 0.00296231 0.00296231
0.4924 0.5076 0.00304251 0.00304251
0.49163 0.50837 0.00307632 0.00307632
0.49237 0.50763 0.0029671 0.0029671
0.49272 0.50728 0.003034 0.003034
0.49236 0.50764 0.00299989 0.00299989
0.49254 0.50746 0.00305762 0.00305762
0.49184 0.50816 0.00306654 0.00306654
0.49152 0.50848 0.00302173 0.00302173
0.49097 0.50903 0.00291274 0.00291274
0.49059 0.50941 0.00294687 0.00294687
0.4908 0.5092 0.00282105 0.00282105
0.4903 0.5097 0.00277532 0.00277532
0.48947 0.51053 0.00280684 0.00280684
0.49033 0.50967 0.00285311 0.00285311
0.49065 0.50935 0.00281433 0.00281433
0.49088 0.50912 0.00285017 0.00285017
0.49156 0.50844 0.00288073 0.00288073
0.49204 0.50796 0.00282919 0.00282919
0.49109 0.50891 0.0028701 0.0028701
0.49127 0.50873 0.00285947 0.00285947
0.49051 0.50949 0.00282443 0.00282443
0.49127 0.50873 0.00287202 0.00287202
0.49141 0.50859 0.00292204 0.00292204
0.49119 0.50881 0.00294444 0.00294444
0.49078 0.50922 0.00287522 0.00287522
0.49166 0.50834 0.00295693 0.00295693
0.49239 0.50761 0.00294297 0.00294297
0.49288 0.50712 0.00297243 0.00297243
0.4928 0.5072 0.00302586 0.00302586
0.49293 0.50707 0.00301984 0.00301984
0.49325 0.50675 0.00320051 0.00320051
0.49288 0.50712 0.0031652 0.0031652
0.49305 0.50695 0.003129 0.003129
0.49441 0.50559 0.00316596 0.00316596
0.49427 0.50573 0.00320592 0.00320592
0.49361 0.50639 0.00321378 0.00321378
0.49288 0.50712 0.00328663 0.00328663
0.49272 0.50728 0.00313447 0.00313447
0.49287 0.50713 0.00311343 0.00311343
0.49287 0.50713 0.00304468 0.00304468
0.49263 0.50737 0.00303688 0.00303688
0.49242 0.50758 0.00295966 0.00295966
0.49372 0.50628 0.00288148 0.00288148
0.49457 0.50543 0.00287304 0.00287304
0.49505 0.50495 0.00275803 0.00275803
0.49467 0.50533 0.0029001 0.0029001
0.49375 0.50625 0.00299461 0.00299461
0.49395 0.50605 0.00297294 0.00297294
0.49338 0.50662 0.00302858 0.00302858
0.49402 0.50598 0.00308715 0.00308715
0.49353 0.50647 0.00311504 0.00311504
0.49268 0.50732 0.00303521 0.00303521
0.49347 0.50653 0.00298425 0.00298425
0.49306 0.50694 0.00299087 0.00299087
0.49397 0.50603 0.0030011 0.0030011
0.49359 0.50641 0.00304695 0.00304695
0.49232 0.50768 0.00301117 0.00301117
0.49215 0.50785 0.00312043 0.00312043
0.49248 0.50752 0.00320025 0.00320025
0.49179 0.50821 0.0031253 0.0031253
0.49089 0.50911 0.00315673 0.00315673
0.4903 0.5097 0.00308647 0.00308647
0.49184 0.50816 0.00310563 0.00310563
0.4915 0.5085 0.00313256 0.00313256
0.49078 0.50922 0.00303215 0.00303215
0.4912 0.5088 0.00313137 0.00313137
0.49134 0.50866 0.00316574 0.00316574
0.49199 0.50801 0.00303039 0.00303039
0.49326 0.50674 0.0030811 0.0030811
0.49252 0.50748 0.00316546 0.00316546
0.49378 0.50622 0.00313823 0.00313823
0.49404 0.50596 0.00302315 0.00302315
0.49409 0.50591 0.00293788 0.00293788
0.49404 0.50596 0.00304763 0.00304763
0.49402 0.50598 0.00307002 0.00307002
0.49377 0.50623 0.00314527 0.00314527
0.49413 0.50587 0.0032488 0.0032488
0.49395 0.50605 0.00317112 0.00317112
0.49215 0.50785 0.00310934 0.00310934
0.49233 0.50767 0.00313428 0.00313428
0.49407 0.50593 0.00308637 0.00308637
0.49428 0.50572 0.00313738 0.00313738
0.49525 0.50475 0.00307063 0.00307063
0.49437 0.50563 0.00304682 0.00304682
0.49522 0.50478 0.00301013 0.00301013
0.49454 0.50546 0.00296332 0.00296332
0.49492 0.50508 0.00290925 0.00290925
0.49438 0.50562 0.00294171 0.00294171
0.4938 0.5062 0.00299958 0.00299958
0.49424 0.50576 0.00313125 0.00313125
0.49508 0.50492 0.00303171 0.00303171
0.49437 0.50563 0.00303908 0.00303908
0.49337 0.50663 0.00305579 0.00305579
0.49292 0.50708 0.0030749 0.0030749
0.49359 0.50641 0.00304839 0.00304839
0.49437 0.50563 0.00308458 0.00308458
0.49469 0.50531 0.00304098 0.00304098
0.49474 0.50526 0.00310228 0.00310228
0.49451 0.50549 0.00328177 0.00328177
0.49424 0.50576 0.00338285 0.00338285
0.49402 0.50598 0.00332479 0.00332479
0.49495 0.50505 0.00333799 0.00333799
0.49413 0.50587 0.00338102 0.00338102
0.49307 0.50693 0.00345867 0.00345867
0.4936 0.5064 0.00355329 0.00355329
0.49434 0.50566 0.00341677 0.00341677
0.49424 0.50576 0.00346295 0.00346295
0.49468 0.50532 0.00338287 0.00338287
0.49489 0.50511 0.00334289 0.00334289
0.49427 0.50573 0.00341737 0.00341737
0.49509 0.50491 0.00351736 0.00351736
0.4948 0.5052 0.00346762 0.00346762
0.495 0.505 0.00343174 0.00343174
0.49433 0.50567 0.00341036 0.00341036
0.49442 0.50558 0.00348247 0.00348247
0.49406 0.50594 0.00336456 0.00336456
0.49413 0.50587 0.0034051 0.0034051
0.49472 0.50528 0.00342293 0.00342293
0.49465 0.50535 0.00354728 0.00354728
0.49439 0.50561 0.00359256 0.00359256
0.49454 0.50546 0.00356425 0.00356425
0.49484 0.50516 0.00346228 0.00346228
0.49455 0.50545 0.0034173 0.0034173
0.494 0.506 0.00339683 0.00339683
0.49357 0.50643 0.00344649 0.00344649
0.49391 0.50609 0.00335178 0.00335178
0.4941 0.5059 0.00330423 0.00330423
0.49527 0.50473 0.00336377 0.00336377
0.49493 0.50507 0.00346502 0.00346502
0.49433 0.50567 0.00332606 0.00332606
0.49508 0.50492 0.00336977 0.00336977
0.49408 0.50592 0.00331848 0.00331848
0.49426 0.50574 0.00330955 0.00330955
0.49394 0.50606 0.00330147 0.00330147
0.49382 0.50618 0.00321112 0.00321112
0.49385 0.50615 0.00347601 0.00347601
0.49353 0.50647 0.00340967 0.00340967
0.49376 0.50624 0.00350406 0.00350406
0.49313 0.50687 0.00347325 0.00347325
0.4928 0.5072 0.00352002 0.00352002
0.49146 0.50854 0.00344886 0.00344886
0.4918 0.5082 0.00354404 0.00354404
0.49348 0.50652 0.00351763 0.00351763
0.4934 0.5066 0.00347459 0.00347459
0.49325 0.50675 0.00340676 0.00340676
0.49327 0.50673 0.00346588 0.00346588
0.49321 0.50679 0.00340588 0.00340588
0.49354 0.50646 0.00355039 0.00355039
0.49363 0.50637 0.00344133 0.00344133
0.49431 0.50569 0.00336908 0.00336908
0.4934 0.5066 0.00342628 0.00342628
0.49211 0.50789 0.0035262 0.0035262
0.49252 0.50748 0.00348775 0.00348775
0.49207 0.50793 0.00346344 0.00346344
0.49226 0.50774 0.00336597 0.00336597
0.49254 0.50746 0.00342601 0.00342601
0.49276 0.50724 0.00351717 0.00351717
0.49365 0.50635 0.00355156 0.00355156
0.49345 0.50655 0.00362368 0.00362368
0.49329 0.50671 0.00365031 0.00365031
0.49438 0.50562 0.00365957 0.00365957
0.49478 0.50522 0.00365882 0.00365882
0.49383 0.50617 0.00369754 0.00369754
0.49405 0.50595 0.00363185 0.00363185
0.49358 0.50642 0.00355899 0.00355899
0.49451 0.50549 0.00359407 0.00359407
0.49398 0.50602 0.00365374 0.00365374
0.49497 0.50503 0.00368678 0.00368678
0.49529 0.50471 0.00379362 0.00379362
0.49573 0.50427 0.00370965 0.00370965
0.49523 0.50477 0.00371493 0.00371493
0.49547 0.50453 0.00369857 0.00369857
0.49497 0.50503 0.00381435 0.00381435
0.49497 0.50503 0.00385662 0.00385662
0.49613 0.50387 0.00389436 0.00389436
0.49579 0.50421 0.0040012 0.0040012
0.49524 0.50476 0.00394855 0.00394855
0.49372 0.50628 0.0039161 0.0039161
0.49271 0.50729 0.00379588 0.00379588
0.49389 0.50611 0.00383927 0.00383927
0.49301 0.50699 0.00376904 0.00376904
0.49411 0.50589 0.00382157 0.00382157
0.49433 0.50567 0.00382784 0.00382784
0.49423 0.50577 0.00386725 0.00386725
0.49302 0.50698 0.00392699 0.00392699
0.49335 0.50665 0.00379017 0.00379017
0.49327 0.50673 0.00377056 0.00377056
0.49328 0.50672 0.0037198 0.0037198
0.49414 0.50586 0.00368386 0.00368386
0.49338 0.50662 0.0037482 0.0037482
0.49387 0.50613 0.00383226 0.00383226
0.49402 0.50598 0.00385283 0.00385283
0.49457 0.50543 0.00400079 0.00400079
0.49437 0.50563 0.00388351 0.00388351
0.49372 0.50628 0.00394762 0.00394762
0.49346 0.50654 0.00386367 0.00386367
0.49362 0.50638 0.0038621 0.0038621
0.49326 0.50674 0.00390312 0.00390312
0.49277 0.50723 0.00394044 0.00394044
0.49271 0.50729 0.00396417 0.00396417
0.49233 0.50767 0.00391121 0.00391121
0.49257 0.50743 0.00378352 0.00378352
0.49337 0.50663 0.00395125 0.00395125
0.49358 0.50642 0.0038761 0.0038761
0.49295 0.50705 0.00377972 0.00377972
0.49305 0.50695 0.00378076 0.00378076
0.49316 0.50684 0.00375581 0.00375581
0.49272 0.50728 0.00375946 0.00375946
0.49212 0.50788 0.00369936 0.00369936
0.49235 0.50765 0.00355748 0.00355748
0.49199 0.50801 0.00351819 0.00351819
0.49182 0.50818 0.00356473 0.00356473
0.49167 0.50833 0.00366972 0.00366972
0.49135 0.50865 0.00361265 0.00361265
0.49174 0.50826 0.00374048 0.00374048
0.49253 0.50747 0.00373116 0.00373116
0.4925 0.5075 0.00384292 0.00384292
0.49282 0.50718 0.00393966 0.00393966
0.49377 0.50623 0.00383002 0.00383002
0.49385 0.50615 0.0037252 0.0037252
0.49435 0.50565 0.00376863 0.00376863
0.49336 0.50664 0.0037709 0.0037709
0.49327 0.50673 0.00381678 0.00381678
0.49282 0.50718 0.00383362 0.00383362
0.4934 0.5066 0.00388703 0.00388703
0.49411 0.50589 0.00378913 0.00378913
0.4948 0.5052 0.003956 0.003956
0.49415 0.50585 0.00397177 0.00397177
0.49198 0.50802 0.00386127 0.00386127
0.49206 0.50794 0.00392246 0.00392246
0.49279 0.50721 0.00384841 0.00384841
0.49327 0.50673 0.00381089 0.00381089
0.49359 0.50641 0.00405962 0.00405962
0.49143 0.50857 0.00399009 0.00399009
0.49119 0.50881 0.0040211 0.0040211
0.49216 0.50784 0.00397422 0.00397422
0.4922 0.5078 0.00398176 0.00398176
0.49229 0.50771 0.00383649 0.00383649
0.49242 0.50758 0.0037376 0.0037376
0.49288 0.50712 0.00371455 0.00371455
0.49225 0.50775 0.00371189 0.00371189
0.4914 0.5086 0.0037221 0.0037221
0.49201 0.50799 0.00380157 0.00380157
0.49239 0.50761 0.00387105 0.00387105
0.49182 0.50818 0.00388803 0.00388803
0.49201 0.50799 0.00379468 0.00379468
0.49127 0.50873 0.00389674 0.00389674
0.49153 0.50847 0.00388898 0.00388898
0.49163 0.50837 0.00391195 0.00391195
0.4912 0.5088 0.00400616 0.00400616
0.49157 0.50843 0.00405144 0.00405144
0.49195 0.50805 0.00397993 0.00397993
0.49269 0.50731 0.00401931 0.00401931
0.49217 0.50783 0.00393766 0.00393766
0.49274 0.50726 0.00377979 0.00377979
0.49199 0.50801 0.00399389 0.00399389
0.49241 0.50759 0.00394994 0.00394994
0.49284 0.50716 0.00411539 0.00411539
0.4925 0.5075 0.00402011 0.00402011
0.49255 0.50745 0.0039148 0.0039148
0.4912 0.5088 0.00394899 0.00394899
0.49122 0.50878 0.00400058 0.00400058
0.49228 0.50772 0.00398822 0.00398822
0.49221 0.50779 0.00403164 0.00403164
0.49223 0.50777 0.00401626 0.00401626
0.49265 0.50735 0.00396954 0.00396954
0.49098 0.50902 0.00407153 0.00407153
0.49203 0.50797 0.00424348 0.00424348
0.49185 0.50815 0.00421463 0.00421463
0.49226 0.50774 0.00421512 0.00421512
0.49095 0.50905 0.00408572 0.00408572
0.49165 0.50835 0.0041869 0.0041869
0.4911 0.5089 0.00422914 0.00422914
0.49212 0.50788 0.00430712 0.00430712
0.49165 0.50835 0.00425605 0.00425605
0.4909 0.5091 0.00418795 0.00418795
0.49083 0.50917 0.00428206 0.00428206
0.4912 0.5088 0.00425382 0.00425382
0.49122 0.50878 0.0041544 0.0041544
0.49068 0.50932 0.00416818 0.00416818
0.49132 0.50868 0.00414248 0.00414248
0.49142 0.50858 0.00429186 0.00429186
0.49144 0.50856 0.00415294 0.00415294
0.49187 0.50813 0.00411656 0.00411656
0.49152 0.50848 0.00417441 0.00417441
0.4918 0.5082 0.00418204 0.00418204
0.49065 0.50935 0.00417835 0.00417835
0.4907 0.5093 0.00416187 0.00416187
0.49103 0.50897 0.00415284 0.00415284
0.49091 0.50909 0.00431053 0.00431053
0.49239 0.50761 0.00426739 0.00426739
0.49175 0.50825 0.00425201 0.00425201
0.49274 0.50726 0.00417147 0.00417147
0.49262 0.50738 0.00410418 0.00410418
0.4932 0.5068 0.0041043 0.0041043
0.49228 0.50772 0.00415091 0.00415091
