0.56456 0.43544 0.000306754 0.000306754
0.5773 0.4227 0.000519162 0.000519162
0.5889 0.4111 0.000730596 0.000730596
0.59889 0.40111 0.00101353 0.00101353
0.60734 0.39266 0.00132198 0.00132198
0.61539 0.38461 0.00165828 0.00165828
0.62221 0.37779 0.001961 0.001961
0.62852 0.37148 0.00224831 0.00224831
0.63401 0.36599 0.00267819 0.00267819
0.63932 0.36068 0.00285644 0.00285644
0.64336 0.35664 0.00313159 0.00313159
0.64749 0.35251 0.00343419 0.00343419
0.65172 0.34828 0.00369962 0.00369962
0.65588 0.34412 0.00397027 0.00397027
0.65966 0.34034 0.00425136 0.00425136
0.66291 0.33709 0.00450923 0.00450923
0.66586 0.33414 0.00475998 0.00475998
0.66868 0.33132 0.00484719 0.00484719
0.67155 0.32845 0.00496013 0.00496013
0.67402 0.32598 0.00513907 0.00513907
0.67608 0.32392 0.00522424 0.00522424
0.67846 0.32154 0.00536263 0.00536263
0.68097 0.31903 0.00535625 0.00535625
0.68305 0.31695 0.00544968 0.00544968
0.68443 0.31557 0.00549724 0.00549724
0.68608 0.31392 0.00551276 0.00551276
0.6876 0.3124 0.0055582 0.0055582
0.68859 0.31141 0.00576889 0.00576889
0.69001 0.30999 0.00587286 0.00587286
0.69145 0.30855 0.00586241 0.00586241
0.69235 0.30765 0.00588777 0.00588777
0.69382 0.30618 0.00591071 0.00591071
0.69523 0.30477 0.00587319 0.00587319
0.69614 0.30386 0.00591873 0.00591873
0.6971 0.3029 0.00592852 0.00592852
0.69776 0.30224 0.00595364 0.00595364
0.69874 0.30126 0.00594034 0.00594034
0.69956 0.30044 0.00593382 0.00593382
0.70004 0.29996 0.00599725 0.00599725
0.70083 0.29917 0.00602034 0.00602034
0.70156 0.29844 0.0060796 0.0060796
0.70225 0.29775 0.00609013 0.00609013
0.70283 0.29717 0.00612335 0.00612335
0.7034 0.2966 0.00613297 0.00613297
0.70414 0.29586 0.00610982 0.00610982
0.70447 0.29553 0.00615904 0.00615904
0.70477 0.29523 0.00616406 0.00616406
0.70508 0.29492 0.00614078 0.00614078
0.70533 0.29467 0.00613667 0.00613667
0.70561 0.29439 0.00616394 0.00616394
0.70601 0.29399 0.00616953 0.00616953
0.70637 0.29363 0.0061845 0.0061845
0.70681 0.29319 0.00616084 0.00616084
0.70703 0.29297 0.00617253 0.00617253
0.70732 0.29268 0.00618406 0.00618406
0.70771 0.29229 0.00615639 0.00615639
0.70818 0.29182 0.00614082 0.00614082
0.70833 0.29167 0.00617665 0.00617665
0.70862 0.29138 0.00617884 0.00617884
0.70881 0.29119 0.00616856 0.00616856
0.70879 0.29121 0.0061815 0.0061815
0.70901 0.29099 0.00615163 0.00615163
0.70914 0.29086 0.00616911 0.00616911
0.70925 0.29075 0.00617482 0.00617482
0.70941 0.29059 0.00619481 0.00619481
0.70949 0.29051 0.00619078 0.00619078
0.70966 0.29034 0.00621105 0.00621105
0.70988 0.29012 0.00625247 0.00625247
0.71007 0.28993 0.00625055 0.00625055
0.71016 0.28984 0.00621911 0.00621911
0.71033 0.28967 0.00621851 0.00621851
0.71038 0.28962 0.00622187 0.00622187
0.71052 0.28948 0.00623898 0.00623898
0.71063 0.28937 0.00622817 0.00622817
0.71078 0.28922 0.00623238 0.00623238
0.71087 0.28913 0.0062563 0.0062563
0.71095 0.28905 0.00625809 0.00625809
0.71099 0.28901 0.00626161 0.00626161
0.71118 0.28882 0.00626308 0.00626308
0.7111 0.2889 0.00629316 0.00629316
0.71111 0.28889 0.00628967 0.00628967
0.7111 0.2889 0.0062852 0.0062852
0.71119 0.28881 0.00627442 0.00627442
0.71119 0.28881 0.00628052 0.00628052
0.7112 0.2888 0.00627956 0.00627956
0.71129 0.28871 0.00628395 0.00628395
0.71144 0.28856 0.00626017 0.00626017
0.7115 0.2885 0.00625948 0.00625948
0.71153 0.28847 0.00627203 0.00627203
0.71171 0.28829 0.0062555 0.0062555
0.7118 0.2882 0.00626626 0.00626626
0.71178 0.28822 0.00629836 0.00629836
0.71189 0.28811 0.00629943 0.00629943
0.71195 0.28805 0.00630029 0.00630029
0.71206 0.28794 0.00629836 0.00629836
0.71207 0.28793 0.00628891 0.00628891
0.71207 0.28793 0.00628398 0.00628398
0.71205 0.28795 0.00629106 0.00629106
0.71208 0.28792 0.00629519 0.00629519
0.71203 0.28797 0.00630474 0.00630474
0.71204 0.28796 0.00630782 0.00630782
0.71205 0.28795 0.00630867 0.00630867
0.71212 0.28788 0.00630324 0.00630324
0.71213 0.28787 0.00629971 0.00629971
0.71215 0.28785 0.00630797 0.00630797
0.7122 0.2878 0.00630915 0.00630915
0.71226 0.28774 0.00630211 0.00630211
0.7123 0.2877 0.0063106 0.0063106
0.71226 0.28774 0.00632383 0.00632383
0.71232 0.28768 0.00631784 0.00631784
0.71226 0.28774 0.00634147 0.00634147
0.7123 0.2877 0.00633819 0.00633819
0.71233 0.28767 0.00634049 0.00634049
0.71231 0.28769 0.00634537 0.00634537
0.71233 0.28767 0.00634812 0.00634812
0.71238 0.28762 0.0063449 0.0063449
0.7124 0.2876 0.00633766 0.00633766
0.71242 0.28758 0.00633918 0.00633918
0.71247 0.28753 0.00633906 0.00633906
0.7125 0.2875 0.00633989 0.00633989
0.71254 0.28746 0.00633605 0.00633605
0.71259 0.28741 0.00633499 0.00633499
0.71261 0.28739 0.00633873 0.00633873
0.71264 0.28736 0.00633284 0.00633284
0.71264 0.28736 0.00632993 0.00632993
0.71264 0.28736 0.0063265 0.0063265
0.71263 0.28737 0.00632828 0.00632828
0.71264 0.28736 0.00632839 0.00632839
0.71265 0.28735 0.00632835 0.00632835
0.71262 0.28738 0.00633333 0.00633333
0.71262 0.28738 0.00633596 0.00633596
0.71262 0.28738 0.00634761 0.00634761
0.7126 0.2874 0.00635752 0.00635752
0.71262 0.28738 0.00635529 0.00635529
0.71266 0.28734 0.0063558 0.0063558
0.71266 0.28734 0.0063533 0.0063533
0.71263 0.28737 0.00635747 0.00635747
0.71261 0.28739 0.00636198 0.00636198
0.71261 0.28739 0.00635697 0.00635697
0.71263 0.28737 0.00635474 0.00635474
0.71263 0.28737 0.00635373 0.00635373
0.71263 0.28737 0.00635329 0.00635329
0.71261 0.28739 0.00635541 0.00635541
0.71264 0.28736 0.00635409 0.00635409
0.71268 0.28732 0.00634806 0.00634806
0.71265 0.28735 0.00634811 0.00634811
0.71264 0.28736 0.00634785 0.00634785
0.71265 0.28735 0.00635328 0.00635328
0.71266 0.28734 0.00635039 0.00635039
0.71268 0.28732 0.00634571 0.00634571
0.71265 0.28735 0.00634902 0.00634902
0.71269 0.28731 0.00634541 0.00634541
0.71268 0.28732 0.00634157 0.00634157
0.71269 0.28731 0.00633892 0.00633892
0.71271 0.28729 0.00633318 0.00633318
0.71271 0.28729 0.00633692 0.00633692
0.71269 0.28731 0.00633201 0.00633201
0.71268 0.28732 0.00633293 0.00633293
0.71267 0.28733 0.00633661 0.00633661
0.7127 0.2873 0.006335 0.006335
0.7127 0.2873 0.00633215 0.00633215
0.71271 0.28729 0.00633411 0.00633411
0.71272 0.28728 0.00633321 0.00633321
0.71271 0.28729 0.00633457 0.00633457
0.71271 0.28729 0.00633457 0.00633457
0.71272 0.28728 0.00633075 0.00633075
0.71272 0.28728 0.00633006 0.00633006
0.71273 0.28727 0.00632998 0.00632998
0.71274 0.28726 0.00633013 0.00633013
0.71275 0.28725 0.00632637 0.00632637
0.71276 0.28724 0.00632511 0.00632511
0.71278 0.28722 0.00632436 0.00632436
0.71275 0.28725 0.00632484 0.00632484
0.71275 0.28725 0.00632831 0.00632831
0.71276 0.28724 0.00632756 0.00632756
0.71275 0.28725 0.00633162 0.00633162
0.71274 0.28726 0.006337 0.006337
0.71273 0.28727 0.00633923 0.00633923
0.71273 0.28727 0.00633923 0.00633923
0.71275 0.28725 0.00633938 0.00633938
0.71274 0.28726 0.00633949 0.00633949
0.71275 0.28725 0.00633839 0.00633839
0.71276 0.28724 0.00633251 0.00633251
0.71276 0.28724 0.00633037 0.00633037
0.71276 0.28724 0.00633697 0.00633697
0.71277 0.28723 0.00633396 0.00633396
0.71277 0.28723 0.00633921 0.00633921
0.71279 0.28721 0.00633873 0.00633873
0.71279 0.28721 0.0063416 0.0063416
0.71282 0.28718 0.00634069 0.00634069
0.71282 0.28718 0.00633928 0.00633928
0.71281 0.28719 0.00634377 0.00634377
0.71283 0.28717 0.00634616 0.00634616
0.71283 0.28717 0.00634616 0.00634616
0.71282 0.28718 0.00634338 0.00634338
0.71281 0.28719 0.00633706 0.00633706
0.7128 0.2872 0.00633511 0.00633511
0.7128 0.2872 0.00633937 0.00633937
0.71281 0.28719 0.00634329 0.00634329
0.71281 0.28719 0.00634329 0.00634329
0.71282 0.28718 0.00634492 0.00634492
0.71285 0.28715 0.00634512 0.00634512
0.71286 0.28714 0.00634511 0.00634511
0.71286 0.28714 0.00634511 0.00634511
0.71285 0.28715 0.00634476 0.00634476
0.71284 0.28716 0.00634545 0.00634545
0.71284 0.28716 0.00634545 0.00634545
0.71284 0.28716 0.00634545 0.00634545
0.71286 0.28714 0.0063436 0.0063436
0.71286 0.28714 0.0063436 0.0063436
0.71285 0.28715 0.00634615 0.00634615
0.71286 0.28714 0.0063436 0.0063436
0.71286 0.28714 0.0063436 0.0063436
0.71287 0.28713 0.00634541 0.00634541
0.71287 0.28713 0.00634541 0.00634541
0.71286 0.28714 0.00634513 0.00634513
0.71288 0.28712 0.00634409 0.00634409
0.71287 0.28713 0.00634393 0.00634393
0.71286 0.28714 0.00634644 0.00634644
0.71286 0.28714 0.00634285 0.00634285
0.71287 0.28713 0.00634321 0.00634321
0.71287 0.28713 0.00634321 0.00634321
0.71287 0.28713 0.00634321 0.00634321
0.71286 0.28714 0.00634249 0.00634249
0.71287 0.28713 0.00634357 0.00634357
0.71286 0.28714 0.00634614 0.00634614
0.71285 0.28715 0.00634914 0.00634914
0.71284 0.28716 0.00635169 0.00635169
0.71286 0.28714 0.0063541 0.0063541
0.71285 0.28715 0.00635374 0.00635374
0.71285 0.28715 0.00635049 0.00635049
0.71285 0.28715 0.00635049 0.00635049
0.71286 0.28714 0.00634792 0.00634792
0.71285 0.28715 0.00635092 0.00635092
0.71285 0.28715 0.00635092 0.00635092
0.71285 0.28715 0.00635092 0.00635092
0.71285 0.28715 0.00635092 0.00635092
0.71285 0.28715 0.00635092 0.00635092
0.71286 0.28714 0.00634836 0.00634836
0.71285 0.28715 0.00635092 0.00635092
0.71285 0.28715 0.00635092 0.00635092
0.71285 0.28715 0.00635092 0.00635092
0.71285 0.28715 0.00635092 0.00635092
0.71285 0.28715 0.00635092 0.00635092
0.71285 0.28715 0.00635092 0.00635092
0.71285 0.28715 0.00635092 0.00635092
0.71286 0.28714 0.00635453 0.00635453
0.71286 0.28714 0.00635453 0.00635453
0.71287 0.28713 0.00635153 0.00635153
0.71288 0.28712 0.0063514 0.0063514
0.71288 0.28712 0.0063514 0.0063514
0.71288 0.28712 0.0063514 0.0063514
0.71289 0.28711 0.00635212 0.00635212
0.71289 0.28711 0.00635212 0.00635212
0.71289 0.28711 0.00635212 0.00635212
0.71289 0.28711 0.00635212 0.00635212
0.7129 0.2871 0.00634957 0.00634957
0.7129 0.2871 0.00634957 0.00634957
0.71289 0.28711 0.00635256 0.00635256
0.71289 0.28711 0.00635256 0.00635256
0.71288 0.28712 0.00635512 0.00635512
0.71287 0.28713 0.00635151 0.00635151
0.71286 0.28714 0.00635079 0.00635079
0.71287 0.28713 0.00635151 0.00635151
0.71288 0.28712 0.00634896 0.00634896
0.71287 0.28713 0.00635028 0.00635028
0.71288 0.28712 0.00635388 0.00635388
0.71288 0.28712 0.00635388 0.00635388
0.71287 0.28713 0.0063564 0.0063564
0.71287 0.28713 0.0063564 0.0063564
0.71287 0.28713 0.00635316 0.00635316
0.71288 0.28712 0.00635184 0.00635184
0.71288 0.28712 0.00635184 0.00635184
0.71288 0.28712 0.00635184 0.00635184
0.71288 0.28712 0.00635184 0.00635184
0.71288 0.28712 0.00635184 0.00635184
0.71289 0.28711 0.0063527 0.0063527
0.71287 0.28713 0.00635658 0.00635658
0.71287 0.28713 0.00635658 0.00635658
0.71287 0.28713 0.00635658 0.00635658
0.71287 0.28713 0.00635658 0.00635658
0.71287 0.28713 0.00635658 0.00635658
0.71287 0.28713 0.00635658 0.00635658
0.71287 0.28713 0.00635658 0.00635658
0.71287 0.28713 0.00635658 0.00635658
0.71287 0.28713 0.00635658 0.00635658
0.71287 0.28713 0.00635658 0.00635658
0.71288 0.28712 0.00635835 0.00635835
0.71288 0.28712 0.00635835 0.00635835
0.71288 0.28712 0.00635835 0.00635835
0.7129 0.2871 0.00635645 0.00635645
0.7129 0.2871 0.00635645 0.00635645
0.71291 0.28709 0.00635558 0.00635558
0.71292 0.28708 0.00635426 0.00635426
0.71291 0.28709 0.00635513 0.00635513
0.71291 0.28709 0.00635513 0.00635513
0.71291 0.28709 0.00635513 0.00635513
0.71291 0.28709 0.00635513 0.00635513
0.71291 0.28709 0.00635841 0.00635841
0.7129 0.2871 0.00635449 0.00635449
0.71289 0.28711 0.00635582 0.00635582
0.71288 0.28712 0.00635833 0.00635833
0.71288 0.28712 0.00635833 0.00635833
0.71288 0.28712 0.00635833 0.00635833
0.71288 0.28712 0.00635833 0.00635833
0.71288 0.28712 0.00635833 0.00635833
0.71288 0.28712 0.00635833 0.00635833
0.71288 0.28712 0.00635833 0.00635833
0.71288 0.28712 0.00635833 0.00635833
0.71288 0.28712 0.00635833 0.00635833
0.71288 0.28712 0.00635833 0.00635833
0.71288 0.28712 0.00635833 0.00635833
0.71288 0.28712 0.00635833 0.00635833
0.71288 0.28712 0.00635833 0.00635833
0.71288 0.28712 0.00635833 0.00635833
0.71288 0.28712 0.00635833 0.00635833
0.71289 0.28711 0.00635701 0.00635701
0.71289 0.28711 0.00635701 0.00635701
0.71289 0.28711 0.00635701 0.00635701
0.71289 0.28711 0.00635701 0.00635701
0.71289 0.28711 0.00635701 0.00635701
0.71289 0.28711 0.00635701 0.00635701
0.71289 0.28711 0.00635701 0.00635701
0.71289 0.28711 0.00635701 0.00635701
0.71289 0.28711 0.00635701 0.00635701
0.71289 0.28711 0.00635701 0.00635701
0.71291 0.28709 0.00636081 0.00636081
0.71291 0.28709 0.00636081 0.00636081
0.71291 0.28709 0.00636081 0.00636081
0.71291 0.28709 0.00636081 0.00636081
0.71291 0.28709 0.00636081 0.00636081
0.71291 0.28709 0.00636081 0.00636081
0.71291 0.28709 0.00636081 0.00636081
0.71291 0.28709 0.00636081 0.00636081
0.71291 0.28709 0.00636081 0.00636081
0.71291 0.28709 0.00636081 0.00636081
0.7129 0.2871 0.00636092 0.00636092
0.7129 0.2871 0.00636092 0.00636092
0.7129 0.2871 0.00636092 0.00636092
0.7129 0.2871 0.00636092 0.00636092
0.7129 0.2871 0.00636092 0.00636092
0.7129 0.2871 0.00636092 0.00636092
0.71291 0.28709 0.00636081 0.00636081
0.71291 0.28709 0.00636081 0.00636081
0.71291 0.28709 0.00636081 0.00636081
0.71291 0.28709 0.00636081 0.00636081
0.7129 0.2871 0.00636092 0.00636092
0.7129 0.2871 0.00636092 0.00636092
0.7129 0.2871 0.00636092 0.00636092
0.7129 0.2871 0.00636092 0.00636092
0.7129 0.2871 0.00636092 0.00636092
0.7129 0.2871 0.00636092 0.00636092
0.7129 0.2871 0.00636092 0.00636092
0.7129 0.2871 0.00636092 0.00636092
0.71291 0.28709 0.00635837 0.00635837
0.71291 0.28709 0.00635837 0.00635837
0.71291 0.28709 0.00635837 0.00635837
0.71291 0.28709 0.00635837 0.00635837
0.71291 0.28709 0.00635837 0.00635837
0.71291 0.28709 0.00635837 0.00635837
0.71291 0.28709 0.00635837 0.00635837
0.71291 0.28709 0.00635837 0.00635837
0.71291 0.28709 0.00635837 0.00635837
0.71291 0.28709 0.00635837 0.00635837
0.71291 0.28709 0.00635837 0.00635837
0.71291 0.28709 0.00635837 0.00635837
0.71291 0.28709 0.00635837 0.00635837
0.71291 0.28709 0.00635837 0.00635837
0.71291 0.28709 0.00635837 0.00635837
0.71291 0.28709 0.00635837 0.00635837
0.71291 0.28709 0.00635837 0.00635837
0.71291 0.28709 0.00635837 0.00635837
0.71291 0.28709 0.00635837 0.00635837
0.71291 0.28709 0.00635837 0.00635837
0.71291 0.28709 0.00635837 0.00635837
0.71291 0.28709 0.00635837 0.00635837
0.71291 0.28709 0.00635837 0.00635837
0.71291 0.28709 0.00635837 0.00635837
0.71291 0.28709 0.00635837 0.00635837
0.71291 0.28709 0.00635837 0.00635837
0.71291 0.28709 0.00635837 0.00635837
0.71291 0.28709 0.00635837 0.00635837
0.71291 0.28709 0.00635837 0.00635837
0.71291 0.28709 0.00635837 0.00635837
0.71291 0.28709 0.00635837 0.00635837
0.71291 0.28709 0.00635837 0.00635837
0.71291 0.28709 0.00635837 0.00635837
0.71291 0.28709 0.00635837 0.00635837
0.71291 0.28709 0.00635837 0.00635837
0.71291 0.28709 0.00635837 0.00635837
0.71291 0.28709 0.00635837 0.00635837
0.71291 0.28709 0.00635837 0.00635837
0.71291 0.28709 0.00635837 0.00635837
0.71291 0.28709 0.00635837 0.00635837
0.71291 0.28709 0.00635837 0.00635837
0.71291 0.28709 0.00635837 0.00635837
0.71291 0.28709 0.00635837 0.00635837
0.71292 0.28708 0.00635749 0.00635749
0.71291 0.28709 0.00635837 0.00635837
0.71291 0.28709 0.00635837 0.00635837
0.71291 0.28709 0.00635837 0.00635837
0.71291 0.28709 0.00635837 0.00635837
0.71291 0.28709 0.00635837 0.00635837
0.71291 0.28709 0.00635837 0.00635837
0.71291 0.28709 0.00635837 0.00635837
0.71291 0.28709 0.00635837 0.00635837
0.71291 0.28709 0.00635837 0.00635837
0.71291 0.28709 0.00635837 0.00635837
0.71291 0.28709 0.00635837 0.00635837
0.71291 0.28709 0.00635837 0.00635837
0.71291 0.28709 0.00635837 0.00635837
0.71291 0.28709 0.00635837 0.00635837
0.71292 0.28708 0.00635749 0.00635749
0.71292 0.28708 0.00635749 0.00635749
0.71292 0.28708 0.00635749 0.00635749
0.71292 0.28708 0.00635749 0.00635749
0.71291 0.28709 0.00635358 0.00635358
0.71292 0.28708 0.00635749 0.00635749
0.71292 0.28708 0.00635749 0.00635749
0.71292 0.28708 0.00635749 0.00635749
0.71292 0.28708 0.00635749 0.00635749
0.71292 0.28708 0.00635749 0.00635749
0.71292 0.28708 0.00635749 0.00635749
0.71292 0.28708 0.00635749 0.00635749
0.71291 0.28709 0.00635837 0.00635837
0.71291 0.28709 0.00635837 0.00635837
0.71291 0.28709 0.00635837 0.00635837
0.71291 0.28709 0.00635837 0.00635837
0.71292 0.28708 0.00635826 0.00635826
0.71292 0.28708 0.00635826 0.00635826
0.71293 0.28707 0.00635738 0.00635738
0.71293 0.28707 0.00635738 0.00635738
0.71293 0.28707 0.00635738 0.00635738
0.71293 0.28707 0.00635738 0.00635738
0.71293 0.28707 0.00635738 0.00635738
0.71293 0.28707 0.00635738 0.00635738
0.71293 0.28707 0.00635738 0.00635738
0.71292 0.28708 0.00635749 0.00635749
0.71292 0.28708 0.00635749 0.00635749
0.71292 0.28708 0.00635749 0.00635749
0.71292 0.28708 0.00635749 0.00635749
0.71292 0.28708 0.00635749 0.00635749
0.71292 0.28708 0.00635749 0.00635749
0.71292 0.28708 0.00635749 0.00635749
0.71292 0.28708 0.00635749 0.00635749
0.71292 0.28708 0.00635749 0.00635749
0.71292 0.28708 0.00635749 0.00635749
0.71291 0.28709 0.00635358 0.00635358
0.71291 0.28709 0.00635358 0.00635358
0.71292 0.28708 0.00635347 0.00635347
0.71292 0.28708 0.00635347 0.00635347
0.71292 0.28708 0.00635347 0.00635347
0.71292 0.28708 0.00635347 0.00635347
0.71292 0.28708 0.00635347 0.00635347
0.71292 0.28708 0.00635347 0.00635347
0.71292 0.28708 0.00635347 0.00635347
0.71292 0.28708 0.00635347 0.00635347
0.71292 0.28708 0.00635347 0.00635347
0.71292 0.28708 0.00635347 0.00635347
0.71292 0.28708 0.00635347 0.00635347
0.71292 0.28708 0.00635347 0.00635347
0.71292 0.28708 0.00635347 0.00635347
0.71292 0.28708 0.00635347 0.00635347
0.71292 0.28708 0.00635347 0.00635347
0.71292 0.28708 0.00635347 0.00635347
0.71292 0.28708 0.00635347 0.00635347
0.71293 0.28707 0.00635738 0.00635738
0.71293 0.28707 0.00635738 0.00635738
0.71293 0.28707 0.00635738 0.00635738
0.71292 0.28708 0.00635749 0.00635749
0.71292 0.28708 0.00635749 0.00635749
0.71292 0.28708 0.00635749 0.00635749
0.71292 0.28708 0.00635749 0.00635749
0.71292 0.28708 0.00635749 0.00635749
0.71292 0.28708 0.00635749 0.00635749
0.71292 0.28708 0.00635749 0.00635749
0.71292 0.28708 0.00635749 0.00635749
0.71292 0.28708 0.00635749 0.00635749
0.71293 0.28707 0.00635738 0.00635738
0.71293 0.28707 0.00635738 0.00635738
0.71293 0.28707 0.00635738 0.00635738
0.71293 0.28707 0.00635738 0.00635738
0.71293 0.28707 0.00635738 0.00635738
0.71293 0.28707 0.00635738 0.00635738
0.71293 0.28707 0.00635738 0.00635738
0.71293 0.28707 0.00635738 0.00635738
0.71293 0.28707 0.00635738 0.00635738
0.71293 0.28707 0.00635738 0.00635738
0.71293 0.28707 0.00635738 0.00635738
0.71293 0.28707 0.00635738 0.00635738
0.71293 0.28707 0.00635738 0.00635738
0.71293 0.28707 0.00635738 0.00635738
0.71292 0.28708 0.00635749 0.00635749
0.71292 0.28708 0.00635749 0.00635749
0.71292 0.28708 0.00635749 0.00635749
0.71292 0.28708 0.00635749 0.00635749
0.71292 0.28708 0.00635749 0.00635749
0.71292 0.28708 0.00635749 0.00635749
0.71292 0.28708 0.00635749 0.00635749
0.71292 0.28708 0.00635749 0.00635749
