0.72339 0.27661 0.000247351 0.000247351
0.74732 0.25268 0.000462846 0.000462846
0.76775 0.23225 0.000791583 0.000791583
0.78594 0.21406 0.00114123 0.00114123
0.80286 0.19714 0.00149194 0.00149194
0.8179 0.1821 0.00181458 0.00181458
0.83149 0.16851 0.0021531 0.0021531
0.84265 0.15735 0.00249918 0.00249918
0.85289 0.14711 0.00289032 0.00289032
0.8626 0.1374 0.00311509 0.00311509
0.87087 0.12913 0.00347331 0.00347331
0.87755 0.12245 0.00385579 0.00385579
0.88462 0.11538 0.00416573 0.00416573
0.89092 0.10908 0.00443026 0.00443026
0.89627 0.10373 0.00463515 0.00463515
0.90146 0.09854 0.00483833 0.00483833
0.90603 0.09397 0.00506556 0.00506556
0.91031 0.08969 0.00519494 0.00519494
0.91495 0.08505 0.00514067 0.00514067
0.91855 0.08145 0.00516742 0.00516742
0.92243 0.07757 0.00514235 0.00514235
0.92596 0.07404 0.00508418 0.00508418
0.92871 0.07129 0.00517427 0.00517427
0.93145 0.06855 0.00518203 0.00518203
0.93436 0.06564 0.00510708 0.00510708
0.93676 0.06324 0.0050699 0.0050699
0.93893 0.06107 0.00496263 0.00496263
0.94177 0.05823 0.00482382 0.00482382
0.94401 0.05599 0.00472609 0.00472609
0.94615 0.05385 0.00450633 0.00450633
0.94843 0.05157 0.00426893 0.00426893
0.95009 0.04991 0.00415129 0.00415129
0.95182 0.04818 0.00397682 0.00397682
0.95366 0.04634 0.00380182 0.00380182
0.95532 0.04468 0.00369157 0.00369157
0.95661 0.04339 0.00356705 0.00356705
0.95808 0.04192 0.00346601 0.00346601
0.95941 0.04059 0.00333774 0.00333774
0.96067 0.03933 0.0032122 0.0032122
0.96168 0.03832 0.00311628 0.00311628
0.96261 0.03739 0.00305068 0.00305068
0.96374 0.03626 0.00294632 0.00294632
0.96473 0.03527 0.00279685 0.00279685
0.96553 0.03447 0.00271397 0.00271397
0.96647 0.03353 0.00260754 0.00260754
0.96717 0.03283 0.00254576 0.00254576
0.9679 0.0321 0.00247124 0.00247124
0.96862 0.03138 0.00239769 0.00239769
0.96917 0.03083 0.00236008 0.00236008
0.96966 0.03034 0.0023058 0.0023058
0.97039 0.02961 0.0022186 0.0022186
0.97094 0.02906 0.00217048 0.00217048
0.97162 0.02838 0.00208713 0.00208713
0.97207 0.02793 0.00203594 0.00203594
0.97271 0.02729 0.00194778 0.00194778
0.97314 0.02686 0.00192234 0.00192234
0.97346 0.02654 0.00189381 0.00189381
0.9739 0.0261 0.00183953 0.00183953
0.97433 0.02567 0.00180424 0.00180424
0.97462 0.02538 0.00177533 0.00177533
0.975 0.025 0.00172147 0.00172147
0.97532 0.02468 0.00168895 0.00168895
0.97562 0.02438 0.00165117 0.00165117
0.9759 0.0241 0.00161645 0.00161645
0.97605 0.02395 0.00160663 0.00160663
0.97622 0.02378 0.00160306 0.00160306
0.97646 0.02354 0.00155708 0.00155708
0.97668 0.02332 0.00152608 0.00152608
0.97681 0.02319 0.00151397 0.00151397
0.97694 0.02306 0.00151398 0.00151398
0.97701 0.02299 0.00151247 0.00151247
0.97717 0.02283 0.00149279 0.00149279
0.97725 0.02275 0.00148286 0.00148286
0.97749 0.02251 0.00146544 0.00146544
0.97767 0.02233 0.00145206 0.00145206
0.97786 0.02214 0.00142301 0.00142301
0.97797 0.02203 0.00140918 0.00140918
0.97811 0.02189 0.00139081 0.00139081
0.97823 0.02177 0.0013824 0.0013824
0.97841 0.02159 0.00136342 0.00136342
0.97849 0.02151 0.00136124 0.00136124
0.97857 0.02143 0.00135255 0.00135255
0.97869 0.02131 0.00133242 0.00133242
0.97873 0.02127 0.00133008 0.00133008
0.97887 0.02113 0.00130274 0.00130274
0.97894 0.02106 0.00129456 0.00129456
0.97912 0.02088 0.00127372 0.00127372
0.97926 0.02074 0.00125593 0.00125593
0.97934 0.02066 0.00124534 0.00124534
0.9794 0.0206 0.00123659 0.00123659
0.97953 0.02047 0.00121781 0.00121781
0.97954 0.02046 0.00121603 0.00121603
0.97969 0.02031 0.00119682 0.00119682
0.97976 0.02024 0.00119105 0.00119105
0.97981 0.02019 0.00119086 0.00119086
0.97985 0.02015 0.00118779 0.00118779
0.97984 0.02016 0.00118979 0.00118979
0.97984 0.02016 0.00119389 0.00119389
0.9799 0.0201 0.00118306 0.00118306
0.98005 0.01995 0.0011692 0.0011692
0.9801 0.0199 0.00116219 0.00116219
0.98015 0.01985 0.00115574 0.00115574
0.98015 0.01985 0.00115366 0.00115366
0.98016 0.01984 0.00115111 0.00115111
0.98019 0.01981 0.00115209 0.00115209
0.98022 0.01978 0.00115205 0.00115205
0.98026 0.01974 0.00115155 0.00115155
0.98032 0.01968 0.00114656 0.00114656
0.98033 0.01967 0.00114713 0.00114713
0.98036 0.01964 0.00114361 0.00114361
0.98035 0.01965 0.00114498 0.00114498
0.98035 0.01965 0.00114269 0.00114269
0.98037 0.01963 0.00113858 0.00113858
0.98039 0.01961 0.00113248 0.00113248
0.98042 0.01958 0.00112978 0.00112978
0.98047 0.01953 0.00112391 0.00112391
0.98055 0.01945 0.00111766 0.00111766
0.98059 0.01941 0.0011097 0.0011097
0.98064 0.01936 0.00110347 0.00110347
0.98063 0.01937 0.00110702 0.00110702
0.98066 0.01934 0.00110528 0.00110528
0.98065 0.01935 0.00110659 0.00110659
0.98071 0.01929 0.00110158 0.00110158
0.98073 0.01927 0.00109638 0.00109638
0.98075 0.01925 0.00109399 0.00109399
0.98076 0.01924 0.00109471 0.00109471
0.98079 0.01921 0.00109211 0.00109211
0.98079 0.01921 0.00109138 0.00109138
0.98075 0.01925 0.00109593 0.00109593
0.98077 0.01923 0.00108959 0.00108959
0.98077 0.01923 0.0010899 0.0010899
0.9808 0.0192 0.00108669 0.00108669
0.98082 0.01918 0.00107865 0.00107865
0.98087 0.01913 0.00107224 0.00107224
0.98086 0.01914 0.00107356 0.00107356
0.98084 0.01916 0.00107698 0.00107698
0.98086 0.01914 0.00107634 0.00107634
0.98086 0.01914 0.0010777 0.0010777
0.98085 0.01915 0.00107793 0.00107793
0.98086 0.01914 0.00107723 0.00107723
0.98086 0.01914 0.00107723 0.00107723
0.98089 0.01911 0.00107372 0.00107372
0.98092 0.01908 0.0010708 0.0010708
0.98095 0.01905 0.0010693 0.0010693
0.98096 0.01904 0.00106917 0.00106917
0.98098 0.01902 0.00106535 0.00106535
0.98098 0.01902 0.00106505 0.00106505
0.98098 0.01902 0.00106465 0.00106465
0.98103 0.01897 0.00106015 0.00106015
0.98102 0.01898 0.0010597 0.0010597
0.981 0.019 0.00106137 0.00106137
0.98101 0.01899 0.00106011 0.00106011
0.981 0.019 0.00106004 0.00106004
0.981 0.019 0.00106004 0.00106004
0.981 0.019 0.00105941 0.00105941
0.98102 0.01898 0.00105582 0.00105582
0.98104 0.01896 0.00105345 0.00105345
0.98104 0.01896 0.00105345 0.00105345
0.98104 0.01896 0.00105345 0.00105345
0.98101 0.01899 0.00105795 0.00105795
0.98101 0.01899 0.00105795 0.00105795
0.98103 0.01897 0.00105769 0.00105769
0.98103 0.01897 0.00105898 0.00105898
0.98103 0.01897 0.00105783 0.00105783
0.98103 0.01897 0.00105783 0.00105783
0.98103 0.01897 0.00105783 0.00105783
0.98104 0.01896 0.00105638 0.00105638
0.98107 0.01893 0.00105405 0.00105405
0.98108 0.01892 0.00105411 0.00105411
0.98107 0.01893 0.00105405 0.00105405
0.98107 0.01893 0.00105302 0.00105302
0.98107 0.01893 0.00105302 0.00105302
0.98106 0.01894 0.00105438 0.00105438
0.98107 0.01893 0.00105162 0.00105162
0.98108 0.01892 0.00105026 0.00105026
0.98109 0.01891 0.00104925 0.00104925
0.9811 0.0189 0.0010493 0.0010493
0.98109 0.01891 0.00105067 0.00105067
0.98109 0.01891 0.00105138 0.00105138
0.98111 0.01889 0.00104877 0.00104877
0.9811 0.0189 0.00104977 0.00104977
0.98111 0.01889 0.00104976 0.00104976
0.9811 0.0189 0.00105252 0.00105252
0.98112 0.01888 0.00105053 0.00105053
0.98112 0.01888 0.00105053 0.00105053
0.98113 0.01887 0.00104977 0.00104977
0.98114 0.01886 0.00104881 0.00104881
0.98114 0.01886 0.00104881 0.00104881
0.98114 0.01886 0.00104881 0.00104881
0.98115 0.01885 0.00104867 0.00104867
0.98115 0.01885 0.00104962 0.00104962
0.98117 0.01883 0.00104768 0.00104768
0.98117 0.01883 0.00104768 0.00104768
0.98116 0.01884 0.0010481 0.0010481
0.98116 0.01884 0.0010481 0.0010481
0.98116 0.01884 0.00104913 0.00104913
0.98116 0.01884 0.00104913 0.00104913
0.98116 0.01884 0.00104735 0.00104735
0.98117 0.01883 0.00104693 0.00104693
0.98117 0.01883 0.00104693 0.00104693
0.98117 0.01883 0.00104693 0.00104693
0.98118 0.01882 0.00104595 0.00104595
0.98118 0.01882 0.00104595 0.00104595
0.98118 0.01882 0.00104465 0.00104465
0.98119 0.01881 0.00104369 0.00104369
0.98118 0.01882 0.00104411 0.00104411
0.9812 0.0188 0.00104263 0.00104263
0.9812 0.0188 0.00104263 0.00104263
0.9812 0.0188 0.00104263 0.00104263
0.98121 0.01879 0.00104007 0.00104007
0.98121 0.01879 0.00104007 0.00104007
0.98121 0.01879 0.00104007 0.00104007
0.98122 0.01878 0.00103939 0.00103939
0.98121 0.01879 0.00104037 0.00104037
0.98122 0.01878 0.00103971 0.00103971
0.98123 0.01877 0.00103994 0.00103994
0.98123 0.01877 0.00104208 0.00104208
0.98122 0.01878 0.00104274 0.00104274
0.98123 0.01877 0.00104283 0.00104283
0.98124 0.01876 0.00104184 0.00104184
0.98125 0.01875 0.00104088 0.00104088
0.98124 0.01876 0.00104079 0.00104079
0.98125 0.01875 0.00103942 0.00103942
0.98124 0.01876 0.00103984 0.00103984
0.98124 0.01876 0.00103984 0.00103984
0.98124 0.01876 0.00103984 0.00103984
0.98124 0.01876 0.00103984 0.00103984
0.98124 0.01876 0.00103984 0.00103984
0.98123 0.01877 0.00104121 0.00104121
0.98123 0.01877 0.00104121 0.00104121
0.98124 0.01876 0.00103849 0.00103849
0.98124 0.01876 0.00103849 0.00103849
0.98124 0.01876 0.00103849 0.00103849
0.98123 0.01877 0.00103945 0.00103945
0.98123 0.01877 0.00103945 0.00103945
0.98123 0.01877 0.00103945 0.00103945
0.98123 0.01877 0.00103945 0.00103945
0.98123 0.01877 0.00103945 0.00103945
0.98123 0.01877 0.00103945 0.00103945
0.98123 0.01877 0.00103945 0.00103945
0.98123 0.01877 0.00103945 0.00103945
0.98123 0.01877 0.00103945 0.00103945
0.98124 0.01876 0.00103808 0.00103808
0.98123 0.01877 0.00103907 0.00103907
0.98123 0.01877 0.00103907 0.00103907
0.98123 0.01877 0.00103907 0.00103907
0.98124 0.01876 0.00103651 0.00103651
0.98124 0.01876 0.00103651 0.00103651
0.98124 0.01876 0.00103808 0.00103808
0.98125 0.01875 0.00103712 0.00103712
0.98125 0.01875 0.00103712 0.00103712
0.98126 0.01874 0.0010367 0.0010367
0.98126 0.01874 0.0010367 0.0010367
0.98126 0.01874 0.0010367 0.0010367
0.98126 0.01874 0.0010367 0.0010367
0.98126 0.01874 0.0010367 0.0010367
0.98126 0.01874 0.00103642 0.00103642
0.98126 0.01874 0.00103642 0.00103642
0.98126 0.01874 0.00103642 0.00103642
0.98125 0.01875 0.00103807 0.00103807
0.98123 0.01877 0.00103945 0.00103945
0.98123 0.01877 0.00103945 0.00103945
0.98123 0.01877 0.00103945 0.00103945
0.98123 0.01877 0.00103945 0.00103945
0.98123 0.01877 0.00104034 0.00104034
0.98123 0.01877 0.00104034 0.00104034
0.98124 0.01876 0.00103897 0.00103897
0.98125 0.01875 0.00103732 0.00103732
0.98125 0.01875 0.00103732 0.00103732
0.98125 0.01875 0.00103732 0.00103732
0.98125 0.01875 0.00103732 0.00103732
0.98124 0.01876 0.00103742 0.00103742
0.98125 0.01875 0.00103732 0.00103732
0.98125 0.01875 0.00103732 0.00103732
0.98125 0.01875 0.00103732 0.00103732
0.98124 0.01876 0.00103742 0.00103742
0.98124 0.01876 0.00103742 0.00103742
0.98124 0.01876 0.00103742 0.00103742
0.98123 0.01877 0.00103878 0.00103878
0.98123 0.01877 0.00103878 0.00103878
0.98124 0.01876 0.00103837 0.00103837
0.98124 0.01876 0.00103837 0.00103837
0.98125 0.01875 0.00103845 0.00103845
0.98125 0.01875 0.0010377 0.0010377
0.98125 0.01875 0.0010377 0.0010377
0.98125 0.01875 0.0010377 0.0010377
0.98125 0.01875 0.0010377 0.0010377
0.98125 0.01875 0.0010377 0.0010377
0.98126 0.01874 0.00103577 0.00103577
0.98126 0.01874 0.00103577 0.00103577
0.98126 0.01874 0.00103577 0.00103577
0.98126 0.01874 0.00103577 0.00103577
0.98126 0.01874 0.00103577 0.00103577
0.98126 0.01874 0.00103704 0.00103704
0.98127 0.01873 0.00103539 0.00103539
0.98128 0.01872 0.00103497 0.00103497
0.98128 0.01872 0.00103497 0.00103497
0.98128 0.01872 0.00103497 0.00103497
0.98128 0.01872 0.00103497 0.00103497
0.98128 0.01872 0.00103497 0.00103497
0.98128 0.01872 0.00103497 0.00103497
0.98128 0.01872 0.00103497 0.00103497
0.98128 0.01872 0.00103497 0.00103497
0.98128 0.01872 0.00103497 0.00103497
0.98129 0.01871 0.00103401 0.00103401
0.98129 0.01871 0.00103401 0.00103401
0.98129 0.01871 0.00103401 0.00103401
0.98129 0.01871 0.00103401 0.00103401
0.9813 0.0187 0.00103264 0.00103264
0.9813 0.0187 0.00103264 0.00103264
0.9813 0.0187 0.00103264 0.00103264
0.9813 0.0187 0.00103264 0.00103264
0.98131 0.01869 0.00103258 0.00103258
0.98132 0.01868 0.00103163 0.00103163
0.98132 0.01868 0.00103163 0.00103163
0.98132 0.01868 0.00103163 0.00103163
0.98132 0.01868 0.00103163 0.00103163
0.98132 0.01868 0.00103163 0.00103163
0.98132 0.01868 0.00103163 0.00103163
0.98132 0.01868 0.00103163 0.00103163
0.98132 0.01868 0.00103163 0.00103163
0.98132 0.01868 0.00103163 0.00103163
0.98132 0.01868 0.00103163 0.00103163
0.98132 0.01868 0.00103163 0.00103163
0.98132 0.01868 0.00103163 0.00103163
0.98131 0.01869 0.00103169 0.00103169
0.9813 0.0187 0.00103306 0.00103306
0.9813 0.0187 0.00103306 0.00103306
0.9813 0.0187 0.00103306 0.00103306
0.9813 0.0187 0.00103306 0.00103306
0.9813 0.0187 0.00103306 0.00103306
0.9813 0.0187 0.00103306 0.00103306
0.9813 0.0187 0.00103306 0.00103306
0.9813 0.0187 0.00103306 0.00103306
0.9813 0.0187 0.00103306 0.00103306
0.98131 0.01869 0.00103212 0.00103212
0.98131 0.01869 0.00103212 0.00103212
0.98131 0.01869 0.00103212 0.00103212
0.98131 0.01869 0.00103212 0.00103212
0.98131 0.01869 0.00103212 0.00103212
0.98131 0.01869 0.00103212 0.00103212
0.98131 0.01869 0.00103212 0.00103212
0.98131 0.01869 0.00103212 0.00103212
0.98131 0.01869 0.00103212 0.00103212
0.98131 0.01869 0.00103212 0.00103212
0.98131 0.01869 0.00103212 0.00103212
0.98133 0.01867 0.00103154 0.00103154
0.98133 0.01867 0.00103154 0.00103154
0.98133 0.01867 0.00103154 0.00103154
0.98133 0.01867 0.00103154 0.00103154
0.98133 0.01867 0.00103154 0.00103154
0.98133 0.01867 0.00103154 0.00103154
0.98134 0.01866 0.00103148 0.00103148
0.98134 0.01866 0.00103148 0.00103148
0.98134 0.01866 0.00103148 0.00103148
0.98134 0.01866 0.00103148 0.00103148
0.98132 0.01868 0.00103206 0.00103206
0.98132 0.01868 0.00103206 0.00103206
0.98133 0.01867 0.00103214 0.00103214
0.98133 0.01867 0.00103214 0.00103214
0.98133 0.01867 0.00103214 0.00103214
0.98133 0.01867 0.00103214 0.00103214
0.98133 0.01867 0.00103214 0.00103214
0.98133 0.01867 0.00103214 0.00103214
0.98133 0.01867 0.00103214 0.00103214
0.98133 0.01867 0.00103214 0.00103214
0.98133 0.01867 0.00103214 0.00103214
0.98133 0.01867 0.00103214 0.00103214
0.98133 0.01867 0.00103214 0.00103214
0.98133 0.01867 0.00103214 0.00103214
0.98133 0.01867 0.00103214 0.00103214
0.98133 0.01867 0.00103214 0.00103214
0.98133 0.01867 0.00103214 0.00103214
0.98133 0.01867 0.00103214 0.00103214
0.98133 0.01867 0.00103214 0.00103214
0.98133 0.01867 0.00103214 0.00103214
0.98133 0.01867 0.00103214 0.00103214
0.98133 0.01867 0.00103214 0.00103214
0.98134 0.01866 0.00103223 0.00103223
0.98134 0.01866 0.00103223 0.00103223
0.98134 0.01866 0.00103223 0.00103223
0.98134 0.01866 0.00103223 0.00103223
0.98134 0.01866 0.00103223 0.00103223
0.98134 0.01866 0.00103223 0.00103223
0.98134 0.01866 0.00103223 0.00103223
0.98134 0.01866 0.00103223 0.00103223
0.98134 0.01866 0.00103223 0.00103223
0.98134 0.01866 0.00103223 0.00103223
0.98134 0.01866 0.00103223 0.00103223
0.98135 0.01865 0.00103156 0.00103156
0.98135 0.01865 0.00103156 0.00103156
0.98135 0.01865 0.00103156 0.00103156
0.98135 0.01865 0.00103156 0.00103156
0.98135 0.01865 0.00103156 0.00103156
0.98135 0.01865 0.00103156 0.00103156
0.98134 0.01866 0.00103148 0.00103148
0.98134 0.01866 0.00103148 0.00103148
0.98134 0.01866 0.00103148 0.00103148
0.98135 0.01865 0.00103156 0.00103156
0.98135 0.01865 0.00103156 0.00103156
0.98135 0.01865 0.00103156 0.00103156
0.98135 0.01865 0.00103156 0.00103156
0.98135 0.01865 0.00103156 0.00103156
0.98135 0.01865 0.00103156 0.00103156
0.98135 0.01865 0.00103156 0.00103156
0.98135 0.01865 0.00103156 0.00103156
0.98135 0.01865 0.00103156 0.00103156
0.98135 0.01865 0.00103156 0.00103156
0.98135 0.01865 0.00103156 0.00103156
0.98135 0.01865 0.00103156 0.00103156
0.98135 0.01865 0.00103156 0.00103156
0.98135 0.01865 0.00103156 0.00103156
0.98135 0.01865 0.00103156 0.00103156
0.98135 0.01865 0.00103156 0.00103156
0.98135 0.01865 0.00103156 0.00103156
0.98135 0.01865 0.00103156 0.00103156
0.98135 0.01865 0.00103156 0.00103156
0.98135 0.01865 0.00103156 0.00103156
0.98135 0.01865 0.00103156 0.00103156
0.98135 0.01865 0.00103156 0.00103156
0.98135 0.01865 0.00103156 0.00103156
0.98135 0.01865 0.00103156 0.00103156
0.98135 0.01865 0.00103156 0.00103156
0.98135 0.01865 0.00103156 0.00103156
0.98135 0.01865 0.00103156 0.00103156
0.98135 0.01865 0.00103156 0.00103156
0.98135 0.01865 0.00103156 0.00103156
0.98135 0.01865 0.00103156 0.00103156
0.98135 0.01865 0.00103156 0.00103156
0.98135 0.01865 0.00103156 0.00103156
0.98135 0.01865 0.00103156 0.00103156
0.98135 0.01865 0.00103156 0.00103156
0.98135 0.01865 0.00103156 0.00103156
0.98135 0.01865 0.00103156 0.00103156
0.98135 0.01865 0.00103156 0.00103156
0.98135 0.01865 0.00103156 0.00103156
0.98135 0.01865 0.00103156 0.00103156
0.98135 0.01865 0.00103156 0.00103156
0.98135 0.01865 0.00103156 0.00103156
0.98135 0.01865 0.00103156 0.00103156
0.98135 0.01865 0.00103156 0.00103156
0.98135 0.01865 0.00103156 0.00103156
0.98135 0.01865 0.00103156 0.00103156
0.98135 0.01865 0.00103156 0.00103156
0.98135 0.01865 0.00103156 0.00103156
0.98135 0.01865 0.00103156 0.00103156
0.98135 0.01865 0.00103156 0.00103156
0.98135 0.01865 0.00103156 0.00103156
0.98135 0.01865 0.00103156 0.00103156
0.98135 0.01865 0.00103156 0.00103156
0.98135 0.01865 0.00103156 0.00103156
0.98135 0.01865 0.00103156 0.00103156
0.98135 0.01865 0.00103156 0.00103156
0.98135 0.01865 0.00103156 0.00103156
0.98135 0.01865 0.00103156 0.00103156
0.98135 0.01865 0.00103156 0.00103156
0.98135 0.01865 0.00103156 0.00103156
0.98135 0.01865 0.00103156 0.00103156
0.98135 0.01865 0.00103156 0.00103156
0.98135 0.01865 0.00103156 0.00103156
0.98135 0.01865 0.00103156 0.00103156
0.98135 0.01865 0.00103156 0.00103156
0.98135 0.01865 0.00103156 0.00103156
0.98135 0.01865 0.00103156 0.00103156
0.98135 0.01865 0.00103156 0.00103156
0.98135 0.01865 0.00103156 0.00103156
0.98135 0.01865 0.00103156 0.00103156
0.98135 0.01865 0.00103156 0.00103156
0.98135 0.01865 0.00103156 0.00103156
0.98135 0.01865 0.00103156 0.00103156
0.98135 0.01865 0.00103156 0.00103156
0.98135 0.01865 0.00103156 0.00103156
0.98135 0.01865 0.00103156 0.00103156
0.98135 0.01865 0.00103156 0.00103156
0.98135 0.01865 0.00103156 0.00103156
0.98135 0.01865 0.00103156 0.00103156
0.98135 0.01865 0.00103156 0.00103156
0.98135 0.01865 0.00103156 0.00103156
0.98135 0.01865 0.00103156 0.00103156
0.98135 0.01865 0.00103156 0.00103156
0.98135 0.01865 0.00103156 0.00103156
0.98135 0.01865 0.00103156 0.00103156
0.98135 0.01865 0.00103156 0.00103156
0.98135 0.01865 0.00103156 0.00103156
0.98135 0.01865 0.00103156 0.00103156
0.98135 0.01865 0.00103156 0.00103156
0.98135 0.01865 0.00103156 0.00103156
0.98135 0.01865 0.00103156 0.00103156
0.98135 0.01865 0.00103156 0.00103156
0.98135 0.01865 0.00103156 0.00103156
0.98135 0.01865 0.00103156 0.00103156
0.98135 0.01865 0.00103156 0.00103156
0.98135 0.01865 0.00103156 0.00103156
0.98135 0.01865 0.00103156 0.00103156
0.98135 0.01865 0.00103156 0.00103156
0.98135 0.01865 0.00103156 0.00103156
0.98135 0.01865 0.00103156 0.00103156
0.98135 0.01865 0.00103156 0.00103156
0.98135 0.01865 0.00103156 0.00103156
0.98135 0.01865 0.00103156 0.00103156
