0.50027 0.49973 3.24213e-05 3.24213e-05
0.4995 0.5005 6.05152e-05 6.05152e-05
0.49902 0.50098 9.93935e-05 9.93935e-05
0.49908 0.50092 0.000138882 0.000138882
0.49852 0.50148 0.00016003 0.00016003
0.49878 0.50122 0.000185567 0.000185567
0.49858 0.50142 0.000219721 0.000219721
0.4977 0.5023 0.000253263 0.000253263
0.49731 0.50269 0.000295751 0.000295751
0.498 0.502 0.000342788 0.000342788
0.49727 0.50273 0.000373553 0.000373553
0.49764 0.50236 0.000372798 0.000372798
0.49749 0.50251 0.00041704 0.00041704
0.49727 0.50273 0.000469593 0.000469593
0.49686 0.50314 0.000497455 0.000497455
0.49667 0.50333 0.00054192 0.00054192
0.4966 0.5034 0.00058602 0.00058602
0.49609 0.50391 0.000597739 0.000597739
0.4959 0.5041 0.000612495 0.000612495
0.49577 0.50423 0.000594482 0.000594482
0.49554 0.50446 0.000609968 0.000609968
0.49592 0.50408 0.000642276 0.000642276
0.49587 0.50413 0.000680579 0.000680579
0.49624 0.50376 0.000704023 0.000704023
0.49616 0.50384 0.000732762 0.000732762
0.49626 0.50374 0.000752316 0.000752316
0.4962 0.5038 0.000759697 0.000759697
0.49583 0.50417 0.000757961 0.000757961
0.49565 0.50435 0.000786008 0.000786008
0.49563 0.50437 0.000824155 0.000824155
0.49527 0.50473 0.000854644 0.000854644
0.49511 0.50489 0.000885311 0.000885311
0.49512 0.50488 0.000913642 0.000913642
0.49499 0.50501 0.000919505 0.000919505
0.49507 0.50493 0.000915035 0.000915035
0.49502 0.50498 0.00088503 0.00088503
0.49506 0.50494 0.000880724 0.000880724
0.49504 0.50496 0.000900544 0.000900544
0.4952 0.5048 0.000916384 0.000916384
0.49517 0.50483 0.000927557 0.000927557
0.49519 0.50481 0.000936014 0.000936014
0.49483 0.50517 0.000929819 0.000929819
0.49496 0.50504 0.000942301 0.000942301
0.49515 0.50485 0.000946028 0.000946028
0.49513 0.50487 0.000959165 0.000959165
0.49512 0.50488 0.000972389 0.000972389
0.49532 0.50468 0.000982179 0.000982179
0.49535 0.50465 0.000991563 0.000991563
0.4952 0.5048 0.000981899 0.000981899
0.49496 0.50504 0.000984382 0.000984382
0.49493 0.50507 0.000987419 0.000987419
0.49479 0.50521 0.000990733 0.000990733
0.49464 0.50536 0.00100819 0.00100819
0.4948 0.5052 0.00101125 0.00101125
0.49476 0.50524 0.001014 0.001014
0.49478 0.50522 0.001013 0.001013
0.49475 0.50525 0.00102853 0.00102853
0.49461 0.50539 0.00103258 0.00103258
0.49462 0.50538 0.00103555 0.00103555
0.49457 0.50543 0.00104065 0.00104065
0.49457 0.50543 0.00103576 0.00103576
0.49469 0.50531 0.00104496 0.00104496
0.49458 0.50542 0.00105516 0.00105516
0.49475 0.50525 0.00107213 0.00107213
0.49482 0.50518 0.0010715 0.0010715
0.49481 0.50519 0.00107973 0.00107973
0.49484 0.50516 0.00107874 0.00107874
0.4948 0.5052 0.00108109 0.00108109
0.49486 0.50514 0.00107871 0.00107871
0.49502 0.50498 0.00108768 0.00108768
0.49493 0.50507 0.00108245 0.00108245
0.49499 0.50501 0.00108334 0.00108334
0.49488 0.50512 0.00109011 0.00109011
0.49486 0.50514 0.0010942 0.0010942
0.4948 0.5052 0.00109691 0.00109691
0.49461 0.50539 0.00110513 0.00110513
0.4947 0.5053 0.00109916 0.00109916
0.49463 0.50537 0.00110759 0.00110759
0.49463 0.50537 0.00110783 0.00110783
0.49456 0.50544 0.00110439 0.00110439
0.49464 0.50536 0.00111056 0.00111056
0.49456 0.50544 0.00110982 0.00110982
0.49449 0.50551 0.00110643 0.00110643
0.49457 0.50543 0.00110631 0.00110631
0.49462 0.50538 0.00110862 0.00110862
0.49467 0.50533 0.00110467 0.00110467
0.49477 0.50523 0.00110377 0.00110377
0.49481 0.50519 0.00110205 0.00110205
0.4948 0.5052 0.00110646 0.00110646
0.49481 0.50519 0.0011009 0.0011009
0.49476 0.50524 0.00110293 0.00110293
0.49474 0.50526 0.00111017 0.00111017
0.49479 0.50521 0.00110936 0.00110936
0.49476 0.50524 0.00111629 0.00111629
0.49478 0.50522 0.00111761 0.00111761
0.49472 0.50528 0.00111911 0.00111911
0.49473 0.50527 0.00112163 0.00112163
0.49483 0.50517 0.00112121 0.00112121
0.49481 0.50519 0.00112256 0.00112256
0.49476 0.50524 0.0011241 0.0011241
0.49481 0.50519 0.00112256 0.00112256
0.4948 0.5052 0.00112378 0.00112378
0.49478 0.50522 0.00112874 0.00112874
0.49482 0.50518 0.00113041 0.00113041
0.49482 0.50518 0.00113241 0.00113241
0.4949 0.5051 0.00113575 0.00113575
0.49489 0.50511 0.00113414 0.00113414
0.49486 0.50514 0.00113174 0.00113174
0.49477 0.50523 0.00113044 0.00113044
0.49478 0.50522 0.00113033 0.00113033
0.49484 0.50516 0.00113139 0.00113139
0.49483 0.50517 0.00113297 0.00113297
0.49486 0.50514 0.0011297 0.0011297
0.49482 0.50518 0.00113108 0.00113108
0.49482 0.50518 0.00112932 0.00112932
0.49482 0.50518 0.00113152 0.00113152
0.49479 0.50521 0.00113239 0.00113239
0.49479 0.50521 0.00113138 0.00113138
0.49483 0.50517 0.00113323 0.00113323
0.4948 0.5052 0.00113119 0.00113119
0.49481 0.50519 0.00113232 0.00113232
0.49483 0.50517 0.00113101 0.00113101
0.49481 0.50519 0.00112904 0.00112904
0.4948 0.5052 0.00112883 0.00112883
0.4949 0.5051 0.00113153 0.00113153
0.49483 0.50517 0.00112913 0.00112913
0.49485 0.50515 0.0011291 0.0011291
0.49487 0.50513 0.00112888 0.00112888
0.49488 0.50512 0.00112948 0.00112948
0.49491 0.50509 0.00112921 0.00112921
0.49489 0.50511 0.00113194 0.00113194
0.49488 0.50512 0.0011338 0.0011338
0.49485 0.50515 0.00113304 0.00113304
0.49484 0.50516 0.00113329 0.00113329
0.49486 0.50514 0.00113358 0.00113358
0.49485 0.50515 0.00113647 0.00113647
0.49486 0.50514 0.00113832 0.00113832
0.49483 0.50517 0.00114036 0.00114036
0.49483 0.50517 0.00113863 0.00113863
0.49483 0.50517 0.00113727 0.00113727
0.49485 0.50515 0.00113827 0.00113827
0.49485 0.50515 0.00113593 0.00113593
0.49484 0.50516 0.00113656 0.00113656
0.49483 0.50517 0.00113792 0.00113792
0.49483 0.50517 0.00113742 0.00113742
0.49478 0.50522 0.00113827 0.00113827
0.4948 0.5052 0.00113632 0.00113632
0.49477 0.50523 0.00113917 0.00113917
0.49476 0.50524 0.00113923 0.00113923
0.49478 0.50522 0.00113926 0.00113926
0.49475 0.50525 0.00114033 0.00114033
0.49475 0.50525 0.00114069 0.00114069
0.49474 0.50526 0.00113989 0.00113989
0.49473 0.50527 0.0011401 0.0011401
0.49472 0.50528 0.00114095 0.00114095
0.49471 0.50529 0.00114043 0.00114043
0.49473 0.50527 0.00113788 0.00113788
0.4947 0.5053 0.00113799 0.00113799
0.4947 0.5053 0.00113557 0.00113557
0.49467 0.50533 0.00113525 0.00113525
0.49465 0.50535 0.001137 0.001137
0.49467 0.50533 0.00113701 0.00113701
0.49469 0.50531 0.00113771 0.00113771
0.4947 0.5053 0.00113799 0.00113799
0.49469 0.50531 0.00113807 0.00113807
0.49472 0.50528 0.00113879 0.00113879
0.49474 0.50526 0.00113852 0.00113852
0.49474 0.50526 0.00113943 0.00113943
0.49475 0.50525 0.00113956 0.00113956
0.49476 0.50524 0.0011373 0.0011373
0.49477 0.50523 0.00113834 0.00113834
0.49475 0.50525 0.00113964 0.00113964
0.49473 0.50527 0.0011406 0.0011406
0.49474 0.50526 0.0011406 0.0011406
0.49474 0.50526 0.0011406 0.0011406
0.49475 0.50525 0.00114108 0.00114108
0.49475 0.50525 0.00113987 0.00113987
0.49476 0.50524 0.00114027 0.00114027
0.49476 0.50524 0.00113873 0.00113873
0.49476 0.50524 0.00113873 0.00113873
0.49478 0.50522 0.00113815 0.00113815
0.49478 0.50522 0.00113815 0.00113815
0.49477 0.50523 0.00113741 0.00113741
0.49477 0.50523 0.00113741 0.00113741
0.49475 0.50525 0.00113728 0.00113728
0.49473 0.50527 0.00113784 0.00113784
0.49474 0.50526 0.00114066 0.00114066
0.49473 0.50527 0.00114147 0.00114147
0.49474 0.50526 0.00114133 0.00114133
0.49473 0.50527 0.00114147 0.00114147
0.49474 0.50526 0.00114133 0.00114133
0.49474 0.50526 0.00114133 0.00114133
0.49473 0.50527 0.00114083 0.00114083
0.49473 0.50527 0.00114076 0.00114076
0.49472 0.50528 0.00114115 0.00114115
0.49472 0.50528 0.00114075 0.00114075
0.49472 0.50528 0.00114073 0.00114073
0.49472 0.50528 0.00114073 0.00114073
0.49472 0.50528 0.00114073 0.00114073
0.49472 0.50528 0.00114073 0.00114073
0.49473 0.50527 0.00114044 0.00114044
0.49471 0.50529 0.00114025 0.00114025
0.4947 0.5053 0.00114054 0.00114054
0.4947 0.5053 0.00114054 0.00114054
0.49471 0.50529 0.00113993 0.00113993
0.49471 0.50529 0.00113993 0.00113993
0.49472 0.50528 0.00114035 0.00114035
0.49471 0.50529 0.00114065 0.00114065
0.4947 0.5053 0.00114041 0.00114041
0.49469 0.50531 0.0011404 0.0011404
0.4947 0.5053 0.00113951 0.00113951
0.4947 0.5053 0.00113951 0.00113951
0.4947 0.5053 0.00113951 0.00113951
0.49471 0.50529 0.00113936 0.00113936
0.49474 0.50526 0.00114032 0.00114032
0.49474 0.50526 0.00114032 0.00114032
0.49475 0.50525 0.00113972 0.00113972
0.49475 0.50525 0.00113972 0.00113972
0.49472 0.50528 0.00113897 0.00113897
0.49474 0.50526 0.00113957 0.00113957
0.49472 0.50528 0.00113885 0.00113885
0.49473 0.50527 0.00113852 0.00113852
0.49474 0.50526 0.00113906 0.00113906
0.49474 0.50526 0.00113906 0.00113906
0.49474 0.50526 0.00113929 0.00113929
0.49474 0.50526 0.00113929 0.00113929
0.49474 0.50526 0.00113929 0.00113929
0.4947 0.5053 0.00114227 0.00114227
0.4947 0.5053 0.00114183 0.00114183
0.4947 0.5053 0.00114183 0.00114183
0.49469 0.50531 0.00114092 0.00114092
0.4947 0.5053 0.00114094 0.00114094
0.49471 0.50529 0.00114043 0.00114043
0.49471 0.50529 0.00114043 0.00114043
0.49471 0.50529 0.00114043 0.00114043
0.49471 0.50529 0.00114011 0.00114011
0.49471 0.50529 0.00114011 0.00114011
0.4947 0.5053 0.00114041 0.00114041
0.4947 0.5053 0.00114041 0.00114041
0.49468 0.50532 0.0011404 0.0011404
0.49469 0.50531 0.00114064 0.00114064
0.49469 0.50531 0.00114064 0.00114064
0.49469 0.50531 0.00114064 0.00114064
0.49469 0.50531 0.00114064 0.00114064
0.4947 0.5053 0.00114031 0.00114031
0.4947 0.5053 0.00114031 0.00114031
0.49468 0.50532 0.00113947 0.00113947
0.49467 0.50533 0.00113935 0.00113935
0.49467 0.50533 0.00113935 0.00113935
0.49466 0.50534 0.00113964 0.00113964
0.49468 0.50532 0.00114052 0.00114052
0.49468 0.50532 0.00114052 0.00114052
0.49468 0.50532 0.00114052 0.00114052
0.49469 0.50531 0.00114143 0.00114143
0.49468 0.50532 0.00114202 0.00114202
0.49468 0.50532 0.00114202 0.00114202
0.49467 0.50533 0.00114085 0.00114085
0.49467 0.50533 0.00114085 0.00114085
0.49467 0.50533 0.00114085 0.00114085
0.49466 0.50534 0.00114128 0.00114128
0.49466 0.50534 0.00114128 0.00114128
0.49466 0.50534 0.00114128 0.00114128
0.49467 0.50533 0.00114162 0.00114162
0.49468 0.50532 0.00114101 0.00114101
0.49468 0.50532 0.00114101 0.00114101
0.49468 0.50532 0.00114101 0.00114101
0.49468 0.50532 0.00114101 0.00114101
0.49468 0.50532 0.00114101 0.00114101
0.49468 0.50532 0.00114101 0.00114101
0.49468 0.50532 0.00114101 0.00114101
0.49468 0.50532 0.00114101 0.00114101
0.49468 0.50532 0.00114101 0.00114101
0.49468 0.50532 0.00114079 0.00114079
0.49468 0.50532 0.00114079 0.00114079
0.49467 0.50533 0.0011414 0.0011414
0.49467 0.50533 0.0011414 0.0011414
0.49467 0.50533 0.0011414 0.0011414
0.49466 0.50534 0.00114168 0.00114168
0.49465 0.50535 0.00114245 0.00114245
0.49466 0.50534 0.00114184 0.00114184
0.49466 0.50534 0.00114184 0.00114184
0.49465 0.50535 0.00114162 0.00114162
0.49465 0.50535 0.00114162 0.00114162
0.49465 0.50535 0.00114162 0.00114162
0.49467 0.50533 0.00114218 0.00114218
0.49467 0.50533 0.00114218 0.00114218
0.49467 0.50533 0.00114218 0.00114218
0.49467 0.50533 0.00114218 0.00114218
0.49467 0.50533 0.00114218 0.00114218
0.49466 0.50534 0.00114196 0.00114196
0.49466 0.50534 0.00114196 0.00114196
0.49466 0.50534 0.00114196 0.00114196
0.49466 0.50534 0.00114196 0.00114196
0.49467 0.50533 0.00114218 0.00114218
0.49467 0.50533 0.00114218 0.00114218
0.49467 0.50533 0.00114218 0.00114218
0.49467 0.50533 0.00114218 0.00114218
0.49466 0.50534 0.00114184 0.00114184
0.49466 0.50534 0.00114184 0.00114184
0.49466 0.50534 0.00114184 0.00114184
0.49466 0.50534 0.00114184 0.00114184
0.49466 0.50534 0.00114184 0.00114184
0.49466 0.50534 0.00114184 0.00114184
0.49466 0.50534 0.00114184 0.00114184
0.49467 0.50533 0.00114107 0.00114107
0.49467 0.50533 0.00114107 0.00114107
0.49467 0.50533 0.00114107 0.00114107
0.49467 0.50533 0.00114107 0.00114107
0.49468 0.50532 0.00114141 0.00114141
0.49468 0.50532 0.00114141 0.00114141
0.49468 0.50532 0.00114141 0.00114141
0.49468 0.50532 0.00114141 0.00114141
0.49468 0.50532 0.00114141 0.00114141
0.49468 0.50532 0.00114141 0.00114141
0.49468 0.50532 0.00114141 0.00114141
0.49468 0.50532 0.00114141 0.00114141
0.49467 0.50533 0.00114202 0.00114202
0.49467 0.50533 0.00114202 0.00114202
0.49467 0.50533 0.00114202 0.00114202
0.49467 0.50533 0.00114202 0.00114202
0.49467 0.50533 0.00114202 0.00114202
0.49467 0.50533 0.00114202 0.00114202
0.49467 0.50533 0.00114202 0.00114202
0.49468 0.50532 0.00114169 0.00114169
0.49468 0.50532 0.00114169 0.00114169
0.49467 0.50533 0.00114148 0.00114148
0.49468 0.50532 0.00114087 0.00114087
0.49468 0.50532 0.00114087 0.00114087
0.49468 0.50532 0.00114087 0.00114087
0.49468 0.50532 0.00114087 0.00114087
0.49468 0.50532 0.00114087 0.00114087
0.49468 0.50532 0.00114087 0.00114087
0.49468 0.50532 0.00114087 0.00114087
0.49468 0.50532 0.00114087 0.00114087
0.49468 0.50532 0.00114087 0.00114087
0.49468 0.50532 0.00114087 0.00114087
0.49468 0.50532 0.00114087 0.00114087
0.49468 0.50532 0.00114087 0.00114087
0.49468 0.50532 0.00114087 0.00114087
0.49467 0.50533 0.00114131 0.00114131
0.49467 0.50533 0.00114131 0.00114131
0.49468 0.50532 0.00114087 0.00114087
0.49468 0.50532 0.00114087 0.00114087
0.49468 0.50532 0.00114087 0.00114087
0.49468 0.50532 0.00114087 0.00114087
0.49468 0.50532 0.00114087 0.00114087
0.49468 0.50532 0.00114087 0.00114087
0.49467 0.50533 0.00114119 0.00114119
0.49466 0.50534 0.00114164 0.00114164
0.49466 0.50534 0.00114164 0.00114164
0.49466 0.50534 0.00114164 0.00114164
0.49466 0.50534 0.00114164 0.00114164
0.49467 0.50533 0.00114186 0.00114186
0.49467 0.50533 0.00114186 0.00114186
0.49467 0.50533 0.00114186 0.00114186
0.49467 0.50533 0.00114186 0.00114186
0.49467 0.50533 0.00114186 0.00114186
0.49467 0.50533 0.00114186 0.00114186
0.49467 0.50533 0.00114186 0.00114186
0.49468 0.50532 0.00114141 0.00114141
0.49468 0.50532 0.00114141 0.00114141
0.49469 0.50531 0.00114108 0.00114108
0.49469 0.50531 0.00114108 0.00114108
0.49469 0.50531 0.00114108 0.00114108
0.49468 0.50532 0.00114087 0.00114087
0.49468 0.50532 0.00114087 0.00114087
0.49468 0.50532 0.00114087 0.00114087
0.49468 0.50532 0.00114087 0.00114087
0.49467 0.50533 0.00114148 0.00114148
0.49467 0.50533 0.00114148 0.00114148
0.49468 0.50532 0.00114169 0.00114169
0.49468 0.50532 0.00114169 0.00114169
0.49468 0.50532 0.00114169 0.00114169
0.49468 0.50532 0.00114169 0.00114169
0.49468 0.50532 0.00114169 0.00114169
0.49467 0.50533 0.00114148 0.00114148
0.49467 0.50533 0.00114148 0.00114148
0.49467 0.50533 0.00114148 0.00114148
0.49467 0.50533 0.00114148 0.00114148
0.49467 0.50533 0.00114148 0.00114148
0.49467 0.50533 0.00114148 0.00114148
0.49467 0.50533 0.00114148 0.00114148
0.49467 0.50533 0.00114148 0.00114148
0.49467 0.50533 0.00114148 0.00114148
0.49467 0.50533 0.00114148 0.00114148
0.49467 0.50533 0.00114148 0.00114148
0.49467 0.50533 0.00114148 0.00114148
0.49467 0.50533 0.00114148 0.00114148
0.49467 0.50533 0.00114148 0.00114148
0.49467 0.50533 0.00114148 0.00114148
0.49467 0.50533 0.00114148 0.00114148
0.49467 0.50533 0.00114148 0.00114148
0.49467 0.50533 0.00114148 0.00114148
0.49467 0.50533 0.00114148 0.00114148
0.49467 0.50533 0.00114148 0.00114148
0.49466 0.50534 0.0011418 0.0011418
0.49466 0.50534 0.0011418 0.0011418
0.49466 0.50534 0.0011418 0.0011418
0.49466 0.50534 0.0011418 0.0011418
0.49466 0.50534 0.0011418 0.0011418
0.49467 0.50533 0.00114148 0.00114148
0.49466 0.50534 0.00114192 0.00114192
0.49465 0.50535 0.00114225 0.00114225
0.49465 0.50535 0.00114225 0.00114225
0.49465 0.50535 0.00114225 0.00114225
0.49465 0.50535 0.00114225 0.00114225
0.49465 0.50535 0.00114225 0.00114225
0.49465 0.50535 0.00114225 0.00114225
0.49465 0.50535 0.00114225 0.00114225
0.49466 0.50534 0.0011418 0.0011418
0.49465 0.50535 0.00114225 0.00114225
0.49465 0.50535 0.00114225 0.00114225
0.49465 0.50535 0.00114225 0.00114225
0.49465 0.50535 0.00114225 0.00114225
0.49465 0.50535 0.00114225 0.00114225
0.49465 0.50535 0.00114225 0.00114225
0.49465 0.50535 0.00114225 0.00114225
0.49465 0.50535 0.00114225 0.00114225
0.49466 0.50534 0.00114192 0.00114192
0.49466 0.50534 0.00114192 0.00114192
0.49466 0.50534 0.00114192 0.00114192
0.49466 0.50534 0.00114192 0.00114192
0.49466 0.50534 0.00114192 0.00114192
0.49466 0.50534 0.00114192 0.00114192
0.49466 0.50534 0.00114192 0.00114192
0.49466 0.50534 0.00114192 0.00114192
0.49466 0.50534 0.00114192 0.00114192
0.49466 0.50534 0.00114192 0.00114192
0.49466 0.50534 0.00114192 0.00114192
0.49466 0.50534 0.00114192 0.00114192
0.49465 0.50535 0.00114225 0.00114225
0.49465 0.50535 0.00114225 0.00114225
0.49465 0.50535 0.00114225 0.00114225
0.49465 0.50535 0.00114225 0.00114225
0.49465 0.50535 0.00114225 0.00114225
0.49466 0.50534 0.00114192 0.00114192
0.49466 0.50534 0.00114192 0.00114192
0.49466 0.50534 0.00114192 0.00114192
0.49466 0.50534 0.00114192 0.00114192
0.49465 0.50535 0.00114225 0.00114225
0.49465 0.50535 0.00114225 0.00114225
0.49465 0.50535 0.00114225 0.00114225
0.49466 0.50534 0.00114192 0.00114192
0.49466 0.50534 0.00114192 0.00114192
0.49466 0.50534 0.00114192 0.00114192
0.49466 0.50534 0.00114192 0.00114192
0.49466 0.50534 0.00114192 0.00114192
0.49466 0.50534 0.00114192 0.00114192
0.49465 0.50535 0.00114225 0.00114225
0.49465 0.50535 0.00114225 0.00114225
0.49465 0.50535 0.00114225 0.00114225
0.49465 0.50535 0.00114225 0.00114225
0.49465 0.50535 0.00114225 0.00114225
0.49465 0.50535 0.00114225 0.00114225
0.49465 0.50535 0.00114225 0.00114225
0.49465 0.50535 0.00114225 0.00114225
0.49465 0.50535 0.00114225 0.00114225
0.49465 0.50535 0.00114225 0.00114225
0.49465 0.50535 0.00114225 0.00114225
0.49465 0.50535 0.00114225 0.00114225
0.49465 0.50535 0.00114225 0.00114225
0.49465 0.50535 0.00114225 0.00114225
0.49465 0.50535 0.00114225 0.00114225
0.49466 0.50534 0.00114192 0.00114192
0.49466 0.50534 0.00114192 0.00114192
0.49466 0.50534 0.00114192 0.00114192
0.49466 0.50534 0.00114192 0.00114192
0.49466 0.50534 0.00114192 0.00114192
0.49466 0.50534 0.00114192 0.00114192
0.49466 0.50534 0.00114192 0.00114192
0.49466 0.50534 0.00114192 0.00114192
0.49466 0.50534 0.00114192 0.00114192
0.49466 0.50534 0.00114192 0.00114192
0.49466 0.50534 0.00114192 0.00114192
0.49466 0.50534 0.00114192 0.00114192
0.49466 0.50534 0.00114192 0.00114192
0.49466 0.50534 0.00114192 0.00114192
0.49466 0.50534 0.00114192 0.00114192
0.49466 0.50534 0.00114192 0.00114192
0.49466 0.50534 0.00114192 0.00114192
0.49466 0.50534 0.00114192 0.00114192
0.49466 0.50534 0.00114192 0.00114192
0.49466 0.50534 0.00114192 0.00114192
0.49466 0.50534 0.00114192 0.00114192
0.49466 0.50534 0.00114192 0.00114192
0.49466 0.50534 0.00114192 0.00114192
0.49466 0.50534 0.00114192 0.00114192
0.49466 0.50534 0.00114192 0.00114192
0.49466 0.50534 0.00114192 0.00114192
0.49466 0.50534 0.00114192 0.00114192
0.49466 0.50534 0.00114192 0.00114192
0.49466 0.50534 0.00114192 0.00114192
0.49466 0.50534 0.00114192 0.00114192
0.49466 0.50534 0.00114192 0.00114192
0.49466 0.50534 0.00114192 0.00114192
0.49466 0.50534 0.00114192 0.00114192
0.49466 0.50534 0.00114192 0.00114192
0.49466 0.50534 0.00114192 0.00114192
0.49466 0.50534 0.00114192 0.00114192
0.49466 0.50534 0.00114192 0.00114192
