0.49953 0.50047 1.88779e-05 1.88779e-05
0.49952 0.50048 3.93632e-05 3.93632e-05
0.49849 0.50151 5.17272e-05 5.17272e-05
0.49839 0.50161 6.92908e-05 6.92908e-05
0.4981 0.5019 8.41515e-05 8.41515e-05
0.49756 0.50244 0.000100815 0.000100815
0.49774 0.50226 0.000107043 0.000107043
0.49782 0.50218 0.000114533 0.000114533
0.49786 0.50214 0.00011695 0.00011695
0.49782 0.50218 0.000125462 0.000125462
0.49753 0.50247 0.00013409 0.00013409
0.49743 0.50257 0.000134894 0.000134894
0.49727 0.50273 0.00013632 0.00013632
0.49711 0.50289 0.000138745 0.000138745
0.49694 0.50306 0.000139653 0.000139653
0.49695 0.50305 0.000141038 0.000141038
0.49703 0.50297 0.000141605 0.000141605
0.49713 0.50287 0.00014173 0.00014173
0.49721 0.50279 0.000144289 0.000144289
0.49719 0.50281 0.00014565 0.00014565
0.49707 0.50293 0.000145642 0.000145642
0.4971 0.5029 0.000146576 0.000146576
0.4972 0.5028 0.000147818 0.000147818
0.49722 0.50278 0.000148476 0.000148476
0.49726 0.50274 0.000149507 0.000149507
0.49724 0.50276 0.000149598 0.000149598
0.49728 0.50272 0.000151961 0.000151961
0.49728 0.50272 0.000151375 0.000151375
0.49729 0.50271 0.000153622 0.000153622
0.49727 0.50273 0.000153472 0.000153472
0.4973 0.5027 0.000152919 0.000152919
0.4973 0.5027 0.000154273 0.000154273
0.49728 0.50272 0.000151921 0.000151921
0.49728 0.50272 0.000152244 0.000152244
0.49728 0.50272 0.000152284 0.000152284
0.49727 0.50273 0.000152219 0.000152219
0.49725 0.50275 0.000151381 0.000151381
0.49724 0.50276 0.000151356 0.000151356
0.49724 0.50276 0.000151356 0.000151356
0.49722 0.50278 0.000151345 0.000151345
0.49723 0.50277 0.000151815 0.000151815
0.49724 0.50276 0.000151841 0.000151841
0.49725 0.50275 0.000152412 0.000152412
0.49723 0.50277 0.00015226 0.00015226
0.49723 0.50277 0.00015226 0.00015226
0.49723 0.50277 0.000152623 0.000152623
0.49723 0.50277 0.000152623 0.000152623
0.49724 0.50276 0.000152487 0.000152487
0.49725 0.50275 0.00015221 0.00015221
0.49725 0.50275 0.00015221 0.00015221
0.49724 0.50276 0.000152124 0.000152124
0.49724 0.50276 0.000152124 0.000152124
0.49725 0.50275 0.00015221 0.00015221
0.49726 0.50274 0.000152093 0.000152093
0.49726 0.50274 0.000152093 0.000152093
0.49726 0.50274 0.000152093 0.000152093
0.49727 0.50273 0.000152138 0.000152138
0.49727 0.50273 0.000152138 0.000152138
0.49727 0.50273 0.000152138 0.000152138
0.49727 0.50273 0.000152138 0.000152138
0.49727 0.50273 0.000152138 0.000152138
0.49727 0.50273 0.000152138 0.000152138
0.49727 0.50273 0.000152138 0.000152138
0.49727 0.50273 0.000152138 0.000152138
0.49727 0.50273 0.000152138 0.000152138
0.49727 0.50273 0.000152138 0.000152138
0.49727 0.50273 0.000152138 0.000152138
0.49727 0.50273 0.000152138 0.000152138
0.49727 0.50273 0.000152138 0.000152138
0.49727 0.50273 0.000152138 0.000152138
0.49727 0.50273 0.000152138 0.000152138
0.49727 0.50273 0.000152138 0.000152138
0.49727 0.50273 0.000152138 0.000152138
0.49727 0.50273 0.000152138 0.000152138
0.49727 0.50273 0.000152138 0.000152138
0.49727 0.50273 0.000152138 0.000152138
0.49727 0.50273 0.000152138 0.000152138
0.49727 0.50273 0.000152138 0.000152138
0.49727 0.50273 0.000152138 0.000152138
0.49727 0.50273 0.000152138 0.000152138
0.49727 0.50273 0.000152138 0.000152138
0.49727 0.50273 0.000152138 0.000152138
0.49727 0.50273 0.000152138 0.000152138
0.49727 0.50273 0.000152138 0.000152138
0.49727 0.50273 0.000152138 0.000152138
0.49727 0.50273 0.000152138 0.000152138
0.49727 0.50273 0.000152138 0.000152138
0.49727 0.50273 0.000152138 0.000152138
0.49727 0.50273 0.000152138 0.000152138
0.49727 0.50273 0.000152138 0.000152138
0.49727 0.50273 0.000152138 0.000152138
0.49727 0.50273 0.000152138 0.000152138
0.49727 0.50273 0.000152138 0.000152138
0.49727 0.50273 0.000152138 0.000152138
0.49727 0.50273 0.000152138 0.000152138
0.49727 0.50273 0.000152138 0.000152138
0.49727 0.50273 0.000152138 0.000152138
0.49727 0.50273 0.000152138 0.000152138
0.49727 0.50273 0.000152138 0.000152138
0.49727 0.50273 0.000152138 0.000152138
0.49727 0.50273 0.000152138 0.000152138
0.49727 0.50273 0.000152138 0.000152138
0.49727 0.50273 0.000152138 0.000152138
0.49727 0.50273 0.000152138 0.000152138
0.49727 0.50273 0.000152138 0.000152138
0.49727 0.50273 0.000152138 0.000152138
0.49727 0.50273 0.000152138 0.000152138
0.49727 0.50273 0.000152138 0.000152138
0.49727 0.50273 0.000152138 0.000152138
0.49727 0.50273 0.000152138 0.000152138
0.49727 0.50273 0.000152138 0.000152138
0.49727 0.50273 0.000152138 0.000152138
0.49727 0.50273 0.000152138 0.000152138
0.49727 0.50273 0.000152138 0.000152138
0.49727 0.50273 0.000152138 0.000152138
0.49727 0.50273 0.000152138 0.000152138
0.49727 0.50273 0.000152138 0.000152138
0.49727 0.50273 0.000152138 0.000152138
0.49727 0.50273 0.000152138 0.000152138
0.49727 0.50273 0.000152138 0.000152138
0.49727 0.50273 0.000152138 0.000152138
0.49727 0.50273 0.000152138 0.000152138
0.49727 0.50273 0.000152138 0.000152138
0.49727 0.50273 0.000152138 0.000152138
0.49727 0.50273 0.000152138 0.000152138
0.49727 0.50273 0.000152138 0.000152138
0.49727 0.50273 0.000152138 0.000152138
0.49727 0.50273 0.000152138 0.000152138
0.49727 0.50273 0.000152138 0.000152138
0.49727 0.50273 0.000152138 0.000152138
0.49727 0.50273 0.000152138 0.000152138
0.49727 0.50273 0.000152138 0.000152138
0.49727 0.50273 0.000152138 0.000152138
0.49727 0.50273 0.000152138 0.000152138
0.49727 0.50273 0.000152138 0.000152138
0.49727 0.50273 0.000152138 0.000152138
0.49727 0.50273 0.000152138 0.000152138
0.49727 0.50273 0.000152138 0.000152138
0.49727 0.50273 0.000152138 0.000152138
0.49727 0.50273 0.000152138 0.000152138
0.49727 0.50273 0.000152138 0.000152138
0.49727 0.50273 0.000152138 0.000152138
0.49727 0.50273 0.000152138 0.000152138
0.49727 0.50273 0.000152138 0.000152138
0.49727 0.50273 0.000152138 0.000152138
0.49727 0.50273 0.000152138 0.000152138
0.49727 0.50273 0.000152138 0.000152138
0.49727 0.50273 0.000152138 0.000152138
0.49727 0.50273 0.000152138 0.000152138
0.49727 0.50273 0.000152138 0.000152138
0.49727 0.50273 0.000152138 0.000152138
0.49727 0.50273 0.000152138 0.000152138
0.49727 0.50273 0.000152138 0.000152138
0.49727 0.50273 0.000152138 0.000152138
0.49727 0.50273 0.000152138 0.000152138
0.49727 0.50273 0.000152138 0.000152138
0.49727 0.50273 0.000152138 0.000152138
0.49727 0.50273 0.000152138 0.000152138
0.49727 0.50273 0.000152138 0.000152138
0.49727 0.50273 0.000152138 0.000152138
0.49727 0.50273 0.000152138 0.000152138
0.49727 0.50273 0.000152138 0.000152138
0.49727 0.50273 0.000152138 0.000152138
0.49727 0.50273 0.000152138 0.000152138
0.49727 0.50273 0.000152138 0.000152138
0.49727 0.50273 0.000152138 0.000152138
0.49727 0.50273 0.000152138 0.000152138
0.49727 0.50273 0.000152138 0.000152138
0.49727 0.50273 0.000152138 0.000152138
0.49727 0.50273 0.000152138 0.000152138
0.49727 0.50273 0.000152138 0.000152138
0.49727 0.50273 0.000152138 0.000152138
0.49727 0.50273 0.000152138 0.000152138
0.49727 0.50273 0.000152138 0.000152138
0.49727 0.50273 0.000152138 0.000152138
0.49727 0.50273 0.000152138 0.000152138
0.49727 0.50273 0.000152138 0.000152138
0.49727 0.50273 0.000152138 0.000152138
0.49727 0.50273 0.000152138 0.000152138
0.49727 0.50273 0.000152138 0.000152138
0.49727 0.50273 0.000152138 0.000152138
0.49727 0.50273 0.000152138 0.000152138
0.49727 0.50273 0.000152138 0.000152138
0.49727 0.50273 0.000152138 0.000152138
0.49727 0.50273 0.000152138 0.000152138
0.49727 0.50273 0.000152138 0.000152138
0.49727 0.50273 0.000152138 0.000152138
0.49727 0.50273 0.000152138 0.000152138
0.49727 0.50273 0.000152138 0.000152138
0.49727 0.50273 0.000152138 0.000152138
0.49727 0.50273 0.000152138 0.000152138
0.49727 0.50273 0.000152138 0.000152138
0.49727 0.50273 0.000152138 0.000152138
0.49727 0.50273 0.000152138 0.000152138
0.49727 0.50273 0.000152138 0.000152138
0.49727 0.50273 0.000152138 0.000152138
0.49727 0.50273 0.000152138 0.000152138
0.49727 0.50273 0.000152138 0.000152138
0.49727 0.50273 0.000152138 0.000152138
0.49727 0.50273 0.000152138 0.000152138
0.49727 0.50273 0.000152138 0.000152138
0.49727 0.50273 0.000152138 0.000152138
0.49727 0.50273 0.000152138 0.000152138
0.49727 0.50273 0.000152138 0.000152138
0.49727 0.50273 0.000152138 0.000152138
0.49727 0.50273 0.000152138 0.000152138
0.49727 0.50273 0.000152138 0.000152138
0.49727 0.50273 0.000152138 0.000152138
0.49727 0.50273 0.000152138 0.000152138
0.49727 0.50273 0.000152138 0.000152138
0.49727 0.50273 0.000152138 0.000152138
0.49727 0.50273 0.000152138 0.000152138
0.49727 0.50273 0.000152138 0.000152138
0.49727 0.50273 0.000152138 0.000152138
0.49727 0.50273 0.000152138 0.000152138
0.49727 0.50273 0.000152138 0.000152138
0.49727 0.50273 0.000152138 0.000152138
0.49727 0.50273 0.000152138 0.000152138
0.49727 0.50273 0.000152138 0.000152138
0.49727 0.50273 0.000152138 0.000152138
0.49727 0.50273 0.000152138 0.000152138
0.49727 0.50273 0.000152138 0.000152138
0.49727 0.50273 0.000152138 0.000152138
0.49727 0.50273 0.000152138 0.000152138
0.49727 0.50273 0.000152138 0.000152138
0.49727 0.50273 0.000152138 0.000152138
0.49727 0.50273 0.000152138 0.000152138
0.49727 0.50273 0.000152138 0.000152138
0.49727 0.50273 0.000152138 0.000152138
0.49727 0.50273 0.000152138 0.000152138
0.49727 0.50273 0.000152138 0.000152138
0.49727 0.50273 0.000152138 0.000152138
0.49727 0.50273 0.000152138 0.000152138
0.49727 0.50273 0.000152138 0.000152138
0.49727 0.50273 0.000152138 0.000152138
0.49727 0.50273 0.000152138 0.000152138
0.49727 0.50273 0.000152138 0.000152138
0.49727 0.50273 0.000152138 0.000152138
0.49727 0.50273 0.000152138 0.000152138
0.49727 0.50273 0.000152138 0.000152138
0.49727 0.50273 0.000152138 0.000152138
0.49727 0.50273 0.000152138 0.000152138
0.49727 0.50273 0.000152138 0.000152138
0.49727 0.50273 0.000152138 0.000152138
0.49727 0.50273 0.000152138 0.000152138
0.49727 0.50273 0.000152138 0.000152138
0.49727 0.50273 0.000152138 0.000152138
0.49727 0.50273 0.000152138 0.000152138
0.49727 0.50273 0.000152138 0.000152138
0.49727 0.50273 0.000152138 0.000152138
0.49727 0.50273 0.000152138 0.000152138
0.49727 0.50273 0.000152138 0.000152138
0.49727 0.50273 0.000152138 0.000152138
0.49727 0.50273 0.000152138 0.000152138
0.49727 0.50273 0.000152138 0.000152138
0.49727 0.50273 0.000152138 0.000152138
0.49727 0.50273 0.000152138 0.000152138
0.49727 0.50273 0.000152138 0.000152138
0.49727 0.50273 0.000152138 0.000152138
0.49727 0.50273 0.000152138 0.000152138
0.49727 0.50273 0.000152138 0.000152138
0.49727 0.50273 0.000152138 0.000152138
0.49727 0.50273 0.000152138 0.000152138
0.49727 0.50273 0.000152138 0.000152138
0.49727 0.50273 0.000152138 0.000152138
0.49727 0.50273 0.000152138 0.000152138
0.49727 0.50273 0.000152138 0.000152138
0.49727 0.50273 0.000152138 0.000152138
0.49727 0.50273 0.000152138 0.000152138
0.49727 0.50273 0.000152138 0.000152138
0.49727 0.50273 0.000152138 0.000152138
0.49727 0.50273 0.000152138 0.000152138
0.49727 0.50273 0.000152138 0.000152138
0.49727 0.50273 0.000152138 0.000152138
0.49727 0.50273 0.000152138 0.000152138
0.49727 0.50273 0.000152138 0.000152138
0.49727 0.50273 0.000152138 0.000152138
0.49727 0.50273 0.000152138 0.000152138
0.49727 0.50273 0.000152138 0.000152138
0.49727 0.50273 0.000152138 0.000152138
0.49727 0.50273 0.000152138 0.000152138
0.49727 0.50273 0.000152138 0.000152138
0.49727 0.50273 0.000152138 0.000152138
0.49727 0.50273 0.000152138 0.000152138
0.49727 0.50273 0.000152138 0.000152138
0.49727 0.50273 0.000152138 0.000152138
0.49727 0.50273 0.000152138 0.000152138
0.49727 0.50273 0.000152138 0.000152138
0.49727 0.50273 0.000152138 0.000152138
0.49727 0.50273 0.000152138 0.000152138
0.49727 0.50273 0.000152138 0.000152138
0.49727 0.50273 0.000152138 0.000152138
0.49727 0.50273 0.000152138 0.000152138
0.49727 0.50273 0.000152138 0.000152138
0.49727 0.50273 0.000152138 0.000152138
0.49727 0.50273 0.000152138 0.000152138
0.49727 0.50273 0.000152138 0.000152138
0.49727 0.50273 0.000152138 0.000152138
0.49727 0.50273 0.000152138 0.000152138
0.49727 0.50273 0.000152138 0.000152138
0.49727 0.50273 0.000152138 0.000152138
0.49727 0.50273 0.000152138 0.000152138
0.49727 0.50273 0.000152138 0.000152138
0.49727 0.50273 0.000152138 0.000152138
0.49727 0.50273 0.000152138 0.000152138
0.49727 0.50273 0.000152138 0.000152138
0.49727 0.50273 0.000152138 0.000152138
0.49727 0.50273 0.000152138 0.000152138
0.49727 0.50273 0.000152138 0.000152138
0.49727 0.50273 0.000152138 0.000152138
0.49727 0.50273 0.000152138 0.000152138
0.49727 0.50273 0.000152138 0.000152138
0.49727 0.50273 0.000152138 0.000152138
0.49727 0.50273 0.000152138 0.000152138
0.49727 0.50273 0.000152138 0.000152138
0.49727 0.50273 0.000152138 0.000152138
0.49727 0.50273 0.000152138 0.000152138
0.49727 0.50273 0.000152138 0.000152138
0.49727 0.50273 0.000152138 0.000152138
0.49727 0.50273 0.000152138 0.000152138
0.49727 0.50273 0.000152138 0.000152138
0.49727 0.50273 0.000152138 0.000152138
0.49727 0.50273 0.000152138 0.000152138
0.49727 0.50273 0.000152138 0.000152138
0.49727 0.50273 0.000152138 0.000152138
0.49727 0.50273 0.000152138 0.000152138
0.49727 0.50273 0.000152138 0.000152138
0.49727 0.50273 0.000152138 0.000152138
0.49727 0.50273 0.000152138 0.000152138
0.49727 0.50273 0.000152138 0.000152138
0.49727 0.50273 0.000152138 0.000152138
0.49727 0.50273 0.000152138 0.000152138
0.49727 0.50273 0.000152138 0.000152138
0.49727 0.50273 0.000152138 0.000152138
0.49727 0.50273 0.000152138 0.000152138
0.49727 0.50273 0.000152138 0.000152138
0.49727 0.50273 0.000152138 0.000152138
0.49727 0.50273 0.000152138 0.000152138
0.49727 0.50273 0.000152138 0.000152138
0.49727 0.50273 0.000152138 0.000152138
0.49727 0.50273 0.000152138 0.000152138
0.49727 0.50273 0.000152138 0.000152138
0.49727 0.50273 0.000152138 0.000152138
0.49727 0.50273 0.000152138 0.000152138
0.49727 0.50273 0.000152138 0.000152138
0.49727 0.50273 0.000152138 0.000152138
0.49727 0.50273 0.000152138 0.000152138
0.49727 0.50273 0.000152138 0.000152138
0.49727 0.50273 0.000152138 0.000152138
0.49727 0.50273 0.000152138 0.000152138
0.49727 0.50273 0.000152138 0.000152138
0.49727 0.50273 0.000152138 0.000152138
0.49727 0.50273 0.000152138 0.000152138
0.49727 0.50273 0.000152138 0.000152138
0.49727 0.50273 0.000152138 0.000152138
0.49727 0.50273 0.000152138 0.000152138
0.49727 0.50273 0.000152138 0.000152138
0.49727 0.50273 0.000152138 0.000152138
0.49727 0.50273 0.000152138 0.000152138
0.49727 0.50273 0.000152138 0.000152138
0.49727 0.50273 0.000152138 0.000152138
0.49727 0.50273 0.000152138 0.000152138
0.49727 0.50273 0.000152138 0.000152138
0.49727 0.50273 0.000152138 0.000152138
0.49727 0.50273 0.000152138 0.000152138
0.49727 0.50273 0.000152138 0.000152138
0.49727 0.50273 0.000152138 0.000152138
0.49727 0.50273 0.000152138 0.000152138
0.49727 0.50273 0.000152138 0.000152138
0.49727 0.50273 0.000152138 0.000152138
0.49727 0.50273 0.000152138 0.000152138
0.49727 0.50273 0.000152138 0.000152138
0.49727 0.50273 0.000152138 0.000152138
0.49727 0.50273 0.000152138 0.000152138
0.49727 0.50273 0.000152138 0.000152138
0.49727 0.50273 0.000152138 0.000152138
0.49727 0.50273 0.000152138 0.000152138
0.49727 0.50273 0.000152138 0.000152138
0.49727 0.50273 0.000152138 0.000152138
0.49727 0.50273 0.000152138 0.000152138
0.49727 0.50273 0.000152138 0.000152138
0.49727 0.50273 0.000152138 0.000152138
0.49727 0.50273 0.000152138 0.000152138
0.49727 0.50273 0.000152138 0.000152138
0.49727 0.50273 0.000152138 0.000152138
0.49727 0.50273 0.000152138 0.000152138
0.49727 0.50273 0.000152138 0.000152138
0.49727 0.50273 0.000152138 0.000152138
0.49727 0.50273 0.000152138 0.000152138
0.49727 0.50273 0.000152138 0.000152138
0.49727 0.50273 0.000152138 0.000152138
0.49727 0.50273 0.000152138 0.000152138
0.49727 0.50273 0.000152138 0.000152138
0.49727 0.50273 0.000152138 0.000152138
0.49727 0.50273 0.000152138 0.000152138
0.49727 0.50273 0.000152138 0.000152138
0.49727 0.50273 0.000152138 0.000152138
0.49727 0.50273 0.000152138 0.000152138
0.49727 0.50273 0.000152138 0.000152138
0.49727 0.50273 0.000152138 0.000152138
0.49727 0.50273 0.000152138 0.000152138
0.49727 0.50273 0.000152138 0.000152138
0.49727 0.50273 0.000152138 0.000152138
0.49727 0.50273 0.000152138 0.000152138
0.49727 0.50273 0.000152138 0.000152138
0.49727 0.50273 0.000152138 0.000152138
0.49727 0.50273 0.000152138 0.000152138
0.49727 0.50273 0.000152138 0.000152138
0.49727 0.50273 0.000152138 0.000152138
0.49727 0.50273 0.000152138 0.000152138
0.49727 0.50273 0.000152138 0.000152138
0.49727 0.50273 0.000152138 0.000152138
0.49727 0.50273 0.000152138 0.000152138
0.49727 0.50273 0.000152138 0.000152138
0.49727 0.50273 0.000152138 0.000152138
0.49727 0.50273 0.000152138 0.000152138
0.49727 0.50273 0.000152138 0.000152138
0.49727 0.50273 0.000152138 0.000152138
0.49727 0.50273 0.000152138 0.000152138
0.49727 0.50273 0.000152138 0.000152138
0.49727 0.50273 0.000152138 0.000152138
0.49727 0.50273 0.000152138 0.000152138
0.49727 0.50273 0.000152138 0.000152138
0.49727 0.50273 0.000152138 0.000152138
0.49727 0.50273 0.000152138 0.000152138
0.49727 0.50273 0.000152138 0.000152138
0.49727 0.50273 0.000152138 0.000152138
0.49727 0.50273 0.000152138 0.000152138
0.49727 0.50273 0.000152138 0.000152138
0.49727 0.50273 0.000152138 0.000152138
0.49727 0.50273 0.000152138 0.000152138
0.49727 0.50273 0.000152138 0.000152138
0.49727 0.50273 0.000152138 0.000152138
0.49727 0.50273 0.000152138 0.000152138
0.49727 0.50273 0.000152138 0.000152138
0.49727 0.50273 0.000152138 0.000152138
0.49727 0.50273 0.000152138 0.000152138
0.49727 0.50273 0.000152138 0.000152138
0.49727 0.50273 0.000152138 0.000152138
0.49727 0.50273 0.000152138 0.000152138
0.49727 0.50273 0.000152138 0.000152138
0.49727 0.50273 0.000152138 0.000152138
0.49727 0.50273 0.000152138 0.000152138
0.49727 0.50273 0.000152138 0.000152138
0.49727 0.50273 0.000152138 0.000152138
0.49727 0.50273 0.000152138 0.000152138
0.49727 0.50273 0.000152138 0.000152138
0.49727 0.50273 0.000152138 0.000152138
0.49727 0.50273 0.000152138 0.000152138
0.49727 0.50273 0.000152138 0.000152138
0.49727 0.50273 0.000152138 0.000152138
0.49727 0.50273 0.000152138 0.000152138
0.49727 0.50273 0.000152138 0.000152138
0.49727 0.50273 0.000152138 0.000152138
0.49727 0.50273 0.000152138 0.000152138
0.49727 0.50273 0.000152138 0.000152138
0.49727 0.50273 0.000152138 0.000152138
0.49727 0.50273 0.000152138 0.000152138
0.49727 0.50273 0.000152138 0.000152138
0.49727 0.50273 0.000152138 0.000152138
0.49727 0.50273 0.000152138 0.000152138
0.49727 0.50273 0.000152138 0.000152138
0.49727 0.50273 0.000152138 0.000152138
0.49727 0.50273 0.000152138 0.000152138
0.49727 0.50273 0.000152138 0.000152138
0.49727 0.50273 0.000152138 0.000152138
0.49727 0.50273 0.000152138 0.000152138
0.49727 0.50273 0.000152138 0.000152138
0.49727 0.50273 0.000152138 0.000152138
0.49727 0.50273 0.000152138 0.000152138
0.49727 0.50273 0.000152138 0.000152138
0.49727 0.50273 0.000152138 0.000152138
0.49727 0.50273 0.000152138 0.000152138
0.49727 0.50273 0.000152138 0.000152138
0.49727 0.50273 0.000152138 0.000152138
0.49727 0.50273 0.000152138 0.000152138
0.49727 0.50273 0.000152138 0.000152138
0.49727 0.50273 0.000152138 0.000152138
0.49727 0.50273 0.000152138 0.000152138
0.49727 0.50273 0.000152138 0.000152138
0.49727 0.50273 0.000152138 0.000152138
0.49727 0.50273 0.000152138 0.000152138
0.49727 0.50273 0.000152138 0.000152138
0.49727 0.50273 0.000152138 0.000152138
0.49727 0.50273 0.000152138 0.000152138
0.49727 0.50273 0.000152138 0.000152138
0.49727 0.50273 0.000152138 0.000152138
0.49727 0.50273 0.000152138 0.000152138
0.49727 0.50273 0.000152138 0.000152138
0.49727 0.50273 0.000152138 0.000152138
0.49727 0.50273 0.000152138 0.000152138
0.49727 0.50273 0.000152138 0.000152138
0.49727 0.50273 0.000152138 0.000152138
0.49727 0.50273 0.000152138 0.000152138
0.49727 0.50273 0.000152138 0.000152138
0.49727 0.50273 0.000152138 0.000152138
0.49727 0.50273 0.000152138 0.000152138
0.49727 0.50273 0.000152138 0.000152138
0.49727 0.50273 0.000152138 0.000152138
0.49727 0.50273 0.000152138 0.000152138
