0.49743 0.50257 4.22072e-05 4.22072e-05
0.49546 0.50454 9.00287e-05 9.00287e-05
0.49277 0.50723 0.000141007 0.000141007
0.49072 0.50928 0.00021982 0.00021982
0.48828 0.51172 0.000289719 0.000289719
0.48612 0.51388 0.000352693 0.000352693
0.48443 0.51557 0.000420914 0.000420914
0.48363 0.51637 0.000473266 0.000473266
0.48254 0.51746 0.000515665 0.000515665
0.48194 0.51806 0.000579916 0.000579916
0.48053 0.51947 0.000578575 0.000578575
0.48016 0.51984 0.000612116 0.000612116
0.47909 0.52091 0.000657295 0.000657295
0.47832 0.52168 0.000695513 0.000695513
0.47798 0.52202 0.000756666 0.000756666
0.47679 0.52321 0.000741481 0.000741481
0.47567 0.52433 0.000757658 0.000757658
0.47534 0.52466 0.000787782 0.000787782
0.47451 0.52549 0.000805949 0.000805949
0.47366 0.52634 0.000872186 0.000872186
0.47316 0.52684 0.000892237 0.000892237
0.47325 0.52675 0.000930816 0.000930816
0.47269 0.52731 0.000947994 0.000947994
0.47245 0.52755 0.000946129 0.000946129
0.47181 0.52819 0.000970317 0.000970317
0.47132 0.52868 0.000985331 0.000985331
0.47145 0.52855 0.00100094 0.00100094
0.47135 0.52865 0.00101158 0.00101158
0.47102 0.52898 0.00103325 0.00103325
0.47055 0.52945 0.00103118 0.00103118
0.47039 0.52961 0.00106967 0.00106967
0.47041 0.52959 0.00108168 0.00108168
0.47015 0.52985 0.00108106 0.00108106
0.47008 0.52992 0.00109607 0.00109607
0.46994 0.53006 0.00111339 0.00111339
0.46977 0.53023 0.00110844 0.00110844
0.4694 0.5306 0.00111075 0.00111075
0.46919 0.53081 0.00110628 0.00110628
0.46922 0.53078 0.00112638 0.00112638
0.46928 0.53072 0.00113237 0.00113237
0.46907 0.53093 0.00114655 0.00114655
0.46911 0.53089 0.00113618 0.00113618
0.46898 0.53102 0.00114277 0.00114277
0.46898 0.53102 0.0011665 0.0011665
0.46879 0.53121 0.00115849 0.00115849
0.46872 0.53128 0.00115723 0.00115723
0.46867 0.53133 0.00116131 0.00116131
0.46871 0.53129 0.0011816 0.0011816
0.46874 0.53126 0.00118652 0.00118652
0.46869 0.53131 0.00118591 0.00118591
0.46861 0.53139 0.00118483 0.00118483
0.46855 0.53145 0.00119411 0.00119411
0.46857 0.53143 0.00119984 0.00119984
0.46854 0.53146 0.00120154 0.00120154
0.46849 0.53151 0.00120395 0.00120395
0.46859 0.53141 0.00120414 0.00120414
0.46852 0.53148 0.00119629 0.00119629
0.4685 0.5315 0.00120118 0.00120118
0.46856 0.53144 0.0012016 0.0012016
0.46852 0.53148 0.00120609 0.00120609
0.46855 0.53145 0.00121225 0.00121225
0.46854 0.53146 0.00121114 0.00121114
0.46848 0.53152 0.00121064 0.00121064
0.46852 0.53148 0.00121043 0.00121043
0.46843 0.53157 0.00121243 0.00121243
0.46846 0.53154 0.00120932 0.00120932
0.46837 0.53163 0.00120749 0.00120749
0.46833 0.53167 0.00121107 0.00121107
0.46828 0.53172 0.00120626 0.00120626
0.46832 0.53168 0.00121038 0.00121038
0.46829 0.53171 0.00121124 0.00121124
0.46822 0.53178 0.00121044 0.00121044
0.46825 0.53175 0.00120974 0.00120974
0.4682 0.5318 0.00120832 0.00120832
0.46822 0.53178 0.00120805 0.00120805
0.46821 0.53179 0.00120588 0.00120588
0.46817 0.53183 0.00121313 0.00121313
0.46814 0.53186 0.0012158 0.0012158
0.46816 0.53184 0.00121494 0.00121494
0.46813 0.53187 0.00121284 0.00121284
0.46808 0.53192 0.00121349 0.00121349
0.46809 0.53191 0.00121913 0.00121913
0.46807 0.53193 0.00122077 0.00122077
0.46809 0.53191 0.00121736 0.00121736
0.46809 0.53191 0.00121574 0.00121574
0.46809 0.53191 0.0012195 0.0012195
0.46813 0.53187 0.00122397 0.00122397
0.46812 0.53188 0.00122134 0.00122134
0.46813 0.53187 0.00122088 0.00122088
0.46814 0.53186 0.00122303 0.00122303
0.46812 0.53188 0.0012211 0.0012211
0.46812 0.53188 0.00122136 0.00122136
0.46811 0.53189 0.00121917 0.00121917
0.46811 0.53189 0.00121913 0.00121913
0.46812 0.53188 0.00122085 0.00122085
0.46812 0.53188 0.00122122 0.00122122
0.46813 0.53187 0.00122009 0.00122009
0.46813 0.53187 0.00122175 0.00122175
0.46814 0.53186 0.00122317 0.00122317
0.46814 0.53186 0.00122331 0.00122331
0.46813 0.53187 0.001223 0.001223
0.46813 0.53187 0.0012229 0.0012229
0.46811 0.53189 0.00122309 0.00122309
0.46808 0.53192 0.00122216 0.00122216
0.46808 0.53192 0.00122092 0.00122092
0.46811 0.53189 0.00122563 0.00122563
0.46812 0.53188 0.00122605 0.00122605
0.46813 0.53187 0.00122539 0.00122539
0.46811 0.53189 0.00122309 0.00122309
0.4681 0.5319 0.00122306 0.00122306
0.4681 0.5319 0.00122413 0.00122413
0.4681 0.5319 0.00122482 0.00122482
0.46811 0.53189 0.00122406 0.00122406
0.4681 0.5319 0.00122512 0.00122512
0.4681 0.5319 0.00122512 0.00122512
0.46808 0.53192 0.00122428 0.00122428
0.46807 0.53193 0.00122495 0.00122495
0.46806 0.53194 0.00122264 0.00122264
0.46806 0.53194 0.00122236 0.00122236
0.46806 0.53194 0.00122345 0.00122345
0.46807 0.53193 0.00122239 0.00122239
0.46806 0.53194 0.00122278 0.00122278
0.46806 0.53194 0.00122046 0.00122046
0.46806 0.53194 0.00122046 0.00122046
0.46807 0.53193 0.00122146 0.00122146
0.46808 0.53192 0.0012228 0.0012228
0.46808 0.53192 0.00122254 0.00122254
0.46806 0.53194 0.0012206 0.0012206
0.46806 0.53194 0.0012206 0.0012206
0.46807 0.53193 0.00122089 0.00122089
0.46806 0.53194 0.00121988 0.00121988
0.46808 0.53192 0.00121912 0.00121912
0.46808 0.53192 0.00121912 0.00121912
0.46808 0.53192 0.00122036 0.00122036
0.46807 0.53193 0.00121875 0.00121875
0.46807 0.53193 0.00121875 0.00121875
0.46805 0.53195 0.00121981 0.00121981
0.46805 0.53195 0.00121981 0.00121981
0.46803 0.53197 0.00122146 0.00122146
0.46801 0.53199 0.00122116 0.00122116
0.46801 0.53199 0.00122116 0.00122116
0.46801 0.53199 0.00122116 0.00122116
0.46799 0.53201 0.00122084 0.00122084
0.46799 0.53201 0.00122084 0.00122084
0.46799 0.53201 0.00122084 0.00122084
0.46801 0.53199 0.00121983 0.00121983
0.46803 0.53197 0.0012194 0.0012194
0.46803 0.53197 0.0012194 0.0012194
0.46804 0.53196 0.00121873 0.00121873
0.46804 0.53196 0.00121913 0.00121913
0.46804 0.53196 0.00121913 0.00121913
0.46804 0.53196 0.00121913 0.00121913
0.46802 0.53198 0.00121842 0.00121842
0.46802 0.53198 0.00121842 0.00121842
0.46802 0.53198 0.00121842 0.00121842
0.46801 0.53199 0.00121946 0.00121946
0.468 0.532 0.00121881 0.00121881
0.468 0.532 0.00121651 0.00121651
0.468 0.532 0.00121651 0.00121651
0.468 0.532 0.00121651 0.00121651
0.468 0.532 0.00121651 0.00121651
0.468 0.532 0.00121651 0.00121651
0.468 0.532 0.00121651 0.00121651
0.468 0.532 0.00121651 0.00121651
0.46799 0.53201 0.00121755 0.00121755
0.46799 0.53201 0.00121755 0.00121755
0.46799 0.53201 0.00121755 0.00121755
0.46799 0.53201 0.00121755 0.00121755
0.46799 0.53201 0.00121755 0.00121755
0.46799 0.53201 0.00121755 0.00121755
0.46798 0.53202 0.0012182 0.0012182
0.46798 0.53202 0.0012182 0.0012182
0.46799 0.53201 0.00121886 0.00121886
0.46799 0.53201 0.00121886 0.00121886
0.46799 0.53201 0.00121886 0.00121886
0.46799 0.53201 0.00121886 0.00121886
0.46799 0.53201 0.00121886 0.00121886
0.46799 0.53201 0.00121886 0.00121886
0.468 0.532 0.00121851 0.00121851
0.468 0.532 0.00121851 0.00121851
0.468 0.532 0.00121851 0.00121851
0.468 0.532 0.00121851 0.00121851
0.468 0.532 0.00121851 0.00121851
0.46799 0.53201 0.00121886 0.00121886
0.46799 0.53201 0.00121886 0.00121886
0.46799 0.53201 0.00121886 0.00121886
0.46799 0.53201 0.00121886 0.00121886
0.46799 0.53201 0.00121886 0.00121886
0.46799 0.53201 0.00121886 0.00121886
0.46799 0.53201 0.00121886 0.00121886
0.46799 0.53201 0.00121886 0.00121886
0.46799 0.53201 0.00121886 0.00121886
0.46799 0.53201 0.00121886 0.00121886
0.46799 0.53201 0.00121886 0.00121886
0.46799 0.53201 0.00121886 0.00121886
0.46799 0.53201 0.00121886 0.00121886
0.46799 0.53201 0.00121886 0.00121886
0.46799 0.53201 0.00121886 0.00121886
0.46799 0.53201 0.00121886 0.00121886
0.468 0.532 0.00121851 0.00121851
0.468 0.532 0.00121851 0.00121851
0.468 0.532 0.00121851 0.00121851
0.46801 0.53199 0.00121785 0.00121785
0.46799 0.53201 0.00121785 0.00121785
0.46799 0.53201 0.00121785 0.00121785
0.46799 0.53201 0.00121785 0.00121785
0.46799 0.53201 0.00121785 0.00121785
0.46799 0.53201 0.00121785 0.00121785
0.468 0.532 0.00121719 0.00121719
0.46799 0.53201 0.00121785 0.00121785
0.46799 0.53201 0.00121785 0.00121785
0.46799 0.53201 0.00121785 0.00121785
0.46799 0.53201 0.00121785 0.00121785
0.46799 0.53201 0.00121785 0.00121785
0.46799 0.53201 0.00121785 0.00121785
0.46799 0.53201 0.00121785 0.00121785
0.46799 0.53201 0.00121785 0.00121785
0.46799 0.53201 0.00121785 0.00121785
0.46799 0.53201 0.00121785 0.00121785
0.468 0.532 0.00121719 0.00121719
0.468 0.532 0.00121719 0.00121719
0.468 0.532 0.00121719 0.00121719
0.468 0.532 0.00121719 0.00121719
0.468 0.532 0.00121719 0.00121719
0.468 0.532 0.00121719 0.00121719
0.468 0.532 0.00121719 0.00121719
0.468 0.532 0.00121719 0.00121719
0.468 0.532 0.00121719 0.00121719
0.468 0.532 0.00121719 0.00121719
0.468 0.532 0.00121719 0.00121719
0.468 0.532 0.00121719 0.00121719
0.468 0.532 0.00121719 0.00121719
0.468 0.532 0.00121719 0.00121719
0.468 0.532 0.00121719 0.00121719
0.468 0.532 0.00121719 0.00121719
0.468 0.532 0.00121719 0.00121719
0.468 0.532 0.00121719 0.00121719
0.468 0.532 0.00121719 0.00121719
0.468 0.532 0.00121719 0.00121719
0.468 0.532 0.00121719 0.00121719
0.468 0.532 0.00121719 0.00121719
0.468 0.532 0.00121719 0.00121719
0.468 0.532 0.00121719 0.00121719
0.468 0.532 0.00121719 0.00121719
0.468 0.532 0.00121719 0.00121719
0.468 0.532 0.00121719 0.00121719
0.468 0.532 0.00121719 0.00121719
0.46799 0.53201 0.00121785 0.00121785
0.46799 0.53201 0.00121785 0.00121785
0.46799 0.53201 0.00121785 0.00121785
0.46799 0.53201 0.00121785 0.00121785
0.46799 0.53201 0.00121785 0.00121785
0.46799 0.53201 0.00121785 0.00121785
0.46799 0.53201 0.00121785 0.00121785
0.46799 0.53201 0.00121785 0.00121785
0.46799 0.53201 0.00121785 0.00121785
0.46799 0.53201 0.00121785 0.00121785
0.46799 0.53201 0.00121785 0.00121785
0.46799 0.53201 0.00121785 0.00121785
0.46799 0.53201 0.00121785 0.00121785
0.46799 0.53201 0.00121785 0.00121785
0.46799 0.53201 0.00121785 0.00121785
0.468 0.532 0.00121719 0.00121719
0.468 0.532 0.00121719 0.00121719
0.468 0.532 0.00121719 0.00121719
0.468 0.532 0.00121719 0.00121719
0.468 0.532 0.00121719 0.00121719
0.468 0.532 0.00121719 0.00121719
0.468 0.532 0.00121719 0.00121719
0.468 0.532 0.00121719 0.00121719
0.468 0.532 0.00121719 0.00121719
0.468 0.532 0.00121719 0.00121719
0.468 0.532 0.00121719 0.00121719
0.468 0.532 0.00121719 0.00121719
0.468 0.532 0.00121719 0.00121719
0.468 0.532 0.00121719 0.00121719
0.468 0.532 0.00121719 0.00121719
0.468 0.532 0.00121719 0.00121719
0.46799 0.53201 0.00121785 0.00121785
0.46799 0.53201 0.00121785 0.00121785
0.46799 0.53201 0.00121785 0.00121785
0.46799 0.53201 0.00121785 0.00121785
0.468 0.532 0.00121719 0.00121719
0.468 0.532 0.00121719 0.00121719
0.468 0.532 0.00121719 0.00121719
0.468 0.532 0.00121719 0.00121719
0.468 0.532 0.00121719 0.00121719
0.468 0.532 0.00121719 0.00121719
0.468 0.532 0.00121719 0.00121719
0.468 0.532 0.00121719 0.00121719
0.468 0.532 0.00121719 0.00121719
0.468 0.532 0.00121719 0.00121719
0.468 0.532 0.00121719 0.00121719
0.468 0.532 0.00121719 0.00121719
0.468 0.532 0.00121719 0.00121719
0.468 0.532 0.00121719 0.00121719
0.468 0.532 0.00121719 0.00121719
0.468 0.532 0.00121719 0.00121719
0.468 0.532 0.00121719 0.00121719
0.468 0.532 0.00121719 0.00121719
0.468 0.532 0.00121719 0.00121719
0.468 0.532 0.00121719 0.00121719
0.468 0.532 0.00121719 0.00121719
0.468 0.532 0.00121719 0.00121719
0.468 0.532 0.00121719 0.00121719
0.468 0.532 0.00121719 0.00121719
0.468 0.532 0.00121719 0.00121719
0.468 0.532 0.00121719 0.00121719
0.468 0.532 0.00121719 0.00121719
0.468 0.532 0.00121719 0.00121719
0.468 0.532 0.00121719 0.00121719
0.468 0.532 0.00121719 0.00121719
0.468 0.532 0.00121719 0.00121719
0.468 0.532 0.00121719 0.00121719
0.468 0.532 0.00121719 0.00121719
0.468 0.532 0.00121719 0.00121719
0.468 0.532 0.00121719 0.00121719
0.468 0.532 0.00121719 0.00121719
0.468 0.532 0.00121719 0.00121719
0.468 0.532 0.00121719 0.00121719
0.468 0.532 0.00121719 0.00121719
0.468 0.532 0.00121719 0.00121719
0.468 0.532 0.00121719 0.00121719
0.468 0.532 0.00121719 0.00121719
0.468 0.532 0.00121719 0.00121719
0.468 0.532 0.00121719 0.00121719
0.468 0.532 0.00121719 0.00121719
0.468 0.532 0.00121719 0.00121719
0.468 0.532 0.00121719 0.00121719
0.468 0.532 0.00121719 0.00121719
0.468 0.532 0.00121719 0.00121719
0.468 0.532 0.00121719 0.00121719
0.468 0.532 0.00121719 0.00121719
0.468 0.532 0.00121719 0.00121719
0.468 0.532 0.00121719 0.00121719
0.468 0.532 0.00121719 0.00121719
0.468 0.532 0.00121719 0.00121719
0.468 0.532 0.00121719 0.00121719
0.468 0.532 0.00121719 0.00121719
0.468 0.532 0.00121719 0.00121719
0.468 0.532 0.00121719 0.00121719
0.468 0.532 0.00121719 0.00121719
0.468 0.532 0.00121719 0.00121719
0.468 0.532 0.00121719 0.00121719
0.468 0.532 0.00121719 0.00121719
0.468 0.532 0.00121719 0.00121719
0.468 0.532 0.00121719 0.00121719
0.468 0.532 0.00121719 0.00121719
0.468 0.532 0.00121719 0.00121719
0.468 0.532 0.00121719 0.00121719
0.468 0.532 0.00121719 0.00121719
0.468 0.532 0.00121719 0.00121719
0.468 0.532 0.00121719 0.00121719
0.468 0.532 0.00121719 0.00121719
0.468 0.532 0.00121719 0.00121719
0.468 0.532 0.00121719 0.00121719
0.468 0.532 0.00121719 0.00121719
0.468 0.532 0.00121719 0.00121719
0.468 0.532 0.00121719 0.00121719
0.468 0.532 0.00121719 0.00121719
0.468 0.532 0.00121719 0.00121719
0.468 0.532 0.00121719 0.00121719
0.468 0.532 0.00121719 0.00121719
0.468 0.532 0.00121719 0.00121719
0.468 0.532 0.00121719 0.00121719
0.468 0.532 0.00121719 0.00121719
0.468 0.532 0.00121719 0.00121719
0.468 0.532 0.00121719 0.00121719
0.468 0.532 0.00121719 0.00121719
0.468 0.532 0.00121719 0.00121719
0.468 0.532 0.00121719 0.00121719
0.468 0.532 0.00121719 0.00121719
0.468 0.532 0.00121719 0.00121719
0.468 0.532 0.00121719 0.00121719
0.468 0.532 0.00121719 0.00121719
0.468 0.532 0.00121719 0.00121719
0.468 0.532 0.00121719 0.00121719
0.468 0.532 0.00121719 0.00121719
0.468 0.532 0.00121719 0.00121719
0.468 0.532 0.00121719 0.00121719
0.468 0.532 0.00121719 0.00121719
0.468 0.532 0.00121719 0.00121719
0.468 0.532 0.00121719 0.00121719
0.468 0.532 0.00121719 0.00121719
0.468 0.532 0.00121719 0.00121719
0.468 0.532 0.00121719 0.00121719
0.468 0.532 0.00121719 0.00121719
0.468 0.532 0.00121719 0.00121719
0.468 0.532 0.00121719 0.00121719
0.468 0.532 0.00121719 0.00121719
0.468 0.532 0.00121719 0.00121719
0.468 0.532 0.00121719 0.00121719
0.468 0.532 0.00121719 0.00121719
0.468 0.532 0.00121719 0.00121719
0.468 0.532 0.00121719 0.00121719
0.468 0.532 0.00121719 0.00121719
0.468 0.532 0.00121719 0.00121719
0.468 0.532 0.00121719 0.00121719
0.468 0.532 0.00121719 0.00121719
0.468 0.532 0.00121719 0.00121719
0.468 0.532 0.00121719 0.00121719
0.468 0.532 0.00121719 0.00121719
0.468 0.532 0.00121719 0.00121719
0.468 0.532 0.00121719 0.00121719
0.468 0.532 0.00121719 0.00121719
0.468 0.532 0.00121719 0.00121719
0.468 0.532 0.00121719 0.00121719
0.468 0.532 0.00121719 0.00121719
0.468 0.532 0.00121719 0.00121719
0.468 0.532 0.00121719 0.00121719
0.468 0.532 0.00121719 0.00121719
0.468 0.532 0.00121719 0.00121719
0.468 0.532 0.00121719 0.00121719
0.468 0.532 0.00121719 0.00121719
0.468 0.532 0.00121719 0.00121719
0.468 0.532 0.00121719 0.00121719
0.468 0.532 0.00121719 0.00121719
0.468 0.532 0.00121719 0.00121719
0.468 0.532 0.00121719 0.00121719
0.468 0.532 0.00121719 0.00121719
0.468 0.532 0.00121719 0.00121719
0.468 0.532 0.00121719 0.00121719
0.468 0.532 0.00121719 0.00121719
0.468 0.532 0.00121719 0.00121719
0.468 0.532 0.00121719 0.00121719
0.468 0.532 0.00121719 0.00121719
0.468 0.532 0.00121719 0.00121719
0.468 0.532 0.00121719 0.00121719
0.468 0.532 0.00121719 0.00121719
0.468 0.532 0.00121719 0.00121719
0.468 0.532 0.00121719 0.00121719
0.468 0.532 0.00121719 0.00121719
0.468 0.532 0.00121719 0.00121719
0.468 0.532 0.00121719 0.00121719
0.468 0.532 0.00121719 0.00121719
0.468 0.532 0.00121719 0.00121719
0.468 0.532 0.00121719 0.00121719
0.468 0.532 0.00121719 0.00121719
0.468 0.532 0.00121719 0.00121719
0.468 0.532 0.00121719 0.00121719
0.468 0.532 0.00121719 0.00121719
0.468 0.532 0.00121719 0.00121719
0.468 0.532 0.00121719 0.00121719
0.468 0.532 0.00121719 0.00121719
0.468 0.532 0.00121719 0.00121719
0.468 0.532 0.00121719 0.00121719
0.468 0.532 0.00121719 0.00121719
0.468 0.532 0.00121719 0.00121719
0.468 0.532 0.00121719 0.00121719
0.468 0.532 0.00121719 0.00121719
0.468 0.532 0.00121719 0.00121719
0.468 0.532 0.00121719 0.00121719
0.468 0.532 0.00121719 0.00121719
0.468 0.532 0.00121719 0.00121719
0.468 0.532 0.00121719 0.00121719
0.468 0.532 0.00121719 0.00121719
0.468 0.532 0.00121719 0.00121719
0.468 0.532 0.00121719 0.00121719
0.468 0.532 0.00121719 0.00121719
0.468 0.532 0.00121719 0.00121719
0.468 0.532 0.00121719 0.00121719
0.468 0.532 0.00121719 0.00121719
0.468 0.532 0.00121719 0.00121719
0.468 0.532 0.00121719 0.00121719
0.468 0.532 0.00121719 0.00121719
0.468 0.532 0.00121719 0.00121719
0.468 0.532 0.00121719 0.00121719
0.468 0.532 0.00121719 0.00121719
0.468 0.532 0.00121719 0.00121719
0.468 0.532 0.00121719 0.00121719
0.468 0.532 0.00121719 0.00121719
0.468 0.532 0.00121719 0.00121719
0.468 0.532 0.00121719 0.00121719
0.468 0.532 0.00121719 0.00121719
0.468 0.532 0.00121719 0.00121719
0.468 0.532 0.00121719 0.00121719
0.468 0.532 0.00121719 0.00121719
0.468 0.532 0.00121719 0.00121719
0.468 0.532 0.00121719 0.00121719
0.468 0.532 0.00121719 0.00121719
0.468 0.532 0.00121719 0.00121719
0.468 0.532 0.00121719 0.00121719
0.468 0.532 0.00121719 0.00121719
0.468 0.532 0.00121719 0.00121719
0.468 0.532 0.00121719 0.00121719
0.468 0.532 0.00121719 0.00121719
0.468 0.532 0.00121719 0.00121719
0.468 0.532 0.00121719 0.00121719
0.468 0.532 0.00121719 0.00121719
0.468 0.532 0.00121719 0.00121719
0.468 0.532 0.00121719 0.00121719
0.468 0.532 0.00121719 0.00121719
0.468 0.532 0.00121719 0.00121719
0.468 0.532 0.00121719 0.00121719
0.468 0.532 0.00121719 0.00121719
0.468 0.532 0.00121719 0.00121719
0.468 0.532 0.00121719 0.00121719
0.468 0.532 0.00121719 0.00121719
0.468 0.532 0.00121719 0.00121719
0.468 0.532 0.00121719 0.00121719
