0.50127 0.49873 1.93304e-05 1.93304e-05
0.50077 0.49923 4.03405e-05 4.03405e-05
0.50128 0.49872 5.19006e-05 5.19006e-05
0.50111 0.49889 8.04423e-05 8.04423e-05
0.50081 0.49919 0.000105085 0.000105085
0.50082 0.49918 0.000124513 0.000124513
0.50045 0.49955 0.000160694 0.000160694
0.50117 0.49883 0.000182547 0.000182547
0.50155 0.49845 0.000202371 0.000202371
0.5013 0.4987 0.000234616 0.000234616
0.50204 0.49796 0.000256786 0.000256786
0.50251 0.49749 0.00027603 0.00027603
0.50264 0.49736 0.000286415 0.000286415
0.50249 0.49751 0.000289929 0.000289929
0.50264 0.49736 0.000295889 0.000295889
0.50234 0.49766 0.000315257 0.000315257
0.5024 0.4976 0.000322768 0.000322768
0.50227 0.49773 0.000330159 0.000330159
0.502 0.498 0.000335273 0.000335273
0.50197 0.49803 0.000341767 0.000341767
0.50187 0.49813 0.000334559 0.000334559
0.50175 0.49825 0.000360513 0.000360513
0.50241 0.49759 0.00038184 0.00038184
0.50227 0.49773 0.000407714 0.000407714
0.50201 0.49799 0.000416717 0.000416717
0.50193 0.49807 0.00041645 0.00041645
0.50173 0.49827 0.000416118 0.000416118
0.50186 0.49814 0.000414788 0.000414788
0.50184 0.49816 0.000427045 0.000427045
0.50184 0.49816 0.000436318 0.000436318
0.5019 0.4981 0.00044102 0.00044102
0.50198 0.49802 0.000448424 0.000448424
0.50196 0.49804 0.000452604 0.000452604
0.50175 0.49825 0.000451785 0.000451785
0.50188 0.49812 0.000466632 0.000466632
0.50186 0.49814 0.000475617 0.000475617
0.50204 0.49796 0.000482564 0.000482564
0.50198 0.49802 0.000493757 0.000493757
0.50193 0.49807 0.000493561 0.000493561
0.50217 0.49783 0.000498284 0.000498284
0.50235 0.49765 0.000500068 0.000500068
0.50242 0.49758 0.000520448 0.000520448
0.50246 0.49754 0.000516231 0.000516231
0.50246 0.49754 0.000517928 0.000517928
0.5026 0.4974 0.000521778 0.000521778
0.50257 0.49743 0.000530874 0.000530874
0.50243 0.49757 0.000535136 0.000535136
0.50262 0.49738 0.00054741 0.00054741
0.50273 0.49727 0.000551492 0.000551492
0.50276 0.49724 0.000554002 0.000554002
0.5026 0.4974 0.000548364 0.000548364
0.50273 0.49727 0.000543997 0.000543997
0.50265 0.49735 0.000561725 0.000561725
0.50266 0.49734 0.000557883 0.000557883
0.50236 0.49764 0.000560576 0.000560576
0.50249 0.49751 0.000570232 0.000570232
0.50263 0.49737 0.000569993 0.000569993
0.50259 0.49741 0.000564931 0.000564931
0.50253 0.49747 0.000570777 0.000570777
0.50251 0.49749 0.000572717 0.000572717
0.50249 0.49751 0.000572959 0.000572959
0.50245 0.49755 0.000581402 0.000581402
0.50243 0.49757 0.000579217 0.000579217
0.50252 0.49748 0.000587707 0.000587707
0.50255 0.49745 0.000585503 0.000585503
0.50247 0.49753 0.000581423 0.000581423
0.50251 0.49749 0.000585505 0.000585505
0.50253 0.49747 0.00058205 0.00058205
0.50258 0.49742 0.000585478 0.000585478
0.50268 0.49732 0.000589715 0.000589715
0.50267 0.49733 0.000594446 0.000594446
0.50266 0.49734 0.000597439 0.000597439
0.50275 0.49725 0.000589422 0.000589422
0.50278 0.49722 0.0005888 0.0005888
0.50284 0.49716 0.000594116 0.000594116
0.50276 0.49724 0.000595295 0.000595295
0.50274 0.49726 0.000595225 0.000595225
0.50273 0.49727 0.000593048 0.000593048
0.50266 0.49734 0.000590954 0.000590954
0.50267 0.49733 0.000586789 0.000586789
0.50262 0.49738 0.000588783 0.000588783
0.50263 0.49737 0.000589609 0.000589609
0.50266 0.49734 0.00058659 0.00058659
0.50269 0.49731 0.000587024 0.000587024
0.50271 0.49729 0.000587622 0.000587622
0.50272 0.49728 0.000586062 0.000586062
0.50275 0.49725 0.00058625 0.00058625
0.50282 0.49718 0.000591078 0.000591078
0.50276 0.49724 0.00059479 0.00059479
0.50281 0.49719 0.000594236 0.000594236
0.50279 0.49721 0.000599218 0.000599218
0.50288 0.49712 0.000601157 0.000601157
0.50294 0.49706 0.000601229 0.000601229
0.50295 0.49705 0.000601523 0.000601523
0.50281 0.49719 0.000599368 0.000599368
0.50277 0.49723 0.000598684 0.000598684
0.50277 0.49723 0.000599916 0.000599916
0.50279 0.49721 0.000603663 0.000603663
0.50272 0.49728 0.000601517 0.000601517
0.50273 0.49727 0.000602765 0.000602765
0.50279 0.49721 0.000600269 0.000600269
0.50285 0.49715 0.000597927 0.000597927
0.50289 0.49711 0.00059919 0.00059919
0.50291 0.49709 0.00060079 0.00060079
0.50304 0.49696 0.000600342 0.000600342
0.50302 0.49698 0.000599838 0.000599838
0.50306 0.49694 0.000602481 0.000602481
0.50309 0.49691 0.000601578 0.000601578
0.50315 0.49685 0.000600573 0.000600573
0.50319 0.49681 0.00060161 0.00060161
0.50321 0.49679 0.000601703 0.000601703
0.5032 0.4968 0.000600505 0.000600505
0.50322 0.49678 0.000600598 0.000600598
0.50319 0.49681 0.000601004 0.000601004
0.50319 0.49681 0.000601671 0.000601671
0.50317 0.49683 0.000601233 0.000601233
0.5032 0.4968 0.000602081 0.000602081
0.50311 0.49689 0.000602705 0.000602705
0.50305 0.49695 0.000602775 0.000602775
0.50306 0.49694 0.000603653 0.000603653
0.50307 0.49693 0.000603015 0.000603015
0.50301 0.49699 0.000602495 0.000602495
0.50298 0.49702 0.000601717 0.000601717
0.50298 0.49702 0.000603474 0.000603474
0.50296 0.49704 0.000604584 0.000604584
0.50297 0.49703 0.000604009 0.000604009
0.50298 0.49702 0.000603495 0.000603495
0.503 0.497 0.000603616 0.000603616
0.503 0.497 0.000605131 0.000605131
0.50302 0.49698 0.000602606 0.000602606
0.50306 0.49694 0.000604219 0.000604219
0.50307 0.49693 0.000602571 0.000602571
0.50309 0.49691 0.000602305 0.000602305
0.50308 0.49692 0.000604297 0.000604297
0.50309 0.49691 0.000604729 0.000604729
0.50312 0.49688 0.00060546 0.00060546
0.50314 0.49686 0.000606324 0.000606324
0.50307 0.49693 0.000609056 0.000609056
0.50307 0.49693 0.000608571 0.000608571
0.50308 0.49692 0.000607933 0.000607933
0.5031 0.4969 0.000610091 0.000610091
0.50307 0.49693 0.000610066 0.000610066
0.50309 0.49691 0.000610507 0.000610507
0.50307 0.49693 0.000609399 0.000609399
0.50306 0.49694 0.000609269 0.000609269
0.50303 0.49697 0.000609969 0.000609969
0.50303 0.49697 0.000612252 0.000612252
0.50302 0.49698 0.000612545 0.000612545
0.50303 0.49697 0.000613363 0.000613363
0.5031 0.4969 0.000613788 0.000613788
0.5031 0.4969 0.000614636 0.000614636
0.5031 0.4969 0.000613263 0.000613263
0.50307 0.49693 0.0006135 0.0006135
0.50306 0.49694 0.000613734 0.000613734
0.50305 0.49695 0.000612513 0.000612513
0.50307 0.49693 0.000611803 0.000611803
0.50306 0.49694 0.000611451 0.000611451
0.50305 0.49695 0.00061025 0.00061025
0.50306 0.49694 0.000610118 0.000610118
0.50309 0.49691 0.000609396 0.000609396
0.50311 0.49689 0.000609311 0.000609311
0.50313 0.49687 0.000609347 0.000609347
0.50315 0.49685 0.000608452 0.000608452
0.50318 0.49682 0.000608048 0.000608048
0.50318 0.49682 0.000607624 0.000607624
0.5032 0.4968 0.000607273 0.000607273
0.5032 0.4968 0.000607273 0.000607273
0.50319 0.49681 0.00060658 0.00060658
0.50317 0.49683 0.000605456 0.000605456
0.50317 0.49683 0.000605375 0.000605375
0.50318 0.49682 0.000607604 0.000607604
0.50317 0.49683 0.000607637 0.000607637
0.50316 0.49684 0.000605752 0.000605752
0.50315 0.49685 0.000604311 0.000604311
0.50315 0.49685 0.000604412 0.000604412
0.50314 0.49686 0.000604808 0.000604808
0.50313 0.49687 0.000605629 0.000605629
0.50312 0.49688 0.000606006 0.000606006
0.50313 0.49687 0.000606256 0.000606256
0.50314 0.49686 0.000605778 0.000605778
0.50312 0.49688 0.000606551 0.000606551
0.50309 0.49691 0.000606204 0.000606204
0.50308 0.49692 0.000606943 0.000606943
0.50307 0.49693 0.000607379 0.000607379
0.50308 0.49692 0.000607387 0.000607387
0.50309 0.49691 0.000608689 0.000608689
0.50309 0.49691 0.000608689 0.000608689
0.50308 0.49692 0.000609044 0.000609044
0.50306 0.49694 0.000607269 0.000607269
0.50306 0.49694 0.000606885 0.000606885
0.50306 0.49694 0.000606885 0.000606885
0.50306 0.49694 0.000606885 0.000606885
0.50306 0.49694 0.000606077 0.000606077
0.50307 0.49693 0.000606369 0.000606369
0.50307 0.49693 0.000606369 0.000606369
0.50312 0.49688 0.000606632 0.000606632
0.50312 0.49688 0.000606632 0.000606632
0.50312 0.49688 0.000606632 0.000606632
0.50312 0.49688 0.000607339 0.000607339
0.50313 0.49687 0.000607569 0.000607569
0.50312 0.49688 0.000606996 0.000606996
0.50313 0.49687 0.00060769 0.00060769
0.50311 0.49689 0.000606725 0.000606725
0.50312 0.49688 0.000606753 0.000606753
0.5031 0.4969 0.000607162 0.000607162
0.5031 0.4969 0.000607162 0.000607162
0.50311 0.49689 0.000606402 0.000606402
0.50312 0.49688 0.000606026 0.000606026
0.50314 0.49686 0.000607273 0.000607273
0.50315 0.49685 0.000607624 0.000607624
0.50315 0.49685 0.000607866 0.000607866
0.50315 0.49685 0.000607866 0.000607866
0.50314 0.49686 0.000608627 0.000608627
0.50314 0.49686 0.000608627 0.000608627
0.50315 0.49685 0.000608715 0.000608715
0.50315 0.49685 0.000608715 0.000608715
0.50314 0.49686 0.000608526 0.000608526
0.50314 0.49686 0.000607879 0.000607879
0.50315 0.49685 0.000607866 0.000607866
0.50313 0.49687 0.000608094 0.000608094
0.50313 0.49687 0.000608094 0.000608094
0.50313 0.49687 0.000608094 0.000608094
0.50313 0.49687 0.000608094 0.000608094
0.50312 0.49688 0.000607662 0.000607662
0.50312 0.49688 0.000607662 0.000607662
0.50311 0.49689 0.000608018 0.000608018
0.50311 0.49689 0.000608018 0.000608018
0.50311 0.49689 0.000608018 0.000608018
0.50311 0.49689 0.000608018 0.000608018
0.5031 0.4969 0.00060803 0.00060803
0.50309 0.49691 0.000607941 0.000607941
0.50309 0.49691 0.000607941 0.000607941
0.50308 0.49692 0.000607913 0.000607913
0.50308 0.49692 0.000607913 0.000607913
0.50308 0.49692 0.000607913 0.000607913
0.50308 0.49692 0.000607913 0.000607913
0.50307 0.49693 0.000607823 0.000607823
0.50307 0.49693 0.000607823 0.000607823
0.50308 0.49692 0.000607913 0.000607913
0.50308 0.49692 0.000607913 0.000607913
0.50308 0.49692 0.000607913 0.000607913
0.50309 0.49691 0.000608345 0.000608345
0.50309 0.49691 0.000608345 0.000608345
0.50308 0.49692 0.000607913 0.000607913
0.50308 0.49692 0.000607913 0.000607913
0.50308 0.49692 0.000607973 0.000607973
0.50309 0.49691 0.000608022 0.000608022
0.50308 0.49692 0.000608539 0.000608539
0.50307 0.49693 0.00060851 0.00060851
0.50306 0.49694 0.000609592 0.000609592
0.50308 0.49692 0.000609913 0.000609913
0.50308 0.49692 0.000609913 0.000609913
0.50308 0.49692 0.000609913 0.000609913
0.50309 0.49691 0.000609881 0.000609881
0.50308 0.49692 0.000609832 0.000609832
0.50308 0.49692 0.000609832 0.000609832
0.50308 0.49692 0.000609832 0.000609832
0.50309 0.49691 0.000609315 0.000609315
0.50309 0.49691 0.000609315 0.000609315
0.50308 0.49692 0.000609024 0.000609024
0.50308 0.49692 0.000609024 0.000609024
0.50308 0.49692 0.000609024 0.000609024
0.50308 0.49692 0.000609024 0.000609024
0.50308 0.49692 0.000609024 0.000609024
0.50308 0.49692 0.000609024 0.000609024
0.50308 0.49692 0.000609024 0.000609024
0.50308 0.49692 0.000609024 0.000609024
0.50308 0.49692 0.000608256 0.000608256
0.50309 0.49691 0.000608507 0.000608507
0.50309 0.49691 0.000608507 0.000608507
0.50309 0.49691 0.000608507 0.000608507
0.50309 0.49691 0.000608507 0.000608507
0.50309 0.49691 0.000608164 0.000608164
0.50309 0.49691 0.000608164 0.000608164
0.50309 0.49691 0.000608164 0.000608164
0.50309 0.49691 0.000608164 0.000608164
0.50309 0.49691 0.000608164 0.000608164
0.50309 0.49691 0.000608164 0.000608164
0.50309 0.49691 0.000608164 0.000608164
0.5031 0.4969 0.000608192 0.000608192
0.5031 0.4969 0.000608192 0.000608192
0.5031 0.4969 0.000608192 0.000608192
0.5031 0.4969 0.000608192 0.000608192
0.5031 0.4969 0.000608192 0.000608192
0.5031 0.4969 0.000608192 0.000608192
0.5031 0.4969 0.000608192 0.000608192
0.5031 0.4969 0.000608192 0.000608192
0.5031 0.4969 0.000608192 0.000608192
0.50309 0.49691 0.000608224 0.000608224
0.50309 0.49691 0.000608224 0.000608224
0.5031 0.4969 0.000608212 0.000608212
0.5031 0.4969 0.000608212 0.000608212
0.5031 0.4969 0.000608212 0.000608212
0.50312 0.49688 0.000608349 0.000608349
0.50311 0.49689 0.000608382 0.000608382
0.50311 0.49689 0.000608382 0.000608382
0.50311 0.49689 0.000608382 0.000608382
0.5031 0.4969 0.000608394 0.000608394
0.50311 0.49689 0.000608362 0.000608362
0.50311 0.49689 0.000608362 0.000608362
0.5031 0.4969 0.000608859 0.000608859
0.5031 0.4969 0.000608859 0.000608859
0.5031 0.4969 0.000608859 0.000608859
0.5031 0.4969 0.000608859 0.000608859
0.5031 0.4969 0.000608859 0.000608859
0.5031 0.4969 0.000608859 0.000608859
0.5031 0.4969 0.000608859 0.000608859
0.5031 0.4969 0.000608859 0.000608859
0.5031 0.4969 0.000608859 0.000608859
0.50308 0.49692 0.000609145 0.000609145
0.50308 0.49692 0.000609145 0.000609145
0.50308 0.49692 0.000609145 0.000609145
0.50308 0.49692 0.000609145 0.000609145
0.50308 0.49692 0.000609145 0.000609145
0.50308 0.49692 0.000609145 0.000609145
0.50308 0.49692 0.000609145 0.000609145
0.50308 0.49692 0.000609145 0.000609145
0.50309 0.49691 0.000609174 0.000609174
0.50309 0.49691 0.000609174 0.000609174
0.50308 0.49692 0.000610256 0.000610256
0.50308 0.49692 0.000610256 0.000610256
0.50308 0.49692 0.000610256 0.000610256
0.50308 0.49692 0.000610256 0.000610256
0.50309 0.49691 0.000609174 0.000609174
0.50309 0.49691 0.000609174 0.000609174
0.50309 0.49691 0.000609174 0.000609174
0.50309 0.49691 0.000609174 0.000609174
0.50309 0.49691 0.000609174 0.000609174
0.50309 0.49691 0.000609174 0.000609174
0.50309 0.49691 0.000609174 0.000609174
0.50309 0.49691 0.000609174 0.000609174
0.50309 0.49691 0.000609174 0.000609174
0.50309 0.49691 0.000609174 0.000609174
0.50309 0.49691 0.000609174 0.000609174
0.50309 0.49691 0.000609174 0.000609174
0.50309 0.49691 0.000609174 0.000609174
0.50309 0.49691 0.000609174 0.000609174
0.50309 0.49691 0.000609174 0.000609174
0.50309 0.49691 0.000609174 0.000609174
0.50309 0.49691 0.000609174 0.000609174
0.50309 0.49691 0.000609174 0.000609174
0.50309 0.49691 0.000609174 0.000609174
0.50309 0.49691 0.000609174 0.000609174
0.50309 0.49691 0.000609174 0.000609174
0.50309 0.49691 0.000609174 0.000609174
0.50309 0.49691 0.000609174 0.000609174
0.50309 0.49691 0.000609174 0.000609174
0.50309 0.49691 0.000609174 0.000609174
0.50309 0.49691 0.000609174 0.000609174
0.50309 0.49691 0.000609174 0.000609174
0.50309 0.49691 0.000609174 0.000609174
0.50309 0.49691 0.000609174 0.000609174
0.50309 0.49691 0.000609174 0.000609174
0.50309 0.49691 0.000609174 0.000609174
0.50309 0.49691 0.000609174 0.000609174
0.50309 0.49691 0.000609174 0.000609174
0.50309 0.49691 0.000609174 0.000609174
0.50309 0.49691 0.000609174 0.000609174
0.50309 0.49691 0.000609174 0.000609174
0.50309 0.49691 0.000609174 0.000609174
0.50309 0.49691 0.000609174 0.000609174
0.50309 0.49691 0.000609174 0.000609174
0.50309 0.49691 0.000609174 0.000609174
0.50309 0.49691 0.000609174 0.000609174
0.50309 0.49691 0.000609174 0.000609174
0.50309 0.49691 0.000609174 0.000609174
0.50309 0.49691 0.000609174 0.000609174
0.50309 0.49691 0.000609174 0.000609174
0.50309 0.49691 0.000609174 0.000609174
0.50309 0.49691 0.000609174 0.000609174
0.50309 0.49691 0.000609174 0.000609174
0.50309 0.49691 0.000609174 0.000609174
0.50309 0.49691 0.000609174 0.000609174
0.50309 0.49691 0.000609174 0.000609174
0.50309 0.49691 0.000609174 0.000609174
0.50309 0.49691 0.000609174 0.000609174
0.50309 0.49691 0.000609174 0.000609174
0.50309 0.49691 0.000609174 0.000609174
0.50309 0.49691 0.000609174 0.000609174
0.50309 0.49691 0.000609174 0.000609174
0.50309 0.49691 0.000609174 0.000609174
0.50309 0.49691 0.000609174 0.000609174
0.50309 0.49691 0.000609174 0.000609174
0.50309 0.49691 0.000609174 0.000609174
0.50309 0.49691 0.000609174 0.000609174
0.50309 0.49691 0.000609174 0.000609174
0.50309 0.49691 0.000609174 0.000609174
0.50309 0.49691 0.000609174 0.000609174
0.50309 0.49691 0.000609174 0.000609174
0.50309 0.49691 0.000609174 0.000609174
0.50309 0.49691 0.000609174 0.000609174
0.50309 0.49691 0.000609174 0.000609174
0.50309 0.49691 0.000609174 0.000609174
0.50308 0.49692 0.000609206 0.000609206
0.50308 0.49692 0.000609206 0.000609206
0.50308 0.49692 0.000609206 0.000609206
0.50308 0.49692 0.000609206 0.000609206
0.50308 0.49692 0.000609206 0.000609206
0.50308 0.49692 0.000609206 0.000609206
0.50308 0.49692 0.000609206 0.000609206
0.50308 0.49692 0.000609206 0.000609206
0.50308 0.49692 0.000609206 0.000609206
0.50308 0.49692 0.000609206 0.000609206
0.50308 0.49692 0.000609206 0.000609206
0.50308 0.49692 0.000609206 0.000609206
0.50308 0.49692 0.000609206 0.000609206
0.50308 0.49692 0.000609206 0.000609206
0.50308 0.49692 0.000609206 0.000609206
0.50308 0.49692 0.000609206 0.000609206
0.50308 0.49692 0.000609206 0.000609206
0.50307 0.49693 0.000609116 0.000609116
0.50307 0.49693 0.000609116 0.000609116
0.50307 0.49693 0.000609116 0.000609116
0.50307 0.49693 0.000609116 0.000609116
0.50307 0.49693 0.000609116 0.000609116
0.50307 0.49693 0.000609116 0.000609116
0.50307 0.49693 0.000609116 0.000609116
0.50307 0.49693 0.000609116 0.000609116
0.50307 0.49693 0.000609116 0.000609116
0.50308 0.49692 0.000608297 0.000608297
0.50308 0.49692 0.000608297 0.000608297
0.50307 0.49693 0.000609116 0.000609116
0.50307 0.49693 0.000609116 0.000609116
0.50307 0.49693 0.000609116 0.000609116
0.50307 0.49693 0.000609116 0.000609116
0.50307 0.49693 0.000609116 0.000609116
0.50306 0.49694 0.000609633 0.000609633
0.50306 0.49694 0.000609633 0.000609633
0.50306 0.49694 0.000609633 0.000609633
0.50306 0.49694 0.000609633 0.000609633
0.50306 0.49694 0.000609633 0.000609633
0.50306 0.49694 0.000609633 0.000609633
0.50306 0.49694 0.000609633 0.000609633
0.50306 0.49694 0.000609633 0.000609633
0.50306 0.49694 0.000609633 0.000609633
0.50306 0.49694 0.000609633 0.000609633
0.50306 0.49694 0.000609633 0.000609633
0.50307 0.49693 0.000609601 0.000609601
0.50306 0.49694 0.000609107 0.000609107
0.50306 0.49694 0.000609107 0.000609107
0.50306 0.49694 0.000609107 0.000609107
0.50306 0.49694 0.000609107 0.000609107
0.50306 0.49694 0.000609107 0.000609107
0.50306 0.49694 0.000609107 0.000609107
0.50306 0.49694 0.000609107 0.000609107
0.50306 0.49694 0.000609107 0.000609107
0.50306 0.49694 0.000609107 0.000609107
0.50306 0.49694 0.000609107 0.000609107
0.50306 0.49694 0.000609107 0.000609107
0.50306 0.49694 0.000609107 0.000609107
0.50306 0.49694 0.000609107 0.000609107
0.50307 0.49693 0.000609601 0.000609601
0.50307 0.49693 0.000609601 0.000609601
0.50307 0.49693 0.000609601 0.000609601
0.50307 0.49693 0.000609601 0.000609601
0.50307 0.49693 0.000609601 0.000609601
0.50307 0.49693 0.000609601 0.000609601
0.50308 0.49692 0.000608781 0.000608781
0.50307 0.49693 0.000609399 0.000609399
0.50307 0.49693 0.000609399 0.000609399
0.50307 0.49693 0.000609399 0.000609399
0.50307 0.49693 0.000609399 0.000609399
0.50307 0.49693 0.000609399 0.000609399
0.50307 0.49693 0.000609399 0.000609399
0.50307 0.49693 0.000609399 0.000609399
0.50307 0.49693 0.000609399 0.000609399
0.50307 0.49693 0.000609399 0.000609399
0.50307 0.49693 0.000609399 0.000609399
0.50307 0.49693 0.000609399 0.000609399
0.50307 0.49693 0.000609399 0.000609399
0.50307 0.49693 0.000609399 0.000609399
0.50307 0.49693 0.000609399 0.000609399
0.50307 0.49693 0.000609399 0.000609399
0.50307 0.49693 0.000609399 0.000609399
0.50307 0.49693 0.000609399 0.000609399
0.50307 0.49693 0.000609399 0.000609399
0.50307 0.49693 0.000609399 0.000609399
0.50307 0.49693 0.000609399 0.000609399
0.50307 0.49693 0.000609399 0.000609399
0.50307 0.49693 0.000609399 0.000609399
0.50307 0.49693 0.000609399 0.000609399
0.50307 0.49693 0.000609399 0.000609399
0.50307 0.49693 0.000609399 0.000609399
0.50307 0.49693 0.000609399 0.000609399
0.50307 0.49693 0.000609399 0.000609399
0.50306 0.49694 0.000608845 0.000608845
0.50306 0.49694 0.000608845 0.000608845
0.50306 0.49694 0.000608845 0.000608845
0.50306 0.49694 0.000608845 0.000608845
0.50306 0.49694 0.000608845 0.000608845
0.50307 0.49693 0.000608227 0.000608227
0.50307 0.49693 0.000608227 0.000608227
0.50307 0.49693 0.000608227 0.000608227
0.50307 0.49693 0.000608227 0.000608227
0.50306 0.49694 0.000608845 0.000608845
0.50306 0.49694 0.000608845 0.000608845
0.50306 0.49694 0.000608845 0.000608845
0.50306 0.49694 0.000608845 0.000608845
0.50306 0.49694 0.000608845 0.000608845
0.50306 0.49694 0.000608845 0.000608845
