0.49993 0.50007 4.2288e-05 4.2288e-05
0.49932 0.50068 7.5836e-05 7.5836e-05
0.49888 0.50112 0.000129905 0.000129905
0.49817 0.50183 0.000166486 0.000166486
0.49755 0.50245 0.000208755 0.000208755
0.49703 0.50297 0.000238716 0.000238716
0.49657 0.50343 0.000234187 0.000234187
0.49591 0.50409 0.000266709 0.000266709
0.49672 0.50328 0.00028687 0.00028687
0.49732 0.50268 0.000308826 0.000308826
0.49676 0.50324 0.000318831 0.000318831
0.49764 0.50236 0.000316556 0.000316556
0.49822 0.50178 0.000306941 0.000306941
0.4993 0.5007 0.000336414 0.000336414
0.49849 0.50151 0.000361626 0.000361626
0.49843 0.50157 0.000354753 0.000354753
0.49976 0.50024 0.00039073 0.00039073
0.50081 0.49919 0.000375893 0.000375893
0.50091 0.49909 0.000367194 0.000367194
0.50163 0.49837 0.000367165 0.000367165
0.50101 0.49899 0.000351061 0.000351061
0.50159 0.49841 0.000386325 0.000386325
0.50205 0.49795 0.000393159 0.000393159
0.50126 0.49874 0.000367346 0.000367346
0.50078 0.49922 0.0003808 0.0003808
0.5004 0.4996 0.000336303 0.000336303
0.50016 0.49984 0.000350661 0.000350661
0.50007 0.49993 0.000380328 0.000380328
0.49943 0.50057 0.000360126 0.000360126
0.49936 0.50064 0.000399223 0.000399223
0.49822 0.50178 0.000386133 0.000386133
0.49834 0.50166 0.000342247 0.000342247
0.498 0.502 0.000368545 0.000368545
0.49884 0.50116 0.000395974 0.000395974
0.49902 0.50098 0.000391575 0.000391575
0.49892 0.50108 0.00040165 0.00040165
0.49951 0.50049 0.000404454 0.000404454
0.49925 0.50075 0.000448189 0.000448189
0.49912 0.50088 0.000409016 0.000409016
0.49885 0.50115 0.000375684 0.000375684
0.49926 0.50074 0.000408558 0.000408558
0.49941 0.50059 0.000439416 0.000439416
0.49846 0.50154 0.000438897 0.000438897
0.49862 0.50138 0.000407895 0.000407895
0.50021 0.49979 0.000386248 0.000386248
0.50008 0.49992 0.000443488 0.000443488
0.49965 0.50035 0.00040924 0.00040924
0.49951 0.50049 0.000416172 0.000416172
0.49886 0.50114 0.000405819 0.000405819
0.49883 0.50117 0.000392062 0.000392062
0.49896 0.50104 0.000419029 0.000419029
0.49898 0.50102 0.000447838 0.000447838
0.49923 0.50077 0.000445088 0.000445088
0.50049 0.49951 0.000401646 0.000401646
0.50102 0.49898 0.000433333 0.000433333
0.50093 0.49907 0.000475924 0.000475924
0.5012 0.4988 0.000438485 0.000438485
0.50029 0.49971 0.000429117 0.000429117
0.50014 0.49986 0.000453071 0.000453071
0.50006 0.49994 0.000443148 0.000443148
0.49937 0.50063 0.000454518 0.000454518
0.49982 0.50018 0.000448392 0.000448392
0.50013 0.49987 0.000446437 0.000446437
0.50011 0.49989 0.000466543 0.000466543
0.50039 0.49961 0.000419048 0.000419048
0.49984 0.50016 0.000417429 0.000417429
0.49933 0.50067 0.000460203 0.000460203
0.49954 0.50046 0.000520857 0.000520857
0.49968 0.50032 0.000525695 0.000525695
0.4988 0.5012 0.000587071 0.000587071
0.49935 0.50065 0.000638735 0.000638735
0.49869 0.50131 0.000609711 0.000609711
0.49831 0.50169 0.000608256 0.000608256
0.49909 0.50091 0.00060081 0.00060081
0.4993 0.5007 0.000650111 0.000650111
0.49825 0.50175 0.000688553 0.000688553
0.49837 0.50163 0.000614074 0.000614074
0.49845 0.50155 0.000635927 0.000635927
0.49776 0.50224 0.00064279 0.00064279
0.49748 0.50252 0.000665141 0.000665141
0.49806 0.50194 0.000581188 0.000581188
0.49881 0.50119 0.00054559 0.00054559
0.49978 0.50022 0.000544214 0.000544214
0.49986 0.50014 0.000543677 0.000543677
0.49939 0.50061 0.000497533 0.000497533
0.50116 0.49884 0.000457873 0.000457873
0.50124 0.49876 0.000497053 0.000497053
0.50124 0.49876 0.000504649 0.000504649
0.50043 0.49957 0.000510268 0.000510268
0.50058 0.49942 0.000532004 0.000532004
0.50053 0.49947 0.000503221 0.000503221
0.50165 0.49835 0.000520432 0.000520432
0.50161 0.49839 0.000519089 0.000519089
0.50123 0.49877 0.000523775 0.000523775
0.50163 0.49837 0.000554781 0.000554781
0.50122 0.49878 0.000577931 0.000577931
0.50087 0.49913 0.000576276 0.000576276
0.5007 0.4993 0.000575606 0.000575606
0.50007 0.49993 0.000566207 0.000566207
0.50047 0.49953 0.000554433 0.000554433
0.50022 0.49978 0.000585123 0.000585123
0.50165 0.49835 0.000591725 0.000591725
0.50148 0.49852 0.000583424 0.000583424
0.50105 0.49895 0.000552513 0.000552513
0.50061 0.49939 0.000544119 0.000544119
0.50098 0.49902 0.00052101 0.00052101
0.50123 0.49877 0.000510159 0.000510159
0.50266 0.49734 0.000533903 0.000533903
0.50289 0.49711 0.0005722 0.0005722
0.50204 0.49796 0.000574705 0.000574705
0.50196 0.49804 0.00059016 0.00059016
0.50106 0.49894 0.000606582 0.000606582
0.50139 0.49861 0.000580422 0.000580422
0.50104 0.49896 0.000580726 0.000580726
0.50139 0.49861 0.000593372 0.000593372
0.50114 0.49886 0.000572566 0.000572566
0.50088 0.49912 0.000590551 0.000590551
0.50071 0.49929 0.00058544 0.00058544
0.5017 0.4983 0.000637061 0.000637061
0.50149 0.49851 0.000609182 0.000609182
0.5017 0.4983 0.000624192 0.000624192
0.50157 0.49843 0.000667076 0.000667076
0.50193 0.49807 0.000673136 0.000673136
0.50277 0.49723 0.000690926 0.000690926
0.50217 0.49783 0.000656607 0.000656607
0.50177 0.49823 0.00063929 0.00063929
0.5009 0.4991 0.000644455 0.000644455
0.50055 0.49945 0.000635381 0.000635381
0.50044 0.49956 0.000661097 0.000661097
0.50171 0.49829 0.000629905 0.000629905
0.50137 0.49863 0.000650983 0.000650983
0.50122 0.49878 0.000670315 0.000670315
0.50115 0.49885 0.000650452 0.000650452
0.50018 0.49982 0.000669078 0.000669078
0.4998 0.5002 0.000706384 0.000706384
0.49977 0.50023 0.000697856 0.000697856
0.50073 0.49927 0.000688381 0.000688381
0.50078 0.49922 0.000674577 0.000674577
0.50002 0.49998 0.000696787 0.000696787
0.50038 0.49962 0.000687329 0.000687329
0.50055 0.49945 0.00071528 0.00071528
0.50013 0.49987 0.000714276 0.000714276
0.50092 0.49908 0.000695347 0.000695347
0.50116 0.49884 0.000674903 0.000674903
0.50096 0.49904 0.000655817 0.000655817
0.50215 0.49785 0.000614856 0.000614856
0.50282 0.49718 0.000664957 0.000664957
0.50347 0.49653 0.000665807 0.000665807
0.503 0.497 0.000626788 0.000626788
0.50368 0.49632 0.000646462 0.000646462
0.50256 0.49744 0.000675239 0.000675239
0.5029 0.4971 0.000659889 0.000659889
0.50252 0.49748 0.000655242 0.000655242
0.50264 0.49736 0.000684334 0.000684334
0.50274 0.49726 0.000651548 0.000651548
0.50203 0.49797 0.000659383 0.000659383
0.50227 0.49773 0.000708967 0.000708967
0.50228 0.49772 0.000689598 0.000689598
0.5017 0.4983 0.000702798 0.000702798
0.49982 0.50018 0.000676088 0.000676088
0.49921 0.50079 0.000689703 0.000689703
0.50092 0.49908 0.000653448 0.000653448
0.5003 0.4997 0.000619465 0.000619465
0.50008 0.49992 0.00063161 0.00063161
0.50056 0.49944 0.000621602 0.000621602
0.50007 0.49993 0.000612429 0.000612429
0.5005 0.4995 0.000631667 0.000631667
0.50031 0.49969 0.000603974 0.000603974
0.49916 0.50084 0.000642176 0.000642176
0.49898 0.50102 0.000713737 0.000713737
0.50043 0.49957 0.000722631 0.000722631
0.50131 0.49869 0.000704277 0.000704277
0.50206 0.49794 0.000671754 0.000671754
0.50219 0.49781 0.000686398 0.000686398
0.50069 0.49931 0.000731125 0.000731125
0.49955 0.50045 0.000729341 0.000729341
0.49945 0.50055 0.000695038 0.000695038
0.4994 0.5006 0.000667616 0.000667616
0.50053 0.49947 0.000631949 0.000631949
0.50046 0.49954 0.000659524 0.000659524
0.50067 0.49933 0.000644304 0.000644304
0.50149 0.49851 0.000688172 0.000688172
0.5001 0.4999 0.000719768 0.000719768
0.50048 0.49952 0.000708131 0.000708131
0.50062 0.49938 0.00077743 0.00077743
0.50051 0.49949 0.000779182 0.000779182
0.49992 0.50008 0.000784297 0.000784297
0.49978 0.50022 0.0007828 0.0007828
0.49931 0.50069 0.000757024 0.000757024
0.49925 0.50075 0.000749543 0.000749543
0.50017 0.49983 0.000739254 0.000739254
0.49934 0.50066 0.00073059 0.00073059
0.49942 0.50058 0.000742711 0.000742711
0.49857 0.50143 0.000749844 0.000749844
0.49898 0.50102 0.000688262 0.000688262
0.49813 0.50187 0.000652902 0.000652902
0.49897 0.50103 0.000613565 0.000613565
0.49938 0.50062 0.000579309 0.000579309
0.49916 0.50084 0.000582802 0.000582802
0.49944 0.50056 0.000604895 0.000604895
0.4995 0.5005 0.000619525 0.000619525
0.49975 0.50025 0.00063326 0.00063326
0.49923 0.50077 0.000637391 0.000637391
0.49923 0.50077 0.000692159 0.000692159
0.49926 0.50074 0.000716154 0.000716154
0.49967 0.50033 0.000736789 0.000736789
0.49969 0.50031 0.000739711 0.000739711
0.49919 0.50081 0.000750539 0.000750539
0.49893 0.50107 0.000818227 0.000818227
0.49917 0.50083 0.00081192 0.00081192
0.49936 0.50064 0.000813303 0.000813303
0.499 0.501 0.000864788 0.000864788
0.49865 0.50135 0.000864149 0.000864149
0.49763 0.50237 0.000850397 0.000850397
0.49846 0.50154 0.000843281 0.000843281
0.49854 0.50146 0.00078516 0.00078516
0.49886 0.50114 0.000813839 0.000813839
0.49883 0.50117 0.000839233 0.000839233
0.49852 0.50148 0.000865181 0.000865181
0.49775 0.50225 0.00079629 0.00079629
0.49743 0.50257 0.000867157 0.000867157
0.49698 0.50302 0.000837151 0.000837151
0.49704 0.50296 0.000800786 0.000800786
0.49788 0.50212 0.000774955 0.000774955
0.4987 0.5013 0.000801808 0.000801808
0.49867 0.50133 0.000807799 0.000807799
0.49851 0.50149 0.000796515 0.000796515
0.49899 0.50101 0.000822071 0.000822071
0.49924 0.50076 0.000845518 0.000845518
0.49924 0.50076 0.00083772 0.00083772
0.49912 0.50088 0.000850187 0.000850187
0.49893 0.50107 0.000819924 0.000819924
0.49852 0.50148 0.000827484 0.000827484
0.498 0.502 0.000808404 0.000808404
0.49866 0.50134 0.000777439 0.000777439
0.49886 0.50114 0.000768223 0.000768223
0.49852 0.50148 0.000773242 0.000773242
0.49929 0.50071 0.000851521 0.000851521
0.50022 0.49978 0.000851951 0.000851951
0.50016 0.49984 0.000847893 0.000847893
0.49974 0.50026 0.000800477 0.000800477
0.4999 0.5001 0.000802091 0.000802091
0.49961 0.50039 0.000759028 0.000759028
0.49941 0.50059 0.000776164 0.000776164
0.49974 0.50026 0.000762053 0.000762053
0.49871 0.50129 0.000775784 0.000775784
0.4982 0.5018 0.000748081 0.000748081
0.49826 0.50174 0.000723669 0.000723669
0.49826 0.50174 0.000711366 0.000711366
0.49874 0.50126 0.000727184 0.000727184
0.49865 0.50135 0.000819987 0.000819987
0.49891 0.50109 0.00083479 0.00083479
0.49921 0.50079 0.000842652 0.000842652
0.49909 0.50091 0.000864224 0.000864224
0.49903 0.50097 0.000869039 0.000869039
0.50088 0.49912 0.000867662 0.000867662
0.50069 0.49931 0.000814317 0.000814317
0.50096 0.49904 0.000784928 0.000784928
0.50043 0.49957 0.000769318 0.000769318
0.50036 0.49964 0.000771788 0.000771788
0.49977 0.50023 0.000828704 0.000828704
0.49966 0.50034 0.000818004 0.000818004
0.4989 0.5011 0.000810354 0.000810354
0.50009 0.49991 0.000846608 0.000846608
0.49958 0.50042 0.000914509 0.000914509
0.49894 0.50106 0.000920501 0.000920501
0.49934 0.50066 0.0008636 0.0008636
0.49939 0.50061 0.000821392 0.000821392
0.4991 0.5009 0.000800556 0.000800556
0.49924 0.50076 0.000781134 0.000781134
0.49976 0.50024 0.000821518 0.000821518
0.4987 0.5013 0.000839222 0.000839222
0.4985 0.5015 0.000823343 0.000823343
0.49882 0.50118 0.000774412 0.000774412
0.4993 0.5007 0.000730939 0.000730939
0.49891 0.50109 0.000713962 0.000713962
0.5004 0.4996 0.000701374 0.000701374
0.4997 0.5003 0.000696737 0.000696737
0.49923 0.50077 0.000732159 0.000732159
0.49832 0.50168 0.000732503 0.000732503
0.49888 0.50112 0.000785278 0.000785278
0.49923 0.50077 0.000813532 0.000813532
0.50011 0.49989 0.000819109 0.000819109
0.49964 0.50036 0.000827586 0.000827586
0.50076 0.49924 0.000829699 0.000829699
0.5004 0.4996 0.000865657 0.000865657
0.50058 0.49942 0.000815478 0.000815478
0.50105 0.49895 0.000806593 0.000806593
0.50142 0.49858 0.000795963 0.000795963
0.50132 0.49868 0.00081222 0.00081222
0.5008 0.4992 0.00080602 0.00080602
0.50082 0.49918 0.000814351 0.000814351
0.50121 0.49879 0.000771925 0.000771925
0.50183 0.49817 0.000742244 0.000742244
0.50092 0.49908 0.000753307 0.000753307
0.50131 0.49869 0.00073062 0.00073062
0.50135 0.49865 0.000699745 0.000699745
0.50115 0.49885 0.000715866 0.000715866
0.50137 0.49863 0.000797589 0.000797589
0.50108 0.49892 0.000806802 0.000806802
0.50149 0.49851 0.000814555 0.000814555
0.50091 0.49909 0.000756467 0.000756467
0.4993 0.5007 0.000761465 0.000761465
0.49952 0.50048 0.000765828 0.000765828
0.50043 0.49957 0.000790833 0.000790833
0.50079 0.49921 0.00079245 0.00079245
0.50085 0.49915 0.000781563 0.000781563
0.50129 0.49871 0.000804976 0.000804976
0.50154 0.49846 0.000765342 0.000765342
0.50108 0.49892 0.000722862 0.000722862
0.50089 0.49911 0.000718947 0.000718947
0.50113 0.49887 0.000711286 0.000711286
0.50014 0.49986 0.000687192 0.000687192
0.49961 0.50039 0.000742301 0.000742301
0.49994 0.50006 0.000765168 0.000765168
0.50021 0.49979 0.000827319 0.000827319
0.5002 0.4998 0.000818384 0.000818384
0.50027 0.49973 0.000886078 0.000886078
0.50091 0.49909 0.000863133 0.000863133
0.50043 0.49957 0.000870207 0.000870207
0.50049 0.49951 0.000882293 0.000882293
0.5021 0.4979 0.000854495 0.000854495
0.50213 0.49787 0.000844498 0.000844498
0.50279 0.49721 0.000826632 0.000826632
0.50312 0.49688 0.000830026 0.000830026
0.5035 0.4965 0.000834515 0.000834515
0.50303 0.49697 0.000839444 0.000839444
0.50224 0.49776 0.000798204 0.000798204
0.50235 0.49765 0.000848088 0.000848088
0.50244 0.49756 0.000822572 0.000822572
0.50366 0.49634 0.00081556 0.00081556
0.50204 0.49796 0.000872766 0.000872766
0.50212 0.49788 0.000831198 0.000831198
0.50189 0.49811 0.000822058 0.000822058
0.50264 0.49736 0.000846596 0.000846596
0.50271 0.49729 0.000855582 0.000855582
0.5026 0.4974 0.000888646 0.000888646
0.50245 0.49755 0.000925745 0.000925745
0.50259 0.49741 0.000908063 0.000908063
0.5028 0.4972 0.000898889 0.000898889
0.50202 0.49798 0.000866464 0.000866464
0.50183 0.49817 0.000846405 0.000846405
0.50079 0.49921 0.000842067 0.000842067
0.50044 0.49956 0.000826208 0.000826208
0.50052 0.49948 0.00076603 0.00076603
0.50041 0.49959 0.000744911 0.000744911
0.50041 0.49959 0.000704689 0.000704689
0.50052 0.49948 0.000732777 0.000732777
0.50043 0.49957 0.000734126 0.000734126
0.4992 0.5008 0.000756687 0.000756687
0.49961 0.50039 0.000769089 0.000769089
0.49936 0.50064 0.000801849 0.000801849
0.49912 0.50088 0.000815016 0.000815016
0.49971 0.50029 0.000825157 0.000825157
0.5001 0.4999 0.000844737 0.000844737
0.50011 0.49989 0.000870806 0.000870806
0.49961 0.50039 0.000840281 0.000840281
0.4993 0.5007 0.000827061 0.000827061
0.4994 0.5006 0.00089297 0.00089297
0.49858 0.50142 0.000908206 0.000908206
0.49891 0.50109 0.000893153 0.000893153
0.49926 0.50074 0.000945002 0.000945002
0.49996 0.50004 0.000956524 0.000956524
0.50031 0.49969 0.000981792 0.000981792
0.50004 0.49996 0.000996241 0.000996241
0.50047 0.49953 0.00103734 0.00103734
0.50078 0.49922 0.00103246 0.00103246
0.50088 0.49912 0.000965299 0.000965299
0.49984 0.50016 0.00100955 0.00100955
0.50003 0.49997 0.00102296 0.00102296
0.49991 0.50009 0.00105736 0.00105736
0.49963 0.50037 0.0010467 0.0010467
0.49997 0.50003 0.00106191 0.00106191
0.50042 0.49958 0.0010556 0.0010556
0.4997 0.5003 0.00105847 0.00105847
0.50007 0.49993 0.00107085 0.00107085
0.50058 0.49942 0.00107548 0.00107548
0.50023 0.49977 0.00110893 0.00110893
0.50082 0.49918 0.00108239 0.00108239
0.50099 0.49901 0.00103338 0.00103338
0.50034 0.49966 0.00104441 0.00104441
0.50056 0.49944 0.00103029 0.00103029
0.49979 0.50021 0.00104067 0.00104067
0.50018 0.49982 0.00103362 0.00103362
0.501 0.499 0.000994323 0.000994323
0.5001 0.4999 0.000990374 0.000990374
0.49976 0.50024 0.000977376 0.000977376
0.49885 0.50115 0.000962614 0.000962614
0.49833 0.50167 0.000972143 0.000972143
0.49792 0.50208 0.00101842 0.00101842
0.49729 0.50271 0.000998511 0.000998511
0.49764 0.50236 0.00105706 0.00105706
0.49865 0.50135 0.00107076 0.00107076
0.49986 0.50014 0.00106954 0.00106954
0.49995 0.50005 0.00112294 0.00112294
0.49959 0.50041 0.00104683 0.00104683
0.49892 0.50108 0.00104125 0.00104125
0.49795 0.50205 0.00104217 0.00104217
0.4984 0.5016 0.000977758 0.000977758
0.49921 0.50079 0.00100995 0.00100995
0.49936 0.50064 0.0010314 0.0010314
0.49889 0.50111 0.000967372 0.000967372
0.49941 0.50059 0.000882709 0.000882709
0.4992 0.5008 0.000963172 0.000963172
0.49945 0.50055 0.00089423 0.00089423
0.49989 0.50011 0.000972665 0.000972665
0.49956 0.50044 0.000996047 0.000996047
0.49947 0.50053 0.00101096 0.00101096
0.49974 0.50026 0.00106082 0.00106082
0.49931 0.50069 0.00102733 0.00102733
0.49974 0.50026 0.00103397 0.00103397
0.49937 0.50063 0.00103652 0.00103652
0.49975 0.50025 0.00102152 0.00102152
0.4992 0.5008 0.00106446 0.00106446
0.49867 0.50133 0.00111453 0.00111453
0.49884 0.50116 0.00111169 0.00111169
0.49874 0.50126 0.00106108 0.00106108
0.49913 0.50087 0.00107177 0.00107177
0.49935 0.50065 0.0010751 0.0010751
0.49974 0.50026 0.00104551 0.00104551
0.50095 0.49905 0.00100645 0.00100645
0.50097 0.49903 0.000928332 0.000928332
0.50172 0.49828 0.000990244 0.000990244
0.5012 0.4988 0.000964606 0.000964606
0.50092 0.49908 0.000928903 0.000928903
0.50018 0.49982 0.000934937 0.000934937
0.49944 0.50056 0.000988835 0.000988835
0.49966 0.50034 0.000915621 0.000915621
0.49978 0.50022 0.00085088 0.00085088
0.49933 0.50067 0.000837173 0.000837173
0.49924 0.50076 0.000902326 0.000902326
0.49988 0.50012 0.000871016 0.000871016
0.50079 0.49921 0.000848814 0.000848814
0.50194 0.49806 0.000874158 0.000874158
0.50179 0.49821 0.000877157 0.000877157
0.50233 0.49767 0.000934405 0.000934405
0.5013 0.4987 0.000893788 0.000893788
0.50169 0.49831 0.000913024 0.000913024
0.50065 0.49935 0.000967402 0.000967402
0.50057 0.49943 0.000917096 0.000917096
0.49958 0.50042 0.000927943 0.000927943
0.49972 0.50028 0.000941678 0.000941678
0.49972 0.50028 0.00100507 0.00100507
0.49993 0.50007 0.000941096 0.000941096
0.4996 0.5004 0.000958404 0.000958404
0.5001 0.4999 0.00097199 0.00097199
0.50016 0.49984 0.000981287 0.000981287
0.50003 0.49997 0.000986878 0.000986878
0.50104 0.49896 0.0010064 0.0010064
0.50084 0.49916 0.000987691 0.000987691
0.50022 0.49978 0.000927769 0.000927769
0.4995 0.5005 0.000924879 0.000924879
0.49888 0.50112 0.000962491 0.000962491
0.49829 0.50171 0.000995925 0.000995925
0.49782 0.50218 0.000989866 0.000989866
0.49827 0.50173 0.00094826 0.00094826
0.499 0.501 0.000956202 0.000956202
0.49809 0.50191 0.00103394 0.00103394
0.49887 0.50113 0.0010183 0.0010183
0.4991 0.5009 0.00105936 0.00105936
0.49942 0.50058 0.00108374 0.00108374
0.49977 0.50023 0.00105426 0.00105426
0.49958 0.50042 0.000983923 0.000983923
0.49986 0.50014 0.000956263 0.000956263
0.49905 0.50095 0.000959967 0.000959967
0.49814 0.50186 0.000992021 0.000992021
0.49923 0.50077 0.000996522 0.000996522
0.49974 0.50026 0.000993043 0.000993043
0.50031 0.49969 0.000933792 0.000933792
0.50021 0.49979 0.000922289 0.000922289
0.50071 0.49929 0.000909905 0.000909905
0.50003 0.49997 0.000940373 0.000940373
0.50007 0.49993 0.000917278 0.000917278
0.50043 0.49957 0.000932914 0.000932914
0.50053 0.49947 0.000925585 0.000925585
0.50003 0.49997 0.000865767 0.000865767
0.49897 0.50103 0.000932858 0.000932858
0.49835 0.50165 0.000920048 0.000920048
0.49822 0.50178 0.000982214 0.000982214
0.49791 0.50209 0.000974406 0.000974406
0.49839 0.50161 0.000993755 0.000993755
0.49739 0.50261 0.000997897 0.000997897
0.49742 0.50258 0.000991155 0.000991155
0.49732 0.50268 0.000972664 0.000972664
0.49638 0.50362 0.000999531 0.000999531
0.49786 0.50214 0.00107192 0.00107192
0.49845 0.50155 0.00105037 0.00105037
0.49768 0.50232 0.00106359 0.00106359
0.49726 0.50274 0.00108318 0.00108318
0.49678 0.50322 0.00105314 0.00105314
0.497 0.503 0.00101638 0.00101638
0.49716 0.50284 0.00102408 0.00102408
0.49751 0.50249 0.000993303 0.000993303
0.49799 0.50201 0.00102868 0.00102868
0.4983 0.5017 0.000964091 0.000964091
0.49794 0.50206 0.000993592 0.000993592
0.49823 0.50177 0.00102428 0.00102428
0.49896 0.50104 0.00106228 0.00106228
0.49861 0.50139 0.00104372 0.00104372
0.49857 0.50143 0.00109059 0.00109059
