0.5008 0.4992 3.88283e-05 3.88283e-05
0.50172 0.49828 0.000109476 0.000109476
0.50313 0.49687 0.000178821 0.000178821
0.50311 0.49689 0.000230685 0.000230685
0.5038 0.4962 0.000285414 0.000285414
0.50339 0.49661 0.00032525 0.00032525
0.50349 0.49651 0.000419929 0.000419929
0.5039 0.4961 0.000509242 0.000509242
0.50476 0.49524 0.000586103 0.000586103
0.50489 0.49511 0.000598564 0.000598564
0.50347 0.49653 0.000656676 0.000656676
0.50346 0.49654 0.000677665 0.000677665
0.50455 0.49545 0.00069627 0.00069627
0.50462 0.49538 0.000648985 0.000648985
0.50432 0.49568 0.000750381 0.000750381
0.50469 0.49531 0.000797428 0.000797428
0.50379 0.49621 0.000817461 0.000817461
0.50392 0.49608 0.000852014 0.000852014
0.50368 0.49632 0.000898119 0.000898119
0.50283 0.49717 0.000915738 0.000915738
0.50365 0.49635 0.000940088 0.000940088
0.50315 0.49685 0.000943644 0.000943644
0.50399 0.49601 0.000995061 0.000995061
0.50314 0.49686 0.000939293 0.000939293
0.50292 0.49708 0.000922903 0.000922903
0.50362 0.49638 0.000955672 0.000955672
0.50389 0.49611 0.000964806 0.000964806
0.50391 0.49609 0.000987719 0.000987719
0.50351 0.49649 0.00102031 0.00102031
0.50416 0.49584 0.00100593 0.00100593
0.50362 0.49638 0.000943228 0.000943228
0.50374 0.49626 0.000950619 0.000950619
0.50387 0.49613 0.000975185 0.000975185
0.50487 0.49513 0.000950619 0.000950619
0.50559 0.49441 0.000911416 0.000911416
0.50581 0.49419 0.000954479 0.000954479
0.50594 0.49406 0.000929289 0.000929289
0.50617 0.49383 0.000960607 0.000960607
0.50553 0.49447 0.000971686 0.000971686
0.50625 0.49375 0.000940149 0.000940149
0.50556 0.49444 0.000923562 0.000923562
0.50549 0.49451 0.000840697 0.000840697
0.50562 0.49438 0.000878945 0.000878945
0.50533 0.49467 0.000909031 0.000909031
0.50633 0.49367 0.000902062 0.000902062
0.50621 0.49379 0.000863137 0.000863137
0.50678 0.49322 0.000898739 0.000898739
0.50682 0.49318 0.000925159 0.000925159
0.50627 0.49373 0.000962199 0.000962199
0.50641 0.49359 0.000935396 0.000935396
0.50736 0.49264 0.00100629 0.00100629
0.50791 0.49209 0.00101063 0.00101063
0.50668 0.49332 0.00101935 0.00101935
0.50663 0.49337 0.000980033 0.000980033
0.50614 0.49386 0.000928 0.000928
0.50629 0.49371 0.000923986 0.000923986
0.50681 0.49319 0.000881873 0.000881873
0.50597 0.49403 0.000881666 0.000881666
0.50607 0.49393 0.000941197 0.000941197
0.50601 0.49399 0.000929182 0.000929182
0.50691 0.49309 0.000997557 0.000997557
0.50792 0.49208 0.00101242 0.00101242
0.50809 0.49191 0.000998588 0.000998588
0.50871 0.49129 0.000930592 0.000930592
0.50991 0.49009 0.000895073 0.000895073
0.50982 0.49018 0.000927038 0.000927038
0.50935 0.49065 0.00089023 0.00089023
0.50838 0.49162 0.000897066 0.000897066
0.50773 0.49227 0.000919553 0.000919553
0.50843 0.49157 0.000915419 0.000915419
0.5077 0.4923 0.000933869 0.000933869
0.50732 0.49268 0.000923028 0.000923028
0.5078 0.4922 0.000911253 0.000911253
0.5079 0.4921 0.000947869 0.000947869
0.50879 0.49121 0.000973258 0.000973258
0.50771 0.49229 0.000920996 0.000920996
0.50759 0.49241 0.000977719 0.000977719
0.5085 0.4915 0.000914879 0.000914879
0.5081 0.4919 0.000937808 0.000937808
0.50844 0.49156 0.000954794 0.000954794
0.50953 0.49047 0.000891242 0.000891242
0.50958 0.49042 0.000932266 0.000932266
0.51046 0.48954 0.000899099 0.000899099
0.50982 0.49018 0.000967503 0.000967503
0.50859 0.49141 0.000945699 0.000945699
0.50825 0.49175 0.000945361 0.000945361
0.5064 0.4936 0.000981111 0.000981111
0.5069 0.4931 0.00101856 0.00101856
0.50774 0.49226 0.000976598 0.000976598
0.50805 0.49195 0.000927745 0.000927745
0.50814 0.49186 0.000949617 0.000949617
0.50848 0.49152 0.000976899 0.000976899
0.50812 0.49188 0.000957602 0.000957602
0.50879 0.49121 0.000952329 0.000952329
0.50897 0.49103 0.000955484 0.000955484
0.50874 0.49126 0.00103609 0.00103609
0.50831 0.49169 0.00105555 0.00105555
0.50736 0.49264 0.0010425 0.0010425
0.50727 0.49273 0.00101416 0.00101416
0.50692 0.49308 0.000973731 0.000973731
0.50595 0.49405 0.00101082 0.00101082
0.50637 0.49363 0.000940579 0.000940579
0.50738 0.49262 0.000989248 0.000989248
0.50692 0.49308 0.00107424 0.00107424
0.50673 0.49327 0.00106016 0.00106016
0.5057 0.4943 0.00106355 0.00106355
0.5058 0.4942 0.00098 0.00098
0.50682 0.49318 0.000952311 0.000952311
0.50574 0.49426 0.00101133 0.00101133
0.50458 0.49542 0.00107 0.00107
0.50562 0.49438 0.001054 0.001054
0.50462 0.49538 0.00110327 0.00110327
0.50398 0.49602 0.00111687 0.00111687
0.505 0.495 0.0011282 0.0011282
0.50524 0.49476 0.00116719 0.00116719
0.50605 0.49395 0.00121197 0.00121197
0.50613 0.49387 0.00118617 0.00118617
0.50564 0.49436 0.00125484 0.00125484
0.50572 0.49428 0.00126455 0.00126455
0.50576 0.49424 0.00121445 0.00121445
0.50527 0.49473 0.00124377 0.00124377
0.50455 0.49545 0.00117463 0.00117463
0.50506 0.49494 0.0012239 0.0012239
0.50512 0.49488 0.00110005 0.00110005
0.50459 0.49541 0.00110477 0.00110477
0.5033 0.4967 0.00105068 0.00105068
0.50484 0.49516 0.00104179 0.00104179
0.50536 0.49464 0.00101856 0.00101856
0.50515 0.49485 0.00104954 0.00104954
0.5055 0.4945 0.00102165 0.00102165
0.5064 0.4936 0.00110547 0.00110547
0.50671 0.49329 0.00108281 0.00108281
0.50693 0.49307 0.00101857 0.00101857
0.50646 0.49354 0.00100748 0.00100748
0.50645 0.49355 0.00105467 0.00105467
0.50589 0.49411 0.00101828 0.00101828
0.50586 0.49414 0.00104378 0.00104378
0.50504 0.49496 0.00102871 0.00102871
0.50569 0.49431 0.00108426 0.00108426
0.50489 0.49511 0.00112137 0.00112137
0.5049 0.4951 0.00111195 0.00111195
0.50503 0.49497 0.00114201 0.00114201
0.50436 0.49564 0.00119278 0.00119278
0.50384 0.49616 0.00112228 0.00112228
0.50446 0.49554 0.00119706 0.00119706
0.50313 0.49687 0.0011589 0.0011589
0.50372 0.49628 0.00122703 0.00122703
0.50376 0.49624 0.00121627 0.00121627
0.50341 0.49659 0.00116107 0.00116107
0.50407 0.49593 0.00111831 0.00111831
0.50413 0.49587 0.00109163 0.00109163
0.50401 0.49599 0.00108819 0.00108819
0.504 0.496 0.00102232 0.00102232
0.50334 0.49666 0.00106134 0.00106134
0.504 0.496 0.00106228 0.00106228
0.50396 0.49604 0.00109885 0.00109885
0.50378 0.49622 0.00111219 0.00111219
0.50426 0.49574 0.001067 0.001067
0.50393 0.49607 0.00111306 0.00111306
0.50497 0.49503 0.00107383 0.00107383
0.5048 0.4952 0.00101816 0.00101816
0.50506 0.49494 0.00100125 0.00100125
0.50462 0.49538 0.00097442 0.00097442
0.5048 0.4952 0.0010539 0.0010539
0.50495 0.49505 0.00105506 0.00105506
0.5053 0.4947 0.00112401 0.00112401
0.50613 0.49387 0.00110563 0.00110563
0.50682 0.49318 0.00107114 0.00107114
0.50674 0.49326 0.00105379 0.00105379
0.50671 0.49329 0.00107011 0.00107011
0.50686 0.49314 0.00103414 0.00103414
0.50583 0.49417 0.00102188 0.00102188
0.50636 0.49364 0.00100015 0.00100015
0.50549 0.49451 0.00101108 0.00101108
0.50597 0.49403 0.000996575 0.000996575
0.5065 0.4935 0.0010529 0.0010529
0.50704 0.49296 0.00109143 0.00109143
0.50689 0.49311 0.00107856 0.00107856
0.50658 0.49342 0.00112699 0.00112699
0.50651 0.49349 0.00119124 0.00119124
0.50687 0.49313 0.001147 0.001147
0.50678 0.49322 0.00112427 0.00112427
0.50624 0.49376 0.00112467 0.00112467
0.50717 0.49283 0.00124168 0.00124168
0.50786 0.49214 0.00127131 0.00127131
0.50635 0.49365 0.00128407 0.00128407
0.50656 0.49344 0.00126217 0.00126217
0.50622 0.49378 0.00124864 0.00124864
0.50672 0.49328 0.0012563 0.0012563
0.50708 0.49292 0.00124749 0.00124749
0.50763 0.49237 0.00124274 0.00124274
0.50811 0.49189 0.00120022 0.00120022
0.50798 0.49202 0.00119794 0.00119794
0.50845 0.49155 0.00119684 0.00119684
0.5086 0.4914 0.00120149 0.00120149
0.50938 0.49062 0.00123644 0.00123644
0.51061 0.48939 0.00115901 0.00115901
0.51017 0.48983 0.00117614 0.00117614
0.50944 0.49056 0.00119112 0.00119112
0.51016 0.48984 0.00116504 0.00116504
0.50994 0.49006 0.00120765 0.00120765
0.50988 0.49012 0.00116588 0.00116588
0.50949 0.49051 0.00119239 0.00119239
0.51006 0.48994 0.00112638 0.00112638
0.51049 0.48951 0.00117108 0.00117108
0.51045 0.48955 0.00107831 0.00107831
0.50953 0.49047 0.00106902 0.00106902
0.50928 0.49072 0.00105851 0.00105851
0.50908 0.49092 0.00110908 0.00110908
0.50901 0.49099 0.00109017 0.00109017
0.51027 0.48973 0.00106246 0.00106246
0.51071 0.48929 0.00111225 0.00111225
0.51049 0.48951 0.00116625 0.00116625
0.51017 0.48983 0.00114267 0.00114267
0.50956 0.49044 0.0010569 0.0010569
0.50942 0.49058 0.0010615 0.0010615
0.50996 0.49004 0.000990847 0.000990847
0.50992 0.49008 0.00102329 0.00102329
0.50956 0.49044 0.0011117 0.0011117
0.5093 0.4907 0.00113312 0.00113312
0.50927 0.49073 0.00114339 0.00114339
0.509 0.491 0.00113909 0.00113909
0.50917 0.49083 0.00112372 0.00112372
0.50907 0.49093 0.00108718 0.00108718
0.51021 0.48979 0.00111702 0.00111702
0.50989 0.49011 0.00113291 0.00113291
0.50969 0.49031 0.00115292 0.00115292
0.50933 0.49067 0.00114131 0.00114131
0.50899 0.49101 0.00114379 0.00114379
0.50923 0.49077 0.00116575 0.00116575
0.5098 0.4902 0.0011559 0.0011559
0.5103 0.4897 0.00109827 0.00109827
0.51063 0.48937 0.00108973 0.00108973
0.51154 0.48846 0.00110112 0.00110112
0.51098 0.48902 0.00111636 0.00111636
0.51122 0.48878 0.00111375 0.00111375
0.51085 0.48915 0.00116882 0.00116882
0.50988 0.49012 0.00122112 0.00122112
0.50934 0.49066 0.00118512 0.00118512
0.50957 0.49043 0.00117582 0.00117582
0.50897 0.49103 0.00121142 0.00121142
0.50863 0.49137 0.00125999 0.00125999
0.50971 0.49029 0.00121629 0.00121629
0.5098 0.4902 0.00125152 0.00125152
0.50993 0.49007 0.00132855 0.00132855
0.50941 0.49059 0.00131039 0.00131039
0.50932 0.49068 0.00128038 0.00128038
0.51004 0.48996 0.00126715 0.00126715
0.50943 0.49057 0.00133221 0.00133221
0.50938 0.49062 0.00129404 0.00129404
0.50882 0.49118 0.00129623 0.00129623
0.50944 0.49056 0.00127877 0.00127877
0.50929 0.49071 0.00125294 0.00125294
0.50962 0.49038 0.00123953 0.00123953
0.50979 0.49021 0.00121053 0.00121053
0.50981 0.49019 0.00117913 0.00117913
0.51076 0.48924 0.00113004 0.00113004
0.51089 0.48911 0.00112994 0.00112994
0.51171 0.48829 0.00118334 0.00118334
0.51066 0.48934 0.00120099 0.00120099
0.50987 0.49013 0.00118884 0.00118884
0.50955 0.49045 0.00116926 0.00116926
0.50915 0.49085 0.00122981 0.00122981
0.50972 0.49028 0.00127418 0.00127418
0.50995 0.49005 0.00125581 0.00125581
0.51022 0.48978 0.00132236 0.00132236
0.51074 0.48926 0.00126161 0.00126161
0.5108 0.4892 0.00134071 0.00134071
0.51175 0.48825 0.0013035 0.0013035
0.51207 0.48793 0.0013155 0.0013155
0.51219 0.48781 0.0014269 0.0014269
0.51276 0.48724 0.00146509 0.00146509
0.51245 0.48755 0.00140463 0.00140463
0.51336 0.48664 0.00138767 0.00138767
0.51471 0.48529 0.00135362 0.00135362
0.51471 0.48529 0.00138954 0.00138954
0.51537 0.48463 0.00131436 0.00131436
0.51441 0.48559 0.00119837 0.00119837
0.51434 0.48566 0.00122404 0.00122404
0.51471 0.48529 0.00128595 0.00128595
0.51377 0.48623 0.00124202 0.00124202
0.5137 0.4863 0.00119256 0.00119256
0.51283 0.48717 0.00121756 0.00121756
0.51206 0.48794 0.00129788 0.00129788
0.51161 0.48839 0.00121834 0.00121834
0.51159 0.48841 0.00115239 0.00115239
0.51123 0.48877 0.0010983 0.0010983
0.51128 0.48872 0.00106865 0.00106865
0.50958 0.49042 0.00112445 0.00112445
0.50987 0.49013 0.00106662 0.00106662
0.50957 0.49043 0.0011539 0.0011539
0.50925 0.49075 0.00113249 0.00113249
0.50835 0.49165 0.00122873 0.00122873
0.50856 0.49144 0.00125411 0.00125411
0.5087 0.4913 0.00130831 0.00130831
0.50865 0.49135 0.00123918 0.00123918
0.50899 0.49101 0.00123272 0.00123272
0.51089 0.48911 0.00124044 0.00124044
0.51025 0.48975 0.00122413 0.00122413
0.51122 0.48878 0.00119242 0.00119242
0.51001 0.48999 0.00115791 0.00115791
0.50957 0.49043 0.00113653 0.00113653
0.50962 0.49038 0.00109432 0.00109432
0.50925 0.49075 0.00116403 0.00116403
0.50943 0.49057 0.00119433 0.00119433
0.51031 0.48969 0.00122915 0.00122915
0.50998 0.49002 0.00122602 0.00122602
0.51015 0.48985 0.00123049 0.00123049
0.51088 0.48912 0.00117744 0.00117744
0.51088 0.48912 0.00121592 0.00121592
0.51131 0.48869 0.00118902 0.00118902
0.51094 0.48906 0.0013006 0.0013006
0.51069 0.48931 0.00127389 0.00127389
0.51025 0.48975 0.00123017 0.00123017
0.51038 0.48962 0.00132862 0.00132862
0.50939 0.49061 0.00132224 0.00132224
0.50891 0.49109 0.00127958 0.00127958
0.5105 0.4895 0.00126886 0.00126886
0.51087 0.48913 0.00118793 0.00118793
0.51033 0.48967 0.00125087 0.00125087
0.51218 0.48782 0.00130126 0.00130126
0.51118 0.48882 0.00132819 0.00132819
0.51084 0.48916 0.00131529 0.00131529
0.5107 0.4893 0.00137567 0.00137567
0.51106 0.48894 0.00138895 0.00138895
0.51104 0.48896 0.001362 0.001362
0.51045 0.48955 0.00139223 0.00139223
0.51113 0.48887 0.00138824 0.00138824
0.5116 0.4884 0.00140487 0.00140487
0.51143 0.48857 0.00123253 0.00123253
0.51013 0.48987 0.00128389 0.00128389
0.51157 0.48843 0.00122811 0.00122811
0.51204 0.48796 0.00125287 0.00125287
0.51082 0.48918 0.00125053 0.00125053
0.51073 0.48927 0.00121577 0.00121577
0.51112 0.48888 0.00123267 0.00123267
0.51075 0.48925 0.00124413 0.00124413
0.51061 0.48939 0.00122561 0.00122561
0.51019 0.48981 0.00117864 0.00117864
0.50821 0.49179 0.00120835 0.00120835
0.50865 0.49135 0.00118867 0.00118867
0.50878 0.49122 0.00118684 0.00118684
0.50928 0.49072 0.0012057 0.0012057
0.50933 0.49067 0.00117748 0.00117748
0.50837 0.49163 0.00120585 0.00120585
0.50758 0.49242 0.00123748 0.00123748
0.50938 0.49062 0.00122236 0.00122236
0.51019 0.48981 0.00129012 0.00129012
0.51057 0.48943 0.00130259 0.00130259
0.51199 0.48801 0.00128429 0.00128429
0.51212 0.48788 0.00128922 0.00128922
0.51178 0.48822 0.00132724 0.00132724
0.51137 0.48863 0.00128712 0.00128712
0.5108 0.4892 0.00122913 0.00122913
0.5104 0.4896 0.0012039 0.0012039
0.51074 0.48926 0.00131541 0.00131541
0.51173 0.48827 0.00129658 0.00129658
0.51225 0.48775 0.00129104 0.00129104
0.51202 0.48798 0.00126626 0.00126626
0.51081 0.48919 0.00134759 0.00134759
0.50925 0.49075 0.00132696 0.00132696
0.50996 0.49004 0.00137307 0.00137307
0.51035 0.48965 0.00138045 0.00138045
0.50978 0.49022 0.00134027 0.00134027
0.50888 0.49112 0.001441 0.001441
0.50887 0.49113 0.00150458 0.00150458
0.50945 0.49055 0.00149061 0.00149061
0.50837 0.49163 0.0014586 0.0014586
0.5088 0.4912 0.00157103 0.00157103
0.50906 0.49094 0.00164602 0.00164602
0.50898 0.49102 0.00171238 0.00171238
0.50954 0.49046 0.00173102 0.00173102
0.5105 0.4895 0.00172084 0.00172084
0.5099 0.4901 0.00167142 0.00167142
0.50958 0.49042 0.00160665 0.00160665
0.51025 0.48975 0.00156106 0.00156106
0.51097 0.48903 0.00155278 0.00155278
0.51046 0.48954 0.00153548 0.00153548
0.51098 0.48902 0.00149216 0.00149216
0.51167 0.48833 0.00149636 0.00149636
0.51128 0.48872 0.00151756 0.00151756
0.51153 0.48847 0.00143365 0.00143365
0.51101 0.48899 0.00140928 0.00140928
0.51068 0.48932 0.00133794 0.00133794
0.51088 0.48912 0.00135534 0.00135534
0.51143 0.48857 0.00140392 0.00140392
0.51133 0.48867 0.00138529 0.00138529
0.51114 0.48886 0.0013621 0.0013621
0.51211 0.48789 0.00135218 0.00135218
0.51167 0.48833 0.00127717 0.00127717
0.51186 0.48814 0.00128321 0.00128321
0.51253 0.48747 0.00130961 0.00130961
0.51159 0.48841 0.00136598 0.00136598
0.51175 0.48825 0.00132001 0.00132001
0.51186 0.48814 0.00143226 0.00143226
0.51114 0.48886 0.00138396 0.00138396
0.51061 0.48939 0.00144594 0.00144594
0.51116 0.48884 0.00141581 0.00141581
0.51051 0.48949 0.00144643 0.00144643
0.5107 0.4893 0.00146835 0.00146835
0.51054 0.48946 0.00137779 0.00137779
0.51083 0.48917 0.00137974 0.00137974
0.51193 0.48807 0.0014653 0.0014653
0.51112 0.48888 0.00149586 0.00149586
0.51111 0.48889 0.00148101 0.00148101
0.51056 0.48944 0.00149263 0.00149263
0.51085 0.48915 0.00150035 0.00150035
0.51182 0.48818 0.001441 0.001441
0.51247 0.48753 0.0014513 0.0014513
0.51178 0.48822 0.00152335 0.00152335
0.51227 0.48773 0.00149072 0.00149072
0.51033 0.48967 0.0015299 0.0015299
0.51125 0.48875 0.00159316 0.00159316
0.5108 0.4892 0.00151364 0.00151364
0.5115 0.4885 0.00152328 0.00152328
0.51112 0.48888 0.00157249 0.00157249
0.51084 0.48916 0.00153272 0.00153272
0.5113 0.4887 0.00154306 0.00154306
0.51172 0.48828 0.0014881 0.0014881
0.5119 0.4881 0.00149062 0.00149062
0.5115 0.4885 0.00139167 0.00139167
0.51054 0.48946 0.00138435 0.00138435
0.51033 0.48967 0.0014795 0.0014795
0.51049 0.48951 0.00142769 0.00142769
0.51053 0.48947 0.00148682 0.00148682
0.50969 0.49031 0.00146953 0.00146953
0.50929 0.49071 0.00148696 0.00148696
0.50984 0.49016 0.00150975 0.00150975
0.5097 0.4903 0.00161431 0.00161431
0.51008 0.48992 0.00160721 0.00160721
0.51018 0.48982 0.00146692 0.00146692
0.51052 0.48948 0.00146027 0.00146027
0.50965 0.49035 0.00154833 0.00154833
0.50831 0.49169 0.00150989 0.00150989
0.50777 0.49223 0.00154943 0.00154943
0.50827 0.49173 0.00155731 0.00155731
0.50811 0.49189 0.00153846 0.00153846
0.5074 0.4926 0.00148519 0.00148519
0.50816 0.49184 0.00156387 0.00156387
0.50786 0.49214 0.00162624 0.00162624
0.50735 0.49265 0.00158876 0.00158876
0.50749 0.49251 0.00155894 0.00155894
0.50748 0.49252 0.00153211 0.00153211
0.50794 0.49206 0.00157343 0.00157343
0.50796 0.49204 0.00154434 0.00154434
0.50866 0.49134 0.00153877 0.00153877
0.50925 0.49075 0.00156797 0.00156797
0.50935 0.49065 0.00159047 0.00159047
0.50819 0.49181 0.00164561 0.00164561
0.50797 0.49203 0.00165876 0.00165876
0.5074 0.4926 0.00159384 0.00159384
0.50758 0.49242 0.00159574 0.00159574
0.50861 0.49139 0.00160614 0.00160614
0.50903 0.49097 0.00167662 0.00167662
0.50932 0.49068 0.00165719 0.00165719
0.50944 0.49056 0.00165269 0.00165269
0.50898 0.49102 0.00165907 0.00165907
0.50927 0.49073 0.00161018 0.00161018
0.50899 0.49101 0.00165674 0.00165674
0.50924 0.49076 0.00158396 0.00158396
0.51006 0.48994 0.00149741 0.00149741
0.50997 0.49003 0.00156201 0.00156201
0.50959 0.49041 0.00152764 0.00152764
0.50894 0.49106 0.00153563 0.00153563
0.50896 0.49104 0.00158578 0.00158578
0.5083 0.4917 0.00161856 0.00161856
0.50781 0.49219 0.00152781 0.00152781
0.50742 0.49258 0.00160275 0.00160275
0.50725 0.49275 0.00169591 0.00169591
0.50747 0.49253 0.00168488 0.00168488
0.50786 0.49214 0.00172519 0.00172519
0.5092 0.4908 0.00174592 0.00174592
0.50848 0.49152 0.0017753 0.0017753
0.50858 0.49142 0.00180075 0.00180075
0.50871 0.49129 0.00179098 0.00179098
0.50965 0.49035 0.00176867 0.00176867
0.50968 0.49032 0.00178464 0.00178464
0.50942 0.49058 0.00173988 0.00173988
0.50927 0.49073 0.00171032 0.00171032
0.50958 0.49042 0.00168812 0.00168812
0.50964 0.49036 0.00172607 0.00172607
0.50876 0.49124 0.00181853 0.00181853
0.50808 0.49192 0.00178488 0.00178488
0.50857 0.49143 0.00185116 0.00185116
0.50923 0.49077 0.00184248 0.00184248
0.50981 0.49019 0.00190779 0.00190779
0.50868 0.49132 0.001926 0.001926
0.50942 0.49058 0.00182821 0.00182821
0.50904 0.49096 0.00182539 0.00182539
0.50933 0.49067 0.00177574 0.00177574
0.50881 0.49119 0.00173943 0.00173943
0.50768 0.49232 0.00172388 0.00172388
0.50754 0.49246 0.00169663 0.00169663
0.50841 0.49159 0.00178269 0.00178269
0.50892 0.49108 0.001757 0.001757
0.50896 0.49104 0.00170719 0.00170719
0.5089 0.4911 0.0016931 0.0016931
0.50942 0.49058 0.00168724 0.00168724
0.50924 0.49076 0.00172857 0.00172857
0.50984 0.49016 0.00169553 0.00169553
