0.49665 0.50335 0.000263422 0.000263422
0.49415 0.50585 0.000876149 0.000876149
0.49126 0.50874 0.00163892 0.00163892
0.489 0.511 0.00253842 0.00253842
0.48694 0.51306 0.0035888 0.0035888
0.48392 0.51608 0.00466915 0.00466915
0.48233 0.51767 0.00572744 0.00572744
0.48134 0.51866 0.00670108 0.00670108
0.48028 0.51972 0.00770764 0.00770764
0.47841 0.52159 0.00871364 0.00871364
0.4764 0.5236 0.00974814 0.00974814
0.47525 0.52475 0.0105622 0.0105622
0.47397 0.52603 0.0114919 0.0114919
0.47263 0.52737 0.0123223 0.0123223
0.47169 0.52831 0.0130504 0.0130504
0.47064 0.52936 0.0138166 0.0138166
0.47023 0.52977 0.0145287 0.0145287
0.46992 0.53008 0.0150879 0.0150879
0.46965 0.53035 0.0156728 0.0156728
0.46901 0.53099 0.0160613 0.0160613
0.46839 0.53161 0.0164845 0.0164845
0.46818 0.53182 0.0169026 0.0169026
0.46839 0.53161 0.0173241 0.0173241
0.46792 0.53208 0.0176525 0.0176525
0.46758 0.53242 0.0179839 0.0179839
0.46713 0.53287 0.0182932 0.0182932
0.46683 0.53317 0.0185381 0.0185381
0.46645 0.53355 0.0186874 0.0186874
0.4664 0.5336 0.0189367 0.0189367
0.46589 0.53411 0.0191514 0.0191514
0.46555 0.53445 0.0192805 0.0192805
0.46516 0.53484 0.0193879 0.0193879
0.46511 0.53489 0.0195876 0.0195876
0.46498 0.53502 0.0197071 0.0197071
0.46492 0.53508 0.0197927 0.0197927
0.4648 0.5352 0.0198884 0.0198884
0.46475 0.53525 0.0199716 0.0199716
0.4645 0.5355 0.0201145 0.0201145
0.46428 0.53572 0.0202477 0.0202477
0.46443 0.53557 0.0203787 0.0203787
0.46421 0.53579 0.0204689 0.0204689
0.46417 0.53583 0.0205918 0.0205918
0.4641 0.5359 0.0206553 0.0206553
0.46404 0.53596 0.0207371 0.0207371
0.46393 0.53607 0.0207739 0.0207739
0.46383 0.53617 0.0208482 0.0208482
0.46379 0.53621 0.02092 0.02092
0.46367 0.53633 0.0209752 0.0209752
0.46378 0.53622 0.0210522 0.0210522
0.46358 0.53642 0.0210974 0.0210974
0.46343 0.53657 0.0211791 0.0211791
0.46334 0.53666 0.0212382 0.0212382
0.4633 0.5367 0.0212664 0.0212664
0.46339 0.53661 0.0213147 0.0213147
0.46333 0.53667 0.021362 0.021362
0.46322 0.53678 0.0213878 0.0213878
0.46313 0.53687 0.0214203 0.0214203
0.46308 0.53692 0.0213992 0.0213992
0.46289 0.53711 0.0214165 0.0214165
0.46283 0.53717 0.0213998 0.0213998
0.46282 0.53718 0.0214654 0.0214654
0.46288 0.53712 0.0214765 0.0214765
0.46278 0.53722 0.0214859 0.0214859
0.46272 0.53728 0.0215345 0.0215345
0.46273 0.53727 0.0215736 0.0215736
0.46266 0.53734 0.0216143 0.0216143
0.46263 0.53737 0.0216528 0.0216528
0.46259 0.53741 0.0216765 0.0216765
0.46251 0.53749 0.0217195 0.0217195
0.46247 0.53753 0.021733 0.021733
0.46236 0.53764 0.0217897 0.0217897
0.46222 0.53778 0.0218056 0.0218056
0.46213 0.53787 0.021824 0.021824
0.46206 0.53794 0.0218466 0.0218466
0.46201 0.53799 0.0218965 0.0218965
0.46203 0.53797 0.0219187 0.0219187
0.46196 0.53804 0.0219702 0.0219702
0.46194 0.53806 0.0219772 0.0219772
0.46187 0.53813 0.0220003 0.0220003
0.46192 0.53808 0.0220179 0.0220179
0.46188 0.53812 0.0220366 0.0220366
0.46186 0.53814 0.022061 0.022061
0.46182 0.53818 0.0220866 0.0220866
0.46175 0.53825 0.0220852 0.0220852
0.46176 0.53824 0.0220818 0.0220818
0.46185 0.53815 0.0220972 0.0220972
0.46186 0.53814 0.0221086 0.0221086
0.46179 0.53821 0.0221478 0.0221478
0.46178 0.53822 0.0221511 0.0221511
0.46176 0.53824 0.0221764 0.0221764
0.46169 0.53831 0.0222141 0.0222141
0.46172 0.53828 0.0222202 0.0222202
0.46169 0.53831 0.0222267 0.0222267
0.46163 0.53837 0.0222328 0.0222328
0.46159 0.53841 0.0222544 0.0222544
0.46157 0.53843 0.0222937 0.0222937
0.46158 0.53842 0.0223174 0.0223174
0.46152 0.53848 0.02234 0.02234
0.46152 0.53848 0.0223596 0.0223596
0.46145 0.53855 0.0223615 0.0223615
0.46135 0.53865 0.0224033 0.0224033
0.46136 0.53864 0.0223998 0.0223998
0.46128 0.53872 0.0224225 0.0224225
0.46127 0.53873 0.0224183 0.0224183
0.46134 0.53866 0.0224344 0.0224344
0.46127 0.53873 0.0224512 0.0224512
0.46121 0.53879 0.0224824 0.0224824
0.46113 0.53887 0.0224757 0.0224757
0.4611 0.5389 0.0224948 0.0224948
0.46116 0.53884 0.0224968 0.0224968
0.46112 0.53888 0.0225122 0.0225122
0.46102 0.53898 0.0225247 0.0225247
0.46103 0.53897 0.0225296 0.0225296
0.46104 0.53896 0.0225402 0.0225402
0.46103 0.53897 0.0225372 0.0225372
0.46102 0.53898 0.0225538 0.0225538
0.46097 0.53903 0.0225826 0.0225826
0.46098 0.53902 0.0225837 0.0225837
0.46092 0.53908 0.0225983 0.0225983
0.4609 0.5391 0.0226066 0.0226066
0.46095 0.53905 0.0226235 0.0226235
0.46092 0.53908 0.0226179 0.0226179
0.46093 0.53907 0.0226509 0.0226509
0.46092 0.53908 0.0226732 0.0226732
0.46096 0.53904 0.0226828 0.0226828
0.46097 0.53903 0.0226986 0.0226986
0.46099 0.53901 0.0227021 0.0227021
0.46093 0.53907 0.022709 0.022709
0.46093 0.53907 0.0227005 0.0227005
0.46092 0.53908 0.0227168 0.0227168
0.46083 0.53917 0.0227378 0.0227378
0.4608 0.5392 0.022746 0.022746
0.46079 0.53921 0.0227495 0.0227495
0.4607 0.5393 0.0227627 0.0227627
0.46066 0.53934 0.0227695 0.0227695
0.46062 0.53938 0.0227775 0.0227775
0.46059 0.53941 0.0227649 0.0227649
0.46056 0.53944 0.022769 0.022769
0.46054 0.53946 0.0227616 0.0227616
0.46055 0.53945 0.0227665 0.0227665
0.46055 0.53945 0.0227706 0.0227706
0.46058 0.53942 0.0227509 0.0227509
0.46062 0.53938 0.0227523 0.0227523
0.46066 0.53934 0.0227386 0.0227386
0.46068 0.53932 0.0227438 0.0227438
0.46064 0.53936 0.022742 0.022742
0.46063 0.53937 0.0227446 0.0227446
0.46061 0.53939 0.0227627 0.0227627
0.46059 0.53941 0.0227844 0.0227844
0.46058 0.53942 0.0227985 0.0227985
0.46057 0.53943 0.0228158 0.0228158
0.46055 0.53945 0.0228173 0.0228173
0.46054 0.53946 0.0228181 0.0228181
0.46055 0.53945 0.0228099 0.0228099
0.46054 0.53946 0.0228146 0.0228146
0.46057 0.53943 0.0228222 0.0228222
0.46058 0.53942 0.0228329 0.0228329
0.46057 0.53943 0.0228256 0.0228256
0.46057 0.53943 0.022837 0.022837
0.4606 0.5394 0.0228355 0.0228355
0.46054 0.53946 0.0228445 0.0228445
0.46053 0.53947 0.0228386 0.0228386
0.46053 0.53947 0.0228277 0.0228277
0.46054 0.53946 0.0228368 0.0228368
0.46052 0.53948 0.0228439 0.0228439
0.46049 0.53951 0.0228451 0.0228451
0.46052 0.53948 0.0228434 0.0228434
0.46054 0.53946 0.0228343 0.0228343
0.46052 0.53948 0.0228369 0.0228369
0.46051 0.53949 0.022838 0.022838
0.46053 0.53947 0.0228527 0.0228527
0.46055 0.53945 0.0228457 0.0228457
0.46051 0.53949 0.0228426 0.0228426
0.46051 0.53949 0.0228443 0.0228443
0.4605 0.5395 0.0228483 0.0228483
0.46049 0.53951 0.0228442 0.0228442
0.46043 0.53957 0.0228554 0.0228554
0.46041 0.53959 0.0228528 0.0228528
0.46039 0.53961 0.0228563 0.0228563
0.4604 0.5396 0.0228591 0.0228591
0.4604 0.5396 0.0228524 0.0228524
0.46041 0.53959 0.0228508 0.0228508
0.46038 0.53962 0.022858 0.022858
0.46038 0.53962 0.0228467 0.0228467
0.46039 0.53961 0.0228384 0.0228384
0.46037 0.53963 0.022832 0.022832
0.46035 0.53965 0.0228324 0.0228324
0.46032 0.53968 0.0228263 0.0228263
0.4603 0.5397 0.022822 0.022822
0.46034 0.53966 0.0228172 0.0228172
0.46036 0.53964 0.0228121 0.0228121
0.46036 0.53964 0.0228083 0.0228083
0.46042 0.53958 0.0228015 0.0228015
0.46041 0.53959 0.0227951 0.0227951
0.46039 0.53961 0.0227905 0.0227905
0.46042 0.53958 0.0227824 0.0227824
0.46046 0.53954 0.0227918 0.0227918
0.46048 0.53952 0.0227838 0.0227838
0.46047 0.53953 0.0227935 0.0227935
0.46052 0.53948 0.0227883 0.0227883
0.46049 0.53951 0.0227805 0.0227805
0.46048 0.53952 0.0227747 0.0227747
0.46048 0.53952 0.0227808 0.0227808
0.46046 0.53954 0.0227781 0.0227781
0.46047 0.53953 0.0227789 0.0227789
0.46051 0.53949 0.0227673 0.0227673
0.4605 0.5395 0.022759 0.022759
0.46053 0.53947 0.0227489 0.0227489
0.46053 0.53947 0.0227508 0.0227508
0.46053 0.53947 0.0227562 0.0227562
0.46052 0.53948 0.022752 0.022752
0.46054 0.53946 0.0227494 0.0227494
0.46053 0.53947 0.0227479 0.0227479
0.4605 0.5395 0.0227539 0.0227539
0.46047 0.53953 0.022751 0.022751
0.46047 0.53953 0.0227417 0.0227417
0.46045 0.53955 0.02274 0.02274
0.46045 0.53955 0.02274 0.02274
0.4604 0.5396 0.0227455 0.0227455
0.46036 0.53964 0.0227405 0.0227405
0.46034 0.53966 0.0227396 0.0227396
0.46035 0.53965 0.0227377 0.0227377
0.46033 0.53967 0.0227357 0.0227357
0.46031 0.53969 0.0227277 0.0227277
0.4603 0.5397 0.0227203 0.0227203
0.46031 0.53969 0.0227067 0.0227067
0.46028 0.53972 0.022696 0.022696
0.46029 0.53971 0.0227055 0.0227055
0.46025 0.53975 0.0227058 0.0227058
0.46022 0.53978 0.0227022 0.0227022
0.46018 0.53982 0.0226972 0.0226972
0.46017 0.53983 0.0226918 0.0226918
0.46016 0.53984 0.0226906 0.0226906
0.46017 0.53983 0.022687 0.022687
0.46015 0.53985 0.0226847 0.0226847
0.46017 0.53983 0.0226805 0.0226805
0.46017 0.53983 0.0226883 0.0226883
0.46017 0.53983 0.0226927 0.0226927
0.46015 0.53985 0.022697 0.022697
0.46014 0.53986 0.0226942 0.0226942
0.46013 0.53987 0.022693 0.022693
0.46013 0.53987 0.0226954 0.0226954
0.46012 0.53988 0.0226942 0.0226942
0.46013 0.53987 0.0226866 0.0226866
0.46013 0.53987 0.0226866 0.0226866
0.46011 0.53989 0.0226782 0.0226782
0.4601 0.5399 0.0226708 0.0226708
0.46011 0.53989 0.0226678 0.0226678
0.4601 0.5399 0.0226708 0.0226708
0.4601 0.5399 0.0226687 0.0226687
0.46008 0.53992 0.0226689 0.0226689
0.46008 0.53992 0.0226689 0.0226689
0.46007 0.53993 0.0226681 0.0226681
0.46006 0.53994 0.0226713 0.0226713
0.46001 0.53999 0.0226709 0.0226709
0.46006 0.53994 0.0226729 0.0226729
0.46006 0.53994 0.022681 0.022681
0.46006 0.53994 0.022681 0.022681
0.46005 0.53995 0.02268 0.02268
0.46005 0.53995 0.022678 0.022678
0.46004 0.53996 0.0226831 0.0226831
0.46002 0.53998 0.0226854 0.0226854
0.46002 0.53998 0.0226853 0.0226853
0.46001 0.53999 0.0226885 0.0226885
0.46002 0.53998 0.0226813 0.0226813
0.46002 0.53998 0.0226771 0.0226771
0.46001 0.53999 0.0226803 0.0226803
0.46001 0.53999 0.0226803 0.0226803
0.46 0.54 0.0226796 0.0226796
0.46001 0.53999 0.0226764 0.0226764
0.45999 0.54001 0.0226747 0.0226747
0.45997 0.54003 0.0226791 0.0226791
0.45997 0.54003 0.022669 0.022669
0.46 0.54 0.0226592 0.0226592
0.46002 0.53998 0.0226588 0.0226588
0.46002 0.53998 0.0226608 0.0226608
0.46001 0.53999 0.0226641 0.0226641
0.46 0.54 0.0226632 0.0226632
0.46002 0.53998 0.0226567 0.0226567
0.46002 0.53998 0.0226567 0.0226567
0.46002 0.53998 0.0226567 0.0226567
0.45999 0.54001 0.0226603 0.0226603
0.45997 0.54003 0.0226648 0.0226648
0.45998 0.54002 0.0226636 0.0226636
0.45997 0.54003 0.0226607 0.0226607
0.45997 0.54003 0.0226567 0.0226567
0.45997 0.54003 0.0226567 0.0226567
0.45998 0.54002 0.0226555 0.0226555
0.45998 0.54002 0.0226555 0.0226555
0.45999 0.54001 0.0226584 0.0226584
0.45998 0.54002 0.0226616 0.0226616
0.45999 0.54001 0.0226624 0.0226624
0.46 0.54 0.0226571 0.0226571
0.46002 0.53998 0.0226627 0.0226627
0.45997 0.54003 0.0226587 0.0226587
0.46 0.54 0.0226571 0.0226571
0.46 0.54 0.0226631 0.0226631
0.46001 0.53999 0.0226639 0.0226639
0.46001 0.53999 0.02266 0.02266
0.46002 0.53998 0.0226588 0.0226588
0.46002 0.53998 0.0226607 0.0226607
0.46001 0.53999 0.022664 0.022664
0.46003 0.53997 0.0226615 0.0226615
0.46 0.54 0.0226571 0.0226571
0.46 0.54 0.0226571 0.0226571
0.46 0.54 0.0226571 0.0226571
0.46 0.54 0.0226571 0.0226571
0.46 0.54 0.0226652 0.0226652
0.45998 0.54002 0.0226676 0.0226676
0.45997 0.54003 0.0226708 0.0226708
0.45998 0.54002 0.0226676 0.0226676
0.45997 0.54003 0.0226648 0.0226648
0.45996 0.54004 0.022668 0.022668
0.45995 0.54005 0.0226672 0.0226672
0.45995 0.54005 0.0226652 0.0226652
0.45996 0.54004 0.022662 0.022662
0.45997 0.54003 0.0226587 0.0226587
0.45994 0.54006 0.0226583 0.0226583
0.45993 0.54007 0.0226615 0.0226615
0.45992 0.54008 0.0226566 0.0226566
0.45991 0.54009 0.0226578 0.0226578
0.45991 0.54009 0.0226598 0.0226598
0.45989 0.54011 0.0226542 0.0226542
0.45988 0.54012 0.0226533 0.0226533
0.45989 0.54011 0.0226501 0.0226501
0.45988 0.54012 0.0226493 0.0226493
0.45988 0.54012 0.0226554 0.0226554
0.45989 0.54011 0.0226501 0.0226501
0.45987 0.54013 0.0226525 0.0226525
0.45989 0.54011 0.0226521 0.0226521
0.4599 0.5401 0.0226489 0.0226489
0.45989 0.54011 0.0226521 0.0226521
0.45992 0.54008 0.0226425 0.0226425
0.45992 0.54008 0.0226425 0.0226425
0.45993 0.54007 0.0226393 0.0226393
0.45991 0.54009 0.0226417 0.0226417
0.45993 0.54007 0.0226393 0.0226393
0.45994 0.54006 0.0226401 0.0226401
0.45994 0.54006 0.0226401 0.0226401
0.45991 0.54009 0.0226457 0.0226457
0.45991 0.54009 0.0226417 0.0226417
0.45993 0.54007 0.0226413 0.0226413
0.45994 0.54006 0.0226401 0.0226401
0.45991 0.54009 0.0226478 0.0226478
0.45993 0.54007 0.0226454 0.0226454
0.45993 0.54007 0.0226393 0.0226393
0.45995 0.54005 0.0226369 0.0226369
0.45995 0.54005 0.022639 0.022639
0.45994 0.54006 0.0226402 0.0226402
0.45993 0.54007 0.0226434 0.0226434
0.45992 0.54008 0.0226426 0.0226426
0.45992 0.54008 0.0226426 0.0226426
0.45993 0.54007 0.0226435 0.0226435
0.45993 0.54007 0.0226435 0.0226435
0.45992 0.54008 0.0226467 0.0226467
0.45993 0.54007 0.0226434 0.0226434
0.45995 0.54005 0.022639 0.022639
0.45996 0.54004 0.0226479 0.0226479
0.45995 0.54005 0.022647 0.022647
0.45997 0.54003 0.0226446 0.0226446
0.45999 0.54001 0.0226482 0.0226482
0.45999 0.54001 0.0226482 0.0226482
0.45998 0.54002 0.0226494 0.0226494
0.45998 0.54002 0.0226494 0.0226494
0.46001 0.53999 0.0226499 0.0226499
0.46003 0.53997 0.0226495 0.0226495
0.46002 0.53998 0.0226486 0.0226486
0.46003 0.53997 0.0226495 0.0226495
0.46004 0.53996 0.0226463 0.0226463
0.46007 0.53993 0.0226487 0.0226487
0.46007 0.53993 0.0226487 0.0226487
0.46006 0.53994 0.0226478 0.0226478
0.46007 0.53993 0.0226507 0.0226507
0.46007 0.53993 0.0226507 0.0226507
0.46007 0.53993 0.0226507 0.0226507
0.46006 0.53994 0.022654 0.022654
0.46007 0.53993 0.0226548 0.0226548
0.46006 0.53994 0.022658 0.022658
0.46007 0.53993 0.0226548 0.0226548
0.46006 0.53994 0.0226539 0.0226539
0.46006 0.53994 0.0226519 0.0226519
0.46005 0.53995 0.0226511 0.0226511
0.46006 0.53994 0.022652 0.022652
0.46006 0.53994 0.022652 0.022652
0.46006 0.53994 0.022652 0.022652
0.46003 0.53997 0.0226515 0.0226515
0.46004 0.53996 0.0226544 0.0226544
0.46005 0.53995 0.0226531 0.0226531
0.46003 0.53997 0.0226495 0.0226495
0.46001 0.53999 0.0226479 0.0226479
0.46002 0.53998 0.0226446 0.0226446
0.46002 0.53998 0.0226446 0.0226446
0.46002 0.53998 0.0226446 0.0226446
0.46003 0.53997 0.0226414 0.0226414
0.46003 0.53997 0.0226414 0.0226414
0.46004 0.53996 0.0226422 0.0226422
0.46004 0.53996 0.0226422 0.0226422
0.46003 0.53997 0.0226414 0.0226414
0.46003 0.53997 0.0226414 0.0226414
0.46004 0.53996 0.0226422 0.0226422
0.46005 0.53995 0.022641 0.022641
0.46005 0.53995 0.022643 0.022643
0.46005 0.53995 0.0226431 0.0226431
0.46004 0.53996 0.0226423 0.0226423
0.46003 0.53997 0.0226455 0.0226455
0.46004 0.53996 0.0226422 0.0226422
0.46002 0.53998 0.0226386 0.0226386
0.46001 0.53999 0.0226459 0.0226459
0.45998 0.54002 0.0226454 0.0226454
0.45998 0.54002 0.0226454 0.0226454
0.45998 0.54002 0.0226454 0.0226454
0.45998 0.54002 0.0226454 0.0226454
0.45997 0.54003 0.0226486 0.0226486
0.45998 0.54002 0.0226515 0.0226515
0.46 0.54 0.0226491 0.0226491
0.45998 0.54002 0.0226495 0.0226495
0.45999 0.54001 0.0226463 0.0226463
0.45999 0.54001 0.0226463 0.0226463
0.45999 0.54001 0.0226483 0.0226483
0.46001 0.53999 0.0226439 0.0226439
0.45999 0.54001 0.0226463 0.0226463
0.45998 0.54002 0.0226495 0.0226495
0.45998 0.54002 0.0226495 0.0226495
0.45998 0.54002 0.0226555 0.0226555
0.45998 0.54002 0.0226555 0.0226555
0.45997 0.54003 0.0226588 0.0226588
0.45995 0.54005 0.0226632 0.0226632
0.45993 0.54007 0.0226676 0.0226676
0.45993 0.54007 0.0226676 0.0226676
0.45994 0.54006 0.0226664 0.0226664
0.45994 0.54006 0.0226644 0.0226644
0.45996 0.54004 0.022666 0.022666
0.45994 0.54006 0.0226745 0.0226745
0.45992 0.54008 0.022683 0.022683
0.45992 0.54008 0.0226851 0.0226851
0.45989 0.54011 0.0226868 0.0226868
0.45989 0.54011 0.0226928 0.0226928
0.45989 0.54011 0.0227009 0.0227009
0.45991 0.54009 0.0227005 0.0227005
0.45994 0.54006 0.0226908 0.0226908
0.45992 0.54008 0.0226892 0.0226892
0.45991 0.54009 0.0226864 0.0226864
0.45991 0.54009 0.0226924 0.0226924
0.4599 0.5401 0.0226896 0.0226896
0.45992 0.54008 0.0226831 0.0226831
0.45994 0.54006 0.0226807 0.0226807
0.45993 0.54007 0.0226839 0.0226839
0.45993 0.54007 0.0226839 0.0226839
0.45995 0.54005 0.0226815 0.0226815
0.45995 0.54005 0.0226835 0.0226835
0.45995 0.54005 0.0226794 0.0226794
0.45991 0.54009 0.0226863 0.0226863
0.45993 0.54007 0.0226839 0.0226839
0.45995 0.54005 0.0226815 0.0226815
0.45997 0.54003 0.022673 0.022673
0.45997 0.54003 0.022673 0.022673
0.45996 0.54004 0.0226722 0.0226722
0.45995 0.54005 0.0226713 0.0226713
0.45996 0.54004 0.0226681 0.0226681
0.45995 0.54005 0.0226774 0.0226774
0.45994 0.54006 0.0226827 0.0226827
0.45993 0.54007 0.0226818 0.0226818
0.45995 0.54005 0.0226855 0.0226855
0.45996 0.54004 0.0226822 0.0226822
0.45996 0.54004 0.0226822 0.0226822
0.45997 0.54003 0.022679 0.022679
0.45996 0.54004 0.0226822 0.0226822
0.45997 0.54003 0.022679 0.022679
0.45998 0.54002 0.0226818 0.0226818
0.45998 0.54002 0.0226818 0.0226818
0.45998 0.54002 0.0226797 0.0226797
0.45998 0.54002 0.0226818 0.0226818
0.45998 0.54002 0.0226757 0.0226757
0.45997 0.54003 0.0226789 0.0226789
0.45999 0.54001 0.0226724 0.0226724
0.46001 0.53999 0.022672 0.022672
0.46001 0.53999 0.022674 0.022674
0.46 0.54 0.0226792 0.0226792
0.45999 0.54001 0.0226784 0.0226784
0.45999 0.54001 0.0226784 0.0226784
0.46 0.54 0.0226731 0.0226731
0.46 0.54 0.0226731 0.0226731
0.46002 0.53998 0.0226828 0.0226828
0.46001 0.53999 0.0226719 0.0226719
0.46002 0.53998 0.0226687 0.0226687
0.46001 0.53999 0.0226638 0.0226638
0.46 0.54 0.0226671 0.0226671
0.45998 0.54002 0.0226675 0.0226675
0.45997 0.54003 0.0226627 0.0226627
0.45996 0.54004 0.0226639 0.0226639
0.45994 0.54006 0.0226663 0.0226663
0.45995 0.54005 0.0226631 0.0226631
0.45994 0.54006 0.0226663 0.0226663
0.45996 0.54004 0.0226599 0.0226599
0.45996 0.54004 0.0226599 0.0226599
0.45996 0.54004 0.0226599 0.0226599
0.45996 0.54004 0.0226599 0.0226599
0.45997 0.54003 0.0226566 0.0226566
0.45997 0.54003 0.0226567 0.0226567
0.45998 0.54002 0.0226535 0.0226535
