0.48798 0.51202 0.00775012 0.00775012
0.48814 0.51186 0.00641285 0.00641285
0.48886 0.51114 0.00547271 0.00547271
0.48831 0.51169 0.00473793 0.00473793
0.48742 0.51258 0.004056 0.004056
0.48689 0.51311 0.00374155 0.00374155
0.48672 0.51328 0.00348731 0.00348731
0.48503 0.51497 0.00340407 0.00340407
0.48528 0.51472 0.00321837 0.00321837
0.48506 0.51494 0.00316462 0.00316462
0.48587 0.51413 0.00324478 0.00324478
0.48576 0.51424 0.00340449 0.00340449
0.48575 0.51425 0.00333833 0.00333833
0.486 0.514 0.0031344 0.0031344
0.48676 0.51324 0.00312871 0.00312871
0.48633 0.51367 0.0031174 0.0031174
0.48515 0.51485 0.00305766 0.00305766
0.48526 0.51474 0.00307836 0.00307836
0.48653 0.51347 0.00308132 0.00308132
0.48549 0.51451 0.00308613 0.00308613
0.48565 0.51435 0.00316768 0.00316768
0.48484 0.51516 0.00316921 0.00316921
0.48472 0.51528 0.00313123 0.00313123
0.48446 0.51554 0.00315158 0.00315158
0.4839 0.5161 0.0031606 0.0031606
0.4834 0.5166 0.00316964 0.00316964
0.48302 0.51698 0.00319776 0.00319776
0.48365 0.51635 0.00317579 0.00317579
0.4843 0.5157 0.00320369 0.00320369
0.48454 0.51546 0.00323484 0.00323484
0.48477 0.51523 0.00322491 0.00322491
0.48377 0.51623 0.00323373 0.00323373
0.48399 0.51601 0.00307787 0.00307787
0.48383 0.51617 0.0029498 0.0029498
0.48344 0.51656 0.00306237 0.00306237
0.48334 0.51666 0.00315301 0.00315301
0.48195 0.51805 0.00314789 0.00314789
0.48233 0.51767 0.00312077 0.00312077
0.48212 0.51788 0.00301354 0.00301354
0.48288 0.51712 0.00307392 0.00307392
0.48368 0.51632 0.00311656 0.00311656
0.48278 0.51722 0.00307686 0.00307686
0.48282 0.51718 0.00310213 0.00310213
0.48211 0.51789 0.00312992 0.00312992
0.4823 0.5177 0.00325456 0.00325456
0.48261 0.51739 0.0033786 0.0033786
0.48239 0.51761 0.00333897 0.00333897
0.48156 0.51844 0.00330984 0.00330984
0.48269 0.51731 0.00328448 0.00328448
0.48418 0.51582 0.00335071 0.00335071
0.48304 0.51696 0.00335115 0.00335115
0.48329 0.51671 0.00343599 0.00343599
0.48315 0.51685 0.00358698 0.00358698
0.48367 0.51633 0.00354742 0.00354742
0.48339 0.51661 0.00347081 0.00347081
0.48493 0.51507 0.00351186 0.00351186
0.48343 0.51657 0.00342467 0.00342467
0.48282 0.51718 0.00331619 0.00331619
0.48326 0.51674 0.00330151 0.00330151
0.4838 0.5162 0.00327004 0.00327004
0.48348 0.51652 0.00317078 0.00317078
0.48344 0.51656 0.00313461 0.00313461
0.48361 0.51639 0.00315325 0.00315325
0.48273 0.51727 0.0032498 0.0032498
0.48231 0.51769 0.00326805 0.00326805
0.48237 0.51763 0.00338417 0.00338417
0.48223 0.51777 0.0033983 0.0033983
0.48231 0.51769 0.00351513 0.00351513
0.48316 0.51684 0.00346547 0.00346547
0.48354 0.51646 0.00331191 0.00331191
0.48389 0.51611 0.00331097 0.00331097
0.48255 0.51745 0.00312581 0.00312581
0.48343 0.51657 0.00309661 0.00309661
0.48238 0.51762 0.00311666 0.00311666
0.48343 0.51657 0.00321619 0.00321619
0.48309 0.51691 0.0032036 0.0032036
0.48234 0.51766 0.00311233 0.00311233
0.48243 0.51757 0.00304996 0.00304996
0.48262 0.51738 0.00318963 0.00318963
0.48394 0.51606 0.00325115 0.00325115
0.48403 0.51597 0.003237 0.003237
0.48409 0.51591 0.00332113 0.00332113
0.484 0.516 0.00344588 0.00344588
0.48341 0.51659 0.00349002 0.00349002
0.48222 0.51778 0.00357993 0.00357993
0.48251 0.51749 0.00358294 0.00358294
0.48166 0.51834 0.00348768 0.00348768
0.48133 0.51867 0.00342204 0.00342204
0.48269 0.51731 0.0034409 0.0034409
0.4833 0.5167 0.00351991 0.00351991
0.48195 0.51805 0.00337748 0.00337748
0.48192 0.51808 0.00348224 0.00348224
0.48258 0.51742 0.00356756 0.00356756
0.482 0.518 0.00349491 0.00349491
0.48226 0.51774 0.00346767 0.00346767
0.48166 0.51834 0.00360811 0.00360811
0.48246 0.51754 0.00354904 0.00354904
0.48251 0.51749 0.00349518 0.00349518
0.48189 0.51811 0.0035307 0.0035307
0.48229 0.51771 0.00355011 0.00355011
0.48203 0.51797 0.00360872 0.00360872
0.48152 0.51848 0.00356692 0.00356692
0.48174 0.51826 0.00349842 0.00349842
0.4825 0.5175 0.00359348 0.00359348
0.48238 0.51762 0.00365987 0.00365987
0.48311 0.51689 0.00376984 0.00376984
0.48272 0.51728 0.0036682 0.0036682
0.48316 0.51684 0.00365969 0.00365969
0.48263 0.51737 0.00363516 0.00363516
0.48318 0.51682 0.00365069 0.00365069
0.48282 0.51718 0.00349968 0.00349968
0.48299 0.51701 0.00371833 0.00371833
0.48476 0.51524 0.00358629 0.00358629
0.48499 0.51501 0.00358821 0.00358821
0.48504 0.51496 0.00361586 0.00361586
0.4848 0.5152 0.00341287 0.00341287
0.4837 0.5163 0.00342656 0.00342656
0.48357 0.51643 0.00354235 0.00354235
0.48355 0.51645 0.00339934 0.00339934
0.48351 0.51649 0.00342429 0.00342429
0.48373 0.51627 0.00349525 0.00349525
0.48385 0.51615 0.00345989 0.00345989
0.48359 0.51641 0.00334291 0.00334291
0.48422 0.51578 0.00332817 0.00332817
0.48348 0.51652 0.00325417 0.00325417
0.48356 0.51644 0.00335039 0.00335039
0.48338 0.51662 0.00340975 0.00340975
0.48358 0.51642 0.00333148 0.00333148
0.48381 0.51619 0.00338482 0.00338482
0.48438 0.51562 0.00333913 0.00333913
0.48429 0.51571 0.00339908 0.00339908
0.48402 0.51598 0.0033061 0.0033061
0.48368 0.51632 0.00332335 0.00332335
0.48301 0.51699 0.00335882 0.00335882
0.48194 0.51806 0.00336523 0.00336523
0.48237 0.51763 0.00342244 0.00342244
0.48229 0.51771 0.00333382 0.00333382
0.48246 0.51754 0.00336118 0.00336118
0.48273 0.51727 0.0033884 0.0033884
0.48358 0.51642 0.0032437 0.0032437
0.48386 0.51614 0.00336556 0.00336556
0.4833 0.5167 0.00338361 0.00338361
0.48463 0.51537 0.00355545 0.00355545
0.48323 0.51677 0.00351333 0.00351333
0.4826 0.5174 0.00341871 0.00341871
0.4838 0.5162 0.00344663 0.00344663
0.48419 0.51581 0.00342212 0.00342212
0.4847 0.5153 0.00346441 0.00346441
0.48445 0.51555 0.00357829 0.00357829
0.48458 0.51542 0.00360798 0.00360798
0.48425 0.51575 0.00365011 0.00365011
0.48401 0.51599 0.0036711 0.0036711
0.48365 0.51635 0.00361787 0.00361787
0.48357 0.51643 0.00349536 0.00349536
0.48378 0.51622 0.00345561 0.00345561
0.48353 0.51647 0.00338995 0.00338995
0.48231 0.51769 0.00342381 0.00342381
0.48119 0.51881 0.0034549 0.0034549
0.48037 0.51963 0.0034068 0.0034068
0.48079 0.51921 0.00341655 0.00341655
0.48213 0.51787 0.00347125 0.00347125
0.48186 0.51814 0.00353307 0.00353307
0.48216 0.51784 0.00354151 0.00354151
0.4832 0.5168 0.00348331 0.00348331
0.4829 0.5171 0.0034572 0.0034572
0.48357 0.51643 0.00356845 0.00356845
0.4828 0.5172 0.00362448 0.00362448
0.48346 0.51654 0.00358542 0.00358542
0.48292 0.51708 0.00354632 0.00354632
0.48353 0.51647 0.0035613 0.0035613
0.48353 0.51647 0.00348611 0.00348611
0.48317 0.51683 0.00356259 0.00356259
0.4827 0.5173 0.00365169 0.00365169
0.483 0.517 0.00353418 0.00353418
0.48274 0.51726 0.0035728 0.0035728
0.4821 0.5179 0.0035753 0.0035753
0.48205 0.51795 0.003541 0.003541
0.48185 0.51815 0.00356201 0.00356201
0.48148 0.51852 0.00362011 0.00362011
0.48056 0.51944 0.00350469 0.00350469
0.48104 0.51896 0.00352715 0.00352715
0.48056 0.51944 0.00356984 0.00356984
0.48107 0.51893 0.00359398 0.00359398
0.4818 0.5182 0.00362824 0.00362824
0.48226 0.51774 0.00381215 0.00381215
0.48173 0.51827 0.00373291 0.00373291
0.48154 0.51846 0.00368433 0.00368433
0.4815 0.5185 0.00374399 0.00374399
0.48147 0.51853 0.00375997 0.00375997
0.48299 0.51701 0.00364171 0.00364171
0.48348 0.51652 0.00363637 0.00363637
0.48351 0.51649 0.00368577 0.00368577
0.48389 0.51611 0.00363287 0.00363287
0.48465 0.51535 0.0037672 0.0037672
0.48466 0.51534 0.00374312 0.00374312
0.48462 0.51538 0.00369426 0.00369426
0.48393 0.51607 0.00370665 0.00370665
0.48436 0.51564 0.00376627 0.00376627
0.48285 0.51715 0.00390869 0.00390869
0.4829 0.5171 0.00390914 0.00390914
0.48423 0.51577 0.00396483 0.00396483
0.48276 0.51724 0.00392027 0.00392027
0.48372 0.51628 0.00379727 0.00379727
0.48357 0.51643 0.00384752 0.00384752
0.48321 0.51679 0.00374962 0.00374962
0.4837 0.5163 0.00380951 0.00380951
0.48307 0.51693 0.00398685 0.00398685
0.48337 0.51663 0.00395203 0.00395203
0.48377 0.51623 0.00394909 0.00394909
0.48256 0.51744 0.00400847 0.00400847
0.48191 0.51809 0.00406689 0.00406689
0.48246 0.51754 0.00412484 0.00412484
0.48266 0.51734 0.00389867 0.00389867
0.4826 0.5174 0.00402028 0.00402028
0.48339 0.51661 0.00395735 0.00395735
0.48421 0.51579 0.00391061 0.00391061
0.48322 0.51678 0.00382379 0.00382379
0.48226 0.51774 0.00392799 0.00392799
0.48186 0.51814 0.00383016 0.00383016
0.48089 0.51911 0.00384275 0.00384275
0.48119 0.51881 0.00389256 0.00389256
0.48307 0.51693 0.004069 0.004069
0.48219 0.51781 0.00408577 0.00408577
0.48334 0.51666 0.00419901 0.00419901
0.48315 0.51685 0.0041535 0.0041535
0.48227 0.51773 0.00387628 0.00387628
0.48226 0.51774 0.00399462 0.00399462
0.48188 0.51812 0.00385764 0.00385764
0.48068 0.51932 0.00394618 0.00394618
0.48016 0.51984 0.00399036 0.00399036
0.48089 0.51911 0.00401618 0.00401618
0.48221 0.51779 0.00413073 0.00413073
0.4823 0.5177 0.00412951 0.00412951
0.48131 0.51869 0.00419755 0.00419755
0.48134 0.51866 0.00412485 0.00412485
0.48106 0.51894 0.00415507 0.00415507
0.48067 0.51933 0.00422705 0.00422705
0.48104 0.51896 0.00421159 0.00421159
0.48204 0.51796 0.00422095 0.00422095
0.48218 0.51782 0.00419332 0.00419332
0.4819 0.5181 0.00414716 0.00414716
0.48124 0.51876 0.00400406 0.00400406
0.4809 0.5191 0.00399645 0.00399645
0.48126 0.51874 0.00380393 0.00380393
0.48112 0.51888 0.00390029 0.00390029
0.48106 0.51894 0.0039307 0.0039307
0.48152 0.51848 0.0039811 0.0039811
0.48119 0.51881 0.00389989 0.00389989
0.48021 0.51979 0.00387261 0.00387261
0.48022 0.51978 0.00386516 0.00386516
0.4796 0.5204 0.00387844 0.00387844
0.48053 0.51947 0.00390554 0.00390554
0.47975 0.52025 0.00397273 0.00397273
0.47951 0.52049 0.0039973 0.0039973
0.48009 0.51991 0.00401548 0.00401548
0.48041 0.51959 0.0040135 0.0040135
0.47971 0.52029 0.00395768 0.00395768
0.48007 0.51993 0.00390275 0.00390275
0.48017 0.51983 0.00381485 0.00381485
0.47996 0.52004 0.00382313 0.00382313
0.47904 0.52096 0.00373398 0.00373398
0.47943 0.52057 0.00365344 0.00365344
0.47929 0.52071 0.00356643 0.00356643
0.4796 0.5204 0.00365349 0.00365349
0.47971 0.52029 0.00372411 0.00372411
0.47971 0.52029 0.00388776 0.00388776
0.47925 0.52075 0.00396661 0.00396661
0.47974 0.52026 0.0039168 0.0039168
0.4804 0.5196 0.00380895 0.00380895
0.4813 0.5187 0.00391318 0.00391318
0.4823 0.5177 0.00394363 0.00394363
0.48207 0.51793 0.0039772 0.0039772
0.48237 0.51763 0.0041227 0.0041227
0.48121 0.51879 0.00411918 0.00411918
0.48127 0.51873 0.00418353 0.00418353
0.48189 0.51811 0.00408408 0.00408408
0.48098 0.51902 0.00409594 0.00409594
0.48158 0.51842 0.00425259 0.00425259
0.48228 0.51772 0.00437481 0.00437481
0.48109 0.51891 0.00438319 0.00438319
0.48113 0.51887 0.00449015 0.00449015
0.48071 0.51929 0.00434615 0.00434615
0.48036 0.51964 0.00430381 0.00430381
0.47993 0.52007 0.00422433 0.00422433
0.48045 0.51955 0.00423318 0.00423318
0.48096 0.51904 0.00411224 0.00411224
0.48148 0.51852 0.00412207 0.00412207
0.48153 0.51847 0.00420819 0.00420819
0.48151 0.51849 0.0043091 0.0043091
0.48044 0.51956 0.00421439 0.00421439
0.47998 0.52002 0.0043943 0.0043943
0.4797 0.5203 0.0044373 0.0044373
0.4786 0.5214 0.00450166 0.00450166
0.47884 0.52116 0.00442945 0.00442945
0.47918 0.52082 0.00435833 0.00435833
0.47922 0.52078 0.00425617 0.00425617
0.4784 0.5216 0.00438804 0.00438804
0.4784 0.5216 0.00435612 0.00435612
0.47817 0.52183 0.00452441 0.00452441
0.47819 0.52181 0.00434258 0.00434258
0.47809 0.52191 0.00434079 0.00434079
0.47776 0.52224 0.00419675 0.00419675
0.47824 0.52176 0.00403568 0.00403568
0.47899 0.52101 0.00416641 0.00416641
0.47943 0.52057 0.00417144 0.00417144
0.47952 0.52048 0.00409837 0.00409837
0.47917 0.52083 0.0039935 0.0039935
0.47923 0.52077 0.00409321 0.00409321
0.47907 0.52093 0.00418839 0.00418839
0.48073 0.51927 0.00427236 0.00427236
0.4821 0.5179 0.00426696 0.00426696
0.48151 0.51849 0.00425433 0.00425433
0.47967 0.52033 0.00433735 0.00433735
0.48078 0.51922 0.00422625 0.00422625
0.48205 0.51795 0.0042074 0.0042074
0.482 0.518 0.00424707 0.00424707
0.48295 0.51705 0.00425029 0.00425029
0.48229 0.51771 0.00435873 0.00435873
0.48211 0.51789 0.00443232 0.00443232
0.48074 0.51926 0.00446844 0.00446844
0.4811 0.5189 0.00454803 0.00454803
0.48132 0.51868 0.00464917 0.00464917
0.48054 0.51946 0.00462817 0.00462817
0.48112 0.51888 0.00466946 0.00466946
0.48146 0.51854 0.00460494 0.00460494
0.4827 0.5173 0.00462302 0.00462302
0.48224 0.51776 0.00467687 0.00467687
0.48018 0.51982 0.00464748 0.00464748
0.48111 0.51889 0.00455774 0.00455774
0.48116 0.51884 0.00453876 0.00453876
0.48127 0.51873 0.00446523 0.00446523
0.48094 0.51906 0.00454482 0.00454482
0.48067 0.51933 0.0044739 0.0044739
0.48111 0.51889 0.00460363 0.00460363
0.48235 0.51765 0.00453607 0.00453607
0.48195 0.51805 0.00464055 0.00464055
0.48186 0.51814 0.00479396 0.00479396
0.48153 0.51847 0.00484431 0.00484431
0.48111 0.51889 0.00480715 0.00480715
0.48128 0.51872 0.00480081 0.00480081
0.48101 0.51899 0.00491464 0.00491464
0.48056 0.51944 0.00497516 0.00497516
0.48056 0.51944 0.0049033 0.0049033
0.48148 0.51852 0.00493433 0.00493433
0.48155 0.51845 0.00503526 0.00503526
0.48083 0.51917 0.0049415 0.0049415
0.48089 0.51911 0.0048326 0.0048326
0.48065 0.51935 0.00469716 0.00469716
0.4813 0.5187 0.00464878 0.00464878
0.48119 0.51881 0.0047005 0.0047005
0.48159 0.51841 0.00479633 0.00479633
0.48227 0.51773 0.00484664 0.00484664
0.48101 0.51899 0.00473862 0.00473862
0.48079 0.51921 0.00473712 0.00473712
0.48139 0.51861 0.00465691 0.00465691
0.4805 0.5195 0.00472686 0.00472686
0.48068 0.51932 0.00481222 0.00481222
0.4806 0.5194 0.00482782 0.00482782
0.4802 0.5198 0.00478836 0.00478836
0.48011 0.51989 0.00474089 0.00474089
0.48013 0.51987 0.0047109 0.0047109
0.47968 0.52032 0.00465523 0.00465523
0.48004 0.51996 0.00461557 0.00461557
0.47946 0.52054 0.00469065 0.00469065
0.47991 0.52009 0.00466319 0.00466319
0.47997 0.52003 0.00467486 0.00467486
0.48024 0.51976 0.0047178 0.0047178
0.48033 0.51967 0.00476643 0.00476643
0.48013 0.51987 0.00471318 0.00471318
0.48021 0.51979 0.00446332 0.00446332
0.47986 0.52014 0.00455261 0.00455261
0.48034 0.51966 0.00465455 0.00465455
0.48143 0.51857 0.00465479 0.00465479
0.48116 0.51884 0.00469032 0.00469032
0.48078 0.51922 0.00459221 0.00459221
0.48191 0.51809 0.00458806 0.00458806
0.48331 0.51669 0.00455486 0.00455486
0.48139 0.51861 0.0046664 0.0046664
0.48109 0.51891 0.00478471 0.00478471
0.48065 0.51935 0.00483237 0.00483237
0.48055 0.51945 0.0048491 0.0048491
0.48014 0.51986 0.00491796 0.00491796
0.48117 0.51883 0.00492125 0.00492125
0.4802 0.5198 0.00503853 0.00503853
0.48106 0.51894 0.00500436 0.00500436
0.48147 0.51853 0.00493508 0.00493508
0.4812 0.5188 0.00483337 0.00483337
0.4822 0.5178 0.00476499 0.00476499
0.48278 0.51722 0.00470696 0.00470696
0.48276 0.51724 0.00470307 0.00470307
0.48172 0.51828 0.00468562 0.00468562
0.48105 0.51895 0.00468807 0.00468807
0.48191 0.51809 0.00461107 0.00461107
0.48033 0.51967 0.004658 0.004658
0.48049 0.51951 0.00453538 0.00453538
0.47945 0.52055 0.00449847 0.00449847
0.47908 0.52092 0.00453393 0.00453393
0.47784 0.52216 0.00451003 0.00451003
0.47917 0.52083 0.00472024 0.00472024
0.47889 0.52111 0.00469062 0.00469062
0.48 0.52 0.00468194 0.00468194
0.48022 0.51978 0.00488747 0.00488747
0.48016 0.51984 0.00468155 0.00468155
0.47933 0.52067 0.00480713 0.00480713
0.47899 0.52101 0.00484203 0.00484203
0.48039 0.51961 0.00493176 0.00493176
0.4821 0.5179 0.00483492 0.00483492
0.48201 0.51799 0.00491239 0.00491239
0.48206 0.51794 0.00476107 0.00476107
0.48222 0.51778 0.0047493 0.0047493
0.48245 0.51755 0.00478593 0.00478593
0.4827 0.5173 0.00483183 0.00483183
0.483 0.517 0.00470768 0.00470768
0.48339 0.51661 0.00496464 0.00496464
0.48313 0.51687 0.00481492 0.00481492
0.48274 0.51726 0.00476129 0.00476129
0.48255 0.51745 0.00487708 0.00487708
0.48274 0.51726 0.00486383 0.00486383
0.48354 0.51646 0.0048312 0.0048312
0.48318 0.51682 0.00495399 0.00495399
0.48312 0.51688 0.0049358 0.0049358
0.48354 0.51646 0.00484524 0.00484524
0.48301 0.51699 0.00487138 0.00487138
0.48214 0.51786 0.00483335 0.00483335
0.48107 0.51893 0.00476859 0.00476859
0.48106 0.51894 0.00468588 0.00468588
0.48131 0.51869 0.00476642 0.00476642
0.48135 0.51865 0.00486785 0.00486785
0.48041 0.51959 0.00491849 0.00491849
0.48 0.52 0.00489804 0.00489804
0.48065 0.51935 0.00498286 0.00498286
0.4819 0.5181 0.00501179 0.00501179
0.48151 0.51849 0.00502458 0.00502458
0.48201 0.51799 0.0050734 0.0050734
0.48177 0.51823 0.00502945 0.00502945
0.48181 0.51819 0.00504745 0.00504745
0.48174 0.51826 0.00509623 0.00509623
0.48088 0.51912 0.00513005 0.00513005
0.48148 0.51852 0.0050675 0.0050675
0.48221 0.51779 0.0050114 0.0050114
0.48336 0.51664 0.00508936 0.00508936
0.48389 0.51611 0.0050244 0.0050244
0.48225 0.51775 0.00508647 0.00508647
0.4825 0.5175 0.00531771 0.00531771
0.48264 0.51736 0.00520963 0.00520963
0.48199 0.51801 0.00521357 0.00521357
0.48235 0.51765 0.00488013 0.00488013
0.48251 0.51749 0.00481112 0.00481112
0.48305 0.51695 0.0049195 0.0049195
0.48451 0.51549 0.00493625 0.00493625
0.48465 0.51535 0.00512393 0.00512393
0.48446 0.51554 0.0050496 0.0050496
0.48395 0.51605 0.00504908 0.00504908
0.4838 0.5162 0.00511329 0.00511329
0.48356 0.51644 0.00530178 0.00530178
0.48372 0.51628 0.00537073 0.00537073
0.4848 0.5152 0.00531683 0.00531683
0.48424 0.51576 0.00537055 0.00537055
0.48354 0.51646 0.00522162 0.00522162
0.48362 0.51638 0.00526135 0.00526135
0.48373 0.51627 0.0052363 0.0052363
0.48426 0.51574 0.00536349 0.00536349
0.48447 0.51553 0.00524251 0.00524251
0.48356 0.51644 0.00530273 0.00530273
0.48332 0.51668 0.0051987 0.0051987
0.48362 0.51638 0.00528286 0.00528286
0.48315 0.51685 0.00537433 0.00537433
0.48322 0.51678 0.00544856 0.00544856
0.48346 0.51654 0.00540688 0.00540688
0.48369 0.51631 0.00543064 0.00543064
0.4837 0.5163 0.00554393 0.00554393
0.48405 0.51595 0.00573419 0.00573419
0.48469 0.51531 0.00569747 0.00569747
0.48387 0.51613 0.00555918 0.00555918
0.48344 0.51656 0.00551237 0.00551237
0.484 0.516 0.00544081 0.00544081
0.4836 0.5164 0.00542414 0.00542414
0.48292 0.51708 0.0052965 0.0052965
0.48243 0.51757 0.00545902 0.00545902
0.48232 0.51768 0.00538917 0.00538917
0.48311 0.51689 0.00533281 0.00533281
0.48292 0.51708 0.00541864 0.00541864
0.48381 0.51619 0.00545773 0.00545773
0.4826 0.5174 0.00554149 0.00554149
0.48373 0.51627 0.00539804 0.00539804
0.48369 0.51631 0.00541814 0.00541814
0.4836 0.5164 0.00561687 0.00561687
0.48322 0.51678 0.00569187 0.00569187
0.48303 0.51697 0.00556554 0.00556554
0.48232 0.51768 0.00558301 0.00558301
0.48243 0.51757 0.00555322 0.00555322
0.48229 0.51771 0.0056234 0.0056234
0.48204 0.51796 0.00570493 0.00570493
0.48184 0.51816 0.00561367 0.00561367
0.4819 0.5181 0.00566702 0.00566702
0.48184 0.51816 0.00571165 0.00571165
0.48249 0.51751 0.00550328 0.00550328
0.48309 0.51691 0.00548156 0.00548156
0.48271 0.51729 0.00546441 0.00546441
0.48111 0.51889 0.00542545 0.00542545
