0.49998 0.50002 2.33733e-05 2.33733e-05
0.50021 0.49979 6.40262e-05 6.40262e-05
0.49943 0.50057 7.25102e-05 7.25102e-05
0.49959 0.50041 7.99817e-05 7.99817e-05
0.49983 0.50017 0.000102668 0.000102668
0.4997 0.5003 0.000111141 0.000111141
0.49999 0.50001 0.000121162 0.000121162
0.50017 0.49983 0.000130789 0.000130789
0.5001 0.4999 0.000145667 0.000145667
0.50014 0.49986 0.000150425 0.000150425
0.50016 0.49984 0.000153712 0.000153712
0.5002 0.4998 0.000153111 0.000153111
0.50015 0.49985 0.000154129 0.000154129
0.50014 0.49986 0.000158546 0.000158546
0.50028 0.49972 0.000165355 0.000165355
0.5002 0.4998 0.000163778 0.000163778
0.50014 0.49986 0.000165697 0.000165697
0.5002 0.4998 0.000165636 0.000165636
0.50023 0.49977 0.000164522 0.000164522
0.50011 0.49989 0.000166543 0.000166543
0.50006 0.49994 0.0001684 0.0001684
0.50005 0.49995 0.000169705 0.000169705
0.50007 0.49993 0.000169904 0.000169904
0.49994 0.50006 0.000168138 0.000168138
0.49994 0.50006 0.000168299 0.000168299
0.4999 0.5001 0.000168232 0.000168232
0.49993 0.50007 0.000169419 0.000169419
0.49992 0.50008 0.000170115 0.000170115
0.49994 0.50006 0.000170198 0.000170198
0.49999 0.50001 0.000170434 0.000170434
0.50002 0.49998 0.000172202 0.000172202
0.5 0.5 0.000172444 0.000172444
0.50002 0.49998 0.000173818 0.000173818
0.5 0.5 0.00017301 0.00017301
0.50001 0.49999 0.000172899 0.000172899
0.49999 0.50001 0.000173263 0.000173263
0.49999 0.50001 0.000174212 0.000174212
0.49995 0.50005 0.000174432 0.000174432
0.49995 0.50005 0.000174674 0.000174674
0.49994 0.50006 0.000175006 0.000175006
0.49993 0.50007 0.000174854 0.000174854
0.49994 0.50006 0.000173512 0.000173512
0.49995 0.50005 0.000173765 0.000173765
0.49994 0.50006 0.000173512 0.000173512
0.49994 0.50006 0.000173512 0.000173512
0.49993 0.50007 0.000173722 0.000173722
0.49994 0.50006 0.000173512 0.000173512
0.49994 0.50006 0.000173512 0.000173512
0.49996 0.50004 0.00017315 0.00017315
0.49996 0.50004 0.00017315 0.00017315
0.49997 0.50003 0.000173181 0.000173181
0.49997 0.50003 0.000173181 0.000173181
0.49998 0.50002 0.000173717 0.000173717
0.49998 0.50002 0.000173717 0.000173717
0.49998 0.50002 0.000173717 0.000173717
0.49999 0.50001 0.000173929 0.000173929
0.49999 0.50001 0.000173929 0.000173929
0.5 0.5 0.00017402 0.00017402
0.5 0.5 0.00017402 0.00017402
0.50001 0.49999 0.000173828 0.000173828
0.50001 0.49999 0.000173828 0.000173828
0.50001 0.49999 0.000173828 0.000173828
0.50001 0.49999 0.000173828 0.000173828
0.50002 0.49998 0.000173676 0.000173676
0.50002 0.49998 0.000173676 0.000173676
0.50002 0.49998 0.000173676 0.000173676
0.50002 0.49998 0.000173676 0.000173676
0.50002 0.49998 0.000173676 0.000173676
0.50002 0.49998 0.000173676 0.000173676
0.50002 0.49998 0.000173676 0.000173676
0.50002 0.49998 0.000173676 0.000173676
0.50002 0.49998 0.000173676 0.000173676
0.50002 0.49998 0.000173676 0.000173676
0.50002 0.49998 0.000173676 0.000173676
0.50002 0.49998 0.000173676 0.000173676
0.50002 0.49998 0.000173676 0.000173676
0.50002 0.49998 0.000173676 0.000173676
0.50002 0.49998 0.000173676 0.000173676
0.50002 0.49998 0.000173676 0.000173676
0.50002 0.49998 0.000173676 0.000173676
0.50002 0.49998 0.000173676 0.000173676
0.50002 0.49998 0.000173676 0.000173676
0.50002 0.49998 0.000173676 0.000173676
0.50002 0.49998 0.000173676 0.000173676
0.50002 0.49998 0.000173676 0.000173676
0.50002 0.49998 0.000173676 0.000173676
0.50002 0.49998 0.000173676 0.000173676
0.50002 0.49998 0.000173676 0.000173676
0.50002 0.49998 0.000173676 0.000173676
0.50002 0.49998 0.000173676 0.000173676
0.50002 0.49998 0.000173676 0.000173676
0.50002 0.49998 0.000173676 0.000173676
0.50002 0.49998 0.000173676 0.000173676
0.50003 0.49997 0.000173928 0.000173928
0.50003 0.49997 0.000173928 0.000173928
0.50003 0.49997 0.000173928 0.000173928
0.50003 0.49997 0.000173928 0.000173928
0.50003 0.49997 0.000173928 0.000173928
0.50003 0.49997 0.000173928 0.000173928
0.50003 0.49997 0.000173928 0.000173928
0.50003 0.49997 0.000173928 0.000173928
0.50003 0.49997 0.000173928 0.000173928
0.50003 0.49997 0.000173928 0.000173928
0.50003 0.49997 0.000173928 0.000173928
0.50003 0.49997 0.000173928 0.000173928
0.50003 0.49997 0.000173928 0.000173928
0.50004 0.49996 0.000173776 0.000173776
0.50004 0.49996 0.000173776 0.000173776
0.50004 0.49996 0.000173776 0.000173776
0.50004 0.49996 0.000173776 0.000173776
0.50004 0.49996 0.000173776 0.000173776
0.50004 0.49996 0.000173776 0.000173776
0.50004 0.49996 0.000173776 0.000173776
0.50004 0.49996 0.000173776 0.000173776
0.50004 0.49996 0.000173776 0.000173776
0.50004 0.49996 0.000173776 0.000173776
0.50004 0.49996 0.000173776 0.000173776
0.50004 0.49996 0.000173776 0.000173776
0.50004 0.49996 0.000173776 0.000173776
0.50004 0.49996 0.000173776 0.000173776
0.50004 0.49996 0.000173776 0.000173776
0.50004 0.49996 0.000173776 0.000173776
0.50004 0.49996 0.000173776 0.000173776
0.50004 0.49996 0.000173776 0.000173776
0.50004 0.49996 0.000173776 0.000173776
0.50004 0.49996 0.000173776 0.000173776
0.50004 0.49996 0.000173776 0.000173776
0.50004 0.49996 0.000173776 0.000173776
0.50004 0.49996 0.000173776 0.000173776
0.50004 0.49996 0.000173776 0.000173776
0.50004 0.49996 0.000173776 0.000173776
0.50004 0.49996 0.000173776 0.000173776
0.50004 0.49996 0.000173776 0.000173776
0.50004 0.49996 0.000173776 0.000173776
0.50004 0.49996 0.000173776 0.000173776
0.50004 0.49996 0.000173776 0.000173776
0.50004 0.49996 0.000173776 0.000173776
0.50004 0.49996 0.000173776 0.000173776
0.50004 0.49996 0.000173776 0.000173776
0.50004 0.49996 0.000173776 0.000173776
0.50004 0.49996 0.000173776 0.000173776
0.50004 0.49996 0.000173776 0.000173776
0.50004 0.49996 0.000173776 0.000173776
0.50004 0.49996 0.000173776 0.000173776
0.50004 0.49996 0.000173776 0.000173776
0.50004 0.49996 0.000173776 0.000173776
0.50004 0.49996 0.000173776 0.000173776
0.50004 0.49996 0.000173776 0.000173776
0.50004 0.49996 0.000173776 0.000173776
0.50004 0.49996 0.000173776 0.000173776
0.50004 0.49996 0.000173776 0.000173776
0.50004 0.49996 0.000173776 0.000173776
0.50004 0.49996 0.000173776 0.000173776
0.50004 0.49996 0.000173776 0.000173776
0.50004 0.49996 0.000173776 0.000173776
0.50004 0.49996 0.000173776 0.000173776
0.50004 0.49996 0.000173776 0.000173776
0.50004 0.49996 0.000173776 0.000173776
0.50004 0.49996 0.000173776 0.000173776
0.50004 0.49996 0.000173776 0.000173776
0.50004 0.49996 0.000173776 0.000173776
0.50004 0.49996 0.000173776 0.000173776
0.50004 0.49996 0.000173776 0.000173776
0.50004 0.49996 0.000173776 0.000173776
0.50004 0.49996 0.000173776 0.000173776
0.50004 0.49996 0.000173776 0.000173776
0.50004 0.49996 0.000173776 0.000173776
0.50004 0.49996 0.000173776 0.000173776
0.50004 0.49996 0.000173776 0.000173776
0.50004 0.49996 0.000173776 0.000173776
0.50004 0.49996 0.000173776 0.000173776
0.50004 0.49996 0.000173776 0.000173776
0.50004 0.49996 0.000173776 0.000173776
0.50004 0.49996 0.000173776 0.000173776
0.50004 0.49996 0.000173776 0.000173776
0.50004 0.49996 0.000173776 0.000173776
0.50004 0.49996 0.000173776 0.000173776
0.50004 0.49996 0.000173776 0.000173776
0.50004 0.49996 0.000173776 0.000173776
0.50004 0.49996 0.000173776 0.000173776
0.50004 0.49996 0.000173776 0.000173776
0.50004 0.49996 0.000173776 0.000173776
0.50004 0.49996 0.000173776 0.000173776
0.50004 0.49996 0.000173776 0.000173776
0.50004 0.49996 0.000173776 0.000173776
0.50004 0.49996 0.000173776 0.000173776
0.50004 0.49996 0.000173776 0.000173776
0.50004 0.49996 0.000173776 0.000173776
0.50004 0.49996 0.000173776 0.000173776
0.50004 0.49996 0.000173776 0.000173776
0.50004 0.49996 0.000173776 0.000173776
0.50004 0.49996 0.000173776 0.000173776
0.50004 0.49996 0.000173776 0.000173776
0.50004 0.49996 0.000173776 0.000173776
0.50004 0.49996 0.000173776 0.000173776
0.50004 0.49996 0.000173776 0.000173776
0.50004 0.49996 0.000173776 0.000173776
0.50004 0.49996 0.000173776 0.000173776
0.50004 0.49996 0.000173776 0.000173776
0.50004 0.49996 0.000173776 0.000173776
0.50004 0.49996 0.000173776 0.000173776
0.50004 0.49996 0.000173776 0.000173776
0.50004 0.49996 0.000173776 0.000173776
0.50004 0.49996 0.000173776 0.000173776
0.50004 0.49996 0.000173776 0.000173776
0.50004 0.49996 0.000173776 0.000173776
0.50004 0.49996 0.000173776 0.000173776
0.50004 0.49996 0.000173776 0.000173776
0.50004 0.49996 0.000173776 0.000173776
0.50004 0.49996 0.000173776 0.000173776
0.50004 0.49996 0.000173776 0.000173776
0.50004 0.49996 0.000173776 0.000173776
0.50004 0.49996 0.000173776 0.000173776
0.50004 0.49996 0.000173776 0.000173776
0.50004 0.49996 0.000173776 0.000173776
0.50004 0.49996 0.000173776 0.000173776
0.50004 0.49996 0.000173776 0.000173776
0.50004 0.49996 0.000173776 0.000173776
0.50004 0.49996 0.000173776 0.000173776
0.50004 0.49996 0.000173776 0.000173776
0.50004 0.49996 0.000173776 0.000173776
0.50004 0.49996 0.000173776 0.000173776
0.50004 0.49996 0.000173776 0.000173776
0.50004 0.49996 0.000173776 0.000173776
0.50004 0.49996 0.000173776 0.000173776
0.50004 0.49996 0.000173776 0.000173776
0.50004 0.49996 0.000173776 0.000173776
0.50004 0.49996 0.000173776 0.000173776
0.50004 0.49996 0.000173776 0.000173776
0.50004 0.49996 0.000173776 0.000173776
0.50004 0.49996 0.000173776 0.000173776
0.50004 0.49996 0.000173776 0.000173776
0.50004 0.49996 0.000173776 0.000173776
0.50004 0.49996 0.000173776 0.000173776
0.50004 0.49996 0.000173776 0.000173776
0.50004 0.49996 0.000173776 0.000173776
0.50004 0.49996 0.000173776 0.000173776
0.50004 0.49996 0.000173776 0.000173776
0.50004 0.49996 0.000173776 0.000173776
0.50004 0.49996 0.000173776 0.000173776
0.50004 0.49996 0.000173776 0.000173776
0.50004 0.49996 0.000173776 0.000173776
0.50004 0.49996 0.000173776 0.000173776
0.50004 0.49996 0.000173776 0.000173776
0.50004 0.49996 0.000173776 0.000173776
0.50004 0.49996 0.000173776 0.000173776
0.50004 0.49996 0.000173776 0.000173776
0.50004 0.49996 0.000173776 0.000173776
0.50004 0.49996 0.000173776 0.000173776
0.50004 0.49996 0.000173776 0.000173776
0.50004 0.49996 0.000173776 0.000173776
0.50004 0.49996 0.000173776 0.000173776
0.50004 0.49996 0.000173776 0.000173776
0.50004 0.49996 0.000173776 0.000173776
0.50004 0.49996 0.000173776 0.000173776
0.50004 0.49996 0.000173776 0.000173776
0.50004 0.49996 0.000173776 0.000173776
0.50004 0.49996 0.000173776 0.000173776
0.50004 0.49996 0.000173776 0.000173776
0.50004 0.49996 0.000173776 0.000173776
0.50004 0.49996 0.000173776 0.000173776
0.50004 0.49996 0.000173776 0.000173776
0.50004 0.49996 0.000173776 0.000173776
0.50004 0.49996 0.000173776 0.000173776
0.50004 0.49996 0.000173776 0.000173776
0.50004 0.49996 0.000173776 0.000173776
0.50004 0.49996 0.000173776 0.000173776
0.50004 0.49996 0.000173776 0.000173776
0.50004 0.49996 0.000173776 0.000173776
0.50004 0.49996 0.000173776 0.000173776
0.50004 0.49996 0.000173776 0.000173776
0.50004 0.49996 0.000173776 0.000173776
0.50004 0.49996 0.000173776 0.000173776
0.50004 0.49996 0.000173776 0.000173776
0.50004 0.49996 0.000173776 0.000173776
0.50004 0.49996 0.000173776 0.000173776
0.50004 0.49996 0.000173776 0.000173776
0.50004 0.49996 0.000173776 0.000173776
0.50004 0.49996 0.000173776 0.000173776
0.50004 0.49996 0.000173776 0.000173776
0.50004 0.49996 0.000173776 0.000173776
0.50004 0.49996 0.000173776 0.000173776
0.50004 0.49996 0.000173776 0.000173776
0.50004 0.49996 0.000173776 0.000173776
0.50004 0.49996 0.000173776 0.000173776
0.50004 0.49996 0.000173776 0.000173776
0.50004 0.49996 0.000173776 0.000173776
0.50004 0.49996 0.000173776 0.000173776
0.50004 0.49996 0.000173776 0.000173776
0.50004 0.49996 0.000173776 0.000173776
0.50004 0.49996 0.000173776 0.000173776
0.50004 0.49996 0.000173776 0.000173776
0.50004 0.49996 0.000173776 0.000173776
0.50004 0.49996 0.000173776 0.000173776
0.50004 0.49996 0.000173776 0.000173776
0.50004 0.49996 0.000173776 0.000173776
0.50004 0.49996 0.000173776 0.000173776
0.50004 0.49996 0.000173776 0.000173776
0.50004 0.49996 0.000173776 0.000173776
0.50004 0.49996 0.000173776 0.000173776
0.50004 0.49996 0.000173776 0.000173776
0.50004 0.49996 0.000173776 0.000173776
0.50004 0.49996 0.000173776 0.000173776
0.50004 0.49996 0.000173776 0.000173776
0.50004 0.49996 0.000173776 0.000173776
0.50004 0.49996 0.000173776 0.000173776
0.50004 0.49996 0.000173776 0.000173776
0.50004 0.49996 0.000173776 0.000173776
0.50004 0.49996 0.000173776 0.000173776
0.50004 0.49996 0.000173776 0.000173776
0.50004 0.49996 0.000173776 0.000173776
0.50004 0.49996 0.000173776 0.000173776
0.50004 0.49996 0.000173776 0.000173776
0.50004 0.49996 0.000173776 0.000173776
0.50004 0.49996 0.000173776 0.000173776
0.50004 0.49996 0.000173776 0.000173776
0.50004 0.49996 0.000173776 0.000173776
0.50004 0.49996 0.000173776 0.000173776
0.50004 0.49996 0.000173776 0.000173776
0.50004 0.49996 0.000173776 0.000173776
0.50004 0.49996 0.000173776 0.000173776
0.50004 0.49996 0.000173776 0.000173776
0.50004 0.49996 0.000173776 0.000173776
0.50004 0.49996 0.000173776 0.000173776
0.50004 0.49996 0.000173776 0.000173776
0.50004 0.49996 0.000173776 0.000173776
0.50004 0.49996 0.000173776 0.000173776
0.50004 0.49996 0.000173776 0.000173776
0.50004 0.49996 0.000173776 0.000173776
0.50004 0.49996 0.000173776 0.000173776
0.50004 0.49996 0.000173776 0.000173776
0.50004 0.49996 0.000173776 0.000173776
0.50004 0.49996 0.000173776 0.000173776
0.50004 0.49996 0.000173776 0.000173776
0.50004 0.49996 0.000173776 0.000173776
0.50004 0.49996 0.000173776 0.000173776
0.50004 0.49996 0.000173776 0.000173776
0.50004 0.49996 0.000173776 0.000173776
0.50004 0.49996 0.000173776 0.000173776
0.50004 0.49996 0.000173776 0.000173776
0.50004 0.49996 0.000173776 0.000173776
0.50004 0.49996 0.000173776 0.000173776
0.50004 0.49996 0.000173776 0.000173776
0.50004 0.49996 0.000173776 0.000173776
0.50004 0.49996 0.000173776 0.000173776
0.50004 0.49996 0.000173776 0.000173776
0.50004 0.49996 0.000173776 0.000173776
0.50004 0.49996 0.000173776 0.000173776
0.50004 0.49996 0.000173776 0.000173776
0.50004 0.49996 0.000173776 0.000173776
0.50004 0.49996 0.000173776 0.000173776
0.50004 0.49996 0.000173776 0.000173776
0.50004 0.49996 0.000173776 0.000173776
0.50004 0.49996 0.000173776 0.000173776
0.50004 0.49996 0.000173776 0.000173776
0.50004 0.49996 0.000173776 0.000173776
0.50004 0.49996 0.000173776 0.000173776
0.50004 0.49996 0.000173776 0.000173776
0.50004 0.49996 0.000173776 0.000173776
0.50004 0.49996 0.000173776 0.000173776
0.50004 0.49996 0.000173776 0.000173776
0.50004 0.49996 0.000173776 0.000173776
0.50004 0.49996 0.000173776 0.000173776
0.50004 0.49996 0.000173776 0.000173776
0.50004 0.49996 0.000173776 0.000173776
0.50004 0.49996 0.000173776 0.000173776
0.50004 0.49996 0.000173776 0.000173776
0.50004 0.49996 0.000173776 0.000173776
0.50004 0.49996 0.000173776 0.000173776
0.50004 0.49996 0.000173776 0.000173776
0.50004 0.49996 0.000173776 0.000173776
0.50004 0.49996 0.000173776 0.000173776
0.50004 0.49996 0.000173776 0.000173776
0.50004 0.49996 0.000173776 0.000173776
0.50004 0.49996 0.000173776 0.000173776
0.50004 0.49996 0.000173776 0.000173776
0.50004 0.49996 0.000173776 0.000173776
0.50004 0.49996 0.000173776 0.000173776
0.50004 0.49996 0.000173776 0.000173776
0.50004 0.49996 0.000173776 0.000173776
0.50004 0.49996 0.000173776 0.000173776
0.50004 0.49996 0.000173776 0.000173776
0.50004 0.49996 0.000173776 0.000173776
0.50004 0.49996 0.000173776 0.000173776
0.50004 0.49996 0.000173776 0.000173776
0.50004 0.49996 0.000173776 0.000173776
0.50004 0.49996 0.000173776 0.000173776
0.50004 0.49996 0.000173776 0.000173776
0.50004 0.49996 0.000173776 0.000173776
0.50004 0.49996 0.000173776 0.000173776
0.50004 0.49996 0.000173776 0.000173776
0.50004 0.49996 0.000173776 0.000173776
0.50004 0.49996 0.000173776 0.000173776
0.50004 0.49996 0.000173776 0.000173776
0.50004 0.49996 0.000173776 0.000173776
0.50004 0.49996 0.000173776 0.000173776
0.50004 0.49996 0.000173776 0.000173776
0.50004 0.49996 0.000173776 0.000173776
0.50004 0.49996 0.000173776 0.000173776
0.50004 0.49996 0.000173776 0.000173776
0.50004 0.49996 0.000173776 0.000173776
0.50004 0.49996 0.000173776 0.000173776
0.50004 0.49996 0.000173776 0.000173776
0.50004 0.49996 0.000173776 0.000173776
0.50004 0.49996 0.000173776 0.000173776
0.50004 0.49996 0.000173776 0.000173776
0.50004 0.49996 0.000173776 0.000173776
0.50004 0.49996 0.000173776 0.000173776
0.50004 0.49996 0.000173776 0.000173776
0.50004 0.49996 0.000173776 0.000173776
0.50004 0.49996 0.000173776 0.000173776
0.50004 0.49996 0.000173776 0.000173776
0.50004 0.49996 0.000173776 0.000173776
0.50004 0.49996 0.000173776 0.000173776
0.50004 0.49996 0.000173776 0.000173776
0.50004 0.49996 0.000173776 0.000173776
0.50004 0.49996 0.000173776 0.000173776
0.50004 0.49996 0.000173776 0.000173776
0.50004 0.49996 0.000173776 0.000173776
0.50004 0.49996 0.000173776 0.000173776
0.50004 0.49996 0.000173776 0.000173776
0.50004 0.49996 0.000173776 0.000173776
0.50004 0.49996 0.000173776 0.000173776
0.50004 0.49996 0.000173776 0.000173776
0.50004 0.49996 0.000173776 0.000173776
0.50004 0.49996 0.000173776 0.000173776
0.50004 0.49996 0.000173776 0.000173776
0.50004 0.49996 0.000173776 0.000173776
0.50004 0.49996 0.000173776 0.000173776
0.50004 0.49996 0.000173776 0.000173776
0.50004 0.49996 0.000173776 0.000173776
0.50004 0.49996 0.000173776 0.000173776
0.50004 0.49996 0.000173776 0.000173776
0.50004 0.49996 0.000173776 0.000173776
0.50004 0.49996 0.000173776 0.000173776
0.50004 0.49996 0.000173776 0.000173776
0.50004 0.49996 0.000173776 0.000173776
0.50004 0.49996 0.000173776 0.000173776
0.50004 0.49996 0.000173776 0.000173776
0.50004 0.49996 0.000173776 0.000173776
0.50004 0.49996 0.000173776 0.000173776
0.50004 0.49996 0.000173776 0.000173776
0.50004 0.49996 0.000173776 0.000173776
0.50004 0.49996 0.000173776 0.000173776
0.50004 0.49996 0.000173776 0.000173776
0.50004 0.49996 0.000173776 0.000173776
0.50004 0.49996 0.000173776 0.000173776
0.50004 0.49996 0.000173776 0.000173776
0.50004 0.49996 0.000173776 0.000173776
0.50004 0.49996 0.000173776 0.000173776
0.50004 0.49996 0.000173776 0.000173776
0.50004 0.49996 0.000173776 0.000173776
0.50004 0.49996 0.000173776 0.000173776
0.50004 0.49996 0.000173776 0.000173776
0.50004 0.49996 0.000173776 0.000173776
0.50004 0.49996 0.000173776 0.000173776
0.50004 0.49996 0.000173776 0.000173776
0.50004 0.49996 0.000173776 0.000173776
0.50004 0.49996 0.000173776 0.000173776
0.50004 0.49996 0.000173776 0.000173776
0.50004 0.49996 0.000173776 0.000173776
0.50004 0.49996 0.000173776 0.000173776
0.50004 0.49996 0.000173776 0.000173776
0.50004 0.49996 0.000173776 0.000173776
0.50004 0.49996 0.000173776 0.000173776
0.50004 0.49996 0.000173776 0.000173776
0.50004 0.49996 0.000173776 0.000173776
0.50004 0.49996 0.000173776 0.000173776
0.50004 0.49996 0.000173776 0.000173776
0.50004 0.49996 0.000173776 0.000173776
0.50004 0.49996 0.000173776 0.000173776
0.50004 0.49996 0.000173776 0.000173776
0.50004 0.49996 0.000173776 0.000173776
0.50004 0.49996 0.000173776 0.000173776
0.50004 0.49996 0.000173776 0.000173776
0.50004 0.49996 0.000173776 0.000173776
0.50004 0.49996 0.000173776 0.000173776
0.50004 0.49996 0.000173776 0.000173776
0.50004 0.49996 0.000173776 0.000173776
0.50004 0.49996 0.000173776 0.000173776
0.50004 0.49996 0.000173776 0.000173776
0.50004 0.49996 0.000173776 0.000173776
0.50004 0.49996 0.000173776 0.000173776
0.50004 0.49996 0.000173776 0.000173776
0.50004 0.49996 0.000173776 0.000173776
0.50004 0.49996 0.000173776 0.000173776
0.50004 0.49996 0.000173776 0.000173776
0.50004 0.49996 0.000173776 0.000173776
0.50004 0.49996 0.000173776 0.000173776
0.50004 0.49996 0.000173776 0.000173776
0.50004 0.49996 0.000173776 0.000173776
0.50004 0.49996 0.000173776 0.000173776
0.50004 0.49996 0.000173776 0.000173776
0.50004 0.49996 0.000173776 0.000173776
0.50004 0.49996 0.000173776 0.000173776
0.50004 0.49996 0.000173776 0.000173776
0.50004 0.49996 0.000173776 0.000173776
0.50004 0.49996 0.000173776 0.000173776
0.50004 0.49996 0.000173776 0.000173776
0.50004 0.49996 0.000173776 0.000173776
