0.5008 0.4992 5.15758e-05 5.15758e-05
0.50062 0.49938 0.000142581 0.000142581
0.5 0.5 0.000202061 0.000202061
0.50101 0.49899 0.000254111 0.000254111
0.50204 0.49796 0.000337089 0.000337089
0.50267 0.49733 0.00037586 0.00037586
0.50201 0.49799 0.000407889 0.000407889
0.50258 0.49742 0.0004796 0.0004796
0.50212 0.49788 0.000491662 0.000491662
0.50165 0.49835 0.000511341 0.000511341
0.50227 0.49773 0.000531997 0.000531997
0.50216 0.49784 0.000568419 0.000568419
0.5018 0.4982 0.000650384 0.000650384
0.50143 0.49857 0.000677399 0.000677399
0.50074 0.49926 0.000711467 0.000711467
0.50107 0.49893 0.000732409 0.000732409
0.50057 0.49943 0.000684813 0.000684813
0.5008 0.4992 0.000696465 0.000696465
0.50058 0.49942 0.000679478 0.000679478
0.50068 0.49932 0.00066022 0.00066022
0.50086 0.49914 0.000673778 0.000673778
0.50079 0.49921 0.000686733 0.000686733
0.5006 0.4994 0.000670768 0.000670768
0.49985 0.50015 0.00064726 0.00064726
0.49914 0.50086 0.000630445 0.000630445
0.5 0.5 0.000637091 0.000637091
0.50094 0.49906 0.000703936 0.000703936
0.50117 0.49883 0.000686163 0.000686163
0.50114 0.49886 0.000755576 0.000755576
0.49992 0.50008 0.000731468 0.000731468
0.50037 0.49963 0.00070272 0.00070272
0.50078 0.49922 0.000684436 0.000684436
0.49977 0.50023 0.000703492 0.000703492
0.50049 0.49951 0.000761323 0.000761323
0.50153 0.49847 0.000830373 0.000830373
0.50165 0.49835 0.000836048 0.000836048
0.50185 0.49815 0.000846391 0.000846391
0.50173 0.49827 0.000858138 0.000858138
0.5018 0.4982 0.00082297 0.00082297
0.5006 0.4994 0.000848848 0.000848848
0.50095 0.49905 0.000863321 0.000863321
0.50158 0.49842 0.000849398 0.000849398
0.50158 0.49842 0.000854226 0.000854226
0.50172 0.49828 0.000787577 0.000787577
0.50142 0.49858 0.000824933 0.000824933
0.50163 0.49837 0.000805629 0.000805629
0.50239 0.49761 0.000868038 0.000868038
0.50224 0.49776 0.000838669 0.000838669
0.50264 0.49736 0.000796899 0.000796899
0.50209 0.49791 0.000764891 0.000764891
0.50208 0.49792 0.000743044 0.000743044
0.50167 0.49833 0.00083289 0.00083289
0.50254 0.49746 0.000813928 0.000813928
0.50194 0.49806 0.000804198 0.000804198
0.50275 0.49725 0.000823442 0.000823442
0.50372 0.49628 0.000824971 0.000824971
0.5042 0.4958 0.000749333 0.000749333
0.50326 0.49674 0.000740093 0.000740093
0.50294 0.49706 0.000767471 0.000767471
0.50307 0.49693 0.000734955 0.000734955
0.50319 0.49681 0.000783145 0.000783145
0.50393 0.49607 0.000784227 0.000784227
0.50378 0.49622 0.00081486 0.00081486
0.50266 0.49734 0.000791378 0.000791378
0.50159 0.49841 0.000827376 0.000827376
0.50199 0.49801 0.000807303 0.000807303
0.50204 0.49796 0.000825211 0.000825211
0.50202 0.49798 0.000855272 0.000855272
0.50181 0.49819 0.000763812 0.000763812
0.50244 0.49756 0.000767724 0.000767724
0.50271 0.49729 0.000722996 0.000722996
0.50233 0.49767 0.00071889 0.00071889
0.50287 0.49713 0.000719872 0.000719872
0.50326 0.49674 0.000688619 0.000688619
0.50301 0.49699 0.000686677 0.000686677
0.5028 0.4972 0.000713899 0.000713899
0.50293 0.49707 0.000761541 0.000761541
0.5026 0.4974 0.00077002 0.00077002
0.50207 0.49793 0.000780591 0.000780591
0.50081 0.49919 0.000777711 0.000777711
0.49949 0.50051 0.000796273 0.000796273
0.50032 0.49968 0.000775674 0.000775674
0.50017 0.49983 0.000738486 0.000738486
0.50041 0.49959 0.000767012 0.000767012
0.49994 0.50006 0.000801976 0.000801976
0.50065 0.49935 0.000798694 0.000798694
0.50055 0.49945 0.000808048 0.000808048
0.50037 0.49963 0.00082367 0.00082367
0.50024 0.49976 0.000869215 0.000869215
0.50069 0.49931 0.000830277 0.000830277
0.49987 0.50013 0.000850599 0.000850599
0.49963 0.50037 0.000891367 0.000891367
0.50058 0.49942 0.00086968 0.00086968
0.50031 0.49969 0.000876337 0.000876337
0.501 0.499 0.000958646 0.000958646
0.50137 0.49863 0.000913347 0.000913347
0.50115 0.49885 0.000932997 0.000932997
0.50132 0.49868 0.000915412 0.000915412
0.49986 0.50014 0.000899112 0.000899112
0.49979 0.50021 0.000880026 0.000880026
0.49953 0.50047 0.000963908 0.000963908
0.49961 0.50039 0.00100077 0.00100077
0.49919 0.50081 0.000987327 0.000987327
0.49962 0.50038 0.00100862 0.00100862
0.50019 0.49981 0.0010062 0.0010062
0.49958 0.50042 0.00106562 0.00106562
0.50018 0.49982 0.00100766 0.00100766
0.49976 0.50024 0.000968588 0.000968588
0.4996 0.5004 0.000940384 0.000940384
0.49932 0.50068 0.00101541 0.00101541
0.49947 0.50053 0.00103476 0.00103476
0.4995 0.5005 0.00105464 0.00105464
0.49944 0.50056 0.00108182 0.00108182
0.50018 0.49982 0.00103261 0.00103261
0.5007 0.4993 0.00103203 0.00103203
0.50035 0.49965 0.00101177 0.00101177
0.50123 0.49877 0.000944219 0.000944219
0.50153 0.49847 0.000980029 0.000980029
0.50061 0.49939 0.000954261 0.000954261
0.50038 0.49962 0.000999713 0.000999713
0.4999 0.5001 0.000950192 0.000950192
0.50146 0.49854 0.000967726 0.000967726
0.5023 0.4977 0.00102591 0.00102591
0.50175 0.49825 0.00105417 0.00105417
0.50101 0.49899 0.00101098 0.00101098
0.50228 0.49772 0.00107061 0.00107061
0.50243 0.49757 0.00107742 0.00107742
0.50131 0.49869 0.00107203 0.00107203
0.50237 0.49763 0.00105353 0.00105353
0.5029 0.4971 0.00107878 0.00107878
0.50248 0.49752 0.00108124 0.00108124
0.5021 0.4979 0.00102401 0.00102401
0.50166 0.49834 0.00103863 0.00103863
0.50206 0.49794 0.00102579 0.00102579
0.50155 0.49845 0.00111542 0.00111542
0.502 0.498 0.00111366 0.00111366
0.50186 0.49814 0.00123434 0.00123434
0.50055 0.49945 0.00117035 0.00117035
0.50118 0.49882 0.00113851 0.00113851
0.50052 0.49948 0.00111979 0.00111979
0.50026 0.49974 0.0011372 0.0011372
0.50069 0.49931 0.00117773 0.00117773
0.50045 0.49955 0.00120009 0.00120009
0.50028 0.49972 0.00120521 0.00120521
0.5005 0.4995 0.00120264 0.00120264
0.50045 0.49955 0.00108762 0.00108762
0.50015 0.49985 0.00107372 0.00107372
0.5007 0.4993 0.00106936 0.00106936
0.49942 0.50058 0.00122548 0.00122548
0.5004 0.4996 0.00118131 0.00118131
0.5012 0.4988 0.00113289 0.00113289
0.50024 0.49976 0.00114742 0.00114742
0.50068 0.49932 0.00119079 0.00119079
0.50161 0.49839 0.00113602 0.00113602
0.4996 0.5004 0.00105891 0.00105891
0.49961 0.50039 0.00104262 0.00104262
0.50001 0.49999 0.00109252 0.00109252
0.50021 0.49979 0.00103954 0.00103954
0.50018 0.49982 0.00104443 0.00104443
0.49975 0.50025 0.00105366 0.00105366
0.50007 0.49993 0.00109798 0.00109798
0.50024 0.49976 0.0010837 0.0010837
0.50078 0.49922 0.00109708 0.00109708
0.50071 0.49929 0.00110146 0.00110146
0.50038 0.49962 0.0010841 0.0010841
0.50026 0.49974 0.00112858 0.00112858
0.5003 0.4997 0.00111385 0.00111385
0.50005 0.49995 0.00119958 0.00119958
0.4999 0.5001 0.00118328 0.00118328
0.50058 0.49942 0.00120136 0.00120136
0.50104 0.49896 0.00117319 0.00117319
0.50073 0.49927 0.00116719 0.00116719
0.49987 0.50013 0.00122704 0.00122704
0.4997 0.5003 0.00128615 0.00128615
0.49913 0.50087 0.00118832 0.00118832
0.49966 0.50034 0.00121174 0.00121174
0.49898 0.50102 0.00127844 0.00127844
0.49938 0.50062 0.00129131 0.00129131
0.49924 0.50076 0.00130794 0.00130794
0.4978 0.5022 0.00130198 0.00130198
0.49837 0.50163 0.00128169 0.00128169
0.4991 0.5009 0.00130397 0.00130397
0.49935 0.50065 0.00122249 0.00122249
0.49934 0.50066 0.00117514 0.00117514
0.4997 0.5003 0.00126805 0.00126805
0.49923 0.50077 0.00123428 0.00123428
0.49958 0.50042 0.0012814 0.0012814
0.49887 0.50113 0.00131583 0.00131583
0.49856 0.50144 0.00129433 0.00129433
0.49929 0.50071 0.00124148 0.00124148
0.49842 0.50158 0.00119271 0.00119271
0.49941 0.50059 0.00112828 0.00112828
0.49859 0.50141 0.00109626 0.00109626
0.49799 0.50201 0.00117104 0.00117104
0.49797 0.50203 0.00119457 0.00119457
0.49877 0.50123 0.00127606 0.00127606
0.49833 0.50167 0.00125323 0.00125323
0.49975 0.50025 0.00126431 0.00126431
0.49938 0.50062 0.00133097 0.00133097
0.49991 0.50009 0.00129586 0.00129586
0.49984 0.50016 0.0012306 0.0012306
0.50131 0.49869 0.00125533 0.00125533
0.50165 0.49835 0.00125193 0.00125193
0.50148 0.49852 0.00133104 0.00133104
0.50054 0.49946 0.00137728 0.00137728
0.50176 0.49824 0.0013776 0.0013776
0.50029 0.49971 0.00132229 0.00132229
0.50093 0.49907 0.00132809 0.00132809
0.50121 0.49879 0.00135134 0.00135134
0.50043 0.49957 0.00137027 0.00137027
0.5003 0.4997 0.00140439 0.00140439
0.50055 0.49945 0.00143098 0.00143098
0.50107 0.49893 0.00145174 0.00145174
0.50062 0.49938 0.00146331 0.00146331
0.50166 0.49834 0.00155685 0.00155685
0.50066 0.49934 0.00148291 0.00148291
0.49952 0.50048 0.00144977 0.00144977
0.49859 0.50141 0.00145202 0.00145202
0.49884 0.50116 0.00148666 0.00148666
0.49878 0.50122 0.00149852 0.00149852
0.50074 0.49926 0.00145011 0.00145011
0.49974 0.50026 0.00146933 0.00146933
0.50036 0.49964 0.00143577 0.00143577
0.49973 0.50027 0.0014444 0.0014444
0.49836 0.50164 0.00139559 0.00139559
0.4982 0.5018 0.00132083 0.00132083
0.49805 0.50195 0.00139694 0.00139694
0.49842 0.50158 0.00148457 0.00148457
0.49849 0.50151 0.00152466 0.00152466
0.49782 0.50218 0.00147762 0.00147762
0.49902 0.50098 0.0015404 0.0015404
0.49904 0.50096 0.00150626 0.00150626
0.49825 0.50175 0.00151106 0.00151106
0.49892 0.50108 0.00142028 0.00142028
0.49832 0.50168 0.00143963 0.00143963
0.498 0.502 0.00144444 0.00144444
0.49893 0.50107 0.0014892 0.0014892
0.49932 0.50068 0.00145957 0.00145957
0.49997 0.50003 0.00148457 0.00148457
0.5008 0.4992 0.00147503 0.00147503
0.50026 0.49974 0.00150763 0.00150763
0.49959 0.50041 0.0014219 0.0014219
0.50013 0.49987 0.00146603 0.00146603
0.50074 0.49926 0.00140591 0.00140591
0.50103 0.49897 0.00147989 0.00147989
0.5011 0.4989 0.00149553 0.00149553
0.50126 0.49874 0.00152688 0.00152688
0.50154 0.49846 0.00149272 0.00149272
0.50132 0.49868 0.00142646 0.00142646
0.50143 0.49857 0.00143005 0.00143005
0.50119 0.49881 0.00147751 0.00147751
0.50103 0.49897 0.0014573 0.0014573
0.50142 0.49858 0.00149716 0.00149716
0.50145 0.49855 0.00137084 0.00137084
0.50151 0.49849 0.00135191 0.00135191
0.50127 0.49873 0.00137014 0.00137014
0.50017 0.49983 0.00136974 0.00136974
0.4999 0.5001 0.00146161 0.00146161
0.50046 0.49954 0.00141708 0.00141708
0.5003 0.4997 0.00141423 0.00141423
0.49995 0.50005 0.00141506 0.00141506
0.49887 0.50113 0.00149252 0.00149252
0.49952 0.50048 0.0015812 0.0015812
0.4986 0.5014 0.00159655 0.00159655
0.49845 0.50155 0.00158601 0.00158601
0.49876 0.50124 0.00158588 0.00158588
0.4974 0.5026 0.00163073 0.00163073
0.49799 0.50201 0.00159647 0.00159647
0.49903 0.50097 0.0015588 0.0015588
0.49839 0.50161 0.00154533 0.00154533
0.49883 0.50117 0.0016323 0.0016323
0.49847 0.50153 0.00164498 0.00164498
0.49847 0.50153 0.00168956 0.00168956
0.49823 0.50177 0.00163485 0.00163485
0.49897 0.50103 0.00166563 0.00166563
0.49841 0.50159 0.00163911 0.00163911
0.49807 0.50193 0.00163332 0.00163332
0.4977 0.5023 0.00167322 0.00167322
0.49727 0.50273 0.00152854 0.00152854
0.49686 0.50314 0.00151537 0.00151537
0.49752 0.50248 0.00151203 0.00151203
0.49648 0.50352 0.00158538 0.00158538
0.49733 0.50267 0.00166921 0.00166921
0.49705 0.50295 0.00162199 0.00162199
0.49838 0.50162 0.0015926 0.0015926
0.49898 0.50102 0.00157659 0.00157659
0.49909 0.50091 0.0015941 0.0015941
0.49799 0.50201 0.00156367 0.00156367
0.49773 0.50227 0.0015944 0.0015944
0.49822 0.50178 0.00154991 0.00154991
0.49802 0.50198 0.00153273 0.00153273
0.50012 0.49988 0.00154166 0.00154166
0.49999 0.50001 0.00153027 0.00153027
0.49907 0.50093 0.00156243 0.00156243
0.49835 0.50165 0.00158459 0.00158459
0.49951 0.50049 0.00151209 0.00151209
0.49931 0.50069 0.00150969 0.00150969
0.49968 0.50032 0.00148404 0.00148404
0.50019 0.49981 0.00141569 0.00141569
0.49884 0.50116 0.00144466 0.00144466
0.49781 0.50219 0.00143603 0.00143603
0.49851 0.50149 0.00150308 0.00150308
0.49833 0.50167 0.00146073 0.00146073
0.49875 0.50125 0.0014673 0.0014673
0.49854 0.50146 0.00156742 0.00156742
0.49837 0.50163 0.00156797 0.00156797
0.49756 0.50244 0.00160043 0.00160043
0.49668 0.50332 0.00162006 0.00162006
0.49574 0.50426 0.00151262 0.00151262
0.49613 0.50387 0.00145286 0.00145286
0.497 0.503 0.00144384 0.00144384
0.49827 0.50173 0.00148056 0.00148056
0.49939 0.50061 0.00149701 0.00149701
0.49921 0.50079 0.00153166 0.00153166
0.49868 0.50132 0.00150137 0.00150137
0.4987 0.5013 0.00152078 0.00152078
0.49886 0.50114 0.00153376 0.00153376
0.49875 0.50125 0.00147284 0.00147284
0.49896 0.50104 0.00147662 0.00147662
0.49862 0.50138 0.00144872 0.00144872
0.49805 0.50195 0.00146486 0.00146486
0.4977 0.5023 0.00153041 0.00153041
0.49728 0.50272 0.00161869 0.00161869
0.49865 0.50135 0.00156003 0.00156003
0.4991 0.5009 0.00162494 0.00162494
0.49962 0.50038 0.00163569 0.00163569
0.49913 0.50087 0.00164456 0.00164456
0.4992 0.5008 0.00161455 0.00161455
0.4991 0.5009 0.00155759 0.00155759
0.49905 0.50095 0.00158595 0.00158595
0.49941 0.50059 0.00151178 0.00151178
0.50016 0.49984 0.0014981 0.0014981
0.50024 0.49976 0.00149966 0.00149966
0.50012 0.49988 0.00148942 0.00148942
0.50056 0.49944 0.00153429 0.00153429
0.50104 0.49896 0.00161614 0.00161614
0.50084 0.49916 0.00159143 0.00159143
0.50058 0.49942 0.00166019 0.00166019
0.50004 0.49996 0.00164539 0.00164539
0.49987 0.50013 0.00156674 0.00156674
0.49942 0.50058 0.00160188 0.00160188
0.4994 0.5006 0.00160917 0.00160917
0.49989 0.50011 0.00156178 0.00156178
0.50101 0.49899 0.00161312 0.00161312
0.50114 0.49886 0.00155535 0.00155535
0.50201 0.49799 0.00148922 0.00148922
0.50241 0.49759 0.00150039 0.00150039
0.50297 0.49703 0.00144676 0.00144676
0.50204 0.49796 0.00155774 0.00155774
0.50275 0.49725 0.0015088 0.0015088
0.50259 0.49741 0.0016258 0.0016258
0.50222 0.49778 0.00161151 0.00161151
0.50207 0.49793 0.00166635 0.00166635
0.50171 0.49829 0.00168758 0.00168758
0.50169 0.49831 0.00172773 0.00172773
0.50084 0.49916 0.00161234 0.00161234
0.50048 0.49952 0.0016126 0.0016126
0.50066 0.49934 0.00159196 0.00159196
0.50153 0.49847 0.00161247 0.00161247
0.5015 0.4985 0.00161215 0.00161215
0.50114 0.49886 0.00159113 0.00159113
0.50219 0.49781 0.00163997 0.00163997
0.50167 0.49833 0.00168657 0.00168657
0.50154 0.49846 0.00161672 0.00161672
0.50147 0.49853 0.00174057 0.00174057
0.50178 0.49822 0.00172646 0.00172646
0.50261 0.49739 0.00176561 0.00176561
0.50273 0.49727 0.00173529 0.00173529
0.50215 0.49785 0.00164126 0.00164126
0.50226 0.49774 0.00165834 0.00165834
0.50148 0.49852 0.00163704 0.00163704
0.50062 0.49938 0.00164763 0.00164763
0.50167 0.49833 0.00166424 0.00166424
0.50221 0.49779 0.00155051 0.00155051
0.50097 0.49903 0.00149999 0.00149999
0.50093 0.49907 0.00152039 0.00152039
0.50087 0.49913 0.00147264 0.00147264
0.50015 0.49985 0.00155712 0.00155712
0.49989 0.50011 0.00160866 0.00160866
0.50026 0.49974 0.00165096 0.00165096
0.49996 0.50004 0.00168062 0.00168062
0.49919 0.50081 0.00163072 0.00163072
0.49975 0.50025 0.00161023 0.00161023
0.50053 0.49947 0.00172855 0.00172855
0.49961 0.50039 0.00177483 0.00177483
0.50059 0.49941 0.00183323 0.00183323
0.50146 0.49854 0.00174494 0.00174494
0.50259 0.49741 0.00173503 0.00173503
0.50163 0.49837 0.00170086 0.00170086
0.50102 0.49898 0.00176242 0.00176242
0.50113 0.49887 0.00175985 0.00175985
0.50074 0.49926 0.00173219 0.00173219
0.49969 0.50031 0.00177395 0.00177395
0.5001 0.4999 0.00173672 0.00173672
0.5002 0.4998 0.00176984 0.00176984
0.50033 0.49967 0.00186305 0.00186305
0.50037 0.49963 0.00187458 0.00187458
0.4992 0.5008 0.00181574 0.00181574
0.49896 0.50104 0.00182333 0.00182333
0.49909 0.50091 0.0018598 0.0018598
0.49992 0.50008 0.00188953 0.00188953
0.49974 0.50026 0.00188828 0.00188828
0.49951 0.50049 0.00187363 0.00187363
0.4992 0.5008 0.00189273 0.00189273
0.50006 0.49994 0.00192388 0.00192388
0.50052 0.49948 0.00191763 0.00191763
0.49947 0.50053 0.00182025 0.00182025
0.49913 0.50087 0.0018444 0.0018444
0.49877 0.50123 0.00180939 0.00180939
0.49783 0.50217 0.00179186 0.00179186
0.49726 0.50274 0.00176112 0.00176112
0.49753 0.50247 0.00176136 0.00176136
0.49837 0.50163 0.00175551 0.00175551
0.50005 0.49995 0.00174276 0.00174276
0.50013 0.49987 0.0018006 0.0018006
0.50051 0.49949 0.00176878 0.00176878
0.50127 0.49873 0.00173212 0.00173212
0.50153 0.49847 0.00174556 0.00174556
0.50218 0.49782 0.00172142 0.00172142
0.50132 0.49868 0.00180578 0.00180578
0.5009 0.4991 0.00179587 0.00179587
0.50059 0.49941 0.00183982 0.00183982
0.49999 0.50001 0.00182346 0.00182346
0.50066 0.49934 0.00187893 0.00187893
0.50122 0.49878 0.00189233 0.00189233
0.50116 0.49884 0.00190589 0.00190589
0.50094 0.49906 0.00184188 0.00184188
0.50202 0.49798 0.00178055 0.00178055
0.50213 0.49787 0.00188104 0.00188104
0.50204 0.49796 0.00184913 0.00184913
0.50176 0.49824 0.00189596 0.00189596
0.50174 0.49826 0.00188832 0.00188832
0.5014 0.4986 0.00193198 0.00193198
0.50109 0.49891 0.00193497 0.00193497
0.50118 0.49882 0.00193583 0.00193583
0.50065 0.49935 0.00192045 0.00192045
0.50087 0.49913 0.00192807 0.00192807
0.50087 0.49913 0.00195323 0.00195323
0.50092 0.49908 0.00205127 0.00205127
0.501 0.499 0.00198962 0.00198962
0.5002 0.4998 0.00201137 0.00201137
0.50081 0.49919 0.00207426 0.00207426
0.50134 0.49866 0.00199804 0.00199804
0.50155 0.49845 0.00200225 0.00200225
0.50178 0.49822 0.00191233 0.00191233
0.50133 0.49867 0.00193832 0.00193832
0.50067 0.49933 0.00190893 0.00190893
0.50143 0.49857 0.00188368 0.00188368
0.50143 0.49857 0.00196689 0.00196689
0.50118 0.49882 0.00203229 0.00203229
0.50118 0.49882 0.00208793 0.00208793
0.50005 0.49995 0.00209059 0.00209059
0.50091 0.49909 0.00209869 0.00209869
0.50183 0.49817 0.00209606 0.00209606
0.50222 0.49778 0.00201458 0.00201458
0.50107 0.49893 0.00204118 0.00204118
0.50173 0.49827 0.00211384 0.00211384
0.50188 0.49812 0.00210287 0.00210287
0.50148 0.49852 0.00205229 0.00205229
0.5019 0.4981 0.00205114 0.00205114
0.5024 0.4976 0.00198851 0.00198851
0.50225 0.49775 0.00186207 0.00186207
0.50077 0.49923 0.00195198 0.00195198
0.5005 0.4995 0.00190072 0.00190072
0.50024 0.49976 0.00192 0.00192
0.50029 0.49971 0.00189851 0.00189851
0.50004 0.49996 0.00184357 0.00184357
0.50078 0.49922 0.00183124 0.00183124
0.49991 0.50009 0.00185984 0.00185984
0.49959 0.50041 0.00181406 0.00181406
0.49977 0.50023 0.00171501 0.00171501
0.50082 0.49918 0.0017672 0.0017672
0.50158 0.49842 0.00169974 0.00169974
0.50222 0.49778 0.00177981 0.00177981
0.50263 0.49737 0.00176169 0.00176169
0.50219 0.49781 0.00180414 0.00180414
0.50183 0.49817 0.00179166 0.00179166
0.50129 0.49871 0.00179667 0.00179667
0.50232 0.49768 0.00195422 0.00195422
0.50169 0.49831 0.00200163 0.00200163
0.50059 0.49941 0.00206022 0.00206022
0.50073 0.49927 0.0019841 0.0019841
0.50081 0.49919 0.00198605 0.00198605
0.5004 0.4996 0.00205784 0.00205784
0.49978 0.50022 0.00208866 0.00208866
0.5006 0.4994 0.00216614 0.00216614
0.50038 0.49962 0.00212082 0.00212082
0.50173 0.49827 0.00215353 0.00215353
0.50171 0.49829 0.00197326 0.00197326
0.50226 0.49774 0.00194042 0.00194042
0.5014 0.4986 0.00188085 0.00188085
0.50187 0.49813 0.00186603 0.00186603
0.50278 0.49722 0.00197442 0.00197442
0.50202 0.49798 0.00196978 0.00196978
0.50092 0.49908 0.00197989 0.00197989
0.50092 0.49908 0.00203375 0.00203375
0.5016 0.4984 0.00200958 0.00200958
0.50122 0.49878 0.00199341 0.00199341
0.50133 0.49867 0.0019803 0.0019803
0.50131 0.49869 0.00202409 0.00202409
