0.50024 0.49976 3.14974e-05 3.14974e-05
0.50017 0.49983 6.49102e-05 6.49102e-05
0.50043 0.49957 9.75001e-05 9.75001e-05
0.50086 0.49914 0.000145435 0.000145435
0.5015 0.4985 0.000193545 0.000193545
0.50093 0.49907 0.00020251 0.00020251
0.50037 0.49963 0.000215953 0.000215953
0.50016 0.49984 0.000255974 0.000255974
0.50023 0.49977 0.000267896 0.000267896
0.49948 0.50052 0.000272616 0.000272616
0.49941 0.50059 0.000263275 0.000263275
0.49985 0.50015 0.000238331 0.000238331
0.50014 0.49986 0.00024895 0.00024895
0.49949 0.50051 0.000281687 0.000281687
0.49931 0.50069 0.000298075 0.000298075
0.49889 0.50111 0.000309998 0.000309998
0.49862 0.50138 0.000319975 0.000319975
0.49883 0.50117 0.000362102 0.000362102
0.49813 0.50187 0.000339872 0.000339872
0.49871 0.50129 0.000338289 0.000338289
0.49864 0.50136 0.000318334 0.000318334
0.49776 0.50224 0.000309134 0.000309134
0.49689 0.50311 0.00030622 0.00030622
0.49698 0.50302 0.00032507 0.00032507
0.49671 0.50329 0.000285885 0.000285885
0.49726 0.50274 0.000299083 0.000299083
0.49668 0.50332 0.000299291 0.000299291
0.49661 0.50339 0.000287796 0.000287796
0.49627 0.50373 0.000336522 0.000336522
0.49646 0.50354 0.000375039 0.000375039
0.49691 0.50309 0.00039077 0.00039077
0.49762 0.50238 0.000374622 0.000374622
0.49764 0.50236 0.000397303 0.000397303
0.49691 0.50309 0.00033685 0.00033685
0.49737 0.50263 0.000386761 0.000386761
0.49766 0.50234 0.000383883 0.000383883
0.49725 0.50275 0.000348674 0.000348674
0.4974 0.5026 0.000370485 0.000370485
0.49746 0.50254 0.000376675 0.000376675
0.49771 0.50229 0.000379622 0.000379622
0.49766 0.50234 0.000371742 0.000371742
0.49797 0.50203 0.000379363 0.000379363
0.49793 0.50207 0.000398409 0.000398409
0.49746 0.50254 0.000410069 0.000410069
0.498 0.502 0.00042903 0.00042903
0.49763 0.50237 0.000438134 0.000438134
0.4983 0.5017 0.000445162 0.000445162
0.49763 0.50237 0.000425549 0.000425549
0.49796 0.50204 0.000412241 0.000412241
0.49841 0.50159 0.000424042 0.000424042
0.49898 0.50102 0.000419959 0.000419959
0.49958 0.50042 0.000435701 0.000435701
0.49942 0.50058 0.000411478 0.000411478
0.49881 0.50119 0.000444559 0.000444559
0.49968 0.50032 0.000476381 0.000476381
0.49935 0.50065 0.000487563 0.000487563
0.50058 0.49942 0.000498731 0.000498731
0.50022 0.49978 0.000528517 0.000528517
0.50089 0.49911 0.000535654 0.000535654
0.50109 0.49891 0.00056683 0.00056683
0.50034 0.49966 0.000539701 0.000539701
0.50162 0.49838 0.000553127 0.000553127
0.50214 0.49786 0.000517071 0.000517071
0.50062 0.49938 0.000532076 0.000532076
0.50111 0.49889 0.000507594 0.000507594
0.50203 0.49797 0.000474514 0.000474514
0.50214 0.49786 0.000518647 0.000518647
0.50236 0.49764 0.000489364 0.000489364
0.50164 0.49836 0.000491162 0.000491162
0.50163 0.49837 0.000502114 0.000502114
0.50142 0.49858 0.000537216 0.000537216
0.50103 0.49897 0.000552999 0.000552999
0.50114 0.49886 0.000562909 0.000562909
0.50118 0.49882 0.000484836 0.000484836
0.50147 0.49853 0.000506555 0.000506555
0.5025 0.4975 0.000482273 0.000482273
0.50174 0.49826 0.000531528 0.000531528
0.50202 0.49798 0.000564828 0.000564828
0.50242 0.49758 0.000545337 0.000545337
0.50199 0.49801 0.000551707 0.000551707
0.50256 0.49744 0.00054138 0.00054138
0.50222 0.49778 0.000515608 0.000515608
0.50205 0.49795 0.000519462 0.000519462
0.50312 0.49688 0.000532511 0.000532511
0.50212 0.49788 0.000546369 0.000546369
0.50223 0.49777 0.000550886 0.000550886
0.50246 0.49754 0.000554251 0.000554251
0.50131 0.49869 0.00056365 0.00056365
0.50087 0.49913 0.000544943 0.000544943
0.50164 0.49836 0.00050993 0.00050993
0.50153 0.49847 0.000473141 0.000473141
0.50166 0.49834 0.000463176 0.000463176
0.50068 0.49932 0.000438018 0.000438018
0.50176 0.49824 0.000446305 0.000446305
0.50167 0.49833 0.00044093 0.00044093
0.50233 0.49767 0.00047291 0.00047291
0.50291 0.49709 0.000464487 0.000464487
0.50291 0.49709 0.000463194 0.000463194
0.50348 0.49652 0.000456636 0.000456636
0.50236 0.49764 0.000460051 0.000460051
0.50171 0.49829 0.000449743 0.000449743
0.50118 0.49882 0.000484715 0.000484715
0.50173 0.49827 0.000500179 0.000500179
0.50202 0.49798 0.000539555 0.000539555
0.50155 0.49845 0.000508068 0.000508068
0.50235 0.49765 0.000526533 0.000526533
0.50146 0.49854 0.000524473 0.000524473
0.50159 0.49841 0.00048481 0.00048481
0.50097 0.49903 0.000449807 0.000449807
0.50105 0.49895 0.000527321 0.000527321
0.5005 0.4995 0.000529606 0.000529606
0.50117 0.49883 0.000542223 0.000542223
0.50082 0.49918 0.000521462 0.000521462
0.49983 0.50017 0.000512264 0.000512264
0.50107 0.49893 0.000552914 0.000552914
0.50124 0.49876 0.000584366 0.000584366
0.50096 0.49904 0.000606887 0.000606887
0.50067 0.49933 0.000578405 0.000578405
0.50093 0.49907 0.000555561 0.000555561
0.50131 0.49869 0.000568863 0.000568863
0.50077 0.49923 0.000552947 0.000552947
0.50141 0.49859 0.00055081 0.00055081
0.50143 0.49857 0.000582692 0.000582692
0.50169 0.49831 0.000589428 0.000589428
0.50101 0.49899 0.000591 0.000591
0.50073 0.49927 0.000597936 0.000597936
0.50154 0.49846 0.000582291 0.000582291
0.50131 0.49869 0.000624721 0.000624721
0.50152 0.49848 0.000607303 0.000607303
0.50093 0.49907 0.000655419 0.000655419
0.50086 0.49914 0.000645697 0.000645697
0.50057 0.49943 0.000652894 0.000652894
0.50141 0.49859 0.000643699 0.000643699
0.50267 0.49733 0.000683072 0.000683072
0.50106 0.49894 0.000655451 0.000655451
0.50098 0.49902 0.000666444 0.000666444
0.50156 0.49844 0.00065138 0.00065138
0.50162 0.49838 0.000666218 0.000666218
0.50172 0.49828 0.000640002 0.000640002
0.5016 0.4984 0.000602848 0.000602848
0.50183 0.49817 0.000603981 0.000603981
0.50251 0.49749 0.000544172 0.000544172
0.50215 0.49785 0.000558937 0.000558937
0.50308 0.49692 0.000599468 0.000599468
0.50268 0.49732 0.000619472 0.000619472
0.50331 0.49669 0.000632762 0.000632762
0.50378 0.49622 0.000647527 0.000647527
0.50331 0.49669 0.000629287 0.000629287
0.50449 0.49551 0.000634616 0.000634616
0.50345 0.49655 0.000674048 0.000674048
0.50265 0.49735 0.000632088 0.000632088
0.5032 0.4968 0.00065703 0.00065703
0.50286 0.49714 0.000643132 0.000643132
0.5029 0.4971 0.000614697 0.000614697
0.50272 0.49728 0.000628931 0.000628931
0.50241 0.49759 0.000656083 0.000656083
0.50107 0.49893 0.000624328 0.000624328
0.5012 0.4988 0.000640869 0.000640869
0.50142 0.49858 0.000673317 0.000673317
0.50099 0.49901 0.000699808 0.000699808
0.50102 0.49898 0.000733131 0.000733131
0.50098 0.49902 0.000752 0.000752
0.50158 0.49842 0.000764044 0.000764044
0.50204 0.49796 0.000740948 0.000740948
0.50108 0.49892 0.000719367 0.000719367
0.50191 0.49809 0.000721456 0.000721456
0.50215 0.49785 0.00071726 0.00071726
0.5013 0.4987 0.000692899 0.000692899
0.50115 0.49885 0.000710452 0.000710452
0.49983 0.50017 0.000655233 0.000655233
0.50017 0.49983 0.000656102 0.000656102
0.50087 0.49913 0.000635932 0.000635932
0.50039 0.49961 0.00063921 0.00063921
0.50035 0.49965 0.000634896 0.000634896
0.49997 0.50003 0.000668292 0.000668292
0.50074 0.49926 0.000668396 0.000668396
0.50018 0.49982 0.000622513 0.000622513
0.50061 0.49939 0.000615715 0.000615715
0.50026 0.49974 0.000656881 0.000656881
0.49971 0.50029 0.000677622 0.000677622
0.50031 0.49969 0.000681731 0.000681731
0.50013 0.49987 0.000656033 0.000656033
0.50066 0.49934 0.000641419 0.000641419
0.5011 0.4989 0.00062803 0.00062803
0.50242 0.49758 0.000632893 0.000632893
0.50291 0.49709 0.000623517 0.000623517
0.50196 0.49804 0.000651069 0.000651069
0.50215 0.49785 0.000637583 0.000637583
0.50234 0.49766 0.000610752 0.000610752
0.5023 0.4977 0.000638131 0.000638131
0.5022 0.4978 0.000652444 0.000652444
0.50248 0.49752 0.000650959 0.000650959
0.5033 0.4967 0.000636434 0.000636434
0.50427 0.49573 0.000653593 0.000653593
0.50376 0.49624 0.000676023 0.000676023
0.50462 0.49538 0.00064242 0.00064242
0.50427 0.49573 0.000631492 0.000631492
0.50426 0.49574 0.000655952 0.000655952
0.5037 0.4963 0.000634899 0.000634899
0.50288 0.49712 0.000660814 0.000660814
0.50222 0.49778 0.000603971 0.000603971
0.5021 0.4979 0.000610495 0.000610495
0.50162 0.49838 0.0006644 0.0006644
0.50129 0.49871 0.000698612 0.000698612
0.50115 0.49885 0.000715987 0.000715987
0.50118 0.49882 0.000742291 0.000742291
0.50087 0.49913 0.000756134 0.000756134
0.50153 0.49847 0.00074906 0.00074906
0.50164 0.49836 0.000722354 0.000722354
0.502 0.498 0.000749596 0.000749596
0.50216 0.49784 0.000765671 0.000765671
0.5024 0.4976 0.000746121 0.000746121
0.50271 0.49729 0.00070342 0.00070342
0.50285 0.49715 0.000660937 0.000660937
0.50289 0.49711 0.000658281 0.000658281
0.50309 0.49691 0.00069083 0.00069083
0.50273 0.49727 0.000664846 0.000664846
0.50271 0.49729 0.000644269 0.000644269
0.50223 0.49777 0.000680765 0.000680765
0.50233 0.49767 0.000736042 0.000736042
0.50206 0.49794 0.000768501 0.000768501
0.50151 0.49849 0.000719626 0.000719626
0.50168 0.49832 0.000687654 0.000687654
0.5025 0.4975 0.000719909 0.000719909
0.50266 0.49734 0.000702227 0.000702227
0.50233 0.49767 0.0006579 0.0006579
0.50294 0.49706 0.000665936 0.000665936
0.50291 0.49709 0.000629477 0.000629477
0.50247 0.49753 0.000613221 0.000613221
0.50256 0.49744 0.000619017 0.000619017
0.50235 0.49765 0.000631159 0.000631159
0.50221 0.49779 0.000610652 0.000610652
0.50146 0.49854 0.0006032 0.0006032
0.50199 0.49801 0.000585465 0.000585465
0.50272 0.49728 0.000648971 0.000648971
0.50312 0.49688 0.000684389 0.000684389
0.50295 0.49705 0.000677179 0.000677179
0.50258 0.49742 0.000644812 0.000644812
0.50226 0.49774 0.000624861 0.000624861
0.50197 0.49803 0.000615807 0.000615807
0.50165 0.49835 0.000645967 0.000645967
0.50122 0.49878 0.000649446 0.000649446
0.50166 0.49834 0.000662691 0.000662691
0.50133 0.49867 0.000684385 0.000684385
0.50123 0.49877 0.000690745 0.000690745
0.5011 0.4989 0.000639263 0.000639263
0.50062 0.49938 0.000676157 0.000676157
0.50047 0.49953 0.000667221 0.000667221
0.50006 0.49994 0.000629936 0.000629936
0.50063 0.49937 0.000650538 0.000650538
0.50003 0.49997 0.000717221 0.000717221
0.49958 0.50042 0.000756792 0.000756792
0.50011 0.49989 0.000781998 0.000781998
0.5007 0.4993 0.000747182 0.000747182
0.50085 0.49915 0.000743482 0.000743482
0.50055 0.49945 0.000738614 0.000738614
0.5008 0.4992 0.000749253 0.000749253
0.50085 0.49915 0.000802977 0.000802977
0.50085 0.49915 0.000807987 0.000807987
0.501 0.499 0.000786949 0.000786949
0.5016 0.4984 0.000783859 0.000783859
0.50219 0.49781 0.000791408 0.000791408
0.50246 0.49754 0.00079219 0.00079219
0.5031 0.4969 0.000801182 0.000801182
0.50234 0.49766 0.000744772 0.000744772
0.50192 0.49808 0.000783731 0.000783731
0.50167 0.49833 0.000766749 0.000766749
0.50144 0.49856 0.000770996 0.000770996
0.50137 0.49863 0.000808256 0.000808256
0.50146 0.49854 0.000815604 0.000815604
0.50096 0.49904 0.000764362 0.000764362
0.50148 0.49852 0.00076902 0.00076902
0.50112 0.49888 0.000753743 0.000753743
0.5013 0.4987 0.000721626 0.000721626
0.50135 0.49865 0.000670391 0.000670391
0.50151 0.49849 0.000708636 0.000708636
0.50115 0.49885 0.000742553 0.000742553
0.49988 0.50012 0.000775258 0.000775258
0.49976 0.50024 0.000778002 0.000778002
0.50058 0.49942 0.000810327 0.000810327
0.50142 0.49858 0.000789014 0.000789014
0.50073 0.49927 0.000789351 0.000789351
0.50078 0.49922 0.000770012 0.000770012
0.50115 0.49885 0.000765583 0.000765583
0.50131 0.49869 0.000820822 0.000820822
0.50082 0.49918 0.00080823 0.00080823
0.50084 0.49916 0.000817974 0.000817974
0.50119 0.49881 0.000787711 0.000787711
0.50113 0.49887 0.000788538 0.000788538
0.50046 0.49954 0.000784998 0.000784998
0.50115 0.49885 0.000746755 0.000746755
0.5008 0.4992 0.00073404 0.00073404
0.5 0.5 0.000773414 0.000773414
0.49964 0.50036 0.000819909 0.000819909
0.49988 0.50012 0.000793743 0.000793743
0.5008 0.4992 0.000795859 0.000795859
0.50206 0.49794 0.00079533 0.00079533
0.50167 0.49833 0.000799375 0.000799375
0.50232 0.49768 0.00080024 0.00080024
0.50144 0.49856 0.000777522 0.000777522
0.50134 0.49866 0.000758429 0.000758429
0.50137 0.49863 0.000731609 0.000731609
0.50116 0.49884 0.000766318 0.000766318
0.50064 0.49936 0.000812415 0.000812415
0.50118 0.49882 0.000833361 0.000833361
0.50128 0.49872 0.000846891 0.000846891
0.50084 0.49916 0.000839873 0.000839873
0.4994 0.5006 0.000800869 0.000800869
0.49923 0.50077 0.000802118 0.000802118
0.49963 0.50037 0.000746943 0.000746943
0.49888 0.50112 0.000810491 0.000810491
0.49911 0.50089 0.000804846 0.000804846
0.49879 0.50121 0.000833743 0.000833743
0.49969 0.50031 0.000828762 0.000828762
0.49902 0.50098 0.00078606 0.00078606
0.49921 0.50079 0.000762228 0.000762228
0.49858 0.50142 0.000817418 0.000817418
0.49784 0.50216 0.00083957 0.00083957
0.49838 0.50162 0.000879854 0.000879854
0.49834 0.50166 0.000852267 0.000852267
0.49849 0.50151 0.000905162 0.000905162
0.49929 0.50071 0.000905036 0.000905036
0.49914 0.50086 0.00083693 0.00083693
0.5003 0.4997 0.000747545 0.000747545
0.50019 0.49981 0.000732802 0.000732802
0.49912 0.50088 0.000771097 0.000771097
0.50003 0.49997 0.000763039 0.000763039
0.50022 0.49978 0.000748981 0.000748981
0.49951 0.50049 0.000791525 0.000791525
0.4994 0.5006 0.000834505 0.000834505
0.50028 0.49972 0.000814507 0.000814507
0.50018 0.49982 0.000810553 0.000810553
0.50019 0.49981 0.000817812 0.000817812
0.5005 0.4995 0.000836152 0.000836152
0.50055 0.49945 0.00086427 0.00086427
0.49936 0.50064 0.000952495 0.000952495
0.50026 0.49974 0.000934457 0.000934457
0.49941 0.50059 0.000917881 0.000917881
0.49933 0.50067 0.000872203 0.000872203
0.49937 0.50063 0.000889286 0.000889286
0.49845 0.50155 0.000847806 0.000847806
0.49823 0.50177 0.000842947 0.000842947
0.49768 0.50232 0.000826341 0.000826341
0.49754 0.50246 0.000819241 0.000819241
0.49734 0.50266 0.000879883 0.000879883
0.4979 0.5021 0.000808071 0.000808071
0.49791 0.50209 0.000840386 0.000840386
0.49967 0.50033 0.000835961 0.000835961
0.5 0.5 0.000840343 0.000840343
0.49971 0.50029 0.000866673 0.000866673
0.49992 0.50008 0.000890236 0.000890236
0.49954 0.50046 0.000839746 0.000839746
0.49928 0.50072 0.000892385 0.000892385
0.49901 0.50099 0.000826737 0.000826737
0.49874 0.50126 0.000800053 0.000800053
0.49845 0.50155 0.000826008 0.000826008
0.49837 0.50163 0.000833306 0.000833306
0.49907 0.50093 0.000866248 0.000866248
0.49973 0.50027 0.000915209 0.000915209
0.49992 0.50008 0.000938438 0.000938438
0.50097 0.49903 0.000875403 0.000875403
0.50049 0.49951 0.000886454 0.000886454
0.50059 0.49941 0.000881618 0.000881618
0.50081 0.49919 0.000860539 0.000860539
0.501 0.499 0.000908586 0.000908586
0.50184 0.49816 0.000873126 0.000873126
0.50154 0.49846 0.000914332 0.000914332
0.50176 0.49824 0.000926568 0.000926568
0.50234 0.49766 0.000934348 0.000934348
0.5025 0.4975 0.000930313 0.000930313
0.5033 0.4967 0.000898273 0.000898273
0.50343 0.49657 0.00083451 0.00083451
0.5032 0.4968 0.000859495 0.000859495
0.50319 0.49681 0.000887186 0.000887186
0.50269 0.49731 0.000885852 0.000885852
0.5031 0.4969 0.000952576 0.000952576
0.50295 0.49705 0.000955583 0.000955583
0.50306 0.49694 0.000957835 0.000957835
0.50359 0.49641 0.000977194 0.000977194
0.5036 0.4964 0.000935879 0.000935879
0.50267 0.49733 0.000923456 0.000923456
0.50177 0.49823 0.000908583 0.000908583
0.50179 0.49821 0.000858895 0.000858895
0.50253 0.49747 0.00083213 0.00083213
0.50243 0.49757 0.000843136 0.000843136
0.50248 0.49752 0.000807525 0.000807525
0.50247 0.49753 0.000794858 0.000794858
0.50274 0.49726 0.000823608 0.000823608
0.50266 0.49734 0.000789116 0.000789116
0.50336 0.49664 0.000798738 0.000798738
0.50289 0.49711 0.000758867 0.000758867
0.50269 0.49731 0.000773186 0.000773186
0.50183 0.49817 0.000840466 0.000840466
0.50212 0.49788 0.000843521 0.000843521
0.50128 0.49872 0.000830204 0.000830204
0.5007 0.4993 0.000840091 0.000840091
0.50003 0.49997 0.000864938 0.000864938
0.50017 0.49983 0.00076192 0.00076192
0.50044 0.49956 0.000770269 0.000770269
0.49943 0.50057 0.000764975 0.000764975
0.49874 0.50126 0.000800336 0.000800336
0.49889 0.50111 0.000799998 0.000799998
0.4995 0.5005 0.000737566 0.000737566
0.49872 0.50128 0.000775072 0.000775072
0.49819 0.50181 0.000883004 0.000883004
0.49881 0.50119 0.000834054 0.000834054
0.49924 0.50076 0.000870548 0.000870548
0.49868 0.50132 0.000850503 0.000850503
0.49893 0.50107 0.000894369 0.000894369
0.49947 0.50053 0.000894373 0.000894373
0.50095 0.49905 0.000862432 0.000862432
0.50081 0.49919 0.000825751 0.000825751
0.50115 0.49885 0.000810351 0.000810351
0.50131 0.49869 0.000804984 0.000804984
0.50293 0.49707 0.000797116 0.000797116
0.50297 0.49703 0.000803888 0.000803888
0.50264 0.49736 0.000791606 0.000791606
0.50292 0.49708 0.000764337 0.000764337
0.50352 0.49648 0.000763101 0.000763101
0.50385 0.49615 0.000797442 0.000797442
0.50226 0.49774 0.000821588 0.000821588
0.50229 0.49771 0.000837945 0.000837945
0.50195 0.49805 0.000798129 0.000798129
0.50177 0.49823 0.000807492 0.000807492
0.50134 0.49866 0.000888691 0.000888691
0.50095 0.49905 0.000892513 0.000892513
0.50092 0.49908 0.000848054 0.000848054
0.50096 0.49904 0.000837958 0.000837958
0.50085 0.49915 0.000829139 0.000829139
0.50143 0.49857 0.000779278 0.000779278
0.50145 0.49855 0.000787381 0.000787381
0.50118 0.49882 0.000828351 0.000828351
0.50114 0.49886 0.000838465 0.000838465
0.50071 0.49929 0.00091944 0.00091944
0.50073 0.49927 0.000884866 0.000884866
0.5012 0.4988 0.000874444 0.000874444
0.50225 0.49775 0.000862311 0.000862311
0.50238 0.49762 0.00085446 0.00085446
0.50249 0.49751 0.000853485 0.000853485
0.50324 0.49676 0.000882669 0.000882669
0.5027 0.4973 0.000905424 0.000905424
0.50174 0.49826 0.000873568 0.000873568
0.50317 0.49683 0.0009019 0.0009019
0.5025 0.4975 0.000880131 0.000880131
0.50291 0.49709 0.000839174 0.000839174
0.50212 0.49788 0.000849965 0.000849965
0.50249 0.49751 0.000819343 0.000819343
0.5027 0.4973 0.000816495 0.000816495
0.50398 0.49602 0.00078903 0.00078903
0.50493 0.49507 0.000780369 0.000780369
0.50491 0.49509 0.000805214 0.000805214
0.50489 0.49511 0.000811372 0.000811372
0.5042 0.4958 0.000813434 0.000813434
0.50399 0.49601 0.00088997 0.00088997
0.50449 0.49551 0.000872414 0.000872414
0.50486 0.49514 0.000847314 0.000847314
0.50547 0.49453 0.000875201 0.000875201
0.50551 0.49449 0.00092799 0.00092799
0.5054 0.4946 0.000951778 0.000951778
0.50487 0.49513 0.000932862 0.000932862
0.50556 0.49444 0.000871623 0.000871623
0.50508 0.49492 0.000871933 0.000871933
0.50396 0.49604 0.000828746 0.000828746
0.5042 0.4958 0.000791818 0.000791818
0.50313 0.49687 0.000765205 0.000765205
0.50278 0.49722 0.000760436 0.000760436
0.50296 0.49704 0.000760685 0.000760685
0.50325 0.49675 0.000735725 0.000735725
0.5032 0.4968 0.00071604 0.00071604
0.50294 0.49706 0.000736602 0.000736602
0.50248 0.49752 0.000738939 0.000738939
0.50314 0.49686 0.000756505 0.000756505
0.50365 0.49635 0.000764149 0.000764149
0.50325 0.49675 0.000808513 0.000808513
0.50347 0.49653 0.000767565 0.000767565
0.50357 0.49643 0.000800207 0.000800207
0.50333 0.49667 0.000779516 0.000779516
0.50294 0.49706 0.000846663 0.000846663
0.5035 0.4965 0.000807586 0.000807586
0.50439 0.49561 0.000817331 0.000817331
0.50362 0.49638 0.000863006 0.000863006
0.50447 0.49553 0.000909282 0.000909282
0.5042 0.4958 0.000877051 0.000877051
0.50286 0.49714 0.000891031 0.000891031
0.50346 0.49654 0.000891301 0.000891301
0.50386 0.49614 0.000873011 0.000873011
0.50255 0.49745 0.000917987 0.000917987
0.50316 0.49684 0.000905469 0.000905469
0.50353 0.49647 0.000837383 0.000837383
0.50455 0.49545 0.000824371 0.000824371
0.50385 0.49615 0.000799987 0.000799987
0.50308 0.49692 0.000739327 0.000739327
0.50283 0.49717 0.000794062 0.000794062
0.50232 0.49768 0.000852018 0.000852018
0.50207 0.49793 0.000883803 0.000883803
0.50087 0.49913 0.000869932 0.000869932
0.5008 0.4992 0.000887354 0.000887354
0.50095 0.49905 0.000884876 0.000884876
0.49989 0.50011 0.000888422 0.000888422
0.49987 0.50013 0.000866175 0.000866175
