0.50039 0.49961 1.77757e-05 1.77757e-05
0.50076 0.49924 3.37398e-05 3.37398e-05
0.50088 0.49912 5.69956e-05 5.69956e-05
0.50148 0.49852 6.83531e-05 6.83531e-05
0.50142 0.49858 8.64683e-05 8.64683e-05
0.50159 0.49841 8.77595e-05 8.77595e-05
0.50154 0.49846 8.31398e-05 8.31398e-05
0.50123 0.49877 9.9694e-05 9.9694e-05
0.50151 0.49849 0.000107889 0.000107889
0.50175 0.49825 0.000116169 0.000116169
0.50212 0.49788 0.000125864 0.000125864
0.50179 0.49821 0.000133784 0.000133784
0.50216 0.49784 0.000145004 0.000145004
0.50221 0.49779 0.000162491 0.000162491
0.50256 0.49744 0.000187764 0.000187764
0.50236 0.49764 0.000209324 0.000209324
0.50214 0.49786 0.000221697 0.000221697
0.50223 0.49777 0.000226724 0.000226724
0.50249 0.49751 0.000248717 0.000248717
0.50284 0.49716 0.000254398 0.000254398
0.50305 0.49695 0.000261422 0.000261422
0.50331 0.49669 0.000264256 0.000264256
0.5035 0.4965 0.000263121 0.000263121
0.50361 0.49639 0.000263089 0.000263089
0.50356 0.49644 0.000262512 0.000262512
0.50374 0.49626 0.000268033 0.000268033
0.50395 0.49605 0.000274573 0.000274573
0.50403 0.49597 0.000281868 0.000281868
0.50372 0.49628 0.000284567 0.000284567
0.50398 0.49602 0.000296626 0.000296626
0.50411 0.49589 0.000305978 0.000305978
0.50414 0.49586 0.000307738 0.000307738
0.50418 0.49582 0.000310553 0.000310553
0.50414 0.49586 0.000321617 0.000321617
0.50405 0.49595 0.000335119 0.000335119
0.5041 0.4959 0.00033597 0.00033597
0.50425 0.49575 0.000337987 0.000337987
0.50439 0.49561 0.000341432 0.000341432
0.50446 0.49554 0.000341887 0.000341887
0.50443 0.49557 0.000346409 0.000346409
0.50432 0.49568 0.0003562 0.0003562
0.50403 0.49597 0.000363302 0.000363302
0.50398 0.49602 0.000361394 0.000361394
0.50424 0.49576 0.000376164 0.000376164
0.50448 0.49552 0.000383606 0.000383606
0.50457 0.49543 0.000381823 0.000381823
0.50456 0.49544 0.000380269 0.000380269
0.50462 0.49538 0.000379773 0.000379773
0.50456 0.49544 0.000380027 0.000380027
0.50459 0.49541 0.000376891 0.000376891
0.50466 0.49534 0.000384489 0.000384489
0.5047 0.4953 0.000397525 0.000397525
0.50479 0.49521 0.000400087 0.000400087
0.5047 0.4953 0.00040397 0.00040397
0.5047 0.4953 0.000409768 0.000409768
0.50475 0.49525 0.000412614 0.000412614
0.50484 0.49516 0.000408015 0.000408015
0.50491 0.49509 0.000411254 0.000411254
0.50488 0.49512 0.000414874 0.000414874
0.50497 0.49503 0.000416171 0.000416171
0.50505 0.49495 0.00042124 0.00042124
0.50514 0.49486 0.000428303 0.000428303
0.50513 0.49487 0.000432215 0.000432215
0.5052 0.4948 0.000427515 0.000427515
0.5052 0.4948 0.000424606 0.000424606
0.50531 0.49469 0.000429489 0.000429489
0.50533 0.49467 0.000429637 0.000429637
0.50531 0.49469 0.000429307 0.000429307
0.50537 0.49463 0.000431266 0.000431266
0.5054 0.4946 0.000433939 0.000433939
0.50545 0.49455 0.000429179 0.000429179
0.5055 0.4945 0.00042702 0.00042702
0.50546 0.49454 0.000426594 0.000426594
0.50563 0.49437 0.000434276 0.000434276
0.50566 0.49434 0.000434186 0.000434186
0.50565 0.49435 0.000434654 0.000434654
0.50564 0.49436 0.000440091 0.000440091
0.50563 0.49437 0.0004407 0.0004407
0.50572 0.49428 0.000447052 0.000447052
0.50567 0.49433 0.000444183 0.000444183
0.50567 0.49433 0.000444042 0.000444042
0.50563 0.49437 0.000445569 0.000445569
0.5056 0.4944 0.000448061 0.000448061
0.50562 0.49438 0.000450602 0.000450602
0.5056 0.4944 0.000452364 0.000452364
0.5056 0.4944 0.000452283 0.000452283
0.50562 0.49438 0.000453026 0.000453026
0.50565 0.49435 0.000458957 0.000458957
0.50573 0.49427 0.000459734 0.000459734
0.50568 0.49432 0.000459189 0.000459189
0.50567 0.49433 0.000459435 0.000459435
0.50558 0.49442 0.000456812 0.000456812
0.50564 0.49436 0.000456334 0.000456334
0.50559 0.49441 0.000452325 0.000452325
0.50556 0.49444 0.000453582 0.000453582
0.50562 0.49438 0.000453147 0.000453147
0.5057 0.4943 0.000452919 0.000452919
0.50569 0.49431 0.000453933 0.000453933
0.50566 0.49434 0.000454833 0.000454833
0.50562 0.49438 0.000455006 0.000455006
0.50563 0.49437 0.00045765 0.00045765
0.50565 0.49435 0.000458452 0.000458452
0.50564 0.49436 0.000458253 0.000458253
0.50566 0.49434 0.000456732 0.000456732
0.50562 0.49438 0.000456299 0.000456299
0.50563 0.49437 0.000456801 0.000456801
0.50561 0.49439 0.000457897 0.000457897
0.5056 0.4944 0.000458263 0.000458263
0.50558 0.49442 0.000459802 0.000459802
0.50564 0.49436 0.000461041 0.000461041
0.50565 0.49435 0.00046225 0.00046225
0.50564 0.49436 0.000459465 0.000459465
0.50562 0.49438 0.000459733 0.000459733
0.5056 0.4944 0.000460646 0.000460646
0.50561 0.49439 0.000458503 0.000458503
0.50564 0.49436 0.000458435 0.000458435
0.50563 0.49437 0.000460559 0.000460559
0.50563 0.49437 0.000459084 0.000459084
0.50563 0.49437 0.000459003 0.000459003
0.50564 0.49436 0.000457647 0.000457647
0.50564 0.49436 0.000457364 0.000457364
0.50564 0.49436 0.000455 0.000455
0.50564 0.49436 0.000454697 0.000454697
0.50563 0.49437 0.000455831 0.000455831
0.50564 0.49436 0.000457344 0.000457344
0.50565 0.49435 0.000456694 0.000456694
0.50564 0.49436 0.000456455 0.000456455
0.50564 0.49436 0.000456697 0.000456697
0.50564 0.49436 0.000456556 0.000456556
0.50569 0.49431 0.000458277 0.000458277
0.50567 0.49433 0.000459193 0.000459193
0.50569 0.49431 0.000459469 0.000459469
0.50567 0.49433 0.00045893 0.00045893
0.50567 0.49433 0.000457759 0.000457759
0.50566 0.49434 0.000458045 0.000458045
0.50565 0.49435 0.000458896 0.000458896
0.50566 0.49434 0.000459055 0.000459055
0.50566 0.49434 0.00045855 0.00045855
0.50565 0.49435 0.000459684 0.000459684
0.50562 0.49438 0.00045943 0.00045943
0.50564 0.49436 0.000460354 0.000460354
0.50563 0.49437 0.000460437 0.000460437
0.50563 0.49437 0.000460821 0.000460821
0.50564 0.49436 0.000461647 0.000461647
0.50566 0.49434 0.000461762 0.000461762
0.50566 0.49434 0.000463762 0.000463762
0.50568 0.49432 0.000465149 0.000465149
0.5057 0.4943 0.000466071 0.000466071
0.50573 0.49427 0.000465755 0.000465755
0.50573 0.49427 0.000465755 0.000465755
0.50572 0.49428 0.000465032 0.000465032
0.50572 0.49428 0.000465072 0.000465072
0.50573 0.49427 0.000464502 0.000464502
0.50573 0.49427 0.000464745 0.000464745
0.50571 0.49429 0.000463986 0.000463986
0.5057 0.4943 0.000464576 0.000464576
0.5057 0.4943 0.000464576 0.000464576
0.5057 0.4943 0.000464414 0.000464414
0.50569 0.49431 0.000464762 0.000464762
0.50571 0.49429 0.000463784 0.000463784
0.5057 0.4943 0.000464253 0.000464253
0.50569 0.49431 0.000465105 0.000465105
0.50568 0.49432 0.000465695 0.000465695
0.50569 0.49431 0.000465994 0.000465994
0.50569 0.49431 0.000465994 0.000465994
0.50568 0.49432 0.000465876 0.000465876
0.50569 0.49431 0.000466155 0.000466155
0.50569 0.49431 0.000466155 0.000466155
0.5057 0.4943 0.000466293 0.000466293
0.5057 0.4943 0.000466939 0.000466939
0.5057 0.4943 0.000466939 0.000466939
0.50569 0.49431 0.000466499 0.000466499
0.50569 0.49431 0.000466115 0.000466115
0.50571 0.49429 0.00046544 0.00046544
0.50571 0.49429 0.000466753 0.000466753
0.50571 0.49429 0.000467339 0.000467339
0.50571 0.49429 0.000467339 0.000467339
0.50572 0.49428 0.000467295 0.000467295
0.50572 0.49428 0.000467295 0.000467295
0.50572 0.49428 0.000467295 0.000467295
0.50571 0.49429 0.000466673 0.000466673
0.50573 0.49427 0.000467088 0.000467088
0.50572 0.49428 0.000467759 0.000467759
0.50571 0.49429 0.000467056 0.000467056
0.50571 0.49429 0.000467056 0.000467056
0.5057 0.4943 0.000467384 0.000467384
0.50569 0.49431 0.000467408 0.000467408
0.50569 0.49431 0.000467408 0.000467408
0.5057 0.4943 0.000467384 0.000467384
0.5057 0.4943 0.000467343 0.000467343
0.50569 0.49431 0.000467529 0.000467529
0.5057 0.4943 0.000468535 0.000468535
0.5057 0.4943 0.000468535 0.000468535
0.50569 0.49431 0.00046862 0.00046862
0.50568 0.49432 0.000468341 0.000468341
0.50569 0.49431 0.000469267 0.000469267
0.50569 0.49431 0.000469267 0.000469267
0.50568 0.49432 0.000470583 0.000470583
0.50568 0.49432 0.000470583 0.000470583
0.50567 0.49433 0.000470627 0.000470627
0.50566 0.49434 0.000469701 0.000469701
0.50567 0.49433 0.000469052 0.000469052
0.50566 0.49434 0.000469075 0.000469075
0.50565 0.49435 0.000468654 0.000468654
0.50565 0.49435 0.000468654 0.000468654
0.50565 0.49435 0.000468654 0.000468654
0.50565 0.49435 0.000468654 0.000468654
0.50563 0.49437 0.000468983 0.000468983
0.50563 0.49437 0.000468983 0.000468983
0.50563 0.49437 0.000468983 0.000468983
0.50563 0.49437 0.000468983 0.000468983
0.50562 0.49438 0.000468703 0.000468703
0.50562 0.49438 0.000468703 0.000468703
0.50563 0.49437 0.000469145 0.000469145
0.50563 0.49437 0.000469145 0.000469145
0.50564 0.49436 0.000468536 0.000468536
0.50565 0.49435 0.000468432 0.000468432
0.50564 0.49436 0.000467485 0.000467485
0.50563 0.49437 0.000467044 0.000467044
0.50564 0.49436 0.000467324 0.000467324
0.50564 0.49436 0.000467324 0.000467324
0.50564 0.49436 0.000467324 0.000467324
0.50564 0.49436 0.000467324 0.000467324
0.50565 0.49435 0.000466876 0.000466876
0.50566 0.49434 0.000467156 0.000467156
0.50566 0.49434 0.000467156 0.000467156
0.50566 0.49434 0.000467156 0.000467156
0.50568 0.49432 0.000467008 0.000467008
0.50568 0.49432 0.000467008 0.000467008
0.50569 0.49431 0.000466438 0.000466438
0.50569 0.49431 0.000466438 0.000466438
0.50571 0.49429 0.000466895 0.000466895
0.50571 0.49429 0.000466895 0.000466895
0.50571 0.49429 0.000466895 0.000466895
0.50571 0.49429 0.000466895 0.000466895
0.50571 0.49429 0.000466895 0.000466895
0.50571 0.49429 0.000466895 0.000466895
0.5057 0.4943 0.000467384 0.000467384
0.5057 0.4943 0.000467384 0.000467384
0.5057 0.4943 0.000467384 0.000467384
0.50569 0.49431 0.000466479 0.000466479
0.50569 0.49431 0.000466479 0.000466479
0.50569 0.49431 0.000466479 0.000466479
0.50569 0.49431 0.000466479 0.000466479
0.50569 0.49431 0.000466479 0.000466479
0.50569 0.49431 0.000466479 0.000466479
0.50569 0.49431 0.000466479 0.000466479
0.5057 0.4943 0.000466758 0.000466758
0.5057 0.4943 0.000466758 0.000466758
0.5057 0.4943 0.000466758 0.000466758
0.50571 0.49429 0.000466349 0.000466349
0.50571 0.49429 0.000466349 0.000466349
0.50573 0.49427 0.000466785 0.000466785
0.50573 0.49427 0.000466785 0.000466785
0.50572 0.49428 0.00046582 0.00046582
0.5057 0.4943 0.000465606 0.000465606
0.50571 0.49429 0.000465885 0.000465885
0.5057 0.4943 0.00046597 0.00046597
0.5057 0.4943 0.00046597 0.00046597
0.5057 0.4943 0.00046597 0.00046597
0.5057 0.4943 0.00046597 0.00046597
0.5057 0.4943 0.00046597 0.00046597
0.5057 0.4943 0.00046597 0.00046597
0.5057 0.4943 0.00046597 0.00046597
0.5057 0.4943 0.00046597 0.00046597
0.5057 0.4943 0.00046597 0.00046597
0.5057 0.4943 0.00046597 0.00046597
0.5057 0.4943 0.00046597 0.00046597
0.5057 0.4943 0.00046597 0.00046597
0.5057 0.4943 0.00046597 0.00046597
0.5057 0.4943 0.00046597 0.00046597
0.5057 0.4943 0.00046597 0.00046597
0.5057 0.4943 0.00046597 0.00046597
0.5057 0.4943 0.00046597 0.00046597
0.5057 0.4943 0.00046597 0.00046597
0.5057 0.4943 0.00046597 0.00046597
0.5057 0.4943 0.00046597 0.00046597
0.50571 0.49429 0.000465804 0.000465804
0.50572 0.49428 0.000465618 0.000465618
0.50572 0.49428 0.000465618 0.000465618
0.50573 0.49427 0.000466522 0.000466522
0.50573 0.49427 0.000466522 0.000466522
0.50575 0.49425 0.000465745 0.000465745
0.50575 0.49425 0.000465745 0.000465745
0.50575 0.49425 0.000465745 0.000465745
0.50574 0.49426 0.000465851 0.000465851
0.50574 0.49426 0.000465851 0.000465851
0.50574 0.49426 0.000465851 0.000465851
0.50575 0.49425 0.000465785 0.000465785
0.50575 0.49425 0.000465785 0.000465785
0.50574 0.49426 0.000466154 0.000466154
0.50573 0.49427 0.000466603 0.000466603
0.50573 0.49427 0.000466603 0.000466603
0.50574 0.49426 0.000466154 0.000466154
0.50574 0.49426 0.000466154 0.000466154
0.50574 0.49426 0.000466154 0.000466154
0.50574 0.49426 0.000466154 0.000466154
0.50574 0.49426 0.000466154 0.000466154
0.50574 0.49426 0.000466154 0.000466154
0.50574 0.49426 0.000466154 0.000466154
0.50574 0.49426 0.000466154 0.000466154
0.50574 0.49426 0.000466154 0.000466154
0.50574 0.49426 0.000466154 0.000466154
0.50574 0.49426 0.000466154 0.000466154
0.50574 0.49426 0.000466154 0.000466154
0.50575 0.49425 0.000466311 0.000466311
0.50575 0.49425 0.000466311 0.000466311
0.50575 0.49425 0.000466311 0.000466311
0.50575 0.49425 0.000466311 0.000466311
0.50574 0.49426 0.000465366 0.000465366
0.50575 0.49425 0.000466311 0.000466311
0.50575 0.49425 0.000466311 0.000466311
0.50575 0.49425 0.000466311 0.000466311
0.50575 0.49425 0.000466311 0.000466311
0.50575 0.49425 0.000466311 0.000466311
0.50575 0.49425 0.000466311 0.000466311
0.50575 0.49425 0.000466311 0.000466311
0.50575 0.49425 0.000466311 0.000466311
0.50575 0.49425 0.000466311 0.000466311
0.50575 0.49425 0.000466311 0.000466311
0.50575 0.49425 0.000466311 0.000466311
0.50575 0.49425 0.000466311 0.000466311
0.50575 0.49425 0.000466311 0.000466311
0.50575 0.49425 0.000466311 0.000466311
0.50575 0.49425 0.000466311 0.000466311
0.50575 0.49425 0.000466311 0.000466311
0.50575 0.49425 0.000466311 0.000466311
0.50575 0.49425 0.000466311 0.000466311
0.50573 0.49427 0.000466341 0.000466341
0.50573 0.49427 0.000466341 0.000466341
0.50573 0.49427 0.000466341 0.000466341
0.50573 0.49427 0.000466341 0.000466341
0.50573 0.49427 0.000466341 0.000466341
0.50573 0.49427 0.000466341 0.000466341
0.50573 0.49427 0.000466341 0.000466341
0.50573 0.49427 0.000466341 0.000466341
0.50573 0.49427 0.000466341 0.000466341
0.50573 0.49427 0.000466341 0.000466341
0.50573 0.49427 0.000466341 0.000466341
0.50573 0.49427 0.000466341 0.000466341
0.50573 0.49427 0.000466341 0.000466341
0.50573 0.49427 0.000466341 0.000466341
0.50573 0.49427 0.000466341 0.000466341
0.50573 0.49427 0.000466341 0.000466341
0.50573 0.49427 0.000466341 0.000466341
0.50573 0.49427 0.000466341 0.000466341
0.50573 0.49427 0.000466341 0.000466341
0.50573 0.49427 0.000466341 0.000466341
0.50573 0.49427 0.000466341 0.000466341
0.50573 0.49427 0.000466341 0.000466341
0.50573 0.49427 0.000466341 0.000466341
0.50573 0.49427 0.000466341 0.000466341
0.50572 0.49428 0.000466062 0.000466062
0.50572 0.49428 0.000466062 0.000466062
0.50572 0.49428 0.000466062 0.000466062
0.50572 0.49428 0.000466062 0.000466062
0.50572 0.49428 0.000466062 0.000466062
0.50572 0.49428 0.000466062 0.000466062
0.50572 0.49428 0.000466062 0.000466062
0.50571 0.49429 0.000466511 0.000466511
0.50571 0.49429 0.000466511 0.000466511
0.50571 0.49429 0.000466511 0.000466511
0.50571 0.49429 0.000466511 0.000466511
0.50571 0.49429 0.000466511 0.000466511
0.50571 0.49429 0.000466511 0.000466511
0.50571 0.49429 0.000466511 0.000466511
0.50571 0.49429 0.000466511 0.000466511
0.50571 0.49429 0.000466511 0.000466511
0.50571 0.49429 0.000466511 0.000466511
0.50571 0.49429 0.000466511 0.000466511
0.50571 0.49429 0.000466511 0.000466511
0.50571 0.49429 0.000466511 0.000466511
0.50571 0.49429 0.000466511 0.000466511
0.50571 0.49429 0.000466511 0.000466511
0.50571 0.49429 0.000466511 0.000466511
0.50571 0.49429 0.000466511 0.000466511
0.50571 0.49429 0.000466511 0.000466511
0.50571 0.49429 0.000466511 0.000466511
0.50571 0.49429 0.000466511 0.000466511
0.50571 0.49429 0.000466511 0.000466511
0.50571 0.49429 0.000466511 0.000466511
0.50571 0.49429 0.000466511 0.000466511
0.50571 0.49429 0.000466511 0.000466511
0.50571 0.49429 0.000466511 0.000466511
0.50571 0.49429 0.000466511 0.000466511
0.50571 0.49429 0.000466511 0.000466511
0.50571 0.49429 0.000466511 0.000466511
0.50571 0.49429 0.000466511 0.000466511
0.50571 0.49429 0.000466511 0.000466511
0.50573 0.49427 0.000466967 0.000466967
0.50573 0.49427 0.000466967 0.000466967
0.50573 0.49427 0.000466967 0.000466967
0.50573 0.49427 0.000466967 0.000466967
0.50573 0.49427 0.000466967 0.000466967
0.50573 0.49427 0.000466967 0.000466967
0.50573 0.49427 0.000466967 0.000466967
0.50573 0.49427 0.000466967 0.000466967
0.50573 0.49427 0.000466967 0.000466967
0.50573 0.49427 0.000466967 0.000466967
0.50573 0.49427 0.000466967 0.000466967
0.50573 0.49427 0.000466967 0.000466967
0.50573 0.49427 0.000466967 0.000466967
0.50573 0.49427 0.000466967 0.000466967
0.50573 0.49427 0.000466967 0.000466967
0.50573 0.49427 0.000466967 0.000466967
0.50573 0.49427 0.000466967 0.000466967
0.50573 0.49427 0.000466967 0.000466967
0.50573 0.49427 0.000466967 0.000466967
0.50573 0.49427 0.000466967 0.000466967
0.50573 0.49427 0.000466967 0.000466967
0.50573 0.49427 0.000466967 0.000466967
0.50573 0.49427 0.000466967 0.000466967
0.50573 0.49427 0.000466967 0.000466967
0.50573 0.49427 0.000466967 0.000466967
0.50574 0.49426 0.000466598 0.000466598
0.50574 0.49426 0.000466598 0.000466598
0.50574 0.49426 0.000466598 0.000466598
0.50574 0.49426 0.000466598 0.000466598
0.50574 0.49426 0.000466598 0.000466598
0.50574 0.49426 0.000466598 0.000466598
0.50574 0.49426 0.000466598 0.000466598
0.50574 0.49426 0.000466598 0.000466598
0.50574 0.49426 0.000466598 0.000466598
0.50574 0.49426 0.000466598 0.000466598
0.50574 0.49426 0.000466598 0.000466598
0.50574 0.49426 0.000466598 0.000466598
0.50574 0.49426 0.000466598 0.000466598
0.50574 0.49426 0.000466598 0.000466598
0.50574 0.49426 0.000466598 0.000466598
0.50574 0.49426 0.000466598 0.000466598
0.50574 0.49426 0.000466598 0.000466598
0.50574 0.49426 0.000466598 0.000466598
0.50574 0.49426 0.000466598 0.000466598
0.50574 0.49426 0.000466598 0.000466598
0.50574 0.49426 0.000466598 0.000466598
0.50574 0.49426 0.000466598 0.000466598
0.50574 0.49426 0.000466598 0.000466598
0.50574 0.49426 0.000466598 0.000466598
0.50574 0.49426 0.000466598 0.000466598
0.50574 0.49426 0.000466598 0.000466598
0.50574 0.49426 0.000466598 0.000466598
0.50574 0.49426 0.000466598 0.000466598
0.50574 0.49426 0.000466598 0.000466598
0.50574 0.49426 0.000466598 0.000466598
0.50574 0.49426 0.000466598 0.000466598
0.50574 0.49426 0.000466598 0.000466598
0.50574 0.49426 0.000466598 0.000466598
0.50574 0.49426 0.000466598 0.000466598
0.50574 0.49426 0.000466598 0.000466598
0.50574 0.49426 0.000466598 0.000466598
0.50574 0.49426 0.000466598 0.000466598
0.50574 0.49426 0.000466598 0.000466598
0.50574 0.49426 0.000466598 0.000466598
0.50574 0.49426 0.000466598 0.000466598
0.50573 0.49427 0.000466442 0.000466442
0.50573 0.49427 0.000466442 0.000466442
0.50573 0.49427 0.000466442 0.000466442
0.50573 0.49427 0.000466442 0.000466442
0.50573 0.49427 0.000466442 0.000466442
0.50573 0.49427 0.000466442 0.000466442
0.50573 0.49427 0.000466442 0.000466442
0.50573 0.49427 0.000466442 0.000466442
0.50573 0.49427 0.000466442 0.000466442
0.50573 0.49427 0.000466442 0.000466442
0.50573 0.49427 0.000466442 0.000466442
0.50573 0.49427 0.000466442 0.000466442
0.50573 0.49427 0.000466442 0.000466442
0.50573 0.49427 0.000466442 0.000466442
0.50573 0.49427 0.000466442 0.000466442
0.50573 0.49427 0.000466442 0.000466442
0.50573 0.49427 0.000466442 0.000466442
0.50573 0.49427 0.000466442 0.000466442
0.50573 0.49427 0.000466442 0.000466442
0.50573 0.49427 0.000466442 0.000466442
0.50573 0.49427 0.000466442 0.000466442
0.50573 0.49427 0.000466442 0.000466442
0.50573 0.49427 0.000466442 0.000466442
0.50574 0.49426 0.000466598 0.000466598
0.50574 0.49426 0.000466598 0.000466598
0.50574 0.49426 0.000466598 0.000466598
0.50574 0.49426 0.000466598 0.000466598
0.50574 0.49426 0.000466598 0.000466598
0.50574 0.49426 0.000466598 0.000466598
0.50574 0.49426 0.000466598 0.000466598
0.50574 0.49426 0.000466598 0.000466598
0.50574 0.49426 0.000466598 0.000466598
0.50574 0.49426 0.000466598 0.000466598
0.50574 0.49426 0.000466598 0.000466598
0.50575 0.49425 0.000466654 0.000466654
0.50575 0.49425 0.000466654 0.000466654
0.50575 0.49425 0.000466654 0.000466654
0.50575 0.49425 0.000466654 0.000466654
0.50575 0.49425 0.000466654 0.000466654
0.50575 0.49425 0.000466654 0.000466654
0.50575 0.49425 0.000466654 0.000466654
0.50575 0.49425 0.000466654 0.000466654
0.50575 0.49425 0.000466654 0.000466654
0.50575 0.49425 0.000466654 0.000466654
0.50575 0.49425 0.000466654 0.000466654
0.50575 0.49425 0.000466654 0.000466654
