0.54878 0.45122 0.000224214 0.000224214
0.54938 0.45062 0.000288642 0.000288642
0.54908 0.45092 0.000364822 0.000364822
0.54971 0.45029 0.000467198 0.000467198
0.54899 0.45101 0.000563202 0.000563202
0.54864 0.45136 0.000615465 0.000615465
0.54858 0.45142 0.000695741 0.000695741
0.54892 0.45108 0.000799691 0.000799691
0.54923 0.45077 0.000859068 0.000859068
0.54948 0.45052 0.000977767 0.000977767
0.54983 0.45017 0.00100247 0.00100247
0.55104 0.44896 0.00106537 0.00106537
0.55055 0.44945 0.00114785 0.00114785
0.55082 0.44918 0.00124845 0.00124845
0.55058 0.44942 0.00134356 0.00134356
0.54944 0.45056 0.00140425 0.00140425
0.54878 0.45122 0.00141262 0.00141262
0.5489 0.4511 0.00146411 0.00146411
0.54897 0.45103 0.00143783 0.00143783
0.54915 0.45085 0.00141948 0.00141948
0.54926 0.45074 0.00141876 0.00141876
0.54779 0.45221 0.00143857 0.00143857
0.54828 0.45172 0.00132507 0.00132507
0.54836 0.45164 0.00130114 0.00130114
0.54818 0.45182 0.0012676 0.0012676
0.54836 0.45164 0.00133221 0.00133221
0.54834 0.45166 0.00136657 0.00136657
0.54863 0.45137 0.00134147 0.00134147
0.54815 0.45185 0.00128865 0.00128865
0.54791 0.45209 0.0013741 0.0013741
0.54672 0.45328 0.00146523 0.00146523
0.54754 0.45246 0.00152704 0.00152704
0.54769 0.45231 0.00147278 0.00147278
0.54858 0.45142 0.00150069 0.00150069
0.54729 0.45271 0.00155734 0.00155734
0.54754 0.45246 0.00158445 0.00158445
0.5488 0.4512 0.0016362 0.0016362
0.54986 0.45014 0.00168018 0.00168018
0.54956 0.45044 0.00175465 0.00175465
0.54927 0.45073 0.00184351 0.00184351
0.54905 0.45095 0.00184916 0.00184916
0.54829 0.45171 0.00185746 0.00185746
0.54784 0.45216 0.00178369 0.00178369
0.54785 0.45215 0.00170524 0.00170524
0.54803 0.45197 0.00170643 0.00170643
0.54831 0.45169 0.00169517 0.00169517
0.54748 0.45252 0.00170047 0.00170047
0.54887 0.45113 0.00166335 0.00166335
0.54793 0.45207 0.00175081 0.00175081
0.54794 0.45206 0.0018522 0.0018522
0.5476 0.4524 0.0017656 0.0017656
0.54841 0.45159 0.00187616 0.00187616
0.54873 0.45127 0.00184939 0.00184939
0.55006 0.44994 0.00177072 0.00177072
0.5501 0.4499 0.00178235 0.00178235
0.54799 0.45201 0.00177282 0.00177282
0.54976 0.45024 0.0018219 0.0018219
0.54938 0.45062 0.00184468 0.00184468
0.54971 0.45029 0.00180851 0.00180851
0.54963 0.45037 0.00177201 0.00177201
0.54902 0.45098 0.00183657 0.00183657
0.54823 0.45177 0.00186315 0.00186315
0.54869 0.45131 0.00184807 0.00184807
0.54907 0.45093 0.00180831 0.00180831
0.54911 0.45089 0.0016843 0.0016843
0.54976 0.45024 0.00176786 0.00176786
0.55053 0.44947 0.00183312 0.00183312
0.55032 0.44968 0.0018141 0.0018141
0.54949 0.45051 0.00183068 0.00183068
0.54965 0.45035 0.00186249 0.00186249
0.54939 0.45061 0.00180751 0.00180751
0.55081 0.44919 0.00182009 0.00182009
0.54954 0.45046 0.00196811 0.00196811
0.54923 0.45077 0.00196866 0.00196866
0.54987 0.45013 0.00192963 0.00192963
0.54983 0.45017 0.00194253 0.00194253
0.54877 0.45123 0.00197317 0.00197317
0.54838 0.45162 0.00196505 0.00196505
0.54957 0.45043 0.00198455 0.00198455
0.54977 0.45023 0.0020378 0.0020378
0.54899 0.45101 0.00201052 0.00201052
0.54905 0.45095 0.00200619 0.00200619
0.54982 0.45018 0.00194027 0.00194027
0.55107 0.44893 0.00198114 0.00198114
0.55156 0.44844 0.00200421 0.00200421
0.55198 0.44802 0.00207953 0.00207953
0.55269 0.44731 0.00203517 0.00203517
0.55132 0.44868 0.00193543 0.00193543
0.55034 0.44966 0.00191685 0.00191685
0.55045 0.44955 0.00196005 0.00196005
0.55017 0.44983 0.00190873 0.00190873
0.55062 0.44938 0.00191642 0.00191642
0.55023 0.44977 0.00187525 0.00187525
0.55048 0.44952 0.00190458 0.00190458
0.55047 0.44953 0.00193399 0.00193399
0.55033 0.44967 0.00185857 0.00185857
0.55109 0.44891 0.0019281 0.0019281
0.55111 0.44889 0.0018982 0.0018982
0.55128 0.44872 0.00204794 0.00204794
0.55102 0.44898 0.00207838 0.00207838
0.55154 0.44846 0.00207637 0.00207637
0.55055 0.44945 0.00210187 0.00210187
0.55035 0.44965 0.00223247 0.00223247
0.55065 0.44935 0.00236954 0.00236954
0.54981 0.45019 0.00240502 0.00240502
0.55062 0.44938 0.00228735 0.00228735
0.55039 0.44961 0.00228677 0.00228677
0.55127 0.44873 0.00216717 0.00216717
0.55139 0.44861 0.00227416 0.00227416
0.55121 0.44879 0.00217233 0.00217233
0.55064 0.44936 0.00213415 0.00213415
0.55159 0.44841 0.00212976 0.00212976
0.55153 0.44847 0.00209494 0.00209494
0.55168 0.44832 0.00205632 0.00205632
0.54983 0.45017 0.00210065 0.00210065
0.54999 0.45001 0.00211942 0.00211942
0.54839 0.45161 0.0022067 0.0022067
0.54856 0.45144 0.00217621 0.00217621
0.54822 0.45178 0.00227922 0.00227922
0.54808 0.45192 0.00237902 0.00237902
0.54861 0.45139 0.00233796 0.00233796
0.54739 0.45261 0.00238014 0.00238014
0.548 0.452 0.00231808 0.00231808
0.54808 0.45192 0.00238335 0.00238335
0.54777 0.45223 0.00221733 0.00221733
0.54771 0.45229 0.00214459 0.00214459
0.54805 0.45195 0.00211209 0.00211209
0.54815 0.45185 0.0021251 0.0021251
0.54863 0.45137 0.00219963 0.00219963
0.54813 0.45187 0.00211872 0.00211872
0.54898 0.45102 0.00218832 0.00218832
0.54887 0.45113 0.00218939 0.00218939
0.5482 0.4518 0.00212614 0.00212614
0.55003 0.44997 0.00213991 0.00213991
0.54975 0.45025 0.00214613 0.00214613
0.54978 0.45022 0.00203983 0.00203983
0.55053 0.44947 0.00209003 0.00209003
0.55091 0.44909 0.00209477 0.00209477
0.55139 0.44861 0.00211761 0.00211761
0.55152 0.44848 0.00211466 0.00211466
0.55089 0.44911 0.00212 0.00212
0.55073 0.44927 0.00216028 0.00216028
0.55036 0.44964 0.0022489 0.0022489
0.54959 0.45041 0.00219176 0.00219176
0.54866 0.45134 0.0022337 0.0022337
0.54773 0.45227 0.00220802 0.00220802
0.54749 0.45251 0.00226155 0.00226155
0.54718 0.45282 0.00222177 0.00222177
0.54702 0.45298 0.0023641 0.0023641
0.54754 0.45246 0.0023532 0.0023532
0.54735 0.45265 0.00245944 0.00245944
0.54873 0.45127 0.00234042 0.00234042
0.54795 0.45205 0.00234974 0.00234974
0.54839 0.45161 0.00241167 0.00241167
0.54819 0.45181 0.00236561 0.00236561
0.54826 0.45174 0.00226999 0.00226999
0.54866 0.45134 0.00228261 0.00228261
0.5488 0.4512 0.00217459 0.00217459
0.54792 0.45208 0.00212106 0.00212106
0.54835 0.45165 0.00217205 0.00217205
0.54891 0.45109 0.00213303 0.00213303
0.5488 0.4512 0.00219218 0.00219218
0.54877 0.45123 0.00222582 0.00222582
0.54857 0.45143 0.00222689 0.00222689
0.5499 0.4501 0.00212957 0.00212957
0.54975 0.45025 0.00219748 0.00219748
0.54965 0.45035 0.00219914 0.00219914
0.55036 0.44964 0.00222886 0.00222886
0.55108 0.44892 0.00221466 0.00221466
0.55023 0.44977 0.00214836 0.00214836
0.54983 0.45017 0.00213024 0.00213024
0.54914 0.45086 0.00210067 0.00210067
0.54867 0.45133 0.00202556 0.00202556
0.54858 0.45142 0.0020421 0.0020421
0.54855 0.45145 0.00212312 0.00212312
0.5484 0.4516 0.00211715 0.00211715
0.54825 0.45175 0.0021277 0.0021277
0.54751 0.45249 0.00215536 0.00215536
0.54875 0.45125 0.00223977 0.00223977
0.54812 0.45188 0.00223746 0.00223746
0.54785 0.45215 0.00235249 0.00235249
0.54784 0.45216 0.00249452 0.00249452
0.54823 0.45177 0.00252796 0.00252796
0.54865 0.45135 0.00250504 0.00250504
0.54908 0.45092 0.00248797 0.00248797
0.54943 0.45057 0.00252425 0.00252425
0.54954 0.45046 0.00240375 0.00240375
0.54965 0.45035 0.00251946 0.00251946
0.55055 0.44945 0.00249261 0.00249261
0.55154 0.44846 0.00247199 0.00247199
0.5518 0.4482 0.00241428 0.00241428
0.55221 0.44779 0.00240435 0.00240435
0.5527 0.4473 0.00241351 0.00241351
0.55267 0.44733 0.00243782 0.00243782
0.55146 0.44854 0.00240878 0.00240878
0.54974 0.45026 0.00252585 0.00252585
0.54898 0.45102 0.00246236 0.00246236
0.54974 0.45026 0.00246213 0.00246213
0.5497 0.4503 0.00252641 0.00252641
0.54915 0.45085 0.00247362 0.00247362
0.54874 0.45126 0.00241518 0.00241518
0.54949 0.45051 0.00231144 0.00231144
0.55004 0.44996 0.00228883 0.00228883
0.55011 0.44989 0.00240757 0.00240757
0.55023 0.44977 0.0023945 0.0023945
0.55075 0.44925 0.00239724 0.00239724
0.55165 0.44835 0.00246132 0.00246132
0.55118 0.44882 0.00242985 0.00242985
0.55185 0.44815 0.00242465 0.00242465
0.55195 0.44805 0.00243179 0.00243179
0.55141 0.44859 0.00241142 0.00241142
0.55069 0.44931 0.00238953 0.00238953
0.54986 0.45014 0.0024335 0.0024335
0.54892 0.45108 0.00248555 0.00248555
0.54962 0.45038 0.0025508 0.0025508
0.54925 0.45075 0.00257156 0.00257156
0.5496 0.4504 0.00245182 0.00245182
0.54947 0.45053 0.00234946 0.00234946
0.54905 0.45095 0.00237021 0.00237021
0.54975 0.45025 0.00233607 0.00233607
0.54956 0.45044 0.00235683 0.00235683
0.54941 0.45059 0.00233111 0.00233111
0.55039 0.44961 0.00252004 0.00252004
0.55002 0.44998 0.00257828 0.00257828
0.55011 0.44989 0.00260525 0.00260525
0.55003 0.44997 0.00254803 0.00254803
0.54998 0.45002 0.00252766 0.00252766
0.55062 0.44938 0.00257507 0.00257507
0.55129 0.44871 0.00254601 0.00254601
0.54996 0.45004 0.00247646 0.00247646
0.55004 0.44996 0.00237654 0.00237654
0.54908 0.45092 0.00234108 0.00234108
0.54802 0.45198 0.00248947 0.00248947
0.54765 0.45235 0.00247449 0.00247449
0.54776 0.45224 0.00251835 0.00251835
0.54758 0.45242 0.0025732 0.0025732
0.54741 0.45259 0.00255932 0.00255932
0.54814 0.45186 0.00250651 0.00250651
0.54856 0.45144 0.0024678 0.0024678
0.54837 0.45163 0.00257397 0.00257397
0.54777 0.45223 0.00256371 0.00256371
0.54765 0.45235 0.00258857 0.00258857
0.54732 0.45268 0.00259127 0.00259127
0.54749 0.45251 0.0027447 0.0027447
0.54818 0.45182 0.00275831 0.00275831
0.54833 0.45167 0.00266378 0.00266378
0.54796 0.45204 0.00261565 0.00261565
0.54769 0.45231 0.00270745 0.00270745
0.54804 0.45196 0.00268289 0.00268289
0.54803 0.45197 0.00270126 0.00270126
0.54846 0.45154 0.00266534 0.00266534
0.54788 0.45212 0.00268166 0.00268166
0.54795 0.45205 0.00257009 0.00257009
0.547 0.453 0.00259293 0.00259293
0.54608 0.45392 0.00258541 0.00258541
0.54589 0.45411 0.0026998 0.0026998
0.54659 0.45341 0.0027854 0.0027854
0.54661 0.45339 0.00273596 0.00273596
0.54626 0.45374 0.00277185 0.00277185
0.54636 0.45364 0.00275633 0.00275633
0.54705 0.45295 0.00275977 0.00275977
0.5472 0.4528 0.00260093 0.00260093
0.54756 0.45244 0.00263659 0.00263659
0.54687 0.45313 0.0027431 0.0027431
0.5486 0.4514 0.00276489 0.00276489
0.54836 0.45164 0.00283591 0.00283591
0.54742 0.45258 0.00295103 0.00295103
0.54839 0.45161 0.00289497 0.00289497
0.54796 0.45204 0.00293695 0.00293695
0.54749 0.45251 0.00295599 0.00295599
0.54841 0.45159 0.00297398 0.00297398
0.54841 0.45159 0.00295667 0.00295667
0.54919 0.45081 0.00293486 0.00293486
0.54905 0.45095 0.00283344 0.00283344
0.54947 0.45053 0.00279207 0.00279207
0.54934 0.45066 0.00280809 0.00280809
0.54914 0.45086 0.00292915 0.00292915
0.54904 0.45096 0.00280555 0.00280555
0.54917 0.45083 0.00275873 0.00275873
0.54923 0.45077 0.00277864 0.00277864
0.54899 0.45101 0.00266795 0.00266795
0.54852 0.45148 0.002725 0.002725
0.54927 0.45073 0.00279996 0.00279996
0.54924 0.45076 0.00291182 0.00291182
0.54929 0.45071 0.00304128 0.00304128
0.54941 0.45059 0.00295954 0.00295954
0.54969 0.45031 0.00292553 0.00292553
0.54999 0.45001 0.0028187 0.0028187
0.54975 0.45025 0.00279041 0.00279041
0.54927 0.45073 0.0028506 0.0028506
0.54821 0.45179 0.00290972 0.00290972
0.5481 0.4519 0.00274886 0.00274886
0.54756 0.45244 0.00281591 0.00281591
0.54784 0.45216 0.00294086 0.00294086
0.54785 0.45215 0.00296574 0.00296574
0.5471 0.4529 0.00301888 0.00301888
0.5482 0.4518 0.00300992 0.00300992
0.54825 0.45175 0.00299734 0.00299734
0.54732 0.45268 0.00298866 0.00298866
0.54712 0.45288 0.00293386 0.00293386
0.54708 0.45292 0.0029988 0.0029988
0.54777 0.45223 0.00298876 0.00298876
0.547 0.453 0.0029364 0.0029364
0.54702 0.45298 0.00309444 0.00309444
0.54611 0.45389 0.00309515 0.00309515
0.54689 0.45311 0.0029718 0.0029718
0.54737 0.45263 0.00294252 0.00294252
0.54689 0.45311 0.0029923 0.0029923
0.54669 0.45331 0.00290999 0.00290999
0.54818 0.45182 0.00299415 0.00299415
0.54889 0.45111 0.00286044 0.00286044
0.55026 0.44974 0.00291011 0.00291011
0.54981 0.45019 0.00291836 0.00291836
0.54923 0.45077 0.00279458 0.00279458
0.54903 0.45097 0.00274609 0.00274609
0.54868 0.45132 0.00271236 0.00271236
0.54902 0.45098 0.00273059 0.00273059
0.54798 0.45202 0.00289424 0.00289424
0.54866 0.45134 0.00299435 0.00299435
0.54825 0.45175 0.00293849 0.00293849
0.54864 0.45136 0.00298167 0.00298167
0.54785 0.45215 0.00311011 0.00311011
0.54883 0.45117 0.00303768 0.00303768
0.54865 0.45135 0.0029989 0.0029989
0.54926 0.45074 0.00306569 0.00306569
0.54933 0.45067 0.00298289 0.00298289
0.54992 0.45008 0.00297894 0.00297894
0.54865 0.45135 0.00299492 0.00299492
0.54846 0.45154 0.00293973 0.00293973
0.54872 0.45128 0.0030161 0.0030161
0.54894 0.45106 0.00306761 0.00306761
0.54917 0.45083 0.00304026 0.00304026
0.54881 0.45119 0.00306056 0.00306056
0.5485 0.4515 0.00315896 0.00315896
0.5483 0.4517 0.00326072 0.00326072
0.54848 0.45152 0.00331443 0.00331443
0.54929 0.45071 0.00302487 0.00302487
0.54999 0.45001 0.00293676 0.00293676
0.5505 0.4495 0.00291049 0.00291049
0.55088 0.44912 0.00304065 0.00304065
0.55082 0.44918 0.00300201 0.00300201
0.55043 0.44957 0.00304489 0.00304489
0.54981 0.45019 0.00319822 0.00319822
0.55029 0.44971 0.00328247 0.00328247
0.54969 0.45031 0.0033303 0.0033303
0.5499 0.4501 0.00341391 0.00341391
0.5504 0.4496 0.00324877 0.00324877
0.55019 0.44981 0.00336517 0.00336517
0.54986 0.45014 0.00336788 0.00336788
0.54977 0.45023 0.00337816 0.00337816
0.54995 0.45005 0.00334861 0.00334861
0.54938 0.45062 0.00343303 0.00343303
0.54883 0.45117 0.00342243 0.00342243
0.54902 0.45098 0.00329832 0.00329832
0.54938 0.45062 0.00332642 0.00332642
0.54888 0.45112 0.00335332 0.00335332
0.54857 0.45143 0.00321746 0.00321746
0.54879 0.45121 0.00331342 0.00331342
0.54877 0.45123 0.00311751 0.00311751
0.54902 0.45098 0.00313034 0.00313034
0.54995 0.45005 0.00309688 0.00309688
0.54962 0.45038 0.00317329 0.00317329
0.54963 0.45037 0.00306692 0.00306692
0.55136 0.44864 0.0030034 0.0030034
0.55168 0.44832 0.00309515 0.00309515
0.55058 0.44942 0.00307962 0.00307962
0.55032 0.44968 0.00324319 0.00324319
0.55175 0.44825 0.00326738 0.00326738
0.5516 0.4484 0.00336097 0.00336097
0.55137 0.44863 0.00327739 0.00327739
0.55108 0.44892 0.00322571 0.00322571
0.55191 0.44809 0.00326828 0.00326828
0.55058 0.44942 0.00331922 0.00331922
0.5499 0.4501 0.00318431 0.00318431
0.54877 0.45123 0.00312945 0.00312945
0.54954 0.45046 0.00313805 0.00313805
0.54986 0.45014 0.00307659 0.00307659
0.54982 0.45018 0.00321445 0.00321445
0.55049 0.44951 0.00317243 0.00317243
0.54949 0.45051 0.0032029 0.0032029
0.54927 0.45073 0.00316268 0.00316268
0.5496 0.4504 0.00323697 0.00323697
0.55089 0.44911 0.00324664 0.00324664
0.54964 0.45036 0.00327852 0.00327852
0.55003 0.44997 0.0033094 0.0033094
0.54979 0.45021 0.00338172 0.00338172
0.54837 0.45163 0.00334714 0.00334714
0.54878 0.45122 0.00326803 0.00326803
0.54979 0.45021 0.00333249 0.00333249
0.55046 0.44954 0.00326775 0.00326775
0.55033 0.44967 0.00321131 0.00321131
0.55073 0.44927 0.00320571 0.00320571
0.55124 0.44876 0.00324087 0.00324087
0.5502 0.4498 0.00325907 0.00325907
0.54927 0.45073 0.00329 0.00329
0.5495 0.4505 0.0033027 0.0033027
0.54845 0.45155 0.00331332 0.00331332
0.54909 0.45091 0.00325127 0.00325127
0.54905 0.45095 0.00327282 0.00327282
0.54995 0.45005 0.00338124 0.00338124
0.55042 0.44958 0.00333578 0.00333578
0.55005 0.44995 0.00324768 0.00324768
0.55045 0.44955 0.00322138 0.00322138
0.54935 0.45065 0.00327774 0.00327774
0.54967 0.45033 0.00329388 0.00329388
0.54912 0.45088 0.00326473 0.00326473
0.54875 0.45125 0.00334843 0.00334843
0.54758 0.45242 0.00336756 0.00336756
0.54738 0.45262 0.00333577 0.00333577
0.54773 0.45227 0.00350081 0.00350081
0.54769 0.45231 0.00355066 0.00355066
0.54755 0.45245 0.0035294 0.0035294
0.5476 0.4524 0.00336806 0.00336806
0.54837 0.45163 0.00327634 0.00327634
0.54825 0.45175 0.00315528 0.00315528
0.54954 0.45046 0.00310142 0.00310142
0.55043 0.44957 0.00320578 0.00320578
0.55077 0.44923 0.00323782 0.00323782
0.55035 0.44965 0.00330504 0.00330504
0.55002 0.44998 0.00329412 0.00329412
0.55011 0.44989 0.00332852 0.00332852
0.54892 0.45108 0.00333175 0.00333175
0.54933 0.45067 0.00327216 0.00327216
0.54859 0.45141 0.00331725 0.00331725
0.54956 0.45044 0.00332449 0.00332449
0.54942 0.45058 0.00343415 0.00343415
0.54882 0.45118 0.00337859 0.00337859
0.54723 0.45277 0.00331375 0.00331375
0.54786 0.45214 0.00337873 0.00337873
0.54748 0.45252 0.00337906 0.00337906
0.54791 0.45209 0.00344059 0.00344059
0.54791 0.45209 0.00339839 0.00339839
0.54849 0.45151 0.00341738 0.00341738
0.54842 0.45158 0.0034853 0.0034853
0.54872 0.45128 0.00354689 0.00354689
0.54728 0.45272 0.00347796 0.00347796
0.54779 0.45221 0.00340489 0.00340489
0.54727 0.45273 0.00340151 0.00340151
0.54785 0.45215 0.00347922 0.00347922
0.54726 0.45274 0.00336502 0.00336502
0.54694 0.45306 0.00343222 0.00343222
0.54648 0.45352 0.00352696 0.00352696
0.54599 0.45401 0.00354399 0.00354399
0.54619 0.45381 0.00355399 0.00355399
0.54726 0.45274 0.00352476 0.00352476
0.54587 0.45413 0.00350943 0.00350943
0.54544 0.45456 0.0036054 0.0036054
0.54563 0.45437 0.00344405 0.00344405
0.54605 0.45395 0.00330524 0.00330524
0.54536 0.45464 0.0032766 0.0032766
0.54649 0.45351 0.00340631 0.00340631
0.54656 0.45344 0.00349526 0.00349526
0.54611 0.45389 0.00361606 0.00361606
0.54677 0.45323 0.00349616 0.00349616
0.54623 0.45377 0.00333361 0.00333361
0.54571 0.45429 0.00339477 0.00339477
0.54522 0.45478 0.00336928 0.00336928
0.54571 0.45429 0.00347265 0.00347265
0.54805 0.45195 0.00356374 0.00356374
0.54846 0.45154 0.00363457 0.00363457
0.54821 0.45179 0.00354475 0.00354475
0.54922 0.45078 0.00353633 0.00353633
0.54803 0.45197 0.00365219 0.00365219
0.54754 0.45246 0.0035428 0.0035428
0.54848 0.45152 0.00343209 0.00343209
0.54852 0.45148 0.00331221 0.00331221
0.54904 0.45096 0.00320151 0.00320151
0.54837 0.45163 0.0033049 0.0033049
0.54728 0.45272 0.0032999 0.0032999
0.54764 0.45236 0.00330615 0.00330615
0.54805 0.45195 0.00331754 0.00331754
0.54736 0.45264 0.00331433 0.00331433
0.54712 0.45288 0.00333813 0.00333813
0.54787 0.45213 0.00343997 0.00343997
0.54688 0.45312 0.00351736 0.00351736
0.54689 0.45311 0.00341594 0.00341594
0.54687 0.45313 0.00342609 0.00342609
0.5469 0.4531 0.00355583 0.00355583
0.54555 0.45445 0.00341116 0.00341116
0.54611 0.45389 0.00323081 0.00323081
0.54711 0.45289 0.00322343 0.00322343
0.54781 0.45219 0.00321904 0.00321904
0.54707 0.45293 0.00327182 0.00327182
0.5477 0.4523 0.00314167 0.00314167
0.54701 0.45299 0.0031752 0.0031752
0.54668 0.45332 0.00318935 0.00318935
0.54625 0.45375 0.00318645 0.00318645
0.54634 0.45366 0.00325324 0.00325324
0.54607 0.45393 0.00319396 0.00319396
0.54592 0.45408 0.00321189 0.00321189
0.54518 0.45482 0.0031636 0.0031636
0.54472 0.45528 0.00312828 0.00312828
0.54545 0.45455 0.00310853 0.00310853
0.54547 0.45453 0.00303156 0.00303156
0.54647 0.45353 0.00312124 0.00312124
0.54728 0.45272 0.00297386 0.00297386
0.54698 0.45302 0.00308198 0.00308198
0.54817 0.45183 0.00304196 0.00304196
0.54883 0.45117 0.00297584 0.00297584
0.54879 0.45121 0.00297665 0.00297665
