0.4978 0.5022 8.40606e-05 8.40606e-05
0.49555 0.50445 0.000203705 0.000203705
0.49299 0.50701 0.000285545 0.000285545
0.49029 0.50971 0.000404248 0.000404248
0.48859 0.51141 0.000506204 0.000506204
0.48704 0.51296 0.000635231 0.000635231
0.48602 0.51398 0.000718585 0.000718585
0.48474 0.51526 0.00082676 0.00082676
0.48405 0.51595 0.000946654 0.000946654
0.48305 0.51695 0.00106213 0.00106213
0.48157 0.51843 0.00114251 0.00114251
0.48069 0.51931 0.00120832 0.00120832
0.47961 0.52039 0.00127232 0.00127232
0.4788 0.5212 0.00132299 0.00132299
0.47813 0.52187 0.00140745 0.00140745
0.47724 0.52276 0.00144802 0.00144802
0.47683 0.52317 0.00150368 0.00150368
0.47682 0.52318 0.00155975 0.00155975
0.47625 0.52375 0.00157645 0.00157645
0.4759 0.5241 0.00162607 0.00162607
0.47531 0.52469 0.00166254 0.00166254
0.4752 0.5248 0.00169127 0.00169127
0.47457 0.52543 0.00175665 0.00175665
0.47409 0.52591 0.00178582 0.00178582
0.4737 0.5263 0.00181696 0.00181696
0.47331 0.52669 0.00184779 0.00184779
0.47313 0.52687 0.00186896 0.00186896
0.47296 0.52704 0.00187759 0.00187759
0.47272 0.52728 0.0019078 0.0019078
0.47278 0.52722 0.00193308 0.00193308
0.47282 0.52718 0.0019631 0.0019631
0.47295 0.52705 0.00195871 0.00195871
0.47292 0.52708 0.00196953 0.00196953
0.4729 0.5271 0.00198072 0.00198072
0.47292 0.52708 0.00199535 0.00199535
0.47276 0.52724 0.00199903 0.00199903
0.47275 0.52725 0.00199461 0.00199461
0.47269 0.52731 0.00201058 0.00201058
0.47268 0.52732 0.00200216 0.00200216
0.47251 0.52749 0.00200108 0.00200108
0.47247 0.52753 0.002015 0.002015
0.47225 0.52775 0.0020192 0.0020192
0.47212 0.52788 0.00202558 0.00202558
0.47223 0.52777 0.00203131 0.00203131
0.4723 0.5277 0.00202967 0.00202967
0.47226 0.52774 0.00203165 0.00203165
0.47228 0.52772 0.00204055 0.00204055
0.47221 0.52779 0.00204702 0.00204702
0.47222 0.52778 0.00204892 0.00204892
0.4722 0.5278 0.00206067 0.00206067
0.47216 0.52784 0.00206545 0.00206545
0.4722 0.5278 0.00206309 0.00206309
0.47217 0.52783 0.00207117 0.00207117
0.47211 0.52789 0.00207473 0.00207473
0.47209 0.52791 0.00207721 0.00207721
0.47204 0.52796 0.00207909 0.00207909
0.47205 0.52795 0.0020811 0.0020811
0.472 0.528 0.00208174 0.00208174
0.47199 0.52801 0.0020832 0.0020832
0.47196 0.52804 0.00208727 0.00208727
0.47196 0.52804 0.00208747 0.00208747
0.47197 0.52803 0.00209005 0.00209005
0.47198 0.52802 0.00208879 0.00208879
0.47198 0.52802 0.00209065 0.00209065
0.47192 0.52808 0.00208969 0.00208969
0.47189 0.52811 0.0020878 0.0020878
0.47192 0.52808 0.00208547 0.00208547
0.47192 0.52808 0.00208361 0.00208361
0.47191 0.52809 0.00208435 0.00208435
0.47188 0.52812 0.00208322 0.00208322
0.47188 0.52812 0.00208259 0.00208259
0.47188 0.52812 0.00208259 0.00208259
0.47187 0.52813 0.00208203 0.00208203
0.47186 0.52814 0.00208343 0.00208343
0.47183 0.52817 0.00208216 0.00208216
0.47183 0.52817 0.00208204 0.00208204
0.47183 0.52817 0.00208204 0.00208204
0.47182 0.52818 0.00208059 0.00208059
0.47182 0.52818 0.00208059 0.00208059
0.47182 0.52818 0.00208061 0.00208061
0.47182 0.52818 0.00208061 0.00208061
0.47182 0.52818 0.00208061 0.00208061
0.47182 0.52818 0.00208061 0.00208061
0.47182 0.52818 0.00208061 0.00208061
0.47182 0.52818 0.00208061 0.00208061
0.47182 0.52818 0.00208061 0.00208061
0.47181 0.52819 0.00208009 0.00208009
0.4718 0.5282 0.00208097 0.00208097
0.4718 0.5282 0.00208097 0.00208097
0.47181 0.52819 0.00208147 0.00208147
0.47181 0.52819 0.00208147 0.00208147
0.47181 0.52819 0.00208147 0.00208147
0.47181 0.52819 0.00208147 0.00208147
0.47181 0.52819 0.00208147 0.00208147
0.47181 0.52819 0.00208147 0.00208147
0.47181 0.52819 0.00208147 0.00208147
0.47181 0.52819 0.00208147 0.00208147
0.47182 0.52818 0.00208059 0.00208059
0.47182 0.52818 0.00208059 0.00208059
0.47182 0.52818 0.00208059 0.00208059
0.47182 0.52818 0.00208059 0.00208059
0.47182 0.52818 0.00208059 0.00208059
0.47182 0.52818 0.00208059 0.00208059
0.47182 0.52818 0.00208059 0.00208059
0.47183 0.52817 0.00208093 0.00208093
0.47183 0.52817 0.00208093 0.00208093
0.47183 0.52817 0.00208093 0.00208093
0.47183 0.52817 0.00208093 0.00208093
0.47182 0.52818 0.00208043 0.00208043
0.47182 0.52818 0.00208043 0.00208043
0.47181 0.52819 0.00207995 0.00207995
0.47181 0.52819 0.00207995 0.00207995
0.47181 0.52819 0.00207995 0.00207995
0.47181 0.52819 0.00207995 0.00207995
0.47181 0.52819 0.00207995 0.00207995
0.47181 0.52819 0.00207995 0.00207995
0.47181 0.52819 0.00207995 0.00207995
0.47181 0.52819 0.00207995 0.00207995
0.47181 0.52819 0.00207995 0.00207995
0.47182 0.52818 0.00208071 0.00208071
0.47182 0.52818 0.00208071 0.00208071
0.47182 0.52818 0.00208071 0.00208071
0.47182 0.52818 0.00208071 0.00208071
0.47182 0.52818 0.00208071 0.00208071
0.47182 0.52818 0.00208071 0.00208071
0.47183 0.52817 0.00208119 0.00208119
0.47183 0.52817 0.00208119 0.00208119
0.47183 0.52817 0.00208119 0.00208119
0.47182 0.52818 0.00208086 0.00208086
0.47182 0.52818 0.00208086 0.00208086
0.47182 0.52818 0.00208086 0.00208086
0.47182 0.52818 0.00208086 0.00208086
0.47182 0.52818 0.00208086 0.00208086
0.47182 0.52818 0.00208086 0.00208086
0.47182 0.52818 0.00208086 0.00208086
0.47182 0.52818 0.00208086 0.00208086
0.47182 0.52818 0.00208086 0.00208086
0.47182 0.52818 0.00208086 0.00208086
0.47182 0.52818 0.00208086 0.00208086
0.47182 0.52818 0.00208086 0.00208086
0.47182 0.52818 0.00208086 0.00208086
0.47182 0.52818 0.00208086 0.00208086
0.47182 0.52818 0.00208086 0.00208086
0.47182 0.52818 0.00208086 0.00208086
0.47182 0.52818 0.00208086 0.00208086
0.47182 0.52818 0.00208086 0.00208086
0.47182 0.52818 0.00208086 0.00208086
0.47182 0.52818 0.00208086 0.00208086
0.47182 0.52818 0.00208086 0.00208086
0.47182 0.52818 0.00208086 0.00208086
0.47182 0.52818 0.00208086 0.00208086
0.47182 0.52818 0.00208086 0.00208086
0.47182 0.52818 0.00208086 0.00208086
0.47182 0.52818 0.00208086 0.00208086
0.47182 0.52818 0.00208086 0.00208086
0.47182 0.52818 0.00208086 0.00208086
0.47182 0.52818 0.00208086 0.00208086
0.47182 0.52818 0.00208086 0.00208086
0.47182 0.52818 0.00208086 0.00208086
0.47182 0.52818 0.00208086 0.00208086
0.47182 0.52818 0.00208086 0.00208086
0.47182 0.52818 0.00208086 0.00208086
0.47182 0.52818 0.00208086 0.00208086
0.47182 0.52818 0.00208086 0.00208086
0.47182 0.52818 0.00208086 0.00208086
0.47182 0.52818 0.00208086 0.00208086
0.47182 0.52818 0.00208086 0.00208086
0.47182 0.52818 0.00208086 0.00208086
0.47182 0.52818 0.00208086 0.00208086
0.47182 0.52818 0.00208086 0.00208086
0.47182 0.52818 0.00208086 0.00208086
0.47182 0.52818 0.00208086 0.00208086
0.47182 0.52818 0.00208086 0.00208086
0.47182 0.52818 0.00208086 0.00208086
0.47182 0.52818 0.00208086 0.00208086
0.47182 0.52818 0.00208086 0.00208086
0.47182 0.52818 0.00208086 0.00208086
0.47182 0.52818 0.00208086 0.00208086
0.47182 0.52818 0.00208086 0.00208086
0.47182 0.52818 0.00208086 0.00208086
0.47182 0.52818 0.00208086 0.00208086
0.47182 0.52818 0.00208086 0.00208086
0.47182 0.52818 0.00208086 0.00208086
0.47182 0.52818 0.00208086 0.00208086
0.47182 0.52818 0.00208086 0.00208086
0.47182 0.52818 0.00208086 0.00208086
0.47182 0.52818 0.00208086 0.00208086
0.47182 0.52818 0.00208086 0.00208086
0.47182 0.52818 0.00208086 0.00208086
0.47182 0.52818 0.00208086 0.00208086
0.47182 0.52818 0.00208086 0.00208086
0.47182 0.52818 0.00208086 0.00208086
0.47182 0.52818 0.00208086 0.00208086
0.47182 0.52818 0.00208086 0.00208086
0.47182 0.52818 0.00208086 0.00208086
0.47182 0.52818 0.00208086 0.00208086
0.47182 0.52818 0.00208086 0.00208086
0.47182 0.52818 0.00208086 0.00208086
0.47182 0.52818 0.00208086 0.00208086
0.47182 0.52818 0.00208086 0.00208086
0.47182 0.52818 0.00208086 0.00208086
0.47182 0.52818 0.00208086 0.00208086
0.47182 0.52818 0.00208086 0.00208086
0.47182 0.52818 0.00208086 0.00208086
0.47182 0.52818 0.00208086 0.00208086
0.47182 0.52818 0.00208086 0.00208086
0.47182 0.52818 0.00208086 0.00208086
0.47182 0.52818 0.00208086 0.00208086
0.47182 0.52818 0.00208086 0.00208086
0.47182 0.52818 0.00208086 0.00208086
0.47182 0.52818 0.00208086 0.00208086
0.47182 0.52818 0.00208086 0.00208086
0.47182 0.52818 0.00208086 0.00208086
0.47182 0.52818 0.00208086 0.00208086
0.47182 0.52818 0.00208086 0.00208086
0.47182 0.52818 0.00208086 0.00208086
0.47182 0.52818 0.00208086 0.00208086
0.47182 0.52818 0.00208086 0.00208086
0.47182 0.52818 0.00208086 0.00208086
0.47182 0.52818 0.00208086 0.00208086
0.47182 0.52818 0.00208086 0.00208086
0.47182 0.52818 0.00208086 0.00208086
0.47182 0.52818 0.00208086 0.00208086
0.47182 0.52818 0.00208086 0.00208086
0.47182 0.52818 0.00208086 0.00208086
0.47182 0.52818 0.00208086 0.00208086
0.47182 0.52818 0.00208086 0.00208086
0.47182 0.52818 0.00208086 0.00208086
0.47182 0.52818 0.00208086 0.00208086
0.47182 0.52818 0.00208086 0.00208086
0.47182 0.52818 0.00208086 0.00208086
0.47182 0.52818 0.00208086 0.00208086
0.47182 0.52818 0.00208086 0.00208086
0.47182 0.52818 0.00208086 0.00208086
0.47182 0.52818 0.00208086 0.00208086
0.47182 0.52818 0.00208086 0.00208086
0.47182 0.52818 0.00208086 0.00208086
0.47182 0.52818 0.00208086 0.00208086
0.47182 0.52818 0.00208086 0.00208086
0.47182 0.52818 0.00208086 0.00208086
0.47182 0.52818 0.00208086 0.00208086
0.47182 0.52818 0.00208086 0.00208086
0.47182 0.52818 0.00208086 0.00208086
0.47182 0.52818 0.00208086 0.00208086
0.47182 0.52818 0.00208086 0.00208086
0.47182 0.52818 0.00208086 0.00208086
0.47182 0.52818 0.00208086 0.00208086
0.47182 0.52818 0.00208086 0.00208086
0.47182 0.52818 0.00208086 0.00208086
0.47182 0.52818 0.00208086 0.00208086
0.47182 0.52818 0.00208086 0.00208086
0.47182 0.52818 0.00208086 0.00208086
0.47182 0.52818 0.00208086 0.00208086
0.47182 0.52818 0.00208086 0.00208086
0.47182 0.52818 0.00208086 0.00208086
0.47182 0.52818 0.00208086 0.00208086
0.47182 0.52818 0.00208086 0.00208086
0.47182 0.52818 0.00208086 0.00208086
0.47182 0.52818 0.00208086 0.00208086
0.47182 0.52818 0.00208086 0.00208086
0.47182 0.52818 0.00208086 0.00208086
0.47182 0.52818 0.00208086 0.00208086
0.47182 0.52818 0.00208086 0.00208086
0.47182 0.52818 0.00208086 0.00208086
0.47182 0.52818 0.00208086 0.00208086
0.47182 0.52818 0.00208086 0.00208086
0.47182 0.52818 0.00208086 0.00208086
0.47182 0.52818 0.00208086 0.00208086
0.47182 0.52818 0.00208086 0.00208086
0.47182 0.52818 0.00208086 0.00208086
0.47182 0.52818 0.00208086 0.00208086
0.47182 0.52818 0.00208086 0.00208086
0.47182 0.52818 0.00208086 0.00208086
0.47182 0.52818 0.00208086 0.00208086
0.47182 0.52818 0.00208086 0.00208086
0.47182 0.52818 0.00208086 0.00208086
0.47182 0.52818 0.00208086 0.00208086
0.47182 0.52818 0.00208086 0.00208086
0.47182 0.52818 0.00208086 0.00208086
0.47182 0.52818 0.00208086 0.00208086
0.47182 0.52818 0.00208086 0.00208086
0.47182 0.52818 0.00208086 0.00208086
0.47182 0.52818 0.00208086 0.00208086
0.47182 0.52818 0.00208086 0.00208086
0.47182 0.52818 0.00208086 0.00208086
0.47182 0.52818 0.00208086 0.00208086
0.47182 0.52818 0.00208086 0.00208086
0.47182 0.52818 0.00208086 0.00208086
0.47182 0.52818 0.00208086 0.00208086
0.47182 0.52818 0.00208086 0.00208086
0.47182 0.52818 0.00208086 0.00208086
0.47182 0.52818 0.00208086 0.00208086
0.47182 0.52818 0.00208086 0.00208086
0.47182 0.52818 0.00208086 0.00208086
0.47182 0.52818 0.00208086 0.00208086
0.47182 0.52818 0.00208086 0.00208086
0.47182 0.52818 0.00208086 0.00208086
0.47182 0.52818 0.00208086 0.00208086
0.47182 0.52818 0.00208086 0.00208086
0.47182 0.52818 0.00208086 0.00208086
0.47182 0.52818 0.00208086 0.00208086
0.47182 0.52818 0.00208086 0.00208086
0.47182 0.52818 0.00208086 0.00208086
0.47182 0.52818 0.00208086 0.00208086
0.47182 0.52818 0.00208086 0.00208086
0.47182 0.52818 0.00208086 0.00208086
0.47182 0.52818 0.00208086 0.00208086
0.47182 0.52818 0.00208086 0.00208086
0.47182 0.52818 0.00208086 0.00208086
0.47182 0.52818 0.00208086 0.00208086
0.47182 0.52818 0.00208086 0.00208086
0.47182 0.52818 0.00208086 0.00208086
0.47182 0.52818 0.00208086 0.00208086
0.47182 0.52818 0.00208086 0.00208086
0.47182 0.52818 0.00208086 0.00208086
0.47182 0.52818 0.00208086 0.00208086
0.47182 0.52818 0.00208086 0.00208086
0.47182 0.52818 0.00208086 0.00208086
0.47182 0.52818 0.00208086 0.00208086
0.47182 0.52818 0.00208086 0.00208086
0.47182 0.52818 0.00208086 0.00208086
0.47182 0.52818 0.00208086 0.00208086
0.47182 0.52818 0.00208086 0.00208086
0.47182 0.52818 0.00208086 0.00208086
0.47182 0.52818 0.00208086 0.00208086
0.47182 0.52818 0.00208086 0.00208086
0.47182 0.52818 0.00208086 0.00208086
0.47182 0.52818 0.00208086 0.00208086
0.47182 0.52818 0.00208086 0.00208086
0.47182 0.52818 0.00208086 0.00208086
0.47182 0.52818 0.00208086 0.00208086
0.47182 0.52818 0.00208086 0.00208086
0.47182 0.52818 0.00208086 0.00208086
0.47182 0.52818 0.00208086 0.00208086
0.47182 0.52818 0.00208086 0.00208086
0.47182 0.52818 0.00208086 0.00208086
0.47182 0.52818 0.00208086 0.00208086
0.47182 0.52818 0.00208086 0.00208086
0.47182 0.52818 0.00208086 0.00208086
0.47182 0.52818 0.00208086 0.00208086
0.47182 0.52818 0.00208086 0.00208086
0.47182 0.52818 0.00208086 0.00208086
0.47182 0.52818 0.00208086 0.00208086
0.47182 0.52818 0.00208086 0.00208086
0.47182 0.52818 0.00208086 0.00208086
0.47182 0.52818 0.00208086 0.00208086
0.47182 0.52818 0.00208086 0.00208086
0.47182 0.52818 0.00208086 0.00208086
0.47182 0.52818 0.00208086 0.00208086
0.47182 0.52818 0.00208086 0.00208086
0.47182 0.52818 0.00208086 0.00208086
0.47182 0.52818 0.00208086 0.00208086
0.47182 0.52818 0.00208086 0.00208086
0.47182 0.52818 0.00208086 0.00208086
0.47182 0.52818 0.00208086 0.00208086
0.47182 0.52818 0.00208086 0.00208086
0.47182 0.52818 0.00208086 0.00208086
0.47182 0.52818 0.00208086 0.00208086
0.47182 0.52818 0.00208086 0.00208086
0.47182 0.52818 0.00208086 0.00208086
0.47182 0.52818 0.00208086 0.00208086
0.47182 0.52818 0.00208086 0.00208086
0.47182 0.52818 0.00208086 0.00208086
0.47182 0.52818 0.00208086 0.00208086
0.47182 0.52818 0.00208086 0.00208086
0.47182 0.52818 0.00208086 0.00208086
0.47182 0.52818 0.00208086 0.00208086
0.47182 0.52818 0.00208086 0.00208086
0.47182 0.52818 0.00208086 0.00208086
0.47182 0.52818 0.00208086 0.00208086
0.47182 0.52818 0.00208086 0.00208086
0.47182 0.52818 0.00208086 0.00208086
0.47182 0.52818 0.00208086 0.00208086
0.47182 0.52818 0.00208086 0.00208086
0.47182 0.52818 0.00208086 0.00208086
0.47182 0.52818 0.00208086 0.00208086
0.47182 0.52818 0.00208086 0.00208086
0.47182 0.52818 0.00208086 0.00208086
0.47182 0.52818 0.00208086 0.00208086
0.47182 0.52818 0.00208086 0.00208086
0.47182 0.52818 0.00208086 0.00208086
0.47182 0.52818 0.00208086 0.00208086
0.47182 0.52818 0.00208086 0.00208086
0.47182 0.52818 0.00208086 0.00208086
0.47182 0.52818 0.00208086 0.00208086
0.47182 0.52818 0.00208086 0.00208086
0.47182 0.52818 0.00208086 0.00208086
0.47182 0.52818 0.00208086 0.00208086
0.47182 0.52818 0.00208086 0.00208086
0.47182 0.52818 0.00208086 0.00208086
0.47182 0.52818 0.00208086 0.00208086
0.47182 0.52818 0.00208086 0.00208086
0.47182 0.52818 0.00208086 0.00208086
0.47182 0.52818 0.00208086 0.00208086
0.47182 0.52818 0.00208086 0.00208086
0.47182 0.52818 0.00208086 0.00208086
0.47182 0.52818 0.00208086 0.00208086
0.47182 0.52818 0.00208086 0.00208086
0.47182 0.52818 0.00208086 0.00208086
0.47182 0.52818 0.00208086 0.00208086
0.47182 0.52818 0.00208086 0.00208086
0.47182 0.52818 0.00208086 0.00208086
0.47182 0.52818 0.00208086 0.00208086
0.47182 0.52818 0.00208086 0.00208086
0.47182 0.52818 0.00208086 0.00208086
0.47182 0.52818 0.00208086 0.00208086
0.47182 0.52818 0.00208086 0.00208086
0.47182 0.52818 0.00208086 0.00208086
0.47182 0.52818 0.00208086 0.00208086
0.47182 0.52818 0.00208086 0.00208086
0.47182 0.52818 0.00208086 0.00208086
0.47182 0.52818 0.00208086 0.00208086
0.47182 0.52818 0.00208086 0.00208086
0.47182 0.52818 0.00208086 0.00208086
0.47182 0.52818 0.00208086 0.00208086
0.47182 0.52818 0.00208086 0.00208086
0.47182 0.52818 0.00208086 0.00208086
0.47182 0.52818 0.00208086 0.00208086
0.47182 0.52818 0.00208086 0.00208086
0.47182 0.52818 0.00208086 0.00208086
0.47182 0.52818 0.00208086 0.00208086
0.47182 0.52818 0.00208086 0.00208086
0.47182 0.52818 0.00208086 0.00208086
0.47182 0.52818 0.00208086 0.00208086
0.47182 0.52818 0.00208086 0.00208086
0.47182 0.52818 0.00208086 0.00208086
0.47182 0.52818 0.00208086 0.00208086
0.47182 0.52818 0.00208086 0.00208086
0.47182 0.52818 0.00208086 0.00208086
0.47182 0.52818 0.00208086 0.00208086
0.47182 0.52818 0.00208086 0.00208086
0.47182 0.52818 0.00208086 0.00208086
0.47182 0.52818 0.00208086 0.00208086
0.47182 0.52818 0.00208086 0.00208086
0.47182 0.52818 0.00208086 0.00208086
0.47182 0.52818 0.00208086 0.00208086
0.47182 0.52818 0.00208086 0.00208086
0.47182 0.52818 0.00208086 0.00208086
0.47182 0.52818 0.00208086 0.00208086
0.47182 0.52818 0.00208086 0.00208086
0.47182 0.52818 0.00208086 0.00208086
0.47182 0.52818 0.00208086 0.00208086
0.47182 0.52818 0.00208086 0.00208086
0.47182 0.52818 0.00208086 0.00208086
0.47182 0.52818 0.00208086 0.00208086
0.47182 0.52818 0.00208086 0.00208086
0.47182 0.52818 0.00208086 0.00208086
0.47182 0.52818 0.00208086 0.00208086
0.47182 0.52818 0.00208086 0.00208086
0.47182 0.52818 0.00208086 0.00208086
0.47182 0.52818 0.00208086 0.00208086
0.47182 0.52818 0.00208086 0.00208086
0.47182 0.52818 0.00208086 0.00208086
0.47182 0.52818 0.00208086 0.00208086
0.47182 0.52818 0.00208086 0.00208086
0.47182 0.52818 0.00208086 0.00208086
0.47182 0.52818 0.00208086 0.00208086
0.47182 0.52818 0.00208086 0.00208086
0.47182 0.52818 0.00208086 0.00208086
0.47182 0.52818 0.00208086 0.00208086
0.47182 0.52818 0.00208086 0.00208086
0.47182 0.52818 0.00208086 0.00208086
0.47182 0.52818 0.00208086 0.00208086
0.47182 0.52818 0.00208086 0.00208086
0.47182 0.52818 0.00208086 0.00208086
0.47182 0.52818 0.00208086 0.00208086
0.47182 0.52818 0.00208086 0.00208086
0.47182 0.52818 0.00208086 0.00208086
0.47182 0.52818 0.00208086 0.00208086
0.47182 0.52818 0.00208086 0.00208086
0.47182 0.52818 0.00208086 0.00208086
0.47182 0.52818 0.00208086 0.00208086
0.47182 0.52818 0.00208086 0.00208086
0.47182 0.52818 0.00208086 0.00208086
0.47182 0.52818 0.00208086 0.00208086
0.47182 0.52818 0.00208086 0.00208086
0.47182 0.52818 0.00208086 0.00208086
0.47182 0.52818 0.00208086 0.00208086
0.47182 0.52818 0.00208086 0.00208086
0.47182 0.52818 0.00208086 0.00208086
0.47182 0.52818 0.00208086 0.00208086
0.47182 0.52818 0.00208086 0.00208086
0.47182 0.52818 0.00208086 0.00208086
0.47182 0.52818 0.00208086 0.00208086
0.47182 0.52818 0.00208086 0.00208086
0.47182 0.52818 0.00208086 0.00208086
0.47182 0.52818 0.00208086 0.00208086
0.47182 0.52818 0.00208086 0.00208086
0.47182 0.52818 0.00208086 0.00208086
0.47182 0.52818 0.00208086 0.00208086
0.47182 0.52818 0.00208086 0.00208086
0.47182 0.52818 0.00208086 0.00208086
0.47182 0.52818 0.00208086 0.00208086
0.47182 0.52818 0.00208086 0.00208086
0.47182 0.52818 0.00208086 0.00208086
0.47182 0.52818 0.00208086 0.00208086
0.47182 0.52818 0.00208086 0.00208086
0.47182 0.52818 0.00208086 0.00208086
0.47182 0.52818 0.00208086 0.00208086
0.47182 0.52818 0.00208086 0.00208086
