0.56456 0.43544 0.000387905 0.000387905
0.57809 0.42191 0.00066081 0.00066081
0.58941 0.41059 0.000968022 0.000968022
0.60142 0.39858 0.00129093 0.00129093
0.6108 0.3892 0.00166071 0.00166071
0.61998 0.38002 0.00202806 0.00202806
0.62777 0.37223 0.0024602 0.0024602
0.63404 0.36596 0.00281806 0.00281806
0.64 0.36 0.00324671 0.00324671
0.64509 0.35491 0.00364867 0.00364867
0.64997 0.35003 0.00399019 0.00399019
0.6551 0.3449 0.00442944 0.00442944
0.65953 0.34047 0.00463183 0.00463183
0.66503 0.33497 0.00481781 0.00481781
0.66937 0.33063 0.00516963 0.00516963
0.67289 0.32711 0.00548818 0.00548818
0.67666 0.32334 0.00568792 0.00568792
0.67976 0.32024 0.00580091 0.00580091
0.68311 0.31689 0.00598982 0.00598982
0.68607 0.31393 0.00602241 0.00602241
0.6886 0.3114 0.0062319 0.0062319
0.69067 0.30933 0.00634998 0.00634998
0.69266 0.30734 0.00656728 0.00656728
0.6953 0.3047 0.00653421 0.00653421
0.69712 0.30288 0.00659649 0.00659649
0.69923 0.30077 0.00666786 0.00666786
0.70111 0.29889 0.00674048 0.00674048
0.7026 0.2974 0.00690729 0.00690729
0.70401 0.29599 0.00699843 0.00699843
0.70515 0.29485 0.00715316 0.00715316
0.7065 0.2935 0.00721146 0.00721146
0.70799 0.29201 0.00719979 0.00719979
0.70917 0.29083 0.00723865 0.00723865
0.7103 0.2897 0.00735744 0.00735744
0.71184 0.28816 0.00728765 0.00728765
0.71298 0.28702 0.00730927 0.00730927
0.71385 0.28615 0.00733962 0.00733962
0.71455 0.28545 0.00739831 0.00739831
0.71532 0.28468 0.0074143 0.0074143
0.71611 0.28389 0.00742139 0.00742139
0.71702 0.28298 0.0073919 0.0073919
0.71765 0.28235 0.00741589 0.00741589
0.71835 0.28165 0.00746706 0.00746706
0.71908 0.28092 0.00743828 0.00743828
0.71973 0.28027 0.00745313 0.00745313
0.72026 0.27974 0.00747486 0.00747486
0.72045 0.27955 0.00746506 0.00746506
0.72083 0.27917 0.00747408 0.00747408
0.72122 0.27878 0.00750789 0.00750789
0.72135 0.27865 0.00752999 0.00752999
0.72194 0.27806 0.00751531 0.00751531
0.72235 0.27765 0.00753259 0.00753259
0.72266 0.27734 0.00757899 0.00757899
0.72331 0.27669 0.00753735 0.00753735
0.72381 0.27619 0.00753721 0.00753721
0.72413 0.27587 0.00755771 0.00755771
0.7244 0.2756 0.00756 0.00756
0.72463 0.27537 0.00757452 0.00757452
0.72494 0.27506 0.00757557 0.00757557
0.72531 0.27469 0.00756575 0.00756575
0.72564 0.27436 0.00755209 0.00755209
0.72603 0.27397 0.00753443 0.00753443
0.72604 0.27396 0.00754269 0.00754269
0.7261 0.2739 0.00756199 0.00756199
0.72637 0.27363 0.00753935 0.00753935
0.72649 0.27351 0.00756936 0.00756936
0.72652 0.27348 0.00759284 0.00759284
0.72647 0.27353 0.00764108 0.00764108
0.72666 0.27334 0.00762382 0.00762382
0.72678 0.27322 0.00761876 0.00761876
0.72676 0.27324 0.0076301 0.0076301
0.72684 0.27316 0.00762955 0.00762955
0.72691 0.27309 0.00763053 0.00763053
0.7271 0.2729 0.0076334 0.0076334
0.72705 0.27295 0.0076537 0.0076537
0.72724 0.27276 0.00764952 0.00764952
0.72736 0.27264 0.00761589 0.00761589
0.72751 0.27249 0.00759821 0.00759821
0.7276 0.2724 0.00759503 0.00759503
0.72779 0.27221 0.00758582 0.00758582
0.72777 0.27223 0.00760089 0.00760089
0.72788 0.27212 0.00760687 0.00760687
0.72812 0.27188 0.00759154 0.00759154
0.72824 0.27176 0.00759287 0.00759287
0.7284 0.2716 0.00759634 0.00759634
0.72849 0.27151 0.00760411 0.00760411
0.72846 0.27154 0.00761136 0.00761136
0.72841 0.27159 0.00763519 0.00763519
0.7284 0.2716 0.00764925 0.00764925
0.72846 0.27154 0.00765183 0.00765183
0.72846 0.27154 0.00765756 0.00765756
0.72844 0.27156 0.00767643 0.00767643
0.72844 0.27156 0.00766514 0.00766514
0.72842 0.27158 0.00768497 0.00768497
0.72855 0.27145 0.00767401 0.00767401
0.72864 0.27136 0.00767439 0.00767439
0.72877 0.27123 0.00765311 0.00765311
0.7288 0.2712 0.00765224 0.00765224
0.72888 0.27112 0.00766237 0.00766237
0.72891 0.27109 0.00764736 0.00764736
0.72891 0.27109 0.00765241 0.00765241
0.72891 0.27109 0.00764703 0.00764703
0.72892 0.27108 0.00765569 0.00765569
0.72892 0.27108 0.00765613 0.00765613
0.72903 0.27097 0.00764643 0.00764643
0.72908 0.27092 0.00764607 0.00764607
0.72911 0.27089 0.00764396 0.00764396
0.72915 0.27085 0.00765993 0.00765993
0.72913 0.27087 0.00766741 0.00766741
0.72914 0.27086 0.0076856 0.0076856
0.72922 0.27078 0.00767375 0.00767375
0.72918 0.27082 0.00768055 0.00768055
0.72916 0.27084 0.00768547 0.00768547
0.72918 0.27082 0.00768029 0.00768029
0.72923 0.27077 0.00768018 0.00768018
0.72931 0.27069 0.00767274 0.00767274
0.7294 0.2706 0.00766562 0.00766562
0.72942 0.27058 0.00766596 0.00766596
0.72944 0.27056 0.00767209 0.00767209
0.72942 0.27058 0.00767291 0.00767291
0.72946 0.27054 0.0076569 0.0076569
0.7295 0.2705 0.00764908 0.00764908
0.72954 0.27046 0.0076494 0.0076494
0.72958 0.27042 0.00764033 0.00764033
0.7296 0.2704 0.00764537 0.00764537
0.72961 0.27039 0.00763675 0.00763675
0.72959 0.27041 0.00764489 0.00764489
0.72964 0.27036 0.0076407 0.0076407
0.72958 0.27042 0.00764663 0.00764663
0.72958 0.27042 0.00764031 0.00764031
0.72956 0.27044 0.00764197 0.00764197
0.72959 0.27041 0.00763455 0.00763455
0.72961 0.27039 0.00763262 0.00763262
0.72957 0.27043 0.00764233 0.00764233
0.72952 0.27048 0.00764761 0.00764761
0.72957 0.27043 0.00764661 0.00764661
0.72956 0.27044 0.00765455 0.00765455
0.72955 0.27045 0.00764774 0.00764774
0.72954 0.27046 0.00766039 0.00766039
0.72955 0.27045 0.0076594 0.0076594
0.72955 0.27045 0.00765389 0.00765389
0.72953 0.27047 0.00766104 0.00766104
0.72953 0.27047 0.00766686 0.00766686
0.72952 0.27048 0.00767546 0.00767546
0.72954 0.27046 0.00767391 0.00767391
0.72954 0.27046 0.00767391 0.00767391
0.72958 0.27042 0.00766576 0.00766576
0.72966 0.27034 0.00765988 0.00765988
0.72968 0.27032 0.00766618 0.00766618
0.72969 0.27031 0.00766521 0.00766521
0.72968 0.27032 0.00765852 0.00765852
0.72967 0.27033 0.00766103 0.00766103
0.72969 0.27031 0.00766108 0.00766108
0.72969 0.27031 0.00766038 0.00766038
0.72969 0.27031 0.00765658 0.00765658
0.72971 0.27029 0.00765419 0.00765419
0.72972 0.27028 0.00764873 0.00764873
0.72976 0.27024 0.00764889 0.00764889
0.72981 0.27019 0.00764628 0.00764628
0.72982 0.27018 0.00764663 0.00764663
0.72978 0.27022 0.00765423 0.00765423
0.72982 0.27018 0.00764995 0.00764995
0.72983 0.27017 0.00764964 0.00764964
0.72984 0.27016 0.00764577 0.00764577
0.72984 0.27016 0.00764828 0.00764828
0.72984 0.27016 0.00764828 0.00764828
0.72982 0.27018 0.00765168 0.00765168
0.72981 0.27019 0.00765001 0.00765001
0.7298 0.2702 0.00765137 0.00765137
0.72981 0.27019 0.00765397 0.00765397
0.72982 0.27018 0.00765439 0.00765439
0.72982 0.27018 0.00765116 0.00765116
0.72981 0.27019 0.00764609 0.00764609
0.72981 0.27019 0.00764609 0.00764609
0.72981 0.27019 0.00764609 0.00764609
0.72981 0.27019 0.0076483 0.0076483
0.72981 0.27019 0.0076488 0.0076488
0.72982 0.27018 0.00764775 0.00764775
0.72981 0.27019 0.00764995 0.00764995
0.72981 0.27019 0.00764878 0.00764878
0.72983 0.27017 0.00764691 0.00764691
0.72982 0.27018 0.00765199 0.00765199
0.72981 0.27019 0.00765129 0.00765129
0.7298 0.2702 0.00765137 0.00765137
0.7298 0.2702 0.00765137 0.00765137
0.7298 0.2702 0.00765008 0.00765008
0.72979 0.27021 0.00765227 0.00765227
0.72978 0.27022 0.0076548 0.0076548
0.72979 0.27021 0.00765425 0.00765425
0.72979 0.27021 0.00765425 0.00765425
0.72981 0.27019 0.00765274 0.00765274
0.7298 0.2702 0.00765182 0.00765182
0.7298 0.2702 0.00765038 0.00765038
0.72981 0.27019 0.00764652 0.00764652
0.72983 0.27017 0.00764701 0.00764701
0.72984 0.27016 0.00764262 0.00764262
0.72984 0.27016 0.00764262 0.00764262
0.72983 0.27017 0.00764473 0.00764473
0.72982 0.27018 0.00764328 0.00764328
0.72983 0.27017 0.00764087 0.00764087
0.72984 0.27016 0.00764197 0.00764197
0.72984 0.27016 0.00764729 0.00764729
0.72983 0.27017 0.00764909 0.00764909
0.72984 0.27016 0.00764523 0.00764523
0.72982 0.27018 0.00764267 0.00764267
0.72982 0.27018 0.00764676 0.00764676
0.72981 0.27019 0.00764896 0.00764896
0.72983 0.27017 0.00764901 0.00764901
0.72982 0.27018 0.00764665 0.00764665
0.72982 0.27018 0.00764597 0.00764597
0.72984 0.27016 0.00764692 0.00764692
0.72986 0.27014 0.00764851 0.00764851
0.72986 0.27014 0.00764851 0.00764851
0.72984 0.27016 0.00765086 0.00765086
0.72984 0.27016 0.00765363 0.00765363
0.72982 0.27018 0.00765676 0.00765676
0.72983 0.27017 0.00765493 0.00765493
0.72983 0.27017 0.00765493 0.00765493
0.72984 0.27016 0.00765195 0.00765195
0.72985 0.27015 0.00765065 0.00765065
0.72985 0.27015 0.00765065 0.00765065
0.72985 0.27015 0.00765065 0.00765065
0.72984 0.27016 0.00764995 0.00764995
0.72984 0.27016 0.00764995 0.00764995
0.72985 0.27015 0.0076494 0.0076494
0.72986 0.27014 0.00765107 0.00765107
0.72987 0.27013 0.00765363 0.00765363
0.72986 0.27014 0.00765661 0.00765661
0.72988 0.27012 0.00765326 0.00765326
0.72989 0.27011 0.00765396 0.00765396
0.72989 0.27011 0.00765396 0.00765396
0.72989 0.27011 0.00765396 0.00765396
0.72989 0.27011 0.00765396 0.00765396
0.72989 0.27011 0.00765396 0.00765396
0.72989 0.27011 0.00765396 0.00765396
0.7299 0.2701 0.00765215 0.00765215
0.72989 0.27011 0.0076527 0.0076527
0.72988 0.27012 0.00765104 0.00765104
0.72988 0.27012 0.00765104 0.00765104
0.72988 0.27012 0.00764746 0.00764746
0.72988 0.27012 0.00764746 0.00764746
0.72988 0.27012 0.00764746 0.00764746
0.72988 0.27012 0.00764746 0.00764746
0.72988 0.27012 0.00765085 0.00765085
0.72987 0.27013 0.00765015 0.00765015
0.72986 0.27014 0.00765145 0.00765145
0.72986 0.27014 0.00765145 0.00765145
0.72988 0.27012 0.00765126 0.00765126
0.72988 0.27012 0.00765126 0.00765126
0.72988 0.27012 0.00765126 0.00765126
0.72988 0.27012 0.00765126 0.00765126
0.72988 0.27012 0.00765126 0.00765126
0.72988 0.27012 0.00765126 0.00765126
0.72988 0.27012 0.00765126 0.00765126
0.72988 0.27012 0.00765126 0.00765126
0.72988 0.27012 0.00765126 0.00765126
0.72987 0.27013 0.00765256 0.00765256
0.72987 0.27013 0.00765256 0.00765256
0.72987 0.27013 0.00765256 0.00765256
0.72987 0.27013 0.00765256 0.00765256
0.72988 0.27012 0.00765326 0.00765326
0.72989 0.27011 0.00765289 0.00765289
0.72989 0.27011 0.00765289 0.00765289
0.72989 0.27011 0.00765289 0.00765289
0.7299 0.2701 0.00765159 0.00765159
0.72989 0.27011 0.00765289 0.00765289
0.72989 0.27011 0.00765289 0.00765289
0.72989 0.27011 0.00765289 0.00765289
0.7299 0.2701 0.00765385 0.00765385
0.7299 0.2701 0.00765385 0.00765385
0.7299 0.2701 0.00765385 0.00765385
0.7299 0.2701 0.00765385 0.00765385
0.7299 0.2701 0.00765385 0.00765385
0.7299 0.2701 0.00765385 0.00765385
0.7299 0.2701 0.00765385 0.00765385
0.7299 0.2701 0.00765385 0.00765385
0.7299 0.2701 0.00765385 0.00765385
0.7299 0.2701 0.00765385 0.00765385
0.7299 0.2701 0.00765385 0.00765385
0.72991 0.27009 0.00765477 0.00765477
0.72991 0.27009 0.00765477 0.00765477
0.72991 0.27009 0.00765548 0.00765548
0.72991 0.27009 0.00765548 0.00765548
0.72991 0.27009 0.00765548 0.00765548
0.72991 0.27009 0.00765548 0.00765548
0.72991 0.27009 0.00765548 0.00765548
0.72991 0.27009 0.00765548 0.00765548
0.72991 0.27009 0.00765548 0.00765548
0.72991 0.27009 0.00765548 0.00765548
0.72991 0.27009 0.00765548 0.00765548
0.72992 0.27008 0.00765694 0.00765694
0.72992 0.27008 0.00765694 0.00765694
0.72992 0.27008 0.00765694 0.00765694
0.72992 0.27008 0.00765694 0.00765694
0.72993 0.27007 0.00765564 0.00765564
0.72993 0.27007 0.00765564 0.00765564
0.72993 0.27007 0.00765564 0.00765564
0.72993 0.27007 0.00765564 0.00765564
0.72993 0.27007 0.00765564 0.00765564
0.72992 0.27008 0.00765397 0.00765397
0.72992 0.27008 0.00765397 0.00765397
0.72992 0.27008 0.00765397 0.00765397
0.72992 0.27008 0.00765397 0.00765397
0.72991 0.27009 0.00765251 0.00765251
0.72991 0.27009 0.00765251 0.00765251
0.72991 0.27009 0.00765251 0.00765251
0.72991 0.27009 0.00765251 0.00765251
0.72991 0.27009 0.00765251 0.00765251
0.72992 0.27008 0.00765258 0.00765258
0.72992 0.27008 0.00765258 0.00765258
0.72992 0.27008 0.00765258 0.00765258
0.72992 0.27008 0.00765258 0.00765258
0.72993 0.27007 0.00765425 0.00765425
0.72993 0.27007 0.00765425 0.00765425
0.72993 0.27007 0.00765425 0.00765425
0.72993 0.27007 0.00765425 0.00765425
0.72993 0.27007 0.00765425 0.00765425
0.72993 0.27007 0.00765425 0.00765425
0.72993 0.27007 0.00765425 0.00765425
0.72993 0.27007 0.00765425 0.00765425
0.72993 0.27007 0.00765425 0.00765425
0.72994 0.27006 0.00765521 0.00765521
0.72994 0.27006 0.00765521 0.00765521
0.72994 0.27006 0.00765521 0.00765521
0.72994 0.27006 0.00765521 0.00765521
0.72994 0.27006 0.00765521 0.00765521
0.72994 0.27006 0.00765521 0.00765521
0.72994 0.27006 0.00765501 0.00765501
0.72994 0.27006 0.00765361 0.00765361
0.72995 0.27005 0.00765528 0.00765528
0.72995 0.27005 0.00765528 0.00765528
0.72996 0.27004 0.00765675 0.00765675
0.72996 0.27004 0.00765675 0.00765675
0.72996 0.27004 0.00765675 0.00765675
0.72996 0.27004 0.00765675 0.00765675
0.72996 0.27004 0.00765675 0.00765675
0.72996 0.27004 0.00765675 0.00765675
0.72995 0.27005 0.00765667 0.00765667
0.72996 0.27004 0.00765883 0.00765883
0.72996 0.27004 0.00765883 0.00765883
0.72996 0.27004 0.00765883 0.00765883
0.72996 0.27004 0.00765883 0.00765883
0.72996 0.27004 0.00765883 0.00765883
0.72996 0.27004 0.00765883 0.00765883
0.72996 0.27004 0.00765883 0.00765883
0.72995 0.27005 0.00765716 0.00765716
0.72995 0.27005 0.00765716 0.00765716
0.72995 0.27005 0.00765716 0.00765716
0.72995 0.27005 0.00765716 0.00765716
0.72995 0.27005 0.00765716 0.00765716
0.72996 0.27004 0.00765838 0.00765838
0.72996 0.27004 0.00765838 0.00765838
0.72996 0.27004 0.00765838 0.00765838
0.72996 0.27004 0.00765838 0.00765838
0.72996 0.27004 0.00765838 0.00765838
0.72996 0.27004 0.00765838 0.00765838
0.72996 0.27004 0.00765838 0.00765838
0.72996 0.27004 0.00765838 0.00765838
0.72997 0.27003 0.00766005 0.00766005
0.72996 0.27004 0.00765883 0.00765883
0.72996 0.27004 0.00765883 0.00765883
0.72996 0.27004 0.00765883 0.00765883
0.72996 0.27004 0.00765883 0.00765883
0.72996 0.27004 0.00765883 0.00765883
0.72996 0.27004 0.00765883 0.00765883
0.72995 0.27005 0.00765716 0.00765716
0.72995 0.27005 0.00765716 0.00765716
0.72995 0.27005 0.00765716 0.00765716
0.72995 0.27005 0.00765716 0.00765716
0.72995 0.27005 0.00765716 0.00765716
0.72995 0.27005 0.00765716 0.00765716
0.72995 0.27005 0.00765716 0.00765716
0.72995 0.27005 0.00765716 0.00765716
0.72995 0.27005 0.00765716 0.00765716
0.72995 0.27005 0.00765716 0.00765716
0.72996 0.27004 0.00765933 0.00765933
0.72995 0.27005 0.00765716 0.00765716
0.72995 0.27005 0.00765716 0.00765716
0.72995 0.27005 0.00765716 0.00765716
0.72995 0.27005 0.00765716 0.00765716
0.72995 0.27005 0.00765716 0.00765716
0.72995 0.27005 0.00765716 0.00765716
0.72995 0.27005 0.00765716 0.00765716
0.72995 0.27005 0.00765716 0.00765716
0.72995 0.27005 0.00765716 0.00765716
0.72995 0.27005 0.00765716 0.00765716
0.72996 0.27004 0.00765883 0.00765883
0.72997 0.27003 0.00766029 0.00766029
0.72996 0.27004 0.00765883 0.00765883
0.72996 0.27004 0.00765883 0.00765883
0.72996 0.27004 0.00765883 0.00765883
0.72996 0.27004 0.00765883 0.00765883
0.72997 0.27003 0.00766029 0.00766029
0.72997 0.27003 0.00766029 0.00766029
0.72997 0.27003 0.00766029 0.00766029
0.72997 0.27003 0.00766029 0.00766029
0.72997 0.27003 0.00766029 0.00766029
0.72997 0.27003 0.00766029 0.00766029
0.72997 0.27003 0.00766029 0.00766029
0.72997 0.27003 0.00766029 0.00766029
0.72998 0.27002 0.00766151 0.00766151
0.72998 0.27002 0.00766151 0.00766151
0.72998 0.27002 0.00766151 0.00766151
0.72998 0.27002 0.00766151 0.00766151
0.72997 0.27003 0.00766029 0.00766029
0.72997 0.27003 0.00766029 0.00766029
0.72998 0.27002 0.00766151 0.00766151
0.72998 0.27002 0.00766151 0.00766151
0.72996 0.27004 0.00765862 0.00765862
0.72996 0.27004 0.00765862 0.00765862
0.72996 0.27004 0.00765862 0.00765862
0.72996 0.27004 0.00765862 0.00765862
0.72996 0.27004 0.00765862 0.00765862
0.72996 0.27004 0.00765862 0.00765862
0.72996 0.27004 0.00765862 0.00765862
0.72996 0.27004 0.00765862 0.00765862
0.72996 0.27004 0.00765862 0.00765862
0.72996 0.27004 0.00765862 0.00765862
0.72996 0.27004 0.00765862 0.00765862
0.72996 0.27004 0.00765862 0.00765862
0.72996 0.27004 0.00765862 0.00765862
0.72996 0.27004 0.00765862 0.00765862
0.72996 0.27004 0.00765862 0.00765862
0.72996 0.27004 0.00765862 0.00765862
0.72996 0.27004 0.00765862 0.00765862
0.72996 0.27004 0.00765862 0.00765862
0.72996 0.27004 0.00765862 0.00765862
0.72996 0.27004 0.00765862 0.00765862
0.72996 0.27004 0.00765862 0.00765862
0.72996 0.27004 0.00765862 0.00765862
0.72997 0.27003 0.0076587 0.0076587
0.72997 0.27003 0.0076587 0.0076587
0.72996 0.27004 0.00765862 0.00765862
0.72996 0.27004 0.00765862 0.00765862
0.72996 0.27004 0.00765862 0.00765862
0.72996 0.27004 0.00765862 0.00765862
0.72996 0.27004 0.00765862 0.00765862
0.72996 0.27004 0.00765862 0.00765862
0.72997 0.27003 0.0076608 0.0076608
0.72997 0.27003 0.0076608 0.0076608
0.72997 0.27003 0.0076608 0.0076608
0.72997 0.27003 0.0076608 0.0076608
0.72997 0.27003 0.0076608 0.0076608
0.72997 0.27003 0.0076608 0.0076608
0.72998 0.27002 0.00766087 0.00766087
0.72998 0.27002 0.00766087 0.00766087
0.72998 0.27002 0.00766087 0.00766087
0.72998 0.27002 0.00766087 0.00766087
0.72998 0.27002 0.00766087 0.00766087
0.72998 0.27002 0.00766087 0.00766087
0.72998 0.27002 0.00766246 0.00766246
0.72998 0.27002 0.00766246 0.00766246
0.72998 0.27002 0.00766246 0.00766246
0.72998 0.27002 0.00766246 0.00766246
0.72998 0.27002 0.00766246 0.00766246
0.72998 0.27002 0.00766246 0.00766246
0.72998 0.27002 0.00766246 0.00766246
0.72998 0.27002 0.00766246 0.00766246
0.72998 0.27002 0.00766246 0.00766246
0.72998 0.27002 0.00766246 0.00766246
0.72998 0.27002 0.00766246 0.00766246
0.72998 0.27002 0.00766246 0.00766246
0.72998 0.27002 0.00766246 0.00766246
0.72998 0.27002 0.00766246 0.00766246
0.72998 0.27002 0.00766246 0.00766246
0.72998 0.27002 0.00766246 0.00766246
0.72998 0.27002 0.00766246 0.00766246
0.72998 0.27002 0.00766246 0.00766246
0.72998 0.27002 0.00766246 0.00766246
0.72998 0.27002 0.00766246 0.00766246
0.72998 0.27002 0.00766246 0.00766246
0.72998 0.27002 0.00766246 0.00766246
0.72998 0.27002 0.00766246 0.00766246
0.72998 0.27002 0.00766246 0.00766246
0.72998 0.27002 0.00766246 0.00766246
0.72998 0.27002 0.00766246 0.00766246
0.72998 0.27002 0.00766246 0.00766246
0.72998 0.27002 0.00766246 0.00766246
0.72998 0.27002 0.00766246 0.00766246
0.72998 0.27002 0.00766246 0.00766246
0.72999 0.27001 0.00766254 0.00766254
0.72999 0.27001 0.00766254 0.00766254
0.72999 0.27001 0.00766254 0.00766254
0.72999 0.27001 0.00766254 0.00766254
0.72999 0.27001 0.00766254 0.00766254
0.72999 0.27001 0.00766254 0.00766254
0.72999 0.27001 0.00766254 0.00766254
0.72999 0.27001 0.00766254 0.00766254
0.72999 0.27001 0.00766254 0.00766254
0.72999 0.27001 0.00766254 0.00766254
0.72999 0.27001 0.00766254 0.00766254
0.72999 0.27001 0.00766254 0.00766254
0.72999 0.27001 0.00766254 0.00766254
0.72999 0.27001 0.00766254 0.00766254
0.72999 0.27001 0.00766254 0.00766254
0.72999 0.27001 0.00766254 0.00766254
0.72999 0.27001 0.00766254 0.00766254
0.72999 0.27001 0.00766254 0.00766254
0.72999 0.27001 0.00766254 0.00766254
0.72999 0.27001 0.00766254 0.00766254
