0.54954 0.45046 0.000782049 0.000782049
0.54943 0.45057 0.000801561 0.000801561
0.54985 0.45015 0.000893078 0.000893078
0.54985 0.45015 0.000949078 0.000949078
0.54943 0.45057 0.00110384 0.00110384
0.54924 0.45076 0.00121083 0.00121083
0.55036 0.44964 0.00130973 0.00130973
0.55039 0.44961 0.00135483 0.00135483
0.5496 0.4504 0.00149386 0.00149386
0.54841 0.45159 0.00160198 0.00160198
0.54885 0.45115 0.00167599 0.00167599
0.54945 0.45055 0.00185197 0.00185197
0.54994 0.45006 0.00183097 0.00183097
0.54911 0.45089 0.00192412 0.00192412
0.54799 0.45201 0.00198732 0.00198732
0.5474 0.4526 0.00199234 0.00199234
0.54841 0.45159 0.00205732 0.00205732
0.54869 0.45131 0.00212749 0.00212749
0.54793 0.45207 0.00216621 0.00216621
0.54833 0.45167 0.00208051 0.00208051
0.54894 0.45106 0.00207953 0.00207953
0.54883 0.45117 0.00211119 0.00211119
0.54969 0.45031 0.00214448 0.00214448
0.5493 0.4507 0.00219219 0.00219219
0.54955 0.45045 0.00210049 0.00210049
0.54937 0.45063 0.00208989 0.00208989
0.54913 0.45087 0.0021766 0.0021766
0.54821 0.45179 0.00210037 0.00210037
0.54801 0.45199 0.00210837 0.00210837
0.54785 0.45215 0.00213118 0.00213118
0.54674 0.45326 0.00214686 0.00214686
0.54638 0.45362 0.00210703 0.00210703
0.54756 0.45244 0.00206873 0.00206873
0.54785 0.45215 0.00209544 0.00209544
0.54826 0.45174 0.00211975 0.00211975
0.54861 0.45139 0.00206497 0.00206497
0.54808 0.45192 0.00201418 0.00201418
0.54819 0.45181 0.0021365 0.0021365
0.5491 0.4509 0.00214399 0.00214399
0.54859 0.45141 0.0021503 0.0021503
0.54899 0.45101 0.00229666 0.00229666
0.54833 0.45167 0.00220432 0.00220432
0.54778 0.45222 0.00215399 0.00215399
0.54774 0.45226 0.00220032 0.00220032
0.54724 0.45276 0.00219424 0.00219424
0.54726 0.45274 0.00214937 0.00214937
0.54669 0.45331 0.00208947 0.00208947
0.54759 0.45241 0.00199946 0.00199946
0.54645 0.45355 0.00202296 0.00202296
0.54513 0.45487 0.00204121 0.00204121
0.54479 0.45521 0.00211724 0.00211724
0.54559 0.45441 0.00217635 0.00217635
0.54588 0.45412 0.00217279 0.00217279
0.54617 0.45383 0.00213117 0.00213117
0.54546 0.45454 0.00205209 0.00205209
0.54527 0.45473 0.00203064 0.00203064
0.54627 0.45373 0.00208341 0.00208341
0.54651 0.45349 0.00203189 0.00203189
0.54651 0.45349 0.00209654 0.00209654
0.54735 0.45265 0.00214239 0.00214239
0.5469 0.4531 0.00204856 0.00204856
0.54653 0.45347 0.00211546 0.00211546
0.54549 0.45451 0.00212508 0.00212508
0.54557 0.45443 0.00225586 0.00225586
0.5452 0.4548 0.00231216 0.00231216
0.54486 0.45514 0.00233986 0.00233986
0.54539 0.45461 0.00231592 0.00231592
0.54592 0.45408 0.00249638 0.00249638
0.54616 0.45384 0.00245573 0.00245573
0.54577 0.45423 0.00237731 0.00237731
0.54668 0.45332 0.00241812 0.00241812
0.54648 0.45352 0.00234555 0.00234555
0.54627 0.45373 0.00225214 0.00225214
0.54701 0.45299 0.00229167 0.00229167
0.54643 0.45357 0.00231879 0.00231879
0.54804 0.45196 0.00231862 0.00231862
0.5471 0.4529 0.00234205 0.00234205
0.54854 0.45146 0.00227292 0.00227292
0.5484 0.4516 0.00218697 0.00218697
0.54894 0.45106 0.00221917 0.00221917
0.54992 0.45008 0.00226783 0.00226783
0.54936 0.45064 0.0021714 0.0021714
0.54884 0.45116 0.00209884 0.00209884
0.5501 0.4499 0.00203876 0.00203876
0.55028 0.44972 0.00211641 0.00211641
0.55044 0.44956 0.00217233 0.00217233
0.54914 0.45086 0.00217632 0.00217632
0.54891 0.45109 0.00216901 0.00216901
0.54956 0.45044 0.00215148 0.00215148
0.54915 0.45085 0.00212932 0.00212932
0.54979 0.45021 0.00206433 0.00206433
0.54919 0.45081 0.00223797 0.00223797
0.54883 0.45117 0.00231479 0.00231479
0.54888 0.45112 0.0023136 0.0023136
0.54896 0.45104 0.00220289 0.00220289
0.54917 0.45083 0.00220758 0.00220758
0.54949 0.45051 0.00224967 0.00224967
0.54927 0.45073 0.00210169 0.00210169
0.5498 0.4502 0.00211291 0.00211291
0.54989 0.45011 0.00203301 0.00203301
0.55045 0.44955 0.0021613 0.0021613
0.55134 0.44866 0.00217079 0.00217079
0.55045 0.44955 0.00226298 0.00226298
0.55098 0.44902 0.00231891 0.00231891
0.55083 0.44917 0.00231956 0.00231956
0.55035 0.44965 0.00228772 0.00228772
0.54942 0.45058 0.00230621 0.00230621
0.54908 0.45092 0.00233517 0.00233517
0.54982 0.45018 0.00238308 0.00238308
0.55016 0.44984 0.00230309 0.00230309
0.54922 0.45078 0.00221189 0.00221189
0.54867 0.45133 0.00224808 0.00224808
0.54921 0.45079 0.00223696 0.00223696
0.54814 0.45186 0.002332 0.002332
0.54736 0.45264 0.00241157 0.00241157
0.54679 0.45321 0.00247007 0.00247007
0.54751 0.45249 0.0024346 0.0024346
0.54866 0.45134 0.00239182 0.00239182
0.54908 0.45092 0.00243341 0.00243341
0.5488 0.4512 0.00231972 0.00231972
0.55037 0.44963 0.00240159 0.00240159
0.54988 0.45012 0.00250186 0.00250186
0.55005 0.44995 0.00241401 0.00241401
0.55033 0.44967 0.00240303 0.00240303
0.55089 0.44911 0.00236523 0.00236523
0.55035 0.44965 0.00242352 0.00242352
0.55049 0.44951 0.00246389 0.00246389
0.55043 0.44957 0.00250211 0.00250211
0.55116 0.44884 0.00258377 0.00258377
0.55222 0.44778 0.00258672 0.00258672
0.55119 0.44881 0.00260563 0.00260563
0.55233 0.44767 0.00255915 0.00255915
0.55262 0.44738 0.00251143 0.00251143
0.55168 0.44832 0.00246735 0.00246735
0.55117 0.44883 0.00263069 0.00263069
0.55058 0.44942 0.00268287 0.00268287
0.54962 0.45038 0.00262543 0.00262543
0.54858 0.45142 0.0026659 0.0026659
0.54808 0.45192 0.00289971 0.00289971
0.54887 0.45113 0.00275751 0.00275751
0.54882 0.45118 0.00279348 0.00279348
0.54884 0.45116 0.00275321 0.00275321
0.5482 0.4518 0.00276675 0.00276675
0.54801 0.45199 0.00274425 0.00274425
0.54847 0.45153 0.00272292 0.00272292
0.54891 0.45109 0.00275146 0.00275146
0.54887 0.45113 0.00277304 0.00277304
0.54853 0.45147 0.00276074 0.00276074
0.54854 0.45146 0.00274241 0.00274241
0.54936 0.45064 0.00268815 0.00268815
0.54974 0.45026 0.00272547 0.00272547
0.54954 0.45046 0.00280916 0.00280916
0.54844 0.45156 0.00289734 0.00289734
0.54776 0.45224 0.00281033 0.00281033
0.5478 0.4522 0.00285156 0.00285156
0.54879 0.45121 0.0028215 0.0028215
0.54832 0.45168 0.00289951 0.00289951
0.54817 0.45183 0.00278598 0.00278598
0.54765 0.45235 0.00276993 0.00276993
0.54661 0.45339 0.00271384 0.00271384
0.54696 0.45304 0.00262024 0.00262024
0.54727 0.45273 0.00257444 0.00257444
0.54768 0.45232 0.00257109 0.00257109
0.54781 0.45219 0.00256228 0.00256228
0.54748 0.45252 0.00264656 0.00264656
0.54765 0.45235 0.00262336 0.00262336
0.54854 0.45146 0.00270437 0.00270437
0.54888 0.45112 0.0027433 0.0027433
0.54848 0.45152 0.00274985 0.00274985
0.54822 0.45178 0.00281898 0.00281898
0.54799 0.45201 0.00296817 0.00296817
0.54843 0.45157 0.00291491 0.00291491
0.54896 0.45104 0.00287307 0.00287307
0.54919 0.45081 0.00294131 0.00294131
0.54974 0.45026 0.00293306 0.00293306
0.54917 0.45083 0.00291043 0.00291043
0.54955 0.45045 0.00283251 0.00283251
0.54991 0.45009 0.00282738 0.00282738
0.55014 0.44986 0.00278626 0.00278626
0.55052 0.44948 0.00281124 0.00281124
0.54911 0.45089 0.00287592 0.00287592
0.54865 0.45135 0.00300328 0.00300328
0.54852 0.45148 0.00305245 0.00305245
0.54873 0.45127 0.0029838 0.0029838
0.54886 0.45114 0.00299602 0.00299602
0.54941 0.45059 0.00302372 0.00302372
0.54944 0.45056 0.00308356 0.00308356
0.54921 0.45079 0.00299136 0.00299136
0.54913 0.45087 0.00296898 0.00296898
0.54922 0.45078 0.00288809 0.00288809
0.54884 0.45116 0.00284488 0.00284488
0.54821 0.45179 0.00282481 0.00282481
0.54905 0.45095 0.00298764 0.00298764
0.54821 0.45179 0.0029711 0.0029711
0.54917 0.45083 0.00291685 0.00291685
0.54987 0.45013 0.00293086 0.00293086
0.55051 0.44949 0.00288243 0.00288243
0.55 0.45 0.0028417 0.0028417
0.55054 0.44946 0.00289851 0.00289851
0.55033 0.44967 0.00285154 0.00285154
0.5505 0.4495 0.00284203 0.00284203
0.5515 0.4485 0.00275195 0.00275195
0.55193 0.44807 0.00277259 0.00277259
0.55146 0.44854 0.00279419 0.00279419
0.55003 0.44997 0.00286504 0.00286504
0.55045 0.44955 0.00302512 0.00302512
0.55165 0.44835 0.00303395 0.00303395
0.55127 0.44873 0.00296517 0.00296517
0.55014 0.44986 0.00302378 0.00302378
0.55056 0.44944 0.00308982 0.00308982
0.5503 0.4497 0.00319904 0.00319904
0.55055 0.44945 0.00328498 0.00328498
0.55067 0.44933 0.00334293 0.00334293
0.54975 0.45025 0.00339195 0.00339195
0.54965 0.45035 0.00340348 0.00340348
0.54892 0.45108 0.00337448 0.00337448
0.54938 0.45062 0.00334418 0.00334418
0.54904 0.45096 0.00329774 0.00329774
0.54903 0.45097 0.00332534 0.00332534
0.54913 0.45087 0.00330874 0.00330874
0.54963 0.45037 0.00332609 0.00332609
0.55007 0.44993 0.00329528 0.00329528
0.54906 0.45094 0.00335808 0.00335808
0.5495 0.4505 0.00331957 0.00331957
0.54999 0.45001 0.003443 0.003443
0.55011 0.44989 0.00334505 0.00334505
0.55052 0.44948 0.00333787 0.00333787
0.55028 0.44972 0.00338938 0.00338938
0.55017 0.44983 0.00344509 0.00344509
0.54928 0.45072 0.00343463 0.00343463
0.54974 0.45026 0.00343284 0.00343284
0.54923 0.45077 0.00340517 0.00340517
0.54948 0.45052 0.00336512 0.00336512
0.54874 0.45126 0.0034386 0.0034386
0.54892 0.45108 0.00342743 0.00342743
0.54829 0.45171 0.00350215 0.00350215
0.54811 0.45189 0.00354792 0.00354792
0.54824 0.45176 0.00358673 0.00358673
0.54811 0.45189 0.00371208 0.00371208
0.54813 0.45187 0.00363508 0.00363508
0.54873 0.45127 0.00354196 0.00354196
0.54861 0.45139 0.00368446 0.00368446
0.54884 0.45116 0.00366022 0.00366022
0.54835 0.45165 0.00358999 0.00358999
0.548 0.452 0.00356899 0.00356899
0.54856 0.45144 0.00359787 0.00359787
0.54762 0.45238 0.00353939 0.00353939
0.54825 0.45175 0.00342249 0.00342249
0.54825 0.45175 0.00350312 0.00350312
0.54854 0.45146 0.00355057 0.00355057
0.54817 0.45183 0.00375988 0.00375988
0.54968 0.45032 0.00384812 0.00384812
0.55136 0.44864 0.00372623 0.00372623
0.5511 0.4489 0.00366819 0.00366819
0.55084 0.44916 0.00365909 0.00365909
0.5507 0.4493 0.00356243 0.00356243
0.55104 0.44896 0.00365596 0.00365596
0.55089 0.44911 0.00361772 0.00361772
0.54964 0.45036 0.00372225 0.00372225
0.54945 0.45055 0.00377405 0.00377405
0.54992 0.45008 0.00372327 0.00372327
0.54941 0.45059 0.0036916 0.0036916
0.54977 0.45023 0.00372747 0.00372747
0.54903 0.45097 0.00371651 0.00371651
0.54942 0.45058 0.00371085 0.00371085
0.55022 0.44978 0.00374557 0.00374557
0.54998 0.45002 0.00383119 0.00383119
0.55002 0.44998 0.00377661 0.00377661
0.55119 0.44881 0.00383652 0.00383652
0.55071 0.44929 0.00399279 0.00399279
0.55093 0.44907 0.00411142 0.00411142
0.54951 0.45049 0.00422565 0.00422565
0.54953 0.45047 0.00419946 0.00419946
0.55007 0.44993 0.00409126 0.00409126
0.54956 0.45044 0.0040013 0.0040013
0.54903 0.45097 0.00399771 0.00399771
0.54866 0.45134 0.00390673 0.00390673
0.54807 0.45193 0.00386508 0.00386508
0.54773 0.45227 0.00393519 0.00393519
0.54846 0.45154 0.00384769 0.00384769
0.54896 0.45104 0.00379806 0.00379806
0.54961 0.45039 0.00388879 0.00388879
0.54994 0.45006 0.0038383 0.0038383
0.54895 0.45105 0.0039555 0.0039555
0.54863 0.45137 0.00398298 0.00398298
0.54873 0.45127 0.00402262 0.00402262
0.54859 0.45141 0.00409374 0.00409374
0.54769 0.45231 0.00413242 0.00413242
0.54722 0.45278 0.00415749 0.00415749
0.54796 0.45204 0.00422206 0.00422206
0.54802 0.45198 0.00409826 0.00409826
0.54828 0.45172 0.00402851 0.00402851
0.54798 0.45202 0.00406404 0.00406404
0.54816 0.45184 0.00415258 0.00415258
0.54918 0.45082 0.00391304 0.00391304
0.54995 0.45005 0.00397526 0.00397526
0.54996 0.45004 0.00403768 0.00403768
0.5487 0.4513 0.00396462 0.00396462
0.54924 0.45076 0.00398875 0.00398875
0.54931 0.45069 0.00393874 0.00393874
0.549 0.451 0.00370222 0.00370222
0.54946 0.45054 0.00385605 0.00385605
0.55105 0.44895 0.00388736 0.00388736
0.55183 0.44817 0.00390929 0.00390929
0.55206 0.44794 0.00404614 0.00404614
0.5519 0.4481 0.00405932 0.00405932
0.55178 0.44822 0.00404898 0.00404898
0.55112 0.44888 0.00421813 0.00421813
0.55094 0.44906 0.00403644 0.00403644
0.54979 0.45021 0.00402552 0.00402552
0.5496 0.4504 0.00392283 0.00392283
0.5506 0.4494 0.00393669 0.00393669
0.54977 0.45023 0.00385276 0.00385276
0.55012 0.44988 0.00395417 0.00395417
0.54952 0.45048 0.00393203 0.00393203
0.54939 0.45061 0.0040487 0.0040487
0.54946 0.45054 0.00407781 0.00407781
0.54952 0.45048 0.00398621 0.00398621
0.5496 0.4504 0.00392998 0.00392998
0.54971 0.45029 0.00409207 0.00409207
0.55011 0.44989 0.00422939 0.00422939
0.55098 0.44902 0.00425509 0.00425509
0.55076 0.44924 0.00434893 0.00434893
0.55195 0.44805 0.00437241 0.00437241
0.55179 0.44821 0.00424732 0.00424732
0.55326 0.44674 0.00422127 0.00422127
0.55321 0.44679 0.00416613 0.00416613
0.55193 0.44807 0.00431522 0.00431522
0.5524 0.4476 0.00427145 0.00427145
0.55213 0.44787 0.00430923 0.00430923
0.55085 0.44915 0.00426209 0.00426209
0.55032 0.44968 0.00418077 0.00418077
0.55038 0.44962 0.00428121 0.00428121
0.54928 0.45072 0.00428711 0.00428711
0.54938 0.45062 0.00436699 0.00436699
0.54881 0.45119 0.00423838 0.00423838
0.54853 0.45147 0.00425803 0.00425803
0.54801 0.45199 0.00422126 0.00422126
0.54868 0.45132 0.00433717 0.00433717
0.54881 0.45119 0.00438416 0.00438416
0.54891 0.45109 0.00417982 0.00417982
0.54856 0.45144 0.00413538 0.00413538
0.54794 0.45206 0.00420062 0.00420062
0.54733 0.45267 0.00407186 0.00407186
0.54834 0.45166 0.00413716 0.00413716
0.54878 0.45122 0.00422906 0.00422906
0.54822 0.45178 0.00428559 0.00428559
0.54842 0.45158 0.0043216 0.0043216
0.54794 0.45206 0.00437307 0.00437307
0.54724 0.45276 0.00449697 0.00449697
0.5483 0.4517 0.00444318 0.00444318
0.54763 0.45237 0.00424888 0.00424888
0.54813 0.45187 0.00425963 0.00425963
0.54722 0.45278 0.00420252 0.00420252
0.54783 0.45217 0.00416081 0.00416081
0.54844 0.45156 0.00408053 0.00408053
0.54787 0.45213 0.00427797 0.00427797
0.54778 0.45222 0.00419599 0.00419599
0.54875 0.45125 0.00432231 0.00432231
0.54828 0.45172 0.00425194 0.00425194
0.54883 0.45117 0.00434481 0.00434481
0.54811 0.45189 0.00441735 0.00441735
0.54858 0.45142 0.00444663 0.00444663
0.54942 0.45058 0.0045514 0.0045514
0.54943 0.45057 0.00440788 0.00440788
0.54935 0.45065 0.00451112 0.00451112
0.54939 0.45061 0.00436965 0.00436965
0.54905 0.45095 0.00456774 0.00456774
0.54939 0.45061 0.00460456 0.00460456
0.5499 0.4501 0.00452696 0.00452696
0.54922 0.45078 0.00445712 0.00445712
0.54957 0.45043 0.00435788 0.00435788
0.54882 0.45118 0.00438326 0.00438326
0.54824 0.45176 0.00435604 0.00435604
0.54838 0.45162 0.00445781 0.00445781
0.54847 0.45153 0.00447837 0.00447837
0.54865 0.45135 0.00450201 0.00450201
0.54863 0.45137 0.00448159 0.00448159
0.54841 0.45159 0.00441045 0.00441045
0.54975 0.45025 0.00446556 0.00446556
0.55018 0.44982 0.00442546 0.00442546
0.55168 0.44832 0.00451198 0.00451198
0.55094 0.44906 0.00451808 0.00451808
0.55019 0.44981 0.00451139 0.00451139
0.54918 0.45082 0.0045237 0.0045237
0.54877 0.45123 0.00456289 0.00456289
0.54943 0.45057 0.00444485 0.00444485
0.54925 0.45075 0.00468896 0.00468896
0.54925 0.45075 0.00474522 0.00474522
0.54928 0.45072 0.00471639 0.00471639
0.54928 0.45072 0.00480695 0.00480695
0.54964 0.45036 0.00473835 0.00473835
0.54888 0.45112 0.00468255 0.00468255
0.54853 0.45147 0.00462146 0.00462146
0.54822 0.45178 0.00459294 0.00459294
0.54703 0.45297 0.00459457 0.00459457
0.54753 0.45247 0.00455563 0.00455563
0.54739 0.45261 0.00474943 0.00474943
0.54698 0.45302 0.00473273 0.00473273
0.54713 0.45287 0.00477874 0.00477874
0.54793 0.45207 0.00468889 0.00468889
0.54821 0.45179 0.0045439 0.0045439
0.54911 0.45089 0.00453454 0.00453454
0.54819 0.45181 0.00451672 0.00451672
0.54786 0.45214 0.00460915 0.00460915
0.54804 0.45196 0.00454012 0.00454012
0.54812 0.45188 0.00451144 0.00451144
0.54728 0.45272 0.00436841 0.00436841
0.54695 0.45305 0.00431166 0.00431166
0.54804 0.45196 0.00438535 0.00438535
0.54721 0.45279 0.0044179 0.0044179
0.54676 0.45324 0.00429839 0.00429839
0.54533 0.45467 0.00434382 0.00434382
0.54605 0.45395 0.00421639 0.00421639
0.54793 0.45207 0.00420374 0.00420374
0.54854 0.45146 0.00415603 0.00415603
0.54841 0.45159 0.0040778 0.0040778
0.54828 0.45172 0.00408105 0.00408105
0.54743 0.45257 0.00423409 0.00423409
0.54749 0.45251 0.00425692 0.00425692
0.54801 0.45199 0.00435738 0.00435738
0.54807 0.45193 0.00447102 0.00447102
0.54921 0.45079 0.00435778 0.00435778
0.54898 0.45102 0.0044017 0.0044017
0.54896 0.45104 0.00457137 0.00457137
0.54829 0.45171 0.00457483 0.00457483
0.5474 0.4526 0.00457131 0.00457131
0.54818 0.45182 0.00462055 0.00462055
0.5484 0.4516 0.0046397 0.0046397
0.54827 0.45173 0.00459214 0.00459214
0.54849 0.45151 0.00477373 0.00477373
0.54888 0.45112 0.00470411 0.00470411
0.54922 0.45078 0.00461862 0.00461862
0.54951 0.45049 0.00457783 0.00457783
0.54929 0.45071 0.00469724 0.00469724
0.54983 0.45017 0.00460107 0.00460107
0.54981 0.45019 0.00466407 0.00466407
0.54979 0.45021 0.00453964 0.00453964
0.54954 0.45046 0.00456114 0.00456114
0.54946 0.45054 0.00473476 0.00473476
0.54962 0.45038 0.00469434 0.00469434
0.54888 0.45112 0.00471069 0.00471069
0.54846 0.45154 0.00448817 0.00448817
0.54795 0.45205 0.00451987 0.00451987
0.54809 0.45191 0.00459727 0.00459727
0.54857 0.45143 0.00469156 0.00469156
0.54826 0.45174 0.00472278 0.00472278
0.54806 0.45194 0.00475527 0.00475527
0.54769 0.45231 0.00482547 0.00482547
0.54758 0.45242 0.00469992 0.00469992
0.54886 0.45114 0.0046455 0.0046455
0.54873 0.45127 0.00473792 0.00473792
0.54812 0.45188 0.00466633 0.00466633
0.54813 0.45187 0.00476664 0.00476664
0.54797 0.45203 0.00489369 0.00489369
0.54838 0.45162 0.00479038 0.00479038
0.54866 0.45134 0.00473918 0.00473918
0.54787 0.45213 0.00482723 0.00482723
0.54788 0.45212 0.00484578 0.00484578
0.54723 0.45277 0.00475048 0.00475048
0.54769 0.45231 0.00473636 0.00473636
0.54724 0.45276 0.00492808 0.00492808
0.54804 0.45196 0.00495081 0.00495081
0.54844 0.45156 0.0048456 0.0048456
0.54907 0.45093 0.00503504 0.00503504
0.54934 0.45066 0.00507495 0.00507495
0.55031 0.44969 0.00496367 0.00496367
0.55066 0.44934 0.00516833 0.00516833
0.55 0.45 0.0051819 0.0051819
0.5499 0.4501 0.00505348 0.00505348
0.54956 0.45044 0.00491859 0.00491859
0.54945 0.45055 0.00483815 0.00483815
0.54975 0.45025 0.00478473 0.00478473
0.54799 0.45201 0.0047609 0.0047609
0.54837 0.45163 0.00471377 0.00471377
0.54864 0.45136 0.00485829 0.00485829
0.54861 0.45139 0.00485889 0.00485889
0.54836 0.45164 0.00485407 0.00485407
0.54692 0.45308 0.00496444 0.00496444
0.54716 0.45284 0.00495123 0.00495123
0.54817 0.45183 0.00495647 0.00495647
0.54725 0.45275 0.00482847 0.00482847
0.54735 0.45265 0.0047815 0.0047815
0.54779 0.45221 0.0048119 0.0048119
0.54866 0.45134 0.00477184 0.00477184
0.5485 0.4515 0.00475641 0.00475641
0.54729 0.45271 0.00478239 0.00478239
0.54828 0.45172 0.00467669 0.00467669
0.54898 0.45102 0.00443594 0.00443594
0.54814 0.45186 0.00443584 0.00443584
0.54777 0.45223 0.00436165 0.00436165
0.54839 0.45161 0.00447905 0.00447905
0.54861 0.45139 0.00454808 0.00454808
0.54762 0.45238 0.00463769 0.00463769
0.54692 0.45308 0.00473193 0.00473193
0.54623 0.45377 0.00461919 0.00461919
0.54684 0.45316 0.00454234 0.00454234
0.54706 0.45294 0.00465262 0.00465262
0.54722 0.45278 0.004629 0.004629
0.54794 0.45206 0.00466919 0.00466919
