0.69381 0.30619 0.0043689 0.0043689
0.69319 0.30681 0.00387614 0.00387614
0.69345 0.30655 0.00339344 0.00339344
0.6933 0.3067 0.00320209 0.00320209
0.69227 0.30773 0.00297375 0.00297375
0.69235 0.30765 0.00283694 0.00283694
0.69206 0.30794 0.00271695 0.00271695
0.69221 0.30779 0.00265694 0.00265694
0.6921 0.3079 0.0025546 0.0025546
0.69253 0.30747 0.00234641 0.00234641
0.69239 0.30761 0.00224058 0.00224058
0.6911 0.3089 0.00220621 0.00220621
0.6908 0.3092 0.00221176 0.00221176
0.69056 0.30944 0.00218306 0.00218306
0.69094 0.30906 0.0021706 0.0021706
0.69065 0.30935 0.00218706 0.00218706
0.69041 0.30959 0.00216566 0.00216566
0.6907 0.3093 0.00211886 0.00211886
0.69078 0.30922 0.00213779 0.00213779
0.691 0.309 0.00220335 0.00220335
0.69141 0.30859 0.00225079 0.00225079
0.69173 0.30827 0.00222982 0.00222982
0.69141 0.30859 0.00222435 0.00222435
0.69051 0.30949 0.00229997 0.00229997
0.6902 0.3098 0.00236194 0.00236194
0.69057 0.30943 0.00239605 0.00239605
0.69044 0.30956 0.00226067 0.00226067
0.69028 0.30972 0.00232366 0.00232366
0.69038 0.30962 0.00234036 0.00234036
0.69119 0.30881 0.00226753 0.00226753
0.69111 0.30889 0.00224062 0.00224062
0.69031 0.30969 0.00222248 0.00222248
0.68977 0.31023 0.00223808 0.00223808
0.68969 0.31031 0.00223438 0.00223438
0.68916 0.31084 0.00225003 0.00225003
0.68999 0.31001 0.00218385 0.00218385
0.69109 0.30891 0.00213467 0.00213467
0.69116 0.30884 0.00216113 0.00216113
0.6915 0.3085 0.00220122 0.00220122
0.69113 0.30887 0.00229456 0.00229456
0.69116 0.30884 0.00234123 0.00234123
0.69265 0.30735 0.00234288 0.00234288
0.69227 0.30773 0.00240299 0.00240299
0.69166 0.30834 0.00248093 0.00248093
0.69226 0.30774 0.00243256 0.00243256
0.69129 0.30871 0.00241619 0.00241619
0.69117 0.30883 0.00241535 0.00241535
0.69101 0.30899 0.0023608 0.0023608
0.6909 0.3091 0.00240508 0.00240508
0.69149 0.30851 0.00247779 0.00247779
0.6916 0.3084 0.00244162 0.00244162
0.69168 0.30832 0.00230513 0.00230513
0.69109 0.30891 0.00235087 0.00235087
0.69082 0.30918 0.00222781 0.00222781
0.69101 0.30899 0.00217856 0.00217856
0.6909 0.3091 0.00217649 0.00217649
0.6905 0.3095 0.00225684 0.00225684
0.69147 0.30853 0.00232684 0.00232684
0.69234 0.30766 0.00226328 0.00226328
0.69229 0.30771 0.00226094 0.00226094
0.69163 0.30837 0.00218797 0.00218797
0.69205 0.30795 0.00230447 0.00230447
0.69161 0.30839 0.00225885 0.00225885
0.69123 0.30877 0.00216519 0.00216519
0.69096 0.30904 0.00224127 0.00224127
0.69093 0.30907 0.00223211 0.00223211
0.691 0.309 0.0022903 0.0022903
0.69115 0.30885 0.00228708 0.00228708
0.69062 0.30938 0.00236123 0.00236123
0.68967 0.31033 0.0022698 0.0022698
0.69122 0.30878 0.00226672 0.00226672
0.69115 0.30885 0.00235857 0.00235857
0.69117 0.30883 0.00239214 0.00239214
0.69054 0.30946 0.0024668 0.0024668
0.69074 0.30926 0.00244468 0.00244468
0.69144 0.30856 0.00246461 0.00246461
0.69112 0.30888 0.00248825 0.00248825
0.6914 0.3086 0.00238644 0.00238644
0.69056 0.30944 0.00243435 0.00243435
0.69009 0.30991 0.00239536 0.00239536
0.69129 0.30871 0.00241762 0.00241762
0.69098 0.30902 0.00242507 0.00242507
0.69174 0.30826 0.00252983 0.00252983
0.69167 0.30833 0.00244519 0.00244519
0.69131 0.30869 0.00244563 0.00244563
0.69063 0.30937 0.00250575 0.00250575
0.6912 0.3088 0.00237574 0.00237574
0.69153 0.30847 0.00237393 0.00237393
0.69224 0.30776 0.00225065 0.00225065
0.69134 0.30866 0.0022494 0.0022494
0.69079 0.30921 0.00231257 0.00231257
0.69071 0.30929 0.00236574 0.00236574
0.69151 0.30849 0.0022615 0.0022615
0.6916 0.3084 0.00227832 0.00227832
0.69111 0.30889 0.00222767 0.00222767
0.69143 0.30857 0.00225962 0.00225962
0.69203 0.30797 0.00218928 0.00218928
0.69202 0.30798 0.00223608 0.00223608
0.69135 0.30865 0.00223936 0.00223936
0.69244 0.30756 0.00229768 0.00229768
0.69329 0.30671 0.00241081 0.00241081
0.6932 0.3068 0.00238846 0.00238846
0.69284 0.30716 0.00249254 0.00249254
0.69298 0.30702 0.00242747 0.00242747
0.69301 0.30699 0.00250318 0.00250318
0.69372 0.30628 0.00246877 0.00246877
0.69297 0.30703 0.00245682 0.00245682
0.6928 0.3072 0.00250713 0.00250713
0.69283 0.30717 0.00250158 0.00250158
0.69318 0.30682 0.00253688 0.00253688
0.69288 0.30712 0.00258285 0.00258285
0.69271 0.30729 0.00259453 0.00259453
0.69317 0.30683 0.0025639 0.0025639
0.69451 0.30549 0.00248138 0.00248138
0.69343 0.30657 0.00248033 0.00248033
0.69388 0.30612 0.00243914 0.00243914
0.69363 0.30637 0.00244832 0.00244832
0.69375 0.30625 0.00242581 0.00242581
0.69444 0.30556 0.00244692 0.00244692
0.6948 0.3052 0.0024402 0.0024402
0.69391 0.30609 0.00247158 0.00247158
0.69523 0.30477 0.00247511 0.00247511
0.69473 0.30527 0.0025007 0.0025007
0.6934 0.3066 0.00248168 0.00248168
0.69367 0.30633 0.00245451 0.00245451
0.69386 0.30614 0.0024036 0.0024036
0.69274 0.30726 0.00238648 0.00238648
0.69289 0.30711 0.00242137 0.00242137
0.69289 0.30711 0.0023384 0.0023384
0.6932 0.3068 0.00232651 0.00232651
0.69306 0.30694 0.00242866 0.00242866
0.69269 0.30731 0.00233698 0.00233698
0.69174 0.30826 0.00230963 0.00230963
0.69149 0.30851 0.00239989 0.00239989
0.69064 0.30936 0.0023872 0.0023872
0.69082 0.30918 0.0022491 0.0022491
0.69068 0.30932 0.00223891 0.00223891
0.69105 0.30895 0.00222859 0.00222859
0.69115 0.30885 0.00226756 0.00226756
0.69086 0.30914 0.00230063 0.00230063
0.69128 0.30872 0.00249075 0.00249075
0.69104 0.30896 0.002506 0.002506
0.69005 0.30995 0.0025249 0.0025249
0.69126 0.30874 0.00256195 0.00256195
0.69028 0.30972 0.002518 0.002518
0.69023 0.30977 0.00247392 0.00247392
0.69122 0.30878 0.0024849 0.0024849
0.69151 0.30849 0.00252227 0.00252227
0.69099 0.30901 0.00236377 0.00236377
0.69076 0.30924 0.00234608 0.00234608
0.69055 0.30945 0.00231047 0.00231047
0.68991 0.31009 0.00230794 0.00230794
0.69175 0.30825 0.0023674 0.0023674
0.69211 0.30789 0.00226893 0.00226893
0.69272 0.30728 0.00231992 0.00231992
0.69289 0.30711 0.00230604 0.00230604
0.69264 0.30736 0.00225033 0.00225033
0.69249 0.30751 0.00222803 0.00222803
0.69344 0.30656 0.00228215 0.00228215
0.69396 0.30604 0.00236919 0.00236919
0.69318 0.30682 0.00239332 0.00239332
0.69284 0.30716 0.00237161 0.00237161
0.69262 0.30738 0.00235424 0.00235424
0.69196 0.30804 0.00233755 0.00233755
0.69163 0.30837 0.00232298 0.00232298
0.692 0.308 0.00229269 0.00229269
0.69233 0.30767 0.00229984 0.00229984
0.69046 0.30954 0.00233076 0.00233076
0.69019 0.30981 0.00239587 0.00239587
0.68889 0.31111 0.00237668 0.00237668
0.68814 0.31186 0.00241927 0.00241927
0.68827 0.31173 0.00247971 0.00247971
0.68785 0.31215 0.00240084 0.00240084
0.6882 0.3118 0.00245347 0.00245347
0.68853 0.31147 0.00249021 0.00249021
0.68712 0.31288 0.00245667 0.00245667
0.68689 0.31311 0.00244909 0.00244909
0.68787 0.31213 0.0024644 0.0024644
0.68694 0.31306 0.00245313 0.00245313
0.6878 0.3122 0.00239962 0.00239962
0.68936 0.31064 0.00227314 0.00227314
0.68993 0.31007 0.00233459 0.00233459
0.68906 0.31094 0.00242074 0.00242074
0.68859 0.31141 0.00247839 0.00247839
0.68928 0.31072 0.0024216 0.0024216
0.69002 0.30998 0.00226879 0.00226879
0.68984 0.31016 0.00236523 0.00236523
0.6904 0.3096 0.00239051 0.00239051
0.69148 0.30852 0.00238944 0.00238944
0.69234 0.30766 0.00242881 0.00242881
0.6916 0.3084 0.00244206 0.00244206
0.69139 0.30861 0.00250396 0.00250396
0.69197 0.30803 0.00255235 0.00255235
0.69126 0.30874 0.00259828 0.00259828
0.69144 0.30856 0.00255603 0.00255603
0.69093 0.30907 0.00262601 0.00262601
0.68983 0.31017 0.00254206 0.00254206
0.69004 0.30996 0.00248394 0.00248394
0.69032 0.30968 0.00249559 0.00249559
0.69001 0.30999 0.00254108 0.00254108
0.69012 0.30988 0.00237902 0.00237902
0.69051 0.30949 0.00231486 0.00231486
0.68979 0.31021 0.00236378 0.00236378
0.69014 0.30986 0.00239891 0.00239891
0.69035 0.30965 0.00239714 0.00239714
0.69022 0.30978 0.00234013 0.00234013
0.69052 0.30948 0.00241595 0.00241595
0.69012 0.30988 0.00241595 0.00241595
0.69102 0.30898 0.00236131 0.00236131
0.69156 0.30844 0.00244471 0.00244471
0.69148 0.30852 0.00239589 0.00239589
0.69032 0.30968 0.00237281 0.00237281
0.68939 0.31061 0.00240806 0.00240806
0.69068 0.30932 0.00242452 0.00242452
0.68985 0.31015 0.00236383 0.00236383
0.69009 0.30991 0.00244228 0.00244228
0.69029 0.30971 0.00246089 0.00246089
0.6905 0.3095 0.00246474 0.00246474
0.68988 0.31012 0.00243625 0.00243625
0.6894 0.3106 0.00241244 0.00241244
0.69039 0.30961 0.00248812 0.00248812
0.69066 0.30934 0.00248023 0.00248023
0.69146 0.30854 0.00240702 0.00240702
0.69132 0.30868 0.00244157 0.00244157
0.69133 0.30867 0.00242687 0.00242687
0.68967 0.31033 0.00250325 0.00250325
0.68997 0.31003 0.00258872 0.00258872
0.68878 0.31122 0.00263745 0.00263745
0.68825 0.31175 0.00267698 0.00267698
0.68919 0.31081 0.00262022 0.00262022
0.68902 0.31098 0.00260679 0.00260679
0.68911 0.31089 0.0025547 0.0025547
0.68977 0.31023 0.00255854 0.00255854
0.68919 0.31081 0.00262939 0.00262939
0.68926 0.31074 0.00276474 0.00276474
0.68864 0.31136 0.00278615 0.00278615
0.6893 0.3107 0.00282318 0.00282318
0.69038 0.30962 0.00280602 0.00280602
0.68997 0.31003 0.00270827 0.00270827
0.68947 0.31053 0.00280958 0.00280958
0.68919 0.31081 0.00272622 0.00272622
0.68851 0.31149 0.00277825 0.00277825
0.68888 0.31112 0.00275797 0.00275797
0.68816 0.31184 0.0028265 0.0028265
0.68862 0.31138 0.00291208 0.00291208
0.68829 0.31171 0.00294706 0.00294706
0.68869 0.31131 0.00292321 0.00292321
0.68959 0.31041 0.00288657 0.00288657
0.6901 0.3099 0.00287631 0.00287631
0.69087 0.30913 0.00294274 0.00294274
0.69113 0.30887 0.00290995 0.00290995
0.69111 0.30889 0.0028764 0.0028764
0.69107 0.30893 0.00290932 0.00290932
0.69097 0.30903 0.00298074 0.00298074
0.69184 0.30816 0.0028189 0.0028189
0.69076 0.30924 0.00290778 0.00290778
0.69121 0.30879 0.00289255 0.00289255
0.69092 0.30908 0.0029491 0.0029491
0.69045 0.30955 0.00298366 0.00298366
0.69054 0.30946 0.00297534 0.00297534
0.6907 0.3093 0.00307429 0.00307429
0.69081 0.30919 0.0030368 0.0030368
0.69184 0.30816 0.00304757 0.00304757
0.69226 0.30774 0.00312922 0.00312922
0.69215 0.30785 0.00302779 0.00302779
0.69169 0.30831 0.00301367 0.00301367
0.69172 0.30828 0.00300548 0.00300548
0.69094 0.30906 0.00294884 0.00294884
0.69167 0.30833 0.0030139 0.0030139
0.69104 0.30896 0.00302654 0.00302654
0.69002 0.30998 0.00294507 0.00294507
0.6898 0.3102 0.00295267 0.00295267
0.69075 0.30925 0.00284653 0.00284653
0.69204 0.30796 0.00277572 0.00277572
0.69176 0.30824 0.00279798 0.00279798
0.69202 0.30798 0.00279671 0.00279671
0.69185 0.30815 0.00278417 0.00278417
0.69136 0.30864 0.00274391 0.00274391
0.69111 0.30889 0.00275753 0.00275753
0.69065 0.30935 0.00272886 0.00272886
0.69097 0.30903 0.00275956 0.00275956
0.69036 0.30964 0.00271888 0.00271888
0.69065 0.30935 0.0026269 0.0026269
0.69139 0.30861 0.00262454 0.00262454
0.6916 0.3084 0.00267899 0.00267899
0.69064 0.30936 0.00269726 0.00269726
0.69141 0.30859 0.00279279 0.00279279
0.69139 0.30861 0.00285873 0.00285873
0.69115 0.30885 0.00286164 0.00286164
0.69167 0.30833 0.00290493 0.00290493
0.69054 0.30946 0.00294449 0.00294449
0.69176 0.30824 0.00289875 0.00289875
0.69164 0.30836 0.00287201 0.00287201
0.69244 0.30756 0.00291954 0.00291954
0.69161 0.30839 0.00292537 0.00292537
0.69175 0.30825 0.0029992 0.0029992
0.69217 0.30783 0.00297469 0.00297469
0.69249 0.30751 0.00300514 0.00300514
0.69135 0.30865 0.00294459 0.00294459
0.69175 0.30825 0.0029037 0.0029037
0.69152 0.30848 0.00297045 0.00297045
0.6919 0.3081 0.00299538 0.00299538
0.69147 0.30853 0.00303142 0.00303142
0.69087 0.30913 0.0030723 0.0030723
0.69065 0.30935 0.00288716 0.00288716
0.69023 0.30977 0.00293448 0.00293448
0.69035 0.30965 0.0029637 0.0029637
0.69012 0.30988 0.0030175 0.0030175
0.69104 0.30896 0.00312588 0.00312588
0.69136 0.30864 0.00313581 0.00313581
0.69035 0.30965 0.00304562 0.00304562
0.68986 0.31014 0.00308598 0.00308598
0.68897 0.31103 0.00316237 0.00316237
0.68896 0.31104 0.00310418 0.00310418
0.68938 0.31062 0.0029626 0.0029626
0.68998 0.31002 0.00304295 0.00304295
0.69023 0.30977 0.00298008 0.00298008
0.69009 0.30991 0.00298511 0.00298511
0.69008 0.30992 0.0029851 0.0029851
0.6907 0.3093 0.00294369 0.00294369
0.69085 0.30915 0.00308065 0.00308065
0.69115 0.30885 0.00308655 0.00308655
0.69089 0.30911 0.00305557 0.00305557
0.69043 0.30957 0.00308926 0.00308926
0.68995 0.31005 0.00316294 0.00316294
0.6897 0.3103 0.0032109 0.0032109
0.69064 0.30936 0.00320106 0.00320106
0.68975 0.31025 0.00320946 0.00320946
0.69048 0.30952 0.00317942 0.00317942
0.69078 0.30922 0.00320583 0.00320583
0.69049 0.30951 0.00311918 0.00311918
0.6902 0.3098 0.00318287 0.00318287
0.69083 0.30917 0.0031736 0.0031736
0.69074 0.30926 0.00303205 0.00303205
0.69093 0.30907 0.0031139 0.0031139
0.6919 0.3081 0.00297888 0.00297888
0.69143 0.30857 0.00308508 0.00308508
0.69051 0.30949 0.00316276 0.00316276
0.69093 0.30907 0.00313156 0.00313156
0.69078 0.30922 0.00318965 0.00318965
0.6918 0.3082 0.00336574 0.00336574
0.69191 0.30809 0.00330461 0.00330461
0.69141 0.30859 0.00325451 0.00325451
0.69149 0.30851 0.00330732 0.00330732
0.69085 0.30915 0.00323556 0.00323556
0.69054 0.30946 0.00325324 0.00325324
0.68947 0.31053 0.00343025 0.00343025
0.68915 0.31085 0.00334641 0.00334641
0.68907 0.31093 0.00334302 0.00334302
0.6881 0.3119 0.00337849 0.00337849
0.68801 0.31199 0.00327841 0.00327841
0.68785 0.31215 0.00331728 0.00331728
0.68822 0.31178 0.00317492 0.00317492
0.68878 0.31122 0.00308694 0.00308694
0.68896 0.31104 0.00302588 0.00302588
0.6891 0.3109 0.00307692 0.00307692
0.68881 0.31119 0.00311618 0.00311618
0.68872 0.31128 0.00316241 0.00316241
0.68968 0.31032 0.00316941 0.00316941
0.6882 0.3118 0.00320335 0.00320335
0.68913 0.31087 0.00319121 0.00319121
0.68891 0.31109 0.00320604 0.00320604
0.68903 0.31097 0.00319688 0.00319688
0.68949 0.31051 0.00321054 0.00321054
0.68914 0.31086 0.00320222 0.00320222
0.68952 0.31048 0.00332009 0.00332009
0.68875 0.31125 0.00329974 0.00329974
0.68989 0.31011 0.00348479 0.00348479
0.68914 0.31086 0.00354083 0.00354083
0.68938 0.31062 0.00349133 0.00349133
0.68842 0.31158 0.00337913 0.00337913
0.68771 0.31229 0.0034238 0.0034238
0.68813 0.31187 0.00341595 0.00341595
0.68899 0.31101 0.0034966 0.0034966
0.69095 0.30905 0.00340894 0.00340894
0.69035 0.30965 0.00334366 0.00334366
0.68973 0.31027 0.00327676 0.00327676
0.68966 0.31034 0.00334126 0.00334126
0.68997 0.31003 0.00336138 0.00336138
0.6904 0.3096 0.00335014 0.00335014
0.69073 0.30927 0.00331771 0.00331771
0.68996 0.31004 0.0033044 0.0033044
0.69025 0.30975 0.00332449 0.00332449
0.69094 0.30906 0.00332149 0.00332149
0.69154 0.30846 0.00324829 0.00324829
0.69175 0.30825 0.00322181 0.00322181
0.69147 0.30853 0.00334629 0.00334629
0.69102 0.30898 0.00335315 0.00335315
0.6912 0.3088 0.00330244 0.00330244
0.69143 0.30857 0.00321714 0.00321714
0.69131 0.30869 0.00316153 0.00316153
0.69184 0.30816 0.00313723 0.00313723
0.69072 0.30928 0.0032115 0.0032115
0.69083 0.30917 0.00323513 0.00323513
0.69141 0.30859 0.00332857 0.00332857
0.69177 0.30823 0.00330963 0.00330963
0.69138 0.30862 0.00333551 0.00333551
0.69205 0.30795 0.00335847 0.00335847
0.69218 0.30782 0.00334643 0.00334643
0.69207 0.30793 0.00323013 0.00323013
0.69157 0.30843 0.00319443 0.00319443
0.69057 0.30943 0.00319574 0.00319574
0.69061 0.30939 0.00314305 0.00314305
0.69133 0.30867 0.00306665 0.00306665
0.69131 0.30869 0.00310706 0.00310706
0.69087 0.30913 0.0032525 0.0032525
0.69007 0.30993 0.00313384 0.00313384
0.69014 0.30986 0.00316915 0.00316915
0.68984 0.31016 0.00320822 0.00320822
0.68935 0.31065 0.00320342 0.00320342
0.69024 0.30976 0.00327463 0.00327463
0.69017 0.30983 0.00336517 0.00336517
0.68996 0.31004 0.00318963 0.00318963
0.69087 0.30913 0.00314741 0.00314741
0.69029 0.30971 0.00314988 0.00314988
0.6899 0.3101 0.00307759 0.00307759
0.68943 0.31057 0.0031639 0.0031639
0.68901 0.31099 0.00320567 0.00320567
0.68905 0.31095 0.00316003 0.00316003
0.6895 0.3105 0.00312864 0.00312864
0.68985 0.31015 0.00315538 0.00315538
0.68997 0.31003 0.00319912 0.00319912
0.69127 0.30873 0.00322666 0.00322666
0.69195 0.30805 0.00318086 0.00318086
0.69142 0.30858 0.00312491 0.00312491
0.69125 0.30875 0.00303768 0.00303768
0.69075 0.30925 0.00308574 0.00308574
0.69229 0.30771 0.00303948 0.00303948
0.6925 0.3075 0.00301561 0.00301561
0.69286 0.30714 0.00304394 0.00304394
0.69243 0.30757 0.00312988 0.00312988
0.69299 0.30701 0.00323678 0.00323678
0.69229 0.30771 0.0032392 0.0032392
0.69189 0.30811 0.00330137 0.00330137
0.69116 0.30884 0.00327642 0.00327642
0.69026 0.30974 0.00332529 0.00332529
0.69032 0.30968 0.00324097 0.00324097
0.69056 0.30944 0.00320631 0.00320631
0.69068 0.30932 0.00327109 0.00327109
0.69003 0.30997 0.00340797 0.00340797
0.69 0.31 0.00329426 0.00329426
0.68987 0.31013 0.00320286 0.00320286
0.68902 0.31098 0.0033138 0.0033138
0.68967 0.31033 0.00331645 0.00331645
0.68875 0.31125 0.00326172 0.00326172
0.68825 0.31175 0.00333534 0.00333534
0.68891 0.31109 0.00344386 0.00344386
0.68983 0.31017 0.00351414 0.00351414
0.68989 0.31011 0.00341998 0.00341998
0.68899 0.31101 0.00331435 0.00331435
0.68891 0.31109 0.00322768 0.00322768
0.68941 0.31059 0.00325729 0.00325729
0.68991 0.31009 0.00328677 0.00328677
0.68974 0.31026 0.00316854 0.00316854
0.68967 0.31033 0.00323899 0.00323899
0.68972 0.31028 0.00320994 0.00320994
0.68929 0.31071 0.0032038 0.0032038
0.68887 0.31113 0.0032142 0.0032142
0.68883 0.31117 0.00322091 0.00322091
0.68819 0.31181 0.0032488 0.0032488
0.68813 0.31187 0.00320353 0.00320353
0.68771 0.31229 0.00309209 0.00309209
0.68886 0.31114 0.00312891 0.00312891
0.68788 0.31212 0.00317821 0.00317821
0.68776 0.31224 0.00327976 0.00327976
0.68765 0.31235 0.00338467 0.00338467
0.68781 0.31219 0.00347826 0.00347826
0.68732 0.31268 0.00345335 0.00345335
0.68771 0.31229 0.00342481 0.00342481
0.68718 0.31282 0.00351425 0.00351425
0.68801 0.31199 0.00345981 0.00345981
0.68856 0.31144 0.00338916 0.00338916
0.68858 0.31142 0.00339079 0.00339079
0.68824 0.31176 0.00335037 0.00335037
0.68957 0.31043 0.00342429 0.00342429
0.68876 0.31124 0.00334113 0.00334113
0.68927 0.31073 0.00337769 0.00337769
0.68918 0.31082 0.00320562 0.00320562
0.68948 0.31052 0.00316866 0.00316866
0.68981 0.31019 0.00311341 0.00311341
0.69053 0.30947 0.00313627 0.00313627
0.68929 0.31071 0.00324498 0.00324498
0.68912 0.31088 0.00314675 0.00314675
0.68982 0.31018 0.00330148 0.00330148
0.6894 0.3106 0.00341733 0.00341733
0.68948 0.31052 0.0033508 0.0033508
0.68906 0.31094 0.00331557 0.00331557
0.68859 0.31141 0.00327162 0.00327162
0.68817 0.31183 0.00321156 0.00321156
0.6888 0.3112 0.00313869 0.00313869
0.68868 0.31132 0.00310664 0.00310664
0.69004 0.30996 0.00306903 0.00306903
0.69073 0.30927 0.0030985 0.0030985
0.69108 0.30892 0.00313409 0.00313409
0.69017 0.30983 0.0031323 0.0031323
0.68998 0.31002 0.00313238 0.00313238
0.6896 0.3104 0.00315558 0.00315558
0.68964 0.31036 0.00314524 0.00314524
0.68862 0.31138 0.00319951 0.00319951
0.6889 0.3111 0.0032627 0.0032627
