0.47339 0.52661 0.00146262 0.00146262
0.44842 0.55158 0.00542679 0.00542679
0.42631 0.57369 0.0111023 0.0111023
0.40698 0.59302 0.0179929 0.0179929
0.38846 0.61154 0.0252546 0.0252546
0.37193 0.62807 0.0331514 0.0331514
0.35789 0.64211 0.041453 0.041453
0.3456 0.6544 0.0492612 0.0492612
0.33364 0.66636 0.0568436 0.0568436
0.32343 0.67657 0.0640847 0.0640847
0.31357 0.68643 0.071127 0.071127
0.30491 0.69509 0.0777434 0.0777434
0.29786 0.70214 0.0844343 0.0844343
0.2897 0.7103 0.0903373 0.0903373
0.28321 0.71679 0.0956386 0.0956386
0.27722 0.72278 0.100599 0.100599
0.27242 0.72758 0.105211 0.105211
0.26811 0.73189 0.109529 0.109529
0.26444 0.73556 0.113587 0.113587
0.26099 0.73901 0.117193 0.117193
0.25785 0.74215 0.120651 0.120651
0.25467 0.74533 0.123674 0.123674
0.25187 0.74813 0.126305 0.126305
0.24927 0.75073 0.128748 0.128748
0.24712 0.75288 0.131044 0.131044
0.24466 0.75534 0.133143 0.133143
0.24274 0.75726 0.135053 0.135053
0.2412 0.7588 0.136505 0.136505
0.23929 0.76071 0.137814 0.137814
0.23763 0.76237 0.139011 0.139011
0.23674 0.76326 0.140367 0.140367
0.23536 0.76464 0.141414 0.141414
0.2343 0.7657 0.142323 0.142323
0.23325 0.76675 0.143113 0.143113
0.23241 0.76759 0.143809 0.143809
0.23169 0.76831 0.144524 0.144524
0.23078 0.76922 0.14539 0.14539
0.23011 0.76989 0.146032 0.146032
0.22954 0.77046 0.146699 0.146699
0.22885 0.77115 0.147166 0.147166
0.22836 0.77164 0.147599 0.147599
0.22793 0.77207 0.14802 0.14802
0.22726 0.77274 0.148355 0.148355
0.22691 0.77309 0.148647 0.148647
0.22626 0.77374 0.148807 0.148807
0.22565 0.77435 0.149043 0.149043
0.22535 0.77465 0.149303 0.149303
0.22494 0.77506 0.149539 0.149539
0.22464 0.77536 0.149638 0.149638
0.2244 0.7756 0.149909 0.149909
0.22409 0.77591 0.14997 0.14997
0.22384 0.77616 0.1501 0.1501
0.22337 0.77663 0.150181 0.150181
0.22307 0.77693 0.150285 0.150285
0.22272 0.77728 0.15039 0.15039
0.22261 0.77739 0.150495 0.150495
0.22227 0.77773 0.150502 0.150502
0.22201 0.77799 0.150628 0.150628
0.22177 0.77823 0.150739 0.150739
0.22155 0.77845 0.150815 0.150815
0.22116 0.77884 0.150778 0.150778
0.22078 0.77922 0.150826 0.150826
0.22053 0.77947 0.1508 0.1508
0.2204 0.7796 0.150862 0.150862
0.22021 0.77979 0.150902 0.150902
0.22009 0.77991 0.151003 0.151003
0.21983 0.78017 0.151056 0.151056
0.21951 0.78049 0.151029 0.151029
0.21939 0.78061 0.151088 0.151088
0.2191 0.7809 0.151148 0.151148
0.21888 0.78112 0.151202 0.151202
0.2187 0.7813 0.151256 0.151256
0.21842 0.78158 0.151308 0.151308
0.21826 0.78174 0.151354 0.151354
0.21804 0.78196 0.15137 0.15137
0.21771 0.78229 0.151349 0.151349
0.2176 0.7824 0.151391 0.151391
0.21742 0.78258 0.151416 0.151416
0.21718 0.78282 0.15147 0.15147
0.21689 0.78311 0.151543 0.151543
0.21671 0.78329 0.151495 0.151495
0.21654 0.78346 0.151503 0.151503
0.21637 0.78363 0.151546 0.151546
0.21625 0.78375 0.151622 0.151622
0.21607 0.78393 0.151637 0.151637
0.21582 0.78418 0.151645 0.151645
0.21558 0.78442 0.151698 0.151698
0.21532 0.78468 0.151827 0.151827
0.21511 0.78489 0.151834 0.151834
0.21494 0.78506 0.151919 0.151919
0.21476 0.78524 0.152029 0.152029
0.21446 0.78554 0.15204 0.15204
0.21436 0.78564 0.152096 0.152096
0.21414 0.78586 0.152139 0.152139
0.21396 0.78604 0.152203 0.152203
0.21374 0.78626 0.15228 0.15228
0.21367 0.78633 0.152344 0.152344
0.21335 0.78665 0.152405 0.152405
0.21297 0.78703 0.152421 0.152421
0.21268 0.78732 0.152432 0.152432
0.21234 0.78766 0.152457 0.152457
0.21205 0.78795 0.152506 0.152506
0.21184 0.78816 0.152587 0.152587
0.21158 0.78842 0.152615 0.152615
0.21139 0.78861 0.152717 0.152717
0.21116 0.78884 0.152773 0.152773
0.21101 0.78899 0.152938 0.152938
0.21064 0.78936 0.152943 0.152943
0.21043 0.78957 0.152991 0.152991
0.21035 0.78965 0.153078 0.153078
0.21019 0.78981 0.153217 0.153217
0.20997 0.79003 0.153311 0.153311
0.20967 0.79033 0.15343 0.15343
0.20943 0.79057 0.153489 0.153489
0.20926 0.79074 0.15353 0.15353
0.2091 0.7909 0.153564 0.153564
0.20883 0.79117 0.153632 0.153632
0.20862 0.79138 0.153682 0.153682
0.20841 0.79159 0.153713 0.153713
0.20821 0.79179 0.153734 0.153734
0.20792 0.79208 0.153821 0.153821
0.2077 0.7923 0.153906 0.153906
0.20764 0.79236 0.154008 0.154008
0.20744 0.79256 0.154059 0.154059
0.20728 0.79272 0.154111 0.154111
0.20717 0.79283 0.154182 0.154182
0.20701 0.79299 0.154334 0.154334
0.20678 0.79322 0.154351 0.154351
0.20649 0.79351 0.154427 0.154427
0.20626 0.79374 0.154509 0.154509
0.20602 0.79398 0.154554 0.154554
0.20578 0.79422 0.154649 0.154649
0.20557 0.79443 0.154756 0.154756
0.20531 0.79469 0.154745 0.154745
0.20503 0.79497 0.154806 0.154806
0.2048 0.7952 0.154903 0.154903
0.20453 0.79547 0.154902 0.154902
0.20428 0.79572 0.154996 0.154996
0.20417 0.79583 0.15504 0.15504
0.20395 0.79605 0.155154 0.155154
0.2038 0.7962 0.15521 0.15521
0.20371 0.79629 0.155277 0.155277
0.20352 0.79648 0.155289 0.155289
0.20334 0.79666 0.155373 0.155373
0.20319 0.79681 0.155397 0.155397
0.20299 0.79701 0.155486 0.155486
0.20284 0.79716 0.155581 0.155581
0.20282 0.79718 0.155646 0.155646
0.20274 0.79726 0.15577 0.15577
0.20266 0.79734 0.155782 0.155782
0.20261 0.79739 0.155854 0.155854
0.20257 0.79743 0.155922 0.155922
0.20251 0.79749 0.155969 0.155969
0.20234 0.79766 0.156016 0.156016
0.20205 0.79795 0.156083 0.156083
0.20194 0.79806 0.156142 0.156142
0.20181 0.79819 0.156184 0.156184
0.2017 0.7983 0.156228 0.156228
0.20163 0.79837 0.156253 0.156253
0.20157 0.79843 0.156281 0.156281
0.20151 0.79849 0.156329 0.156329
0.20134 0.79866 0.156346 0.156346
0.20118 0.79882 0.156393 0.156393
0.20112 0.79888 0.15641 0.15641
0.20095 0.79905 0.15643 0.15643
0.20082 0.79918 0.156416 0.156416
0.20075 0.79925 0.156468 0.156468
0.20076 0.79924 0.156535 0.156535
0.20061 0.79939 0.156584 0.156584
0.20056 0.79944 0.156626 0.156626
0.2005 0.7995 0.156637 0.156637
0.20041 0.79959 0.156697 0.156697
0.20036 0.79964 0.156754 0.156754
0.20033 0.79967 0.156797 0.156797
0.20028 0.79972 0.15685 0.15685
0.20021 0.79979 0.156908 0.156908
0.20019 0.79981 0.156971 0.156971
0.20009 0.79991 0.157014 0.157014
0.20006 0.79994 0.15708 0.15708
0.20006 0.79994 0.157166 0.157166
0.19998 0.80002 0.157182 0.157182
0.19992 0.80008 0.157232 0.157232
0.19988 0.80012 0.157264 0.157264
0.19986 0.80014 0.157303 0.157303
0.19981 0.80019 0.157334 0.157334
0.19974 0.80026 0.157379 0.157379
0.19975 0.80025 0.15744 0.15744
0.19971 0.80029 0.157482 0.157482
0.19964 0.80036 0.157517 0.157517
0.19961 0.80039 0.157594 0.157594
0.19959 0.80041 0.157668 0.157668
0.19953 0.80047 0.157713 0.157713
0.19956 0.80044 0.157798 0.157798
0.19947 0.80053 0.157851 0.157851
0.19944 0.80056 0.157909 0.157909
0.19941 0.80059 0.157971 0.157971
0.19943 0.80057 0.15805 0.15805
0.19941 0.80059 0.158078 0.158078
0.1993 0.8007 0.158124 0.158124
0.19926 0.80074 0.158201 0.158201
0.19929 0.80071 0.15825 0.15825
0.19926 0.80074 0.158328 0.158328
0.19938 0.80062 0.158474 0.158474
0.19936 0.80064 0.15852 0.15852
0.19929 0.80071 0.158519 0.158519
0.19928 0.80072 0.158521 0.158521
0.19934 0.80066 0.158597 0.158597
0.19934 0.80066 0.15867 0.15867
0.19938 0.80062 0.158766 0.158766
0.19934 0.80066 0.158806 0.158806
0.19936 0.80064 0.158863 0.158863
0.19938 0.80062 0.158938 0.158938
0.19941 0.80059 0.159007 0.159007
0.19947 0.80053 0.159085 0.159085
0.19946 0.80054 0.159088 0.159088
0.19945 0.80055 0.159138 0.159138
0.19946 0.80054 0.159182 0.159182
0.19946 0.80054 0.159231 0.159231
0.19946 0.80054 0.159377 0.159377
0.19946 0.80054 0.159458 0.159458
0.19951 0.80049 0.159543 0.159543
0.19948 0.80052 0.159534 0.159534
0.19952 0.80048 0.159573 0.159573
0.19956 0.80044 0.159661 0.159661
0.19955 0.80045 0.15975 0.15975
0.19951 0.80049 0.15978 0.15978
0.19954 0.80046 0.159839 0.159839
0.19953 0.80047 0.159893 0.159893
0.19954 0.80046 0.159959 0.159959
0.19956 0.80044 0.160005 0.160005
0.19959 0.80041 0.160083 0.160083
0.19961 0.80039 0.160129 0.160129
0.19959 0.80041 0.160171 0.160171
0.1996 0.8004 0.160203 0.160203
0.19961 0.80039 0.160272 0.160272
0.19963 0.80037 0.160319 0.160319
0.19966 0.80034 0.160363 0.160363
0.19967 0.80033 0.160414 0.160414
0.1997 0.8003 0.160458 0.160458
0.19972 0.80028 0.160506 0.160506
0.19971 0.80029 0.160583 0.160583
0.19972 0.80028 0.160636 0.160636
0.19973 0.80027 0.160688 0.160688
0.19971 0.80029 0.160714 0.160714
0.19973 0.80027 0.160744 0.160744
0.19976 0.80024 0.160866 0.160866
0.19977 0.80023 0.160882 0.160882
0.19975 0.80025 0.160889 0.160889
0.19979 0.80021 0.16097 0.16097
0.1998 0.8002 0.160985 0.160985
0.19982 0.80018 0.161016 0.161016
0.19982 0.80018 0.161035 0.161035
0.19982 0.80018 0.161054 0.161054
0.19983 0.80017 0.161109 0.161109
0.19984 0.80016 0.161124 0.161124
0.19985 0.80015 0.16114 0.16114
0.19985 0.80015 0.16114 0.16114
0.1999 0.8001 0.161218 0.161218
0.19991 0.80009 0.161254 0.161254
0.19989 0.80011 0.161261 0.161261
0.19991 0.80009 0.161293 0.161293
0.19992 0.80008 0.161309 0.161309
0.19992 0.80008 0.161309 0.161309
0.19991 0.80009 0.161332 0.161332
0.19994 0.80006 0.1614 0.1614
0.19994 0.80006 0.1614 0.1614
0.19995 0.80005 0.161416 0.161416
0.19995 0.80005 0.161416 0.161416
0.19995 0.80005 0.161416 0.161416
0.19996 0.80004 0.161451 0.161451
0.19997 0.80003 0.161467 0.161467
0.19996 0.80004 0.161472 0.161472
0.19996 0.80004 0.161472 0.161472
0.19996 0.80004 0.161472 0.161472
0.19996 0.80004 0.161472 0.161472
0.19996 0.80004 0.161472 0.161472
0.19996 0.80004 0.161472 0.161472
0.19995 0.80005 0.161475 0.161475
0.19995 0.80005 0.161475 0.161475
0.19995 0.80005 0.161475 0.161475
0.19995 0.80005 0.161475 0.161475
0.19995 0.80005 0.161475 0.161475
0.19995 0.80005 0.161475 0.161475
0.19995 0.80005 0.161475 0.161475
0.19995 0.80005 0.161475 0.161475
0.19996 0.80004 0.161491 0.161491
0.19998 0.80002 0.161524 0.161524
0.19998 0.80002 0.161524 0.161524
0.19999 0.80001 0.16154 0.16154
0.19999 0.80001 0.16154 0.16154
0.19999 0.80001 0.16156 0.16156
0.19998 0.80002 0.161564 0.161564
0.19998 0.80002 0.161564 0.161564
0.19998 0.80002 0.161564 0.161564
0.19998 0.80002 0.161564 0.161564
0.19998 0.80002 0.161564 0.161564
0.19998 0.80002 0.161564 0.161564
0.19998 0.80002 0.161564 0.161564
0.19998 0.80002 0.161564 0.161564
0.19998 0.80002 0.161564 0.161564
0.19998 0.80002 0.161564 0.161564
0.19999 0.80001 0.16158 0.16158
0.19999 0.80001 0.16158 0.16158
0.2 0.8 0.161596 0.161596
0.2 0.8 0.161596 0.161596
0.2 0.8 0.161596 0.161596
0.2 0.8 0.161596 0.161596
0.2 0.8 0.161596 0.161596
0.2 0.8 0.161596 0.161596
0.2 0.8 0.161596 0.161596
0.2 0.8 0.161596 0.161596
0.2 0.8 0.161596 0.161596
0.2 0.8 0.161596 0.161596
0.2 0.8 0.161596 0.161596
0.2 0.8 0.161596 0.161596
0.2 0.8 0.161596 0.161596
0.2 0.8 0.161596 0.161596
0.2 0.8 0.161596 0.161596
0.2 0.8 0.161596 0.161596
0.2 0.8 0.161596 0.161596
0.2 0.8 0.161596 0.161596
0.2 0.8 0.161596 0.161596
0.2 0.8 0.161596 0.161596
0.2 0.8 0.161596 0.161596
0.2 0.8 0.161596 0.161596
0.2 0.8 0.161596 0.161596
0.2 0.8 0.161596 0.161596
0.2 0.8 0.161596 0.161596
0.2 0.8 0.161596 0.161596
0.2 0.8 0.161596 0.161596
0.2 0.8 0.161596 0.161596
0.20001 0.79999 0.161612 0.161612
0.20001 0.79999 0.161612 0.161612
0.20001 0.79999 0.161612 0.161612
0.20001 0.79999 0.161612 0.161612
0.20001 0.79999 0.161612 0.161612
0.20001 0.79999 0.161612 0.161612
0.20001 0.79999 0.161612 0.161612
0.20001 0.79999 0.161612 0.161612
0.20001 0.79999 0.161612 0.161612
0.20001 0.79999 0.161612 0.161612
0.20001 0.79999 0.161612 0.161612
0.20001 0.79999 0.161612 0.161612
0.20001 0.79999 0.161612 0.161612
0.20001 0.79999 0.161612 0.161612
0.20001 0.79999 0.161612 0.161612
0.20001 0.79999 0.161612 0.161612
0.20001 0.79999 0.161612 0.161612
0.20001 0.79999 0.161612 0.161612
0.20001 0.79999 0.161612 0.161612
0.20001 0.79999 0.161612 0.161612
0.20001 0.79999 0.161612 0.161612
0.20001 0.79999 0.161612 0.161612
0.20001 0.79999 0.161612 0.161612
0.20001 0.79999 0.161612 0.161612
0.20001 0.79999 0.161612 0.161612
0.20001 0.79999 0.161612 0.161612
0.20001 0.79999 0.161612 0.161612
0.20001 0.79999 0.161612 0.161612
0.20001 0.79999 0.161612 0.161612
0.20001 0.79999 0.161612 0.161612
0.20001 0.79999 0.161612 0.161612
0.20001 0.79999 0.161612 0.161612
0.20001 0.79999 0.161612 0.161612
0.20001 0.79999 0.161612 0.161612
0.20001 0.79999 0.161612 0.161612
0.2 0.8 0.161616 0.161616
0.2 0.8 0.161616 0.161616
0.2 0.8 0.161616 0.161616
0.2 0.8 0.161616 0.161616
0.2 0.8 0.161616 0.161616
0.2 0.8 0.161616 0.161616
0.2 0.8 0.161616 0.161616
0.2 0.8 0.161616 0.161616
0.2 0.8 0.161616 0.161616
0.2 0.8 0.161616 0.161616
0.2 0.8 0.161616 0.161616
0.2 0.8 0.161616 0.161616
0.2 0.8 0.161616 0.161616
0.2 0.8 0.161616 0.161616
0.2 0.8 0.161616 0.161616
0.2 0.8 0.161616 0.161616
0.2 0.8 0.161616 0.161616
0.2 0.8 0.161616 0.161616
0.2 0.8 0.161616 0.161616
0.2 0.8 0.161616 0.161616
0.2 0.8 0.161616 0.161616
0.2 0.8 0.161616 0.161616
0.2 0.8 0.161616 0.161616
0.2 0.8 0.161616 0.161616
0.2 0.8 0.161616 0.161616
0.2 0.8 0.161616 0.161616
0.2 0.8 0.161616 0.161616
0.2 0.8 0.161616 0.161616
0.2 0.8 0.161616 0.161616
0.2 0.8 0.161616 0.161616
0.2 0.8 0.161616 0.161616
0.2 0.8 0.161616 0.161616
0.2 0.8 0.161616 0.161616
0.2 0.8 0.161616 0.161616
0.2 0.8 0.161616 0.161616
0.2 0.8 0.161616 0.161616
0.2 0.8 0.161616 0.161616
0.2 0.8 0.161616 0.161616
0.2 0.8 0.161616 0.161616
0.2 0.8 0.161616 0.161616
0.2 0.8 0.161616 0.161616
0.2 0.8 0.161616 0.161616
0.2 0.8 0.161616 0.161616
0.2 0.8 0.161616 0.161616
0.2 0.8 0.161616 0.161616
0.2 0.8 0.161616 0.161616
0.2 0.8 0.161616 0.161616
0.2 0.8 0.161616 0.161616
0.2 0.8 0.161616 0.161616
0.2 0.8 0.161616 0.161616
0.2 0.8 0.161616 0.161616
0.2 0.8 0.161616 0.161616
0.2 0.8 0.161616 0.161616
0.2 0.8 0.161616 0.161616
0.2 0.8 0.161616 0.161616
0.2 0.8 0.161616 0.161616
0.2 0.8 0.161616 0.161616
0.2 0.8 0.161616 0.161616
0.2 0.8 0.161616 0.161616
0.2 0.8 0.161616 0.161616
0.2 0.8 0.161616 0.161616
0.2 0.8 0.161616 0.161616
0.2 0.8 0.161616 0.161616
0.2 0.8 0.161616 0.161616
0.2 0.8 0.161616 0.161616
0.2 0.8 0.161616 0.161616
0.2 0.8 0.161616 0.161616
0.2 0.8 0.161616 0.161616
0.2 0.8 0.161616 0.161616
0.2 0.8 0.161616 0.161616
0.2 0.8 0.161616 0.161616
0.2 0.8 0.161616 0.161616
0.2 0.8 0.161616 0.161616
0.2 0.8 0.161616 0.161616
0.2 0.8 0.161616 0.161616
0.2 0.8 0.161616 0.161616
0.2 0.8 0.161616 0.161616
0.2 0.8 0.161616 0.161616
0.2 0.8 0.161616 0.161616
0.2 0.8 0.161616 0.161616
0.2 0.8 0.161616 0.161616
0.2 0.8 0.161616 0.161616
0.2 0.8 0.161616 0.161616
0.2 0.8 0.161616 0.161616
0.2 0.8 0.161616 0.161616
0.2 0.8 0.161616 0.161616
0.2 0.8 0.161616 0.161616
0.2 0.8 0.161616 0.161616
0.2 0.8 0.161616 0.161616
0.2 0.8 0.161616 0.161616
0.2 0.8 0.161616 0.161616
0.2 0.8 0.161616 0.161616
0.2 0.8 0.161616 0.161616
0.2 0.8 0.161616 0.161616
0.2 0.8 0.161616 0.161616
0.2 0.8 0.161616 0.161616
0.2 0.8 0.161616 0.161616
0.2 0.8 0.161616 0.161616
0.2 0.8 0.161616 0.161616
0.2 0.8 0.161616 0.161616
0.2 0.8 0.161616 0.161616
0.2 0.8 0.161616 0.161616
0.2 0.8 0.161616 0.161616
0.2 0.8 0.161616 0.161616
0.2 0.8 0.161616 0.161616
0.2 0.8 0.161616 0.161616
0.2 0.8 0.161616 0.161616
0.2 0.8 0.161616 0.161616
0.2 0.8 0.161616 0.161616
0.2 0.8 0.161616 0.161616
0.2 0.8 0.161616 0.161616
0.2 0.8 0.161616 0.161616
0.2 0.8 0.161616 0.161616
0.2 0.8 0.161616 0.161616
0.2 0.8 0.161616 0.161616
0.2 0.8 0.161616 0.161616
0.2 0.8 0.161616 0.161616
0.2 0.8 0.161616 0.161616
0.2 0.8 0.161616 0.161616
0.2 0.8 0.161616 0.161616
0.2 0.8 0.161616 0.161616
0.2 0.8 0.161616 0.161616
0.2 0.8 0.161616 0.161616
0.2 0.8 0.161616 0.161616
0.2 0.8 0.161616 0.161616
0.2 0.8 0.161616 0.161616
0.2 0.8 0.161616 0.161616
0.2 0.8 0.161616 0.161616
0.2 0.8 0.161616 0.161616
0.2 0.8 0.161616 0.161616
0.2 0.8 0.161616 0.161616
0.2 0.8 0.161616 0.161616
0.2 0.8 0.161616 0.161616
0.2 0.8 0.161616 0.161616
