0.50004 0.49996 1.87717e-06 1.87717e-06
0.50045 0.49955 6.02778e-06 6.02778e-06
0.50051 0.49949 1.06969e-05 1.06969e-05
0.50055 0.49945 1.59874e-05 1.59874e-05
0.50045 0.49955 1.77652e-05 1.77652e-05
0.50059 0.49941 1.99615e-05 1.99615e-05
0.50051 0.49949 2.05353e-05 2.05353e-05
0.50039 0.49961 2.21595e-05 2.21595e-05
0.50039 0.49961 2.31494e-05 2.31494e-05
0.50039 0.49961 2.48464e-05 2.48464e-05
0.50043 0.49957 2.62678e-05 2.62678e-05
0.50046 0.49954 2.69782e-05 2.69782e-05
0.50041 0.49959 2.6911e-05 2.6911e-05
0.50039 0.49961 2.78565e-05 2.78565e-05
0.50039 0.49961 2.82807e-05 2.82807e-05
0.5004 0.4996 2.8303e-05 2.8303e-05
0.50049 0.49951 2.8414e-05 2.8414e-05
0.50048 0.49952 2.92016e-05 2.92016e-05
0.50052 0.49948 2.94844e-05 2.94844e-05
0.50056 0.49944 2.93802e-05 2.93802e-05
0.5006 0.4994 3.10707e-05 3.10707e-05
0.50052 0.49948 3.14844e-05 3.14844e-05
0.50048 0.49952 3.07774e-05 3.07774e-05
0.50048 0.49952 3.10198e-05 3.10198e-05
0.50059 0.49941 3.20423e-05 3.20423e-05
0.50066 0.49934 3.356e-05 3.356e-05
0.50066 0.49934 3.29337e-05 3.29337e-05
0.50065 0.49935 3.36843e-05 3.36843e-05
0.50069 0.49931 3.37918e-05 3.37918e-05
0.50071 0.49929 3.51979e-05 3.51979e-05
0.5007 0.4993 3.5404e-05 3.5404e-05
0.50072 0.49928 3.64461e-05 3.64461e-05
0.50083 0.49917 3.71122e-05 3.71122e-05
0.50078 0.49922 3.70824e-05 3.70824e-05
0.50091 0.49909 3.72544e-05 3.72544e-05
0.50091 0.49909 3.76989e-05 3.76989e-05
0.50094 0.49906 3.76529e-05 3.76529e-05
0.50106 0.49894 3.81782e-05 3.81782e-05
0.5011 0.4989 3.80909e-05 3.80909e-05
0.50113 0.49887 3.7791e-05 3.7791e-05
0.50109 0.49891 3.82241e-05 3.82241e-05
0.50109 0.49891 3.88908e-05 3.88908e-05
0.50118 0.49882 4.05733e-05 4.05733e-05
0.50119 0.49881 4.12262e-05 4.12262e-05
0.5012 0.4988 4.20404e-05 4.20404e-05
0.50114 0.49886 4.21418e-05 4.21418e-05
0.50114 0.49886 4.25863e-05 4.25863e-05
0.50108 0.49892 4.33875e-05 4.33875e-05
0.50105 0.49895 4.3947e-05 4.3947e-05
0.50103 0.49897 4.45142e-05 4.45142e-05
0.50093 0.49907 4.4288e-05 4.4288e-05
0.50096 0.49904 4.51701e-05 4.51701e-05
0.50098 0.49902 4.66259e-05 4.66259e-05
0.501 0.499 4.54141e-05 4.54141e-05
0.50111 0.49889 4.70484e-05 4.70484e-05
0.50106 0.49894 4.74913e-05 4.74913e-05
0.50099 0.49901 4.74645e-05 4.74645e-05
0.501 0.499 4.79394e-05 4.79394e-05
0.50106 0.49894 4.82388e-05 4.82388e-05
0.50106 0.49894 4.87034e-05 4.87034e-05
0.50101 0.49899 4.78484e-05 4.78484e-05
0.50093 0.49907 4.78637e-05 4.78637e-05
0.50096 0.49904 4.82812e-05 4.82812e-05
0.50097 0.49903 4.82314e-05 4.82314e-05
0.50093 0.49907 4.89546e-05 4.89546e-05
0.50094 0.49906 4.90873e-05 4.90873e-05
0.50097 0.49903 5.07163e-05 5.07163e-05
0.50094 0.49906 5.03196e-05 5.03196e-05
0.50084 0.49916 5.00549e-05 5.00549e-05
0.50088 0.49912 4.9844e-05 4.9844e-05
0.50094 0.49906 4.98347e-05 4.98347e-05
0.50096 0.49904 5.14731e-05 5.14731e-05
0.50099 0.49901 5.26767e-05 5.26767e-05
0.50101 0.49899 5.27777e-05 5.27777e-05
0.50103 0.49897 5.3686e-05 5.3686e-05
0.50101 0.49899 5.48383e-05 5.48383e-05
0.501 0.499 5.36364e-05 5.36364e-05
0.50098 0.49902 5.44036e-05 5.44036e-05
0.50092 0.49908 5.40945e-05 5.40945e-05
0.50087 0.49913 5.45587e-05 5.45587e-05
0.5008 0.4992 5.56566e-05 5.56566e-05
0.50084 0.49916 5.69842e-05 5.69842e-05
0.50085 0.49915 5.78056e-05 5.78056e-05
0.50079 0.49921 5.94201e-05 5.94201e-05
0.50075 0.49925 5.97854e-05 5.97854e-05
0.50074 0.49926 6.08004e-05 6.08004e-05
0.50074 0.49926 6.11438e-05 6.11438e-05
0.50069 0.49931 6.24787e-05 6.24787e-05
0.5007 0.4993 6.21515e-05 6.21515e-05
0.50073 0.49927 6.27445e-05 6.27445e-05
0.50071 0.49929 6.31979e-05 6.31979e-05
0.50072 0.49928 6.28097e-05 6.28097e-05
0.50078 0.49922 6.35673e-05 6.35673e-05
0.50082 0.49918 6.45531e-05 6.45531e-05
0.50077 0.49923 6.52294e-05 6.52294e-05
0.50076 0.49924 6.47499e-05 6.47499e-05
0.50075 0.49925 6.47551e-05 6.47551e-05
0.50074 0.49926 6.5164e-05 6.5164e-05
0.50074 0.49926 6.57499e-05 6.57499e-05
0.5007 0.4993 6.63535e-05 6.63535e-05
0.50075 0.49925 6.66944e-05 6.66944e-05
0.50079 0.49921 6.81878e-05 6.81878e-05
0.50075 0.49925 6.83914e-05 6.83914e-05
0.50064 0.49936 6.78489e-05 6.78489e-05
0.50065 0.49935 6.87551e-05 6.87551e-05
0.50072 0.49928 6.91531e-05 6.91531e-05
0.50078 0.49922 6.89006e-05 6.89006e-05
0.50071 0.49929 6.89959e-05 6.89959e-05
0.50068 0.49932 6.94521e-05 6.94521e-05
0.50063 0.49937 7.00738e-05 7.00738e-05
0.50065 0.49935 7.13207e-05 7.13207e-05
0.50065 0.49935 7.11995e-05 7.11995e-05
0.50062 0.49938 7.15107e-05 7.15107e-05
0.50065 0.49935 7.16237e-05 7.16237e-05
0.50059 0.49941 7.18605e-05 7.18605e-05
0.50064 0.49936 7.23539e-05 7.23539e-05
0.50062 0.49938 7.11673e-05 7.11673e-05
0.50058 0.49942 7.16602e-05 7.16602e-05
0.50062 0.49938 7.2339e-05 7.2339e-05
0.50072 0.49928 7.37794e-05 7.37794e-05
0.50073 0.49927 7.43203e-05 7.43203e-05
0.50075 0.49925 7.54823e-05 7.54823e-05
0.50068 0.49932 7.76945e-05 7.76945e-05
0.50067 0.49933 7.84052e-05 7.84052e-05
0.50074 0.49926 7.92246e-05 7.92246e-05
0.50066 0.49934 8.01459e-05 8.01459e-05
0.50062 0.49938 8.28036e-05 8.28036e-05
0.50055 0.49945 8.41692e-05 8.41692e-05
0.50054 0.49946 8.48166e-05 8.48166e-05
0.50061 0.49939 8.51696e-05 8.51696e-05
0.50055 0.49945 8.55025e-05 8.55025e-05
0.50054 0.49946 8.60489e-05 8.60489e-05
0.50055 0.49945 8.70177e-05 8.70177e-05
0.50054 0.49946 8.76246e-05 8.76246e-05
0.5005 0.4995 8.70808e-05 8.70808e-05
0.50051 0.49949 8.83736e-05 8.83736e-05
0.50051 0.49949 8.95252e-05 8.95252e-05
0.50056 0.49944 9.04913e-05 9.04913e-05
0.50061 0.49939 9.15534e-05 9.15534e-05
0.50059 0.49941 9.24868e-05 9.24868e-05
0.50067 0.49933 9.3193e-05 9.3193e-05
0.5006 0.4994 9.33333e-05 9.33333e-05
0.50058 0.49942 9.43673e-05 9.43673e-05
0.50057 0.49943 9.61264e-05 9.61264e-05
0.50057 0.49943 9.69951e-05 9.69951e-05
0.50061 0.49939 9.70686e-05 9.70686e-05
0.50058 0.49942 9.82259e-05 9.82259e-05
0.50062 0.49938 9.79754e-05 9.79754e-05
0.5006 0.4994 9.79192e-05 9.79192e-05
0.5006 0.4994 9.7596e-05 9.7596e-05
0.50062 0.49938 9.87632e-05 9.87632e-05
0.5007 0.4993 9.86768e-05 9.86768e-05
0.50069 0.49931 0.00010064 0.00010064
0.50068 0.49932 9.97552e-05 9.97552e-05
0.50068 0.49932 9.95531e-05 9.95531e-05
0.50067 0.49933 9.96779e-05 9.96779e-05
0.50062 0.49938 0.000100016 0.000100016
0.50065 0.49935 9.99268e-05 9.99268e-05
0.50068 0.49932 0.000100503 0.000100503
0.50063 0.49937 0.000101549 0.000101549
0.50068 0.49932 0.000101149 0.000101149
0.50066 0.49934 0.000100813 0.000100813
0.50066 0.49934 0.000101156 0.000101156
0.50063 0.49937 0.000101246 0.000101246
0.50061 0.49939 0.000102584 0.000102584
0.50066 0.49934 0.000102914 0.000102914
0.50065 0.49935 0.000103482 0.000103482
0.50062 0.49938 0.000103693 0.000103693
0.50062 0.49938 0.000105309 0.000105309
0.50063 0.49937 0.000105892 0.000105892
0.50062 0.49938 0.000103773 0.000103773
0.50067 0.49933 0.000103213 0.000103213
0.50071 0.49929 0.000103339 0.000103339
0.5007 0.4993 0.000103667 0.000103667
0.50067 0.49933 0.000104042 0.000104042
0.50064 0.49936 0.000106051 0.000106051
0.50065 0.49935 0.000106977 0.000106977
0.50068 0.49932 0.000106826 0.000106826
0.50074 0.49926 0.000107386 0.000107386
0.50067 0.49933 0.000108203 0.000108203
0.50067 0.49933 0.000109415 0.000109415
0.50068 0.49932 0.000111291 0.000111291
0.50067 0.49933 0.000113092 0.000113092
0.50056 0.49944 0.000113299 0.000113299
0.50056 0.49944 0.000114107 0.000114107
0.50057 0.49943 0.000114833 0.000114833
0.50058 0.49942 0.000116812 0.000116812
0.50055 0.49945 0.000116129 0.000116129
0.50055 0.49945 0.000116816 0.000116816
0.50059 0.49941 0.00011578 0.00011578
0.50063 0.49937 0.000115205 0.000115205
0.50069 0.49931 0.000114842 0.000114842
0.50066 0.49934 0.000115883 0.000115883
0.50062 0.49938 0.000118198 0.000118198
0.50064 0.49936 0.00011995 0.00011995
0.50078 0.49922 0.000119688 0.000119688
0.50077 0.49923 0.000120482 0.000120482
0.50085 0.49915 0.000122492 0.000122492
0.50087 0.49913 0.000121872 0.000121872
0.50085 0.49915 0.000121886 0.000121886
0.50079 0.49921 0.000121824 0.000121824
0.50075 0.49925 0.000120917 0.000120917
0.50076 0.49924 0.000121982 0.000121982
0.5008 0.4992 0.000122646 0.000122646
0.50082 0.49918 0.000123341 0.000123341
0.50082 0.49918 0.00012324 0.00012324
0.5008 0.4992 0.000124323 0.000124323
0.50082 0.49918 0.0001232 0.0001232
0.50089 0.49911 0.000122786 0.000122786
0.5009 0.4991 0.000123081 0.000123081
0.50086 0.49914 0.000124283 0.000124283
0.5009 0.4991 0.000124293 0.000124293
0.50087 0.49913 0.000125246 0.000125246
0.50092 0.49908 0.000125064 0.000125064
0.50096 0.49904 0.000123938 0.000123938
0.50091 0.49909 0.000126103 0.000126103
0.50091 0.49909 0.000127497 0.000127497
0.50096 0.49904 0.000129069 0.000129069
0.50094 0.49906 0.000129148 0.000129148
0.5009 0.4991 0.000129263 0.000129263
0.50093 0.49907 0.000129884 0.000129884
0.50088 0.49912 0.000128874 0.000128874
0.50089 0.49911 0.000128786 0.000128786
0.50087 0.49913 0.000128357 0.000128357
0.50084 0.49916 0.00012852 0.00012852
0.5008 0.4992 0.000128646 0.000128646
0.5008 0.4992 0.000129677 0.000129677
0.50082 0.49918 0.000130432 0.000130432
0.50078 0.49922 0.000130234 0.000130234
0.5008 0.4992 0.000129919 0.000129919
0.50081 0.49919 0.000131186 0.000131186
0.50079 0.49921 0.000131339 0.000131339
0.5008 0.4992 0.000133596 0.000133596
0.50075 0.49925 0.000134452 0.000134452
0.50074 0.49926 0.000135811 0.000135811
0.50073 0.49927 0.000136967 0.000136967
0.50072 0.49928 0.000139416 0.000139416
0.50071 0.49929 0.000138915 0.000138915
0.5007 0.4993 0.000139848 0.000139848
0.50066 0.49934 0.000140186 0.000140186
0.50068 0.49932 0.000139573 0.000139573
0.50069 0.49931 0.000140155 0.000140155
0.50068 0.49932 0.000140927 0.000140927
0.50072 0.49928 0.000140305 0.000140305
0.50069 0.49931 0.000140903 0.000140903
0.50073 0.49927 0.000141391 0.000141391
0.50072 0.49928 0.000141719 0.000141719
0.50074 0.49926 0.000141992 0.000141992
0.50075 0.49925 0.000143684 0.000143684
0.50069 0.49931 0.000145549 0.000145549
0.50068 0.49932 0.000144523 0.000144523
0.50068 0.49932 0.000145897 0.000145897
0.5007 0.4993 0.000146475 0.000146475
0.50067 0.49933 0.000147577 0.000147577
0.50064 0.49936 0.000147425 0.000147425
0.50061 0.49939 0.000147412 0.000147412
0.50063 0.49937 0.000148013 0.000148013
0.5006 0.4994 0.000148848 0.000148848
0.50064 0.49936 0.000148536 0.000148536
0.50064 0.49936 0.00014894 0.00014894
0.50068 0.49932 0.000149129 0.000149129
0.50069 0.49931 0.000149428 0.000149428
0.50066 0.49934 0.000149944 0.000149944
0.50065 0.49935 0.000149543 0.000149543
0.50066 0.49934 0.000149722 0.000149722
0.50061 0.49939 0.000149654 0.000149654
0.50056 0.49944 0.000150976 0.000150976
0.50059 0.49941 0.00015077 0.00015077
0.50064 0.49936 0.000150819 0.000150819
0.5006 0.4994 0.000151172 0.000151172
0.50056 0.49944 0.000153138 0.000153138
0.50064 0.49936 0.000152536 0.000152536
0.50072 0.49928 0.000154163 0.000154163
0.50073 0.49927 0.000154745 0.000154745
0.50067 0.49933 0.000154284 0.000154284
0.50068 0.49932 0.000153311 0.000153311
0.50066 0.49934 0.000152893 0.000152893
0.50065 0.49935 0.000152856 0.000152856
0.50065 0.49935 0.000153422 0.000153422
0.50066 0.49934 0.000152813 0.000152813
0.50066 0.49934 0.000153499 0.000153499
0.50066 0.49934 0.000155661 0.000155661
0.50062 0.49938 0.000155531 0.000155531
0.50064 0.49936 0.000154374 0.000154374
0.50062 0.49938 0.000154359 0.000154359
0.50062 0.49938 0.000155309 0.000155309
0.50059 0.49941 0.000155598 0.000155598
0.50059 0.49941 0.000156184 0.000156184
0.50055 0.49945 0.000156836 0.000156836
0.50059 0.49941 0.000157234 0.000157234
0.50059 0.49941 0.000158366 0.000158366
0.50059 0.49941 0.000158487 0.000158487
0.50061 0.49939 0.00015721 0.00015721
0.50065 0.49935 0.000156896 0.000156896
0.50067 0.49933 0.000155759 0.000155759
0.50069 0.49931 0.000156701 0.000156701
0.50071 0.49929 0.000155885 0.000155885
0.5007 0.4993 0.000154232 0.000154232
0.5007 0.4993 0.000154071 0.000154071
0.5007 0.4993 0.000154677 0.000154677
0.50068 0.49932 0.000155351 0.000155351
0.50069 0.49931 0.000156297 0.000156297
0.50067 0.49933 0.000155738 0.000155738
0.50061 0.49939 0.000155331 0.000155331
0.5006 0.4994 0.000156283 0.000156283
0.50065 0.49935 0.000156876 0.000156876
0.50064 0.49936 0.000156314 0.000156314
0.50059 0.49941 0.000155861 0.000155861
0.50059 0.49941 0.000157174 0.000157174
0.50064 0.49936 0.000158334 0.000158334
0.50068 0.49932 0.000159129 0.000159129
0.50069 0.49931 0.000159327 0.000159327
0.50075 0.49925 0.000158654 0.000158654
0.50078 0.49922 0.00015882 0.00015882
0.50075 0.49925 0.00015827 0.00015827
0.50083 0.49917 0.000160042 0.000160042
0.50081 0.49919 0.000160034 0.000160034
0.5008 0.4992 0.000161475 0.000161475
0.5008 0.4992 0.000161212 0.000161212
0.50084 0.49916 0.000161267 0.000161267
0.50085 0.49915 0.000161987 0.000161987
0.50084 0.49916 0.000163267 0.000163267
0.50083 0.49917 0.000162749 0.000162749
0.50091 0.49909 0.000163194 0.000163194
0.50089 0.49911 0.000161634 0.000161634
0.50087 0.49913 0.000162256 0.000162256
0.50082 0.49918 0.000163624 0.000163624
0.50088 0.49912 0.000164389 0.000164389
0.50084 0.49916 0.000165388 0.000165388
0.50082 0.49918 0.000166937 0.000166937
0.50084 0.49916 0.000167893 0.000167893
0.50082 0.49918 0.00016724 0.00016724
0.50079 0.49921 0.000167703 0.000167703
0.50083 0.49917 0.000170668 0.000170668
0.50077 0.49923 0.000171128 0.000171128
0.50083 0.49917 0.000171274 0.000171274
0.50083 0.49917 0.000172304 0.000172304
0.50082 0.49918 0.000171301 0.000171301
0.50079 0.49921 0.00017144 0.00017144
0.50081 0.49919 0.000172681 0.000172681
0.5008 0.4992 0.000175051 0.000175051
0.50082 0.49918 0.000174129 0.000174129
0.50077 0.49923 0.000174078 0.000174078
0.50078 0.49922 0.000175729 0.000175729
0.50074 0.49926 0.000175265 0.000175265
0.50075 0.49925 0.00017621 0.00017621
0.50074 0.49926 0.000176821 0.000176821
0.5008 0.4992 0.000176485 0.000176485
0.5008 0.4992 0.000175576 0.000175576
0.50077 0.49923 0.000174037 0.000174037
0.50077 0.49923 0.00017333 0.00017333
0.50079 0.49921 0.000175137 0.000175137
0.5008 0.4992 0.000175374 0.000175374
0.50081 0.49919 0.000176559 0.000176559
0.50081 0.49919 0.000178701 0.000178701
0.50084 0.49916 0.000177368 0.000177368
0.50083 0.49917 0.000177415 0.000177415
0.50081 0.49919 0.000177368 0.000177368
0.50078 0.49922 0.000176779 0.000176779
0.50075 0.49925 0.000176533 0.000176533
0.50075 0.49925 0.00017625 0.00017625
0.50075 0.49925 0.000175866 0.000175866
0.50077 0.49923 0.000176341 0.000176341
0.5008 0.4992 0.000177717 0.000177717
0.50081 0.49919 0.00017763 0.00017763
0.50083 0.49917 0.000177698 0.000177698
0.50081 0.49919 0.000178256 0.000178256
0.50081 0.49919 0.000178782 0.000178782
0.50082 0.49918 0.000179947 0.000179947
0.50077 0.49923 0.000180906 0.000180906
0.50075 0.49925 0.000179563 0.000179563
0.50069 0.49931 0.000179469 0.000179469
0.50066 0.49934 0.000181499 0.000181499
0.50063 0.49937 0.000181549 0.000181549
0.50056 0.49944 0.000181986 0.000181986
0.50054 0.49946 0.000183281 0.000183281
0.50056 0.49944 0.000183501 0.000183501
0.50058 0.49942 0.000183983 0.000183983
0.50056 0.49944 0.000183966 0.000183966
0.50057 0.49943 0.000184248 0.000184248
0.50059 0.49941 0.000184426 0.000184426
0.50057 0.49943 0.000182571 0.000182571
0.50049 0.49951 0.00018201 0.00018201
0.5005 0.4995 0.000182515 0.000182515
0.50051 0.49949 0.000183263 0.000183263
0.50051 0.49949 0.000183121 0.000183121
0.50044 0.49956 0.000183299 0.000183299
0.50041 0.49959 0.000183962 0.000183962
0.50038 0.49962 0.000182763 0.000182763
0.50033 0.49967 0.00018493 0.00018493
0.50033 0.49967 0.000184264 0.000184264
0.50028 0.49972 0.000183537 0.000183537
0.50026 0.49974 0.000183568 0.000183568
0.50024 0.49976 0.000184487 0.000184487
0.50023 0.49977 0.00018329 0.00018329
0.50016 0.49984 0.000184116 0.000184116
0.50018 0.49982 0.000184129 0.000184129
0.50016 0.49984 0.000185489 0.000185489
0.50015 0.49985 0.00018526 0.00018526
0.50017 0.49983 0.00018493 0.00018493
0.50015 0.49985 0.000184492 0.000184492
0.50018 0.49982 0.000184775 0.000184775
0.50015 0.49985 0.000184452 0.000184452
0.50014 0.49986 0.00018499 0.00018499
0.50014 0.49986 0.000185778 0.000185778
0.50012 0.49988 0.000187662 0.000187662
0.50012 0.49988 0.000188612 0.000188612
0.50012 0.49988 0.00018845 0.00018845
0.50014 0.49986 0.000189516 0.000189516
0.50015 0.49985 0.000189523 0.000189523
0.50022 0.49978 0.000190456 0.000190456
0.50019 0.49981 0.000190115 0.000190115
0.50019 0.49981 0.000190155 0.000190155
0.50019 0.49981 0.000190883 0.000190883
0.50016 0.49984 0.000190075 0.000190075
0.50019 0.49981 0.00019157 0.00019157
0.5002 0.4998 0.000191596 0.000191596
0.50026 0.49974 0.000191285 0.000191285
0.50027 0.49973 0.000192522 0.000192522
0.50024 0.49976 0.000192669 0.000192669
0.50026 0.49974 0.000191891 0.000191891
0.50029 0.49971 0.000192612 0.000192612
0.50032 0.49968 0.000192987 0.000192987
0.50032 0.49968 0.000192907 0.000192907
0.5003 0.4997 0.00019403 0.00019403
0.50027 0.49973 0.000194543 0.000194543
0.50026 0.49974 0.000196194 0.000196194
0.50031 0.49969 0.000195246 0.000195246
0.50035 0.49965 0.000195745 0.000195745
0.50038 0.49962 0.000195834 0.000195834
0.50038 0.49962 0.00019547 0.00019547
0.50041 0.49959 0.000195133 0.000195133
0.50038 0.49962 0.00019644 0.00019644
0.50036 0.49964 0.000197425 0.000197425
0.50037 0.49963 0.000197448 0.000197448
0.50035 0.49965 0.000196997 0.000196997
0.50034 0.49966 0.000197742 0.000197742
0.50038 0.49962 0.000196379 0.000196379
0.50041 0.49959 0.000196628 0.000196628
0.5004 0.4996 0.000196343 0.000196343
0.50043 0.49957 0.000196207 0.000196207
0.50041 0.49959 0.000197315 0.000197315
0.50041 0.49959 0.00019784 0.00019784
0.50043 0.49957 0.00019746 0.00019746
0.50047 0.49953 0.000199161 0.000199161
0.50051 0.49949 0.00019999 0.00019999
0.50046 0.49954 0.000201483 0.000201483
0.50049 0.49951 0.000202495 0.000202495
0.50047 0.49953 0.000201444 0.000201444
0.50044 0.49956 0.000201522 0.000201522
0.50045 0.49955 0.00020126 0.00020126
0.50044 0.49956 0.000201643 0.000201643
0.50041 0.49959 0.000201436 0.000201436
0.50047 0.49953 0.000201827 0.000201827
0.50044 0.49956 0.000201804 0.000201804
0.50049 0.49951 0.000202131 0.000202131
0.50048 0.49952 0.000201808 0.000201808
0.50044 0.49956 0.000201259 0.000201259
0.50045 0.49955 0.000201866 0.000201866
0.50048 0.49952 0.000201646 0.000201646
0.5005 0.4995 0.000201909 0.000201909
0.50049 0.49951 0.000202495 0.000202495
0.50047 0.49953 0.000202797 0.000202797
0.50041 0.49959 0.000203901 0.000203901
0.50042 0.49958 0.000204226 0.000204226
0.50047 0.49953 0.000205302 0.000205302
0.50046 0.49954 0.000205039 0.000205039
0.5005 0.4995 0.000205869 0.000205869
0.5005 0.4995 0.000204455 0.000204455
0.50053 0.49947 0.000205666 0.000205666
0.50054 0.49946 0.000205928 0.000205928
0.50048 0.49952 0.000205808 0.000205808
0.50048 0.49952 0.000205303 0.000205303
0.50054 0.49946 0.000205241 0.000205241
0.50054 0.49946 0.000205705 0.000205705
0.50056 0.49944 0.000206976 0.000206976
0.50055 0.49945 0.000206311 0.000206311
0.50055 0.49945 0.000206735 0.000206735
0.50061 0.49939 0.000207372 0.000207372
0.50059 0.49941 0.000206527 0.000206527
0.50052 0.49948 0.000208697 0.000208697
0.50049 0.49951 0.000210959 0.000210959
0.50052 0.49948 0.000210757 0.000210757
0.50051 0.49949 0.000210919 0.000210919
0.50053 0.49947 0.000211181 0.000211181
0.50048 0.49952 0.000213383 0.000213383
0.50051 0.49949 0.000213727 0.000213727
0.50049 0.49951 0.000214374 0.000214374
0.50047 0.49953 0.000213524 0.000213524
0.50046 0.49954 0.000212069 0.000212069
0.50042 0.49958 0.000214024 0.000214024
0.50043 0.49957 0.000213763 0.000213763
0.50042 0.49958 0.000214266 0.000214266
0.50043 0.49957 0.000214854 0.000214854
0.50043 0.49957 0.000214409 0.000214409
0.50043 0.49957 0.000214975 0.000214975
0.50044 0.49956 0.000215077 0.000215077
0.50044 0.49956 0.000213784 0.000213784
0.50046 0.49954 0.000213443 0.000213443
0.50046 0.49954 0.000213301 0.000213301
