0.50086 0.49914 0.000284768 0.000284768
0.50193 0.49807 0.000939379 0.000939379
0.5018 0.4982 0.00186172 0.00186172
0.50207 0.49793 0.00292031 0.00292031
0.50286 0.49714 0.00398384 0.00398384
0.50342 0.49658 0.00505722 0.00505722
0.50368 0.49632 0.00612578 0.00612578
0.5041 0.4959 0.00708274 0.00708274
0.50483 0.49517 0.00810491 0.00810491
0.50494 0.49506 0.00895909 0.00895909
0.5048 0.4952 0.00964319 0.00964319
0.50535 0.49465 0.0104932 0.0104932
0.50576 0.49424 0.0112654 0.0112654
0.50574 0.49426 0.0119402 0.0119402
0.50621 0.49379 0.012589 0.012589
0.50619 0.49381 0.0131422 0.0131422
0.50637 0.49363 0.0137177 0.0137177
0.50618 0.49382 0.0142443 0.0142443
0.50617 0.49383 0.0147412 0.0147412
0.50608 0.49392 0.0153607 0.0153607
0.50644 0.49356 0.0158867 0.0158867
0.50653 0.49347 0.0164069 0.0164069
0.50672 0.49328 0.0168577 0.0168577
0.5071 0.4929 0.0172593 0.0172593
0.507 0.493 0.0177154 0.0177154
0.50714 0.49286 0.0181586 0.0181586
0.50696 0.49304 0.0185674 0.0185674
0.50733 0.49267 0.0188308 0.0188308
0.50732 0.49268 0.0191455 0.0191455
0.5073 0.4927 0.0194628 0.0194628
0.50753 0.49247 0.01983 0.01983
0.50748 0.49252 0.0201087 0.0201087
0.50782 0.49218 0.0202471 0.0202471
0.50766 0.49234 0.020427 0.020427
0.50753 0.49247 0.0206695 0.0206695
0.50785 0.49215 0.020952 0.020952
0.50769 0.49231 0.0211415 0.0211415
0.50752 0.49248 0.0213261 0.0213261
0.50755 0.49245 0.0215156 0.0215156
0.50766 0.49234 0.021742 0.021742
0.50761 0.49239 0.0219664 0.0219664
0.50767 0.49233 0.0221664 0.0221664
0.50763 0.49237 0.0223316 0.0223316
0.50757 0.49243 0.0225052 0.0225052
0.50769 0.49231 0.0226597 0.0226597
0.50769 0.49231 0.022788 0.022788
0.50762 0.49238 0.0229179 0.0229179
0.50767 0.49233 0.0231409 0.0231409
0.50792 0.49208 0.0232307 0.0232307
0.50784 0.49216 0.02339 0.02339
0.50791 0.49209 0.0234852 0.0234852
0.50789 0.49211 0.0235311 0.0235311
0.508 0.492 0.0235966 0.0235966
0.50797 0.49203 0.02366 0.02366
0.50808 0.49192 0.0237029 0.0237029
0.50798 0.49202 0.0237854 0.0237854
0.50801 0.49199 0.023834 0.023834
0.5079 0.4921 0.0239039 0.0239039
0.50805 0.49195 0.0239972 0.0239972
0.50802 0.49198 0.0240527 0.0240527
0.508 0.492 0.0241085 0.0241085
0.50797 0.49203 0.024171 0.024171
0.50798 0.49202 0.0242503 0.0242503
0.50813 0.49187 0.0242365 0.0242365
0.5082 0.4918 0.024293 0.024293
0.50816 0.49184 0.024372 0.024372
0.50823 0.49177 0.0243846 0.0243846
0.50823 0.49177 0.0244074 0.0244074
0.5082 0.4918 0.0244289 0.0244289
0.50829 0.49171 0.0244422 0.0244422
0.5083 0.4917 0.024467 0.024467
0.50827 0.49173 0.024506 0.024506
0.50837 0.49163 0.0245309 0.0245309
0.5084 0.4916 0.0245037 0.0245037
0.50838 0.49162 0.0245253 0.0245253
0.50835 0.49165 0.0245302 0.0245302
0.50834 0.49166 0.0245684 0.0245684
0.50839 0.49161 0.0245923 0.0245923
0.50833 0.49167 0.0245976 0.0245976
0.5084 0.4916 0.0246134 0.0246134
0.50842 0.49158 0.0246298 0.0246298
0.50844 0.49156 0.0246386 0.0246386
0.50845 0.49155 0.0246346 0.0246346
0.50852 0.49148 0.0246364 0.0246364
0.50861 0.49139 0.0246564 0.0246564
0.50864 0.49136 0.0246759 0.0246759
0.50862 0.49138 0.0246937 0.0246937
0.5087 0.4913 0.0247052 0.0247052
0.50861 0.49139 0.0247105 0.0247105
0.50866 0.49134 0.0246952 0.0246952
0.50872 0.49128 0.0246938 0.0246938
0.50874 0.49126 0.024732 0.024732
0.5087 0.4913 0.0247268 0.0247268
0.50877 0.49123 0.0247205 0.0247205
0.50874 0.49126 0.024705 0.024705
0.5088 0.4912 0.0247113 0.0247113
0.50883 0.49117 0.0247357 0.0247357
0.50884 0.49116 0.0247554 0.0247554
0.50885 0.49115 0.0247504 0.0247504
0.50888 0.49112 0.0247387 0.0247387
0.509 0.491 0.0247349 0.0247349
0.50899 0.49101 0.0247607 0.0247607
0.50894 0.49106 0.0247576 0.0247576
0.509 0.491 0.024756 0.024756
0.50901 0.49099 0.024748 0.024748
0.50897 0.49103 0.0247757 0.0247757
0.50892 0.49108 0.02477 0.02477
0.50888 0.49112 0.0247693 0.0247693
0.50896 0.49104 0.0247688 0.0247688
0.50896 0.49104 0.0247759 0.0247759
0.50895 0.49105 0.0247857 0.0247857
0.50904 0.49096 0.0247891 0.0247891
0.50905 0.49095 0.0248053 0.0248053
0.50898 0.49102 0.0248111 0.0248111
0.50901 0.49099 0.0248029 0.0248029
0.50898 0.49102 0.0248081 0.0248081
0.50899 0.49101 0.024805 0.024805
0.50902 0.49098 0.0248071 0.0248071
0.50901 0.49099 0.0248074 0.0248074
0.50895 0.49105 0.0248247 0.0248247
0.50901 0.49099 0.024821 0.024821
0.50904 0.49096 0.0248249 0.0248249
0.50908 0.49092 0.0248358 0.0248358
0.50906 0.49094 0.0248413 0.0248413
0.50904 0.49096 0.0248455 0.0248455
0.50906 0.49094 0.024843 0.024843
0.50917 0.49083 0.0248367 0.0248367
0.5092 0.4908 0.024851 0.024851
0.50917 0.49083 0.0248494 0.0248494
0.50919 0.49081 0.0248479 0.0248479
0.50924 0.49076 0.0248476 0.0248476
0.50929 0.49071 0.0248375 0.0248375
0.50927 0.49073 0.0248397 0.0248397
0.5092 0.4908 0.024842 0.024842
0.50919 0.49081 0.0248414 0.0248414
0.50913 0.49087 0.0248358 0.0248358
0.50916 0.49084 0.0248469 0.0248469
0.50918 0.49082 0.0248435 0.0248435
0.50924 0.49076 0.0248485 0.0248485
0.5093 0.4907 0.0248496 0.0248496
0.50932 0.49068 0.0248506 0.0248506
0.50941 0.49059 0.0248513 0.0248513
0.5094 0.4906 0.0248398 0.0248398
0.5094 0.4906 0.0248401 0.0248401
0.50934 0.49066 0.024845 0.024845
0.50934 0.49066 0.0248443 0.0248443
0.50929 0.49071 0.0248541 0.0248541
0.50928 0.49072 0.0248662 0.0248662
0.50925 0.49075 0.0248796 0.0248796
0.50928 0.49072 0.024884 0.024884
0.50925 0.49075 0.0248888 0.0248888
0.50921 0.49079 0.0249008 0.0249008
0.50922 0.49078 0.0249153 0.0249153
0.50922 0.49078 0.0249146 0.0249146
0.50916 0.49084 0.0249438 0.0249438
0.50923 0.49077 0.0249475 0.0249475
0.50923 0.49077 0.0249477 0.0249477
0.50921 0.49079 0.0249566 0.0249566
0.50925 0.49075 0.0249701 0.0249701
0.50927 0.49073 0.0249729 0.0249729
0.5092 0.4908 0.0249773 0.0249773
0.50925 0.49075 0.0249842 0.0249842
0.5093 0.4907 0.024998 0.024998
0.5093 0.4907 0.0250044 0.0250044
0.50929 0.49071 0.0250128 0.0250128
0.50923 0.49077 0.0250247 0.0250247
0.50923 0.49077 0.0250287 0.0250287
0.50921 0.49079 0.025026 0.025026
0.50924 0.49076 0.0250367 0.0250367
0.50928 0.49072 0.0250435 0.0250435
0.50926 0.49074 0.0250531 0.0250531
0.50926 0.49074 0.025043 0.025043
0.50928 0.49072 0.0250464 0.0250464
0.50925 0.49075 0.02506 0.02506
0.50926 0.49074 0.0250676 0.0250676
0.50927 0.49073 0.0250641 0.0250641
0.50929 0.49071 0.0250594 0.0250594
0.50932 0.49068 0.0250666 0.0250666
0.50932 0.49068 0.0250733 0.0250733
0.50934 0.49066 0.0250686 0.0250686
0.50927 0.49073 0.0250759 0.0250759
0.50924 0.49076 0.0250877 0.0250877
0.50927 0.49073 0.0250915 0.0250915
0.50923 0.49077 0.0251099 0.0251099
0.50923 0.49077 0.0251159 0.0251159
0.50918 0.49082 0.0251335 0.0251335
0.50917 0.49083 0.0251328 0.0251328
0.50918 0.49082 0.0251433 0.0251433
0.50919 0.49081 0.0251398 0.0251398
0.50911 0.49089 0.0251638 0.0251638
0.50914 0.49086 0.0251692 0.0251692
0.50916 0.49084 0.0251772 0.0251772
0.50917 0.49083 0.0251985 0.0251985
0.50913 0.49087 0.0252161 0.0252161
0.50911 0.49089 0.0252211 0.0252211
0.50911 0.49089 0.0252407 0.0252407
0.50907 0.49093 0.0252499 0.0252499
0.50907 0.49093 0.0252562 0.0252562
0.50906 0.49094 0.0252639 0.0252639
0.50911 0.49089 0.0252617 0.0252617
0.50917 0.49083 0.025273 0.025273
0.50921 0.49079 0.0252868 0.0252868
0.5092 0.4908 0.0252943 0.0252943
0.50916 0.49084 0.0253105 0.0253105
0.50914 0.49086 0.0253055 0.0253055
0.50915 0.49085 0.0253092 0.0253092
0.50914 0.49086 0.0253223 0.0253223
0.50914 0.49086 0.0253281 0.0253281
0.50918 0.49082 0.025329 0.025329
0.50917 0.49083 0.0253327 0.0253327
0.50915 0.49085 0.0253392 0.0253392
0.50913 0.49087 0.0253408 0.0253408
0.50913 0.49087 0.0253403 0.0253403
0.50917 0.49083 0.0253522 0.0253522
0.50917 0.49083 0.0253675 0.0253675
0.50918 0.49082 0.025378 0.025378
0.50918 0.49082 0.0253917 0.0253917
0.50915 0.49085 0.0254039 0.0254039
0.50917 0.49083 0.0254022 0.0254022
0.50917 0.49083 0.0254034 0.0254034
0.50916 0.49084 0.0253991 0.0253991
0.50919 0.49081 0.025402 0.025402
0.50917 0.49083 0.0254096 0.0254096
0.50917 0.49083 0.0254121 0.0254121
0.5092 0.4908 0.0254215 0.0254215
0.5092 0.4908 0.0254385 0.0254385
0.5092 0.4908 0.0254541 0.0254541
0.50916 0.49084 0.0254669 0.0254669
0.5092 0.4908 0.0254803 0.0254803
0.50914 0.49086 0.0254861 0.0254861
0.50913 0.49087 0.0255014 0.0255014
0.50911 0.49089 0.0255149 0.0255149
0.50914 0.49086 0.0255309 0.0255309
0.50915 0.49085 0.0255316 0.0255316
0.50915 0.49085 0.0255349 0.0255349
0.50911 0.49089 0.0255395 0.0255395
0.50912 0.49088 0.0255451 0.0255451
0.50913 0.49087 0.0255432 0.0255432
0.50914 0.49086 0.025545 0.025545
0.50914 0.49086 0.0255456 0.0255456
0.50914 0.49086 0.0255623 0.0255623
0.50918 0.49082 0.0255675 0.0255675
0.50914 0.49086 0.0255792 0.0255792
0.50913 0.49087 0.0255861 0.0255861
0.50913 0.49087 0.0255905 0.0255905
0.50913 0.49087 0.0255903 0.0255903
0.50915 0.49085 0.0256036 0.0256036
0.50919 0.49081 0.0255952 0.0255952
0.50922 0.49078 0.0256024 0.0256024
0.50919 0.49081 0.0256056 0.0256056
0.50921 0.49079 0.0256063 0.0256063
0.50918 0.49082 0.0256166 0.0256166
0.50921 0.49079 0.0256219 0.0256219
0.50923 0.49077 0.0256265 0.0256265
0.50924 0.49076 0.0256321 0.0256321
0.50922 0.49078 0.0256375 0.0256375
0.50925 0.49075 0.0256411 0.0256411
0.50924 0.49076 0.025645 0.025645
0.50925 0.49075 0.02565 0.02565
0.50922 0.49078 0.0256562 0.0256562
0.50917 0.49083 0.0256707 0.0256707
0.50919 0.49081 0.0256754 0.0256754
0.5092 0.4908 0.0256816 0.0256816
0.50916 0.49084 0.0256864 0.0256864
0.50916 0.49084 0.0256934 0.0256934
0.50916 0.49084 0.0257013 0.0257013
0.50913 0.49087 0.0257058 0.0257058
0.50913 0.49087 0.0257097 0.0257097
0.50912 0.49088 0.0257105 0.0257105
0.50912 0.49088 0.0257131 0.0257131
0.50912 0.49088 0.0257111 0.0257111
0.50914 0.49086 0.0257153 0.0257153
0.50911 0.49089 0.0257333 0.0257333
0.50911 0.49089 0.0257356 0.0257356
0.50908 0.49092 0.0257515 0.0257515
0.50909 0.49091 0.0257488 0.0257488
0.50907 0.49093 0.0257596 0.0257596
0.50907 0.49093 0.0257547 0.0257547
0.5091 0.4909 0.025744 0.025744
0.50911 0.49089 0.0257469 0.0257469
0.50911 0.49089 0.0257467 0.0257467
0.50909 0.49091 0.0257691 0.0257691
0.50908 0.49092 0.025778 0.025778
0.50908 0.49092 0.0257846 0.0257846
0.50912 0.49088 0.0257822 0.0257822
0.50915 0.49085 0.0257853 0.0257853
0.50915 0.49085 0.0257907 0.0257907
0.50917 0.49083 0.0257931 0.0257931
0.50917 0.49083 0.025797 0.025797
0.5092 0.4908 0.0258092 0.0258092
0.50923 0.49077 0.0258243 0.0258243
0.50928 0.49072 0.0258293 0.0258293
0.50929 0.49071 0.0258261 0.0258261
0.50932 0.49068 0.025821 0.025821
0.50936 0.49064 0.025821 0.025821
0.50943 0.49057 0.025826 0.025826
0.50942 0.49058 0.0258276 0.0258276
0.50941 0.49059 0.025834 0.025834
0.50941 0.49059 0.0258459 0.0258459
0.50941 0.49059 0.025846 0.025846
0.50939 0.49061 0.0258498 0.0258498
0.50941 0.49059 0.0258483 0.0258483
0.5094 0.4906 0.0258599 0.0258599
0.5094 0.4906 0.025862 0.025862
0.50943 0.49057 0.0258536 0.0258536
0.50945 0.49055 0.0258568 0.0258568
0.50945 0.49055 0.0258515 0.0258515
0.50944 0.49056 0.0258598 0.0258598
0.50944 0.49056 0.0258682 0.0258682
0.50944 0.49056 0.0258724 0.0258724
0.50947 0.49053 0.0258898 0.0258898
0.50947 0.49053 0.0258926 0.0258926
0.50948 0.49052 0.0258916 0.0258916
0.50947 0.49053 0.025902 0.025902
0.50947 0.49053 0.0258956 0.0258956
0.50947 0.49053 0.025905 0.025905
0.50951 0.49049 0.0259004 0.0259004
0.50952 0.49048 0.0259039 0.0259039
0.50949 0.49051 0.0259131 0.0259131
0.50951 0.49049 0.0259135 0.0259135
0.50951 0.49049 0.0259135 0.0259135
0.50953 0.49047 0.0259135 0.0259135
0.50956 0.49044 0.025923 0.025923
0.50958 0.49042 0.0259147 0.0259147
0.5096 0.4904 0.0259216 0.0259216
0.50961 0.49039 0.0259205 0.0259205
0.50962 0.49038 0.0259195 0.0259195
0.50963 0.49037 0.0259282 0.0259282
0.50961 0.49039 0.0259345 0.0259345
0.5096 0.4904 0.0259357 0.0259357
0.5096 0.4904 0.0259389 0.0259389
0.50963 0.49037 0.0259457 0.0259457
0.50964 0.49036 0.0259491 0.0259491
0.50961 0.49039 0.0259532 0.0259532
0.50963 0.49037 0.0259623 0.0259623
0.50961 0.49039 0.0259594 0.0259594
0.50962 0.49038 0.0259571 0.0259571
0.50965 0.49035 0.0259725 0.0259725
0.50967 0.49033 0.0259787 0.0259787
0.50966 0.49034 0.0259735 0.0259735
0.50966 0.49034 0.0259735 0.0259735
0.50964 0.49036 0.025973 0.025973
0.50963 0.49037 0.0259732 0.0259732
0.50961 0.49039 0.0259841 0.0259841
0.50963 0.49037 0.0259778 0.0259778
0.5096 0.4904 0.0259755 0.0259755
0.50959 0.49041 0.0259799 0.0259799
0.50958 0.49042 0.0259918 0.0259918
0.50959 0.49041 0.0259985 0.0259985
0.50959 0.49041 0.0260054 0.0260054
0.50963 0.49037 0.025999 0.025999
0.50958 0.49042 0.0260042 0.0260042
0.50959 0.49041 0.0260225 0.0260225
0.50956 0.49044 0.0260393 0.0260393
0.50957 0.49043 0.0260484 0.0260484
0.50958 0.49042 0.0260499 0.0260499
0.50958 0.49042 0.0260499 0.0260499
0.50959 0.49041 0.0260586 0.0260586
0.50958 0.49042 0.0260733 0.0260733
0.50957 0.49043 0.0260753 0.0260753
0.50955 0.49045 0.026061 0.026061
0.50956 0.49044 0.0260675 0.0260675
0.50959 0.49041 0.0260729 0.0260729
0.50957 0.49043 0.0260783 0.0260783
0.50957 0.49043 0.0260774 0.0260774
0.50959 0.49041 0.0260831 0.0260831
0.50957 0.49043 0.02609 0.02609
0.50956 0.49044 0.0260927 0.0260927
0.50956 0.49044 0.0260917 0.0260917
0.50959 0.49041 0.0260986 0.0260986
0.50955 0.49045 0.0261017 0.0261017
0.50953 0.49047 0.0261079 0.0261079
0.50954 0.49046 0.0261071 0.0261071
0.50953 0.49047 0.0261099 0.0261099
0.50953 0.49047 0.0261145 0.0261145
0.50954 0.49046 0.0261214 0.0261214
0.50953 0.49047 0.0261215 0.0261215
0.50956 0.49044 0.0261303 0.0261303
0.50954 0.49046 0.0261321 0.0261321
0.50954 0.49046 0.0261396 0.0261396
0.50954 0.49046 0.0261468 0.0261468
0.50956 0.49044 0.0261439 0.0261439
0.50958 0.49042 0.0261412 0.0261412
0.50958 0.49042 0.0261457 0.0261457
0.50957 0.49043 0.0261503 0.0261503
0.50959 0.49041 0.0261593 0.0261593
0.50956 0.49044 0.0261665 0.0261665
0.50956 0.49044 0.026169 0.026169
0.50954 0.49046 0.0261745 0.0261745
0.50954 0.49046 0.026174 0.026174
0.50955 0.49045 0.0261777 0.0261777
0.50954 0.49046 0.0261811 0.0261811
0.50951 0.49049 0.0261927 0.0261927
0.50952 0.49048 0.0262008 0.0262008
0.50952 0.49048 0.0261996 0.0261996
0.50953 0.49047 0.026205 0.026205
0.50951 0.49049 0.0262097 0.0262097
0.50952 0.49048 0.0262133 0.0262133
0.50954 0.49046 0.026214 0.026214
0.50954 0.49046 0.026214 0.026214
0.50953 0.49047 0.0262208 0.0262208
0.50953 0.49047 0.0262197 0.0262197
0.50953 0.49047 0.0262272 0.0262272
0.50954 0.49046 0.0262342 0.0262342
0.50955 0.49045 0.0262304 0.0262304
0.50955 0.49045 0.02623 0.02623
0.50957 0.49043 0.0262439 0.0262439
0.50957 0.49043 0.026255 0.026255
0.50959 0.49041 0.0262564 0.0262564
0.50961 0.49039 0.0262582 0.0262582
0.5096 0.4904 0.0262701 0.0262701
0.50961 0.49039 0.0262853 0.0262853
0.50959 0.49041 0.0262912 0.0262912
0.50958 0.49042 0.026292 0.026292
0.50956 0.49044 0.0263024 0.0263024
0.50956 0.49044 0.0262957 0.0262957
0.50954 0.49046 0.0262959 0.0262959
0.50953 0.49047 0.0263043 0.0263043
0.50952 0.49048 0.0263161 0.0263161
0.50955 0.49045 0.0263194 0.0263194
0.50958 0.49042 0.0263286 0.0263286
0.50958 0.49042 0.0263295 0.0263295
0.50958 0.49042 0.0263273 0.0263273
0.50957 0.49043 0.0263405 0.0263405
0.50957 0.49043 0.0263464 0.0263464
0.50957 0.49043 0.0263464 0.0263464
0.50956 0.49044 0.0263537 0.0263537
0.50955 0.49045 0.0263556 0.0263556
0.50957 0.49043 0.0263547 0.0263547
0.50958 0.49042 0.0263584 0.0263584
0.50958 0.49042 0.0263585 0.0263585
0.5096 0.4904 0.0263663 0.0263663
0.50956 0.49044 0.0263747 0.0263747
0.50956 0.49044 0.0263849 0.0263849
0.50956 0.49044 0.0263849 0.0263849
0.50955 0.49045 0.0263926 0.0263926
0.50956 0.49044 0.0263953 0.0263953
0.50955 0.49045 0.0264005 0.0264005
0.50955 0.49045 0.0264037 0.0264037
0.50951 0.49049 0.0264147 0.0264147
0.50951 0.49049 0.0264267 0.0264267
0.50951 0.49049 0.0264317 0.0264317
0.50953 0.49047 0.0264372 0.0264372
0.50952 0.49048 0.0264393 0.0264393
0.5095 0.4905 0.0264565 0.0264565
0.5095 0.4905 0.0264565 0.0264565
0.5095 0.4905 0.0264565 0.0264565
0.50953 0.49047 0.0264583 0.0264583
0.50953 0.49047 0.0264662 0.0264662
0.50956 0.49044 0.0264719 0.0264719
0.50959 0.49041 0.0264755 0.0264755
0.5096 0.4904 0.0264724 0.0264724
0.5096 0.4904 0.0264794 0.0264794
0.50962 0.49038 0.0264875 0.0264875
0.50962 0.49038 0.0264923 0.0264923
0.50962 0.49038 0.0264898 0.0264898
0.5096 0.4904 0.0264898 0.0264898
0.50958 0.49042 0.0264927 0.0264927
0.50958 0.49042 0.0264975 0.0264975
0.50957 0.49043 0.0265118 0.0265118
0.50956 0.49044 0.0265138 0.0265138
0.50956 0.49044 0.0265138 0.0265138
0.50955 0.49045 0.026518 0.026518
0.50954 0.49046 0.0265213 0.0265213
0.50954 0.49046 0.0265232 0.0265232
0.50955 0.49045 0.0265251 0.0265251
0.50957 0.49043 0.0265247 0.0265247
0.50957 0.49043 0.0265345 0.0265345
0.50958 0.49042 0.0265373 0.0265373
0.50957 0.49043 0.0265478 0.0265478
0.50957 0.49043 0.0265481 0.0265481
0.50956 0.49044 0.0265513 0.0265513
0.50956 0.49044 0.0265513 0.0265513
0.50957 0.49043 0.0265564 0.0265564
0.50957 0.49043 0.0265565 0.0265565
0.50956 0.49044 0.0265587 0.0265587
0.50958 0.49042 0.0265561 0.0265561
0.50958 0.49042 0.0265552 0.0265552
0.5096 0.4904 0.026547 0.026547
0.50961 0.49039 0.0265453 0.0265453
0.50961 0.49039 0.0265456 0.0265456
0.5096 0.4904 0.0265505 0.0265505
0.50954 0.49046 0.0265609 0.0265609
0.50954 0.49046 0.0265591 0.0265591
0.50953 0.49047 0.0265613 0.0265613
0.50955 0.49045 0.0265601 0.0265601
0.50958 0.49042 0.0265559 0.0265559
0.50956 0.49044 0.0265721 0.0265721
0.50958 0.49042 0.0265779 0.0265779
0.50956 0.49044 0.0265853 0.0265853
0.50954 0.49046 0.0265895 0.0265895
0.50952 0.49048 0.026596 0.026596
0.50952 0.49048 0.0265985 0.0265985
0.50953 0.49047 0.0265969 0.0265969
0.50952 0.49048 0.0266011 0.0266011
0.50953 0.49047 0.0266031 0.0266031
0.50951 0.49049 0.0266015 0.0266015
0.50951 0.49049 0.0265996 0.0265996
0.50949 0.49051 0.0266038 0.0266038
0.50952 0.49048 0.0266023 0.0266023
