0.54694 0.45306 0.000233431 0.000233431
0.54629 0.45371 0.000300471 0.000300471
0.54562 0.45438 0.000380925 0.000380925
0.54518 0.45482 0.000437604 0.000437604
0.54466 0.45534 0.000480449 0.000480449
0.54464 0.45536 0.000507647 0.000507647
0.54467 0.45533 0.000553334 0.000553334
0.54529 0.45471 0.000653562 0.000653562
0.54461 0.45539 0.000773735 0.000773735
0.54477 0.45523 0.00082327 0.00082327
0.54478 0.45522 0.000814699 0.000814699
0.54418 0.45582 0.000758149 0.000758149
0.54496 0.45504 0.000793089 0.000793089
0.54456 0.45544 0.000829865 0.000829865
0.54517 0.45483 0.000880708 0.000880708
0.54457 0.45543 0.000921621 0.000921621
0.54404 0.45596 0.000921857 0.000921857
0.54423 0.45577 0.000911957 0.000911957
0.54278 0.45722 0.000882638 0.000882638
0.54225 0.45775 0.000921967 0.000921967
0.54357 0.45643 0.000987116 0.000987116
0.54469 0.45531 0.000986256 0.000986256
0.5444 0.4556 0.000989253 0.000989253
0.54261 0.45739 0.000968846 0.000968846
0.54314 0.45686 0.000960808 0.000960808
0.54332 0.45668 0.000983169 0.000983169
0.54391 0.45609 0.00105556 0.00105556
0.54465 0.45535 0.00110027 0.00110027
0.54473 0.45527 0.00106745 0.00106745
0.54488 0.45512 0.00112859 0.00112859
0.54523 0.45477 0.00115519 0.00115519
0.5455 0.4545 0.0011248 0.0011248
0.54491 0.45509 0.00115049 0.00115049
0.54592 0.45408 0.00117603 0.00117603
0.54458 0.45542 0.001176 0.001176
0.54442 0.45558 0.00120225 0.00120225
0.54363 0.45637 0.00124222 0.00124222
0.54384 0.45616 0.00121175 0.00121175
0.54447 0.45553 0.00123084 0.00123084
0.54559 0.45441 0.00124247 0.00124247
0.54471 0.45529 0.00124896 0.00124896
0.54548 0.45452 0.00130714 0.00130714
0.5463 0.4537 0.00120546 0.00120546
0.54582 0.45418 0.00117148 0.00117148
0.5465 0.4535 0.00114823 0.00114823
0.54575 0.45425 0.00106728 0.00106728
0.54465 0.45535 0.00101172 0.00101172
0.54407 0.45593 0.00104962 0.00104962
0.54521 0.45479 0.00108087 0.00108087
0.54471 0.45529 0.00104481 0.00104481
0.54492 0.45508 0.00109783 0.00109783
0.54459 0.45541 0.00110697 0.00110697
0.54447 0.45553 0.00115912 0.00115912
0.54428 0.45572 0.00109929 0.00109929
0.54462 0.45538 0.00116345 0.00116345
0.54525 0.45475 0.00113368 0.00113368
0.54555 0.45445 0.00122936 0.00122936
0.54389 0.45611 0.00123592 0.00123592
0.544 0.456 0.0012578 0.0012578
0.54357 0.45643 0.0013096 0.0013096
0.54522 0.45478 0.00130431 0.00130431
0.54557 0.45443 0.00129439 0.00129439
0.54632 0.45368 0.00126396 0.00126396
0.54626 0.45374 0.00122718 0.00122718
0.54547 0.45453 0.00128785 0.00128785
0.5456 0.4544 0.00136022 0.00136022
0.54582 0.45418 0.00131312 0.00131312
0.54597 0.45403 0.00127934 0.00127934
0.54519 0.45481 0.00124553 0.00124553
0.54586 0.45414 0.0012077 0.0012077
0.54533 0.45467 0.00122628 0.00122628
0.54602 0.45398 0.00124824 0.00124824
0.54642 0.45358 0.00119475 0.00119475
0.54592 0.45408 0.00121062 0.00121062
0.54477 0.45523 0.00127895 0.00127895
0.54443 0.45557 0.00117562 0.00117562
0.5447 0.4553 0.00120985 0.00120985
0.54532 0.45468 0.00127749 0.00127749
0.54591 0.45409 0.00137305 0.00137305
0.54566 0.45434 0.00132305 0.00132305
0.54577 0.45423 0.00129683 0.00129683
0.54627 0.45373 0.00134569 0.00134569
0.54603 0.45397 0.00140932 0.00140932
0.54619 0.45381 0.00144104 0.00144104
0.54635 0.45365 0.00143748 0.00143748
0.54614 0.45386 0.00140644 0.00140644
0.54542 0.45458 0.00136166 0.00136166
0.54438 0.45562 0.00124313 0.00124313
0.54603 0.45397 0.00122989 0.00122989
0.54637 0.45363 0.00125634 0.00125634
0.54629 0.45371 0.00132883 0.00132883
0.54663 0.45337 0.00132112 0.00132112
0.54662 0.45338 0.00127097 0.00127097
0.54665 0.45335 0.00127623 0.00127623
0.54643 0.45357 0.00127619 0.00127619
0.5454 0.4546 0.00126719 0.00126719
0.54415 0.45585 0.00127774 0.00127774
0.54486 0.45514 0.001278 0.001278
0.54457 0.45543 0.00137659 0.00137659
0.544 0.456 0.00130048 0.00130048
0.54324 0.45676 0.00134362 0.00134362
0.54273 0.45727 0.00136351 0.00136351
0.54219 0.45781 0.00134422 0.00134422
0.54269 0.45731 0.00132951 0.00132951
0.54269 0.45731 0.00141933 0.00141933
0.54171 0.45829 0.00149413 0.00149413
0.54296 0.45704 0.00153925 0.00153925
0.54301 0.45699 0.0015393 0.0015393
0.54279 0.45721 0.00153667 0.00153667
0.54142 0.45858 0.00153255 0.00153255
0.54199 0.45801 0.00143023 0.00143023
0.54297 0.45703 0.00141708 0.00141708
0.54285 0.45715 0.001399 0.001399
0.54366 0.45634 0.00132338 0.00132338
0.54436 0.45564 0.00132662 0.00132662
0.54459 0.45541 0.00142129 0.00142129
0.54465 0.45535 0.00131512 0.00131512
0.54428 0.45572 0.00138958 0.00138958
0.54455 0.45545 0.00139247 0.00139247
0.54483 0.45517 0.00139473 0.00139473
0.54497 0.45503 0.0013791 0.0013791
0.54377 0.45623 0.00143248 0.00143248
0.54525 0.45475 0.00149607 0.00149607
0.54532 0.45468 0.0014484 0.0014484
0.54565 0.45435 0.00140924 0.00140924
0.54453 0.45547 0.0014549 0.0014549
0.54476 0.45524 0.00143695 0.00143695
0.54462 0.45538 0.00139695 0.00139695
0.54502 0.45498 0.00147105 0.00147105
0.5453 0.4547 0.00151171 0.00151171
0.54416 0.45584 0.0015027 0.0015027
0.54446 0.45554 0.00150268 0.00150268
0.54592 0.45408 0.00150622 0.00150622
0.54485 0.45515 0.00144199 0.00144199
0.54547 0.45453 0.00139169 0.00139169
0.54499 0.45501 0.00139559 0.00139559
0.54461 0.45539 0.00144147 0.00144147
0.54457 0.45543 0.00140384 0.00140384
0.54442 0.45558 0.00137 0.00137
0.54481 0.45519 0.00134826 0.00134826
0.5445 0.4555 0.00132738 0.00132738
0.54524 0.45476 0.00123851 0.00123851
0.54475 0.45525 0.00121926 0.00121926
0.54521 0.45479 0.00123399 0.00123399
0.54595 0.45405 0.00115522 0.00115522
0.54635 0.45365 0.00120688 0.00120688
0.54581 0.45419 0.00126603 0.00126603
0.54422 0.45578 0.00124153 0.00124153
0.54445 0.45555 0.00127441 0.00127441
0.54624 0.45376 0.00123814 0.00123814
0.54596 0.45404 0.00120662 0.00120662
0.54632 0.45368 0.00121715 0.00121715
0.54542 0.45458 0.00117231 0.00117231
0.54501 0.45499 0.00121421 0.00121421
0.54411 0.45589 0.00128343 0.00128343
0.54402 0.45598 0.00128341 0.00128341
0.54395 0.45605 0.00124461 0.00124461
0.54553 0.45447 0.00122712 0.00122712
0.54562 0.45438 0.00123866 0.00123866
0.54496 0.45504 0.00121285 0.00121285
0.54568 0.45432 0.0013087 0.0013087
0.54622 0.45378 0.00122357 0.00122357
0.54567 0.45433 0.00123457 0.00123457
0.54649 0.45351 0.00126342 0.00126342
0.54475 0.45525 0.00126124 0.00126124
0.54555 0.45445 0.00123278 0.00123278
0.54569 0.45431 0.00121401 0.00121401
0.54446 0.45554 0.00121956 0.00121956
0.54355 0.45645 0.00126096 0.00126096
0.54492 0.45508 0.00121882 0.00121882
0.5441 0.4559 0.00126599 0.00126599
0.54502 0.45498 0.00129822 0.00129822
0.54472 0.45528 0.00127487 0.00127487
0.54594 0.45406 0.00130373 0.00130373
0.54635 0.45365 0.00132362 0.00132362
0.54711 0.45289 0.00132246 0.00132246
0.54678 0.45322 0.00139298 0.00139298
0.54637 0.45363 0.00131912 0.00131912
0.54744 0.45256 0.00136601 0.00136601
0.54612 0.45388 0.0013639 0.0013639
0.54566 0.45434 0.00138301 0.00138301
0.54628 0.45372 0.00137509 0.00137509
0.54564 0.45436 0.00148563 0.00148563
0.54369 0.45631 0.00144961 0.00144961
0.54366 0.45634 0.0014875 0.0014875
0.54461 0.45539 0.0014999 0.0014999
0.54508 0.45492 0.00145971 0.00145971
0.54529 0.45471 0.0014533 0.0014533
0.54539 0.45461 0.00153735 0.00153735
0.54506 0.45494 0.00157101 0.00157101
0.54479 0.45521 0.00149584 0.00149584
0.54539 0.45461 0.0014481 0.0014481
0.5462 0.4538 0.00141073 0.00141073
0.54628 0.45372 0.00132952 0.00132952
0.54694 0.45306 0.00138559 0.00138559
0.54708 0.45292 0.00140741 0.00140741
0.54669 0.45331 0.00139484 0.00139484
0.54698 0.45302 0.00136719 0.00136719
0.54577 0.45423 0.00141691 0.00141691
0.54537 0.45463 0.00144474 0.00144474
0.54649 0.45351 0.00149817 0.00149817
0.54725 0.45275 0.00145746 0.00145746
0.54742 0.45258 0.00141647 0.00141647
0.54771 0.45229 0.00140649 0.00140649
0.54691 0.45309 0.0013778 0.0013778
0.54782 0.45218 0.00134413 0.00134413
0.54779 0.45221 0.00133999 0.00133999
0.54829 0.45171 0.00138492 0.00138492
0.54897 0.45103 0.00146262 0.00146262
0.54865 0.45135 0.0014449 0.0014449
0.55007 0.44993 0.00142304 0.00142304
0.55064 0.44936 0.00143975 0.00143975
0.55076 0.44924 0.00149121 0.00149121
0.5491 0.4509 0.00148506 0.00148506
0.54839 0.45161 0.00142903 0.00142903
0.54846 0.45154 0.00140437 0.00140437
0.54757 0.45243 0.00145144 0.00145144
0.54754 0.45246 0.00145177 0.00145177
0.54743 0.45257 0.00146259 0.00146259
0.54716 0.45284 0.00143226 0.00143226
0.54694 0.45306 0.00146119 0.00146119
0.5459 0.4541 0.00136284 0.00136284
0.54679 0.45321 0.0013814 0.0013814
0.54607 0.45393 0.00137811 0.00137811
0.54619 0.45381 0.00134969 0.00134969
0.54724 0.45276 0.00133877 0.00133877
0.5475 0.4525 0.00139239 0.00139239
0.54761 0.45239 0.00130903 0.00130903
0.54743 0.45257 0.00134011 0.00134011
0.54582 0.45418 0.00132379 0.00132379
0.54504 0.45496 0.00130806 0.00130806
0.54525 0.45475 0.0013757 0.0013757
0.54537 0.45463 0.00133417 0.00133417
0.54514 0.45486 0.00137572 0.00137572
0.54556 0.45444 0.00133829 0.00133829
0.54559 0.45441 0.00140307 0.00140307
0.54549 0.45451 0.00138845 0.00138845
0.54491 0.45509 0.00149596 0.00149596
0.54454 0.45546 0.00148134 0.00148134
0.54492 0.45508 0.00144999 0.00144999
0.54517 0.45483 0.00143659 0.00143659
0.54548 0.45452 0.00148387 0.00148387
0.54477 0.45523 0.0016199 0.0016199
0.54527 0.45473 0.00161388 0.00161388
0.5468 0.4532 0.00149857 0.00149857
0.54758 0.45242 0.00149522 0.00149522
0.54756 0.45244 0.00156811 0.00156811
0.54714 0.45286 0.00155364 0.00155364
0.54726 0.45274 0.00162543 0.00162543
0.54769 0.45231 0.00169125 0.00169125
0.54676 0.45324 0.00168394 0.00168394
0.54676 0.45324 0.00162356 0.00162356
0.54764 0.45236 0.00157547 0.00157547
0.54754 0.45246 0.00152971 0.00152971
0.54818 0.45182 0.00150231 0.00150231
0.54895 0.45105 0.00147298 0.00147298
0.54886 0.45114 0.00141067 0.00141067
0.54761 0.45239 0.00145032 0.00145032
0.54701 0.45299 0.0014354 0.0014354
0.54697 0.45303 0.00145936 0.00145936
0.54667 0.45333 0.00168764 0.00168764
0.54693 0.45307 0.00169837 0.00169837
0.54655 0.45345 0.00171203 0.00171203
0.54751 0.45249 0.00176563 0.00176563
0.54738 0.45262 0.00180743 0.00180743
0.54708 0.45292 0.00178929 0.00178929
0.54574 0.45426 0.00185838 0.00185838
0.54604 0.45396 0.00180137 0.00180137
0.54639 0.45361 0.00174814 0.00174814
0.54695 0.45305 0.00177589 0.00177589
0.54695 0.45305 0.00181461 0.00181461
0.54652 0.45348 0.00182904 0.00182904
0.54696 0.45304 0.00179931 0.00179931
0.54602 0.45398 0.00172671 0.00172671
0.54605 0.45395 0.00167223 0.00167223
0.54563 0.45437 0.00160357 0.00160357
0.54666 0.45334 0.00159077 0.00159077
0.54638 0.45362 0.00167737 0.00167737
0.54657 0.45343 0.00167629 0.00167629
0.54664 0.45336 0.00158369 0.00158369
0.5459 0.4541 0.00156122 0.00156122
0.54619 0.45381 0.00150256 0.00150256
0.54644 0.45356 0.0015255 0.0015255
0.54628 0.45372 0.00160931 0.00160931
0.54569 0.45431 0.00155583 0.00155583
0.54563 0.45437 0.00155815 0.00155815
0.54507 0.45493 0.00153621 0.00153621
0.54459 0.45541 0.00158049 0.00158049
0.54487 0.45513 0.00154864 0.00154864
0.54535 0.45465 0.00154401 0.00154401
0.5458 0.4542 0.00160562 0.00160562
0.54561 0.45439 0.00158418 0.00158418
0.54487 0.45513 0.00163175 0.00163175
0.54615 0.45385 0.00164484 0.00164484
0.54718 0.45282 0.00159276 0.00159276
0.54679 0.45321 0.00166908 0.00166908
0.5472 0.4528 0.00166402 0.00166402
0.54656 0.45344 0.00183039 0.00183039
0.54661 0.45339 0.00177776 0.00177776
0.54722 0.45278 0.0017267 0.0017267
0.54549 0.45451 0.0018066 0.0018066
0.54505 0.45495 0.0017951 0.0017951
0.54445 0.45555 0.00179867 0.00179867
0.5441 0.4559 0.00182179 0.00182179
0.5444 0.4556 0.00180776 0.00180776
0.54511 0.45489 0.00186963 0.00186963
0.54506 0.45494 0.00185349 0.00185349
0.5454 0.4546 0.00183788 0.00183788
0.54535 0.45465 0.00191486 0.00191486
0.54478 0.45522 0.00194448 0.00194448
0.54489 0.45511 0.00183759 0.00183759
0.54496 0.45504 0.00179343 0.00179343
0.54617 0.45383 0.00183443 0.00183443
0.54571 0.45429 0.00193956 0.00193956
0.54561 0.45439 0.00192333 0.00192333
0.54612 0.45388 0.0019413 0.0019413
0.54604 0.45396 0.00188612 0.00188612
0.54572 0.45428 0.00183416 0.00183416
0.54589 0.45411 0.00186842 0.00186842
0.54572 0.45428 0.00187412 0.00187412
0.54673 0.45327 0.001926 0.001926
0.5475 0.4525 0.00184116 0.00184116
0.54683 0.45317 0.00188798 0.00188798
0.54654 0.45346 0.00189302 0.00189302
0.54509 0.45491 0.00197158 0.00197158
0.5435 0.4565 0.00197258 0.00197258
0.5433 0.4567 0.00192565 0.00192565
0.54352 0.45648 0.00187581 0.00187581
0.54316 0.45684 0.00184278 0.00184278
0.5442 0.4558 0.0018984 0.0018984
0.54406 0.45594 0.00194284 0.00194284
0.54427 0.45573 0.00194701 0.00194701
0.54497 0.45503 0.00198276 0.00198276
0.54594 0.45406 0.00190319 0.00190319
0.54465 0.45535 0.00177936 0.00177936
0.54434 0.45566 0.00192588 0.00192588
0.54382 0.45618 0.00193494 0.00193494
0.54392 0.45608 0.0019469 0.0019469
0.5444 0.4556 0.00197691 0.00197691
0.54433 0.45567 0.00204533 0.00204533
0.54514 0.45486 0.00199271 0.00199271
0.54505 0.45495 0.00202215 0.00202215
0.54508 0.45492 0.00193626 0.00193626
0.54592 0.45408 0.00197698 0.00197698
0.54473 0.45527 0.00198169 0.00198169
0.54419 0.45581 0.00197048 0.00197048
0.54383 0.45617 0.00207618 0.00207618
0.54301 0.45699 0.00221845 0.00221845
0.54374 0.45626 0.00208106 0.00208106
0.54341 0.45659 0.00225703 0.00225703
0.54333 0.45667 0.00238257 0.00238257
0.54274 0.45726 0.00238888 0.00238888
0.5431 0.4569 0.0023013 0.0023013
0.5431 0.4569 0.00230553 0.00230553
0.54233 0.45767 0.00218604 0.00218604
0.54263 0.45737 0.0021285 0.0021285
0.54226 0.45774 0.00207474 0.00207474
0.54303 0.45697 0.00213217 0.00213217
0.54358 0.45642 0.00216651 0.00216651
0.54467 0.45533 0.00210715 0.00210715
0.54414 0.45586 0.00205321 0.00205321
0.54338 0.45662 0.0020304 0.0020304
0.54334 0.45666 0.00204237 0.00204237
0.54285 0.45715 0.00203813 0.00203813
0.54253 0.45747 0.00201381 0.00201381
0.5421 0.4579 0.0019806 0.0019806
0.54267 0.45733 0.00195788 0.00195788
0.5424 0.4576 0.00191279 0.00191279
0.54279 0.45721 0.00194758 0.00194758
0.54211 0.45789 0.00199416 0.00199416
0.54112 0.45888 0.00199009 0.00199009
0.54082 0.45918 0.00197952 0.00197952
0.54032 0.45968 0.0019987 0.0019987
0.53966 0.46034 0.00194368 0.00194368
0.54029 0.45971 0.00189657 0.00189657
0.53961 0.46039 0.00190691 0.00190691
0.5405 0.4595 0.00194957 0.00194957
0.54045 0.45955 0.00196635 0.00196635
0.54032 0.45968 0.00186812 0.00186812
0.54036 0.45964 0.00191448 0.00191448
0.54117 0.45883 0.00210192 0.00210192
0.54127 0.45873 0.00204943 0.00204943
0.5419 0.4581 0.00206197 0.00206197
0.54114 0.45886 0.0020724 0.0020724
0.54162 0.45838 0.00207381 0.00207381
0.54157 0.45843 0.00201706 0.00201706
0.54134 0.45866 0.00202869 0.00202869
0.54056 0.45944 0.00198007 0.00198007
0.54107 0.45893 0.00206914 0.00206914
0.54153 0.45847 0.00199041 0.00199041
0.54151 0.45849 0.00210054 0.00210054
0.54268 0.45732 0.00216604 0.00216604
0.54167 0.45833 0.00214754 0.00214754
0.54136 0.45864 0.00220619 0.00220619
0.54221 0.45779 0.00218877 0.00218877
0.54258 0.45742 0.00222667 0.00222667
0.5431 0.4569 0.00216548 0.00216548
0.54391 0.45609 0.00212261 0.00212261
0.54284 0.45716 0.00216704 0.00216704
0.54294 0.45706 0.00217046 0.00217046
0.54418 0.45582 0.00220213 0.00220213
0.54377 0.45623 0.00221242 0.00221242
0.54388 0.45612 0.00221146 0.00221146
0.54355 0.45645 0.00233168 0.00233168
0.54358 0.45642 0.00227608 0.00227608
0.54228 0.45772 0.00227707 0.00227707
0.54287 0.45713 0.00222846 0.00222846
0.54306 0.45694 0.00220351 0.00220351
0.54243 0.45757 0.00217184 0.00217184
0.54292 0.45708 0.00227321 0.00227321
0.54401 0.45599 0.00219831 0.00219831
0.5438 0.4562 0.00216523 0.00216523
0.54325 0.45675 0.00219001 0.00219001
0.54217 0.45783 0.00218655 0.00218655
0.5433 0.4567 0.00231787 0.00231787
0.54384 0.45616 0.002285 0.002285
0.54456 0.45544 0.00238617 0.00238617
0.54455 0.45545 0.00230298 0.00230298
0.54447 0.45553 0.0023254 0.0023254
0.54419 0.45581 0.00235575 0.00235575
0.54519 0.45481 0.00243708 0.00243708
0.54412 0.45588 0.00240893 0.00240893
0.54398 0.45602 0.0023804 0.0023804
0.54381 0.45619 0.00247209 0.00247209
0.54319 0.45681 0.0024268 0.0024268
0.54391 0.45609 0.00236554 0.00236554
0.5451 0.4549 0.00231787 0.00231787
0.54542 0.45458 0.00234526 0.00234526
0.5456 0.4544 0.00230986 0.00230986
0.54501 0.45499 0.00223134 0.00223134
0.54475 0.45525 0.00225356 0.00225356
0.54489 0.45511 0.0022227 0.0022227
0.54484 0.45516 0.00221141 0.00221141
0.5436 0.4564 0.0022756 0.0022756
0.5439 0.4561 0.0022507 0.0022507
0.54288 0.45712 0.00223797 0.00223797
0.54317 0.45683 0.00232998 0.00232998
0.54188 0.45812 0.00238475 0.00238475
0.54236 0.45764 0.00236557 0.00236557
0.54283 0.45717 0.00240604 0.00240604
0.54378 0.45622 0.00231543 0.00231543
0.54418 0.45582 0.00229237 0.00229237
0.54524 0.45476 0.00229523 0.00229523
0.54571 0.45429 0.00226671 0.00226671
0.54612 0.45388 0.00223059 0.00223059
0.54611 0.45389 0.00225222 0.00225222
0.54609 0.45391 0.0022016 0.0022016
0.5461 0.4539 0.00226334 0.00226334
0.54635 0.45365 0.00225861 0.00225861
0.54521 0.45479 0.00220881 0.00220881
0.54485 0.45515 0.00211409 0.00211409
0.54458 0.45542 0.00210366 0.00210366
0.54351 0.45649 0.00212744 0.00212744
0.54232 0.45768 0.00208576 0.00208576
0.54256 0.45744 0.00200789 0.00200789
0.54197 0.45803 0.00185621 0.00185621
0.54143 0.45857 0.00188782 0.00188782
0.542 0.458 0.00196588 0.00196588
0.54328 0.45672 0.00203956 0.00203956
0.54292 0.45708 0.00206373 0.00206373
0.54218 0.45782 0.00205938 0.00205938
0.5412 0.4588 0.00201622 0.00201622
0.54134 0.45866 0.00213245 0.00213245
0.54071 0.45929 0.0021919 0.0021919
0.54108 0.45892 0.00214395 0.00214395
0.54091 0.45909 0.00216633 0.00216633
0.5428 0.4572 0.00212897 0.00212897
0.54403 0.45597 0.00221724 0.00221724
0.54413 0.45587 0.00208737 0.00208737
0.54433 0.45567 0.00199127 0.00199127
0.54382 0.45618 0.00196076 0.00196076
0.54328 0.45672 0.00194243 0.00194243
0.54325 0.45675 0.00201318 0.00201318
0.54328 0.45672 0.00215869 0.00215869
0.54363 0.45637 0.00220426 0.00220426
0.54288 0.45712 0.00226493 0.00226493
0.54354 0.45646 0.00228506 0.00228506
0.54229 0.45771 0.00232948 0.00232948
0.54307 0.45693 0.00241027 0.00241027
0.54279 0.45721 0.00245223 0.00245223
0.5424 0.4576 0.00238432 0.00238432
0.54293 0.45707 0.00253364 0.00253364
0.54432 0.45568 0.00256101 0.00256101
0.54396 0.45604 0.00254543 0.00254543
0.54325 0.45675 0.00251298 0.00251298
0.54189 0.45811 0.00253836 0.00253836
0.54187 0.45813 0.00249686 0.00249686
0.54282 0.45718 0.00253613 0.00253613
0.54296 0.45704 0.00242056 0.00242056
0.54333 0.45667 0.00241505 0.00241505
0.54373 0.45627 0.0025163 0.0025163
0.54303 0.45697 0.00252264 0.00252264
0.54206 0.45794 0.00255594 0.00255594
0.54192 0.45808 0.00244444 0.00244444
0.54297 0.45703 0.00250829 0.00250829
0.54374 0.45626 0.00247995 0.00247995
0.54368 0.45632 0.00250369 0.00250369
0.5443 0.4557 0.00262967 0.00262967
0.54523 0.45477 0.00260977 0.00260977
0.54517 0.45483 0.00252647 0.00252647
