0.49864 0.50136 3.75055e-05 3.75055e-05
0.49859 0.50141 7.42039e-05 7.42039e-05
0.49823 0.50177 9.8886e-05 9.8886e-05
0.4985 0.5015 0.000110697 0.000110697
0.49774 0.50226 0.000141083 0.000141083
0.49749 0.50251 0.000179687 0.000179687
0.49712 0.50288 0.000207864 0.000207864
0.49684 0.50316 0.000238237 0.000238237
0.49705 0.50295 0.000263179 0.000263179
0.49707 0.50293 0.000266692 0.000266692
0.49682 0.50318 0.000270856 0.000270856
0.49663 0.50337 0.000270054 0.000270054
0.49656 0.50344 0.000279057 0.000279057
0.49675 0.50325 0.000286856 0.000286856
0.49672 0.50328 0.000295375 0.000295375
0.49659 0.50341 0.000299618 0.000299618
0.4968 0.5032 0.000308869 0.000308869
0.49671 0.50329 0.000311865 0.000311865
0.49666 0.50334 0.000315277 0.000315277
0.49661 0.50339 0.000315735 0.000315735
0.49667 0.50333 0.000318284 0.000318284
0.49677 0.50323 0.000321512 0.000321512
0.49659 0.50341 0.000323658 0.000323658
0.49656 0.50344 0.000322976 0.000322976
0.49654 0.50346 0.000326635 0.000326635
0.49641 0.50359 0.000329133 0.000329133
0.49643 0.50357 0.000333419 0.000333419
0.49643 0.50357 0.000334732 0.000334732
0.49648 0.50352 0.000336293 0.000336293
0.49658 0.50342 0.000339579 0.000339579
0.49656 0.50344 0.000339441 0.000339441
0.49657 0.50343 0.000338591 0.000338591
0.4966 0.5034 0.000338687 0.000338687
0.49661 0.50339 0.000338947 0.000338947
0.49657 0.50343 0.000338833 0.000338833
0.49658 0.50342 0.000338509 0.000338509
0.49664 0.50336 0.000338051 0.000338051
0.49664 0.50336 0.000338112 0.000338112
0.49662 0.50338 0.000339975 0.000339975
0.49661 0.50339 0.000339675 0.000339675
0.49661 0.50339 0.000339675 0.000339675
0.4966 0.5034 0.000339798 0.000339798
0.4966 0.5034 0.00033899 0.00033899
0.4966 0.5034 0.00033899 0.00033899
0.49659 0.50341 0.000339618 0.000339618
0.49658 0.50342 0.00033964 0.00033964
0.49658 0.50342 0.000339438 0.000339438
0.49655 0.50345 0.000340614 0.000340614
0.49656 0.50344 0.000340087 0.000340087
0.49656 0.50344 0.000340087 0.000340087
0.49655 0.50345 0.000339785 0.000339785
0.49655 0.50345 0.000339785 0.000339785
0.49655 0.50345 0.000339785 0.000339785
0.49655 0.50345 0.000339785 0.000339785
0.49654 0.50346 0.000339604 0.000339604
0.49654 0.50346 0.000339604 0.000339604
0.49655 0.50345 0.000338957 0.000338957
0.49654 0.50346 0.000339604 0.000339604
0.49653 0.50347 0.000339908 0.000339908
0.49653 0.50347 0.000339908 0.000339908
0.49653 0.50347 0.000339908 0.000339908
0.49653 0.50347 0.000339908 0.000339908
0.49653 0.50347 0.000339908 0.000339908
0.49653 0.50347 0.000339908 0.000339908
0.49652 0.50348 0.000340091 0.000340091
0.49652 0.50348 0.000340091 0.000340091
0.49651 0.50349 0.000340212 0.000340212
0.49651 0.50349 0.000340212 0.000340212
0.49651 0.50349 0.000340212 0.000340212
0.49651 0.50349 0.000340212 0.000340212
0.49651 0.50349 0.000340212 0.000340212
0.4965 0.5035 0.000340071 0.000340071
0.4965 0.5035 0.000340071 0.000340071
0.4965 0.5035 0.000340071 0.000340071
0.49651 0.50349 0.000339949 0.000339949
0.49651 0.50349 0.000339949 0.000339949
0.49651 0.50349 0.000339949 0.000339949
0.49651 0.50349 0.000339949 0.000339949
0.49651 0.50349 0.000339949 0.000339949
0.49651 0.50349 0.000339949 0.000339949
0.49651 0.50349 0.000339949 0.000339949
0.49651 0.50349 0.000339949 0.000339949
0.49651 0.50349 0.000339949 0.000339949
0.49651 0.50349 0.000339949 0.000339949
0.49651 0.50349 0.000339949 0.000339949
0.49651 0.50349 0.000339949 0.000339949
0.49651 0.50349 0.000339949 0.000339949
0.49651 0.50349 0.000339949 0.000339949
0.49651 0.50349 0.000339949 0.000339949
0.49651 0.50349 0.000339949 0.000339949
0.49651 0.50349 0.000339949 0.000339949
0.49651 0.50349 0.000339949 0.000339949
0.49651 0.50349 0.000339949 0.000339949
0.49651 0.50349 0.000339949 0.000339949
0.49651 0.50349 0.000339949 0.000339949
0.49651 0.50349 0.000339949 0.000339949
0.49651 0.50349 0.000339949 0.000339949
0.49651 0.50349 0.000339949 0.000339949
0.49651 0.50349 0.000339949 0.000339949
0.49651 0.50349 0.000339949 0.000339949
0.49651 0.50349 0.000339949 0.000339949
0.49651 0.50349 0.000339949 0.000339949
0.49651 0.50349 0.000339949 0.000339949
0.49651 0.50349 0.000339949 0.000339949
0.49651 0.50349 0.000339949 0.000339949
0.49651 0.50349 0.000339949 0.000339949
0.49651 0.50349 0.000339949 0.000339949
0.49651 0.50349 0.000339949 0.000339949
0.49651 0.50349 0.000339949 0.000339949
0.49651 0.50349 0.000339949 0.000339949
0.49651 0.50349 0.000339949 0.000339949
0.49651 0.50349 0.000339949 0.000339949
0.49651 0.50349 0.000339949 0.000339949
0.49651 0.50349 0.000339949 0.000339949
0.49651 0.50349 0.000339949 0.000339949
0.49651 0.50349 0.000339949 0.000339949
0.49651 0.50349 0.000339949 0.000339949
0.49651 0.50349 0.000339949 0.000339949
0.49651 0.50349 0.000339949 0.000339949
0.49651 0.50349 0.000339949 0.000339949
0.49651 0.50349 0.000339949 0.000339949
0.49651 0.50349 0.000339949 0.000339949
0.49651 0.50349 0.000339949 0.000339949
0.49651 0.50349 0.000339949 0.000339949
0.49651 0.50349 0.000339949 0.000339949
0.49651 0.50349 0.000339949 0.000339949
0.49651 0.50349 0.000339949 0.000339949
0.49651 0.50349 0.000339949 0.000339949
0.49651 0.50349 0.000339949 0.000339949
0.49651 0.50349 0.000339949 0.000339949
0.49651 0.50349 0.000339949 0.000339949
0.49651 0.50349 0.000339949 0.000339949
0.49651 0.50349 0.000339949 0.000339949
0.49651 0.50349 0.000339949 0.000339949
0.49651 0.50349 0.000339949 0.000339949
0.49651 0.50349 0.000339949 0.000339949
0.49651 0.50349 0.000339949 0.000339949
0.49651 0.50349 0.000339949 0.000339949
0.49651 0.50349 0.000339949 0.000339949
0.49651 0.50349 0.000339949 0.000339949
0.49651 0.50349 0.000339949 0.000339949
0.49651 0.50349 0.000339949 0.000339949
0.49651 0.50349 0.000339949 0.000339949
0.49651 0.50349 0.000339949 0.000339949
0.49651 0.50349 0.000339949 0.000339949
0.49651 0.50349 0.000339949 0.000339949
0.49651 0.50349 0.000339949 0.000339949
0.49651 0.50349 0.000339949 0.000339949
0.49651 0.50349 0.000339949 0.000339949
0.49651 0.50349 0.000339949 0.000339949
0.49651 0.50349 0.000339949 0.000339949
0.49651 0.50349 0.000339949 0.000339949
0.49651 0.50349 0.000339949 0.000339949
0.49651 0.50349 0.000339949 0.000339949
0.49651 0.50349 0.000339949 0.000339949
0.49651 0.50349 0.000339949 0.000339949
0.49651 0.50349 0.000339949 0.000339949
0.49651 0.50349 0.000339949 0.000339949
0.49651 0.50349 0.000339949 0.000339949
0.49651 0.50349 0.000339949 0.000339949
0.49651 0.50349 0.000339949 0.000339949
0.49651 0.50349 0.000339949 0.000339949
0.49651 0.50349 0.000339949 0.000339949
0.49651 0.50349 0.000339949 0.000339949
0.49651 0.50349 0.000339949 0.000339949
0.49651 0.50349 0.000339949 0.000339949
0.49651 0.50349 0.000339949 0.000339949
0.49651 0.50349 0.000339949 0.000339949
0.49651 0.50349 0.000339949 0.000339949
0.49651 0.50349 0.000339949 0.000339949
0.49651 0.50349 0.000339949 0.000339949
0.49651 0.50349 0.000339949 0.000339949
0.49651 0.50349 0.000339949 0.000339949
0.49651 0.50349 0.000339949 0.000339949
0.49651 0.50349 0.000339949 0.000339949
0.49651 0.50349 0.000339949 0.000339949
0.49651 0.50349 0.000339949 0.000339949
0.49651 0.50349 0.000339949 0.000339949
0.49651 0.50349 0.000339949 0.000339949
0.49651 0.50349 0.000339949 0.000339949
0.49651 0.50349 0.000339949 0.000339949
0.49651 0.50349 0.000339949 0.000339949
0.49651 0.50349 0.000339949 0.000339949
0.49651 0.50349 0.000339949 0.000339949
0.49651 0.50349 0.000339949 0.000339949
0.49651 0.50349 0.000339949 0.000339949
0.49651 0.50349 0.000339949 0.000339949
0.49651 0.50349 0.000339949 0.000339949
0.49651 0.50349 0.000339949 0.000339949
0.49651 0.50349 0.000339949 0.000339949
0.49651 0.50349 0.000339949 0.000339949
0.49651 0.50349 0.000339949 0.000339949
0.49651 0.50349 0.000339949 0.000339949
0.49651 0.50349 0.000339949 0.000339949
0.49651 0.50349 0.000339949 0.000339949
0.49651 0.50349 0.000339949 0.000339949
0.49651 0.50349 0.000339949 0.000339949
0.49651 0.50349 0.000339949 0.000339949
0.49651 0.50349 0.000339949 0.000339949
0.49651 0.50349 0.000339949 0.000339949
0.49651 0.50349 0.000339949 0.000339949
0.49651 0.50349 0.000339949 0.000339949
0.49651 0.50349 0.000339949 0.000339949
0.49651 0.50349 0.000339949 0.000339949
0.49651 0.50349 0.000339949 0.000339949
0.49651 0.50349 0.000339949 0.000339949
0.49651 0.50349 0.000339949 0.000339949
0.49651 0.50349 0.000339949 0.000339949
0.49651 0.50349 0.000339949 0.000339949
0.49651 0.50349 0.000339949 0.000339949
0.49651 0.50349 0.000339949 0.000339949
0.49651 0.50349 0.000339949 0.000339949
0.49651 0.50349 0.000339949 0.000339949
0.49651 0.50349 0.000339949 0.000339949
0.49651 0.50349 0.000339949 0.000339949
0.49651 0.50349 0.000339949 0.000339949
0.49651 0.50349 0.000339949 0.000339949
0.49651 0.50349 0.000339949 0.000339949
0.49651 0.50349 0.000339949 0.000339949
0.49651 0.50349 0.000339949 0.000339949
0.49651 0.50349 0.000339949 0.000339949
0.49651 0.50349 0.000339949 0.000339949
0.49651 0.50349 0.000339949 0.000339949
0.49651 0.50349 0.000339949 0.000339949
0.49651 0.50349 0.000339949 0.000339949
0.49651 0.50349 0.000339949 0.000339949
0.49651 0.50349 0.000339949 0.000339949
0.49651 0.50349 0.000339949 0.000339949
0.49651 0.50349 0.000339949 0.000339949
0.49651 0.50349 0.000339949 0.000339949
0.49651 0.50349 0.000339949 0.000339949
0.49651 0.50349 0.000339949 0.000339949
0.49651 0.50349 0.000339949 0.000339949
0.49651 0.50349 0.000339949 0.000339949
0.49651 0.50349 0.000339949 0.000339949
0.49651 0.50349 0.000339949 0.000339949
0.49651 0.50349 0.000339949 0.000339949
0.49651 0.50349 0.000339949 0.000339949
0.49651 0.50349 0.000339949 0.000339949
0.49651 0.50349 0.000339949 0.000339949
0.49651 0.50349 0.000339949 0.000339949
0.49651 0.50349 0.000339949 0.000339949
0.49651 0.50349 0.000339949 0.000339949
0.49651 0.50349 0.000339949 0.000339949
0.49651 0.50349 0.000339949 0.000339949
0.49651 0.50349 0.000339949 0.000339949
0.49651 0.50349 0.000339949 0.000339949
0.49651 0.50349 0.000339949 0.000339949
0.49651 0.50349 0.000339949 0.000339949
0.49651 0.50349 0.000339949 0.000339949
0.49651 0.50349 0.000339949 0.000339949
0.49651 0.50349 0.000339949 0.000339949
0.49651 0.50349 0.000339949 0.000339949
0.49651 0.50349 0.000339949 0.000339949
0.49651 0.50349 0.000339949 0.000339949
0.49651 0.50349 0.000339949 0.000339949
0.49651 0.50349 0.000339949 0.000339949
0.49651 0.50349 0.000339949 0.000339949
0.49651 0.50349 0.000339949 0.000339949
0.49651 0.50349 0.000339949 0.000339949
0.49651 0.50349 0.000339949 0.000339949
0.49651 0.50349 0.000339949 0.000339949
0.49651 0.50349 0.000339949 0.000339949
0.49651 0.50349 0.000339949 0.000339949
0.49651 0.50349 0.000339949 0.000339949
0.49651 0.50349 0.000339949 0.000339949
0.49651 0.50349 0.000339949 0.000339949
0.49651 0.50349 0.000339949 0.000339949
0.49651 0.50349 0.000339949 0.000339949
0.49651 0.50349 0.000339949 0.000339949
0.49651 0.50349 0.000339949 0.000339949
0.49651 0.50349 0.000339949 0.000339949
0.49651 0.50349 0.000339949 0.000339949
0.49651 0.50349 0.000339949 0.000339949
0.49651 0.50349 0.000339949 0.000339949
0.49651 0.50349 0.000339949 0.000339949
0.49651 0.50349 0.000339949 0.000339949
0.49651 0.50349 0.000339949 0.000339949
0.49651 0.50349 0.000339949 0.000339949
0.49651 0.50349 0.000339949 0.000339949
0.49651 0.50349 0.000339949 0.000339949
0.49651 0.50349 0.000339949 0.000339949
0.49651 0.50349 0.000339949 0.000339949
0.49651 0.50349 0.000339949 0.000339949
0.49651 0.50349 0.000339949 0.000339949
0.49651 0.50349 0.000339949 0.000339949
0.49651 0.50349 0.000339949 0.000339949
0.49651 0.50349 0.000339949 0.000339949
0.49651 0.50349 0.000339949 0.000339949
0.49651 0.50349 0.000339949 0.000339949
0.49651 0.50349 0.000339949 0.000339949
0.49651 0.50349 0.000339949 0.000339949
0.49651 0.50349 0.000339949 0.000339949
0.49651 0.50349 0.000339949 0.000339949
0.49651 0.50349 0.000339949 0.000339949
0.49651 0.50349 0.000339949 0.000339949
0.49651 0.50349 0.000339949 0.000339949
0.49651 0.50349 0.000339949 0.000339949
0.49651 0.50349 0.000339949 0.000339949
0.49651 0.50349 0.000339949 0.000339949
0.49651 0.50349 0.000339949 0.000339949
0.49651 0.50349 0.000339949 0.000339949
0.49651 0.50349 0.000339949 0.000339949
0.49651 0.50349 0.000339949 0.000339949
0.49651 0.50349 0.000339949 0.000339949
0.49651 0.50349 0.000339949 0.000339949
0.49651 0.50349 0.000339949 0.000339949
0.49651 0.50349 0.000339949 0.000339949
0.49651 0.50349 0.000339949 0.000339949
0.49651 0.50349 0.000339949 0.000339949
0.49651 0.50349 0.000339949 0.000339949
0.49651 0.50349 0.000339949 0.000339949
0.49651 0.50349 0.000339949 0.000339949
0.49651 0.50349 0.000339949 0.000339949
0.49651 0.50349 0.000339949 0.000339949
0.49651 0.50349 0.000339949 0.000339949
0.49651 0.50349 0.000339949 0.000339949
0.49651 0.50349 0.000339949 0.000339949
0.49651 0.50349 0.000339949 0.000339949
0.49651 0.50349 0.000339949 0.000339949
0.49651 0.50349 0.000339949 0.000339949
0.49651 0.50349 0.000339949 0.000339949
0.49651 0.50349 0.000339949 0.000339949
0.49651 0.50349 0.000339949 0.000339949
0.49651 0.50349 0.000339949 0.000339949
0.49651 0.50349 0.000339949 0.000339949
0.49651 0.50349 0.000339949 0.000339949
0.49651 0.50349 0.000339949 0.000339949
0.49651 0.50349 0.000339949 0.000339949
0.49651 0.50349 0.000339949 0.000339949
0.49651 0.50349 0.000339949 0.000339949
0.49651 0.50349 0.000339949 0.000339949
0.49651 0.50349 0.000339949 0.000339949
0.49651 0.50349 0.000339949 0.000339949
0.49651 0.50349 0.000339949 0.000339949
0.49651 0.50349 0.000339949 0.000339949
0.49651 0.50349 0.000339949 0.000339949
0.49651 0.50349 0.000339949 0.000339949
0.49651 0.50349 0.000339949 0.000339949
0.49651 0.50349 0.000339949 0.000339949
0.49651 0.50349 0.000339949 0.000339949
0.49651 0.50349 0.000339949 0.000339949
0.49651 0.50349 0.000339949 0.000339949
0.49651 0.50349 0.000339949 0.000339949
0.49651 0.50349 0.000339949 0.000339949
0.49651 0.50349 0.000339949 0.000339949
0.49651 0.50349 0.000339949 0.000339949
0.49651 0.50349 0.000339949 0.000339949
0.49651 0.50349 0.000339949 0.000339949
0.49651 0.50349 0.000339949 0.000339949
0.49651 0.50349 0.000339949 0.000339949
0.49651 0.50349 0.000339949 0.000339949
0.49651 0.50349 0.000339949 0.000339949
0.49651 0.50349 0.000339949 0.000339949
0.49651 0.50349 0.000339949 0.000339949
0.49651 0.50349 0.000339949 0.000339949
0.49651 0.50349 0.000339949 0.000339949
0.49651 0.50349 0.000339949 0.000339949
0.49651 0.50349 0.000339949 0.000339949
0.49651 0.50349 0.000339949 0.000339949
0.49651 0.50349 0.000339949 0.000339949
0.49651 0.50349 0.000339949 0.000339949
0.49651 0.50349 0.000339949 0.000339949
0.49651 0.50349 0.000339949 0.000339949
0.49651 0.50349 0.000339949 0.000339949
0.49651 0.50349 0.000339949 0.000339949
0.49651 0.50349 0.000339949 0.000339949
0.49651 0.50349 0.000339949 0.000339949
0.49651 0.50349 0.000339949 0.000339949
0.49651 0.50349 0.000339949 0.000339949
0.49651 0.50349 0.000339949 0.000339949
0.49651 0.50349 0.000339949 0.000339949
0.49651 0.50349 0.000339949 0.000339949
0.49651 0.50349 0.000339949 0.000339949
0.49651 0.50349 0.000339949 0.000339949
0.49651 0.50349 0.000339949 0.000339949
0.49651 0.50349 0.000339949 0.000339949
0.49651 0.50349 0.000339949 0.000339949
0.49651 0.50349 0.000339949 0.000339949
0.49651 0.50349 0.000339949 0.000339949
0.49651 0.50349 0.000339949 0.000339949
0.49651 0.50349 0.000339949 0.000339949
0.49651 0.50349 0.000339949 0.000339949
0.49651 0.50349 0.000339949 0.000339949
0.49651 0.50349 0.000339949 0.000339949
0.49651 0.50349 0.000339949 0.000339949
0.49651 0.50349 0.000339949 0.000339949
0.49651 0.50349 0.000339949 0.000339949
0.49651 0.50349 0.000339949 0.000339949
0.49651 0.50349 0.000339949 0.000339949
0.49651 0.50349 0.000339949 0.000339949
0.49651 0.50349 0.000339949 0.000339949
0.49651 0.50349 0.000339949 0.000339949
0.49651 0.50349 0.000339949 0.000339949
0.49651 0.50349 0.000339949 0.000339949
0.49651 0.50349 0.000339949 0.000339949
0.49651 0.50349 0.000339949 0.000339949
0.49651 0.50349 0.000339949 0.000339949
0.49651 0.50349 0.000339949 0.000339949
0.49651 0.50349 0.000339949 0.000339949
0.49651 0.50349 0.000339949 0.000339949
0.49651 0.50349 0.000339949 0.000339949
0.49651 0.50349 0.000339949 0.000339949
0.49651 0.50349 0.000339949 0.000339949
0.49651 0.50349 0.000339949 0.000339949
0.49651 0.50349 0.000339949 0.000339949
0.49651 0.50349 0.000339949 0.000339949
0.49651 0.50349 0.000339949 0.000339949
0.49651 0.50349 0.000339949 0.000339949
0.49651 0.50349 0.000339949 0.000339949
0.49651 0.50349 0.000339949 0.000339949
0.49651 0.50349 0.000339949 0.000339949
0.49651 0.50349 0.000339949 0.000339949
0.49651 0.50349 0.000339949 0.000339949
0.49651 0.50349 0.000339949 0.000339949
0.49651 0.50349 0.000339949 0.000339949
0.49651 0.50349 0.000339949 0.000339949
0.49651 0.50349 0.000339949 0.000339949
0.49651 0.50349 0.000339949 0.000339949
0.49651 0.50349 0.000339949 0.000339949
0.49651 0.50349 0.000339949 0.000339949
0.49651 0.50349 0.000339949 0.000339949
0.49651 0.50349 0.000339949 0.000339949
0.49651 0.50349 0.000339949 0.000339949
0.49651 0.50349 0.000339949 0.000339949
0.49651 0.50349 0.000339949 0.000339949
0.49651 0.50349 0.000339949 0.000339949
0.49651 0.50349 0.000339949 0.000339949
0.49651 0.50349 0.000339949 0.000339949
0.49651 0.50349 0.000339949 0.000339949
0.49651 0.50349 0.000339949 0.000339949
0.49651 0.50349 0.000339949 0.000339949
0.49651 0.50349 0.000339949 0.000339949
0.49651 0.50349 0.000339949 0.000339949
0.49651 0.50349 0.000339949 0.000339949
0.49651 0.50349 0.000339949 0.000339949
0.49651 0.50349 0.000339949 0.000339949
0.49651 0.50349 0.000339949 0.000339949
0.49651 0.50349 0.000339949 0.000339949
0.49651 0.50349 0.000339949 0.000339949
0.49651 0.50349 0.000339949 0.000339949
0.49651 0.50349 0.000339949 0.000339949
0.49651 0.50349 0.000339949 0.000339949
0.49651 0.50349 0.000339949 0.000339949
0.49651 0.50349 0.000339949 0.000339949
0.49651 0.50349 0.000339949 0.000339949
0.49651 0.50349 0.000339949 0.000339949
0.49651 0.50349 0.000339949 0.000339949
0.49651 0.50349 0.000339949 0.000339949
0.49651 0.50349 0.000339949 0.000339949
0.49651 0.50349 0.000339949 0.000339949
0.49651 0.50349 0.000339949 0.000339949
0.49651 0.50349 0.000339949 0.000339949
0.49651 0.50349 0.000339949 0.000339949
0.49651 0.50349 0.000339949 0.000339949
0.49651 0.50349 0.000339949 0.000339949
0.49651 0.50349 0.000339949 0.000339949
0.49651 0.50349 0.000339949 0.000339949
0.49651 0.50349 0.000339949 0.000339949
0.49651 0.50349 0.000339949 0.000339949
0.49651 0.50349 0.000339949 0.000339949
0.49651 0.50349 0.000339949 0.000339949
0.49651 0.50349 0.000339949 0.000339949
0.49651 0.50349 0.000339949 0.000339949
0.49651 0.50349 0.000339949 0.000339949
0.49651 0.50349 0.000339949 0.000339949
0.49651 0.50349 0.000339949 0.000339949
0.49651 0.50349 0.000339949 0.000339949
0.49651 0.50349 0.000339949 0.000339949
0.49651 0.50349 0.000339949 0.000339949
0.49651 0.50349 0.000339949 0.000339949
0.49651 0.50349 0.000339949 0.000339949
0.49651 0.50349 0.000339949 0.000339949
0.49651 0.50349 0.000339949 0.000339949
0.49651 0.50349 0.000339949 0.000339949
0.49651 0.50349 0.000339949 0.000339949
0.49651 0.50349 0.000339949 0.000339949
0.49651 0.50349 0.000339949 0.000339949
0.49651 0.50349 0.000339949 0.000339949
0.49651 0.50349 0.000339949 0.000339949
0.49651 0.50349 0.000339949 0.000339949
0.49651 0.50349 0.000339949 0.000339949
0.49651 0.50349 0.000339949 0.000339949
0.49651 0.50349 0.000339949 0.000339949
0.49651 0.50349 0.000339949 0.000339949
0.49651 0.50349 0.000339949 0.000339949
0.49651 0.50349 0.000339949 0.000339949
0.49651 0.50349 0.000339949 0.000339949
0.49651 0.50349 0.000339949 0.000339949
0.49651 0.50349 0.000339949 0.000339949
0.49651 0.50349 0.000339949 0.000339949
0.49651 0.50349 0.000339949 0.000339949
0.49651 0.50349 0.000339949 0.000339949
0.49651 0.50349 0.000339949 0.000339949
0.49651 0.50349 0.000339949 0.000339949
0.49651 0.50349 0.000339949 0.000339949
0.49651 0.50349 0.000339949 0.000339949
0.49651 0.50349 0.000339949 0.000339949
0.49651 0.50349 0.000339949 0.000339949
0.49651 0.50349 0.000339949 0.000339949
