0.72819 0.27181 0.00456959 0.00456959
0.74523 0.25477 0.00418184 0.00418184
0.76022 0.23978 0.00399038 0.00399038
0.77397 0.22603 0.00401268 0.00401268
0.78624 0.21376 0.00421736 0.00421736
0.79717 0.20283 0.00441875 0.00441875
0.80694 0.19306 0.00449535 0.00449535
0.81582 0.18418 0.00471756 0.00471756
0.82438 0.17562 0.00499086 0.00499086
0.83208 0.16792 0.00512743 0.00512743
0.83839 0.16161 0.00537842 0.00537842
0.84447 0.15553 0.005657 0.005657
0.84954 0.15046 0.00596571 0.00596571
0.85407 0.14593 0.00624364 0.00624364
0.85869 0.14131 0.00638119 0.00638119
0.86321 0.13679 0.00650435 0.00650435
0.86707 0.13293 0.00670786 0.00670786
0.87105 0.12895 0.00673148 0.00673148
0.87495 0.12505 0.00679718 0.00679718
0.8781 0.1219 0.00705219 0.00705219
0.88122 0.11878 0.00720961 0.00720961
0.88358 0.11642 0.00736261 0.00736261
0.88603 0.11397 0.00757322 0.00757322
0.88814 0.11186 0.00765541 0.00765541
0.89077 0.10923 0.00769594 0.00769594
0.8925 0.1075 0.00785278 0.00785278
0.89441 0.10559 0.00788356 0.00788356
0.89594 0.10406 0.0080223 0.0080223
0.89764 0.10236 0.00805763 0.00805763
0.89938 0.10062 0.00800377 0.00800377
0.90114 0.09886 0.00802109 0.00802109
0.90238 0.09762 0.00819351 0.00819351
0.90362 0.09638 0.0082903 0.0082903
0.90478 0.09522 0.0082749 0.0082749
0.90619 0.09381 0.0082706 0.0082706
0.90706 0.09294 0.00843781 0.00843781
0.90818 0.09182 0.00845039 0.00845039
0.90934 0.09066 0.00846712 0.00846712
0.91019 0.08981 0.00845547 0.00845547
0.91071 0.08929 0.00850409 0.00850409
0.91159 0.08841 0.00852992 0.00852992
0.91213 0.08787 0.00854337 0.00854337
0.91272 0.08728 0.00858257 0.00858257
0.91339 0.08661 0.00855915 0.00855915
0.91404 0.08596 0.00858048 0.00858048
0.9147 0.0853 0.0085787 0.0085787
0.91529 0.08471 0.00854479 0.00854479
0.91576 0.08424 0.00855431 0.00855431
0.91618 0.08382 0.0085269 0.0085269
0.91661 0.08339 0.00856642 0.00856642
0.91707 0.08293 0.00852952 0.00852952
0.91734 0.08266 0.00854788 0.00854788
0.91777 0.08223 0.00855713 0.00855713
0.91817 0.08183 0.00860451 0.00860451
0.91859 0.08141 0.00857675 0.00857675
0.91892 0.08108 0.00855416 0.00855416
0.91931 0.08069 0.00855848 0.00855848
0.91955 0.08045 0.00856124 0.00856124
0.91979 0.08021 0.00856671 0.00856671
0.92015 0.07985 0.00854146 0.00854146
0.92038 0.07962 0.00854234 0.00854234
0.92056 0.07944 0.00855544 0.00855544
0.92068 0.07932 0.00858351 0.00858351
0.92099 0.07901 0.00858819 0.00858819
0.92113 0.07887 0.00858529 0.00858529
0.92133 0.07867 0.00861075 0.00861075
0.92155 0.07845 0.00860702 0.00860702
0.92167 0.07833 0.00863331 0.00863331
0.92185 0.07815 0.00860015 0.00860015
0.92193 0.07807 0.00860065 0.00860065
0.92203 0.07797 0.00857556 0.00857556
0.92212 0.07788 0.00859546 0.00859546
0.92222 0.07778 0.00861547 0.00861547
0.92239 0.07761 0.00862323 0.00862323
0.9224 0.0776 0.00862154 0.00862154
0.92245 0.07755 0.00862841 0.00862841
0.92252 0.07748 0.0086306 0.0086306
0.92257 0.07743 0.00865992 0.00865992
0.92263 0.07737 0.00866038 0.00866038
0.92276 0.07724 0.0086413 0.0086413
0.92287 0.07713 0.00863848 0.00863848
0.92298 0.07702 0.00863347 0.00863347
0.92313 0.07687 0.00861704 0.00861704
0.92314 0.07686 0.00863927 0.00863927
0.92322 0.07678 0.00863652 0.00863652
0.92328 0.07672 0.00863368 0.00863368
0.92338 0.07662 0.00863648 0.00863648
0.92345 0.07655 0.00862579 0.00862579
0.92354 0.07646 0.00860946 0.00860946
0.9236 0.0764 0.00859234 0.00859234
0.92365 0.07635 0.00858294 0.00858294
0.92362 0.07638 0.00860783 0.00860783
0.92362 0.07638 0.00862074 0.00862074
0.92368 0.07632 0.00863077 0.00863077
0.92375 0.07625 0.00864296 0.00864296
0.92384 0.07616 0.00863816 0.00863816
0.9239 0.0761 0.00863254 0.00863254
0.92398 0.07602 0.00863616 0.00863616
0.92397 0.07603 0.0086315 0.0086315
0.924 0.076 0.00864311 0.00864311
0.92406 0.07594 0.00863709 0.00863709
0.92408 0.07592 0.00865046 0.00865046
0.9241 0.0759 0.00865249 0.00865249
0.92411 0.07589 0.00864877 0.00864877
0.92414 0.07586 0.00864582 0.00864582
0.92415 0.07585 0.00865831 0.00865831
0.92424 0.07576 0.00864893 0.00864893
0.92423 0.07577 0.00864786 0.00864786
0.92424 0.07576 0.00864453 0.00864453
0.92423 0.07577 0.00865683 0.00865683
0.92425 0.07575 0.00866764 0.00866764
0.92429 0.07571 0.00866857 0.00866857
0.92434 0.07566 0.00865905 0.00865905
0.92438 0.07562 0.00864153 0.00864153
0.92435 0.07565 0.00864989 0.00864989
0.92432 0.07568 0.008666 0.008666
0.92436 0.07564 0.00866353 0.00866353
0.92438 0.07562 0.00866341 0.00866341
0.92441 0.07559 0.00865909 0.00865909
0.92437 0.07563 0.00866888 0.00866888
0.92436 0.07564 0.00867433 0.00867433
0.92439 0.07561 0.00867598 0.00867598
0.9244 0.0756 0.00868368 0.00868368
0.9244 0.0756 0.00868069 0.00868069
0.92444 0.07556 0.00867391 0.00867391
0.92444 0.07556 0.00868568 0.00868568
0.92447 0.07553 0.00868821 0.00868821
0.9245 0.0755 0.00869247 0.00869247
0.92452 0.07548 0.00869128 0.00869128
0.92455 0.07545 0.00869235 0.00869235
0.92456 0.07544 0.008693 0.008693
0.92456 0.07544 0.00869589 0.00869589
0.92459 0.07541 0.00869354 0.00869354
0.92461 0.07539 0.00869277 0.00869277
0.92462 0.07538 0.00869937 0.00869937
0.9246 0.0754 0.00870683 0.00870683
0.92458 0.07542 0.0087076 0.0087076
0.92457 0.07543 0.00871067 0.00871067
0.92462 0.07538 0.0086964 0.0086964
0.92461 0.07539 0.00869838 0.00869838
0.92465 0.07535 0.00869217 0.00869217
0.9247 0.0753 0.00868342 0.00868342
0.92469 0.07531 0.00868498 0.00868498
0.9247 0.0753 0.00868819 0.00868819
0.92472 0.07528 0.00868071 0.00868071
0.92475 0.07525 0.00868063 0.00868063
0.92475 0.07525 0.00868122 0.00868122
0.92473 0.07527 0.00868266 0.00868266
0.92475 0.07525 0.00867318 0.00867318
0.92477 0.07523 0.00867287 0.00867287
0.92477 0.07523 0.00867693 0.00867693
0.92477 0.07523 0.00867697 0.00867697
0.92478 0.07522 0.00867965 0.00867965
0.92479 0.07521 0.00868102 0.00868102
0.92482 0.07518 0.00867514 0.00867514
0.92483 0.07517 0.00867812 0.00867812
0.92483 0.07517 0.00868376 0.00868376
0.92484 0.07516 0.00868183 0.00868183
0.92487 0.07513 0.00868098 0.00868098
0.92486 0.07514 0.00868042 0.00868042
0.92487 0.07513 0.00868185 0.00868185
0.92488 0.07512 0.00867958 0.00867958
0.92489 0.07511 0.00868099 0.00868099
0.92491 0.07509 0.00868317 0.00868317
0.92489 0.07511 0.0086822 0.0086822
0.9249 0.0751 0.00867777 0.00867777
0.92491 0.07509 0.00867907 0.00867907
0.92492 0.07508 0.00868157 0.00868157
0.92495 0.07505 0.00867269 0.00867269
0.92494 0.07506 0.00867701 0.00867701
0.92494 0.07506 0.00867204 0.00867204
0.92494 0.07506 0.00867204 0.00867204
0.92493 0.07507 0.00867833 0.00867833
0.92491 0.07509 0.00867503 0.00867503
0.92493 0.07507 0.0086656 0.0086656
0.92493 0.07507 0.00867093 0.00867093
0.92494 0.07506 0.00866743 0.00866743
0.92496 0.07504 0.00866339 0.00866339
0.92498 0.07502 0.00866521 0.00866521
0.92498 0.07502 0.00866521 0.00866521
0.92498 0.07502 0.00866521 0.00866521
0.92497 0.07503 0.00867023 0.00867023
0.92496 0.07504 0.00867327 0.00867327
0.92495 0.07505 0.0086773 0.0086773
0.92494 0.07506 0.00868274 0.00868274
0.92493 0.07507 0.00868172 0.00868172
0.92493 0.07507 0.00868172 0.00868172
0.92494 0.07506 0.00868006 0.00868006
0.92494 0.07506 0.00868006 0.00868006
0.92494 0.07506 0.00868006 0.00868006
0.92495 0.07505 0.00868148 0.00868148
0.92495 0.07505 0.00868148 0.00868148
0.92495 0.07505 0.00868148 0.00868148
0.92496 0.07504 0.00867707 0.00867707
0.92496 0.07504 0.00867707 0.00867707
0.92496 0.07504 0.00867707 0.00867707
0.92497 0.07503 0.00867542 0.00867542
0.92497 0.07503 0.00867542 0.00867542
0.92497 0.07503 0.00867542 0.00867542
0.92498 0.07502 0.00867638 0.00867638
0.92499 0.07501 0.00867761 0.00867761
0.92499 0.07501 0.00867761 0.00867761
0.92499 0.07501 0.00867761 0.00867761
0.92498 0.07502 0.00867925 0.00867925
0.92498 0.07502 0.00867925 0.00867925
0.92498 0.07502 0.00867925 0.00867925
0.92498 0.07502 0.00867525 0.00867525
0.92499 0.07501 0.00867555 0.00867555
0.92498 0.07502 0.00867525 0.00867525
0.92497 0.07503 0.00867752 0.00867752
0.92499 0.07501 0.00867734 0.00867734
0.92498 0.07502 0.00867903 0.00867903
0.92499 0.07501 0.00867738 0.00867738
0.92499 0.07501 0.00867738 0.00867738
0.92499 0.07501 0.00867738 0.00867738
0.925 0.075 0.0086797 0.0086797
0.92501 0.07499 0.00868021 0.00868021
0.92501 0.07499 0.00868021 0.00868021
0.925 0.075 0.00867925 0.00867925
0.925 0.075 0.00867925 0.00867925
0.925 0.075 0.00867925 0.00867925
0.925 0.075 0.00867925 0.00867925
0.92499 0.07501 0.00867874 0.00867874
0.92501 0.07499 0.00867973 0.00867973
0.92501 0.07499 0.00868197 0.00868197
0.92502 0.07498 0.00868265 0.00868265
0.92503 0.07497 0.00868294 0.00868294
0.92504 0.07496 0.00868067 0.00868067
0.92505 0.07495 0.00868162 0.00868162
0.92505 0.07495 0.00868445 0.00868445
0.92506 0.07494 0.00868509 0.00868509
0.92507 0.07493 0.00868281 0.00868281
0.92508 0.07492 0.00867842 0.00867842
0.92507 0.07493 0.00867788 0.00867788
0.92508 0.07492 0.00867563 0.00867563
0.92508 0.07492 0.00867563 0.00867563
0.92507 0.07493 0.00867508 0.00867508
0.92507 0.07493 0.00867508 0.00867508
0.92507 0.07493 0.00867508 0.00867508
0.92507 0.07493 0.00867788 0.00867788
0.92507 0.07493 0.00867788 0.00867788
0.92507 0.07493 0.00867788 0.00867788
0.92508 0.07492 0.00867933 0.00867933
0.92508 0.07492 0.00867933 0.00867933
0.92509 0.07491 0.0086777 0.0086777
0.92509 0.07491 0.0086777 0.0086777
0.92508 0.07492 0.00867626 0.00867626
0.92508 0.07492 0.00867626 0.00867626
0.9251 0.0749 0.00867706 0.00867706
0.9251 0.0749 0.00867706 0.00867706
0.9251 0.0749 0.00867706 0.00867706
0.9251 0.0749 0.00867706 0.00867706
0.92512 0.07488 0.00867891 0.00867891
0.92512 0.07488 0.00868106 0.00868106
0.92512 0.07488 0.00868106 0.00868106
0.92512 0.07488 0.00868106 0.00868106
0.92512 0.07488 0.00868106 0.00868106
0.92512 0.07488 0.00868106 0.00868106
0.92512 0.07488 0.00868106 0.00868106
0.92512 0.07488 0.00868106 0.00868106
0.92512 0.07488 0.00868106 0.00868106
0.92512 0.07488 0.00868132 0.00868132
0.92512 0.07488 0.00868132 0.00868132
0.92512 0.07488 0.00868132 0.00868132
0.92512 0.07488 0.00868132 0.00868132
0.92512 0.07488 0.00868132 0.00868132
0.92512 0.07488 0.00868132 0.00868132
0.92512 0.07488 0.00867576 0.00867576
0.92512 0.07488 0.00867576 0.00867576
0.92512 0.07488 0.00867576 0.00867576
0.92512 0.07488 0.00867576 0.00867576
0.92512 0.07488 0.00867576 0.00867576
0.92513 0.07487 0.00867727 0.00867727
0.92513 0.07487 0.00867727 0.00867727
0.92513 0.07487 0.00867415 0.00867415
0.92513 0.07487 0.0086748 0.0086748
0.92513 0.07487 0.0086748 0.0086748
0.92513 0.07487 0.0086748 0.0086748
0.92514 0.07486 0.00867596 0.00867596
0.92514 0.07486 0.00867596 0.00867596
0.92514 0.07486 0.00867596 0.00867596
0.92514 0.07486 0.00867596 0.00867596
0.92514 0.07486 0.00867596 0.00867596
0.92514 0.07486 0.00867596 0.00867596
0.92514 0.07486 0.00867596 0.00867596
0.92514 0.07486 0.00867596 0.00867596
0.92514 0.07486 0.00867596 0.00867596
0.92514 0.07486 0.00867596 0.00867596
0.92514 0.07486 0.00867596 0.00867596
0.92514 0.07486 0.00867596 0.00867596
0.92514 0.07486 0.00867596 0.00867596
0.92514 0.07486 0.00867596 0.00867596
0.92514 0.07486 0.00867596 0.00867596
0.92514 0.07486 0.00867596 0.00867596
0.92514 0.07486 0.00867596 0.00867596
0.92515 0.07485 0.0086772 0.0086772
0.92516 0.07484 0.00867838 0.00867838
0.92516 0.07484 0.00867838 0.00867838
0.92516 0.07484 0.00867773 0.00867773
0.92516 0.07484 0.00867773 0.00867773
0.92516 0.07484 0.00867773 0.00867773
0.92516 0.07484 0.00867773 0.00867773
0.92516 0.07484 0.00867773 0.00867773
0.92516 0.07484 0.00867773 0.00867773
0.92516 0.07484 0.00867773 0.00867773
0.92516 0.07484 0.00867773 0.00867773
0.92516 0.07484 0.00867773 0.00867773
0.92516 0.07484 0.00867773 0.00867773
0.92517 0.07483 0.00867871 0.00867871
0.92517 0.07483 0.00867871 0.00867871
0.92518 0.07482 0.00867985 0.00867985
0.92518 0.07482 0.00867985 0.00867985
0.92518 0.07482 0.00867985 0.00867985
0.92518 0.07482 0.0086795 0.0086795
0.92518 0.07482 0.0086795 0.0086795
0.92518 0.07482 0.0086795 0.0086795
0.92519 0.07481 0.00867686 0.00867686
0.9252 0.0748 0.00867745 0.00867745
0.92519 0.07481 0.00867648 0.00867648
0.9252 0.0748 0.00867762 0.00867762
0.9252 0.0748 0.00867762 0.00867762
0.9252 0.0748 0.00867762 0.00867762
0.9252 0.0748 0.00867762 0.00867762
0.92519 0.07481 0.00867702 0.00867702
0.92519 0.07481 0.00867702 0.00867702
0.92518 0.07482 0.00867623 0.00867623
0.92518 0.07482 0.00867623 0.00867623
0.92517 0.07483 0.00867887 0.00867887
0.92517 0.07483 0.00867887 0.00867887
0.92517 0.07483 0.00867887 0.00867887
0.92518 0.07482 0.00867946 0.00867946
0.92518 0.07482 0.00867946 0.00867946
0.92518 0.07482 0.00867946 0.00867946
0.92519 0.07481 0.0086809 0.0086809
0.92519 0.07481 0.0086809 0.0086809
0.9252 0.0748 0.00867624 0.00867624
0.9252 0.0748 0.00867624 0.00867624
0.9252 0.0748 0.00867624 0.00867624
0.9252 0.0748 0.00867624 0.00867624
0.92521 0.07479 0.0086772 0.0086772
0.92521 0.07479 0.0086772 0.0086772
0.92521 0.07479 0.0086772 0.0086772
0.92521 0.07479 0.0086772 0.0086772
0.92521 0.07479 0.0086772 0.0086772
0.92521 0.07479 0.0086772 0.0086772
0.92521 0.07479 0.0086772 0.0086772
0.9252 0.0748 0.00867624 0.00867624
0.9252 0.0748 0.00867624 0.00867624
0.9252 0.0748 0.00867624 0.00867624
0.9252 0.0748 0.00867624 0.00867624
0.9252 0.0748 0.00867624 0.00867624
0.9252 0.0748 0.00867624 0.00867624
0.9252 0.0748 0.00867624 0.00867624
0.9252 0.0748 0.00867624 0.00867624
0.9252 0.0748 0.00867624 0.00867624
0.9252 0.0748 0.00867624 0.00867624
0.9252 0.0748 0.00867624 0.00867624
0.9252 0.0748 0.00867624 0.00867624
0.92521 0.07479 0.00867685 0.00867685
0.92521 0.07479 0.00867685 0.00867685
0.92521 0.07479 0.00867685 0.00867685
0.9252 0.0748 0.00867624 0.00867624
0.9252 0.0748 0.00867624 0.00867624
0.9252 0.0748 0.00867624 0.00867624
0.9252 0.0748 0.00867624 0.00867624
0.9252 0.0748 0.00867624 0.00867624
0.9252 0.0748 0.00867624 0.00867624
0.9252 0.0748 0.00867624 0.00867624
0.92521 0.07479 0.00867455 0.00867455
0.92521 0.07479 0.00867455 0.00867455
0.92521 0.07479 0.00867455 0.00867455
0.92521 0.07479 0.00867455 0.00867455
0.92521 0.07479 0.00867455 0.00867455
0.9252 0.0748 0.00867624 0.00867624
0.9252 0.0748 0.00867624 0.00867624
0.9252 0.0748 0.00867624 0.00867624
0.9252 0.0748 0.00867624 0.00867624
0.9252 0.0748 0.00867624 0.00867624
0.9252 0.0748 0.00867624 0.00867624
0.92521 0.07479 0.0086772 0.0086772
0.92521 0.07479 0.0086772 0.0086772
0.92521 0.07479 0.0086772 0.0086772
0.92521 0.07479 0.0086772 0.0086772
0.92521 0.07479 0.0086772 0.0086772
0.92521 0.07479 0.0086772 0.0086772
0.92521 0.07479 0.0086772 0.0086772
0.92521 0.07479 0.0086772 0.0086772
0.92521 0.07479 0.0086772 0.0086772
0.92522 0.07478 0.00867838 0.00867838
0.92522 0.07478 0.00867838 0.00867838
0.92522 0.07478 0.00867838 0.00867838
0.92522 0.07478 0.00867838 0.00867838
0.92522 0.07478 0.00867838 0.00867838
0.92523 0.07477 0.00867668 0.00867668
0.92523 0.07477 0.00867668 0.00867668
0.92523 0.07477 0.00867668 0.00867668
0.92524 0.07476 0.0086773 0.0086773
0.92524 0.07476 0.0086773 0.0086773
0.92523 0.07477 0.00867668 0.00867668
0.92523 0.07477 0.00867668 0.00867668
0.92524 0.07476 0.00867687 0.00867687
0.92524 0.07476 0.00867687 0.00867687
0.92524 0.07476 0.00867687 0.00867687
0.92523 0.07477 0.00867668 0.00867668
0.92523 0.07477 0.00867668 0.00867668
0.92523 0.07477 0.00867668 0.00867668
0.92523 0.07477 0.00867668 0.00867668
0.92523 0.07477 0.00867668 0.00867668
0.92523 0.07477 0.00867668 0.00867668
0.92523 0.07477 0.00867668 0.00867668
0.92523 0.07477 0.00867668 0.00867668
0.92523 0.07477 0.00867668 0.00867668
0.92523 0.07477 0.00867668 0.00867668
0.92523 0.07477 0.00867668 0.00867668
0.92523 0.07477 0.00867668 0.00867668
0.92523 0.07477 0.00867668 0.00867668
0.92523 0.07477 0.00867668 0.00867668
0.92523 0.07477 0.00867668 0.00867668
0.92523 0.07477 0.00867668 0.00867668
0.92523 0.07477 0.00867668 0.00867668
0.92523 0.07477 0.00867668 0.00867668
0.92523 0.07477 0.00867668 0.00867668
0.92523 0.07477 0.00867668 0.00867668
0.92523 0.07477 0.00867668 0.00867668
0.92523 0.07477 0.00867668 0.00867668
0.92523 0.07477 0.00867668 0.00867668
0.92523 0.07477 0.00867668 0.00867668
0.92523 0.07477 0.00867668 0.00867668
0.92523 0.07477 0.00867668 0.00867668
0.92523 0.07477 0.00867668 0.00867668
0.92523 0.07477 0.00867668 0.00867668
0.92523 0.07477 0.00867668 0.00867668
0.92523 0.07477 0.00867668 0.00867668
0.92524 0.07476 0.00867699 0.00867699
0.92523 0.07477 0.00867668 0.00867668
0.92523 0.07477 0.00867668 0.00867668
0.92523 0.07477 0.00867668 0.00867668
0.92523 0.07477 0.00867668 0.00867668
0.92523 0.07477 0.00867668 0.00867668
0.92523 0.07477 0.00867668 0.00867668
0.92523 0.07477 0.00867668 0.00867668
0.92523 0.07477 0.00867668 0.00867668
0.92523 0.07477 0.00867668 0.00867668
0.92523 0.07477 0.00867668 0.00867668
0.92523 0.07477 0.00867668 0.00867668
0.92524 0.07476 0.0086773 0.0086773
0.92524 0.07476 0.0086773 0.0086773
0.92524 0.07476 0.0086773 0.0086773
0.92524 0.07476 0.0086773 0.0086773
0.92524 0.07476 0.0086773 0.0086773
0.92524 0.07476 0.0086773 0.0086773
0.92524 0.07476 0.0086773 0.0086773
0.92524 0.07476 0.0086773 0.0086773
0.92524 0.07476 0.0086773 0.0086773
0.92524 0.07476 0.0086773 0.0086773
0.92524 0.07476 0.0086773 0.0086773
0.92524 0.07476 0.0086773 0.0086773
0.92524 0.07476 0.0086773 0.0086773
0.92524 0.07476 0.0086773 0.0086773
0.92524 0.07476 0.0086773 0.0086773
0.92524 0.07476 0.0086773 0.0086773
0.92524 0.07476 0.0086773 0.0086773
0.92524 0.07476 0.0086773 0.0086773
0.92526 0.07474 0.00867791 0.00867791
0.92526 0.07474 0.00867791 0.00867791
0.92526 0.07474 0.00867791 0.00867791
0.92526 0.07474 0.00867791 0.00867791
0.92526 0.07474 0.00867791 0.00867791
0.92526 0.07474 0.00867791 0.00867791
0.92526 0.07474 0.00867791 0.00867791
0.92526 0.07474 0.00867791 0.00867791
0.92526 0.07474 0.00867791 0.00867791
0.92525 0.07475 0.00867809 0.00867809
0.92525 0.07475 0.00867809 0.00867809
0.92525 0.07475 0.00867809 0.00867809
0.92525 0.07475 0.00867809 0.00867809
0.92525 0.07475 0.00867809 0.00867809
0.92525 0.07475 0.00867809 0.00867809
0.92525 0.07475 0.00867809 0.00867809
0.92525 0.07475 0.00867809 0.00867809
0.92524 0.07476 0.0086773 0.0086773
0.92524 0.07476 0.0086773 0.0086773
0.92524 0.07476 0.0086773 0.0086773
0.92525 0.07475 0.00867465 0.00867465
0.92525 0.07475 0.00867465 0.00867465
0.92526 0.07474 0.00867545 0.00867545
0.92526 0.07474 0.00867545 0.00867545
0.92526 0.07474 0.00867545 0.00867545
0.92527 0.07473 0.00867642 0.00867642
0.92526 0.07474 0.00867545 0.00867545
0.92526 0.07474 0.00867545 0.00867545
0.92526 0.07474 0.00867545 0.00867545
0.92526 0.07474 0.00867545 0.00867545
0.92527 0.07473 0.00867527 0.00867527
0.92527 0.07473 0.00867527 0.00867527
0.92527 0.07473 0.00867527 0.00867527
0.92527 0.07473 0.00867527 0.00867527
0.92527 0.07473 0.00867527 0.00867527
0.92527 0.07473 0.00867527 0.00867527
0.92527 0.07473 0.00867527 0.00867527
