0.18773 0.81227 3.129e-05 3.129e-05
0.17683 0.82317 8.32132e-05 8.32132e-05
0.16674 0.83326 0.00016979 0.00016979
0.15712 0.84288 0.000230107 0.000230107
0.14923 0.85077 0.000340401 0.000340401
0.14188 0.85812 0.000467076 0.000467076
0.1354 0.8646 0.000543374 0.000543374
0.12958 0.87042 0.000656529 0.000656529
0.12448 0.87552 0.000744676 0.000744676
0.1196 0.8804 0.000828404 0.000828404
0.11544 0.88456 0.00094637 0.00094637
0.11125 0.88875 0.00101023 0.00101023
0.10736 0.89264 0.00105603 0.00105603
0.10397 0.89603 0.0010891 0.0010891
0.10061 0.89939 0.00108745 0.00108745
0.09765 0.90235 0.00113027 0.00113027
0.09472 0.90528 0.00116186 0.00116186
0.09174 0.90826 0.00117777 0.00117777
0.08946 0.91054 0.00118098 0.00118098
0.0876 0.9124 0.00114877 0.00114877
0.08567 0.91433 0.00113843 0.00113843
0.0838 0.9162 0.00113154 0.00113154
0.08208 0.91792 0.00111177 0.00111177
0.08011 0.91989 0.00106196 0.00106196
0.07841 0.92159 0.00101127 0.00101127
0.07664 0.92336 0.000942394 0.000942394
0.07532 0.92468 0.000907109 0.000907109
0.07393 0.92607 0.000854066 0.000854066
0.07297 0.92703 0.000844837 0.000844837
0.07156 0.92844 0.000762532 0.000762532
0.07061 0.92939 0.000744644 0.000744644
0.06945 0.93055 0.000678028 0.000678028
0.06841 0.93159 0.000629275 0.000629275
0.06738 0.93262 0.000574844 0.000574844
0.0665 0.9335 0.000531121 0.000531121
0.06569 0.93431 0.000493974 0.000493974
0.06496 0.93504 0.000466019 0.000466019
0.06425 0.93575 0.000444189 0.000444189
0.06357 0.93643 0.000417642 0.000417642
0.06291 0.93709 0.00038681 0.00038681
0.06247 0.93753 0.000376716 0.000376716
0.06184 0.93816 0.000349429 0.000349429
0.06128 0.93872 0.000329537 0.000329537
0.06075 0.93925 0.000303301 0.000303301
0.06018 0.93982 0.000277301 0.000277301
0.05971 0.94029 0.000259925 0.000259925
0.05926 0.94074 0.000253992 0.000253992
0.0589 0.9411 0.000242273 0.000242273
0.0585 0.9415 0.00022696 0.00022696
0.05819 0.94181 0.000216661 0.000216661
0.05777 0.94223 0.000203613 0.000203613
0.05754 0.94246 0.000200655 0.000200655
0.05726 0.94274 0.000191992 0.000191992
0.05707 0.94293 0.000183359 0.000183359
0.05683 0.94317 0.000175516 0.000175516
0.05657 0.94343 0.000169338 0.000169338
0.05635 0.94365 0.000162816 0.000162816
0.05617 0.94383 0.00015489 0.00015489
0.0559 0.9441 0.00014696 0.00014696
0.05571 0.94429 0.000141622 0.000141622
0.05553 0.94447 0.000138999 0.000138999
0.05543 0.94457 0.000134268 0.000134268
0.05519 0.94481 0.000128559 0.000128559
0.05502 0.94498 0.000126141 0.000126141
0.05496 0.94504 0.000127312 0.000127312
0.05487 0.94513 0.000125246 0.000125246
0.05477 0.94523 0.000121411 0.000121411
0.05457 0.94543 0.000117439 0.000117439
0.05453 0.94547 0.00011813 0.00011813
0.0544 0.9456 0.000115414 0.000115414
0.05431 0.94569 0.000113832 0.000113832
0.05416 0.94584 0.000110297 0.000110297
0.05407 0.94593 0.000108369 0.000108369
0.05397 0.94603 0.000105807 0.000105807
0.05393 0.94607 0.000106207 0.000106207
0.05383 0.94617 0.000104042 0.000104042
0.05379 0.94621 0.00010441 0.00010441
0.05376 0.94624 0.000104366 0.000104366
0.05368 0.94632 0.000103594 0.000103594
0.05368 0.94632 0.000102947 0.000102947
0.05363 0.94637 0.00010367 0.00010367
0.05356 0.94644 0.000101986 0.000101986
0.05346 0.94654 9.94832e-05 9.94832e-05
0.05344 0.94656 9.82691e-05 9.82691e-05
0.05341 0.94659 9.78403e-05 9.78403e-05
0.05336 0.94664 9.74651e-05 9.74651e-05
0.05333 0.94667 9.79405e-05 9.79405e-05
0.05324 0.94676 9.62246e-05 9.62246e-05
0.05318 0.94682 9.56642e-05 9.56642e-05
0.05314 0.94686 9.46873e-05 9.46873e-05
0.05316 0.94684 9.50246e-05 9.50246e-05
0.05308 0.94692 9.24582e-05 9.24582e-05
0.05297 0.94703 9.09385e-05 9.09385e-05
0.05291 0.94709 8.94969e-05 8.94969e-05
0.05288 0.94712 8.86925e-05 8.86925e-05
0.05282 0.94718 8.82703e-05 8.82703e-05
0.05279 0.94721 8.74201e-05 8.74201e-05
0.05274 0.94726 8.77095e-05 8.77095e-05
0.05273 0.94727 8.74314e-05 8.74314e-05
0.05269 0.94731 8.71656e-05 8.71656e-05
0.05262 0.94738 8.52683e-05 8.52683e-05
0.05257 0.94743 8.48334e-05 8.48334e-05
0.05257 0.94743 8.42476e-05 8.42476e-05
0.05257 0.94743 8.46314e-05 8.46314e-05
0.05258 0.94742 8.44279e-05 8.44279e-05
0.05252 0.94748 8.39895e-05 8.39895e-05
0.05247 0.94753 8.31809e-05 8.31809e-05
0.05246 0.94754 8.28368e-05 8.28368e-05
0.05241 0.94759 8.25878e-05 8.25878e-05
0.05241 0.94759 8.20019e-05 8.20019e-05
0.05242 0.94758 8.20238e-05 8.20238e-05
0.05241 0.94759 8.21433e-05 8.21433e-05
0.05237 0.94763 8.14678e-05 8.14678e-05
0.05239 0.94761 8.27454e-05 8.27454e-05
0.05237 0.94763 8.35688e-05 8.35688e-05
0.05235 0.94765 8.28763e-05 8.28763e-05
0.05233 0.94767 8.31122e-05 8.31122e-05
0.05232 0.94768 8.27653e-05 8.27653e-05
0.05229 0.94771 8.25716e-05 8.25716e-05
0.05228 0.94772 8.2042e-05 8.2042e-05
0.05229 0.94771 8.22484e-05 8.22484e-05
0.05227 0.94773 8.23405e-05 8.23405e-05
0.05224 0.94776 8.22246e-05 8.22246e-05
0.05225 0.94775 8.1947e-05 8.1947e-05
0.05224 0.94776 8.20024e-05 8.20024e-05
0.05224 0.94776 8.26489e-05 8.26489e-05
0.05224 0.94776 8.24671e-05 8.24671e-05
0.05223 0.94777 8.25425e-05 8.25425e-05
0.05219 0.94781 8.21757e-05 8.21757e-05
0.05218 0.94782 8.24925e-05 8.24925e-05
0.05217 0.94783 8.22637e-05 8.22637e-05
0.05216 0.94784 8.22974e-05 8.22974e-05
0.05216 0.94784 8.22974e-05 8.22974e-05
0.05216 0.94784 8.20145e-05 8.20145e-05
0.05216 0.94784 8.22772e-05 8.22772e-05
0.05216 0.94784 8.22772e-05 8.22772e-05
0.05215 0.94785 8.2149e-05 8.2149e-05
0.05216 0.94784 8.22772e-05 8.22772e-05
0.05216 0.94784 8.22772e-05 8.22772e-05
0.05215 0.94785 8.21086e-05 8.21086e-05
0.05216 0.94784 8.20549e-05 8.20549e-05
0.05217 0.94783 8.21021e-05 8.21021e-05
0.05217 0.94783 8.21021e-05 8.21021e-05
0.05216 0.94784 8.19539e-05 8.19539e-05
0.05214 0.94786 8.2061e-05 8.2061e-05
0.05211 0.94789 8.19171e-05 8.19171e-05
0.05211 0.94789 8.19171e-05 8.19171e-05
0.05211 0.94789 8.20383e-05 8.20383e-05
0.05212 0.94788 8.21673e-05 8.21673e-05
0.0521 0.9479 8.19091e-05 8.19091e-05
0.0521 0.9479 8.19091e-05 8.19091e-05
0.0521 0.9479 8.19091e-05 8.19091e-05
0.05209 0.94791 8.19615e-05 8.19615e-05
0.05208 0.94792 8.19127e-05 8.19127e-05
0.05208 0.94792 8.19127e-05 8.19127e-05
0.05208 0.94792 8.19127e-05 8.19127e-05
0.05208 0.94792 8.19127e-05 8.19127e-05
0.05208 0.94792 8.19127e-05 8.19127e-05
0.05208 0.94792 8.19127e-05 8.19127e-05
0.05208 0.94792 8.19127e-05 8.19127e-05
0.05206 0.94794 8.22388e-05 8.22388e-05
0.05204 0.94796 8.20994e-05 8.20994e-05
0.05204 0.94796 8.20994e-05 8.20994e-05
0.05204 0.94796 8.20994e-05 8.20994e-05
0.05204 0.94796 8.20994e-05 8.20994e-05
0.05204 0.94796 8.20994e-05 8.20994e-05
0.05204 0.94796 8.20994e-05 8.20994e-05
0.05204 0.94796 8.20994e-05 8.20994e-05
0.05204 0.94796 8.20994e-05 8.20994e-05
0.05204 0.94796 8.20994e-05 8.20994e-05
0.05205 0.94795 8.21288e-05 8.21288e-05
0.05205 0.94795 8.21288e-05 8.21288e-05
0.05204 0.94796 8.20994e-05 8.20994e-05
0.05204 0.94796 8.20994e-05 8.20994e-05
0.05204 0.94796 8.20994e-05 8.20994e-05
0.05204 0.94796 8.20994e-05 8.20994e-05
0.05204 0.94796 8.20994e-05 8.20994e-05
0.05204 0.94796 8.20994e-05 8.20994e-05
0.05204 0.94796 8.20994e-05 8.20994e-05
0.05203 0.94797 8.21708e-05 8.21708e-05
0.05204 0.94796 8.22004e-05 8.22004e-05
0.05204 0.94796 8.18368e-05 8.18368e-05
0.05204 0.94796 8.18368e-05 8.18368e-05
0.05205 0.94795 8.18864e-05 8.18864e-05
0.05205 0.94795 8.21288e-05 8.21288e-05
0.05204 0.94796 8.20994e-05 8.20994e-05
0.05204 0.94796 8.20994e-05 8.20994e-05
0.05203 0.94797 8.20092e-05 8.20092e-05
0.05203 0.94797 8.20092e-05 8.20092e-05
0.05203 0.94797 8.20092e-05 8.20092e-05
0.05202 0.94798 8.20804e-05 8.20804e-05
0.05204 0.94796 8.20994e-05 8.20994e-05
0.05202 0.94798 8.21612e-05 8.21612e-05
0.05201 0.94799 8.22322e-05 8.22322e-05
0.05202 0.94798 8.2141e-05 8.2141e-05
0.05203 0.94797 8.20698e-05 8.20698e-05
0.05203 0.94797 8.20698e-05 8.20698e-05
0.05203 0.94797 8.20698e-05 8.20698e-05
0.05203 0.94797 8.20698e-05 8.20698e-05
0.05202 0.94798 8.22016e-05 8.22016e-05
0.05202 0.94798 8.22016e-05 8.22016e-05
0.05203 0.94797 8.22516e-05 8.22516e-05
0.05202 0.94798 8.22824e-05 8.22824e-05
0.05201 0.94799 8.19898e-05 8.19898e-05
0.05201 0.94799 8.19898e-05 8.19898e-05
0.05201 0.94799 8.19898e-05 8.19898e-05
0.05201 0.94799 8.19898e-05 8.19898e-05
0.052 0.948 8.1899e-05 8.1899e-05
0.052 0.948 8.1899e-05 8.1899e-05
0.052 0.948 8.1899e-05 8.1899e-05
0.052 0.948 8.1899e-05 8.1899e-05
0.052 0.948 8.18182e-05 8.18182e-05
0.052 0.948 8.18182e-05 8.18182e-05
0.05202 0.94798 8.19592e-05 8.19592e-05
0.05201 0.94799 8.17272e-05 8.17272e-05
0.05201 0.94799 8.17272e-05 8.17272e-05
0.05201 0.94799 8.17272e-05 8.17272e-05
0.05201 0.94799 8.17272e-05 8.17272e-05
0.05201 0.94799 8.17272e-05 8.17272e-05
0.05201 0.94799 8.17272e-05 8.17272e-05
0.05202 0.94798 8.19592e-05 8.19592e-05
0.05202 0.94798 8.19592e-05 8.19592e-05
0.05202 0.94798 8.19592e-05 8.19592e-05
0.05201 0.94799 8.18686e-05 8.18686e-05
0.05201 0.94799 8.18686e-05 8.18686e-05
0.05202 0.94798 8.19592e-05 8.19592e-05
0.05202 0.94798 8.19592e-05 8.19592e-05
0.05201 0.94799 8.18686e-05 8.18686e-05
0.05201 0.94799 8.18686e-05 8.18686e-05
0.05201 0.94799 8.18686e-05 8.18686e-05
0.05201 0.94799 8.18686e-05 8.18686e-05
0.052 0.948 8.16364e-05 8.16364e-05
0.052 0.948 8.16364e-05 8.16364e-05
0.052 0.948 8.16364e-05 8.16364e-05
0.052 0.948 8.16364e-05 8.16364e-05
0.052 0.948 8.16364e-05 8.16364e-05
0.052 0.948 8.16364e-05 8.16364e-05
0.052 0.948 8.16364e-05 8.16364e-05
0.052 0.948 8.16364e-05 8.16364e-05
0.05199 0.94801 8.16666e-05 8.16666e-05
0.05199 0.94801 8.16666e-05 8.16666e-05
0.05199 0.94801 8.16666e-05 8.16666e-05
0.05199 0.94801 8.16666e-05 8.16666e-05
0.05199 0.94801 8.16666e-05 8.16666e-05
0.05199 0.94801 8.16666e-05 8.16666e-05
0.05199 0.94801 8.16666e-05 8.16666e-05
0.05199 0.94801 8.16666e-05 8.16666e-05
0.05199 0.94801 8.16666e-05 8.16666e-05
0.05199 0.94801 8.16666e-05 8.16666e-05
0.05199 0.94801 8.16666e-05 8.16666e-05
0.05199 0.94801 8.16666e-05 8.16666e-05
0.05199 0.94801 8.16666e-05 8.16666e-05
0.05199 0.94801 8.16666e-05 8.16666e-05
0.05199 0.94801 8.16666e-05 8.16666e-05
0.05199 0.94801 8.16666e-05 8.16666e-05
0.05199 0.94801 8.16666e-05 8.16666e-05
0.05198 0.94802 8.1737e-05 8.1737e-05
0.05198 0.94802 8.1737e-05 8.1737e-05
0.05198 0.94802 8.1737e-05 8.1737e-05
0.05198 0.94802 8.1737e-05 8.1737e-05
0.05198 0.94802 8.1737e-05 8.1737e-05
0.05198 0.94802 8.1737e-05 8.1737e-05
0.05198 0.94802 8.1737e-05 8.1737e-05
0.05198 0.94802 8.1737e-05 8.1737e-05
0.05197 0.94803 8.17062e-05 8.17062e-05
0.05197 0.94803 8.17062e-05 8.17062e-05
0.05197 0.94803 8.17062e-05 8.17062e-05
0.05196 0.94804 8.17964e-05 8.17964e-05
0.05197 0.94803 8.18274e-05 8.18274e-05
0.05197 0.94803 8.18274e-05 8.18274e-05
0.05197 0.94803 8.18274e-05 8.18274e-05
0.05197 0.94803 8.18274e-05 8.18274e-05
0.05197 0.94803 8.18274e-05 8.18274e-05
0.05196 0.94804 8.15539e-05 8.15539e-05
0.05196 0.94804 8.15539e-05 8.15539e-05
0.05197 0.94803 8.14637e-05 8.14637e-05
0.05197 0.94803 8.14637e-05 8.14637e-05
0.05197 0.94803 8.14637e-05 8.14637e-05
0.05197 0.94803 8.14637e-05 8.14637e-05
0.05197 0.94803 8.14637e-05 8.14637e-05
0.05197 0.94803 8.14637e-05 8.14637e-05
0.05197 0.94803 8.14637e-05 8.14637e-05
0.05197 0.94803 8.14637e-05 8.14637e-05
0.05197 0.94803 8.14637e-05 8.14637e-05
0.05197 0.94803 8.14637e-05 8.14637e-05
0.05197 0.94803 8.14637e-05 8.14637e-05
0.05197 0.94803 8.14637e-05 8.14637e-05
0.05197 0.94803 8.14637e-05 8.14637e-05
0.05196 0.94804 8.15539e-05 8.15539e-05
0.05196 0.94804 8.15539e-05 8.15539e-05
0.05196 0.94804 8.15539e-05 8.15539e-05
0.05195 0.94805 8.15631e-05 8.15631e-05
0.05196 0.94804 8.14731e-05 8.14731e-05
0.05196 0.94804 8.14731e-05 8.14731e-05
0.05196 0.94804 8.14731e-05 8.14731e-05
0.05196 0.94804 8.14731e-05 8.14731e-05
0.05196 0.94804 8.14731e-05 8.14731e-05
0.05196 0.94804 8.14731e-05 8.14731e-05
0.05196 0.94804 8.14731e-05 8.14731e-05
0.05196 0.94804 8.14731e-05 8.14731e-05
0.05195 0.94805 8.14621e-05 8.14621e-05
0.05195 0.94805 8.14621e-05 8.14621e-05
0.05196 0.94804 8.14529e-05 8.14529e-05
0.05196 0.94804 8.14529e-05 8.14529e-05
0.05196 0.94804 8.14529e-05 8.14529e-05
0.05196 0.94804 8.14529e-05 8.14529e-05
0.05196 0.94804 8.14529e-05 8.14529e-05
0.05196 0.94804 8.14529e-05 8.14529e-05
0.05196 0.94804 8.14529e-05 8.14529e-05
0.05196 0.94804 8.14529e-05 8.14529e-05
0.05196 0.94804 8.14529e-05 8.14529e-05
0.05196 0.94804 8.14529e-05 8.14529e-05
0.05196 0.94804 8.14529e-05 8.14529e-05
0.05195 0.94805 8.14419e-05 8.14419e-05
0.05194 0.94806 8.14509e-05 8.14509e-05
0.05193 0.94807 8.14395e-05 8.14395e-05
0.05193 0.94807 8.14395e-05 8.14395e-05
0.05193 0.94807 8.14395e-05 8.14395e-05
0.05193 0.94807 8.14395e-05 8.14395e-05
0.05193 0.94807 8.14395e-05 8.14395e-05
0.05193 0.94807 8.14395e-05 8.14395e-05
0.05193 0.94807 8.14395e-05 8.14395e-05
0.05193 0.94807 8.14395e-05 8.14395e-05
0.05194 0.94806 8.14509e-05 8.14509e-05
0.05194 0.94806 8.14509e-05 8.14509e-05
0.05193 0.94807 8.14193e-05 8.14193e-05
0.05193 0.94807 8.14193e-05 8.14193e-05
0.05193 0.94807 8.14193e-05 8.14193e-05
0.05192 0.94808 8.15087e-05 8.15087e-05
0.05192 0.94808 8.15087e-05 8.15087e-05
0.05192 0.94808 8.15087e-05 8.15087e-05
0.05192 0.94808 8.15087e-05 8.15087e-05
0.05192 0.94808 8.15087e-05 8.15087e-05
0.05192 0.94808 8.15087e-05 8.15087e-05
0.05192 0.94808 8.15087e-05 8.15087e-05
0.05192 0.94808 8.15087e-05 8.15087e-05
0.05192 0.94808 8.15087e-05 8.15087e-05
0.05192 0.94808 8.15087e-05 8.15087e-05
0.05192 0.94808 8.15087e-05 8.15087e-05
0.05192 0.94808 8.15087e-05 8.15087e-05
0.05192 0.94808 8.15087e-05 8.15087e-05
0.05192 0.94808 8.15087e-05 8.15087e-05
0.05192 0.94808 8.15087e-05 8.15087e-05
0.05192 0.94808 8.15087e-05 8.15087e-05
0.05192 0.94808 8.15087e-05 8.15087e-05
0.05192 0.94808 8.15087e-05 8.15087e-05
0.05192 0.94808 8.15087e-05 8.15087e-05
0.05192 0.94808 8.15087e-05 8.15087e-05
0.05192 0.94808 8.15087e-05 8.15087e-05
0.05192 0.94808 8.15087e-05 8.15087e-05
0.05192 0.94808 8.15087e-05 8.15087e-05
0.05192 0.94808 8.15087e-05 8.15087e-05
0.05192 0.94808 8.15087e-05 8.15087e-05
0.05192 0.94808 8.15087e-05 8.15087e-05
0.05192 0.94808 8.15087e-05 8.15087e-05
0.05192 0.94808 8.15087e-05 8.15087e-05
0.05192 0.94808 8.15087e-05 8.15087e-05
0.05192 0.94808 8.15087e-05 8.15087e-05
0.05192 0.94808 8.15087e-05 8.15087e-05
0.05192 0.94808 8.15087e-05 8.15087e-05
0.05192 0.94808 8.15087e-05 8.15087e-05
0.05192 0.94808 8.15087e-05 8.15087e-05
0.05192 0.94808 8.15087e-05 8.15087e-05
0.05192 0.94808 8.15087e-05 8.15087e-05
0.05192 0.94808 8.15087e-05 8.15087e-05
0.05192 0.94808 8.15087e-05 8.15087e-05
0.05192 0.94808 8.15087e-05 8.15087e-05
0.05192 0.94808 8.15087e-05 8.15087e-05
0.05192 0.94808 8.15087e-05 8.15087e-05
0.05191 0.94809 8.14969e-05 8.14969e-05
0.05191 0.94809 8.14969e-05 8.14969e-05
0.05191 0.94809 8.14969e-05 8.14969e-05
0.05191 0.94809 8.14969e-05 8.14969e-05
0.05191 0.94809 8.14969e-05 8.14969e-05
0.05191 0.94809 8.14969e-05 8.14969e-05
0.05191 0.94809 8.14969e-05 8.14969e-05
0.05191 0.94809 8.14969e-05 8.14969e-05
0.05191 0.94809 8.14969e-05 8.14969e-05
0.05191 0.94809 8.14969e-05 8.14969e-05
0.05191 0.94809 8.14969e-05 8.14969e-05
0.05191 0.94809 8.14969e-05 8.14969e-05
0.05191 0.94809 8.14969e-05 8.14969e-05
0.05191 0.94809 8.14969e-05 8.14969e-05
0.05191 0.94809 8.14969e-05 8.14969e-05
0.05191 0.94809 8.14969e-05 8.14969e-05
0.05191 0.94809 8.14969e-05 8.14969e-05
0.05191 0.94809 8.14969e-05 8.14969e-05
0.05191 0.94809 8.14969e-05 8.14969e-05
0.05191 0.94809 8.14969e-05 8.14969e-05
0.05191 0.94809 8.14969e-05 8.14969e-05
0.05191 0.94809 8.14969e-05 8.14969e-05
0.05191 0.94809 8.14969e-05 8.14969e-05
0.05191 0.94809 8.14969e-05 8.14969e-05
0.05191 0.94809 8.14969e-05 8.14969e-05
0.05191 0.94809 8.14969e-05 8.14969e-05
0.05191 0.94809 8.14969e-05 8.14969e-05
0.05191 0.94809 8.14969e-05 8.14969e-05
0.05191 0.94809 8.14969e-05 8.14969e-05
0.0519 0.9481 8.17273e-05 8.17273e-05
0.0519 0.9481 8.17273e-05 8.17273e-05
0.0519 0.9481 8.17273e-05 8.17273e-05
0.0519 0.9481 8.17273e-05 8.17273e-05
0.0519 0.9481 8.17273e-05 8.17273e-05
0.0519 0.9481 8.17273e-05 8.17273e-05
0.0519 0.9481 8.17273e-05 8.17273e-05
0.0519 0.9481 8.17273e-05 8.17273e-05
0.05191 0.94809 8.14969e-05 8.14969e-05
0.05191 0.94809 8.14969e-05 8.14969e-05
0.05191 0.94809 8.14969e-05 8.14969e-05
0.05191 0.94809 8.14969e-05 8.14969e-05
0.05191 0.94809 8.14969e-05 8.14969e-05
0.05191 0.94809 8.14969e-05 8.14969e-05
0.0519 0.9481 8.1303e-05 8.1303e-05
0.0519 0.9481 8.1303e-05 8.1303e-05
0.0519 0.9481 8.1303e-05 8.1303e-05
0.0519 0.9481 8.1303e-05 8.1303e-05
0.0519 0.9481 8.1303e-05 8.1303e-05
0.0519 0.9481 8.1303e-05 8.1303e-05
0.0519 0.9481 8.1303e-05 8.1303e-05
0.0519 0.9481 8.1303e-05 8.1303e-05
0.0519 0.9481 8.1303e-05 8.1303e-05
0.0519 0.9481 8.1303e-05 8.1303e-05
0.0519 0.9481 8.1303e-05 8.1303e-05
0.0519 0.9481 8.1303e-05 8.1303e-05
0.0519 0.9481 8.1303e-05 8.1303e-05
0.05189 0.94811 8.15332e-05 8.15332e-05
0.05189 0.94811 8.15332e-05 8.15332e-05
0.05189 0.94811 8.15332e-05 8.15332e-05
0.05189 0.94811 8.15332e-05 8.15332e-05
0.05189 0.94811 8.15332e-05 8.15332e-05
0.05189 0.94811 8.15332e-05 8.15332e-05
0.0519 0.9481 8.1303e-05 8.1303e-05
0.0519 0.9481 8.1303e-05 8.1303e-05
0.0519 0.9481 8.1303e-05 8.1303e-05
0.0519 0.9481 8.1303e-05 8.1303e-05
0.0519 0.9481 8.1303e-05 8.1303e-05
0.0519 0.9481 8.1303e-05 8.1303e-05
0.0519 0.9481 8.1303e-05 8.1303e-05
0.0519 0.9481 8.1303e-05 8.1303e-05
0.0519 0.9481 8.1303e-05 8.1303e-05
0.0519 0.9481 8.1303e-05 8.1303e-05
0.0519 0.9481 8.1303e-05 8.1303e-05
0.0519 0.9481 8.1303e-05 8.1303e-05
0.0519 0.9481 8.1303e-05 8.1303e-05
0.0519 0.9481 8.1303e-05 8.1303e-05
0.0519 0.9481 8.1303e-05 8.1303e-05
0.0519 0.9481 8.1303e-05 8.1303e-05
0.0519 0.9481 8.1303e-05 8.1303e-05
0.0519 0.9481 8.1303e-05 8.1303e-05
0.0519 0.9481 8.1303e-05 8.1303e-05
0.05189 0.94811 8.15332e-05 8.15332e-05
0.05189 0.94811 8.15332e-05 8.15332e-05
0.05189 0.94811 8.15332e-05 8.15332e-05
0.05189 0.94811 8.15332e-05 8.15332e-05
0.05189 0.94811 8.15332e-05 8.15332e-05
0.05189 0.94811 8.15332e-05 8.15332e-05
0.05189 0.94811 8.15332e-05 8.15332e-05
0.05189 0.94811 8.15332e-05 8.15332e-05
0.05189 0.94811 8.15332e-05 8.15332e-05
0.05189 0.94811 8.15332e-05 8.15332e-05
0.05189 0.94811 8.15332e-05 8.15332e-05
0.05189 0.94811 8.15332e-05 8.15332e-05
0.05189 0.94811 8.15332e-05 8.15332e-05
0.05189 0.94811 8.15332e-05 8.15332e-05
0.05189 0.94811 8.15332e-05 8.15332e-05
0.05189 0.94811 8.15332e-05 8.15332e-05
0.05189 0.94811 8.15332e-05 8.15332e-05
0.05189 0.94811 8.15332e-05 8.15332e-05
0.05189 0.94811 8.15332e-05 8.15332e-05
0.05189 0.94811 8.15332e-05 8.15332e-05
0.05189 0.94811 8.15332e-05 8.15332e-05
0.05189 0.94811 8.15332e-05 8.15332e-05
0.05189 0.94811 8.15332e-05 8.15332e-05
0.05189 0.94811 8.15332e-05 8.15332e-05
0.05189 0.94811 8.15332e-05 8.15332e-05
0.05189 0.94811 8.15332e-05 8.15332e-05
0.05189 0.94811 8.15332e-05 8.15332e-05
0.05189 0.94811 8.15332e-05 8.15332e-05
0.05189 0.94811 8.15332e-05 8.15332e-05
0.05189 0.94811 8.15332e-05 8.15332e-05
0.05189 0.94811 8.15332e-05 8.15332e-05
0.05189 0.94811 8.15332e-05 8.15332e-05
0.05189 0.94811 8.15332e-05 8.15332e-05
0.05189 0.94811 8.15332e-05 8.15332e-05
0.05189 0.94811 8.15332e-05 8.15332e-05
0.05189 0.94811 8.15332e-05 8.15332e-05
0.05189 0.94811 8.15332e-05 8.15332e-05
0.05189 0.94811 8.15332e-05 8.15332e-05
0.05189 0.94811 8.15332e-05 8.15332e-05
0.05189 0.94811 8.15332e-05 8.15332e-05
0.05189 0.94811 8.15332e-05 8.15332e-05
0.05189 0.94811 8.15332e-05 8.15332e-05
0.05189 0.94811 8.15332e-05 8.15332e-05
0.05189 0.94811 8.15332e-05 8.15332e-05
0.05189 0.94811 8.15332e-05 8.15332e-05
0.05189 0.94811 8.15332e-05 8.15332e-05
0.05189 0.94811 8.15332e-05 8.15332e-05
0.05189 0.94811 8.15332e-05 8.15332e-05
0.05189 0.94811 8.15332e-05 8.15332e-05
0.05189 0.94811 8.15332e-05 8.15332e-05
