1 0.5535
1 0.532
1 0.535
1 0.5535
1 0.5475
0.4675 0.5615
0.511 0.5475
0.5075 0.549
0.4915 0.545
0.494 0.547
0.4935 0.5545
0.482 0.551
0.505 0.5515
0.5195 0.533
0.505 0.5465
0.483 0.57
0.4995 0.543
0.494 0.531
0.496 0.528
0.513 0.5395
0.4825 0.5515
0.489 0.5485
0.496 0.532
0.495 0.5455
0.491 0.5345
0.489 0.534
0.507 0.528
0.504 0.538
0.5115 0.5425
0.492 0.5415
0.494 0.551
0.4895 0.529
0.4945 0.537
0.521 0.562
0.478 0.5455
0.497 0.554
0.4865 0.5305
0.4795 0.5515
0.515 0.569
0.5125 0.5455
0.4895 0.553
0.515 0.536
0.4935 0.536
0.5125 0.5415
0.508 0.5535
0.491 0.546
0.52 0.556
0.501 0.5415
0.4875 0.541
0.487 0.5635
