0.56409 0.43591 0.000581982 0.000581982
0.57669 0.42331 0.000774984 0.000774984
0.58917 0.41083 0.00107449 0.00107449
0.59858 0.40142 0.00140493 0.00140493
0.60826 0.39174 0.00174268 0.00174268
0.61619 0.38381 0.00200686 0.00200686
0.62373 0.37627 0.00238008 0.00238008
0.62983 0.37017 0.00274984 0.00274984
0.6354 0.3646 0.00313867 0.00313867
0.64105 0.35895 0.00348789 0.00348789
0.64709 0.35291 0.00372491 0.00372491
0.65155 0.34845 0.0039929 0.0039929
0.65589 0.34411 0.00418436 0.00418436
0.65955 0.34045 0.00451807 0.00451807
0.66326 0.33674 0.00468733 0.00468733
0.66676 0.33324 0.00488439 0.00488439
0.66951 0.33049 0.0050268 0.0050268
0.6724 0.3276 0.00518766 0.00518766
0.67508 0.32492 0.00533181 0.00533181
0.678 0.322 0.0053879 0.0053879
0.68064 0.31936 0.00553403 0.00553403
0.68297 0.31703 0.00566621 0.00566621
0.68472 0.31528 0.00584641 0.00584641
0.68703 0.31297 0.00600655 0.00600655
0.68839 0.31161 0.00603679 0.00603679
0.69068 0.30932 0.00602066 0.00602066
0.69226 0.30774 0.0061384 0.0061384
0.69397 0.30603 0.00614195 0.00614195
0.69556 0.30444 0.00624603 0.00624603
0.69631 0.30369 0.00635898 0.00635898
0.69755 0.30245 0.00634768 0.00634768
0.69866 0.30134 0.00631998 0.00631998
0.69973 0.30027 0.00633485 0.00633485
0.70043 0.29957 0.00639124 0.00639124
0.70112 0.29888 0.00646554 0.00646554
0.70251 0.29749 0.00645245 0.00645245
0.70351 0.29649 0.00646235 0.00646235
0.70437 0.29563 0.00650985 0.00650985
0.70527 0.29473 0.00651165 0.00651165
0.70603 0.29397 0.00656114 0.00656114
0.70681 0.29319 0.00655696 0.00655696
0.70751 0.29249 0.00655492 0.00655492
0.70799 0.29201 0.00657219 0.00657219
0.70867 0.29133 0.00660129 0.00660129
0.70919 0.29081 0.00662298 0.00662298
0.70971 0.29029 0.00659938 0.00659938
0.71009 0.28991 0.00664047 0.00664047
0.71068 0.28932 0.00665343 0.00665343
0.71104 0.28896 0.00663299 0.00663299
0.71156 0.28844 0.00667825 0.00667825
0.71213 0.28787 0.00664298 0.00664298
0.71251 0.28749 0.00664393 0.00664393
0.71281 0.28719 0.0066867 0.0066867
0.71308 0.28692 0.00672074 0.00672074
0.71358 0.28642 0.00670348 0.00670348
0.71392 0.28608 0.00669702 0.00669702
0.71444 0.28556 0.00667051 0.00667051
0.71467 0.28533 0.00668871 0.00668871
0.715 0.285 0.00669881 0.00669881
0.71502 0.28498 0.00674636 0.00674636
0.71533 0.28467 0.00673954 0.00673954
0.71541 0.28459 0.00675136 0.00675136
0.71552 0.28448 0.00676773 0.00676773
0.71567 0.28433 0.00674681 0.00674681
0.71575 0.28425 0.00674589 0.00674589
0.71601 0.28399 0.00675916 0.00675916
0.71623 0.28377 0.00675656 0.00675656
0.71666 0.28334 0.00674665 0.00674665
0.7168 0.2832 0.006762 0.006762
0.71688 0.28312 0.00678881 0.00678881
0.71704 0.28296 0.00677598 0.00677598
0.7172 0.2828 0.00677091 0.00677091
0.71724 0.28276 0.00679043 0.00679043
0.71733 0.28267 0.00677782 0.00677782
0.71738 0.28262 0.00678804 0.00678804
0.71733 0.28267 0.00679944 0.00679944
0.71734 0.28266 0.00683687 0.00683687
0.71744 0.28256 0.00684067 0.00684067
0.7176 0.2824 0.00682113 0.00682113
0.71757 0.28243 0.00686285 0.00686285
0.71768 0.28232 0.00683347 0.00683347
0.71774 0.28226 0.00683066 0.00683066
0.71785 0.28215 0.00682661 0.00682661
0.71796 0.28204 0.00682557 0.00682557
0.71802 0.28198 0.00683303 0.00683303
0.71798 0.28202 0.00683834 0.00683834
0.71814 0.28186 0.00683418 0.00683418
0.71822 0.28178 0.0068305 0.0068305
0.7183 0.2817 0.00684054 0.00684054
0.71844 0.28156 0.00682738 0.00682738
0.71856 0.28144 0.00680425 0.00680425
0.71849 0.28151 0.00680989 0.00680989
0.71855 0.28145 0.00681756 0.00681756
0.71865 0.28135 0.00683395 0.00683395
0.71866 0.28134 0.00684051 0.00684051
0.71872 0.28128 0.0068414 0.0068414
0.71877 0.28123 0.00684937 0.00684937
0.71883 0.28117 0.00686651 0.00686651
0.71882 0.28118 0.00685469 0.00685469
0.71885 0.28115 0.00684807 0.00684807
0.71885 0.28115 0.00685781 0.00685781
0.71886 0.28114 0.00686525 0.00686525
0.71895 0.28105 0.00685938 0.00685938
0.71899 0.28101 0.00684916 0.00684916
0.71906 0.28094 0.0068461 0.0068461
0.71906 0.28094 0.0068562 0.0068562
0.71905 0.28095 0.00687047 0.00687047
0.71914 0.28086 0.0068659 0.0068659
0.71916 0.28084 0.00686727 0.00686727
0.71918 0.28082 0.00687112 0.00687112
0.71922 0.28078 0.00687688 0.00687688
0.71926 0.28074 0.00687021 0.00687021
0.71926 0.28074 0.00687724 0.00687724
0.71924 0.28076 0.00687909 0.00687909
0.71934 0.28066 0.00686265 0.00686265
0.71939 0.28061 0.006858 0.006858
0.71943 0.28057 0.00686148 0.00686148
0.71941 0.28059 0.00686715 0.00686715
0.71937 0.28063 0.00686436 0.00686436
0.7194 0.2806 0.00686586 0.00686586
0.71944 0.28056 0.00686803 0.00686803
0.71944 0.28056 0.00686675 0.00686675
0.71942 0.28058 0.00687158 0.00687158
0.71941 0.28059 0.00687194 0.00687194
0.71941 0.28059 0.00687313 0.00687313
0.71948 0.28052 0.0068735 0.0068735
0.7195 0.2805 0.00687843 0.00687843
0.71948 0.28052 0.00688185 0.00688185
0.71952 0.28048 0.00688427 0.00688427
0.71955 0.28045 0.00688152 0.00688152
0.71956 0.28044 0.00688094 0.00688094
0.71956 0.28044 0.00688364 0.00688364
0.71954 0.28046 0.00688257 0.00688257
0.71958 0.28042 0.0068781 0.0068781
0.71955 0.28045 0.0068869 0.0068869
0.71956 0.28044 0.00689453 0.00689453
0.71956 0.28044 0.00689671 0.00689671
0.71959 0.28041 0.00689392 0.00689392
0.71962 0.28038 0.00689723 0.00689723
0.71966 0.28034 0.00689202 0.00689202
0.71966 0.28034 0.00688566 0.00688566
0.71965 0.28035 0.00688817 0.00688817
0.71964 0.28036 0.00688678 0.00688678
0.71964 0.28036 0.00688302 0.00688302
0.71966 0.28034 0.00688243 0.00688243
0.71965 0.28035 0.0068777 0.0068777
0.71964 0.28036 0.00687884 0.00687884
0.71965 0.28035 0.00688039 0.00688039
0.71967 0.28033 0.00688101 0.00688101
0.71967 0.28033 0.00688218 0.00688218
0.71968 0.28032 0.00688986 0.00688986
0.71972 0.28028 0.0068918 0.0068918
0.71972 0.28028 0.0068918 0.0068918
0.71973 0.28027 0.00689103 0.00689103
0.71973 0.28027 0.00688935 0.00688935
0.71973 0.28027 0.00688705 0.00688705
0.71973 0.28027 0.00688705 0.00688705
0.71972 0.28028 0.00688618 0.00688618
0.71972 0.28028 0.00688618 0.00688618
0.71973 0.28027 0.00688333 0.00688333
0.71975 0.28025 0.00688185 0.00688185
0.71976 0.28024 0.00687861 0.00687861
0.71975 0.28025 0.00687779 0.00687779
0.71975 0.28025 0.00687758 0.00687758
0.71973 0.28027 0.00687891 0.00687891
0.71971 0.28029 0.00688469 0.00688469
0.7197 0.2803 0.00688429 0.00688429
0.71971 0.28029 0.0068854 0.0068854
0.71971 0.28029 0.00688881 0.00688881
0.71971 0.28029 0.00688881 0.00688881
0.71972 0.28028 0.00688766 0.00688766
0.71972 0.28028 0.00688766 0.00688766
0.71972 0.28028 0.00688766 0.00688766
0.71974 0.28026 0.00688739 0.00688739
0.71977 0.28023 0.00689367 0.00689367
0.71978 0.28022 0.00689236 0.00689236
0.71978 0.28022 0.00689236 0.00689236
0.71977 0.28023 0.00689293 0.00689293
0.71979 0.28021 0.00688881 0.00688881
0.7198 0.2802 0.00689117 0.00689117
0.7198 0.2802 0.00689424 0.00689424
0.71982 0.28018 0.00689011 0.00689011
0.71982 0.28018 0.00688803 0.00688803
0.71984 0.28016 0.00688731 0.00688731
0.71984 0.28016 0.00688731 0.00688731
0.71984 0.28016 0.00688731 0.00688731
0.71984 0.28016 0.00688731 0.00688731
0.71984 0.28016 0.00688731 0.00688731
0.71983 0.28017 0.00688691 0.00688691
0.71984 0.28016 0.00688751 0.00688751
0.71983 0.28017 0.0068894 0.0068894
0.71984 0.28016 0.00689028 0.00689028
0.71983 0.28017 0.0068894 0.0068894
0.71983 0.28017 0.0068894 0.0068894
0.71983 0.28017 0.0068894 0.0068894
0.71983 0.28017 0.0068894 0.0068894
0.71983 0.28017 0.0068894 0.0068894
0.71984 0.28016 0.00688751 0.00688751
0.71984 0.28016 0.00688751 0.00688751
0.71984 0.28016 0.00688751 0.00688751
0.71985 0.28015 0.00688678 0.00688678
0.71985 0.28015 0.00688678 0.00688678
0.71985 0.28015 0.00688678 0.00688678
0.71986 0.28014 0.00688566 0.00688566
0.71986 0.28014 0.00688566 0.00688566
0.71987 0.28013 0.00688605 0.00688605
0.71987 0.28013 0.00688605 0.00688605
0.71988 0.28012 0.00688689 0.00688689
0.71988 0.28012 0.00688689 0.00688689
0.71988 0.28012 0.00688689 0.00688689
0.71988 0.28012 0.00688689 0.00688689
0.71988 0.28012 0.00688689 0.00688689
0.71987 0.28013 0.00688605 0.00688605
0.71987 0.28013 0.00688605 0.00688605
0.71988 0.28012 0.00688805 0.00688805
0.71987 0.28013 0.00688916 0.00688916
0.71986 0.28014 0.00688717 0.00688717
0.71986 0.28014 0.00688717 0.00688717
0.71986 0.28014 0.00688717 0.00688717
0.71986 0.28014 0.00688717 0.00688717
0.71986 0.28014 0.00688717 0.00688717
0.71986 0.28014 0.00688717 0.00688717
0.71986 0.28014 0.00688717 0.00688717
0.71986 0.28014 0.00688717 0.00688717
0.71986 0.28014 0.00688717 0.00688717
0.71986 0.28014 0.00688717 0.00688717
0.71986 0.28014 0.00688717 0.00688717
0.71986 0.28014 0.00688717 0.00688717
0.71986 0.28014 0.00688717 0.00688717
0.71986 0.28014 0.00688717 0.00688717
0.71987 0.28013 0.00688605 0.00688605
0.71988 0.28012 0.00688586 0.00688586
0.71988 0.28012 0.00688586 0.00688586
0.71988 0.28012 0.00688586 0.00688586
0.71988 0.28012 0.00688586 0.00688586
0.71988 0.28012 0.00688586 0.00688586
0.71988 0.28012 0.00688586 0.00688586
0.71988 0.28012 0.00688586 0.00688586
0.71988 0.28012 0.00688586 0.00688586
0.71987 0.28013 0.00688605 0.00688605
0.71988 0.28012 0.00688548 0.00688548
0.71988 0.28012 0.00688548 0.00688548
0.71987 0.28013 0.0068866 0.0068866
0.71989 0.28011 0.00688468 0.00688468
0.7199 0.2801 0.00688449 0.00688449
0.71989 0.28011 0.00688529 0.00688529
0.71989 0.28011 0.00688529 0.00688529
0.71989 0.28011 0.00688529 0.00688529
0.71989 0.28011 0.00688529 0.00688529
0.71988 0.28012 0.00688586 0.00688586
0.71988 0.28012 0.00688586 0.00688586
0.71988 0.28012 0.00688586 0.00688586
0.71988 0.28012 0.00688586 0.00688586
0.71988 0.28012 0.00688586 0.00688586
0.71989 0.28011 0.0068867 0.0068867
0.71989 0.28011 0.0068867 0.0068867
0.71989 0.28011 0.0068867 0.0068867
0.71989 0.28011 0.0068867 0.0068867
0.71989 0.28011 0.0068867 0.0068867
0.71989 0.28011 0.0068867 0.0068867
0.71989 0.28011 0.0068867 0.0068867
0.71989 0.28011 0.0068867 0.0068867
0.71989 0.28011 0.0068867 0.0068867
0.71989 0.28011 0.0068867 0.0068867
0.71989 0.28011 0.0068867 0.0068867
0.71989 0.28011 0.0068867 0.0068867
0.71989 0.28011 0.0068867 0.0068867
0.71989 0.28011 0.0068867 0.0068867
0.71989 0.28011 0.0068867 0.0068867
0.7199 0.2801 0.00688613 0.00688613
0.7199 0.2801 0.00688613 0.00688613
0.7199 0.2801 0.00688613 0.00688613
0.71991 0.28009 0.0068874 0.0068874
0.71991 0.28009 0.0068874 0.0068874
0.71991 0.28009 0.0068874 0.0068874
0.71991 0.28009 0.0068874 0.0068874
0.7199 0.2801 0.00688797 0.00688797
0.7199 0.2801 0.00688797 0.00688797
0.7199 0.2801 0.00688797 0.00688797
0.71991 0.28009 0.0068874 0.0068874
0.71992 0.28008 0.00688719 0.00688719
0.71992 0.28008 0.00688719 0.00688719
0.71992 0.28008 0.00688719 0.00688719
0.71992 0.28008 0.00688719 0.00688719
0.71992 0.28008 0.00688719 0.00688719
0.71992 0.28008 0.00688719 0.00688719
0.71993 0.28007 0.00688918 0.00688918
0.71993 0.28007 0.00688918 0.00688918
0.71993 0.28007 0.00688918 0.00688918
0.71992 0.28008 0.00688719 0.00688719
0.71992 0.28008 0.00688719 0.00688719
0.71993 0.28007 0.00688845 0.00688845
0.71993 0.28007 0.00688845 0.00688845
0.71993 0.28007 0.00688845 0.00688845
0.71993 0.28007 0.00688845 0.00688845
0.71992 0.28008 0.00688866 0.00688866
0.71992 0.28008 0.00688866 0.00688866
0.71992 0.28008 0.00688866 0.00688866
0.71992 0.28008 0.00688866 0.00688866
0.71992 0.28008 0.00688866 0.00688866
0.71992 0.28008 0.00688866 0.00688866
0.71992 0.28008 0.00688866 0.00688866
0.71992 0.28008 0.00688866 0.00688866
0.71992 0.28008 0.00688866 0.00688866
0.71992 0.28008 0.00688866 0.00688866
0.71993 0.28007 0.00688845 0.00688845
0.71993 0.28007 0.00688845 0.00688845
0.71993 0.28007 0.00688845 0.00688845
0.71993 0.28007 0.00688845 0.00688845
0.71993 0.28007 0.00688845 0.00688845
0.71993 0.28007 0.00688845 0.00688845
0.71992 0.28008 0.00688838 0.00688838
0.71992 0.28008 0.00688838 0.00688838
0.71992 0.28008 0.00688838 0.00688838
0.71992 0.28008 0.00688838 0.00688838
0.71992 0.28008 0.00688838 0.00688838
0.71992 0.28008 0.00688838 0.00688838
0.71992 0.28008 0.00688838 0.00688838
0.71992 0.28008 0.00688838 0.00688838
0.71992 0.28008 0.00688838 0.00688838
0.71992 0.28008 0.00688838 0.00688838
0.71992 0.28008 0.00688838 0.00688838
0.71992 0.28008 0.00688838 0.00688838
0.71992 0.28008 0.00688838 0.00688838
0.71992 0.28008 0.00688838 0.00688838
0.71992 0.28008 0.00688838 0.00688838
0.71993 0.28007 0.00688926 0.00688926
0.71993 0.28007 0.00688926 0.00688926
0.71994 0.28006 0.00688933 0.00688933
0.71994 0.28006 0.00688933 0.00688933
0.71994 0.28006 0.00688933 0.00688933
0.71994 0.28006 0.00688933 0.00688933
0.71994 0.28006 0.00688933 0.00688933
0.71994 0.28006 0.00688933 0.00688933
0.71994 0.28006 0.00688933 0.00688933
0.71994 0.28006 0.00688933 0.00688933
0.71994 0.28006 0.00688933 0.00688933
0.71994 0.28006 0.00688933 0.00688933
0.71993 0.28007 0.00688926 0.00688926
0.71993 0.28007 0.00688926 0.00688926
0.71993 0.28007 0.00688926 0.00688926
0.71993 0.28007 0.00688926 0.00688926
0.71993 0.28007 0.00688926 0.00688926
0.71993 0.28007 0.00688926 0.00688926
0.71993 0.28007 0.00688926 0.00688926
0.71993 0.28007 0.00688926 0.00688926
0.71993 0.28007 0.00688926 0.00688926
0.71993 0.28007 0.00688926 0.00688926
0.71993 0.28007 0.00688926 0.00688926
0.71993 0.28007 0.00688926 0.00688926
0.71993 0.28007 0.00688926 0.00688926
0.71993 0.28007 0.00688926 0.00688926
0.71993 0.28007 0.00688926 0.00688926
0.71993 0.28007 0.00688926 0.00688926
0.71993 0.28007 0.00688926 0.00688926
0.71993 0.28007 0.00688926 0.00688926
0.71993 0.28007 0.00688926 0.00688926
0.71993 0.28007 0.00688926 0.00688926
0.71993 0.28007 0.00688926 0.00688926
0.71993 0.28007 0.00688926 0.00688926
0.71993 0.28007 0.00688926 0.00688926
0.71993 0.28007 0.00688926 0.00688926
0.71993 0.28007 0.00688926 0.00688926
0.71994 0.28006 0.00689125 0.00689125
0.71994 0.28006 0.00689125 0.00689125
0.71994 0.28006 0.00689125 0.00689125
0.71994 0.28006 0.00689125 0.00689125
0.71994 0.28006 0.00689125 0.00689125
0.71994 0.28006 0.00689125 0.00689125
0.71994 0.28006 0.00689125 0.00689125
0.71994 0.28006 0.00689125 0.00689125
0.71994 0.28006 0.00689125 0.00689125
0.71994 0.28006 0.00689125 0.00689125
0.71994 0.28006 0.00689125 0.00689125
0.71994 0.28006 0.00689125 0.00689125
0.71994 0.28006 0.00689125 0.00689125
0.71994 0.28006 0.00689125 0.00689125
0.71994 0.28006 0.00689125 0.00689125
0.71994 0.28006 0.00689125 0.00689125
0.71994 0.28006 0.00689125 0.00689125
0.71994 0.28006 0.00689125 0.00689125
0.71994 0.28006 0.00689125 0.00689125
0.71994 0.28006 0.00689125 0.00689125
0.71994 0.28006 0.00689125 0.00689125
0.71994 0.28006 0.00689125 0.00689125
0.71994 0.28006 0.00689125 0.00689125
0.71994 0.28006 0.00689125 0.00689125
0.71994 0.28006 0.00689125 0.00689125
0.71994 0.28006 0.00689125 0.00689125
0.71994 0.28006 0.00689125 0.00689125
0.71994 0.28006 0.00689125 0.00689125
0.71994 0.28006 0.00689125 0.00689125
0.71994 0.28006 0.00689125 0.00689125
0.71994 0.28006 0.00689125 0.00689125
0.71994 0.28006 0.00689125 0.00689125
0.71994 0.28006 0.00689125 0.00689125
0.71994 0.28006 0.00689125 0.00689125
0.71994 0.28006 0.00689125 0.00689125
0.71994 0.28006 0.00689125 0.00689125
0.71994 0.28006 0.00689125 0.00689125
0.71994 0.28006 0.00689125 0.00689125
0.71994 0.28006 0.00689125 0.00689125
0.71994 0.28006 0.00689125 0.00689125
0.71994 0.28006 0.00689125 0.00689125
0.71995 0.28005 0.00689215 0.00689215
0.71995 0.28005 0.00689215 0.00689215
0.71995 0.28005 0.00689215 0.00689215
0.71994 0.28006 0.00689125 0.00689125
0.71994 0.28006 0.00689125 0.00689125
0.71994 0.28006 0.00689125 0.00689125
0.71994 0.28006 0.00689125 0.00689125
0.71994 0.28006 0.00689125 0.00689125
0.71994 0.28006 0.00689125 0.00689125
0.71994 0.28006 0.00689125 0.00689125
0.71994 0.28006 0.00689125 0.00689125
0.71994 0.28006 0.00689125 0.00689125
0.71994 0.28006 0.00689125 0.00689125
0.71994 0.28006 0.00689125 0.00689125
0.71994 0.28006 0.00689125 0.00689125
0.71994 0.28006 0.00689125 0.00689125
0.71994 0.28006 0.00689125 0.00689125
0.71994 0.28006 0.00689125 0.00689125
0.71994 0.28006 0.00689125 0.00689125
0.71994 0.28006 0.00689125 0.00689125
0.71994 0.28006 0.00689125 0.00689125
0.71994 0.28006 0.00689125 0.00689125
0.71994 0.28006 0.00689125 0.00689125
0.71994 0.28006 0.00689125 0.00689125
0.71994 0.28006 0.00689125 0.00689125
0.71994 0.28006 0.00689125 0.00689125
0.71994 0.28006 0.00689125 0.00689125
0.71994 0.28006 0.00689125 0.00689125
0.71994 0.28006 0.00689125 0.00689125
0.71994 0.28006 0.00689125 0.00689125
0.71994 0.28006 0.00689125 0.00689125
0.71994 0.28006 0.00689125 0.00689125
0.71994 0.28006 0.00689125 0.00689125
0.71994 0.28006 0.00689125 0.00689125
0.71994 0.28006 0.00689125 0.00689125
0.71994 0.28006 0.00689125 0.00689125
0.71994 0.28006 0.00689125 0.00689125
0.71994 0.28006 0.00689125 0.00689125
0.71994 0.28006 0.00689125 0.00689125
0.71994 0.28006 0.00689125 0.00689125
0.71994 0.28006 0.00689125 0.00689125
0.71994 0.28006 0.00689125 0.00689125
0.71994 0.28006 0.00689125 0.00689125
0.71994 0.28006 0.00689125 0.00689125
0.71994 0.28006 0.00689125 0.00689125
0.71994 0.28006 0.00689125 0.00689125
0.71994 0.28006 0.00689125 0.00689125
0.71994 0.28006 0.00689125 0.00689125
0.71994 0.28006 0.00689125 0.00689125
0.71994 0.28006 0.00689125 0.00689125
0.71994 0.28006 0.00689125 0.00689125
0.71994 0.28006 0.00689125 0.00689125
0.71994 0.28006 0.00689125 0.00689125
0.71994 0.28006 0.00689125 0.00689125
0.71994 0.28006 0.00689125 0.00689125
0.71994 0.28006 0.00689125 0.00689125
0.71994 0.28006 0.00689125 0.00689125
0.71994 0.28006 0.00689125 0.00689125
0.71994 0.28006 0.00689125 0.00689125
0.71994 0.28006 0.00689125 0.00689125
0.71994 0.28006 0.00689125 0.00689125
0.71994 0.28006 0.00689125 0.00689125
0.71994 0.28006 0.00689125 0.00689125
0.71994 0.28006 0.00689125 0.00689125
0.71994 0.28006 0.00689125 0.00689125
0.71994 0.28006 0.00689125 0.00689125
0.71994 0.28006 0.00689125 0.00689125
0.71994 0.28006 0.00689125 0.00689125
0.71994 0.28006 0.00689125 0.00689125
0.71994 0.28006 0.00689125 0.00689125
0.71994 0.28006 0.00689125 0.00689125
0.71994 0.28006 0.00689125 0.00689125
0.71994 0.28006 0.00689125 0.00689125
0.71994 0.28006 0.00689125 0.00689125
0.71994 0.28006 0.00689125 0.00689125
0.71994 0.28006 0.00689125 0.00689125
0.71994 0.28006 0.00689125 0.00689125
0.71994 0.28006 0.00689125 0.00689125
0.71994 0.28006 0.00689125 0.00689125
0.71994 0.28006 0.00689125 0.00689125
0.71994 0.28006 0.00689125 0.00689125
0.71994 0.28006 0.00689125 0.00689125
0.71994 0.28006 0.00689125 0.00689125
0.71994 0.28006 0.00689125 0.00689125
0.71994 0.28006 0.00689125 0.00689125
0.71994 0.28006 0.00689125 0.00689125
0.71994 0.28006 0.00689125 0.00689125
0.71994 0.28006 0.00689125 0.00689125
0.71994 0.28006 0.00689125 0.00689125
0.71994 0.28006 0.00689125 0.00689125
0.71994 0.28006 0.00689125 0.00689125
0.71994 0.28006 0.00689125 0.00689125
0.71994 0.28006 0.00689125 0.00689125
0.71994 0.28006 0.00689125 0.00689125
0.71994 0.28006 0.00689125 0.00689125
0.71996 0.28004 0.00689182 0.00689182
