0.49867 0.50133 0.00018788 0.00018788
0.49688 0.50312 0.000582773 0.000582773
0.49699 0.50301 0.00114153 0.00114153
0.4955 0.5045 0.00177744 0.00177744
0.49356 0.50644 0.00250768 0.00250768
0.49213 0.50787 0.00314987 0.00314987
0.49107 0.50893 0.00392851 0.00392851
0.49006 0.50994 0.00458737 0.00458737
0.48887 0.51113 0.00530104 0.00530104
0.48815 0.51185 0.00609168 0.00609168
0.48722 0.51278 0.00674827 0.00674827
0.48611 0.51389 0.00734404 0.00734404
0.48544 0.51456 0.00797114 0.00797114
0.48468 0.51532 0.00846907 0.00846907
0.48454 0.51546 0.00894665 0.00894665
0.48413 0.51587 0.00940921 0.00940921
0.48401 0.51599 0.00990532 0.00990532
0.4837 0.5163 0.0103835 0.0103835
0.48345 0.51655 0.0107219 0.0107219
0.4836 0.5164 0.0110164 0.0110164
0.48344 0.51656 0.0113475 0.0113475
0.48306 0.51694 0.0115226 0.0115226
0.48273 0.51727 0.0118165 0.0118165
0.48232 0.51768 0.0120333 0.0120333
0.4824 0.5176 0.012188 0.012188
0.48221 0.51779 0.0124249 0.0124249
0.48189 0.51811 0.012602 0.012602
0.48215 0.51785 0.0127818 0.0127818
0.482 0.518 0.012975 0.012975
0.48195 0.51805 0.0131312 0.0131312
0.48168 0.51832 0.0132699 0.0132699
0.48162 0.51838 0.0133821 0.0133821
0.48172 0.51828 0.0134798 0.0134798
0.48115 0.51885 0.0135637 0.0135637
0.48105 0.51895 0.0136716 0.0136716
0.48092 0.51908 0.0137844 0.0137844
0.4805 0.5195 0.0138603 0.0138603
0.48056 0.51944 0.013939 0.013939
0.48056 0.51944 0.0140091 0.0140091
0.48031 0.51969 0.0140757 0.0140757
0.48012 0.51988 0.0141088 0.0141088
0.48018 0.51982 0.0141755 0.0141755
0.48017 0.51983 0.0142215 0.0142215
0.48022 0.51978 0.0142839 0.0142839
0.48035 0.51965 0.014337 0.014337
0.48036 0.51964 0.0143613 0.0143613
0.48034 0.51966 0.0143812 0.0143812
0.48016 0.51984 0.0144217 0.0144217
0.48023 0.51977 0.0144819 0.0144819
0.48023 0.51977 0.0144985 0.0144985
0.48009 0.51991 0.0145358 0.0145358
0.48007 0.51993 0.0145566 0.0145566
0.4801 0.5199 0.0145928 0.0145928
0.48006 0.51994 0.0146063 0.0146063
0.48011 0.51989 0.0146276 0.0146276
0.4802 0.5198 0.0146605 0.0146605
0.4802 0.5198 0.0147036 0.0147036
0.48015 0.51985 0.0147098 0.0147098
0.4801 0.5199 0.0147134 0.0147134
0.48007 0.51993 0.0147398 0.0147398
0.48006 0.51994 0.0148008 0.0148008
0.47997 0.52003 0.014814 0.014814
0.48006 0.51994 0.0148329 0.0148329
0.4801 0.5199 0.0148374 0.0148374
0.47998 0.52002 0.0148594 0.0148594
0.47997 0.52003 0.0148713 0.0148713
0.47998 0.52002 0.0148894 0.0148894
0.48001 0.51999 0.014911 0.014911
0.48001 0.51999 0.0149089 0.0149089
0.48001 0.51999 0.0149204 0.0149204
0.48008 0.51992 0.0149358 0.0149358
0.48009 0.51991 0.0149648 0.0149648
0.48004 0.51996 0.0149933 0.0149933
0.47997 0.52003 0.0150151 0.0150151
0.47996 0.52004 0.0150266 0.0150266
0.47993 0.52007 0.0150331 0.0150331
0.47985 0.52015 0.0150461 0.0150461
0.47995 0.52005 0.0150662 0.0150662
0.47995 0.52005 0.0150963 0.0150963
0.47997 0.52003 0.015115 0.015115
0.47994 0.52006 0.0151246 0.0151246
0.47989 0.52011 0.0151282 0.0151282
0.47985 0.52015 0.0151431 0.0151431
0.4798 0.5202 0.0151674 0.0151674
0.47978 0.52022 0.0151845 0.0151845
0.47969 0.52031 0.0152046 0.0152046
0.47971 0.52029 0.0152388 0.0152388
0.47972 0.52028 0.0152421 0.0152421
0.47978 0.52022 0.0152575 0.0152575
0.47975 0.52025 0.0152652 0.0152652
0.47969 0.52031 0.0152784 0.0152784
0.47973 0.52027 0.0152856 0.0152856
0.47976 0.52024 0.0152844 0.0152844
0.47983 0.52017 0.0152971 0.0152971
0.47981 0.52019 0.0153225 0.0153225
0.47983 0.52017 0.0153263 0.0153263
0.47985 0.52015 0.0153353 0.0153353
0.4799 0.5201 0.0153428 0.0153428
0.47987 0.52013 0.0153544 0.0153544
0.4799 0.5201 0.015382 0.015382
0.47989 0.52011 0.0153802 0.0153802
0.47988 0.52012 0.015396 0.015396
0.47985 0.52015 0.0153947 0.0153947
0.47984 0.52016 0.0154035 0.0154035
0.47987 0.52013 0.0154148 0.0154148
0.47991 0.52009 0.0154274 0.0154274
0.47995 0.52005 0.0154453 0.0154453
0.48 0.52 0.0154518 0.0154518
0.48003 0.51997 0.0154675 0.0154675
0.4801 0.5199 0.0154774 0.0154774
0.48005 0.51995 0.0154686 0.0154686
0.48012 0.51988 0.015473 0.015473
0.48016 0.51984 0.0154855 0.0154855
0.48018 0.51982 0.0154988 0.0154988
0.48017 0.51983 0.015504 0.015504
0.48019 0.51981 0.0155099 0.0155099
0.48019 0.51981 0.0155112 0.0155112
0.48019 0.51981 0.0155253 0.0155253
0.48023 0.51977 0.0155257 0.0155257
0.48022 0.51978 0.0155174 0.0155174
0.48023 0.51977 0.0155273 0.0155273
0.48025 0.51975 0.0155358 0.0155358
0.48028 0.51972 0.0155415 0.0155415
0.48033 0.51967 0.0155478 0.0155478
0.48031 0.51969 0.0155576 0.0155576
0.48033 0.51967 0.0155686 0.0155686
0.4804 0.5196 0.0155783 0.0155783
0.48041 0.51959 0.0155792 0.0155792
0.48042 0.51958 0.0155806 0.0155806
0.48042 0.51958 0.0156045 0.0156045
0.4804 0.5196 0.0156109 0.0156109
0.48039 0.51961 0.0156221 0.0156221
0.48036 0.51964 0.0156283 0.0156283
0.48039 0.51961 0.0156418 0.0156418
0.48041 0.51959 0.0156367 0.0156367
0.48036 0.51964 0.0156432 0.0156432
0.48042 0.51958 0.0156615 0.0156615
0.48042 0.51958 0.0156686 0.0156686
0.48039 0.51961 0.0156666 0.0156666
0.48038 0.51962 0.0156697 0.0156697
0.48039 0.51961 0.0156761 0.0156761
0.48041 0.51959 0.0156733 0.0156733
0.48037 0.51963 0.015688 0.015688
0.48037 0.51963 0.0157026 0.0157026
0.48041 0.51959 0.0157021 0.0157021
0.48037 0.51963 0.0157098 0.0157098
0.48038 0.51962 0.0157086 0.0157086
0.48037 0.51963 0.0157082 0.0157082
0.48033 0.51967 0.0157095 0.0157095
0.4803 0.5197 0.0157042 0.0157042
0.48025 0.51975 0.0157019 0.0157019
0.48023 0.51977 0.0157087 0.0157087
0.48023 0.51977 0.0157086 0.0157086
0.48025 0.51975 0.015707 0.015707
0.48022 0.51978 0.01572 0.01572
0.4802 0.5198 0.0157293 0.0157293
0.48018 0.51982 0.0157344 0.0157344
0.48019 0.51981 0.0157335 0.0157335
0.48018 0.51982 0.0157331 0.0157331
0.48019 0.51981 0.0157334 0.0157334
0.48021 0.51979 0.015736 0.015736
0.48021 0.51979 0.0157413 0.0157413
0.48021 0.51979 0.0157452 0.0157452
0.48019 0.51981 0.0157436 0.0157436
0.48017 0.51983 0.0157469 0.0157469
0.48012 0.51988 0.015745 0.015745
0.48012 0.51988 0.015745 0.015745
0.48016 0.51984 0.0157459 0.0157459
0.48013 0.51987 0.0157419 0.0157419
0.48013 0.51987 0.0157418 0.0157418
0.48014 0.51986 0.0157415 0.0157415
0.48014 0.51986 0.0157428 0.0157428
0.48015 0.51985 0.0157392 0.0157392
0.48014 0.51986 0.015736 0.015736
0.48011 0.51989 0.0157411 0.0157411
0.48012 0.51988 0.0157414 0.0157414
0.4801 0.5199 0.015746 0.015746
0.48009 0.51991 0.0157455 0.0157455
0.48009 0.51991 0.0157455 0.0157455
0.48008 0.51992 0.0157442 0.0157442
0.48008 0.51992 0.015741 0.015741
0.48008 0.51992 0.015741 0.015741
0.48008 0.51992 0.015745 0.015745
0.4801 0.5199 0.0157458 0.0157458
0.4801 0.5199 0.0157498 0.0157498
0.48009 0.51991 0.0157454 0.0157454
0.48011 0.51989 0.0157508 0.0157508
0.48009 0.51991 0.0157521 0.0157521
0.48008 0.51992 0.0157578 0.0157578
0.48008 0.51992 0.0157578 0.0157578
0.48006 0.51994 0.015757 0.015757
0.48005 0.51995 0.0157566 0.0157566
0.48006 0.51994 0.0157503 0.0157503
0.48006 0.51994 0.0157503 0.0157503
0.48005 0.51995 0.0157493 0.0157493
0.48006 0.51994 0.0157482 0.0157482
0.48005 0.51995 0.0157493 0.0157493
0.48005 0.51995 0.0157467 0.0157467
0.48006 0.51994 0.0157532 0.0157532
0.48004 0.51996 0.0157498 0.0157498
0.48005 0.51995 0.0157522 0.0157523
0.48003 0.51997 0.015757 0.015757
0.48003 0.51997 0.015757 0.015757
0.48004 0.51996 0.0157569 0.0157569
0.48004 0.51996 0.0157589 0.0157589
0.48005 0.51995 0.0157613 0.0157613
0.48004 0.51996 0.0157609 0.0157609
0.48003 0.51997 0.015754 0.015754
0.48005 0.51995 0.0157564 0.0157564
0.48004 0.51996 0.0157572 0.0157572
0.48002 0.51998 0.015758 0.015758
0.48001 0.51999 0.0157593 0.0157593
0.48001 0.51999 0.0157626 0.0157626
0.48001 0.51999 0.0157586 0.0157586
0.47997 0.52003 0.0157611 0.0157611
0.47999 0.52001 0.0157602 0.0157602
0.47997 0.52003 0.0157573 0.0157573
0.47995 0.52005 0.0157599 0.0157599
0.47995 0.52005 0.0157639 0.0157639
0.47997 0.52003 0.0157668 0.0157668
0.47994 0.52006 0.0157671 0.0157671
0.47993 0.52007 0.0157667 0.0157667
0.47995 0.52005 0.0157657 0.0157657
0.47995 0.52005 0.0157655 0.0157655
0.47994 0.52006 0.0157668 0.0157668
0.47995 0.52005 0.0157632 0.0157632
0.47991 0.52009 0.0157715 0.0157715
0.47989 0.52011 0.0157725 0.0157725
0.47987 0.52013 0.0157715 0.0157715
0.47991 0.52009 0.0157811 0.0157811
0.47992 0.52008 0.0157836 0.0157836
0.47994 0.52006 0.0157864 0.0157864
0.47993 0.52007 0.0157878 0.0157878
0.47994 0.52006 0.0157902 0.0157902
0.47993 0.52007 0.0157857 0.0157857
0.47996 0.52004 0.0157889 0.0157889
0.47997 0.52003 0.0157935 0.0157935
0.47998 0.52002 0.015804 0.015804
0.47996 0.52004 0.0158032 0.0158032
0.47996 0.52004 0.0158032 0.0158032
0.47995 0.52005 0.0158008 0.0158008
0.47995 0.52005 0.0158008 0.0158008
0.47994 0.52006 0.0158065 0.0158065
0.47994 0.52006 0.0158065 0.0158065
0.47994 0.52006 0.0158004 0.0158004
0.47994 0.52006 0.0158004 0.0158004
0.47995 0.52005 0.0158028 0.0158028
0.47994 0.52006 0.0158004 0.0158004
0.47994 0.52006 0.0157983 0.0157983
0.47994 0.52006 0.0157942 0.0157942
0.47993 0.52007 0.0157957 0.0157957
0.47994 0.52006 0.0157921 0.0157921
0.47994 0.52006 0.0157962 0.0157962
0.47994 0.52006 0.0157962 0.0157962
0.47996 0.52004 0.0157909 0.0157909
0.47996 0.52004 0.0157909 0.0157909
0.47993 0.52007 0.0157957 0.0157957
0.47989 0.52011 0.01579 0.01579
0.47988 0.52012 0.0157876 0.0157876
0.47988 0.52012 0.0157876 0.0157876
0.47986 0.52014 0.0157868 0.0157868
0.47984 0.52016 0.0157899 0.0157899
0.47984 0.52016 0.0157899 0.0157899
0.47985 0.52015 0.0157802 0.0157802
0.47983 0.52017 0.0157834 0.0157834
0.47983 0.52017 0.0157814 0.0157814
0.47983 0.52017 0.0157854 0.0157854
0.47981 0.52019 0.0157846 0.0157846
0.4798 0.5202 0.0157883 0.0157883
0.47981 0.52019 0.0157867 0.0157867
0.47982 0.52018 0.0157831 0.0157831
0.47982 0.52018 0.0157851 0.0157851
0.47983 0.52017 0.0157835 0.0157835
0.47984 0.52016 0.0157858 0.0157858
0.47984 0.52016 0.0157858 0.0157858
0.47983 0.52017 0.0157834 0.0157834
0.47982 0.52018 0.015787 0.015787
0.47981 0.52019 0.0157886 0.0157886
0.47981 0.52019 0.0157927 0.0157927
0.47983 0.52017 0.0157914 0.0157914
0.47983 0.52017 0.0157914 0.0157914
0.47982 0.52018 0.015793 0.015793
0.47981 0.52019 0.0157946 0.0157946
0.47983 0.52017 0.0157894 0.0157894
0.47983 0.52017 0.0157934 0.0157934
0.47982 0.52018 0.015795 0.015795
0.47982 0.52018 0.015795 0.015795
0.47981 0.52019 0.0157966 0.0157966
0.47982 0.52018 0.015797 0.015797
0.47981 0.52019 0.0158007 0.0158007
0.47981 0.52019 0.0158007 0.0158007
0.47982 0.52018 0.015799 0.015799
0.47982 0.52018 0.015793 0.015793
0.47982 0.52018 0.015795 0.015795
0.47982 0.52018 0.015795 0.015795
0.47979 0.52021 0.0158019 0.0158019
0.4798 0.5202 0.0158043 0.0158043
0.47978 0.52022 0.0158055 0.0158055
0.47979 0.52021 0.015806 0.015806
0.47979 0.52021 0.015806 0.015806
0.4798 0.5202 0.0158064 0.0158064
0.47979 0.52021 0.015806 0.015806
0.47978 0.52022 0.0158055 0.0158055
0.47978 0.52022 0.0158055 0.0158055
0.47978 0.52022 0.0158055 0.0158055
0.47979 0.52021 0.0158039 0.0158039
0.47978 0.52022 0.0158035 0.0158035
0.47978 0.52022 0.0158035 0.0158035
0.47977 0.52023 0.0158052 0.0158052
0.47978 0.52022 0.0158056 0.0158056
0.47978 0.52022 0.0158035 0.0158035
0.47976 0.52024 0.0158027 0.0158027
0.47976 0.52024 0.0158007 0.0158007
0.47975 0.52025 0.0158004 0.0158004
0.47975 0.52025 0.0158004 0.0158004
0.47974 0.52026 0.0157979 0.0157979
0.47973 0.52027 0.0158016 0.0158016
0.47974 0.52026 0.0157979 0.0157979
0.47975 0.52025 0.0157943 0.0157943
0.47975 0.52025 0.0157943 0.0157943
0.47974 0.52026 0.0157959 0.0157959
0.47975 0.52025 0.0157943 0.0157943
0.47974 0.52026 0.0157939 0.0157939
0.47974 0.52026 0.0157939 0.0157939
0.47975 0.52025 0.0157922 0.0157922
0.47975 0.52025 0.0157922 0.0157922
0.47976 0.52024 0.0157886 0.0157886
0.47977 0.52023 0.015789 0.015789
0.47977 0.52023 0.015789 0.015789
0.47978 0.52022 0.0157914 0.0157914
0.47978 0.52022 0.0157914 0.0157914
0.47977 0.52023 0.015789 0.015789
0.47976 0.52024 0.0157886 0.0157886
0.47974 0.52026 0.0157857 0.0157857
0.47974 0.52026 0.0157857 0.0157857
0.47974 0.52026 0.0157898 0.0157898
0.47976 0.52024 0.0157885 0.0157885
0.47974 0.52026 0.0157878 0.0157878
0.47975 0.52025 0.0157861 0.0157861
0.47978 0.52022 0.0157894 0.0157894
0.47976 0.52024 0.0157907 0.0157907
0.47976 0.52024 0.0157886 0.0157886
0.47977 0.52023 0.015785 0.015785
0.47977 0.52023 0.015785 0.015785
0.47978 0.52022 0.0157874 0.0157874
0.47979 0.52021 0.0157878 0.0157878
0.47979 0.52021 0.0157898 0.0157898
0.47978 0.52022 0.0157915 0.0157915
0.47976 0.52024 0.0157886 0.0157886
0.47977 0.52023 0.015785 0.015785
0.47977 0.52023 0.0157891 0.0157891
0.47977 0.52023 0.0157871 0.0157871
0.47977 0.52023 0.0157871 0.0157871
0.47979 0.52021 0.0157878 0.0157878
0.47978 0.52022 0.0157834 0.0157834
0.4798 0.5202 0.0157842 0.0157842
0.47978 0.52022 0.0157874 0.0157874
0.47978 0.52022 0.0157874 0.0157874
0.4798 0.5202 0.0157862 0.0157862
0.47979 0.52021 0.0157859 0.0157859
0.47979 0.52021 0.0157859 0.0157859
0.4798 0.5202 0.0157903 0.0157903
0.47977 0.52023 0.0157931 0.0157931
0.47977 0.52023 0.0157931 0.0157931
0.47976 0.52024 0.0157928 0.0157928
0.47975 0.52025 0.0157984 0.0157984
0.47974 0.52026 0.015798 0.015798
0.47974 0.52026 0.015798 0.015798
0.47974 0.52026 0.015798 0.015798
0.47974 0.52026 0.015798 0.015798
0.47977 0.52023 0.0158013 0.0158013
0.47977 0.52023 0.0157992 0.0157992
0.47974 0.52026 0.0158021 0.0158021
0.47975 0.52025 0.0158044 0.0158044
0.47976 0.52024 0.0158089 0.0158089
0.47976 0.52024 0.0158089 0.0158089
0.47976 0.52024 0.0158069 0.0158069
0.47977 0.52023 0.0158052 0.0158052
0.47976 0.52024 0.0158089 0.0158089
0.47976 0.52024 0.0158089 0.0158089
0.47976 0.52024 0.0158089 0.0158089
0.47978 0.52022 0.0158077 0.0158077
0.47979 0.52021 0.0158061 0.0158061
0.47979 0.52021 0.0158061 0.0158061
0.47981 0.52019 0.0158009 0.0158009
0.4798 0.5202 0.0158004 0.0158004
0.47983 0.52017 0.0158037 0.0158037
0.47982 0.52018 0.0158053 0.0158053
0.47978 0.52022 0.0158058 0.0158058
0.47978 0.52022 0.0158058 0.0158058
0.47977 0.52023 0.0157993 0.0157993
0.47975 0.52025 0.0157904 0.0157904
0.47974 0.52026 0.015792 0.015792
0.47975 0.52025 0.0157925 0.0157925
0.47976 0.52024 0.0157949 0.0157949
0.47975 0.52025 0.0157905 0.0157905
0.47975 0.52025 0.0157845 0.0157845
0.47975 0.52025 0.0157864 0.0157864
0.47976 0.52024 0.0157848 0.0157848
0.47976 0.52024 0.0157888 0.0157888
0.47978 0.52022 0.0157976 0.0157976
0.4798 0.5202 0.0157944 0.0157944
0.47981 0.52019 0.0157948 0.0157948
0.47982 0.52018 0.0157951 0.0157951
0.47981 0.52019 0.0157907 0.0157907
0.4798 0.5202 0.0157862 0.0157862
0.47981 0.52019 0.0157867 0.0157867
0.4798 0.5202 0.0157903 0.0157903
0.4798 0.5202 0.0157903 0.0157903
0.47979 0.52021 0.0157899 0.0157899
0.47979 0.52021 0.0157899 0.0157899
0.4798 0.5202 0.0157903 0.0157903
0.47978 0.52022 0.0157895 0.0157895
0.47977 0.52023 0.0157871 0.0157871
0.47978 0.52022 0.0157895 0.0157895
0.47978 0.52022 0.0157935 0.0157935
0.47979 0.52021 0.0157939 0.0157939
0.47978 0.52022 0.0157956 0.0157956
0.47979 0.52021 0.015798 0.015798
0.47977 0.52023 0.0157972 0.0157972
0.47979 0.52021 0.015794 0.015794
0.47979 0.52021 0.015794 0.015794
0.4798 0.5202 0.0157903 0.0157903
0.4798 0.5202 0.0157823 0.0157823
0.47978 0.52022 0.0157835 0.0157835
0.47978 0.52022 0.0157855 0.0157855
0.47975 0.52025 0.0157904 0.0157904
0.47976 0.52024 0.0157928 0.0157928
0.4797 0.5203 0.0158006 0.0158006
0.47972 0.52028 0.0158014 0.0158014
0.4797 0.5203 0.0158046 0.0158046
0.47974 0.52026 0.0158022 0.0158022
0.47974 0.52026 0.0158022 0.0158022
0.47976 0.52024 0.0157969 0.0157969
0.47977 0.52023 0.0157974 0.0157974
0.47976 0.52024 0.0157949 0.0157949
0.47978 0.52022 0.0157937 0.0157937
0.47979 0.52021 0.015792 0.015792
0.47979 0.52021 0.015794 0.015794
0.47976 0.52024 0.0157928 0.0157928
0.47975 0.52025 0.0157965 0.0157965
0.47977 0.52023 0.0157912 0.0157912
0.47976 0.52024 0.0157928 0.0157928
0.47978 0.52022 0.0157876 0.0157876
0.47978 0.52022 0.0157876 0.0157876
0.47978 0.52022 0.0157936 0.0157936
0.47977 0.52023 0.0157932 0.0157932
0.47976 0.52024 0.0157928 0.0157928
0.47976 0.52024 0.0157969 0.0157969
0.47977 0.52023 0.0157973 0.0157973
0.47973 0.52027 0.0157957 0.0157957
0.47975 0.52025 0.0158006 0.0158006
0.47976 0.52024 0.015805 0.015805
0.47978 0.52022 0.0158038 0.0158038
0.47978 0.52022 0.0158058 0.0158058
0.47977 0.52023 0.0158054 0.0158054
0.47977 0.52023 0.0158014 0.0158014
0.47976 0.52024 0.0157989 0.0157989
0.47975 0.52025 0.0157965 0.0157965
0.47974 0.52026 0.0157981 0.0157981
0.47971 0.52029 0.0157969 0.0157969
0.47971 0.52029 0.0157989 0.0157989
0.47968 0.52032 0.0157977 0.0157977
0.47967 0.52033 0.0157973 0.0157973
0.47967 0.52033 0.0157952 0.0157952
0.47966 0.52034 0.0157989 0.0157989
0.47966 0.52034 0.015807 0.015807
0.47967 0.52033 0.0158074 0.0158074
0.47967 0.52033 0.0158053 0.0158053
0.47967 0.52033 0.0158033 0.0158033
0.47967 0.52033 0.0158033 0.0158033
0.47968 0.52032 0.0158017 0.0158017
0.47967 0.52033 0.0158073 0.0158073
0.47967 0.52033 0.0158073 0.0158073
0.47964 0.52036 0.0158081 0.0158081
0.47962 0.52038 0.0158073 0.0158073
0.47963 0.52037 0.0158077 0.0158077
0.47963 0.52037 0.0158098 0.0158098
0.47966 0.52034 0.0158089 0.0158089
0.47966 0.52034 0.0158029 0.0158029
0.47964 0.52036 0.0158041 0.0158041
0.47964 0.52036 0.0158081 0.0158081
0.47962 0.52038 0.0158113 0.0158113
0.47962 0.52038 0.0158113 0.0158113
0.47963 0.52037 0.0158138 0.0158138
0.47962 0.52038 0.0158134 0.0158134
0.47963 0.52037 0.0158077 0.0158077
0.47965 0.52035 0.0158045 0.0158045
0.47966 0.52034 0.0158049 0.0158049
0.47967 0.52033 0.0158053 0.0158053
0.47969 0.52031 0.015802 0.015802
0.4797 0.5203 0.0158024 0.0158024
0.4797 0.5203 0.0158045 0.0158045
0.4797 0.5203 0.0158045 0.0158045
0.47973 0.52027 0.0158097 0.0158097
0.47976 0.52024 0.015811 0.015811
0.47977 0.52023 0.0158155 0.0158155
0.47975 0.52025 0.0158127 0.0158127
0.47976 0.52024 0.015809 0.015809
0.47977 0.52023 0.0158095 0.0158095
