0.4974 0.5026 0.0163641 0.0163641
0.49727 0.50273 0.0148201 0.0148201
0.49789 0.50211 0.0137835 0.0137835
0.49825 0.50175 0.0134206 0.0134206
0.49792 0.50208 0.0134068 0.0134068
0.49788 0.50212 0.0135428 0.0135428
0.49869 0.50131 0.0137943 0.0137943
0.49935 0.50065 0.0141787 0.0141787
0.49978 0.50022 0.0145691 0.0145691
0.50096 0.49904 0.0150427 0.0150427
0.50122 0.49878 0.0153501 0.0153501
0.50207 0.49793 0.0158115 0.0158115
0.50253 0.49747 0.0164365 0.0164365
0.50328 0.49672 0.016624 0.016624
0.50289 0.49711 0.017078 0.017078
0.50325 0.49675 0.0176414 0.0176414
0.50333 0.49667 0.0182072 0.0182072
0.50323 0.49677 0.0186409 0.0186409
0.50304 0.49696 0.0191447 0.0191447
0.50283 0.49717 0.0196696 0.0196696
0.50331 0.49669 0.0200532 0.0200532
0.50289 0.49711 0.0203853 0.0203853
0.50302 0.49698 0.0207307 0.0207307
0.50322 0.49678 0.0209442 0.0209442
0.50326 0.49674 0.0212379 0.0212379
0.50323 0.49677 0.0215634 0.0215634
0.50353 0.49647 0.0217151 0.0217151
0.50377 0.49623 0.0220066 0.0220066
0.50358 0.49642 0.0223069 0.0223069
0.50331 0.49669 0.0225402 0.0225402
0.50329 0.49671 0.0228477 0.0228477
0.50336 0.49664 0.0229379 0.0229379
0.50319 0.49681 0.0231336 0.0231336
0.50298 0.49702 0.0234674 0.0234674
0.50272 0.49728 0.0236348 0.0236348
0.5024 0.4976 0.0238237 0.0238237
0.50252 0.49748 0.0241333 0.0241333
0.50246 0.49754 0.0242051 0.0242051
0.50243 0.49757 0.0243755 0.0243755
0.50233 0.49767 0.0245291 0.0245291
0.50242 0.49758 0.0247326 0.0247326
0.50254 0.49746 0.0248787 0.0248787
0.50245 0.49755 0.0250154 0.0250154
0.50231 0.49769 0.0250706 0.0250706
0.50207 0.49793 0.0252354 0.0252354
0.50215 0.49785 0.0253494 0.0253494
0.50195 0.49805 0.0254494 0.0254494
0.50184 0.49816 0.0255993 0.0255993
0.50201 0.49799 0.025662 0.025662
0.50204 0.49796 0.0257633 0.0257633
0.50222 0.49778 0.0258325 0.0258325
0.50243 0.49757 0.0259891 0.0259891
0.50229 0.49771 0.0260084 0.0260084
0.50223 0.49777 0.0261215 0.0261215
0.50225 0.49775 0.0261925 0.0261925
0.50226 0.49774 0.0262929 0.0262929
0.50211 0.49789 0.0263387 0.0263387
0.5019 0.4981 0.0264944 0.0264944
0.50204 0.49796 0.0265258 0.0265258
0.50218 0.49782 0.0265662 0.0265662
0.50215 0.49785 0.026661 0.026661
0.50214 0.49786 0.0266937 0.0266937
0.50221 0.49779 0.0266804 0.0266804
0.50233 0.49767 0.0266828 0.0266828
0.50234 0.49766 0.0267208 0.0267208
0.50226 0.49774 0.0268065 0.0268065
0.50225 0.49775 0.0268432 0.0268432
0.50218 0.49782 0.026849 0.026849
0.50227 0.49773 0.0268746 0.0268746
0.50231 0.49769 0.0269053 0.0269053
0.50233 0.49767 0.0269818 0.0269818
0.5023 0.4977 0.0270532 0.0270532
0.50237 0.49763 0.0270875 0.0270875
0.50233 0.49767 0.0271106 0.0271106
0.50244 0.49756 0.0271321 0.0271321
0.50233 0.49767 0.0271416 0.0271416
0.50225 0.49775 0.0271758 0.0271758
0.50229 0.49771 0.0272017 0.0272017
0.5023 0.4977 0.0272156 0.0272156
0.50243 0.49757 0.0272529 0.0272529
0.5024 0.4976 0.0272407 0.0272407
0.50244 0.49756 0.027247 0.027247
0.50249 0.49751 0.0272584 0.0272584
0.50248 0.49752 0.0272761 0.0272761
0.5025 0.4975 0.0273265 0.0273265
0.50246 0.49754 0.0273549 0.0273549
0.50247 0.49753 0.0273723 0.0273723
0.50234 0.49766 0.0273944 0.0273944
0.50233 0.49767 0.0273719 0.0273719
0.50231 0.49769 0.0274208 0.0274208
0.50224 0.49776 0.0274113 0.0274113
0.50224 0.49776 0.0274319 0.0274319
0.50229 0.49771 0.0274735 0.0274735
0.5023 0.4977 0.0274915 0.0274915
0.50239 0.49761 0.0274907 0.0274907
0.50245 0.49755 0.0275298 0.0275298
0.50251 0.49749 0.0275355 0.0275355
0.50247 0.49753 0.0275449 0.0275449
0.5024 0.4976 0.0275654 0.0275654
0.50243 0.49757 0.027561 0.027561
0.50243 0.49757 0.0275751 0.0275751
0.5025 0.4975 0.027585 0.027585
0.50246 0.49754 0.0275659 0.0275659
0.5024 0.4976 0.0275804 0.0275804
0.50238 0.49762 0.0275997 0.0275997
0.50237 0.49763 0.0275834 0.0275834
0.50238 0.49762 0.0276048 0.0276048
0.50238 0.49762 0.0276322 0.0276322
0.5024 0.4976 0.0276355 0.0276355
0.50237 0.49763 0.0276272 0.0276272
0.50235 0.49765 0.0276579 0.0276579
0.5023 0.4977 0.0276561 0.0276561
0.50234 0.49766 0.02763 0.02763
0.50237 0.49763 0.0276391 0.0276391
0.50238 0.49762 0.0276413 0.0276413
0.50237 0.49763 0.0276645 0.0276645
0.50239 0.49761 0.0276606 0.0276606
0.50238 0.49762 0.0276616 0.0276616
0.50236 0.49764 0.0276695 0.0276695
0.50239 0.49761 0.0276706 0.0276706
0.50242 0.49758 0.0276752 0.0276752
0.50236 0.49764 0.0276769 0.0276769
0.50236 0.49764 0.0276826 0.0276826
0.50235 0.49765 0.0276996 0.0276996
0.50227 0.49773 0.0277049 0.0277049
0.50229 0.49771 0.0277149 0.0277149
0.5023 0.4977 0.0277253 0.0277253
0.50232 0.49768 0.0277368 0.0277368
0.50233 0.49767 0.0277434 0.0277434
0.50238 0.49762 0.0277599 0.0277599
0.50237 0.49763 0.0277308 0.0277308
0.50234 0.49766 0.0277354 0.0277354
0.50235 0.49765 0.0277372 0.0277372
0.50239 0.49761 0.0277285 0.0277285
0.50238 0.49762 0.0277299 0.0277299
0.50237 0.49763 0.0277293 0.0277293
0.50238 0.49762 0.0277303 0.0277303
0.50238 0.49762 0.0277286 0.0277286
0.50239 0.49761 0.0277341 0.0277341
0.50238 0.49762 0.0277409 0.0277409
0.50239 0.49761 0.0277432 0.0277432
0.50239 0.49761 0.0277368 0.0277368
0.50236 0.49764 0.0277449 0.0277449
0.50239 0.49761 0.0277555 0.0277555
0.5024 0.4976 0.0277696 0.0277696
0.5024 0.4976 0.0277696 0.0277696
0.50238 0.49762 0.0277684 0.0277684
0.50238 0.49762 0.0277674 0.0277674
0.50241 0.49759 0.0277733 0.0277733
0.50245 0.49755 0.0277778 0.0277778
0.50244 0.49756 0.0277736 0.0277736
0.50242 0.49758 0.0277767 0.0277767
0.50242 0.49758 0.0277767 0.0277767
0.50241 0.49759 0.0277752 0.0277752
0.50239 0.49761 0.0277802 0.0277802
0.5024 0.4976 0.0277668 0.0277668
0.50242 0.49758 0.0277714 0.0277714
0.50244 0.49756 0.0277704 0.0277704
0.50243 0.49757 0.0277703 0.0277703
0.50244 0.49756 0.027777 0.027777
0.50245 0.49755 0.027779 0.027779
0.50245 0.49755 0.0277906 0.0277906
0.50243 0.49757 0.0278022 0.0278022
0.50243 0.49757 0.0278044 0.0278044
0.50243 0.49757 0.0278044 0.0278044
0.50242 0.49758 0.0277943 0.0277943
0.50238 0.49762 0.0278032 0.0278032
0.50237 0.49763 0.027804 0.027804
0.50234 0.49766 0.0278063 0.0278063
0.50234 0.49766 0.0277992 0.0277992
0.50236 0.49764 0.0278044 0.0278044
0.50235 0.49765 0.0278018 0.0278018
0.50235 0.49765 0.0277933 0.0277933
0.50233 0.49767 0.027799 0.027799
0.50234 0.49766 0.0278046 0.0278046
0.50236 0.49764 0.0278037 0.0278037
0.50237 0.49763 0.0278042 0.0278042
0.50237 0.49763 0.0278042 0.0278042
0.50237 0.49763 0.0278032 0.0278032
0.50235 0.49765 0.0278056 0.0278056
0.50239 0.49761 0.027805 0.027805
0.50239 0.49761 0.0278023 0.0278023
0.50239 0.49761 0.0278053 0.0278053
0.5024 0.4976 0.0278093 0.0278093
0.50242 0.49758 0.0278111 0.0278111
0.50243 0.49757 0.0278125 0.0278125
0.50244 0.49756 0.0278181 0.0278181
0.50243 0.49757 0.0278192 0.0278192
0.50244 0.49756 0.0278154 0.0278154
0.50243 0.49757 0.0278163 0.0278163
0.50244 0.49756 0.027819 0.027819
0.50242 0.49758 0.0278126 0.0278126
0.50242 0.49758 0.0278133 0.0278133
0.50242 0.49758 0.0278035 0.0278035
0.50242 0.49758 0.02781 0.02781
0.50243 0.49757 0.02781 0.02781
0.50243 0.49757 0.0278132 0.0278132
0.50242 0.49758 0.027817 0.027817
0.50243 0.49757 0.0278163 0.0278163
0.50243 0.49757 0.0278163 0.0278163
0.50243 0.49757 0.0278175 0.0278175
0.50244 0.49756 0.027819 0.027819
0.50244 0.49756 0.027819 0.027819
0.50243 0.49757 0.0278158 0.0278158
0.50242 0.49758 0.0278103 0.0278103
0.50242 0.49758 0.0278103 0.0278103
0.50243 0.49757 0.0278194 0.0278194
0.50242 0.49758 0.0278167 0.0278167
0.50242 0.49758 0.0278167 0.0278167
0.50242 0.49758 0.0278167 0.0278167
0.50241 0.49759 0.0278107 0.0278107
0.50243 0.49757 0.0278088 0.0278088
0.50241 0.49759 0.0278049 0.0278049
0.50243 0.49757 0.0278087 0.0278087
0.50242 0.49758 0.0278032 0.0278032
0.50241 0.49759 0.0278117 0.0278117
0.50241 0.49759 0.0278117 0.0278117
0.50241 0.49759 0.0278117 0.0278117
0.50243 0.49757 0.0278127 0.0278127
0.50243 0.49757 0.0278127 0.0278127
0.50244 0.49756 0.0278119 0.0278119
0.50242 0.49758 0.0278077 0.0278077
0.50241 0.49759 0.0278193 0.0278193
0.5024 0.4976 0.02782 0.02782
0.50242 0.49758 0.0278231 0.0278231
0.50241 0.49759 0.02782 0.02782
0.50243 0.49757 0.0278293 0.0278293
0.50242 0.49758 0.0278331 0.0278331
0.50242 0.49758 0.0278331 0.0278331
0.50242 0.49758 0.0278353 0.0278353
0.50244 0.49756 0.0278238 0.0278238
0.50242 0.49758 0.0278353 0.0278353
0.50243 0.49757 0.0278346 0.0278346
0.50244 0.49756 0.0278348 0.0278348
0.50245 0.49755 0.0278352 0.0278352
0.50246 0.49754 0.0278372 0.0278372
0.50247 0.49753 0.0278379 0.0278379
0.50251 0.49749 0.0278278 0.0278278
0.50251 0.49749 0.0278295 0.0278295
0.50251 0.49749 0.0278295 0.0278295
0.50251 0.49749 0.027833 0.027833
0.5025 0.4975 0.0278366 0.0278366
0.5025 0.4975 0.0278366 0.0278366
0.5025 0.4975 0.0278285 0.0278285
0.50249 0.49751 0.0278248 0.0278248
0.5025 0.4975 0.0278184 0.0278184
0.50251 0.49749 0.0278218 0.0278218
0.50252 0.49748 0.0278183 0.0278183
0.5025 0.4975 0.0278184 0.0278184
0.50251 0.49749 0.0278223 0.0278223
0.5025 0.4975 0.0278324 0.0278324
0.5025 0.4975 0.0278361 0.0278361
0.5025 0.4975 0.0278361 0.0278361
0.50251 0.49749 0.0278386 0.0278386
0.50251 0.49749 0.0278386 0.0278386
0.50251 0.49749 0.0278386 0.0278386
0.50251 0.49749 0.0278386 0.0278386
0.50251 0.49749 0.0278383 0.0278383
0.50252 0.49748 0.0278384 0.0278384
0.50252 0.49748 0.0278384 0.0278384
0.50251 0.49749 0.0278358 0.0278358
0.50251 0.49749 0.0278358 0.0278358
0.5025 0.4975 0.0278356 0.0278356
0.50251 0.49749 0.0278412 0.0278412
0.50252 0.49748 0.0278311 0.0278311
0.50252 0.49748 0.0278311 0.0278311
0.50251 0.49749 0.0278346 0.0278346
0.5025 0.4975 0.0278349 0.0278349
0.50251 0.49749 0.0278334 0.0278334
0.50251 0.49749 0.0278334 0.0278334
0.5025 0.4975 0.0278306 0.0278306
0.5025 0.4975 0.0278306 0.0278306
0.5025 0.4975 0.0278433 0.0278433
0.5025 0.4975 0.0278433 0.0278433
0.5025 0.4975 0.0278433 0.0278433
0.50249 0.49751 0.0278417 0.0278417
0.5025 0.4975 0.0278381 0.0278381
0.5025 0.4975 0.027843 0.027843
0.50251 0.49749 0.0278465 0.0278465
0.50251 0.49749 0.0278453 0.0278453
0.50252 0.49748 0.02784 0.02784
0.50252 0.49748 0.02784 0.02784
0.50252 0.49748 0.02784 0.02784
0.50252 0.49748 0.02784 0.02784
0.50253 0.49747 0.0278435 0.0278435
0.50253 0.49747 0.0278445 0.0278445
0.50252 0.49748 0.0278418 0.0278418
0.50252 0.49748 0.0278418 0.0278418
0.50251 0.49749 0.0278563 0.0278563
0.50252 0.49748 0.027859 0.027859
0.50253 0.49747 0.0278489 0.0278489
0.50253 0.49747 0.0278375 0.0278375
0.50254 0.49746 0.0278499 0.0278499
0.50253 0.49747 0.0278535 0.0278535
0.50254 0.49746 0.0278572 0.0278572
0.50253 0.49747 0.0278564 0.0278564
0.50253 0.49747 0.0278564 0.0278564
0.50252 0.49748 0.0278537 0.0278537
0.50252 0.49748 0.0278537 0.0278537
0.50252 0.49748 0.0278537 0.0278537
0.50252 0.49748 0.027854 0.027854
0.50254 0.49746 0.0278575 0.0278575
0.50253 0.49747 0.027861 0.027861
0.50251 0.49749 0.0278684 0.0278684
0.50251 0.49749 0.0278684 0.0278684
0.50251 0.49749 0.0278684 0.0278684
0.50251 0.49749 0.0278684 0.0278684
0.50252 0.49748 0.0278649 0.0278649
0.5025 0.4975 0.0278627 0.0278627
0.5025 0.4975 0.0278627 0.0278627
0.50249 0.49751 0.0278601 0.0278601
0.50249 0.49751 0.0278601 0.0278601
0.50249 0.49751 0.027867 0.027867
0.50249 0.49751 0.027867 0.027867
0.50251 0.49749 0.0278621 0.0278621
0.50251 0.49749 0.0278621 0.0278621
0.50253 0.49747 0.0278546 0.0278546
0.50253 0.49747 0.0278546 0.0278546
0.50252 0.49748 0.0278519 0.0278519
0.50254 0.49746 0.0278586 0.0278586
0.50254 0.49746 0.0278586 0.0278586
0.50254 0.49746 0.0278513 0.0278513
0.50253 0.49747 0.0278485 0.0278485
0.50252 0.49748 0.0278523 0.0278523
0.50255 0.49745 0.0278606 0.0278606
0.50255 0.49745 0.0278606 0.0278606
0.50255 0.49745 0.0278606 0.0278606
0.50254 0.49746 0.0278597 0.0278597
0.50253 0.49747 0.0278698 0.0278698
0.50253 0.49747 0.0278698 0.0278698
0.50253 0.49747 0.0278698 0.0278698
0.50253 0.49747 0.0278698 0.0278698
0.50252 0.49748 0.0278671 0.0278671
0.50253 0.49747 0.0278679 0.0278679
0.50254 0.49746 0.0278708 0.0278708
0.50254 0.49746 0.0278708 0.0278708
0.50252 0.49748 0.027867 0.027867
0.50253 0.49747 0.0278697 0.0278697
0.50253 0.49747 0.0278697 0.0278697
0.50253 0.49747 0.0278697 0.0278697
0.50254 0.49746 0.0278683 0.0278683
0.50255 0.49745 0.0278691 0.0278691
0.50255 0.49745 0.0278628 0.0278628
0.50254 0.49746 0.0278664 0.0278664
0.50255 0.49745 0.0278626 0.0278626
0.50256 0.49744 0.027859 0.027859
0.50255 0.49745 0.0278626 0.0278626
0.50255 0.49745 0.0278626 0.0278626
0.50254 0.49746 0.0278597 0.0278597
0.50254 0.49746 0.0278597 0.0278597
0.50254 0.49746 0.0278597 0.0278597
0.50255 0.49745 0.02786 0.02786
0.50256 0.49744 0.0278629 0.0278629
0.50256 0.49744 0.0278629 0.0278629
0.50256 0.49744 0.0278629 0.0278629
0.50256 0.49744 0.0278629 0.0278629
0.50255 0.49745 0.0278666 0.0278666
0.50256 0.49744 0.027863 0.027863
0.50256 0.49744 0.027863 0.027863
0.50255 0.49745 0.0278666 0.0278666
0.50255 0.49745 0.0278666 0.0278666
0.50255 0.49745 0.0278666 0.0278666
0.50255 0.49745 0.0278666 0.0278666
0.50255 0.49745 0.0278666 0.0278666
0.50255 0.49745 0.0278666 0.0278666
0.50254 0.49746 0.0278637 0.0278637
0.50252 0.49748 0.0278711 0.0278711
0.50252 0.49748 0.0278711 0.0278711
0.50253 0.49747 0.0278739 0.0278739
0.50253 0.49747 0.0278739 0.0278739
0.50253 0.49747 0.0278739 0.0278739
0.50253 0.49747 0.0278739 0.0278739
0.50254 0.49746 0.0278638 0.0278638
0.50254 0.49746 0.0278638 0.0278638
0.50254 0.49746 0.0278638 0.0278638
0.50254 0.49746 0.0278638 0.0278638
0.50254 0.49746 0.0278638 0.0278638
0.50254 0.49746 0.0278638 0.0278638
0.50254 0.49746 0.0278638 0.0278638
0.50255 0.49745 0.0278603 0.0278603
0.50255 0.49745 0.0278603 0.0278603
0.50255 0.49745 0.0278603 0.0278603
0.50255 0.49745 0.0278665 0.0278665
0.50255 0.49745 0.0278665 0.0278665
0.50255 0.49745 0.0278665 0.0278665
0.50255 0.49745 0.0278665 0.0278665
0.50255 0.49745 0.0278665 0.0278665
0.50255 0.49745 0.0278665 0.0278665
0.50255 0.49745 0.0278665 0.0278665
0.50256 0.49744 0.027863 0.027863
0.50255 0.49745 0.0278603 0.0278603
0.50255 0.49745 0.0278603 0.0278603
0.50254 0.49746 0.0278595 0.0278595
0.50254 0.49746 0.0278595 0.0278595
0.50254 0.49746 0.0278595 0.0278595
0.50255 0.49745 0.0278603 0.0278603
0.50255 0.49745 0.0278603 0.0278603
0.50254 0.49746 0.0278638 0.0278638
0.50255 0.49745 0.0278676 0.0278676
0.50255 0.49745 0.0278676 0.0278676
0.50256 0.49744 0.0278739 0.0278739
0.50256 0.49744 0.0278739 0.0278739
0.50256 0.49744 0.0278739 0.0278739
0.50256 0.49744 0.0278739 0.0278739
0.50258 0.49742 0.0278696 0.0278696
0.5026 0.4974 0.0278751 0.0278751
0.50261 0.49739 0.0278713 0.0278713
0.50261 0.49739 0.0278713 0.0278713
0.50263 0.49737 0.0278769 0.0278769
0.50263 0.49737 0.0278769 0.0278769
0.50263 0.49737 0.0278769 0.0278769
0.50264 0.49736 0.0278808 0.0278808
0.50264 0.49736 0.0278808 0.0278808
0.50264 0.49736 0.0278808 0.0278808
0.50263 0.49737 0.0278843 0.0278843
0.50263 0.49737 0.0278843 0.0278843
0.50263 0.49737 0.0278843 0.0278843
0.50261 0.49739 0.0278777 0.0278777
0.50261 0.49739 0.0278777 0.0278777
0.5026 0.4974 0.0278742 0.0278742
0.5026 0.4974 0.0278742 0.0278742
0.50261 0.49739 0.0278777 0.0278777
0.50262 0.49738 0.0278815 0.0278815
0.50263 0.49737 0.027878 0.027878
0.50263 0.49737 0.027878 0.027878
0.50263 0.49737 0.027878 0.027878
0.50262 0.49738 0.0278742 0.0278742
0.50261 0.49739 0.0278777 0.0278777
0.5026 0.4974 0.0278769 0.0278769
0.50259 0.49741 0.0278807 0.0278807
0.50259 0.49741 0.0278807 0.0278807
0.50259 0.49741 0.0278807 0.0278807
0.50257 0.49743 0.0278879 0.0278879
0.50257 0.49743 0.0278879 0.0278879
0.50257 0.49743 0.0278879 0.0278879
0.50257 0.49743 0.0278879 0.0278879
0.50258 0.49742 0.0278917 0.0278917
0.50258 0.49742 0.0278917 0.0278917
0.50259 0.49741 0.0278944 0.0278944
0.50259 0.49741 0.0278944 0.0278944
0.50259 0.49741 0.0278944 0.0278944
0.50258 0.49742 0.0278917 0.0278917
0.5026 0.4974 0.0278973 0.0278973
0.5026 0.4974 0.0278973 0.0278973
0.5026 0.4974 0.0278908 0.0278908
0.5026 0.4974 0.0278908 0.0278908
0.5026 0.4974 0.0278908 0.0278908
0.50261 0.49739 0.0278935 0.0278935
0.50261 0.49739 0.0278935 0.0278935
0.50261 0.49739 0.0278935 0.0278935
0.50261 0.49739 0.0278935 0.0278935
0.50261 0.49739 0.0278935 0.0278935
0.50261 0.49739 0.0278935 0.0278935
0.50261 0.49739 0.0278935 0.0278935
0.50262 0.49738 0.0278962 0.0278962
0.50262 0.49738 0.0278962 0.0278962
0.50261 0.49739 0.0278935 0.0278935
0.50261 0.49739 0.0278935 0.0278935
0.50261 0.49739 0.0278935 0.0278935
0.50262 0.49738 0.02789 0.02789
0.50263 0.49737 0.0278864 0.0278864
0.50263 0.49737 0.0278864 0.0278864
0.50263 0.49737 0.0278864 0.0278864
0.50263 0.49737 0.0278864 0.0278864
0.50263 0.49737 0.0278864 0.0278864
0.50263 0.49737 0.0278864 0.0278864
0.50263 0.49737 0.0278864 0.0278864
0.50263 0.49737 0.0278864 0.0278864
0.50263 0.49737 0.0278864 0.0278864
0.50263 0.49737 0.0278864 0.0278864
0.50263 0.49737 0.0278864 0.0278864
0.50263 0.49737 0.0278864 0.0278864
0.50263 0.49737 0.0278864 0.0278864
0.50263 0.49737 0.0278864 0.0278864
0.50263 0.49737 0.0278864 0.0278864
0.50263 0.49737 0.0278864 0.0278864
0.50263 0.49737 0.0278864 0.0278864
0.50263 0.49737 0.0278864 0.0278864
0.50263 0.49737 0.0278864 0.0278864
0.50263 0.49737 0.0278864 0.0278864
0.50264 0.49736 0.0278829 0.0278829
0.50264 0.49736 0.0278829 0.0278829
0.50263 0.49737 0.0278864 0.0278864
0.50263 0.49737 0.0278864 0.0278864
0.50263 0.49737 0.0278864 0.0278864
0.50262 0.49738 0.0278836 0.0278836
0.50262 0.49738 0.0278836 0.0278836
0.50262 0.49738 0.0278836 0.0278836
0.50262 0.49738 0.0278836 0.0278836
0.50261 0.49739 0.0278871 0.0278871
0.50261 0.49739 0.0278871 0.0278871
0.50261 0.49739 0.0278871 0.0278871
0.50261 0.49739 0.0278871 0.0278871
0.50261 0.49739 0.0278871 0.0278871
0.50261 0.49739 0.0278871 0.0278871
0.50262 0.49738 0.0278898 0.0278898
0.50262 0.49738 0.0278898 0.0278898
0.50262 0.49738 0.0278898 0.0278898
0.50262 0.49738 0.0278898 0.0278898
0.50262 0.49738 0.0278898 0.0278898
