0.50047 0.49953 9.70616e-06 9.70616e-06
0.5004 0.4996 2.70707e-05 2.70707e-05
0.5007 0.4993 3.61919e-05 3.61919e-05
0.50042 0.49958 5.35996e-05 5.35996e-05
0.50021 0.49979 5.35817e-05 5.35817e-05
0.50038 0.49962 6.18339e-05 6.18339e-05
0.50044 0.49956 7.69762e-05 7.69762e-05
0.50033 0.49967 8.90112e-05 8.90112e-05
0.50035 0.49965 9.74419e-05 9.74419e-05
0.5 0.5 9.6303e-05 9.6303e-05
0.50036 0.49964 9.86772e-05 9.86772e-05
0.49935 0.50065 9.81894e-05 9.81894e-05
0.4997 0.5003 0.000102535 0.000102535
0.49983 0.50017 0.000105072 0.000105072
0.49979 0.50021 0.000120147 0.000120147
0.50021 0.49979 0.000116652 0.000116652
0.49992 0.50008 0.000128095 0.000128095
0.50052 0.49948 0.000133323 0.000133323
0.50048 0.49952 0.000133929 0.000133929
0.50113 0.49887 0.000134983 0.000134983
0.50141 0.49859 0.000139052 0.000139052
0.50148 0.49852 0.000147808 0.000147808
0.50158 0.49842 0.000152125 0.000152125
0.50129 0.49871 0.000141844 0.000141844
0.50062 0.49938 0.000131066 0.000131066
0.50079 0.49921 0.00014237 0.00014237
0.50161 0.49839 0.000143533 0.000143533
0.5013 0.4987 0.000148495 0.000148495
0.50158 0.49842 0.000150509 0.000150509
0.5017 0.4983 0.000142879 0.000142879
0.50145 0.49855 0.000153866 0.000153866
0.50019 0.49981 0.000156054 0.000156054
0.49957 0.50043 0.000150631 0.000150631
0.49988 0.50012 0.000140955 0.000140955
0.5001 0.4999 0.000145525 0.000145525
0.49974 0.50026 0.00012975 0.00012975
0.49937 0.50063 0.000139165 0.000139165
0.49942 0.50058 0.000150307 0.000150307
0.49969 0.50031 0.00014559 0.00014559
0.50007 0.49993 0.000143682 0.000143682
0.50015 0.49985 0.000144028 0.000144028
0.49998 0.50002 0.000139919 0.000139919
0.49994 0.50006 0.000141532 0.000141532
0.50031 0.49969 0.000132418 0.000132418
0.49999 0.50001 0.00013197 0.00013197
0.50005 0.49995 0.000134997 0.000134997
0.5005 0.4995 0.000125808 0.000125808
0.50011 0.49989 0.00013721 0.00013721
0.50057 0.49943 0.000134995 0.000134995
0.5011 0.4989 0.000127828 0.000127828
0.50159 0.49841 0.000122467 0.000122467
0.50156 0.49844 0.000120673 0.000120673
0.5013 0.4987 0.000133404 0.000133404
0.50104 0.49896 0.00013313 0.00013313
0.50057 0.49943 0.00012049 0.00012049
0.50057 0.49943 0.000130874 0.000130874
0.50058 0.49942 0.000132448 0.000132448
0.5002 0.4998 0.000136404 0.000136404
0.50048 0.49952 0.000151262 0.000151262
0.50076 0.49924 0.000142023 0.000142023
0.50173 0.49827 0.000138684 0.000138684
0.50138 0.49862 0.000148662 0.000148662
0.50109 0.49891 0.000163638 0.000163638
0.50101 0.49899 0.000167929 0.000167929
0.5015 0.4985 0.000167323 0.000167323
0.50148 0.49852 0.000160939 0.000160939
0.50089 0.49911 0.000168927 0.000168927
0.50121 0.49879 0.000164996 0.000164996
0.50181 0.49819 0.000162034 0.000162034
0.50131 0.49869 0.000149145 0.000149145
0.50085 0.49915 0.000136735 0.000136735
0.50128 0.49872 0.000122769 0.000122769
0.5009 0.4991 0.000116596 0.000116596
0.50092 0.49908 0.000135084 0.000135084
0.50039 0.49961 0.000133271 0.000133271
0.50045 0.49955 0.000128997 0.000128997
0.50025 0.49975 0.000129058 0.000129058
0.50032 0.49968 0.000124099 0.000124099
0.50088 0.49912 0.000124329 0.000124329
0.50064 0.49936 0.000145808 0.000145808
0.50062 0.49938 0.00014341 0.00014341
0.50116 0.49884 0.000140398 0.000140398
0.50096 0.49904 0.000140524 0.000140524
0.50118 0.49882 0.000145806 0.000145806
0.50068 0.49932 0.000167937 0.000167937
0.50006 0.49994 0.000168966 0.000168966
0.50043 0.49957 0.000172046 0.000172046
0.50036 0.49964 0.000172657 0.000172657
0.50031 0.49969 0.000169186 0.000169186
0.50034 0.49966 0.000181277 0.000181277
0.50008 0.49992 0.000171994 0.000171994
0.50013 0.49987 0.000171791 0.000171791
0.50124 0.49876 0.000156124 0.000156124
0.50104 0.49896 0.000167958 0.000167958
0.50148 0.49852 0.000175505 0.000175505
0.50135 0.49865 0.000164371 0.000164371
0.50122 0.49878 0.000159365 0.000159365
0.50123 0.49877 0.000159108 0.000159108
0.50158 0.49842 0.000175276 0.000175276
0.50154 0.49846 0.000172433 0.000172433
0.50208 0.49792 0.000156155 0.000156155
0.50285 0.49715 0.000172432 0.000172432
0.50308 0.49692 0.000180175 0.000180175
0.50341 0.49659 0.000196931 0.000196931
0.50333 0.49667 0.00019592 0.00019592
0.50325 0.49675 0.000203866 0.000203866
0.50242 0.49758 0.000204044 0.000204044
0.50163 0.49837 0.000198296 0.000198296
0.50128 0.49872 0.000201012 0.000201012
0.50126 0.49874 0.000217023 0.000217023
0.50144 0.49856 0.000208693 0.000208693
0.50114 0.49886 0.000196 0.000196
0.50102 0.49898 0.000194868 0.000194868
0.50067 0.49933 0.000196607 0.000196607
0.50102 0.49898 0.000187414 0.000187414
0.5013 0.4987 0.000183424 0.000183424
0.50118 0.49882 0.000180977 0.000180977
0.50164 0.49836 0.000185889 0.000185889
0.50182 0.49818 0.000190755 0.000190755
0.50197 0.49803 0.000183949 0.000183949
0.5014 0.4986 0.000191677 0.000191677
0.50136 0.49864 0.000192152 0.000192152
0.50118 0.49882 0.00018421 0.00018421
0.50075 0.49925 0.000187543 0.000187543
0.5003 0.4997 0.00017203 0.00017203
0.50003 0.49997 0.000165646 0.000165646
0.50034 0.49966 0.000181035 0.000181035
0.49994 0.50006 0.000182198 0.000182198
0.49969 0.50031 0.000180559 0.000180559
0.49985 0.50015 0.000189604 0.000189604
0.50035 0.49965 0.000191058 0.000191058
0.5005 0.4995 0.000185061 0.000185061
0.50111 0.49889 0.000182321 0.000182321
0.50126 0.49874 0.000186538 0.000186538
0.50105 0.49895 0.000186008 0.000186008
0.5012 0.4988 0.000180848 0.000180848
0.50148 0.49852 0.000167343 0.000167343
0.50102 0.49898 0.000162121 0.000162121
0.50125 0.49875 0.000192432 0.000192432
0.50132 0.49868 0.00019121 0.00019121
0.50159 0.49841 0.000198386 0.000198386
0.50161 0.49839 0.000200159 0.000200159
0.50184 0.49816 0.000195833 0.000195833
0.50124 0.49876 0.000206972 0.000206972
0.50095 0.49905 0.000207321 0.000207321
0.50006 0.49994 0.000210784 0.000210784
0.50013 0.49987 0.000216781 0.000216781
0.50006 0.49994 0.000197835 0.000197835
0.50048 0.49952 0.000225484 0.000225484
0.50086 0.49914 0.000217415 0.000217415
0.50152 0.49848 0.000195545 0.000195545
0.50172 0.49828 0.000204608 0.000204608
0.5016 0.4984 0.00019796 0.00019796
0.50206 0.49794 0.000190865 0.000190865
0.50248 0.49752 0.000193505 0.000193505
0.50204 0.49796 0.000189594 0.000189594
0.50243 0.49757 0.000199682 0.000199682
0.50252 0.49748 0.000189767 0.000189767
0.50244 0.49756 0.000182996 0.000182996
0.50241 0.49759 0.000168608 0.000168608
0.50172 0.49828 0.000181517 0.000181517
0.50229 0.49771 0.000188996 0.000188996
0.50176 0.49824 0.000178467 0.000178467
0.50172 0.49828 0.000185739 0.000185739
0.50151 0.49849 0.000200858 0.000200858
0.50151 0.49849 0.000204212 0.000204212
0.50099 0.49901 0.000191485 0.000191485
0.50179 0.49821 0.000172996 0.000172996
0.50205 0.49795 0.000160836 0.000160836
0.50182 0.49818 0.000160189 0.000160189
0.50153 0.49847 0.000170817 0.000170817
0.50186 0.49814 0.000174687 0.000174687
0.50089 0.49911 0.000155452 0.000155452
0.50058 0.49942 0.000159842 0.000159842
0.50021 0.49979 0.000164693 0.000164693
0.50055 0.49945 0.00016225 0.00016225
0.501 0.499 0.000172121 0.000172121
0.50088 0.49912 0.000170693 0.000170693
0.50085 0.49915 0.000181321 0.000181321
0.50059 0.49941 0.000173153 0.000173153
0.50022 0.49978 0.000181891 0.000181891
0.50001 0.49999 0.000176394 0.000176394
0.4998 0.5002 0.00016598 0.00016598
0.49981 0.50019 0.000167792 0.000167792
0.49962 0.50038 0.000161693 0.000161693
0.49987 0.50013 0.000170559 0.000170559
0.50026 0.49974 0.000159305 0.000159305
0.5005 0.4995 0.000153465 0.000153465
0.50041 0.49959 0.000154669 0.000154669
0.50071 0.49929 0.000165622 0.000165622
0.50059 0.49941 0.000159901 0.000159901
0.50026 0.49974 0.000161245 0.000161245
0.49988 0.50012 0.000165723 0.000165723
0.49956 0.50044 0.000154229 0.000154229
0.49967 0.50033 0.000163718 0.000163718
0.50027 0.49973 0.000169007 0.000169007
0.50026 0.49974 0.000161891 0.000161891
0.49991 0.50009 0.000158204 0.000158204
0.49958 0.50042 0.000152266 0.000152266
0.49943 0.50057 0.000132914 0.000132914
0.50003 0.49997 0.000130797 0.000130797
0.49996 0.50004 0.000131109 0.000131109
0.49956 0.50044 0.000149158 0.000149158
0.49968 0.50032 0.000147856 0.000147856
0.4993 0.5007 0.000140657 0.000140657
0.49879 0.50121 0.000135359 0.000135359
0.49839 0.50161 0.00013319 0.00013319
0.49825 0.50175 0.000130896 0.000130896
0.49806 0.50194 0.000133916 0.000133916
0.49902 0.50098 0.000135798 0.000135798
0.49918 0.50082 0.000139078 0.000139078
0.49934 0.50066 0.000154631 0.000154631
0.49944 0.50056 0.000150309 0.000150309
0.49934 0.50066 0.00016352 0.00016352
0.49938 0.50062 0.000157389 0.000157389
0.49895 0.50105 0.000161361 0.000161361
0.49919 0.50081 0.000172721 0.000172721
0.49993 0.50007 0.000174955 0.000174955
0.50031 0.49969 0.000166923 0.000166923
0.50012 0.49988 0.000159541 0.000159541
0.49948 0.50052 0.000144474 0.000144474
0.49954 0.50046 0.000150817 0.000150817
0.49955 0.50045 0.000159644 0.000159644
0.49973 0.50027 0.000166684 0.000166684
0.49943 0.50057 0.000177338 0.000177338
0.4999 0.5001 0.000181283 0.000181283
0.49919 0.50081 0.000177893 0.000177893
0.5 0.5 0.000178465 0.000178465
0.49983 0.50017 0.000181961 0.000181961
0.49996 0.50004 0.000172705 0.000172705
0.49972 0.50028 0.000177658 0.000177658
0.49954 0.50046 0.000183322 0.000183322
0.49962 0.50038 0.000179147 0.000179147
0.49873 0.50127 0.000182724 0.000182724
0.49902 0.50098 0.000193838 0.000193838
0.49917 0.50083 0.000192324 0.000192324
0.49905 0.50095 0.000216876 0.000216876
0.4994 0.5006 0.000219293 0.000219293
0.49935 0.50065 0.000220816 0.000220816
0.49997 0.50003 0.00021809 0.00021809
0.50007 0.49993 0.000209318 0.000209318
0.49947 0.50053 0.000205444 0.000205444
0.4992 0.5008 0.000193576 0.000193576
0.49978 0.50022 0.000192577 0.000192577
0.49987 0.50013 0.000198397 0.000198397
0.50011 0.49989 0.00020725 0.00020725
0.50021 0.49979 0.000220693 0.000220693
0.4997 0.5003 0.000220253 0.000220253
0.50027 0.49973 0.00021727 0.00021727
0.50109 0.49891 0.000215578 0.000215578
0.50181 0.49819 0.000210701 0.000210701
0.50161 0.49839 0.000202907 0.000202907
0.50078 0.49922 0.000205587 0.000205587
0.50103 0.49897 0.000205039 0.000205039
0.50076 0.49924 0.000200386 0.000200386
0.5008 0.4992 0.000190909 0.000190909
0.50069 0.49931 0.000215206 0.000215206
0.50072 0.49928 0.000201032 0.000201032
0.50092 0.49908 0.000184458 0.000184458
0.50068 0.49932 0.00017925 0.00017925
0.50047 0.49953 0.000191989 0.000191989
0.50028 0.49972 0.000200062 0.000200062
0.49995 0.50005 0.000180391 0.000180391
0.49996 0.50004 0.000196261 0.000196261
0.50081 0.49919 0.000194681 0.000194681
0.50061 0.49939 0.000184786 0.000184786
0.50044 0.49956 0.000173885 0.000173885
0.49992 0.50008 0.000188882 0.000188882
0.5 0.5 0.000202909 0.000202909
0.50057 0.49943 0.000189035 0.000189035
0.49955 0.50045 0.000182553 0.000182553
0.49976 0.50024 0.000178386 0.000178386
0.49971 0.50029 0.000178814 0.000178814
0.49963 0.50037 0.000169387 0.000169387
0.49926 0.50074 0.0001808 0.0001808
0.49998 0.50002 0.000199111 0.000199111
0.50034 0.49966 0.000205823 0.000205823
0.50087 0.49913 0.000203448 0.000203448
0.50121 0.49879 0.000177663 0.000177663
0.50124 0.49876 0.000177336 0.000177336
0.50173 0.49827 0.000180866 0.000180866
0.50177 0.49823 0.000191815 0.000191815
0.50207 0.49793 0.000181399 0.000181399
0.50213 0.49787 0.000188579 0.000188579
0.50195 0.49805 0.000210472 0.000210472
0.50135 0.49865 0.000185482 0.000185482
0.50126 0.49874 0.000190901 0.000190901
0.50141 0.49859 0.000215376 0.000215376
0.50135 0.49865 0.000201482 0.000201482
0.50215 0.49785 0.000221745 0.000221745
0.50136 0.49864 0.000227041 0.000227041
0.50163 0.49837 0.000217367 0.000217367
0.50165 0.49835 0.000198533 0.000198533
0.50114 0.49886 0.000210243 0.000210243
0.50099 0.49901 0.000235828 0.000235828
0.50083 0.49917 0.000212244 0.000212244
0.50128 0.49872 0.000208769 0.000208769
0.50049 0.49951 0.000214273 0.000214273
0.50055 0.49945 0.000215341 0.000215341
0.5009 0.4991 0.000211202 0.000211202
0.50045 0.49955 0.000214614 0.000214614
0.50065 0.49935 0.000203684 0.000203684
0.50008 0.49992 0.000203549 0.000203549
0.49975 0.50025 0.000213523 0.000213523
0.50068 0.49932 0.000210785 0.000210785
0.50041 0.49959 0.000219679 0.000219679
0.50103 0.49897 0.000213726 0.000213726
0.50077 0.49923 0.000223068 0.000223068
0.50104 0.49896 0.000209675 0.000209675
0.50082 0.49918 0.000226331 0.000226331
0.50097 0.49903 0.000211201 0.000211201
0.50085 0.49915 0.000217078 0.000217078
0.50088 0.49912 0.000230066 0.000230066
0.50054 0.49946 0.00021918 0.00021918
0.50009 0.49991 0.000216931 0.000216931
0.49996 0.50004 0.000229413 0.000229413
0.49971 0.50029 0.000233299 0.000233299
0.50041 0.49959 0.000245881 0.000245881
0.5003 0.4997 0.000263444 0.000263444
0.50017 0.49983 0.000275375 0.000275375
0.49996 0.50004 0.00024614 0.00024614
0.49976 0.50024 0.00022477 0.00022477
0.50012 0.49988 0.000226511 0.000226511
0.50025 0.49975 0.000235826 0.000235826
0.5002 0.4998 0.000213939 0.000213939
0.50036 0.49964 0.000218253 0.000218253
0.50106 0.49894 0.000190299 0.000190299
0.50084 0.49916 0.000200095 0.000200095
0.50033 0.49967 0.000206486 0.000206486
0.50111 0.49889 0.000193432 0.000193432
0.50121 0.49879 0.000197743 0.000197743
0.50104 0.49896 0.000207049 0.000207049
0.50134 0.49866 0.000211479 0.000211479
0.50138 0.49862 0.000208662 0.000208662
0.50105 0.49895 0.000207664 0.000207664
0.50048 0.49952 0.000220555 0.000220555
0.50087 0.49913 0.000206821 0.000206821
0.5002 0.4998 0.000209515 0.000209515
0.5004 0.4996 0.000197616 0.000197616
0.50008 0.49992 0.000194963 0.000194963
0.50023 0.49977 0.00021727 0.00021727
0.49997 0.50003 0.000214474 0.000214474
0.49989 0.50011 0.000211351 0.000211351
0.49934 0.50066 0.000220752 0.000220752
0.50004 0.49996 0.000224039 0.000224039
0.50006 0.49994 0.000206097 0.000206097
0.50008 0.49992 0.000211832 0.000211832
0.49965 0.50035 0.000198008 0.000198008
0.49893 0.50107 0.000210025 0.000210025
0.49891 0.50109 0.000220042 0.000220042
0.49889 0.50111 0.000218665 0.000218665
0.49921 0.50079 0.000218895 0.000218895
0.49894 0.50106 0.000229249 0.000229249
0.49948 0.50052 0.000221121 0.000221121
0.49948 0.50052 0.000213848 0.000213848
0.49924 0.50076 0.000210164 0.000210164
0.49906 0.50094 0.000203411 0.000203411
0.49949 0.50051 0.000219505 0.000219505
0.49963 0.50037 0.000212417 0.000212417
0.49995 0.50005 0.000221301 0.000221301
0.50017 0.49983 0.000210021 0.000210021
0.49974 0.50026 0.000206033 0.000206033
0.49998 0.50002 0.000211252 0.000211252
0.50021 0.49979 0.000220733 0.000220733
0.5006 0.4994 0.000203172 0.000203172
0.50036 0.49964 0.000197909 0.000197909
0.49949 0.50051 0.000209545 0.000209545
0.49934 0.50066 0.000209338 0.000209338
0.49971 0.50029 0.000212733 0.000212733
0.49955 0.50045 0.000206008 0.000206008
0.49999 0.50001 0.000191949 0.000191949
0.49982 0.50018 0.000184674 0.000184674
0.49923 0.50077 0.000178179 0.000178179
0.4992 0.5008 0.000174384 0.000174384
0.49935 0.50065 0.000190452 0.000190452
0.50044 0.49956 0.000197299 0.000197299
0.50057 0.49943 0.000200833 0.000200833
0.50025 0.49975 0.000187664 0.000187664
0.5005 0.4995 0.000182919 0.000182919
0.50098 0.49902 0.000195091 0.000195091
0.50111 0.49889 0.000203331 0.000203331
0.50143 0.49857 0.000214874 0.000214874
0.50077 0.49923 0.00019733 0.00019733
0.50078 0.49922 0.00020387 0.00020387
0.50084 0.49916 0.00021159 0.00021159
0.50032 0.49968 0.000232583 0.000232583
0.50052 0.49948 0.000237101 0.000237101
0.50062 0.49938 0.000239288 0.000239288
0.50072 0.49928 0.000222446 0.000222446
0.50042 0.49958 0.000231297 0.000231297
0.50034 0.49966 0.000234227 0.000234227
0.50083 0.49917 0.000233839 0.000233839
0.50123 0.49877 0.000214341 0.000214341
0.50073 0.49927 0.00021331 0.00021331
0.50035 0.49965 0.000249381 0.000249381
0.50041 0.49959 0.000247881 0.000247881
0.50054 0.49946 0.00023116 0.00023116
0.50136 0.49864 0.000213606 0.000213606
0.50119 0.49881 0.00021361 0.00021361
0.50134 0.49866 0.00021758 0.00021758
0.50182 0.49818 0.000223644 0.000223644
0.50146 0.49854 0.000236776 0.000236776
0.50123 0.49877 0.000246866 0.000246866
0.50111 0.49889 0.000267594 0.000267594
0.50099 0.49901 0.000265343 0.000265343
0.50132 0.49868 0.000259836 0.000259836
0.50116 0.49884 0.000252823 0.000252823
0.50124 0.49876 0.000234709 0.000234709
0.50144 0.49856 0.000228431 0.000228431
0.50193 0.49807 0.000218369 0.000218369
0.50202 0.49798 0.000212464 0.000212464
0.50173 0.49827 0.000191654 0.000191654
0.50131 0.49869 0.000183792 0.000183792
0.50081 0.49919 0.000193974 0.000193974
0.50073 0.49927 0.000188381 0.000188381
0.50089 0.49911 0.000177755 0.000177755
0.50085 0.49915 0.000172068 0.000172068
0.50079 0.49921 0.000201117 0.000201117
0.50087 0.49913 0.000196296 0.000196296
0.5011 0.4989 0.000189848 0.000189848
0.50052 0.49948 0.000193969 0.000193969
0.50069 0.49931 0.00018258 0.00018258
0.50086 0.49914 0.000184041 0.000184041
0.50089 0.49911 0.000187856 0.000187856
0.50112 0.49888 0.000176632 0.000176632
0.50099 0.49901 0.000181586 0.000181586
0.50095 0.49905 0.000167402 0.000167402
0.50092 0.49908 0.000185771 0.000185771
0.5004 0.4996 0.000176808 0.000176808
0.49993 0.50007 0.000176369 0.000176369
0.50068 0.49932 0.000185553 0.000185553
0.50127 0.49873 0.000192805 0.000192805
0.50091 0.49909 0.000174103 0.000174103
0.50104 0.49896 0.000197594 0.000197594
0.50085 0.49915 0.000200593 0.000200593
0.50053 0.49947 0.00018609 0.00018609
0.50137 0.49863 0.00016369 0.00016369
0.50162 0.49838 0.000177834 0.000177834
0.50155 0.49845 0.000168068 0.000168068
0.50116 0.49884 0.000158863 0.000158863
0.50177 0.49823 0.000176502 0.000176502
0.50191 0.49809 0.000174224 0.000174224
0.50193 0.49807 0.000157399 0.000157399
0.50145 0.49855 0.000159482 0.000159482
0.50143 0.49857 0.000163965 0.000163965
0.50138 0.49862 0.000161713 0.000161713
0.50134 0.49866 0.000162489 0.000162489
0.5011 0.4989 0.000167081 0.000167081
0.50091 0.49909 0.000158002 0.000158002
0.5008 0.4992 0.000174182 0.000174182
0.5007 0.4993 0.000173667 0.000173667
0.50061 0.49939 0.000179695 0.000179695
0.5009 0.4991 0.000175586 0.000175586
0.50091 0.49909 0.000176022 0.000176022
0.50123 0.49877 0.000184583 0.000184583
0.50122 0.49878 0.000179163 0.000179163
0.50163 0.49837 0.000174902 0.000174902
0.50122 0.49878 0.000186699 0.000186699
0.50095 0.49905 0.000183684 0.000183684
0.50041 0.49959 0.000174002 0.000174002
0.5009 0.4991 0.000159687 0.000159687
0.50067 0.49933 0.000154749 0.000154749
0.50114 0.49886 0.000158869 0.000158869
0.50117 0.49883 0.000161961 0.000161961
0.50109 0.49891 0.000149537 0.000149537
0.50106 0.49894 0.000156037 0.000156037
0.5007 0.4993 0.000164172 0.000164172
0.50059 0.49941 0.000159962 0.000159962
0.50046 0.49954 0.000159564 0.000159564
0.50048 0.49952 0.000155929 0.000155929
0.50038 0.49962 0.000167996 0.000167996
0.50006 0.49994 0.000181532 0.000181532
0.49983 0.50017 0.00017487 0.00017487
0.49969 0.50031 0.000165529 0.000165529
0.4997 0.5003 0.000169303 0.000169303
0.49961 0.50039 0.000162058 0.000162058
0.50003 0.49997 0.000175666 0.000175666
0.49997 0.50003 0.000174029 0.000174029
0.50043 0.49957 0.000184187 0.000184187
0.50088 0.49912 0.000174672 0.000174672
0.50096 0.49904 0.00018517 0.00018517
0.50106 0.49894 0.000184784 0.000184784
0.50101 0.49899 0.000181949 0.000181949
0.50136 0.49864 0.000178455 0.000178455
0.50096 0.49904 0.000185231 0.000185231
0.50081 0.49919 0.000197004 0.000197004
0.50091 0.49909 0.000183861 0.000183861
0.50046 0.49954 0.000179443 0.000179443
0.50011 0.49989 0.000179877 0.000179877
0.50027 0.49973 0.000181613 0.000181613
0.50014 0.49986 0.000190667 0.000190667
0.50007 0.49993 0.000196652 0.000196652
0.49987 0.50013 0.000195993 0.000195993
0.50023 0.49977 0.000189936 0.000189936
0.50028 0.49972 0.000200688 0.000200688
0.50077 0.49923 0.000212401 0.000212401
0.50051 0.49949 0.000216414 0.000216414
0.49998 0.50002 0.000217232 0.000217232
0.5001 0.4999 0.000217788 0.000217788
0.50004 0.49996 0.000201312 0.000201312
