0.49959 0.50041 0.00225936 0.00225936
0.50041 0.49959 0.00827885 0.00827885
0.50095 0.49905 0.0169569 0.0169569
0.50006 0.49994 0.0273428 0.0273428
0.49924 0.50076 0.0389135 0.0389135
0.49865 0.50135 0.0502021 0.0502021
0.49859 0.50141 0.062195 0.062195
0.49817 0.50183 0.0738926 0.0738926
0.49894 0.50106 0.0851487 0.0851487
0.49961 0.50039 0.0961164 0.0961164
0.49941 0.50059 0.106658 0.106658
0.4993 0.5007 0.116621 0.116621
0.49941 0.50059 0.126111 0.126111
0.4996 0.5004 0.1343 0.1343
0.49966 0.50034 0.142378 0.142378
0.49974 0.50026 0.149779 0.149779
0.49961 0.50039 0.156337 0.156337
0.49909 0.50091 0.162923 0.162923
0.4994 0.5006 0.168975 0.168975
0.49974 0.50026 0.174532 0.174532
0.5003 0.4997 0.179499 0.179499
0.49989 0.50011 0.183583 0.183583
0.50008 0.49992 0.187577 0.187577
0.50026 0.49974 0.191529 0.191529
0.50035 0.49965 0.194999 0.194999
0.49994 0.50006 0.198347 0.198347
0.50011 0.49989 0.201396 0.201396
0.49965 0.50035 0.203919 0.203919
0.4998 0.5002 0.206209 0.206209
0.4996 0.5004 0.208307 0.208307
0.49972 0.50028 0.210197 0.210197
0.4998 0.5002 0.211789 0.211789
0.4999 0.5001 0.213367 0.213367
0.49995 0.50005 0.214639 0.214639
0.50008 0.49992 0.215755 0.215755
0.49997 0.50003 0.216814 0.216814
0.49987 0.50013 0.217925 0.217925
0.4999 0.5001 0.218815 0.218815
0.49966 0.50034 0.219751 0.219751
0.49948 0.50052 0.220548 0.220548
0.49963 0.50037 0.221247 0.221247
0.49965 0.50035 0.221876 0.221876
0.49959 0.50041 0.222562 0.222562
0.49955 0.50045 0.223047 0.223047
0.49934 0.50066 0.223565 0.223565
0.49948 0.50052 0.224044 0.224044
0.49942 0.50058 0.224385 0.224385
0.49932 0.50068 0.224709 0.224709
0.49928 0.50072 0.225003 0.225003
0.49931 0.50069 0.225338 0.225338
0.49922 0.50078 0.225631 0.225631
0.49942 0.50058 0.225781 0.225781
0.49946 0.50054 0.226004 0.226004
0.4995 0.5005 0.226173 0.226173
0.49962 0.50038 0.226384 0.226384
0.49972 0.50028 0.226478 0.226478
0.49966 0.50034 0.226578 0.226578
0.49969 0.50031 0.226698 0.226698
0.49952 0.50048 0.226913 0.226913
0.49952 0.50048 0.227063 0.227063
0.49943 0.50057 0.22714 0.22714
0.49943 0.50057 0.227259 0.227259
0.49939 0.50061 0.227364 0.227364
0.49914 0.50086 0.227442 0.227442
0.49903 0.50097 0.227519 0.227519
0.49894 0.50106 0.227619 0.227619
0.49884 0.50116 0.227735 0.227735
0.49877 0.50123 0.227764 0.227764
0.49874 0.50126 0.227864 0.227864
0.49879 0.50121 0.227898 0.227898
0.49896 0.50104 0.227935 0.227935
0.49893 0.50107 0.227961 0.227961
0.49878 0.50122 0.22804 0.22804
0.49876 0.50124 0.228113 0.228113
0.49889 0.50111 0.228164 0.228164
0.49902 0.50098 0.228229 0.228229
0.49887 0.50113 0.228287 0.228287
0.49877 0.50123 0.228361 0.228361
0.49861 0.50139 0.228432 0.228432
0.49857 0.50143 0.22845 0.22845
0.49856 0.50144 0.228518 0.228518
0.49845 0.50155 0.228583 0.228583
0.49841 0.50159 0.228641 0.228641
0.49842 0.50158 0.228666 0.228666
0.49841 0.50159 0.228721 0.228721
0.49849 0.50151 0.228778 0.228778
0.49852 0.50148 0.228798 0.228798
0.49852 0.50148 0.228866 0.228866
0.49839 0.50161 0.228931 0.228931
0.4985 0.5015 0.228998 0.228998
0.49844 0.50156 0.229039 0.229039
0.49844 0.50156 0.229082 0.229082
0.49843 0.50157 0.229141 0.229141
0.49826 0.50174 0.229209 0.229209
0.49812 0.50188 0.229277 0.229277
0.49819 0.50181 0.229338 0.229338
0.49815 0.50185 0.229399 0.229399
0.49817 0.50183 0.229507 0.229507
0.49819 0.50181 0.229537 0.229537
0.49815 0.50185 0.229646 0.229646
0.49827 0.50173 0.229689 0.229689
0.49814 0.50186 0.229739 0.229739
0.49815 0.50185 0.229791 0.229791
0.49809 0.50191 0.229856 0.229856
0.49813 0.50187 0.229911 0.229911
0.49809 0.50191 0.229992 0.229992
0.49805 0.50195 0.230084 0.230084
0.49796 0.50204 0.230205 0.230205
0.49793 0.50207 0.230296 0.230296
0.49786 0.50214 0.230399 0.230399
0.49776 0.50224 0.230494 0.230494
0.49784 0.50216 0.230614 0.230614
0.49777 0.50223 0.230678 0.230678
0.49756 0.50244 0.230841 0.230841
0.49756 0.50244 0.230953 0.230953
0.49758 0.50242 0.231014 0.231014
0.49746 0.50254 0.231124 0.231124
0.4974 0.5026 0.231247 0.231247
0.49729 0.50271 0.231311 0.231311
0.49719 0.50281 0.231406 0.231406
0.49703 0.50297 0.231542 0.231542
0.49706 0.50294 0.231594 0.231594
0.4971 0.5029 0.231708 0.231708
0.49712 0.50288 0.231861 0.231861
0.49702 0.50298 0.231938 0.231938
0.49691 0.50309 0.232035 0.232035
0.49685 0.50315 0.232146 0.232146
0.49686 0.50314 0.232201 0.232201
0.49673 0.50327 0.232282 0.232282
0.49662 0.50338 0.232409 0.232409
0.49645 0.50355 0.232519 0.232519
0.49639 0.50361 0.232637 0.232637
0.49635 0.50365 0.232722 0.232722
0.49632 0.50368 0.232886 0.232886
0.49628 0.50372 0.233023 0.233023
0.49626 0.50374 0.233159 0.233159
0.49629 0.50371 0.233245 0.233245
0.49619 0.50381 0.233414 0.233414
0.4961 0.5039 0.233544 0.233544
0.49589 0.50411 0.233692 0.233692
0.49591 0.50409 0.233841 0.233841
0.49578 0.50422 0.234002 0.234002
0.49582 0.50418 0.234088 0.234088
0.49566 0.50434 0.234177 0.234177
0.4957 0.5043 0.234282 0.234282
0.49559 0.50441 0.234416 0.234416
0.49547 0.50453 0.234595 0.234595
0.49543 0.50457 0.23471 0.23471
0.49529 0.50471 0.234894 0.234894
0.49517 0.50483 0.234996 0.234996
0.495 0.505 0.235122 0.235122
0.49482 0.50518 0.235249 0.235249
0.49474 0.50526 0.235342 0.235342
0.49476 0.50524 0.235442 0.235442
0.49474 0.50526 0.235559 0.235559
0.4947 0.5053 0.235716 0.235716
0.49456 0.50544 0.235795 0.235795
0.49444 0.50556 0.235962 0.235962
0.49434 0.50566 0.236091 0.236091
0.49433 0.50567 0.236216 0.236216
0.49422 0.50578 0.236376 0.236376
0.49406 0.50594 0.236522 0.236522
0.49398 0.50602 0.236659 0.236659
0.49384 0.50616 0.236856 0.236856
0.49387 0.50613 0.236956 0.236956
0.49378 0.50622 0.237081 0.237081
0.49375 0.50625 0.237177 0.237177
0.49368 0.50632 0.237331 0.237331
0.49344 0.50656 0.237458 0.237458
0.49331 0.50669 0.237578 0.237578
0.49316 0.50684 0.237751 0.237751
0.49313 0.50687 0.237862 0.237862
0.49315 0.50685 0.238051 0.238051
0.4931 0.5069 0.238142 0.238142
0.493 0.507 0.238266 0.238266
0.49299 0.50701 0.238386 0.238386
0.49297 0.50703 0.238486 0.238486
0.49285 0.50715 0.238605 0.238605
0.49267 0.50733 0.238752 0.238752
0.49249 0.50751 0.238859 0.238859
0.49243 0.50757 0.239002 0.239002
0.49232 0.50768 0.239144 0.239144
0.49229 0.50771 0.239298 0.239298
0.49232 0.50768 0.239407 0.239407
0.49225 0.50775 0.239495 0.239495
0.49224 0.50776 0.239596 0.239596
0.49221 0.50779 0.239684 0.239684
0.49213 0.50787 0.239763 0.239763
0.49209 0.50791 0.239887 0.239887
0.49206 0.50794 0.239973 0.239973
0.49202 0.50798 0.240092 0.240092
0.49194 0.50806 0.240234 0.240234
0.49193 0.50807 0.240286 0.240286
0.49195 0.50805 0.240378 0.240378
0.4919 0.5081 0.240443 0.240443
0.49195 0.50805 0.240522 0.240522
0.49184 0.50816 0.240595 0.240595
0.49188 0.50812 0.240652 0.240652
0.49188 0.50812 0.240673 0.240673
0.49183 0.50817 0.240753 0.240753
0.4917 0.5083 0.240852 0.240852
0.49163 0.50837 0.240967 0.240967
0.49157 0.50843 0.241041 0.241041
0.4915 0.5085 0.241135 0.241135
0.49157 0.50843 0.241189 0.241189
0.4916 0.5084 0.241232 0.241232
0.49155 0.50845 0.241291 0.241291
0.49151 0.50849 0.24136 0.24136
0.49148 0.50852 0.241433 0.241433
0.49148 0.50852 0.241476 0.241476
0.49145 0.50855 0.241521 0.241521
0.49142 0.50858 0.24156 0.24156
0.49138 0.50862 0.241639 0.241639
0.49129 0.50871 0.241699 0.241699
0.49126 0.50874 0.241765 0.241765
0.49123 0.50877 0.241832 0.241832
0.49118 0.50882 0.241872 0.241872
0.49113 0.50887 0.241923 0.241923
0.49113 0.50887 0.241931 0.241931
0.4911 0.5089 0.242 0.242
0.49104 0.50896 0.242065 0.242065
0.4911 0.5089 0.242081 0.242081
0.4911 0.5089 0.242104 0.242104
0.49101 0.50899 0.242137 0.242137
0.49105 0.50895 0.242142 0.242142
0.49105 0.50895 0.242172 0.242172
0.49105 0.50895 0.242191 0.242191
0.49105 0.50895 0.242215 0.242215
0.49096 0.50904 0.24224 0.24224
0.491 0.509 0.242279 0.242279
0.491 0.509 0.242282 0.242282
0.49102 0.50898 0.242292 0.242292
0.49099 0.50901 0.242303 0.242303
0.49102 0.50898 0.242317 0.242317
0.49095 0.50905 0.242328 0.242328
0.49098 0.50902 0.242345 0.242345
0.49094 0.50906 0.242347 0.242347
0.491 0.509 0.242389 0.242389
0.49101 0.50899 0.242407 0.242407
0.49103 0.50897 0.242445 0.242445
0.49097 0.50903 0.24245 0.24245
0.49102 0.50898 0.242472 0.242472
0.491 0.509 0.242474 0.242474
0.49107 0.50893 0.242487 0.242487
0.49105 0.50895 0.242477 0.242477
0.49109 0.50891 0.242502 0.242502
0.49108 0.50892 0.242524 0.242524
0.49108 0.50892 0.242542 0.242542
0.49107 0.50893 0.242552 0.242552
0.49114 0.50886 0.242561 0.242561
0.49114 0.50886 0.24256 0.24256
0.49115 0.50885 0.242575 0.242575
0.49121 0.50879 0.242599 0.242599
0.49118 0.50882 0.242613 0.242613
0.49123 0.50877 0.242649 0.242649
0.49122 0.50878 0.242669 0.242669
0.49126 0.50874 0.242686 0.242686
0.49124 0.50876 0.242702 0.242702
0.49137 0.50863 0.242728 0.242728
0.49136 0.50864 0.242735 0.242735
0.49131 0.50869 0.242736 0.242736
0.49138 0.50862 0.24277 0.24277
0.49141 0.50859 0.242796 0.242796
0.49138 0.50862 0.24281 0.24281
0.49138 0.50862 0.242832 0.242832
0.49144 0.50856 0.242846 0.242846
0.49146 0.50854 0.242854 0.242854
0.49152 0.50848 0.242859 0.242859
0.49158 0.50842 0.24286 0.24286
0.49154 0.50846 0.242863 0.242863
0.49162 0.50838 0.242893 0.242893
0.4917 0.5083 0.242923 0.242923
0.49167 0.50833 0.242918 0.242918
0.49173 0.50827 0.242936 0.242936
0.49171 0.50829 0.242953 0.242953
0.49179 0.50821 0.242972 0.242972
0.49183 0.50817 0.243009 0.243009
0.49193 0.50807 0.243042 0.243042
0.49192 0.50808 0.243086 0.243086
0.49194 0.50806 0.243111 0.243111
0.49192 0.50808 0.243146 0.243146
0.49204 0.50796 0.243184 0.243184
0.492 0.508 0.243192 0.243192
0.49201 0.50799 0.24319 0.24319
0.49208 0.50792 0.24323 0.24323
0.49209 0.50791 0.243272 0.243272
0.49215 0.50785 0.243289 0.243289
0.49226 0.50774 0.243356 0.243356
0.49229 0.50771 0.243358 0.243358
0.49228 0.50772 0.243363 0.243363
0.49236 0.50764 0.243404 0.243404
0.4924 0.5076 0.243447 0.243447
0.49239 0.50761 0.243461 0.243461
0.49245 0.50755 0.243508 0.243508
0.49243 0.50757 0.24351 0.24351
0.49241 0.50759 0.24353 0.24353
0.49249 0.50751 0.243545 0.243545
0.4925 0.5075 0.243564 0.243564
0.49256 0.50744 0.243583 0.243583
0.49248 0.50752 0.2436 0.2436
0.4925 0.5075 0.243625 0.243625
0.49249 0.50751 0.243656 0.243656
0.4925 0.5075 0.243661 0.243661
0.49255 0.50745 0.243673 0.243673
0.4926 0.5074 0.243702 0.243702
0.4926 0.5074 0.243752 0.243752
0.49268 0.50732 0.243774 0.243774
0.49271 0.50729 0.243801 0.243801
0.49275 0.50725 0.243833 0.243833
0.49281 0.50719 0.243902 0.243902
0.49282 0.50718 0.24393 0.24393
0.49286 0.50714 0.243994 0.243994
0.49296 0.50704 0.244034 0.244034
0.493 0.507 0.244076 0.244076
0.49307 0.50693 0.244115 0.244115
0.49312 0.50688 0.244187 0.244187
0.4932 0.5068 0.244243 0.244243
0.49325 0.50675 0.244281 0.244281
0.49327 0.50673 0.244316 0.244316
0.49326 0.50674 0.244329 0.244329
0.49325 0.50675 0.244337 0.244337
0.49326 0.50674 0.244379 0.244379
0.49331 0.50669 0.24442 0.24442
0.49332 0.50668 0.244458 0.244458
0.49332 0.50668 0.244499 0.244499
0.49332 0.50668 0.244571 0.244571
0.4933 0.5067 0.244586 0.244586
0.49331 0.50669 0.244603 0.244603
0.49337 0.50663 0.244649 0.244649
0.49342 0.50658 0.244725 0.244725
0.4935 0.5065 0.244796 0.244796
0.49356 0.50644 0.244871 0.244871
0.49353 0.50647 0.244914 0.244914
0.49359 0.50641 0.245037 0.245037
0.49359 0.50641 0.245081 0.245081
0.49367 0.50633 0.24513 0.24513
0.49369 0.50631 0.245188 0.245188
0.49377 0.50623 0.245244 0.245244
0.49384 0.50616 0.245346 0.245346
0.49388 0.50612 0.245398 0.245398
0.49395 0.50605 0.245488 0.245488
0.49399 0.50601 0.24552 0.24552
0.49398 0.50602 0.245575 0.245575
0.49398 0.50602 0.245623 0.245623
0.49402 0.50598 0.245699 0.245699
0.49402 0.50598 0.245728 0.245728
0.49413 0.50587 0.245821 0.245821
0.49413 0.50587 0.245885 0.245885
0.49423 0.50577 0.245959 0.245959
0.49429 0.50571 0.245994 0.245994
0.49428 0.50572 0.246045 0.246045
0.49433 0.50567 0.246128 0.246128
0.49439 0.50561 0.246239 0.246239
0.49443 0.50557 0.246309 0.246309
0.49453 0.50547 0.246404 0.246404
0.49466 0.50534 0.246495 0.246495
0.49473 0.50527 0.246591 0.246591
0.49474 0.50526 0.246656 0.246656
0.49474 0.50526 0.246734 0.246734
0.49477 0.50523 0.246816 0.246816
0.49481 0.50519 0.246871 0.246871
0.49484 0.50516 0.24693 0.24693
0.49492 0.50508 0.246997 0.246997
0.495 0.505 0.247108 0.247108
0.49504 0.50496 0.247151 0.247151
0.49507 0.50493 0.247241 0.247241
0.49512 0.50488 0.24729 0.24729
0.49523 0.50477 0.247377 0.247377
0.49526 0.50474 0.247481 0.247481
0.49533 0.50467 0.247564 0.247564
0.49541 0.50459 0.247633 0.247633
0.49542 0.50458 0.24769 0.24769
0.49551 0.50449 0.247809 0.247809
0.49553 0.50447 0.247887 0.247887
0.49561 0.50439 0.247981 0.247981
0.49568 0.50432 0.248088 0.248088
0.49572 0.50428 0.248152 0.248152
0.49579 0.50421 0.248259 0.248259
0.49587 0.50413 0.248325 0.248325
0.49592 0.50408 0.248404 0.248404
0.49599 0.50401 0.248485 0.248485
0.49609 0.50391 0.248553 0.248553
0.49617 0.50383 0.24865 0.24865
0.49624 0.50376 0.24876 0.24876
0.49633 0.50367 0.248845 0.248845
0.49638 0.50362 0.248921 0.248921
0.49644 0.50356 0.248985 0.248985
0.4965 0.5035 0.249055 0.249055
0.4966 0.5034 0.249133 0.249133
0.49663 0.50337 0.249186 0.249186
0.49669 0.50331 0.249265 0.249265
0.49672 0.50328 0.249314 0.249314
0.49676 0.50324 0.249365 0.249365
0.49684 0.50316 0.249461 0.249461
0.49687 0.50313 0.249518 0.249518
0.49697 0.50303 0.24962 0.24962
0.49702 0.50298 0.249659 0.249659
0.49704 0.50296 0.249708 0.249708
0.49707 0.50293 0.249765 0.249765
0.49713 0.50287 0.249829 0.249829
0.49719 0.50281 0.249889 0.249889
0.49725 0.50275 0.249956 0.249956
0.49735 0.50265 0.250034 0.250034
0.49743 0.50257 0.250106 0.250106
0.49748 0.50252 0.25016 0.25016
0.49757 0.50243 0.250231 0.250231
0.49763 0.50237 0.250272 0.250272
0.49767 0.50233 0.250324 0.250324
0.49775 0.50225 0.25039 0.25039
0.49783 0.50217 0.25045 0.25045
0.49786 0.50214 0.250477 0.250477
0.4979 0.5021 0.250547 0.250547
0.49794 0.50206 0.250585 0.250585
0.49802 0.50198 0.250666 0.250666
0.49808 0.50192 0.250714 0.250714
0.4981 0.5019 0.250728 0.250728
0.49814 0.50186 0.250759 0.250759
0.49818 0.50182 0.250789 0.250789
0.49823 0.50177 0.250844 0.250844
0.49829 0.50171 0.250892 0.250892
0.4984 0.5016 0.250992 0.250992
0.49848 0.50152 0.251058 0.251058
0.49849 0.50151 0.251064 0.251064
0.49857 0.50143 0.251131 0.251131
0.49867 0.50133 0.251214 0.251214
0.4987 0.5013 0.251238 0.251238
0.49875 0.50125 0.251279 0.251279
0.49881 0.50119 0.251331 0.251331
0.49881 0.50119 0.251332 0.251332
0.49885 0.50115 0.251368 0.251368
0.49891 0.50109 0.251418 0.251418
0.49897 0.50103 0.251492 0.251492
0.49902 0.50098 0.251534 0.251534
0.49905 0.50095 0.251559 0.251559
0.4991 0.5009 0.251603 0.251603
0.49912 0.50088 0.25162 0.25162
0.49914 0.50086 0.251655 0.251655
0.49916 0.50084 0.251673 0.251673
0.49922 0.50078 0.251727 0.251727
0.49926 0.50074 0.251762 0.251762
0.49931 0.50069 0.251808 0.251808
0.49936 0.50064 0.251853 0.251853
0.49942 0.50058 0.251908 0.251908
0.49944 0.50056 0.251947 0.251947
0.49948 0.50052 0.251984 0.251984
0.4995 0.5005 0.252002 0.252002
0.49951 0.50049 0.252011 0.252011
0.49956 0.50044 0.252057 0.252057
0.49955 0.50045 0.252068 0.252068
0.49958 0.50042 0.252095 0.252095
0.49961 0.50039 0.252124 0.252124
0.49964 0.50036 0.252152 0.252152
0.49965 0.50035 0.252162 0.252162
0.4997 0.5003 0.25221 0.25221
0.49971 0.50029 0.25222 0.25222
0.49972 0.50028 0.252229 0.252229
0.49973 0.50027 0.252239 0.252239
0.49975 0.50025 0.252258 0.252258
0.49976 0.50024 0.252268 0.252268
0.49977 0.50023 0.252277 0.252277
0.49978 0.50022 0.252287 0.252287
0.4998 0.5002 0.252306 0.252306
0.49982 0.50018 0.252326 0.252326
0.49983 0.50017 0.252336 0.252336
0.49984 0.50016 0.252345 0.252345
0.49986 0.50014 0.252365 0.252365
0.49988 0.50012 0.252385 0.252385
0.49988 0.50012 0.252405 0.252405
0.49989 0.50011 0.252415 0.252415
0.4999 0.5001 0.252425 0.252425
0.4999 0.5001 0.252425 0.252425
0.49991 0.50009 0.252435 0.252435
0.49991 0.50009 0.252435 0.252435
0.49991 0.50009 0.252435 0.252435
0.49992 0.50008 0.252445 0.252445
0.49993 0.50007 0.252455 0.252455
0.49994 0.50006 0.252465 0.252465
0.49994 0.50006 0.252465 0.252465
0.49994 0.50006 0.252465 0.252465
0.49994 0.50006 0.252465 0.252465
0.49996 0.50004 0.252485 0.252485
0.49996 0.50004 0.252485 0.252485
0.49996 0.50004 0.252485 0.252485
0.49996 0.50004 0.252485 0.252485
0.49996 0.50004 0.252485 0.252485
0.49996 0.50004 0.252485 0.252485
0.49997 0.50003 0.252495 0.252495
0.49998 0.50002 0.252505 0.252505
0.49998 0.50002 0.252505 0.252505
0.49998 0.50002 0.252505 0.252505
0.49998 0.50002 0.252505 0.252505
0.49998 0.50002 0.252505 0.252505
0.49998 0.50002 0.252505 0.252505
0.49998 0.50002 0.252505 0.252505
0.49998 0.50002 0.252505 0.252505
0.49998 0.50002 0.252505 0.252505
0.49998 0.50002 0.252505 0.252505
0.49998 0.50002 0.252505 0.252505
0.49998 0.50002 0.252505 0.252505
0.49998 0.50002 0.252505 0.252505
