0.49529 0.50471 0.00011237 0.00011237
0.49221 0.50779 0.000347844 0.000347844
0.48794 0.51206 0.000665734 0.000665734
0.48471 0.51529 0.00102496 0.00102496
0.48248 0.51752 0.0013886 0.0013886
0.48097 0.51903 0.0017506 0.0017506
0.48026 0.51974 0.00214749 0.00214749
0.47898 0.52102 0.00257067 0.00257067
0.47734 0.52266 0.00294259 0.00294259
0.47616 0.52384 0.00322814 0.00322814
0.4746 0.5254 0.0034976 0.0034976
0.47381 0.52619 0.00375822 0.00375822
0.47311 0.52689 0.00398832 0.00398832
0.47213 0.52787 0.00425989 0.00425989
0.47152 0.52848 0.00453011 0.00453011
0.47073 0.52927 0.00469151 0.00469151
0.46989 0.53011 0.00488206 0.00488206
0.46955 0.53045 0.00504187 0.00504187
0.46894 0.53106 0.00521072 0.00521072
0.46846 0.53154 0.00536785 0.00536785
0.46785 0.53215 0.00559817 0.00559817
0.46707 0.53293 0.00568372 0.00568372
0.46673 0.53327 0.00575624 0.00575624
0.46618 0.53382 0.00587059 0.00587059
0.46575 0.53425 0.00597673 0.00597673
0.46548 0.53452 0.00607155 0.00607155
0.46512 0.53488 0.00615496 0.00615496
0.46504 0.53496 0.00629648 0.00629648
0.46487 0.53513 0.00640028 0.00640028
0.46458 0.53542 0.00646459 0.00646459
0.46425 0.53575 0.00656716 0.00656716
0.46392 0.53608 0.00669161 0.00669161
0.46431 0.53569 0.00677937 0.00677937
0.46406 0.53594 0.00681994 0.00681994
0.46388 0.53612 0.00687104 0.00687104
0.46399 0.53601 0.00694223 0.00694223
0.46384 0.53616 0.0070283 0.0070283
0.46354 0.53646 0.00709686 0.00709686
0.46341 0.53659 0.00711687 0.00711687
0.46317 0.53683 0.00715618 0.00715618
0.46311 0.53689 0.00723929 0.00723929
0.46307 0.53693 0.0072857 0.0072857
0.46311 0.53689 0.00730159 0.00730159
0.46296 0.53704 0.0073297 0.0073297
0.46301 0.53699 0.00733322 0.00733322
0.46307 0.53693 0.00732481 0.00732481
0.46307 0.53693 0.0073379 0.0073379
0.46317 0.53683 0.00736618 0.00736618
0.46313 0.53687 0.00738151 0.00738151
0.46309 0.53691 0.00739566 0.00739566
0.46322 0.53678 0.00740955 0.00740955
0.46315 0.53685 0.00743465 0.00743465
0.46297 0.53703 0.00746411 0.00746411
0.46297 0.53703 0.00745179 0.00745179
0.46294 0.53706 0.0074627 0.0074627
0.46288 0.53712 0.00748025 0.00748025
0.46301 0.53699 0.00752276 0.00752276
0.46294 0.53706 0.00752048 0.00752048
0.46277 0.53723 0.00753604 0.00753604
0.46272 0.53728 0.00754719 0.00754719
0.46265 0.53735 0.0075317 0.0075317
0.46264 0.53736 0.00752682 0.00752682
0.46261 0.53739 0.0075267 0.0075267
0.46276 0.53724 0.00754552 0.00754552
0.46286 0.53714 0.0075515 0.0075515
0.46282 0.53718 0.00755015 0.00755015
0.46271 0.53729 0.00756498 0.00756498
0.46268 0.53732 0.00755903 0.00755903
0.46262 0.53738 0.00756351 0.00756351
0.46267 0.53733 0.00755851 0.00755851
0.46265 0.53735 0.00757671 0.00757671
0.46272 0.53728 0.00757723 0.00757723
0.46271 0.53729 0.00756928 0.00756928
0.46259 0.53741 0.00756156 0.00756156
0.4625 0.5375 0.00756831 0.00756831
0.46252 0.53748 0.00757084 0.00757084
0.46252 0.53748 0.00757058 0.00757058
0.46258 0.53742 0.00757756 0.00757756
0.46258 0.53742 0.00759538 0.00759538
0.4626 0.5374 0.00758867 0.00758867
0.46264 0.53736 0.00759256 0.00759256
0.46267 0.53733 0.00758782 0.00758782
0.46259 0.53741 0.00757439 0.00757439
0.46265 0.53735 0.00758554 0.00758554
0.4627 0.5373 0.00757579 0.00757579
0.46271 0.53729 0.00757813 0.00757813
0.46275 0.53725 0.00757956 0.00757956
0.46273 0.53727 0.00757343 0.00757343
0.46274 0.53726 0.00756807 0.00756807
0.46267 0.53733 0.00757053 0.00757053
0.46265 0.53735 0.00758257 0.00758257
0.4626 0.5374 0.00758992 0.00758992
0.46262 0.53738 0.00758757 0.00758757
0.46254 0.53746 0.00759548 0.00759548
0.46254 0.53746 0.00760035 0.00760035
0.46252 0.53748 0.0075994 0.0075994
0.46258 0.53742 0.00760067 0.00760067
0.46254 0.53746 0.00759051 0.00759051
0.46253 0.53747 0.00760086 0.00760086
0.46249 0.53751 0.00760676 0.00760676
0.46245 0.53755 0.0076191 0.0076191
0.46243 0.53757 0.00761623 0.00761623
0.46242 0.53758 0.00761718 0.00761718
0.4624 0.5376 0.00761636 0.00761636
0.46233 0.53767 0.0076041 0.0076041
0.46233 0.53767 0.00760299 0.00760299
0.46228 0.53772 0.00759087 0.00759087
0.46226 0.53774 0.00759225 0.00759225
0.46225 0.53775 0.00759888 0.00759888
0.46227 0.53773 0.00760618 0.00760618
0.46223 0.53777 0.00760333 0.00760333
0.46224 0.53776 0.0075981 0.0075981
0.4622 0.5378 0.00760562 0.00760562
0.46218 0.53782 0.00760304 0.00760304
0.46219 0.53781 0.00759432 0.00759432
0.46218 0.53782 0.00759453 0.00759453
0.46215 0.53785 0.00760451 0.00760451
0.46211 0.53789 0.00760757 0.00760757
0.46205 0.53795 0.00760966 0.00760966
0.46206 0.53794 0.00760707 0.00760707
0.46198 0.53802 0.00760689 0.00760689
0.46202 0.53798 0.00761356 0.00761356
0.462 0.538 0.0076137 0.0076137
0.462 0.538 0.00762283 0.00762283
0.46202 0.53798 0.00761988 0.00761988
0.46199 0.53801 0.00761534 0.00761534
0.46206 0.53794 0.00761412 0.00761412
0.46201 0.53799 0.00761223 0.00761223
0.46207 0.53793 0.00761388 0.00761388
0.46208 0.53792 0.00762399 0.00762399
0.46207 0.53793 0.00762823 0.00762823
0.462 0.538 0.00763287 0.00763287
0.46192 0.53808 0.00763395 0.00763395
0.46193 0.53807 0.00763728 0.00763728
0.46192 0.53808 0.00763458 0.00763458
0.46191 0.53809 0.00764049 0.00764049
0.46197 0.53803 0.00763954 0.00763954
0.46193 0.53807 0.00764081 0.00764081
0.46192 0.53808 0.00764397 0.00764397
0.46188 0.53812 0.0076495 0.0076495
0.46185 0.53815 0.00765599 0.00765599
0.46173 0.53827 0.00766707 0.00766707
0.46172 0.53828 0.00767105 0.00767105
0.46173 0.53827 0.00767242 0.00767242
0.46176 0.53824 0.00767123 0.00767123
0.46174 0.53826 0.0076769 0.0076769
0.46169 0.53831 0.00767809 0.00767809
0.46165 0.53835 0.00768411 0.00768411
0.46166 0.53834 0.00769011 0.00769011
0.46163 0.53837 0.00769436 0.00769436
0.46165 0.53835 0.00769716 0.00769716
0.46163 0.53837 0.00769902 0.00769902
0.46158 0.53842 0.0077054 0.0077054
0.46158 0.53842 0.00770653 0.00770653
0.46149 0.53851 0.00770761 0.00770761
0.4615 0.5385 0.00771407 0.00771407
0.46151 0.53849 0.00771852 0.00771852
0.46154 0.53846 0.00772183 0.00772183
0.46151 0.53849 0.00772201 0.00772201
0.46146 0.53854 0.00771979 0.00771979
0.46145 0.53855 0.00771197 0.00771197
0.46141 0.53859 0.0077199 0.0077199
0.46137 0.53863 0.00772407 0.00772407
0.46141 0.53859 0.00772859 0.00772859
0.46135 0.53865 0.00773431 0.00773431
0.46132 0.53868 0.00773636 0.00773636
0.46132 0.53868 0.00774008 0.00774008
0.46128 0.53872 0.00773871 0.00773871
0.46125 0.53875 0.00774154 0.00774154
0.46124 0.53876 0.00774627 0.00774627
0.46125 0.53875 0.00774522 0.00774522
0.46126 0.53874 0.00774522 0.00774522
0.46125 0.53875 0.00774286 0.00774286
0.46127 0.53873 0.00774747 0.00774747
0.46126 0.53874 0.00775415 0.00775415
0.46127 0.53873 0.00775648 0.00775648
0.46123 0.53877 0.00776175 0.00776175
0.46116 0.53884 0.00776304 0.00776304
0.46115 0.53885 0.00776421 0.00776421
0.46111 0.53889 0.00776212 0.00776212
0.46111 0.53889 0.00776454 0.00776454
0.46113 0.53887 0.00776918 0.00776918
0.46109 0.53891 0.00777026 0.00777026
0.46104 0.53896 0.00776709 0.00776709
0.46104 0.53896 0.00777654 0.00777654
0.46103 0.53897 0.0077767 0.0077767
0.46101 0.53899 0.00778078 0.00778078
0.46103 0.53897 0.00777985 0.00777985
0.46104 0.53896 0.00778313 0.00778313
0.46101 0.53899 0.0077835 0.0077835
0.46098 0.53902 0.00779507 0.00779507
0.46094 0.53906 0.00780161 0.00780161
0.46091 0.53909 0.00780271 0.00780271
0.46093 0.53907 0.00780762 0.00780762
0.46091 0.53909 0.00781158 0.00781158
0.46091 0.53909 0.00781471 0.00781471
0.46088 0.53912 0.00781607 0.00781607
0.46088 0.53912 0.00782059 0.00782059
0.46087 0.53913 0.00781955 0.00781955
0.46082 0.53918 0.00782354 0.00782354
0.4608 0.5392 0.00782628 0.00782628
0.46077 0.53923 0.00782881 0.00782881
0.4607 0.5393 0.00782468 0.00782468
0.46068 0.53932 0.00783337 0.00783337
0.46065 0.53935 0.00783284 0.00783284
0.46067 0.53933 0.00783691 0.00783691
0.46067 0.53933 0.00783962 0.00783962
0.46059 0.53941 0.0078442 0.0078442
0.4606 0.5394 0.00784598 0.00784598
0.46061 0.53939 0.00784131 0.00784131
0.46058 0.53942 0.00784433 0.00784433
0.46062 0.53938 0.00784309 0.00784309
0.46059 0.53941 0.00784469 0.00784469
0.46056 0.53944 0.00784639 0.00784639
0.46058 0.53942 0.00784911 0.00784911
0.46057 0.53943 0.00785461 0.00785461
0.46054 0.53946 0.00785797 0.00785797
0.46052 0.53948 0.00785613 0.00785613
0.46051 0.53949 0.00785872 0.00785872
0.46049 0.53951 0.00786112 0.00786112
0.46042 0.53958 0.00786204 0.00786204
0.46038 0.53962 0.00785872 0.00785872
0.46041 0.53959 0.00786018 0.00786018
0.46042 0.53958 0.00786065 0.00786065
0.46035 0.53965 0.0078592 0.0078592
0.46034 0.53966 0.00785649 0.00785649
0.46025 0.53975 0.00785417 0.00785417
0.46013 0.53987 0.00784884 0.00784884
0.46018 0.53982 0.00785572 0.00785572
0.46017 0.53983 0.00785554 0.00785554
0.46016 0.53984 0.00786135 0.00786135
0.46013 0.53987 0.00786046 0.00786046
0.4601 0.5399 0.00785486 0.00785486
0.46006 0.53994 0.00785335 0.00785335
0.46003 0.53997 0.00785381 0.00785381
0.46005 0.53995 0.00785926 0.00785926
0.46003 0.53997 0.0078648 0.0078648
0.46001 0.53999 0.00786464 0.00786464
0.46 0.54 0.00785917 0.00785917
0.45997 0.54003 0.00786306 0.00786306
0.45993 0.54007 0.00785736 0.00785736
0.45991 0.54009 0.00785481 0.00785481
0.45988 0.54012 0.00785451 0.00785451
0.45992 0.54008 0.00785941 0.00785941
0.45993 0.54007 0.00786075 0.00786075
0.45994 0.54006 0.00785731 0.00785731
0.45991 0.54009 0.00786 0.00786
0.45985 0.54015 0.00786219 0.00786219
0.4598 0.5402 0.00785354 0.00785354
0.45978 0.54022 0.00786242 0.00786242
0.45976 0.54024 0.00786227 0.00786227
0.45973 0.54027 0.00786363 0.00786363
0.45973 0.54027 0.00786573 0.00786573
0.45978 0.54022 0.00786737 0.00786737
0.4598 0.5402 0.00787402 0.00787402
0.45981 0.54019 0.0078804 0.0078804
0.45982 0.54018 0.00788187 0.00788187
0.45981 0.54019 0.00788329 0.00788329
0.4598 0.5402 0.00788768 0.00788768
0.45977 0.54023 0.00788806 0.00788806
0.45974 0.54026 0.00788908 0.00788908
0.45976 0.54024 0.00788505 0.00788505
0.45973 0.54027 0.00788741 0.00788741
0.45972 0.54028 0.00789018 0.00789018
0.4597 0.5403 0.00789397 0.00789397
0.45966 0.54034 0.00789463 0.00789463
0.45972 0.54028 0.00789837 0.00789837
0.45976 0.54024 0.00790024 0.00790024
0.45974 0.54026 0.00790401 0.00790401
0.45972 0.54028 0.00790507 0.00790507
0.45971 0.54029 0.00790372 0.00790372
0.45969 0.54031 0.00789917 0.00789917
0.45966 0.54034 0.00789873 0.00789873
0.45966 0.54034 0.00789762 0.00789762
0.45965 0.54035 0.00789469 0.00789469
0.45965 0.54035 0.00789379 0.00789379
0.45964 0.54036 0.00789433 0.00789433
0.45966 0.54034 0.00789782 0.00789782
0.45967 0.54033 0.00789667 0.00789667
0.45971 0.54029 0.00790473 0.00790473
0.45973 0.54027 0.00790309 0.00790309
0.45972 0.54028 0.00790513 0.00790513
0.45974 0.54026 0.0079052 0.0079052
0.45971 0.54029 0.00789869 0.00789869
0.45972 0.54028 0.00790198 0.00790198
0.45977 0.54023 0.00790384 0.00790384
0.45971 0.54029 0.0079015 0.0079015
0.45974 0.54026 0.00790046 0.00790046
0.45973 0.54027 0.0079042 0.0079042
0.45975 0.54025 0.00790942 0.00790942
0.45977 0.54023 0.00790909 0.00790909
0.45974 0.54026 0.00791569 0.00791569
0.45973 0.54027 0.00791949 0.00791949
0.45974 0.54026 0.00792357 0.00792357
0.45976 0.54024 0.0079178 0.0079178
0.45976 0.54024 0.00791853 0.00791853
0.45974 0.54026 0.00791795 0.00791795
0.4597 0.5403 0.0079226 0.0079226
0.45972 0.54028 0.00792245 0.00792245
0.4597 0.5403 0.00792043 0.00792043
0.45971 0.54029 0.00792279 0.00792279
0.45972 0.54028 0.00792166 0.00792166
0.45972 0.54028 0.00791994 0.00791994
0.45975 0.54025 0.00792722 0.00792722
0.45973 0.54027 0.0079299 0.0079299
0.45974 0.54026 0.00793118 0.00793118
0.45972 0.54028 0.00793703 0.00793703
0.45974 0.54026 0.00793678 0.00793678
0.45974 0.54026 0.00793678 0.00793678
0.45971 0.54029 0.00793455 0.00793455
0.45973 0.54027 0.00792931 0.00792931
0.45976 0.54024 0.00793356 0.00793356
0.45974 0.54026 0.00793236 0.00793236
0.45978 0.54022 0.0079427 0.0079427
0.45978 0.54022 0.00793791 0.00793791
0.4598 0.5402 0.00793869 0.00793869
0.45977 0.54023 0.00794002 0.00794002
0.4598 0.5402 0.00794133 0.00794133
0.45984 0.54016 0.00794195 0.00794195
0.45982 0.54018 0.00794625 0.00794625
0.45982 0.54018 0.00794585 0.00794585
0.45981 0.54019 0.007943 0.007943
0.45984 0.54016 0.00794656 0.00794656
0.45983 0.54017 0.00794119 0.00794119
0.45984 0.54016 0.00794272 0.00794272
0.45982 0.54018 0.00794247 0.00794247
0.4598 0.5402 0.00794226 0.00794226
0.45983 0.54017 0.00794935 0.00794935
0.45983 0.54017 0.00795255 0.00795255
0.45986 0.54014 0.00794883 0.00794883
0.45989 0.54011 0.00795153 0.00795153
0.45991 0.54009 0.00794669 0.00794669
0.4599 0.5401 0.00794423 0.00794423
0.45989 0.54011 0.00794111 0.00794111
0.45988 0.54012 0.00794184 0.00794184
0.45987 0.54013 0.00794569 0.00794569
0.45989 0.54011 0.00794624 0.00794624
0.45991 0.54009 0.00794705 0.00794705
0.45988 0.54012 0.00794817 0.00794817
0.45989 0.54011 0.0079502 0.0079502
0.45988 0.54012 0.00795702 0.00795702
0.45988 0.54012 0.00795893 0.00795893
0.45985 0.54015 0.00796164 0.00796164
0.45986 0.54014 0.00796204 0.00796204
0.45986 0.54014 0.00796204 0.00796204
0.45986 0.54014 0.00796855 0.00796855
0.45986 0.54014 0.00796764 0.00796764
0.45987 0.54013 0.00796975 0.00796975
0.45988 0.54012 0.0079657 0.0079657
0.45987 0.54013 0.00797347 0.00797347
0.45987 0.54013 0.00797415 0.00797415
0.45988 0.54012 0.00797732 0.00797732
0.45993 0.54007 0.00798093 0.00798093
0.45992 0.54008 0.00798183 0.00798183
0.45992 0.54008 0.0079865 0.0079865
0.46 0.54 0.00798604 0.00798604
0.46001 0.53999 0.00798922 0.00798922
0.45995 0.54005 0.00798736 0.00798736
0.45995 0.54005 0.00798928 0.00798928
0.45995 0.54005 0.00799037 0.00799037
0.45998 0.54002 0.00799335 0.00799335
0.45999 0.54001 0.0079969 0.0079969
0.46 0.54 0.0080002 0.0080002
0.45998 0.54002 0.00799592 0.00799592
0.45998 0.54002 0.00800105 0.00800105
0.46 0.54 0.00800127 0.00800127
0.46002 0.53998 0.00800141 0.00800141
0.46003 0.53997 0.00801053 0.00801053
0.46001 0.53999 0.00801419 0.00801419
0.46 0.54 0.00801323 0.00801323
0.45999 0.54001 0.00801318 0.00801318
0.45999 0.54001 0.00801512 0.00801512
0.45997 0.54003 0.00801195 0.00801195
0.45997 0.54003 0.00801554 0.00801554
0.45995 0.54005 0.00801712 0.00801712
0.45998 0.54002 0.00802044 0.00802044
0.45999 0.54001 0.00802312 0.00802312
0.46 0.54 0.0080277 0.0080277
0.46 0.54 0.0080302 0.0080302
0.46003 0.53997 0.00803197 0.00803197
0.46004 0.53996 0.00803319 0.00803319
0.46003 0.53997 0.00803096 0.00803096
0.46002 0.53998 0.00803218 0.00803218
0.46 0.54 0.00803392 0.00803392
0.46004 0.53996 0.00804345 0.00804345
0.46005 0.53995 0.00804358 0.00804358
0.46003 0.53997 0.00804187 0.00804187
0.46005 0.53995 0.00804601 0.00804601
0.46004 0.53996 0.00804602 0.00804602
0.46004 0.53996 0.00804844 0.00804844
0.46002 0.53998 0.00805026 0.00805026
0.46002 0.53998 0.00805026 0.00805026
0.46002 0.53998 0.00805133 0.00805133
0.46002 0.53998 0.00805329 0.00805329
0.46003 0.53997 0.00805371 0.00805371
0.46003 0.53997 0.00805631 0.00805631
0.46002 0.53998 0.00806022 0.00806022
0.46001 0.53999 0.0080647 0.0080647
0.45999 0.54001 0.00806009 0.00806009
0.46 0.54 0.00806349 0.00806349
0.45995 0.54005 0.00806613 0.00806613
0.45996 0.54004 0.00806891 0.00806891
0.45998 0.54002 0.0080717 0.0080717
0.46 0.54 0.00807036 0.00807036
0.46 0.54 0.00807194 0.00807194
0.45998 0.54002 0.008076 0.008076
0.45998 0.54002 0.00807768 0.00807768
0.45997 0.54003 0.00808868 0.00808868
0.46 0.54 0.00808511 0.00808511
0.46003 0.53997 0.00808866 0.00808866
0.46006 0.53994 0.00808911 0.00808911
0.46005 0.53995 0.00808906 0.00808906
0.46005 0.53995 0.00809225 0.00809225
0.46004 0.53996 0.00809002 0.00809002
0.46004 0.53996 0.00809002 0.00809002
0.46005 0.53995 0.00809437 0.00809437
0.46007 0.53993 0.00810029 0.00810029
0.46006 0.53994 0.0081028 0.0081028
0.46008 0.53992 0.00810494 0.00810494
0.46007 0.53993 0.00810451 0.00810451
0.46007 0.53993 0.00810451 0.00810451
0.46007 0.53993 0.00810471 0.00810471
0.46007 0.53993 0.00811158 0.00811158
0.46005 0.53995 0.0081116 0.0081116
0.46005 0.53995 0.00811494 0.00811494
0.46003 0.53997 0.00811421 0.00811421
0.46005 0.53995 0.00811271 0.00811271
0.46005 0.53995 0.00811526 0.00811526
0.46007 0.53993 0.00812186 0.00812186
0.46007 0.53993 0.00813093 0.00813093
0.46006 0.53994 0.00813347 0.00813347
0.46007 0.53993 0.00813506 0.00813506
0.46007 0.53993 0.00813506 0.00813506
0.46008 0.53992 0.00813789 0.00813789
0.46009 0.53991 0.00813536 0.00813536
0.46011 0.53989 0.00813341 0.00813341
0.46011 0.53989 0.00813275 0.00813275
0.46011 0.53989 0.00813275 0.00813275
0.46009 0.53991 0.00813239 0.00813239
0.46009 0.53991 0.0081337 0.0081337
0.46009 0.53991 0.00813136 0.00813136
0.46009 0.53991 0.00813372 0.00813372
0.4601 0.5399 0.00813476 0.00813476
0.4601 0.5399 0.00813787 0.00813787
0.46009 0.53991 0.00813978 0.00813978
0.46011 0.53989 0.00814339 0.00814339
0.4601 0.5399 0.00814532 0.00814532
0.4601 0.5399 0.00814732 0.00814732
0.4601 0.5399 0.00814694 0.00814694
0.46011 0.53989 0.00814994 0.00814994
0.46012 0.53988 0.00815384 0.00815384
0.46013 0.53987 0.0081551 0.0081551
0.46015 0.53985 0.00815734 0.00815734
0.46015 0.53985 0.00815762 0.00815762
0.46015 0.53985 0.00815762 0.00815762
0.46014 0.53986 0.00815729 0.00815729
0.46015 0.53985 0.00815787 0.00815787
0.46015 0.53985 0.00815805 0.00815805
0.46015 0.53985 0.00815805 0.00815805
0.46013 0.53987 0.0081604 0.0081604
0.46015 0.53985 0.0081613 0.0081613
0.46015 0.53985 0.00816168 0.00816168
0.46017 0.53983 0.00816267 0.00816267
0.46017 0.53983 0.00816362 0.00816362
0.46018 0.53982 0.0081595 0.0081595
0.46019 0.53981 0.00816014 0.00816014
0.46019 0.53981 0.00816014 0.00816014
0.46019 0.53981 0.00816014 0.00816014
0.4602 0.5398 0.00815867 0.00815867
0.46023 0.53977 0.00816335 0.00816335
0.46023 0.53977 0.00816335 0.00816335
0.46022 0.53978 0.00816433 0.00816433
0.46022 0.53978 0.00816379 0.00816379
0.46023 0.53977 0.00816137 0.00816137
0.46025 0.53975 0.00816983 0.00816983
0.46023 0.53977 0.00816796 0.00816796
0.46022 0.53978 0.00816836 0.00816836
0.46022 0.53978 0.00816836 0.00816836
0.46023 0.53977 0.00816656 0.00816656
0.46023 0.53977 0.00816711 0.00816711
0.46023 0.53977 0.00816711 0.00816711
0.46024 0.53976 0.00816897 0.00816897
0.46024 0.53976 0.00816721 0.00816721
0.46027 0.53973 0.00816955 0.00816955
0.46024 0.53976 0.00816792 0.00816792
0.46022 0.53978 0.00817096 0.00817096
0.46021 0.53979 0.00817186 0.00817186
0.46021 0.53979 0.00817186 0.00817186
0.46021 0.53979 0.00817186 0.00817186
0.46021 0.53979 0.00817243 0.00817243
0.46023 0.53977 0.00816951 0.00816951
0.46023 0.53977 0.00816951 0.00816951
0.46023 0.53977 0.00817111 0.00817111
0.46024 0.53976 0.00817243 0.00817243
0.46025 0.53975 0.00817661 0.00817661
0.46027 0.53973 0.00817582 0.00817582
0.46026 0.53974 0.00817474 0.00817474
0.46025 0.53975 0.00817635 0.00817635
0.46025 0.53975 0.00817635 0.00817635
0.46027 0.53973 0.00817586 0.00817586
