0.80156 0.19844 0.000158572 0.000158572
0.80169 0.19831 0.000187044 0.000187044
0.80184 0.19816 0.000236641 0.000236641
0.80056 0.19944 0.000275825 0.000275825
0.80028 0.19972 0.000342668 0.000342668
0.80071 0.19929 0.000414188 0.000414188
0.80169 0.19831 0.000466863 0.000466863
0.80291 0.19709 0.000516467 0.000516467
0.80398 0.19602 0.00057103 0.00057103
0.80316 0.19684 0.000655408 0.000655408
0.8015 0.1985 0.000706455 0.000706455
0.8016 0.1984 0.000735939 0.000735939
0.80134 0.19866 0.000721358 0.000721358
0.80211 0.19789 0.00074022 0.00074022
0.80181 0.19819 0.000741509 0.000741509
0.80227 0.19773 0.000781795 0.000781795
0.80251 0.19749 0.000814131 0.000814131
0.80193 0.19807 0.000905318 0.000905318
0.80141 0.19859 0.000878588 0.000878588
0.80201 0.19799 0.000868434 0.000868434
0.80252 0.19748 0.000875929 0.000875929
0.80186 0.19814 0.000855314 0.000855314
0.80167 0.19833 0.000899759 0.000899759
0.80183 0.19817 0.000923153 0.000923153
0.80152 0.19848 0.000924192 0.000924192
0.80145 0.19855 0.000883139 0.000883139
0.80198 0.19802 0.000878929 0.000878929
0.80216 0.19784 0.000856924 0.000856924
0.80195 0.19805 0.000915159 0.000915159
0.80278 0.19722 0.000961042 0.000961042
0.80278 0.19722 0.0009388 0.0009388
0.80259 0.19741 0.000977598 0.000977598
0.8024 0.1976 0.000964222 0.000964222
0.80303 0.19697 0.000981302 0.000981302
0.80276 0.19724 0.000917578 0.000917578
0.80177 0.19823 0.000964502 0.000964502
0.80312 0.19688 0.000968652 0.000968652
0.80257 0.19743 0.000912672 0.000912672
0.8021 0.1979 0.000902535 0.000902535
0.80117 0.19883 0.000897839 0.000897839
0.80131 0.19869 0.000905347 0.000905347
0.80185 0.19815 0.000866795 0.000866795
0.80227 0.19773 0.000834017 0.000834017
0.80179 0.19821 0.000844289 0.000844289
0.80197 0.19803 0.000872474 0.000872474
0.80167 0.19833 0.000875597 0.000875597
0.8024 0.1976 0.000883939 0.000883939
0.80292 0.19708 0.000841994 0.000841994
0.8026 0.1974 0.000879859 0.000879859
0.8024 0.1976 0.00089701 0.00089701
0.80221 0.19779 0.000906046 0.000906046
0.80204 0.19796 0.000933089 0.000933089
0.801 0.199 0.000936263 0.000936263
0.80105 0.19895 0.000918169 0.000918169
0.80176 0.19824 0.000908164 0.000908164
0.80106 0.19894 0.000897895 0.000897895
0.80199 0.19801 0.000855808 0.000855808
0.80157 0.19843 0.000876854 0.000876854
0.80153 0.19847 0.000874635 0.000874635
0.80231 0.19769 0.000856155 0.000856155
0.80306 0.19694 0.000847269 0.000847269
0.80344 0.19656 0.000863663 0.000863663
0.80361 0.19639 0.000874442 0.000874442
0.80286 0.19714 0.000881314 0.000881314
0.80272 0.19728 0.000907173 0.000907173
0.80217 0.19783 0.000921476 0.000921476
0.8028 0.1972 0.000888707 0.000888707
0.8038 0.1962 0.000882889 0.000882889
0.80373 0.19627 0.000928644 0.000928644
0.80473 0.19527 0.000936684 0.000936684
0.80457 0.19543 0.000980248 0.000980248
0.80626 0.19374 0.000948316 0.000948316
0.80642 0.19358 0.000943095 0.000943095
0.80592 0.19408 0.00090767 0.00090767
0.80551 0.19449 0.000919202 0.000919202
0.80561 0.19439 0.000880301 0.000880301
0.80642 0.19358 0.00091867 0.00091867
0.80609 0.19391 0.000917759 0.000917759
0.80616 0.19384 0.000963065 0.000963065
0.80565 0.19435 0.000986836 0.000986836
0.80543 0.19457 0.000962551 0.000962551
0.80447 0.19553 0.000895888 0.000895888
0.80427 0.19573 0.000895593 0.000895593
0.8044 0.1956 0.000963939 0.000963939
0.80458 0.19542 0.000953721 0.000953721
0.80524 0.19476 0.000928568 0.000928568
0.8043 0.1957 0.000939869 0.000939869
0.80529 0.19471 0.000942976 0.000942976
0.80497 0.19503 0.000905383 0.000905383
0.80413 0.19587 0.000990639 0.000990639
0.8039 0.1961 0.000982899 0.000982899
0.80453 0.19547 0.000959726 0.000959726
0.80443 0.19557 0.00100801 0.00100801
0.80407 0.19593 0.000920793 0.000920793
0.80453 0.19547 0.00091413 0.00091413
0.80483 0.19517 0.000869658 0.000869658
0.80506 0.19494 0.000866582 0.000866582
0.80481 0.19519 0.000918519 0.000918519
0.80414 0.19586 0.000914364 0.000914364
0.80315 0.19685 0.00094227 0.00094227
0.80368 0.19632 0.000975048 0.000975048
0.80321 0.19679 0.000974228 0.000974228
0.80354 0.19646 0.00103944 0.00103944
0.8028 0.1972 0.0010736 0.0010736
0.80328 0.19672 0.00108742 0.00108742
0.80356 0.19644 0.00108298 0.00108298
0.80412 0.19588 0.00107966 0.00107966
0.80422 0.19578 0.001093 0.001093
0.80406 0.19594 0.00106074 0.00106074
0.80407 0.19593 0.00109477 0.00109477
0.80358 0.19642 0.00110257 0.00110257
0.80224 0.19776 0.00108206 0.00108206
0.80268 0.19732 0.00102719 0.00102719
0.8035 0.1965 0.00101942 0.00101942
0.80326 0.19674 0.0010549 0.0010549
0.80334 0.19666 0.000995075 0.000995075
0.8036 0.1964 0.00100073 0.00100073
0.80258 0.19742 0.00106584 0.00106584
0.80202 0.19798 0.00106228 0.00106228
0.80354 0.19646 0.00106849 0.00106849
0.80395 0.19605 0.00106645 0.00106645
0.80308 0.19692 0.00112024 0.00112024
0.80305 0.19695 0.0011435 0.0011435
0.80255 0.19745 0.00113805 0.00113805
0.80334 0.19666 0.00114809 0.00114809
0.80242 0.19758 0.00117798 0.00117798
0.80228 0.19772 0.00121863 0.00121863
0.80264 0.19736 0.00115938 0.00115938
0.80299 0.19701 0.00118516 0.00118516
0.80303 0.19697 0.00117621 0.00117621
0.80378 0.19622 0.00114029 0.00114029
0.80309 0.19691 0.00116736 0.00116736
0.80359 0.19641 0.00112833 0.00112833
0.80268 0.19732 0.00113416 0.00113416
0.8033 0.1967 0.00112734 0.00112734
0.8031 0.1969 0.00107787 0.00107787
0.80353 0.19647 0.00110352 0.00110352
0.80302 0.19698 0.00110711 0.00110711
0.80243 0.19757 0.00108352 0.00108352
0.8037 0.1963 0.00105092 0.00105092
0.80332 0.19668 0.00104606 0.00104606
0.80327 0.19673 0.000984078 0.000984078
0.80256 0.19744 0.00104164 0.00104164
0.80228 0.19772 0.00106711 0.00106711
0.80251 0.19749 0.00104387 0.00104387
0.80278 0.19722 0.00110031 0.00110031
0.80298 0.19702 0.00113891 0.00113891
0.80308 0.19692 0.00121248 0.00121248
0.80316 0.19684 0.0012089 0.0012089
0.80309 0.19691 0.00127905 0.00127905
0.80363 0.19637 0.00128028 0.00128028
0.80291 0.19709 0.00126776 0.00126776
0.80264 0.19736 0.00126949 0.00126949
0.80271 0.19729 0.00134027 0.00134027
0.80301 0.19699 0.00129274 0.00129274
0.80311 0.19689 0.00126812 0.00126812
0.80338 0.19662 0.00130428 0.00130428
0.8039 0.1961 0.00128379 0.00128379
0.80352 0.19648 0.00130886 0.00130886
0.80351 0.19649 0.00119948 0.00119948
0.80271 0.19729 0.00117904 0.00117904
0.80261 0.19739 0.00112275 0.00112275
0.8037 0.1963 0.00114268 0.00114268
0.80305 0.19695 0.0011933 0.0011933
0.80339 0.19661 0.00123515 0.00123515
0.80334 0.19666 0.00122653 0.00122653
0.80289 0.19711 0.00121721 0.00121721
0.80251 0.19749 0.00111221 0.00111221
0.80197 0.19803 0.0011332 0.0011332
0.80195 0.19805 0.00109762 0.00109762
0.80247 0.19753 0.00112674 0.00112674
0.80294 0.19706 0.00114951 0.00114951
0.80266 0.19734 0.0011397 0.0011397
0.80196 0.19804 0.00117026 0.00117026
0.80265 0.19735 0.00119867 0.00119867
0.80249 0.19751 0.00125571 0.00125571
0.80167 0.19833 0.00128392 0.00128392
0.80151 0.19849 0.00125439 0.00125439
0.80103 0.19897 0.00126134 0.00126134
0.80121 0.19879 0.00122255 0.00122255
0.80138 0.19862 0.00121695 0.00121695
0.80141 0.19859 0.00118503 0.00118503
0.80095 0.19905 0.00122255 0.00122255
0.79976 0.20024 0.00125703 0.00125703
0.79975 0.20025 0.00126657 0.00126657
0.80001 0.19999 0.00127043 0.00127043
0.80067 0.19933 0.00131834 0.00131834
0.80138 0.19862 0.00131692 0.00131692
0.8015 0.1985 0.00132492 0.00132492
0.80102 0.19898 0.00127299 0.00127299
0.80115 0.19885 0.00127116 0.00127116
0.80041 0.19959 0.00132534 0.00132534
0.80069 0.19931 0.00126917 0.00126917
0.80047 0.19953 0.00131286 0.00131286
0.80122 0.19878 0.00135977 0.00135977
0.80141 0.19859 0.00140586 0.00140586
0.80146 0.19854 0.00143512 0.00143512
0.80133 0.19867 0.00138935 0.00138935
0.80038 0.19962 0.00142725 0.00142725
0.80048 0.19952 0.00139993 0.00139993
0.80155 0.19845 0.00139785 0.00139785
0.80106 0.19894 0.00136089 0.00136089
0.80121 0.19879 0.00134546 0.00134546
0.80151 0.19849 0.00135874 0.00135874
0.80042 0.19958 0.0013032 0.0013032
0.80046 0.19954 0.00126367 0.00126367
0.80064 0.19936 0.00134399 0.00134399
0.80088 0.19912 0.00141342 0.00141342
0.80163 0.19837 0.00140009 0.00140009
0.80201 0.19799 0.00141484 0.00141484
0.80274 0.19726 0.0014208 0.0014208
0.80262 0.19738 0.00139856 0.00139856
0.80291 0.19709 0.00138388 0.00138388
0.80177 0.19823 0.00135018 0.00135018
0.80121 0.19879 0.00139259 0.00139259
0.80131 0.19869 0.0014382 0.0014382
0.80177 0.19823 0.00143377 0.00143377
0.80253 0.19747 0.0014414 0.0014414
0.80224 0.19776 0.00153412 0.00153412
0.80219 0.19781 0.00154104 0.00154104
0.80281 0.19719 0.00155224 0.00155224
0.80358 0.19642 0.0015418 0.0015418
0.80415 0.19585 0.00152322 0.00152322
0.80354 0.19646 0.00153189 0.00153189
0.80311 0.19689 0.00151121 0.00151121
0.80273 0.19727 0.00146371 0.00146371
0.80247 0.19753 0.00146076 0.00146076
0.80182 0.19818 0.00142997 0.00142997
0.80108 0.19892 0.00142177 0.00142177
0.80137 0.19863 0.0014943 0.0014943
0.80157 0.19843 0.00150893 0.00150893
0.80192 0.19808 0.00153112 0.00153112
0.80225 0.19775 0.00153156 0.00153156
0.80234 0.19766 0.00160558 0.00160558
0.80234 0.19766 0.00161411 0.00161411
0.80259 0.19741 0.00162982 0.00162982
0.80188 0.19812 0.00160803 0.00160803
0.8023 0.1977 0.0016594 0.0016594
0.80252 0.19748 0.00163755 0.00163755
0.80244 0.19756 0.00160694 0.00160694
0.80269 0.19731 0.00159581 0.00159581
0.80228 0.19772 0.00162131 0.00162131
0.80258 0.19742 0.00157974 0.00157974
0.80263 0.19737 0.00165537 0.00165537
0.80284 0.19716 0.00164985 0.00164985
0.80293 0.19707 0.00161156 0.00161156
0.80192 0.19808 0.00163745 0.00163745
0.80198 0.19802 0.00157923 0.00157923
0.80191 0.19809 0.00162542 0.00162542
0.80207 0.19793 0.00155906 0.00155906
0.8017 0.1983 0.00157922 0.00157922
0.80157 0.19843 0.00155906 0.00155906
0.80161 0.19839 0.00160178 0.00160178
0.80149 0.19851 0.00161981 0.00161981
0.80138 0.19862 0.0016825 0.0016825
0.80099 0.19901 0.00168193 0.00168193
0.80151 0.19849 0.0017046 0.0017046
0.80162 0.19838 0.00177903 0.00177903
0.80177 0.19823 0.00175678 0.00175678
0.80319 0.19681 0.00160248 0.00160248
0.80215 0.19785 0.00162593 0.00162593
0.802 0.198 0.00165745 0.00165745
0.80284 0.19716 0.00166874 0.00166874
0.80172 0.19828 0.00171285 0.00171285
0.80233 0.19767 0.00167232 0.00167232
0.80193 0.19807 0.00161223 0.00161223
0.80208 0.19792 0.00164028 0.00164028
0.8021 0.1979 0.00168852 0.00168852
0.80223 0.19777 0.00166008 0.00166008
0.80253 0.19747 0.00170569 0.00170569
0.80225 0.19775 0.00174292 0.00174292
0.80241 0.19759 0.00169285 0.00169285
0.80246 0.19754 0.00167298 0.00167298
0.80232 0.19768 0.00160919 0.00160919
0.80135 0.19865 0.00164255 0.00164255
0.80121 0.19879 0.00162467 0.00162467
0.80054 0.19946 0.00164104 0.00164104
0.8008 0.1992 0.00168299 0.00168299
0.80062 0.19938 0.00175173 0.00175173
0.80137 0.19863 0.00175357 0.00175357
0.8011 0.1989 0.00173627 0.00173627
0.8016 0.1984 0.00177905 0.00177905
0.80138 0.19862 0.00174151 0.00174151
0.80119 0.19881 0.00173913 0.00173913
0.80186 0.19814 0.00179834 0.00179834
0.80152 0.19848 0.00176274 0.00176274
0.80164 0.19836 0.00170957 0.00170957
0.80133 0.19867 0.00166655 0.00166655
0.80164 0.19836 0.00171361 0.00171361
0.80155 0.19845 0.00172219 0.00172219
0.8025 0.1975 0.00175146 0.00175146
0.8022 0.1978 0.00174364 0.00174364
0.80297 0.19703 0.00181868 0.00181868
0.80355 0.19645 0.00177239 0.00177239
0.80372 0.19628 0.00175511 0.00175511
0.80309 0.19691 0.00176101 0.00176101
0.80266 0.19734 0.00180273 0.00180273
0.80361 0.19639 0.00176875 0.00176875
0.80359 0.19641 0.00175117 0.00175117
0.80319 0.19681 0.00176713 0.00176713
0.80289 0.19711 0.00178915 0.00178915
0.8027 0.1973 0.00179211 0.00179211
0.80262 0.19738 0.00174953 0.00174953
0.80178 0.19822 0.00175652 0.00175652
0.8028 0.1972 0.00178733 0.00178733
0.80384 0.19616 0.0017449 0.0017449
0.80401 0.19599 0.00180324 0.00180324
0.80369 0.19631 0.00182121 0.00182121
0.8036 0.1964 0.00174289 0.00174289
0.80393 0.19607 0.00176922 0.00176922
0.80318 0.19682 0.00187688 0.00187688
0.80366 0.19634 0.00192948 0.00192948
0.8034 0.1966 0.00196238 0.00196238
0.80372 0.19628 0.00201127 0.00201127
0.80328 0.19672 0.00203913 0.00203913
0.80403 0.19597 0.00204571 0.00204571
0.80319 0.19681 0.00197276 0.00197276
0.80377 0.19623 0.00205074 0.00205074
0.8039 0.1961 0.0020071 0.0020071
0.80413 0.19587 0.00185286 0.00185286
0.80359 0.19641 0.00186946 0.00186946
0.80216 0.19784 0.00194803 0.00194803
0.802 0.198 0.00197147 0.00197147
0.80254 0.19746 0.00192552 0.00192552
0.80264 0.19736 0.00193706 0.00193706
0.80274 0.19726 0.00195444 0.00195444
0.80357 0.19643 0.00185782 0.00185782
0.80253 0.19747 0.00188961 0.00188961
0.8024 0.1976 0.00185053 0.00185053
0.80214 0.19786 0.00184636 0.00184636
0.80245 0.19755 0.00176377 0.00176377
0.8025 0.1975 0.00179215 0.00179215
0.80267 0.19733 0.00182022 0.00182022
0.80271 0.19729 0.00179689 0.00179689
0.80297 0.19703 0.0017688 0.0017688
0.80303 0.19697 0.00179013 0.00179013
0.80278 0.19722 0.00181836 0.00181836
0.80374 0.19626 0.00181902 0.00181902
0.80283 0.19717 0.0018523 0.0018523
0.80321 0.19679 0.00182524 0.00182524
0.80359 0.19641 0.00184637 0.00184637
0.80321 0.19679 0.00186597 0.00186597
0.80343 0.19657 0.00198168 0.00198168
0.80348 0.19652 0.00198458 0.00198458
0.8025 0.1975 0.00201039 0.00201039
0.80253 0.19747 0.00196785 0.00196785
0.80291 0.19709 0.00193313 0.00193313
0.80409 0.19591 0.00189334 0.00189334
0.80457 0.19543 0.00182031 0.00182031
0.80481 0.19519 0.00182028 0.00182028
0.80504 0.19496 0.00176899 0.00176899
0.80522 0.19478 0.00171417 0.00171417
0.8053 0.1947 0.00169759 0.00169759
0.8044 0.1956 0.0016796 0.0016796
0.80371 0.19629 0.00173871 0.00173871
0.80354 0.19646 0.00177399 0.00177399
0.80408 0.19592 0.00179183 0.00179183
0.80418 0.19582 0.0017349 0.0017349
0.80412 0.19588 0.0017197 0.0017197
0.80446 0.19554 0.0017273 0.0017273
0.80458 0.19542 0.00174659 0.00174659
0.80467 0.19533 0.00173812 0.00173812
0.80445 0.19555 0.0018188 0.0018188
0.80438 0.19562 0.0018326 0.0018326
0.80452 0.19548 0.00185005 0.00185005
0.80417 0.19583 0.00181321 0.00181321
0.80422 0.19578 0.0018025 0.0018025
0.80409 0.19591 0.00177435 0.00177435
0.80319 0.19681 0.00170822 0.00170822
0.80342 0.19658 0.00171269 0.00171269
0.80266 0.19734 0.00178863 0.00178863
0.80265 0.19735 0.00182944 0.00182944
0.80087 0.19913 0.0019605 0.0019605
0.80169 0.19831 0.00200648 0.00200648
0.80261 0.19739 0.0019902 0.0019902
0.80269 0.19731 0.00202486 0.00202486
0.80293 0.19707 0.00196972 0.00196972
0.80303 0.19697 0.00192278 0.00192278
0.80342 0.19658 0.00199922 0.00199922
0.80344 0.19656 0.00198849 0.00198849
0.80297 0.19703 0.00193179 0.00193179
0.80277 0.19723 0.00184424 0.00184424
0.80243 0.19757 0.00183635 0.00183635
0.80305 0.19695 0.00180362 0.00180362
0.80346 0.19654 0.00180665 0.00180665
0.80355 0.19645 0.00176324 0.00176324
0.8035 0.1965 0.00176043 0.00176043
0.80349 0.19651 0.00178702 0.00178702
0.80363 0.19637 0.00186056 0.00186056
0.80277 0.19723 0.00180501 0.00180501
0.80282 0.19718 0.00186352 0.00186352
0.80311 0.19689 0.00187707 0.00187707
0.80285 0.19715 0.00197696 0.00197696
0.80343 0.19657 0.00201239 0.00201239
0.80431 0.19569 0.00203157 0.00203157
0.80373 0.19627 0.00201717 0.00201717
0.80334 0.19666 0.00205041 0.00205041
0.80463 0.19537 0.00196682 0.00196682
0.8041 0.1959 0.0019189 0.0019189
0.80462 0.19538 0.00189777 0.00189777
0.80441 0.19559 0.00185663 0.00185663
0.80469 0.19531 0.00186106 0.00186106
0.80478 0.19522 0.00184852 0.00184852
0.80507 0.19493 0.00191093 0.00191093
0.80465 0.19535 0.00188142 0.00188142
0.80548 0.19452 0.00188064 0.00188064
0.80536 0.19464 0.00190419 0.00190419
0.80487 0.19513 0.00196323 0.00196323
0.80459 0.19541 0.00195323 0.00195323
0.80445 0.19555 0.00188144 0.00188144
0.80395 0.19605 0.00188235 0.00188235
0.80394 0.19606 0.00184899 0.00184899
0.80321 0.19679 0.0017512 0.0017512
0.8031 0.1969 0.00185579 0.00185579
0.80289 0.19711 0.00180668 0.00180668
0.8029 0.1971 0.00173599 0.00173599
0.80247 0.19753 0.00174472 0.00174472
0.80252 0.19748 0.0017348 0.0017348
0.80249 0.19751 0.00178637 0.00178637
0.80298 0.19702 0.00175038 0.00175038
0.80244 0.19756 0.00185829 0.00185829
0.80226 0.19774 0.00196454 0.00196454
0.80153 0.19847 0.00197979 0.00197979
0.80094 0.19906 0.00202755 0.00202755
0.80192 0.19808 0.00202506 0.00202506
0.80189 0.19811 0.00197442 0.00197442
0.80191 0.19809 0.00201273 0.00201273
0.80164 0.19836 0.00196403 0.00196403
0.8021 0.1979 0.0019427 0.0019427
0.80219 0.19781 0.00193607 0.00193607
0.80235 0.19765 0.00193867 0.00193867
0.80316 0.19684 0.00189644 0.00189644
0.80358 0.19642 0.00194562 0.00194562
0.80409 0.19591 0.00191301 0.00191301
0.80398 0.19602 0.00192279 0.00192279
0.80397 0.19603 0.00196152 0.00196152
0.80433 0.19567 0.00199655 0.00199655
0.80346 0.19654 0.00206053 0.00206053
0.80311 0.19689 0.00202626 0.00202626
0.80275 0.19725 0.00213938 0.00213938
0.80296 0.19704 0.00211165 0.00211165
0.80322 0.19678 0.00209094 0.00209094
0.80342 0.19658 0.00206546 0.00206546
0.80395 0.19605 0.00202572 0.00202572
0.80295 0.19705 0.00200518 0.00200518
0.80345 0.19655 0.00194995 0.00194995
0.80338 0.19662 0.00195066 0.00195066
0.8038 0.1962 0.00202368 0.00202368
0.80445 0.19555 0.00213526 0.00213526
0.80474 0.19526 0.0020932 0.0020932
0.80404 0.19596 0.00205509 0.00205509
0.80359 0.19641 0.00198024 0.00198024
0.80377 0.19623 0.00196097 0.00196097
0.80328 0.19672 0.001984 0.001984
0.80365 0.19635 0.001961 0.001961
0.80415 0.19585 0.0019011 0.0019011
0.80362 0.19638 0.00191583 0.00191583
0.80386 0.19614 0.00194883 0.00194883
0.80347 0.19653 0.00195354 0.00195354
0.80365 0.19635 0.00206399 0.00206399
0.80361 0.19639 0.00205826 0.00205826
0.80414 0.19586 0.00193998 0.00193998
0.80471 0.19529 0.00188995 0.00188995
0.8045 0.1955 0.00184423 0.00184423
0.80456 0.19544 0.00182154 0.00182154
0.80463 0.19537 0.00188032 0.00188032
0.80468 0.19532 0.00196396 0.00196396
0.80379 0.19621 0.00196184 0.00196184
0.80436 0.19564 0.00187553 0.00187553
0.80459 0.19541 0.00184784 0.00184784
0.80469 0.19531 0.00185331 0.00185331
0.80461 0.19539 0.0018743 0.0018743
0.8034 0.1966 0.00184095 0.00184095
0.80382 0.19618 0.0017712 0.0017712
0.80383 0.19617 0.00183717 0.00183717
0.80445 0.19555 0.00181821 0.00181821
0.80443 0.19557 0.00180267 0.00180267
0.80481 0.19519 0.00184135 0.00184135
0.80518 0.19482 0.00186486 0.00186486
0.80473 0.19527 0.00188081 0.00188081
0.80534 0.19466 0.00182431 0.00182431
0.80531 0.19469 0.00179341 0.00179341
0.80558 0.19442 0.00183687 0.00183687
0.80564 0.19436 0.00184684 0.00184684
0.80497 0.19503 0.00187486 0.00187486
0.8053 0.1947 0.00190795 0.00190795
0.80526 0.19474 0.00188937 0.00188937
0.80517 0.19483 0.00185402 0.00185402
0.80516 0.19484 0.00189466 0.00189466
0.80561 0.19439 0.00180687 0.00180687
0.80627 0.19373 0.00181468 0.00181468
0.80465 0.19535 0.00189104 0.00189104
0.80413 0.19587 0.00195993 0.00195993
0.80397 0.19603 0.00192496 0.00192496
0.80358 0.19642 0.00189689 0.00189689
0.80342 0.19658 0.0018755 0.0018755
0.80333 0.19667 0.00181398 0.00181398
0.80416 0.19584 0.00177294 0.00177294
0.80408 0.19592 0.00175462 0.00175462
0.80505 0.19495 0.00169835 0.00169835
