0.50488 0.49512 0.0104057 0.0104057
0.50036 0.49964 0.00914312 0.00914312
0.49584 0.50416 0.00848551 0.00848551
0.49265 0.50735 0.00828084 0.00828084
0.48888 0.51112 0.00813213 0.00813213
0.48556 0.51444 0.00812013 0.00812013
0.48368 0.51632 0.00828493 0.00828493
0.48204 0.51796 0.00834228 0.00834228
0.48042 0.51958 0.00858437 0.00858437
0.47834 0.52166 0.0089111 0.0089111
0.4767 0.5233 0.00918381 0.00918381
0.47578 0.52422 0.00959066 0.00959066
0.47428 0.52572 0.0100955 0.0100955
0.47322 0.52678 0.0105149 0.0105149
0.47252 0.52748 0.0108798 0.0108798
0.47181 0.52819 0.0111954 0.0111954
0.4719 0.5281 0.0113948 0.0113948
0.47075 0.52925 0.011808 0.011808
0.46995 0.53005 0.0120778 0.0120778
0.46906 0.53094 0.0123536 0.0123536
0.46848 0.53152 0.0125793 0.0125793
0.46821 0.53179 0.0127814 0.0127814
0.46767 0.53233 0.0130536 0.0130536
0.46707 0.53293 0.0132231 0.0132231
0.46615 0.53385 0.0135228 0.0135228
0.46579 0.53421 0.0136631 0.0136631
0.46589 0.53411 0.0138222 0.0138222
0.46518 0.53482 0.0140124 0.0140124
0.46487 0.53513 0.0142385 0.0142385
0.46448 0.53552 0.0143592 0.0143592
0.46447 0.53553 0.0144898 0.0144898
0.46431 0.53569 0.0146545 0.0146545
0.46401 0.53599 0.0148609 0.0148609
0.46313 0.53687 0.0149992 0.0149992
0.46276 0.53724 0.0151496 0.0151496
0.4623 0.5377 0.0151757 0.0151757
0.46201 0.53799 0.0152878 0.0152878
0.46171 0.53829 0.0154092 0.0154092
0.46111 0.53889 0.0155359 0.0155359
0.46099 0.53901 0.0156386 0.0156386
0.46068 0.53932 0.0157889 0.0157889
0.46054 0.53946 0.0159003 0.0159003
0.46027 0.53973 0.0159661 0.0159661
0.45985 0.54015 0.0160625 0.0160625
0.45954 0.54046 0.0161359 0.0161359
0.45941 0.54059 0.0162181 0.0162181
0.4593 0.5407 0.0162978 0.0162978
0.45931 0.54069 0.0164132 0.0164132
0.45911 0.54089 0.0165136 0.0165136
0.45907 0.54093 0.0165297 0.0165297
0.45897 0.54103 0.0166231 0.0166231
0.45891 0.54109 0.0166998 0.0166998
0.4588 0.5412 0.0168212 0.0168212
0.45878 0.54122 0.0169325 0.0169325
0.45847 0.54153 0.0169987 0.0169987
0.45852 0.54148 0.0170361 0.0170361
0.45858 0.54142 0.0170329 0.0170329
0.45861 0.54139 0.0170595 0.0170595
0.45842 0.54158 0.0171044 0.0171044
0.45834 0.54166 0.0171357 0.0171357
0.45838 0.54162 0.0171793 0.0171793
0.45817 0.54183 0.0172081 0.0172081
0.45808 0.54192 0.0172364 0.0172364
0.45797 0.54203 0.0172907 0.0172907
0.45779 0.54221 0.0173296 0.0173296
0.45779 0.54221 0.0173743 0.0173743
0.45767 0.54233 0.0173957 0.0173957
0.45765 0.54235 0.0174055 0.0174055
0.45767 0.54233 0.0174222 0.0174222
0.45775 0.54225 0.0174582 0.0174582
0.45778 0.54222 0.0175203 0.0175203
0.45769 0.54231 0.0175466 0.0175466
0.45764 0.54236 0.0175813 0.0175813
0.45764 0.54236 0.0176278 0.0176278
0.45767 0.54233 0.0176687 0.0176687
0.45763 0.54237 0.0176896 0.0176896
0.45768 0.54232 0.0177195 0.0177195
0.45762 0.54238 0.0177335 0.0177335
0.45753 0.54247 0.0177332 0.0177332
0.45749 0.54251 0.0177577 0.0177577
0.45739 0.54261 0.0177457 0.0177457
0.4574 0.5426 0.0177833 0.0177833
0.45744 0.54256 0.017803 0.017803
0.45741 0.54259 0.0178213 0.0178213
0.45743 0.54257 0.0178359 0.0178359
0.45732 0.54268 0.017854 0.017854
0.45732 0.54268 0.017875 0.017875
0.45728 0.54272 0.0179143 0.0179143
0.45726 0.54274 0.0179267 0.0179267
0.45721 0.54279 0.0179368 0.0179368
0.45713 0.54287 0.0179383 0.0179383
0.457 0.543 0.0179432 0.0179432
0.45706 0.54294 0.0179592 0.0179592
0.45714 0.54286 0.0179366 0.0179366
0.45718 0.54282 0.0179367 0.0179367
0.45726 0.54274 0.0179454 0.0179454
0.45725 0.54275 0.0179688 0.0179688
0.45724 0.54276 0.017986 0.017986
0.45725 0.54275 0.0179949 0.0179949
0.45723 0.54277 0.0180146 0.0180146
0.45723 0.54277 0.0180164 0.0180164
0.45731 0.54269 0.0180291 0.0180291
0.45732 0.54268 0.0180277 0.0180277
0.45729 0.54271 0.0180345 0.0180345
0.45727 0.54273 0.0180384 0.0180384
0.45727 0.54273 0.0180634 0.0180634
0.45726 0.54274 0.0180847 0.0180847
0.45733 0.54267 0.018103 0.018103
0.45737 0.54263 0.0181129 0.0181129
0.45727 0.54273 0.018115 0.018115
0.45729 0.54271 0.0181178 0.0181178
0.4573 0.5427 0.018113 0.018113
0.45732 0.54268 0.0181063 0.0181063
0.45727 0.54273 0.018135 0.018135
0.45726 0.54274 0.0181314 0.0181314
0.45724 0.54276 0.0181457 0.0181457
0.45726 0.54274 0.0181397 0.0181397
0.45728 0.54272 0.0181368 0.0181368
0.45732 0.54268 0.018137 0.018137
0.45722 0.54278 0.018155 0.018155
0.45724 0.54276 0.0181406 0.0181406
0.45719 0.54281 0.0181548 0.0181548
0.45722 0.54278 0.018179 0.018179
0.45721 0.54279 0.0181686 0.0181686
0.45725 0.54275 0.0181659 0.0181659
0.45727 0.54273 0.0181545 0.0181545
0.45729 0.54271 0.0181565 0.0181565
0.45729 0.54271 0.0181556 0.0181556
0.45729 0.54271 0.0181569 0.0181569
0.45726 0.54274 0.0181649 0.0181649
0.45726 0.54274 0.0181722 0.0181722
0.45725 0.54275 0.0181762 0.0181763
0.45726 0.54274 0.0181818 0.0181818
0.45728 0.54272 0.0181885 0.0181885
0.45723 0.54277 0.018189 0.018189
0.45727 0.54273 0.0181855 0.0181855
0.45726 0.54274 0.0181865 0.0181865
0.45724 0.54276 0.018189 0.018189
0.45724 0.54276 0.0181941 0.0181941
0.45726 0.54274 0.0181956 0.0181956
0.45724 0.54276 0.018208 0.018208
0.45723 0.54277 0.0182107 0.0182107
0.45723 0.54277 0.018226 0.018226
0.45722 0.54278 0.0182302 0.0182302
0.45725 0.54275 0.0182389 0.0182389
0.45727 0.54273 0.0182288 0.0182288
0.45727 0.54273 0.0182292 0.0182292
0.45725 0.54275 0.0182338 0.0182338
0.45722 0.54278 0.0182328 0.0182328
0.45724 0.54276 0.018228 0.018228
0.45722 0.54278 0.0182289 0.0182289
0.45722 0.54278 0.01824 0.01824
0.45725 0.54275 0.0182392 0.0182392
0.45725 0.54275 0.0182336 0.0182336
0.45726 0.54274 0.0182268 0.0182268
0.45725 0.54275 0.0182303 0.0182303
0.45727 0.54273 0.0182348 0.0182348
0.45728 0.54272 0.0182397 0.0182397
0.45724 0.54276 0.0182429 0.0182429
0.45727 0.54273 0.0182501 0.0182501
0.45723 0.54277 0.0182416 0.0182416
0.45723 0.54277 0.0182416 0.0182416
0.45723 0.54277 0.0182416 0.0182416
0.45721 0.54279 0.0182334 0.0182334
0.45723 0.54277 0.0182393 0.0182393
0.45722 0.54278 0.0182382 0.0182382
0.45724 0.54276 0.0182444 0.0182444
0.45724 0.54276 0.0182484 0.0182484
0.45725 0.54275 0.0182495 0.0182495
0.45725 0.54275 0.0182495 0.0182495
0.4572 0.5428 0.0182578 0.0182578
0.45723 0.54277 0.0182682 0.0182682
0.45721 0.54279 0.018274 0.018274
0.45722 0.54278 0.0182698 0.0182698
0.45722 0.54278 0.0182608 0.0182608
0.45723 0.54277 0.0182685 0.0182685
0.45723 0.54277 0.0182685 0.0182685
0.45722 0.54278 0.0182654 0.0182654
0.45722 0.54278 0.0182641 0.0182641
0.45721 0.54279 0.0182666 0.0182666
0.45721 0.54279 0.0182666 0.0182666
0.45721 0.54279 0.0182678 0.0182678
0.45721 0.54279 0.0182663 0.0182663
0.45722 0.54278 0.0182755 0.0182755
0.45721 0.54279 0.0182723 0.0182723
0.45721 0.54279 0.0182723 0.0182723
0.45719 0.54281 0.0182828 0.0182828
0.4572 0.5428 0.0182858 0.0182858
0.45719 0.54281 0.0182892 0.0182892
0.45721 0.54279 0.0182897 0.0182897
0.45722 0.54278 0.0182928 0.0182928
0.45723 0.54277 0.0182901 0.0182901
0.45722 0.54278 0.0182859 0.0182859
0.45722 0.54278 0.0182887 0.0182887
0.4572 0.5428 0.0182902 0.0182902
0.45719 0.54281 0.0182945 0.0182945
0.45718 0.54282 0.0182911 0.0182911
0.45718 0.54282 0.0182999 0.0182999
0.45718 0.54282 0.0182999 0.0182999
0.45717 0.54283 0.0182943 0.0182943
0.45718 0.54282 0.0182985 0.0182985
0.45719 0.54281 0.0183027 0.0183027
0.45721 0.54279 0.0183014 0.0183014
0.45721 0.54279 0.0182999 0.0182999
0.45723 0.54277 0.0183012 0.0183012
0.45724 0.54276 0.0183015 0.0183015
0.45722 0.54278 0.0182957 0.0182957
0.45723 0.54277 0.0183012 0.0183012
0.45724 0.54276 0.0183041 0.0183041
0.45724 0.54276 0.0183041 0.0183041
0.45723 0.54277 0.0183035 0.0183035
0.45723 0.54277 0.0183035 0.0183035
0.45723 0.54277 0.0183035 0.0183035
0.45724 0.54276 0.0183045 0.0183045
0.45724 0.54276 0.0183045 0.0183045
0.45724 0.54276 0.0183045 0.0183045
0.45724 0.54276 0.0183144 0.0183144
0.45725 0.54275 0.0183105 0.0183105
0.45725 0.54275 0.0183082 0.0183082
0.45723 0.54277 0.0183078 0.0183078
0.45722 0.54278 0.0183097 0.0183097
0.45723 0.54277 0.0183124 0.0183124
0.45723 0.54277 0.0183124 0.0183124
0.45724 0.54276 0.0183105 0.0183105
0.45724 0.54276 0.0183105 0.0183105
0.45724 0.54276 0.0183105 0.0183105
0.45724 0.54276 0.0183105 0.0183105
0.45724 0.54276 0.0183103 0.0183103
0.45723 0.54277 0.0183106 0.0183106
0.45723 0.54277 0.0183106 0.0183106
0.45725 0.54275 0.0183128 0.0183128
0.45725 0.54275 0.0183128 0.0183128
0.45724 0.54276 0.0183146 0.0183146
0.45723 0.54277 0.0183152 0.0183152
0.45722 0.54278 0.0183186 0.0183186
0.45722 0.54278 0.0183186 0.0183186
0.45722 0.54278 0.0183161 0.0183161
0.45722 0.54278 0.0183149 0.0183149
0.45722 0.54278 0.0183149 0.0183149
0.4572 0.5428 0.0183189 0.0183189
0.45721 0.54279 0.0183223 0.0183223
0.45721 0.54279 0.0183223 0.0183223
0.45722 0.54278 0.0183266 0.0183266
0.45723 0.54277 0.0183244 0.0183244
0.45723 0.54277 0.0183244 0.0183244
0.45722 0.54278 0.0183201 0.0183201
0.45722 0.54278 0.0183201 0.0183201
0.45723 0.54277 0.0183204 0.0183204
0.45723 0.54277 0.0183204 0.0183204
0.45722 0.54278 0.0183226 0.0183226
0.45723 0.54277 0.0183204 0.0183204
0.45723 0.54277 0.0183204 0.0183204
0.45723 0.54277 0.0183204 0.0183204
0.45724 0.54276 0.0183259 0.0183259
0.45724 0.54276 0.0183259 0.0183259
0.45724 0.54276 0.0183259 0.0183259
0.45725 0.54275 0.0183254 0.0183254
0.45725 0.54275 0.0183254 0.0183254
0.45725 0.54275 0.0183254 0.0183254
0.45725 0.54275 0.0183254 0.0183254
0.45725 0.54275 0.0183254 0.0183254
0.45724 0.54276 0.0183259 0.0183259
0.45724 0.54276 0.0183259 0.0183259
0.45724 0.54276 0.0183259 0.0183259
0.45724 0.54276 0.0183308 0.0183308
0.45725 0.54275 0.0183284 0.0183284
0.45725 0.54275 0.0183284 0.0183284
0.45725 0.54275 0.0183284 0.0183284
0.45724 0.54276 0.0183259 0.0183259
0.45725 0.54275 0.0183254 0.0183254
0.45724 0.54276 0.0183239 0.0183239
0.45724 0.54276 0.0183239 0.0183239
0.45724 0.54276 0.0183239 0.0183239
0.45722 0.54278 0.0183301 0.0183301
0.45723 0.54277 0.0183335 0.0183335
0.45723 0.54277 0.0183335 0.0183335
0.45723 0.54277 0.0183335 0.0183335
0.45724 0.54276 0.018334 0.018334
0.45725 0.54275 0.0183335 0.0183335
0.45724 0.54276 0.018334 0.018334
0.45723 0.54277 0.0183382 0.0183382
0.45722 0.54278 0.0183331 0.0183331
0.45721 0.54279 0.0183335 0.0183335
0.45722 0.54278 0.0183333 0.0183333
0.45722 0.54278 0.0183333 0.0183333
0.45723 0.54277 0.0183358 0.0183358
0.45723 0.54277 0.0183358 0.0183358
0.45723 0.54277 0.0183384 0.0183384
0.45723 0.54277 0.0183384 0.0183384
0.45723 0.54277 0.0183384 0.0183384
0.45724 0.54276 0.018341 0.018341
0.45723 0.54277 0.0183417 0.0183417
0.45724 0.54276 0.01834 0.01834
0.45721 0.54279 0.0183269 0.0183269
0.4572 0.5428 0.0183286 0.0183286
0.4572 0.5428 0.0183286 0.0183286
0.45721 0.54279 0.0183338 0.0183338
0.45721 0.54279 0.0183338 0.0183338
0.45721 0.54279 0.0183338 0.0183338
0.45722 0.54278 0.0183331 0.0183331
0.45724 0.54276 0.0183352 0.0183352
0.45725 0.54275 0.0183398 0.0183398
0.45726 0.54274 0.0183405 0.0183405
0.45725 0.54275 0.0183412 0.0183412
0.45725 0.54275 0.0183412 0.0183412
0.45724 0.54276 0.0183415 0.0183415
0.45724 0.54276 0.0183415 0.0183415
0.45724 0.54276 0.0183415 0.0183415
0.45724 0.54276 0.0183415 0.0183415
0.45724 0.54276 0.0183415 0.0183415
0.45725 0.54275 0.0183436 0.0183436
0.45725 0.54275 0.0183436 0.0183436
0.45725 0.54275 0.0183436 0.0183436
0.45725 0.54275 0.018344 0.018344
0.45725 0.54275 0.018344 0.018344
0.45724 0.54276 0.0183434 0.0183434
0.45724 0.54276 0.0183434 0.0183434
0.45725 0.54275 0.0183411 0.0183411
0.45724 0.54276 0.0183434 0.0183434
0.45724 0.54276 0.0183434 0.0183434
0.45724 0.54276 0.0183434 0.0183434
0.45723 0.54277 0.0183383 0.0183383
0.45724 0.54276 0.0183408 0.0183408
0.45725 0.54275 0.0183414 0.0183414
0.45725 0.54275 0.0183414 0.0183414
0.45725 0.54275 0.0183414 0.0183414
0.45725 0.54275 0.0183414 0.0183414
0.45725 0.54275 0.0183414 0.0183414
0.45724 0.54276 0.0183437 0.0183437
0.45726 0.54274 0.0183482 0.0183482
0.45726 0.54274 0.0183482 0.0183482
0.45726 0.54274 0.0183482 0.0183482
0.45727 0.54273 0.018348 0.018348
0.45727 0.54273 0.018348 0.018348
0.45729 0.54271 0.0183456 0.0183456
0.45728 0.54272 0.0183479 0.0183479
0.45728 0.54272 0.0183479 0.0183479
0.45729 0.54271 0.0183506 0.0183506
0.45728 0.54272 0.0183565 0.0183565
0.45728 0.54272 0.0183565 0.0183565
0.45728 0.54272 0.0183479 0.0183479
0.45728 0.54272 0.0183479 0.0183479
0.45728 0.54272 0.0183479 0.0183479
0.45728 0.54272 0.0183479 0.0183479
0.45727 0.54273 0.018348 0.018348
0.45727 0.54273 0.018348 0.018348
0.45728 0.54272 0.0183532 0.0183532
0.45727 0.54273 0.018359 0.018359
0.45727 0.54273 0.0183566 0.0183566
0.4573 0.5427 0.0183591 0.0183591
0.45729 0.54271 0.0183609 0.0183609
0.45728 0.54272 0.0183575 0.0183575
0.45728 0.54272 0.0183558 0.0183558
0.45727 0.54273 0.0183507 0.0183507
0.45727 0.54273 0.0183507 0.0183507
0.45727 0.54273 0.0183507 0.0183507
0.45728 0.54272 0.0183541 0.0183541
0.45728 0.54272 0.0183541 0.0183541
0.45728 0.54272 0.0183541 0.0183541
0.45728 0.54272 0.0183541 0.0183541
0.45728 0.54272 0.0183541 0.0183541
0.45728 0.54272 0.0183541 0.0183541
0.45728 0.54272 0.0183541 0.0183541
0.45729 0.54271 0.0183574 0.0183574
0.45729 0.54271 0.0183574 0.0183574
0.45728 0.54272 0.0183597 0.0183597
0.45727 0.54273 0.0183564 0.0183564
0.45727 0.54273 0.0183564 0.0183564
0.45727 0.54273 0.0183564 0.0183564
0.45726 0.54274 0.0183541 0.0183541
0.45726 0.54274 0.0183541 0.0183541
0.45726 0.54274 0.0183548 0.0183548
0.45727 0.54273 0.0183531 0.0183531
0.45727 0.54273 0.0183531 0.0183531
0.45727 0.54273 0.0183531 0.0183531
0.45727 0.54273 0.0183531 0.0183531
0.45727 0.54273 0.0183531 0.0183531
0.45727 0.54273 0.0183531 0.0183531
0.45727 0.54273 0.0183531 0.0183531
0.45727 0.54273 0.0183531 0.0183531
0.45727 0.54273 0.0183531 0.0183531
0.45729 0.54271 0.018353 0.018353
0.45729 0.54271 0.018353 0.018353
0.45729 0.54271 0.018353 0.018353
0.4573 0.5427 0.0183523 0.0183523
0.4573 0.5427 0.0183523 0.0183523
0.45732 0.54268 0.01836 0.01836
0.45732 0.54268 0.01836 0.01836
0.45732 0.54268 0.018364 0.018364
0.45732 0.54268 0.018364 0.018364
0.45732 0.54268 0.018364 0.018364
0.45732 0.54268 0.018364 0.018364
0.45732 0.54268 0.018364 0.018364
0.45731 0.54269 0.0183607 0.0183607
0.45731 0.54269 0.0183607 0.0183607
0.4573 0.5427 0.0183645 0.0183645
0.45731 0.54269 0.0183651 0.0183651
0.4573 0.5427 0.0183645 0.0183645
0.45731 0.54269 0.0183607 0.0183607
0.45732 0.54268 0.01836 0.01836
0.45731 0.54269 0.0183557 0.0183557
0.4573 0.5427 0.0183534 0.0183534
0.4573 0.5427 0.0183534 0.0183534
0.4573 0.5427 0.0183534 0.0183534
0.4573 0.5427 0.0183534 0.0183534
0.4573 0.5427 0.0183534 0.0183534
0.4573 0.5427 0.0183534 0.0183534
0.45732 0.54268 0.01836 0.01836
0.45732 0.54268 0.01836 0.01836
0.45732 0.54268 0.01836 0.01836
0.45732 0.54268 0.01836 0.01836
0.45733 0.54267 0.0183633 0.0183633
0.45732 0.54268 0.018361 0.018361
0.45732 0.54268 0.018361 0.018361
0.45733 0.54267 0.0183633 0.0183633
0.45733 0.54267 0.0183633 0.0183633
0.45732 0.54268 0.01836 0.01836
0.45731 0.54269 0.0183659 0.0183659
0.45732 0.54268 0.01836 0.01836
0.45732 0.54268 0.01836 0.01836
0.45732 0.54268 0.01836 0.01836
0.45732 0.54268 0.0183589 0.0183589
0.45732 0.54268 0.0183589 0.0183589
0.45732 0.54268 0.0183589 0.0183589
0.45732 0.54268 0.0183589 0.0183589
0.45731 0.54269 0.0183625 0.0183625
0.45731 0.54269 0.0183625 0.0183625
0.45732 0.54268 0.0183668 0.0183668
0.45732 0.54268 0.0183668 0.0183668
0.45733 0.54267 0.0183633 0.0183633
0.45733 0.54267 0.0183633 0.0183633
0.45733 0.54267 0.0183633 0.0183633
0.45733 0.54267 0.0183633 0.0183633
0.45733 0.54267 0.0183633 0.0183633
0.45732 0.54268 0.0183668 0.0183668
0.45733 0.54267 0.0183683 0.0183683
0.45732 0.54268 0.0183742 0.0183742
0.45732 0.54268 0.0183742 0.0183742
0.45731 0.54269 0.0183727 0.0183727
0.45731 0.54269 0.0183727 0.0183727
0.45731 0.54269 0.0183727 0.0183727
0.45731 0.54269 0.0183727 0.0183727
0.45731 0.54269 0.0183727 0.0183727
0.45732 0.54268 0.0183742 0.0183742
0.45731 0.54269 0.0183727 0.0183727
0.45731 0.54269 0.0183727 0.0183727
0.45732 0.54268 0.0183742 0.0183742
0.45732 0.54268 0.0183742 0.0183742
0.45731 0.54269 0.0183699 0.0183699
0.45731 0.54269 0.0183699 0.0183699
0.45731 0.54269 0.0183699 0.0183699
0.4573 0.5427 0.0183684 0.0183684
0.4573 0.5427 0.0183684 0.0183684
0.4573 0.5427 0.0183684 0.0183684
0.4573 0.5427 0.0183684 0.0183684
0.4573 0.5427 0.0183684 0.0183684
0.4573 0.5427 0.0183684 0.0183684
0.4573 0.5427 0.0183684 0.0183684
0.4573 0.5427 0.0183684 0.0183684
0.4573 0.5427 0.0183684 0.0183684
0.45731 0.54269 0.0183727 0.0183727
0.4573 0.5427 0.0183705 0.0183705
0.4573 0.5427 0.0183705 0.0183705
0.45731 0.54269 0.0183711 0.0183711
0.45731 0.54269 0.0183711 0.0183711
0.45731 0.54269 0.0183711 0.0183711
0.45731 0.54269 0.0183711 0.0183711
0.45732 0.54268 0.0183726 0.0183726
0.45732 0.54268 0.0183726 0.0183726
0.45732 0.54268 0.0183726 0.0183726
0.45732 0.54268 0.0183726 0.0183726
0.45732 0.54268 0.0183726 0.0183726
0.45732 0.54268 0.0183726 0.0183726
0.45732 0.54268 0.0183726 0.0183726
0.45732 0.54268 0.0183726 0.0183726
0.45732 0.54268 0.0183726 0.0183726
0.45732 0.54268 0.0183726 0.0183726
0.45731 0.54269 0.0183711 0.0183711
0.4573 0.5427 0.0183705 0.0183705
0.4573 0.5427 0.0183705 0.0183705
0.4573 0.5427 0.0183705 0.0183705
0.4573 0.5427 0.0183705 0.0183705
0.4573 0.5427 0.0183705 0.0183705
0.4573 0.5427 0.0183705 0.0183705
0.4573 0.5427 0.0183705 0.0183705
0.4573 0.5427 0.0183705 0.0183705
0.45731 0.54269 0.0183711 0.0183711
0.45731 0.54269 0.018372 0.018372
0.45731 0.54269 0.018372 0.018372
0.45731 0.54269 0.018372 0.018372
0.45731 0.54269 0.018372 0.018372
0.45731 0.54269 0.018372 0.018372
0.45731 0.54269 0.018372 0.018372
0.45731 0.54269 0.018372 0.018372
0.45731 0.54269 0.018372 0.018372
0.45731 0.54269 0.018372 0.018372
0.45732 0.54268 0.0183726 0.0183726
0.45732 0.54268 0.0183726 0.0183726
0.45732 0.54268 0.0183726 0.0183726
0.45732 0.54268 0.0183726 0.0183726
