0.62193 0.37807 0.000367844 0.000367844
0.64243 0.35757 0.000674066 0.000674066
0.65958 0.34042 0.00112289 0.00112289
0.67521 0.32479 0.00156807 0.00156807
0.69022 0.30978 0.00202858 0.00202858
0.70256 0.29744 0.00247158 0.00247158
0.71365 0.28635 0.00307189 0.00307189
0.72383 0.27617 0.00352489 0.00352489
0.73359 0.26641 0.00392976 0.00392976
0.74167 0.25833 0.00444849 0.00444849
0.74891 0.25109 0.00477511 0.00477511
0.75577 0.24423 0.00516268 0.00516268
0.76234 0.23766 0.00543724 0.00543724
0.76809 0.23191 0.00579671 0.00579671
0.77351 0.22649 0.00602957 0.00602957
0.77832 0.22168 0.00637771 0.00637771
0.78315 0.21685 0.00656181 0.00656181
0.78779 0.21221 0.0068319 0.0068319
0.79173 0.20827 0.00700483 0.00700483
0.79551 0.20449 0.00725363 0.00725363
0.79894 0.20106 0.00735034 0.00735034
0.80243 0.19757 0.00742851 0.00742851
0.80495 0.19505 0.00764637 0.00764637
0.80763 0.19237 0.00765712 0.00765712
0.8101 0.1899 0.00771381 0.00771381
0.81267 0.18733 0.00770828 0.00770828
0.815 0.185 0.00775816 0.00775816
0.81679 0.18321 0.00791162 0.00791162
0.81887 0.18113 0.00792828 0.00792828
0.82098 0.17902 0.00783859 0.00783859
0.82244 0.17756 0.00791641 0.00791641
0.82428 0.17572 0.00789376 0.00789376
0.82606 0.17394 0.00793236 0.00793236
0.82781 0.17219 0.00785424 0.00785424
0.82967 0.17033 0.00769142 0.00769142
0.83077 0.16923 0.00768026 0.00768026
0.83212 0.16788 0.00764267 0.00764267
0.8337 0.1663 0.00758593 0.00758593
0.8351 0.1649 0.00757429 0.00757429
0.83603 0.16397 0.00751991 0.00751991
0.83687 0.16313 0.00749173 0.00749173
0.83779 0.16221 0.0074815 0.0074815
0.83863 0.16137 0.00748207 0.00748207
0.83931 0.16069 0.00749246 0.00749246
0.84022 0.15978 0.00742779 0.00742779
0.84089 0.15911 0.00741788 0.00741788
0.84154 0.15846 0.00740284 0.00740284
0.84235 0.15765 0.00737314 0.00737314
0.84317 0.15683 0.00730691 0.00730691
0.84359 0.15641 0.00730146 0.00730146
0.84392 0.15608 0.00732038 0.00732038
0.8445 0.1555 0.00726595 0.00726595
0.84503 0.15497 0.00730207 0.00730207
0.84551 0.15449 0.00727763 0.00727763
0.84603 0.15397 0.00720987 0.00720987
0.84647 0.15353 0.00720623 0.00720623
0.84695 0.15305 0.00717253 0.00717253
0.84731 0.15269 0.00717474 0.00717474
0.84773 0.15227 0.00714899 0.00714899
0.84805 0.15195 0.00715647 0.00715647
0.84833 0.15167 0.00719984 0.00719984
0.84865 0.15135 0.00716179 0.00716179
0.8491 0.1509 0.00709995 0.00709995
0.84947 0.15053 0.0070688 0.0070688
0.84971 0.15029 0.00705865 0.00705865
0.84999 0.15001 0.00705811 0.00705811
0.85027 0.14973 0.00705157 0.00705157
0.85049 0.14951 0.00701462 0.00701462
0.85073 0.14927 0.00697559 0.00697559
0.85091 0.14909 0.00697711 0.00697711
0.85115 0.14885 0.0069774 0.0069774
0.85137 0.14863 0.00696767 0.00696767
0.85157 0.14843 0.00695702 0.00695702
0.85185 0.14815 0.00693878 0.00693878
0.8519 0.1481 0.00695852 0.00695852
0.85208 0.14792 0.00691834 0.00691834
0.85224 0.14776 0.00692536 0.00692536
0.85235 0.14765 0.00689785 0.00689785
0.8525 0.1475 0.00685955 0.00685955
0.85263 0.14737 0.00685278 0.00685278
0.85282 0.14718 0.00682775 0.00682775
0.85292 0.14708 0.00680306 0.00680306
0.85305 0.14695 0.00680855 0.00680855
0.8532 0.1468 0.00679069 0.00679069
0.85328 0.14672 0.00678319 0.00678319
0.85353 0.14647 0.00675542 0.00675542
0.85365 0.14635 0.00675587 0.00675587
0.85369 0.14631 0.00674383 0.00674383
0.85372 0.14628 0.00676196 0.00676196
0.85383 0.14617 0.00677271 0.00677271
0.85404 0.14596 0.0067658 0.0067658
0.85403 0.14597 0.00677136 0.00677136
0.85408 0.14592 0.00676541 0.00676541
0.85411 0.14589 0.00676563 0.00676563
0.8543 0.1457 0.00673421 0.00673421
0.85438 0.14562 0.00671408 0.00671408
0.8545 0.1455 0.00670276 0.00670276
0.85458 0.14542 0.00671134 0.00671134
0.85468 0.14532 0.00670434 0.00670434
0.85485 0.14515 0.00668609 0.00668609
0.85486 0.14514 0.00668014 0.00668014
0.85488 0.14512 0.00666655 0.00666655
0.85489 0.14511 0.0066721 0.0066721
0.85482 0.14518 0.00668857 0.00668857
0.85486 0.14514 0.00669289 0.00669289
0.85483 0.14517 0.00670548 0.00670548
0.85492 0.14508 0.00670143 0.00670143
0.85503 0.14497 0.00669579 0.00669579
0.85508 0.14492 0.00668771 0.00668771
0.85502 0.14498 0.00670638 0.00670638
0.85507 0.14493 0.00669574 0.00669574
0.85508 0.14492 0.00669193 0.00669193
0.85513 0.14487 0.00667605 0.00667605
0.85526 0.14474 0.00665985 0.00665985
0.85525 0.14475 0.00666714 0.00666714
0.85524 0.14476 0.0066777 0.0066777
0.8553 0.1447 0.00665571 0.00665571
0.8554 0.1446 0.00664303 0.00664303
0.85541 0.14459 0.00665837 0.00665837
0.85547 0.14453 0.00666033 0.00666033
0.85554 0.14446 0.00665072 0.00665072
0.85556 0.14444 0.00665051 0.00665051
0.85551 0.14449 0.00665177 0.00665177
0.8555 0.1445 0.00666076 0.00666076
0.85555 0.14445 0.00666213 0.00666213
0.85559 0.14441 0.00665273 0.00665273
0.85558 0.14442 0.00666049 0.00666049
0.8556 0.1444 0.00665859 0.00665859
0.85556 0.14444 0.00666605 0.00666605
0.85564 0.14436 0.00664858 0.00664858
0.85567 0.14433 0.00664715 0.00664715
0.8557 0.1443 0.00665132 0.00665132
0.85572 0.14428 0.00665259 0.00665259
0.8557 0.1443 0.00665462 0.00665462
0.8557 0.1443 0.00665338 0.00665338
0.85575 0.14425 0.00664718 0.00664718
0.85573 0.14427 0.00664523 0.00664523
0.85568 0.14432 0.00665143 0.00665143
0.85567 0.14433 0.00665441 0.00665441
0.85569 0.14431 0.00664333 0.00664333
0.85569 0.14431 0.00664106 0.00664106
0.85567 0.14433 0.0066456 0.0066456
0.85572 0.14428 0.00665235 0.00665235
0.85572 0.14428 0.00665449 0.00665449
0.85576 0.14424 0.00665061 0.00665061
0.85577 0.14423 0.00664975 0.00664975
0.85577 0.14423 0.00664513 0.00664513
0.85579 0.14421 0.00663803 0.00663803
0.85578 0.14422 0.00663522 0.00663522
0.85579 0.14421 0.0066391 0.0066391
0.85582 0.14418 0.00663958 0.00663958
0.85584 0.14416 0.00663113 0.00663113
0.85582 0.14418 0.00663372 0.00663372
0.85586 0.14414 0.00662594 0.00662594
0.85587 0.14413 0.00662632 0.00662632
0.85588 0.14412 0.00662936 0.00662936
0.85592 0.14408 0.00662864 0.00662864
0.85591 0.14409 0.00663081 0.00663081
0.85592 0.14408 0.00663254 0.00663254
0.85597 0.14403 0.00663213 0.00663213
0.85598 0.14402 0.00663517 0.00663517
0.85603 0.14397 0.00663144 0.00663144
0.85604 0.14396 0.00663271 0.00663271
0.85603 0.14397 0.00663367 0.00663367
0.85606 0.14394 0.00662895 0.00662895
0.85602 0.14398 0.00662966 0.00662966
0.85601 0.14399 0.00663159 0.00663159
0.856 0.144 0.0066344 0.0066344
0.85599 0.14401 0.00663872 0.00663872
0.856 0.144 0.00664145 0.00664145
0.856 0.144 0.00663412 0.00663412
0.85602 0.14398 0.00663184 0.00663184
0.85603 0.14397 0.00663057 0.00663057
0.85605 0.14395 0.00663358 0.00663358
0.85607 0.14393 0.00663269 0.00663269
0.85607 0.14393 0.00663477 0.00663477
0.85609 0.14391 0.00663626 0.00663626
0.85607 0.14393 0.00664194 0.00664194
0.85608 0.14392 0.00664286 0.00664286
0.85607 0.14393 0.00663748 0.00663748
0.85609 0.14391 0.00663253 0.00663253
0.8561 0.1439 0.00663484 0.00663484
0.85611 0.14389 0.00663541 0.00663541
0.85613 0.14387 0.00663698 0.00663698
0.85612 0.14388 0.00663712 0.00663712
0.85613 0.14387 0.00663052 0.00663052
0.85612 0.14388 0.0066332 0.0066332
0.85611 0.14389 0.00663616 0.00663616
0.8561 0.1439 0.00663506 0.00663506
0.85612 0.14388 0.00663116 0.00663116
0.85612 0.14388 0.00663116 0.00663116
0.85612 0.14388 0.00663116 0.00663116
0.85614 0.14386 0.0066341 0.0066341
0.85614 0.14386 0.0066341 0.0066341
0.85615 0.14385 0.00663033 0.00663033
0.85613 0.14387 0.00662933 0.00662933
0.85615 0.14385 0.00662506 0.00662506
0.85611 0.14389 0.00663456 0.00663456
0.85612 0.14388 0.00663233 0.00663233
0.85613 0.14387 0.00663323 0.00663323
0.85612 0.14388 0.00663304 0.00663304
0.85613 0.14387 0.00663415 0.00663415
0.85614 0.14386 0.00663529 0.00663529
0.85615 0.14385 0.00663599 0.00663599
0.85615 0.14385 0.00663599 0.00663599
0.85614 0.14386 0.00663798 0.00663798
0.85617 0.14383 0.00664168 0.00664168
0.85617 0.14383 0.00664168 0.00664168
0.85618 0.14382 0.00663801 0.00663801
0.85617 0.14383 0.00663788 0.00663788
0.8562 0.1438 0.00663307 0.00663307
0.85621 0.14379 0.00663425 0.00663425
0.85621 0.14379 0.00663425 0.00663425
0.8562 0.1438 0.00663438 0.00663438
0.85621 0.14379 0.00663061 0.00663061
0.85621 0.14379 0.00663098 0.00663098
0.85619 0.14381 0.00663353 0.00663353
0.85619 0.14381 0.00663353 0.00663353
0.85619 0.14381 0.00663733 0.00663733
0.8562 0.1438 0.00663687 0.00663687
0.85622 0.14378 0.00663052 0.00663052
0.85623 0.14377 0.00663064 0.00663064
0.85621 0.14379 0.0066318 0.0066318
0.85621 0.14379 0.0066318 0.0066318
0.85619 0.14381 0.00663367 0.00663367
0.85619 0.14381 0.00663367 0.00663367
0.85619 0.14381 0.00663367 0.00663367
0.8562 0.1438 0.00663349 0.00663349
0.8562 0.1438 0.00663349 0.00663349
0.85621 0.14379 0.00663336 0.00663336
0.85622 0.14378 0.0066304 0.0066304
0.85623 0.14377 0.00663169 0.00663169
0.85623 0.14377 0.00663169 0.00663169
0.85624 0.14376 0.0066338 0.0066338
0.85624 0.14376 0.0066338 0.0066338
0.85624 0.14376 0.0066338 0.0066338
0.85625 0.14375 0.00663393 0.00663393
0.85625 0.14375 0.00663393 0.00663393
0.85627 0.14373 0.00663123 0.00663123
0.85627 0.14373 0.00663123 0.00663123
0.85628 0.14372 0.00662978 0.00662978
0.85627 0.14373 0.00663345 0.00663345
0.85626 0.14374 0.00663642 0.00663642
0.85626 0.14374 0.00663642 0.00663642
0.85626 0.14374 0.00663642 0.00663642
0.85627 0.14373 0.00663274 0.00663274
0.85626 0.14374 0.00663262 0.00663262
0.85625 0.14375 0.00663461 0.00663461
0.85625 0.14375 0.00663461 0.00663461
0.85625 0.14375 0.00663461 0.00663461
0.85625 0.14375 0.00663461 0.00663461
0.85624 0.14376 0.00663475 0.00663475
0.85624 0.14376 0.00663475 0.00663475
0.85625 0.14375 0.00663488 0.00663488
0.85625 0.14375 0.00663488 0.00663488
0.85625 0.14375 0.00663488 0.00663488
0.85624 0.14376 0.00663633 0.00663633
0.85626 0.14374 0.00663474 0.00663474
0.85626 0.14374 0.00663474 0.00663474
0.85626 0.14374 0.00663474 0.00663474
0.85626 0.14374 0.00663474 0.00663474
0.85627 0.14373 0.00663414 0.00663414
0.85627 0.14373 0.00663414 0.00663414
0.85626 0.14374 0.00663432 0.00663432
0.85626 0.14374 0.00663432 0.00663432
0.85626 0.14374 0.00663432 0.00663432
0.85626 0.14374 0.00663432 0.00663432
0.85625 0.14375 0.00663419 0.00663419
0.85626 0.14374 0.00663567 0.00663567
0.85626 0.14374 0.00663567 0.00663567
0.85626 0.14374 0.00663567 0.00663567
0.85626 0.14374 0.00663567 0.00663567
0.85626 0.14374 0.00663567 0.00663567
0.85626 0.14374 0.00663567 0.00663567
0.85625 0.14375 0.00663457 0.00663457
0.85625 0.14375 0.00663457 0.00663457
0.85625 0.14375 0.00663419 0.00663419
0.85625 0.14375 0.00663419 0.00663419
0.85625 0.14375 0.00663419 0.00663419
0.85625 0.14375 0.00663419 0.00663419
0.85625 0.14375 0.00663419 0.00663419
0.85625 0.14375 0.00663419 0.00663419
0.85625 0.14375 0.00663419 0.00663419
0.85625 0.14375 0.00663419 0.00663419
0.85625 0.14375 0.00663419 0.00663419
0.85625 0.14375 0.00663419 0.00663419
0.85625 0.14375 0.00663419 0.00663419
0.85625 0.14375 0.00663419 0.00663419
0.85626 0.14374 0.00663529 0.00663529
0.85627 0.14373 0.006634 0.006634
0.85627 0.14373 0.006634 0.006634
0.85627 0.14373 0.006634 0.006634
0.85627 0.14373 0.006634 0.006634
0.85627 0.14373 0.006634 0.006634
0.85627 0.14373 0.006634 0.006634
0.85626 0.14374 0.00663529 0.00663529
0.85626 0.14374 0.00663529 0.00663529
0.85627 0.14373 0.00663648 0.00663648
0.85627 0.14373 0.00663648 0.00663648
0.85628 0.14372 0.00663661 0.00663661
0.85627 0.14373 0.00663541 0.00663541
0.85627 0.14373 0.00663541 0.00663541
0.85627 0.14373 0.00663541 0.00663541
0.85628 0.14372 0.0066335 0.0066335
0.85629 0.14371 0.00663332 0.00663332
0.85629 0.14371 0.00663257 0.00663257
0.8563 0.1437 0.00663128 0.00663128
0.8563 0.1437 0.00663128 0.00663128
0.8563 0.1437 0.00663128 0.00663128
0.8563 0.1437 0.00663128 0.00663128
0.85631 0.14369 0.00662937 0.00662937
0.85631 0.14369 0.00662937 0.00662937
0.85631 0.14369 0.00662937 0.00662937
0.85632 0.14368 0.00662905 0.00662905
0.85632 0.14368 0.00662905 0.00662905
0.85631 0.14369 0.00662892 0.00662892
0.85631 0.14369 0.00662892 0.00662892
0.85631 0.14369 0.00662892 0.00662892
0.85631 0.14369 0.00662892 0.00662892
0.85631 0.14369 0.00662892 0.00662892
0.85631 0.14369 0.00662892 0.00662892
0.85632 0.14368 0.00663058 0.00663058
0.85632 0.14368 0.00663058 0.00663058
0.85631 0.14369 0.0066309 0.0066309
0.85631 0.14369 0.0066309 0.0066309
0.85631 0.14369 0.0066309 0.0066309
0.85631 0.14369 0.0066309 0.0066309
0.85632 0.14368 0.00663103 0.00663103
0.85632 0.14368 0.00663103 0.00663103
0.85632 0.14368 0.00663103 0.00663103
0.85632 0.14368 0.00663103 0.00663103
0.85632 0.14368 0.00663103 0.00663103
0.85631 0.14369 0.00662937 0.00662937
0.85631 0.14369 0.00662937 0.00662937
0.85631 0.14369 0.00662937 0.00662937
0.8563 0.1437 0.00663066 0.00663066
0.8563 0.1437 0.00663066 0.00663066
0.8563 0.1437 0.00663066 0.00663066
0.8563 0.1437 0.00663066 0.00663066
0.85631 0.14369 0.00663034 0.00663034
0.85631 0.14369 0.00663034 0.00663034
0.85631 0.14369 0.00663034 0.00663034
0.85631 0.14369 0.00663034 0.00663034
0.85631 0.14369 0.00663034 0.00663034
0.85631 0.14369 0.00663034 0.00663034
0.85631 0.14369 0.00663034 0.00663034
0.85631 0.14369 0.00663034 0.00663034
0.85631 0.14369 0.00663034 0.00663034
0.85631 0.14369 0.00663034 0.00663034
0.85631 0.14369 0.00663034 0.00663034
0.85631 0.14369 0.00663034 0.00663034
0.85631 0.14369 0.00663034 0.00663034
0.85632 0.14368 0.00662925 0.00662925
0.85632 0.14368 0.00662925 0.00662925
0.85632 0.14368 0.00662925 0.00662925
0.85632 0.14368 0.00662925 0.00662925
0.85632 0.14368 0.00662925 0.00662925
0.85632 0.14368 0.00662925 0.00662925
0.85631 0.14369 0.00663034 0.00663034
0.85632 0.14368 0.00663153 0.00663153
0.85633 0.14367 0.00663024 0.00663024
0.85633 0.14367 0.00663024 0.00663024
0.85633 0.14367 0.00663024 0.00663024
0.85633 0.14367 0.00663024 0.00663024
0.85633 0.14367 0.00663024 0.00663024
0.85633 0.14367 0.00663024 0.00663024
0.85633 0.14367 0.00663024 0.00663024
0.85633 0.14367 0.00663024 0.00663024
0.85633 0.14367 0.00663024 0.00663024
0.85633 0.14367 0.00663024 0.00663024
0.85633 0.14367 0.00663024 0.00663024
0.85633 0.14367 0.00663024 0.00663024
0.85633 0.14367 0.00663024 0.00663024
0.85633 0.14367 0.00663024 0.00663024
0.85633 0.14367 0.00663024 0.00663024
0.85633 0.14367 0.00663024 0.00663024
0.85634 0.14366 0.0066319 0.0066319
0.85634 0.14366 0.0066319 0.0066319
0.85634 0.14366 0.0066319 0.0066319
0.85634 0.14366 0.0066319 0.0066319
0.85634 0.14366 0.0066319 0.0066319
0.85634 0.14366 0.0066319 0.0066319
0.85634 0.14366 0.0066319 0.0066319
0.85633 0.14367 0.00663261 0.00663261
0.85633 0.14367 0.00663261 0.00663261
0.85633 0.14367 0.00663261 0.00663261
0.85633 0.14367 0.00663261 0.00663261
0.85633 0.14367 0.00663261 0.00663261
0.85633 0.14367 0.00663261 0.00663261
0.85633 0.14367 0.00663261 0.00663261
0.85633 0.14367 0.00663261 0.00663261
0.85633 0.14367 0.00663261 0.00663261
0.85633 0.14367 0.00663261 0.00663261
0.85633 0.14367 0.00663261 0.00663261
0.85634 0.14366 0.0066319 0.0066319
0.85634 0.14366 0.0066319 0.0066319
0.85634 0.14366 0.0066319 0.0066319
0.85634 0.14366 0.0066319 0.0066319
0.85634 0.14366 0.0066319 0.0066319
0.85634 0.14366 0.0066319 0.0066319
0.85634 0.14366 0.0066319 0.0066319
0.85634 0.14366 0.0066319 0.0066319
0.85634 0.14366 0.0066319 0.0066319
0.85634 0.14366 0.0066319 0.0066319
0.85634 0.14366 0.0066319 0.0066319
0.85634 0.14366 0.0066319 0.0066319
0.85634 0.14366 0.0066319 0.0066319
0.85634 0.14366 0.0066319 0.0066319
0.85634 0.14366 0.0066319 0.0066319
0.85634 0.14366 0.0066319 0.0066319
0.85634 0.14366 0.0066319 0.0066319
0.85634 0.14366 0.0066319 0.0066319
0.85634 0.14366 0.0066319 0.0066319
0.85634 0.14366 0.00663152 0.00663152
0.85634 0.14366 0.00663152 0.00663152
0.85634 0.14366 0.00663152 0.00663152
0.85634 0.14366 0.00663152 0.00663152
0.85633 0.14367 0.00663261 0.00663261
0.85633 0.14367 0.00663261 0.00663261
0.85633 0.14367 0.00663261 0.00663261
0.85633 0.14367 0.00663261 0.00663261
0.85633 0.14367 0.00663261 0.00663261
0.85633 0.14367 0.00663261 0.00663261
0.85633 0.14367 0.00663261 0.00663261
0.85633 0.14367 0.00663261 0.00663261
0.85633 0.14367 0.00663261 0.00663261
0.85633 0.14367 0.00663261 0.00663261
0.85633 0.14367 0.00663261 0.00663261
0.85633 0.14367 0.00663261 0.00663261
0.85633 0.14367 0.00663261 0.00663261
0.85633 0.14367 0.00663261 0.00663261
0.85633 0.14367 0.00663261 0.00663261
0.85634 0.14366 0.0066319 0.0066319
0.85633 0.14367 0.00663261 0.00663261
0.85633 0.14367 0.00663261 0.00663261
0.85633 0.14367 0.00663261 0.00663261
0.85633 0.14367 0.00663261 0.00663261
0.85633 0.14367 0.00663261 0.00663261
0.85633 0.14367 0.00663261 0.00663261
0.85633 0.14367 0.00663261 0.00663261
0.85633 0.14367 0.00663261 0.00663261
0.85633 0.14367 0.00663261 0.00663261
0.85633 0.14367 0.00663261 0.00663261
0.85633 0.14367 0.00663261 0.00663261
0.85633 0.14367 0.00663261 0.00663261
0.85633 0.14367 0.00663261 0.00663261
0.85633 0.14367 0.00663261 0.00663261
0.85633 0.14367 0.00663261 0.00663261
0.85633 0.14367 0.00663261 0.00663261
0.85633 0.14367 0.00663261 0.00663261
0.85633 0.14367 0.00663261 0.00663261
0.85634 0.14366 0.00663152 0.00663152
0.85634 0.14366 0.00663152 0.00663152
0.85633 0.14367 0.00663261 0.00663261
0.85633 0.14367 0.00663261 0.00663261
0.85633 0.14367 0.00663261 0.00663261
0.85633 0.14367 0.00663261 0.00663261
0.85634 0.14366 0.00663457 0.00663457
0.85634 0.14366 0.00663457 0.00663457
0.85634 0.14366 0.00663457 0.00663457
0.85634 0.14366 0.00663457 0.00663457
0.85634 0.14366 0.00663457 0.00663457
0.85634 0.14366 0.00663457 0.00663457
0.85634 0.14366 0.00663457 0.00663457
0.85633 0.14367 0.00663261 0.00663261
0.85633 0.14367 0.00663261 0.00663261
0.85633 0.14367 0.00663261 0.00663261
0.85633 0.14367 0.00663261 0.00663261
0.85633 0.14367 0.00663261 0.00663261
0.85633 0.14367 0.00663261 0.00663261
0.85633 0.14367 0.00663261 0.00663261
0.85633 0.14367 0.00663261 0.00663261
0.85634 0.14366 0.00663152 0.00663152
0.85634 0.14366 0.00663152 0.00663152
0.85634 0.14366 0.00663152 0.00663152
0.85634 0.14366 0.00663152 0.00663152
0.85634 0.14366 0.00663152 0.00663152
0.85634 0.14366 0.00663152 0.00663152
0.85634 0.14366 0.00663152 0.00663152
0.85634 0.14366 0.00663152 0.00663152
0.85634 0.14366 0.00663152 0.00663152
0.85634 0.14366 0.00663152 0.00663152
0.85634 0.14366 0.00663152 0.00663152
0.85634 0.14366 0.00663152 0.00663152
0.85634 0.14366 0.00663152 0.00663152
0.85634 0.14366 0.00663152 0.00663152
0.85634 0.14366 0.00663152 0.00663152
0.85634 0.14366 0.00663152 0.00663152
0.85634 0.14366 0.00663152 0.00663152
0.85634 0.14366 0.00663152 0.00663152
0.85634 0.14366 0.00663152 0.00663152
0.85634 0.14366 0.00663152 0.00663152
0.85634 0.14366 0.00663152 0.00663152
0.85634 0.14366 0.00663152 0.00663152
0.85634 0.14366 0.00663152 0.00663152
0.85634 0.14366 0.00663152 0.00663152
0.85634 0.14366 0.00663152 0.00663152
0.85634 0.14366 0.00663152 0.00663152
0.85634 0.14366 0.00663152 0.00663152
0.85635 0.14365 0.00663348 0.00663348
