0.50105 0.49895 0.013358 0.013358
0.50236 0.49764 0.012707 0.012707
0.50416 0.49584 0.0130046 0.0130046
0.50513 0.49487 0.0140515 0.0140515
0.50674 0.49326 0.0154526 0.0154526
0.50821 0.49179 0.0170694 0.0170694
0.50899 0.49101 0.0187635 0.0187635
0.50991 0.49009 0.0207399 0.0207399
0.51053 0.48947 0.0228535 0.0228535
0.51211 0.48789 0.0248339 0.0248339
0.51283 0.48717 0.0267678 0.0267678
0.51379 0.48621 0.0286777 0.0286777
0.51438 0.48562 0.0304041 0.0304041
0.51546 0.48454 0.0321546 0.0321546
0.51574 0.48426 0.0336321 0.0336321
0.5169 0.4831 0.035198 0.035198
0.51729 0.48271 0.0366192 0.0366192
0.51795 0.48205 0.038003 0.038003
0.51824 0.48176 0.0392646 0.0392646
0.51878 0.48122 0.0406852 0.0406852
0.51873 0.48127 0.0421962 0.0421962
0.51875 0.48125 0.0433656 0.0433656
0.51892 0.48108 0.0443497 0.0443497
0.51852 0.48148 0.0454888 0.0454888
0.51901 0.48099 0.0462474 0.0462474
0.51931 0.48069 0.0470339 0.0470339
0.51898 0.48102 0.0480833 0.0480833
0.51908 0.48092 0.0488241 0.0488241
0.51929 0.48071 0.0493946 0.0493946
0.51945 0.48055 0.0501808 0.0501808
0.51923 0.48077 0.0508462 0.0508462
0.51938 0.48062 0.0514983 0.0514983
0.51936 0.48064 0.0522152 0.0522152
0.51927 0.48073 0.0527766 0.0527766
0.51965 0.48035 0.0534306 0.0534306
0.51981 0.48019 0.0539701 0.0539701
0.51992 0.48008 0.0544333 0.0544333
0.52045 0.47955 0.0548382 0.0548382
0.52067 0.47933 0.0552592 0.0552592
0.52042 0.47958 0.0557468 0.0557468
0.52062 0.47938 0.0560542 0.0560542
0.52059 0.47941 0.0564877 0.0564877
0.52064 0.47936 0.0570086 0.0570086
0.52072 0.47928 0.0573359 0.0573359
0.52099 0.47901 0.0576117 0.0576117
0.52125 0.47875 0.0577765 0.0577765
0.52128 0.47872 0.0581399 0.0581399
0.52137 0.47863 0.0583078 0.0583078
0.52133 0.47867 0.058553 0.058553
0.52148 0.47852 0.0588151 0.0588151
0.52137 0.47863 0.0591634 0.0591634
0.52114 0.47886 0.0594178 0.0594178
0.52102 0.47898 0.0596017 0.0596017
0.52089 0.47911 0.0598604 0.0598604
0.52082 0.47918 0.0599671 0.0599671
0.52094 0.47906 0.0601088 0.0601088
0.52094 0.47906 0.0603729 0.0603729
0.52097 0.47903 0.060478 0.060478
0.52109 0.47891 0.0606489 0.0606489
0.52109 0.47891 0.0608738 0.0608738
0.52099 0.47901 0.061043 0.061043
0.52114 0.47886 0.0611294 0.0611294
0.5212 0.4788 0.0612571 0.0612571
0.5213 0.4787 0.0614586 0.0614586
0.52155 0.47845 0.0614812 0.0614812
0.52152 0.47848 0.0616223 0.0616223
0.52161 0.47839 0.0617741 0.0617741
0.52155 0.47845 0.0618825 0.0618825
0.52149 0.47851 0.0619678 0.0619678
0.52159 0.47841 0.0620482 0.0620482
0.52149 0.47851 0.0621939 0.0621939
0.52174 0.47826 0.0622927 0.0622927
0.52179 0.47821 0.0623419 0.0623419
0.52181 0.47819 0.0624678 0.0624678
0.52177 0.47823 0.0625158 0.0625158
0.52177 0.47823 0.0625906 0.0625906
0.52174 0.47826 0.0626439 0.0626439
0.52176 0.47824 0.0627547 0.0627547
0.52174 0.47826 0.0628595 0.0628595
0.52167 0.47833 0.0629283 0.0629283
0.52174 0.47826 0.0629857 0.0629857
0.52169 0.47831 0.0631102 0.0631102
0.52167 0.47833 0.0631807 0.0631807
0.52168 0.47832 0.063252 0.063252
0.52165 0.47835 0.0632922 0.0632922
0.52163 0.47837 0.0632941 0.0632941
0.52161 0.47839 0.0633399 0.0633399
0.52168 0.47832 0.0633778 0.0633778
0.52172 0.47828 0.0633641 0.0633641
0.52171 0.47829 0.0634326 0.0634326
0.52181 0.47819 0.0634823 0.0634823
0.52181 0.47819 0.0634932 0.0634932
0.52186 0.47814 0.0635073 0.0635073
0.52194 0.47806 0.0635067 0.0635067
0.52188 0.47812 0.0635033 0.0635033
0.52192 0.47808 0.0635045 0.0635045
0.52192 0.47808 0.0635398 0.0635398
0.52188 0.47812 0.0635906 0.0635906
0.52188 0.47812 0.063613 0.063613
0.52184 0.47816 0.0636327 0.0636327
0.52184 0.47816 0.0636832 0.0636832
0.5218 0.4782 0.0636912 0.0636912
0.52182 0.47818 0.0637322 0.0637322
0.52177 0.47823 0.0637276 0.0637276
0.52183 0.47817 0.0636844 0.0636844
0.52193 0.47807 0.0637005 0.0637005
0.52198 0.47802 0.0637638 0.0637638
0.52189 0.47811 0.0638038 0.0638038
0.52189 0.47811 0.0638152 0.0638152
0.52191 0.47809 0.063851 0.063851
0.52189 0.47811 0.0638799 0.0638799
0.52191 0.47809 0.0638664 0.0638664
0.52192 0.47808 0.0638892 0.0638892
0.52189 0.47811 0.063907 0.063907
0.5219 0.4781 0.0639514 0.0639514
0.52186 0.47814 0.0639694 0.0639694
0.52188 0.47812 0.0640019 0.0640019
0.52188 0.47812 0.0639854 0.0639854
0.52191 0.47809 0.0639924 0.0639924
0.52188 0.47812 0.0640005 0.0640005
0.52187 0.47813 0.0639891 0.0639891
0.52186 0.47814 0.0639949 0.0639949
0.52189 0.47811 0.0640167 0.0640167
0.52189 0.47811 0.0639985 0.0639985
0.52185 0.47815 0.0640002 0.0640002
0.52185 0.47815 0.0640161 0.0640161
0.52182 0.47818 0.0640152 0.0640152
0.52186 0.47814 0.0640062 0.0640062
0.52189 0.47811 0.0640547 0.0640547
0.5219 0.4781 0.0640663 0.0640663
0.52187 0.47813 0.0640542 0.0640542
0.52189 0.47811 0.0640441 0.0640441
0.52188 0.47812 0.0640721 0.0640721
0.52188 0.47812 0.0640629 0.0640629
0.52191 0.47809 0.0640769 0.0640769
0.52192 0.47808 0.0640902 0.0640902
0.52194 0.47806 0.0640743 0.0640743
0.52197 0.47803 0.064083 0.064083
0.52203 0.47797 0.0640933 0.0640933
0.52202 0.47798 0.0641042 0.0641042
0.52206 0.47794 0.0641275 0.0641275
0.52204 0.47796 0.0641565 0.0641565
0.52205 0.47795 0.0641497 0.0641497
0.52204 0.47796 0.0641477 0.0641477
0.52203 0.47797 0.0641483 0.0641483
0.52199 0.47801 0.0641489 0.0641489
0.52198 0.47802 0.064147 0.064147
0.52201 0.47799 0.0641546 0.0641546
0.52204 0.47796 0.0641629 0.0641629
0.52203 0.47797 0.0641668 0.0641668
0.52204 0.47796 0.0641664 0.0641664
0.52201 0.47799 0.0641757 0.0641757
0.52202 0.47798 0.064172 0.064172
0.52204 0.47796 0.0641844 0.0641844
0.52205 0.47795 0.0641943 0.0641943
0.52207 0.47793 0.0642015 0.0642015
0.52204 0.47796 0.0641971 0.0641971
0.52203 0.47797 0.0642084 0.0642084
0.52208 0.47792 0.064204 0.064204
0.5221 0.4779 0.0642082 0.0642082
0.52206 0.47794 0.064207 0.064207
0.52206 0.47794 0.0642093 0.0642093
0.52205 0.47795 0.064229 0.064229
0.52203 0.47797 0.0642516 0.0642516
0.52201 0.47799 0.0642505 0.0642505
0.52199 0.47801 0.0642416 0.0642416
0.52201 0.47799 0.0642435 0.0642435
0.52201 0.47799 0.0642422 0.0642422
0.52201 0.47799 0.0642265 0.0642265
0.52202 0.47798 0.0642208 0.0642208
0.52201 0.47799 0.0642207 0.0642207
0.52202 0.47798 0.0642226 0.0642226
0.52203 0.47797 0.0642145 0.0642145
0.52199 0.47801 0.0642156 0.0642156
0.52199 0.47801 0.0642093 0.0642093
0.52201 0.47799 0.0642024 0.0642024
0.522 0.478 0.0642055 0.0642055
0.52199 0.47801 0.0642116 0.0642116
0.52201 0.47799 0.0642248 0.0642248
0.522 0.478 0.064238 0.064238
0.52199 0.47801 0.0642173 0.0642173
0.52201 0.47799 0.0642313 0.0642313
0.52202 0.47798 0.0642315 0.0642315
0.52207 0.47793 0.0642435 0.0642435
0.52207 0.47793 0.0642568 0.0642568
0.52207 0.47793 0.0642749 0.0642749
0.52206 0.47794 0.0642726 0.0642726
0.52206 0.47794 0.0642687 0.0642687
0.52209 0.47791 0.0642727 0.0642727
0.5221 0.4779 0.0642688 0.0642688
0.5221 0.4779 0.0642688 0.0642688
0.52212 0.47788 0.0642687 0.0642687
0.52208 0.47792 0.0642713 0.0642713
0.52208 0.47792 0.0642719 0.0642719
0.52209 0.47791 0.0642664 0.0642664
0.52209 0.47791 0.0642687 0.0642687
0.5221 0.4779 0.0642562 0.0642562
0.52213 0.47787 0.0642696 0.0642696
0.52212 0.47788 0.0642694 0.0642694
0.52211 0.47789 0.0642603 0.0642603
0.52211 0.47789 0.0642594 0.0642594
0.5221 0.4779 0.0642601 0.0642601
0.52209 0.47791 0.0642428 0.0642428
0.52208 0.47792 0.064247 0.064247
0.5221 0.4779 0.0642626 0.0642626
0.52211 0.47789 0.0642716 0.0642716
0.52209 0.47791 0.0642663 0.0642663
0.52212 0.47788 0.0642632 0.0642632
0.52212 0.47788 0.0642651 0.0642651
0.52209 0.47791 0.0642667 0.0642667
0.52209 0.47791 0.0642678 0.0642678
0.52211 0.47789 0.0642792 0.0642792
0.52211 0.47789 0.0642789 0.0642789
0.52211 0.47789 0.0642789 0.0642789
0.52209 0.47791 0.0642872 0.0642872
0.52208 0.47792 0.0642823 0.0642823
0.52208 0.47792 0.0642962 0.0642962
0.52209 0.47791 0.0642964 0.0642964
0.52209 0.47791 0.0642964 0.0642964
0.5221 0.4779 0.0643131 0.0643131
0.52208 0.47792 0.0643154 0.0643154
0.52209 0.47791 0.0643093 0.0643093
0.52209 0.47791 0.0643138 0.0643138
0.52209 0.47791 0.0643173 0.0643173
0.52208 0.47792 0.0643079 0.0643079
0.52208 0.47792 0.0643079 0.0643079
0.52208 0.47792 0.0643079 0.0643079
0.5221 0.4779 0.0643106 0.0643106
0.52209 0.47791 0.0643109 0.0643109
0.52211 0.47789 0.0643114 0.0643114
0.52213 0.47787 0.0643299 0.0643299
0.52213 0.47787 0.0643301 0.0643301
0.52213 0.47787 0.0643441 0.0643441
0.52213 0.47787 0.0643441 0.0643441
0.52212 0.47788 0.0643348 0.0643348
0.52213 0.47787 0.0643308 0.0643308
0.52213 0.47787 0.0643308 0.0643308
0.52212 0.47788 0.0643161 0.0643161
0.52211 0.47789 0.0643171 0.0643171
0.52212 0.47788 0.064317 0.064317
0.52212 0.47788 0.064317 0.064317
0.52211 0.47789 0.0643229 0.0643229
0.52212 0.47788 0.0643322 0.0643322
0.52211 0.47789 0.0643323 0.0643323
0.5221 0.4779 0.0643339 0.0643339
0.52209 0.47791 0.0643458 0.0643458
0.52209 0.47791 0.0643446 0.0643446
0.52209 0.47791 0.0643446 0.0643446
0.52209 0.47791 0.0643495 0.0643495
0.52211 0.47789 0.0643496 0.0643496
0.52211 0.47789 0.0643496 0.0643496
0.52209 0.47791 0.0643533 0.0643533
0.52209 0.47791 0.0643533 0.0643533
0.52208 0.47792 0.0643485 0.0643485
0.52208 0.47792 0.0643485 0.0643485
0.52209 0.47791 0.0643397 0.0643397
0.52209 0.47791 0.0643397 0.0643397
0.52209 0.47791 0.0643397 0.0643397
0.52211 0.47789 0.0643342 0.0643342
0.52212 0.47788 0.0643314 0.0643314
0.52213 0.47787 0.0643331 0.0643331
0.52212 0.47788 0.0643419 0.0643419
0.52213 0.47787 0.0643495 0.0643495
0.52214 0.47786 0.064352 0.064352
0.52214 0.47786 0.064352 0.064352
0.52214 0.47786 0.064352 0.064352
0.52212 0.47788 0.0643584 0.0643584
0.52212 0.47788 0.0643403 0.0643403
0.52211 0.47789 0.0643405 0.0643405
0.52209 0.47791 0.0643416 0.0643416
0.52208 0.47792 0.0643504 0.0643504
0.5221 0.4779 0.064346 0.064346
0.52207 0.47793 0.0643494 0.0643494
0.52208 0.47792 0.0643406 0.0643406
0.52208 0.47792 0.0643406 0.0643406
0.52208 0.47792 0.0643406 0.0643406
0.52209 0.47791 0.0643488 0.0643488
0.52211 0.47789 0.0643661 0.0643661
0.52212 0.47788 0.0643649 0.0643649
0.52211 0.47789 0.0643569 0.0643569
0.52213 0.47787 0.0643587 0.0643587
0.52211 0.47789 0.0643711 0.0643711
0.52212 0.47788 0.0643759 0.0643759
0.52211 0.47789 0.064377 0.064377
0.52212 0.47788 0.0643769 0.0643769
0.52212 0.47788 0.0643769 0.0643769
0.52212 0.47788 0.0643769 0.0643769
0.52211 0.47789 0.0643808 0.0643808
0.52211 0.47789 0.0643808 0.0643808
0.5221 0.4779 0.0643727 0.0643727
0.52211 0.47789 0.064369 0.064369
0.52211 0.47789 0.064369 0.064369
0.52212 0.47788 0.0643651 0.0643651
0.52211 0.47789 0.0643527 0.0643527
0.5221 0.4779 0.0643445 0.0643445
0.5221 0.4779 0.0643473 0.0643473
0.52209 0.47791 0.0643535 0.0643535
0.52209 0.47791 0.0643535 0.0643535
0.52209 0.47791 0.0643535 0.0643535
0.52209 0.47791 0.0643535 0.0643535
0.52209 0.47791 0.0643535 0.0643535
0.52209 0.47791 0.0643535 0.0643535
0.52208 0.47792 0.0643546 0.0643546
0.52207 0.47793 0.0643624 0.0643624
0.52207 0.47793 0.0643624 0.0643624
0.52207 0.47793 0.0643624 0.0643624
0.52207 0.47793 0.0643624 0.0643624
0.52207 0.47793 0.0643624 0.0643624
0.52207 0.47793 0.0643624 0.0643624
0.52207 0.47793 0.0643624 0.0643624
0.52208 0.47792 0.0643671 0.0643671
0.52208 0.47792 0.0643671 0.0643671
0.52208 0.47792 0.0643671 0.0643671
0.52208 0.47792 0.0643671 0.0643671
0.5221 0.4779 0.0643592 0.0643592
0.52209 0.47791 0.064367 0.064367
0.52209 0.47791 0.064367 0.064367
0.52209 0.47791 0.064367 0.064367
0.52209 0.47791 0.064367 0.064367
0.5221 0.4779 0.0643659 0.0643659
0.5221 0.4779 0.0643659 0.0643659
0.52211 0.47789 0.064374 0.064374
0.52212 0.47788 0.064382 0.064382
0.52212 0.47788 0.064382 0.064382
0.52211 0.47789 0.064374 0.064374
0.5221 0.4779 0.0643741 0.0643741
0.52209 0.47791 0.064366 0.064366
0.52209 0.47791 0.064366 0.064366
0.52209 0.47791 0.064366 0.064366
0.52209 0.47791 0.064366 0.064366
0.52209 0.47791 0.064366 0.064366
0.52209 0.47791 0.064366 0.064366
0.5221 0.4779 0.0643741 0.0643741
0.52211 0.47789 0.064374 0.064374
0.52211 0.47789 0.064374 0.064374
0.52211 0.47789 0.064374 0.064374
0.52211 0.47789 0.064374 0.064374
0.52211 0.47789 0.064374 0.064374
0.5221 0.4779 0.0643751 0.0643751
0.5221 0.4779 0.0643751 0.0643751
0.52211 0.47789 0.0643832 0.0643832
0.52211 0.47789 0.0643832 0.0643832
0.52211 0.47789 0.0643832 0.0643832
0.52211 0.47789 0.0643832 0.0643832
0.52211 0.47789 0.0643832 0.0643832
0.52211 0.47789 0.0643832 0.0643832
0.52211 0.47789 0.0643832 0.0643832
0.52212 0.47788 0.0643913 0.0643913
0.52212 0.47788 0.0643913 0.0643913
0.52211 0.47789 0.0643914 0.0643914
0.5221 0.4779 0.0643833 0.0643833
0.5221 0.4779 0.0643833 0.0643833
0.5221 0.4779 0.0643833 0.0643833
0.5221 0.4779 0.0643833 0.0643833
0.5221 0.4779 0.0643833 0.0643833
0.5221 0.4779 0.0643833 0.0643833
0.5221 0.4779 0.0643833 0.0643833
0.5221 0.4779 0.0643833 0.0643833
0.52211 0.47789 0.0643926 0.0643926
0.52211 0.47789 0.0643926 0.0643926
0.52211 0.47789 0.0643926 0.0643926
0.52211 0.47789 0.0643926 0.0643926
0.52211 0.47789 0.0643926 0.0643926
0.52211 0.47789 0.0643926 0.0643926
0.52211 0.47789 0.0643926 0.0643926
0.5221 0.4779 0.0643833 0.0643833
0.5221 0.4779 0.0643833 0.0643833
0.5221 0.4779 0.064383 0.064383
0.52209 0.47791 0.0643752 0.0643752
0.52209 0.47791 0.0643752 0.0643752
0.52209 0.47791 0.0643752 0.0643752
0.5221 0.4779 0.0643845 0.0643845
0.5221 0.4779 0.0643845 0.0643845
0.5221 0.4779 0.0643845 0.0643845
0.5221 0.4779 0.0643845 0.0643845
0.5221 0.4779 0.0643845 0.0643845
0.5221 0.4779 0.0643845 0.0643845
0.5221 0.4779 0.0643845 0.0643845
0.5221 0.4779 0.0643845 0.0643845
0.5221 0.4779 0.0643845 0.0643845
0.52209 0.47791 0.0643882 0.0643882
0.52209 0.47791 0.0643882 0.0643882
0.52209 0.47791 0.0643882 0.0643882
0.52209 0.47791 0.0643882 0.0643882
0.5221 0.4779 0.0643962 0.0643962
0.5221 0.4779 0.0643962 0.0643962
0.52209 0.47791 0.0643885 0.0643885
0.52209 0.47791 0.0643885 0.0643885
0.52209 0.47791 0.0643885 0.0643885
0.52209 0.47791 0.0643885 0.0643885
0.52209 0.47791 0.0643885 0.0643885
0.52209 0.47791 0.0643885 0.0643885
0.52209 0.47791 0.0643885 0.0643885
0.52209 0.47791 0.0643885 0.0643885
0.52209 0.47791 0.0643885 0.0643885
0.5221 0.4779 0.0643962 0.0643962
0.5221 0.4779 0.0643962 0.0643962
0.5221 0.4779 0.0643962 0.0643962
0.52211 0.47789 0.0643926 0.0643926
0.52212 0.47788 0.0644007 0.0644007
0.52212 0.47788 0.0644007 0.0644007
0.52212 0.47788 0.0644007 0.0644007
0.52211 0.47789 0.0643927 0.0643927
0.52211 0.47789 0.0643927 0.0643927
0.52211 0.47789 0.0643927 0.0643927
0.52211 0.47789 0.0643927 0.0643927
0.5221 0.4779 0.0643849 0.0643849
0.5221 0.4779 0.0643849 0.0643849
0.5221 0.4779 0.0643849 0.0643849
0.52211 0.47789 0.0643927 0.0643927
0.5221 0.4779 0.0643849 0.0643849
0.5221 0.4779 0.0643849 0.0643849
0.5221 0.4779 0.0643849 0.0643849
0.52209 0.47791 0.0643768 0.0643768
0.52209 0.47791 0.0643768 0.0643768
0.52209 0.47791 0.0643768 0.0643768
0.52209 0.47791 0.0643768 0.0643768
0.52209 0.47791 0.0643768 0.0643768
0.52209 0.47791 0.0643768 0.0643768
0.52209 0.47791 0.0643768 0.0643768
0.52209 0.47791 0.0643768 0.0643768
0.52209 0.47791 0.0643768 0.0643768
0.52209 0.47791 0.0643768 0.0643768
0.52209 0.47791 0.0643768 0.0643768
0.52209 0.47791 0.0643768 0.0643768
0.5221 0.4779 0.0643845 0.0643845
0.5221 0.4779 0.0643845 0.0643845
0.5221 0.4779 0.0643845 0.0643845
0.5221 0.4779 0.0643845 0.0643845
0.5221 0.4779 0.0643845 0.0643845
0.5221 0.4779 0.0643845 0.0643845
0.5221 0.4779 0.0643845 0.0643845
0.5221 0.4779 0.0643845 0.0643845
0.5221 0.4779 0.0643845 0.0643845
0.5221 0.4779 0.0643845 0.0643845
0.5221 0.4779 0.0643845 0.0643845
0.5221 0.4779 0.0643845 0.0643845
0.5221 0.4779 0.0643845 0.0643845
0.52209 0.47791 0.0643768 0.0643768
0.52209 0.47791 0.0643768 0.0643768
0.52209 0.47791 0.0643768 0.0643768
0.52209 0.47791 0.0643768 0.0643768
0.52209 0.47791 0.0643768 0.0643768
0.52209 0.47791 0.0643768 0.0643768
0.52209 0.47791 0.0643768 0.0643768
0.5221 0.4779 0.0643845 0.0643845
0.5221 0.4779 0.0643845 0.0643845
0.5221 0.4779 0.0643845 0.0643845
0.5221 0.4779 0.0643845 0.0643845
0.5221 0.4779 0.0643845 0.0643845
0.5221 0.4779 0.0643845 0.0643845
0.5221 0.4779 0.0643845 0.0643845
0.5221 0.4779 0.0643845 0.0643845
0.5221 0.4779 0.0643845 0.0643845
0.5221 0.4779 0.0643845 0.0643845
0.5221 0.4779 0.0643845 0.0643845
0.5221 0.4779 0.0643845 0.0643845
0.5221 0.4779 0.0643845 0.0643845
0.5221 0.4779 0.0643845 0.0643845
0.5221 0.4779 0.0643845 0.0643845
0.5221 0.4779 0.0643845 0.0643845
0.5221 0.4779 0.0643845 0.0643845
0.5221 0.4779 0.0643845 0.0643845
0.5221 0.4779 0.0643845 0.0643845
0.5221 0.4779 0.0643845 0.0643845
0.5221 0.4779 0.0643845 0.0643845
0.5221 0.4779 0.0643845 0.0643845
0.5221 0.4779 0.0643845 0.0643845
0.5221 0.4779 0.0643845 0.0643845
0.5221 0.4779 0.0643845 0.0643845
0.5221 0.4779 0.0643845 0.0643845
0.5221 0.4779 0.0643845 0.0643845
0.5221 0.4779 0.0643845 0.0643845
0.5221 0.4779 0.0643845 0.0643845
0.5221 0.4779 0.0643845 0.0643845
0.5221 0.4779 0.0643845 0.0643845
0.5221 0.4779 0.0643845 0.0643845
0.5221 0.4779 0.0643845 0.0643845
0.5221 0.4779 0.0643845 0.0643845
0.5221 0.4779 0.0643845 0.0643845
0.5221 0.4779 0.0643845 0.0643845
0.5221 0.4779 0.0643845 0.0643845
0.5221 0.4779 0.0643845 0.0643845
0.52211 0.47789 0.0643926 0.0643926
0.52211 0.47789 0.0643926 0.0643926
0.5221 0.4779 0.0643845 0.0643845
0.5221 0.4779 0.0643845 0.0643845
0.5221 0.4779 0.0643845 0.0643845
0.5221 0.4779 0.0643845 0.0643845
0.5221 0.4779 0.0643845 0.0643845
0.5221 0.4779 0.0643845 0.0643845
0.5221 0.4779 0.0643845 0.0643845
0.5221 0.4779 0.0643845 0.0643845
0.5221 0.4779 0.0643845 0.0643845
0.5221 0.4779 0.0643845 0.0643845
0.5221 0.4779 0.0643845 0.0643845
0.5221 0.4779 0.0643845 0.0643845
0.5221 0.4779 0.0643845 0.0643845
0.52211 0.47789 0.0643926 0.0643926
0.52211 0.47789 0.0643926 0.0643926
