0.49787 0.50213 0.00028165 0.00028165
0.49677 0.50323 0.000372846 0.000372846
0.49699 0.50301 0.000549788 0.000549788
0.49618 0.50382 0.000726189 0.000726189
0.49594 0.50406 0.000901208 0.000901208
0.49676 0.50324 0.00101824 0.00101824
0.49675 0.50325 0.00119728 0.00119728
0.49654 0.50346 0.00135948 0.00135948
0.49679 0.50321 0.00154582 0.00154582
0.49637 0.50363 0.00173165 0.00173165
0.49647 0.50353 0.00186506 0.00186506
0.49616 0.50384 0.00200743 0.00200743
0.4954 0.5046 0.00214614 0.00214614
0.49475 0.50525 0.00227467 0.00227467
0.49485 0.50515 0.00240045 0.00240045
0.49544 0.50456 0.00249259 0.00249259
0.49531 0.50469 0.00264482 0.00264482
0.49548 0.50452 0.0027091 0.0027091
0.49515 0.50485 0.00280023 0.00280023
0.49536 0.50464 0.00289993 0.00289993
0.49593 0.50407 0.00295055 0.00295055
0.49599 0.50401 0.00299403 0.00299403
0.49564 0.50436 0.00308062 0.00308062
0.49568 0.50432 0.00319573 0.00319573
0.49591 0.50409 0.00325327 0.00325327
0.4958 0.5042 0.00328451 0.00328451
0.49574 0.50426 0.00332989 0.00332989
0.49571 0.50429 0.00339702 0.00339702
0.49539 0.50461 0.00350028 0.00350028
0.49569 0.50431 0.00355581 0.00355581
0.49559 0.50441 0.00364485 0.00364485
0.49567 0.50433 0.00368869 0.00368869
0.49589 0.50411 0.00375004 0.00375004
0.49566 0.50434 0.00372756 0.00372756
0.49562 0.50438 0.00374539 0.00374539
0.49531 0.50469 0.0038243 0.0038243
0.49567 0.50433 0.00381562 0.00381562
0.49583 0.50417 0.00385877 0.00385877
0.49577 0.50423 0.00389264 0.00389264
0.49611 0.50389 0.00394915 0.00394915
0.49606 0.50394 0.00396167 0.00396167
0.49591 0.50409 0.00400061 0.00400061
0.496 0.504 0.00401473 0.00401473
0.49582 0.50418 0.00404338 0.00404338
0.49565 0.50435 0.00406979 0.00406979
0.49539 0.50461 0.00409529 0.00409529
0.49539 0.50461 0.00410541 0.00410541
0.4953 0.5047 0.00412037 0.00412037
0.49546 0.50454 0.00417587 0.00417587
0.4954 0.5046 0.00417913 0.00417913
0.49551 0.50449 0.00421136 0.00421136
0.49558 0.50442 0.00423043 0.00423043
0.49574 0.50426 0.00420882 0.00420882
0.49579 0.50421 0.00424089 0.00424089
0.49591 0.50409 0.00425655 0.00425655
0.49577 0.50423 0.00427299 0.00427299
0.49586 0.50414 0.00428447 0.00428447
0.49582 0.50418 0.00428805 0.00428805
0.49571 0.50429 0.00431516 0.00431516
0.49569 0.50431 0.00430306 0.00430306
0.4955 0.5045 0.00429714 0.00429714
0.49556 0.50444 0.00432083 0.00432083
0.49554 0.50446 0.00432352 0.00432352
0.49553 0.50447 0.00433597 0.00433597
0.49565 0.50435 0.00434451 0.00434451
0.4956 0.5044 0.00434307 0.00434307
0.49567 0.50433 0.00432796 0.00432796
0.49573 0.50427 0.00433547 0.00433547
0.49566 0.50434 0.00434413 0.00434413
0.49571 0.50429 0.0043596 0.0043596
0.49563 0.50437 0.00436068 0.00436068
0.4957 0.5043 0.00436183 0.00436183
0.49562 0.50438 0.00437814 0.00437814
0.49572 0.50428 0.00440099 0.00440099
0.49583 0.50417 0.0043936 0.0043936
0.49586 0.50414 0.00439323 0.00439323
0.49595 0.50405 0.00438574 0.00438574
0.49589 0.50411 0.0044043 0.0044043
0.49585 0.50415 0.00439364 0.00439364
0.49566 0.50434 0.00438788 0.00438788
0.49561 0.50439 0.00439028 0.00439028
0.49568 0.50432 0.00440422 0.00440422
0.49566 0.50434 0.00441647 0.00441647
0.49561 0.50439 0.00442711 0.00442711
0.49552 0.50448 0.00442589 0.00442589
0.49555 0.50445 0.00442839 0.00442839
0.4956 0.5044 0.00442685 0.00442685
0.49562 0.50438 0.00444509 0.00444509
0.49564 0.50436 0.00444902 0.00444902
0.49569 0.50431 0.00444753 0.00444753
0.49562 0.50438 0.00444476 0.00444476
0.49562 0.50438 0.00445355 0.00445355
0.49558 0.50442 0.00445831 0.00445831
0.49562 0.50438 0.00444959 0.00444959
0.49568 0.50432 0.004456 0.004456
0.49565 0.50435 0.0044554 0.0044554
0.49566 0.50434 0.00446518 0.00446518
0.49569 0.50431 0.00446496 0.00446496
0.49569 0.50431 0.0044665 0.0044665
0.49569 0.50431 0.0044725 0.0044725
0.49572 0.50428 0.00447388 0.00447388
0.49578 0.50422 0.00447217 0.00447217
0.49573 0.50427 0.00447709 0.00447709
0.4957 0.5043 0.00448084 0.00448084
0.49578 0.50422 0.00447569 0.00447569
0.49577 0.50423 0.00448291 0.00448291
0.49579 0.50421 0.00448374 0.00448374
0.49577 0.50423 0.00448359 0.00448359
0.49579 0.50421 0.00448655 0.00448655
0.49584 0.50416 0.00447771 0.00447771
0.49577 0.50423 0.00448137 0.00448137
0.49576 0.50424 0.00447954 0.00447954
0.49575 0.50425 0.00447403 0.00447403
0.4957 0.5043 0.00446718 0.00446718
0.49568 0.50432 0.00446753 0.00446753
0.49569 0.50431 0.00447036 0.00447036
0.49569 0.50431 0.00447157 0.00447157
0.49565 0.50435 0.00447459 0.00447459
0.49566 0.50434 0.00447633 0.00447633
0.49564 0.50436 0.0044829 0.0044829
0.49566 0.50434 0.00448536 0.00448536
0.49564 0.50436 0.00448755 0.00448755
0.49565 0.50435 0.00448787 0.00448787
0.49571 0.50429 0.00448877 0.00448877
0.49573 0.50427 0.00448699 0.00448699
0.49576 0.50424 0.00448627 0.00448627
0.4957 0.5043 0.00448058 0.00448058
0.49566 0.50434 0.00448231 0.00448231
0.4957 0.5043 0.00448314 0.00448314
0.49571 0.50429 0.00448322 0.00448322
0.49569 0.50431 0.00447878 0.00447878
0.49568 0.50432 0.00447703 0.00447703
0.49568 0.50432 0.0044761 0.0044761
0.49567 0.50433 0.00447378 0.00447378
0.49569 0.50431 0.00447688 0.00447688
0.49569 0.50431 0.00448005 0.00448005
0.49574 0.50426 0.00447678 0.00447678
0.49575 0.50425 0.00448001 0.00448001
0.49574 0.50426 0.00447933 0.00447933
0.49573 0.50427 0.00448206 0.00448206
0.49573 0.50427 0.00448485 0.00448485
0.49572 0.50428 0.00448222 0.00448222
0.49568 0.50432 0.0044859 0.0044859
0.49564 0.50436 0.00447969 0.00447969
0.49566 0.50434 0.00447613 0.00447613
0.49566 0.50434 0.00447592 0.00447592
0.49565 0.50435 0.00447423 0.00447423
0.49566 0.50434 0.00448085 0.00448085
0.49567 0.50433 0.00448287 0.00448287
0.49567 0.50433 0.00448135 0.00448135
0.49566 0.50434 0.00447744 0.00447744
0.49566 0.50434 0.00447744 0.00447744
0.49562 0.50438 0.00447852 0.00447852
0.49565 0.50435 0.00447566 0.00447566
0.49564 0.50436 0.00447534 0.00447534
0.49565 0.50435 0.0044777 0.0044777
0.49564 0.50436 0.00447876 0.00447876
0.49564 0.50436 0.00448144 0.00448144
0.49563 0.50437 0.00448401 0.00448401
0.49562 0.50438 0.00448109 0.00448109
0.4956 0.5044 0.00448269 0.00448269
0.49558 0.50442 0.00448386 0.00448386
0.49559 0.50441 0.00448618 0.00448618
0.4956 0.5044 0.00448754 0.00448754
0.49562 0.50438 0.00448822 0.00448822
0.49561 0.50439 0.00448814 0.00448814
0.49562 0.50438 0.00448771 0.00448771
0.49563 0.50437 0.00448777 0.00448777
0.49566 0.50434 0.00449305 0.00449305
0.49566 0.50434 0.00449489 0.00449489
0.49566 0.50434 0.00449489 0.00449489
0.49564 0.50436 0.00449288 0.00449288
0.49566 0.50434 0.00449558 0.00449558
0.49568 0.50432 0.0044943 0.0044943
0.49568 0.50432 0.0044938 0.0044938
0.49566 0.50434 0.00449582 0.00449582
0.49566 0.50434 0.00449542 0.00449542
0.49564 0.50436 0.00449411 0.00449411
0.49564 0.50436 0.00449421 0.00449421
0.49565 0.50435 0.00449419 0.00449419
0.49564 0.50436 0.00449264 0.00449264
0.49565 0.50435 0.00449306 0.00449306
0.49564 0.50436 0.00449363 0.00449363
0.49562 0.50438 0.00449458 0.00449458
0.49564 0.50436 0.004495 0.004495
0.49564 0.50436 0.004495 0.004495
0.49564 0.50436 0.004495 0.004495
0.49565 0.50435 0.00449492 0.00449492
0.49565 0.50435 0.0044933 0.0044933
0.49563 0.50437 0.00449444 0.00449444
0.49563 0.50437 0.00449444 0.00449444
0.49561 0.50439 0.00449594 0.00449594
0.49562 0.50438 0.00449721 0.00449721
0.49561 0.50439 0.00449594 0.00449594
0.49561 0.50439 0.00449115 0.00449115
0.49561 0.50439 0.00449115 0.00449115
0.49562 0.50438 0.00448854 0.00448854
0.49562 0.50438 0.00448854 0.00448854
0.49561 0.50439 0.00449105 0.00449105
0.49561 0.50439 0.00449105 0.00449105
0.4956 0.5044 0.00449214 0.00449214
0.49562 0.50438 0.00449163 0.00449163
0.49563 0.50437 0.0044929 0.0044929
0.49565 0.50435 0.00449449 0.00449449
0.49565 0.50435 0.00449449 0.00449449
0.49566 0.50434 0.00449423 0.00449423
0.49566 0.50434 0.00449423 0.00449423
0.49565 0.50435 0.00449469 0.00449469
0.49564 0.50436 0.00449611 0.00449611
0.49564 0.50436 0.00449611 0.00449611
0.49564 0.50436 0.00449611 0.00449611
0.49562 0.50438 0.00449559 0.00449559
0.49563 0.50437 0.00449674 0.00449674
0.49563 0.50437 0.00449674 0.00449674
0.49563 0.50437 0.00449674 0.00449674
0.49563 0.50437 0.00449674 0.00449674
0.49563 0.50437 0.00449674 0.00449674
0.49563 0.50437 0.00449674 0.00449674
0.49563 0.50437 0.00449674 0.00449674
0.49563 0.50437 0.00449674 0.00449674
0.49563 0.50437 0.00449674 0.00449674
0.49564 0.50436 0.00450056 0.00450056
0.49563 0.50437 0.00449983 0.00449983
0.49563 0.50437 0.00449983 0.00449983
0.49563 0.50437 0.00449983 0.00449983
0.49563 0.50437 0.00449983 0.00449983
0.49563 0.50437 0.00449983 0.00449983
0.49563 0.50437 0.00449983 0.00449983
0.49564 0.50436 0.00449809 0.00449809
0.49566 0.50434 0.00449948 0.00449948
0.49566 0.50434 0.00449948 0.00449948
0.49567 0.50433 0.00449659 0.00449659
0.49567 0.50433 0.00449659 0.00449659
0.49567 0.50433 0.00449659 0.00449659
0.49566 0.50434 0.00449685 0.00449685
0.49566 0.50434 0.00449685 0.00449685
0.49566 0.50434 0.00449685 0.00449685
0.49565 0.50435 0.00449663 0.00449663
0.49566 0.50434 0.0044954 0.0044954
0.49566 0.50434 0.00449655 0.00449655
0.49565 0.50435 0.00449413 0.00449413
0.49565 0.50435 0.00449423 0.00449423
0.49566 0.50434 0.00449259 0.00449259
0.49566 0.50434 0.00449289 0.00449289
0.49566 0.50434 0.00449289 0.00449289
0.49567 0.50433 0.00449479 0.00449479
0.49567 0.50433 0.00449479 0.00449479
0.49566 0.50434 0.00449289 0.00449289
0.49566 0.50434 0.00449289 0.00449289
0.49566 0.50434 0.00449289 0.00449289
0.49566 0.50434 0.00449174 0.00449174
0.49567 0.50433 0.00449364 0.00449364
0.49567 0.50433 0.00449364 0.00449364
0.49567 0.50433 0.00449364 0.00449364
0.49567 0.50433 0.00449364 0.00449364
0.49566 0.50434 0.00449421 0.00449421
0.49566 0.50434 0.00449421 0.00449421
0.49566 0.50434 0.00449421 0.00449421
0.49566 0.50434 0.00449421 0.00449421
0.49567 0.50433 0.00449426 0.00449426
0.49567 0.50433 0.00449426 0.00449426
0.49569 0.50431 0.00449557 0.00449557
0.49569 0.50431 0.00449557 0.00449557
0.49569 0.50431 0.00449557 0.00449557
0.49569 0.50431 0.00449557 0.00449557
0.49569 0.50431 0.00449557 0.00449557
0.49569 0.50431 0.00449557 0.00449557
0.49569 0.50431 0.00449557 0.00449557
0.49569 0.50431 0.00449557 0.00449557
0.49569 0.50431 0.00449557 0.00449557
0.49568 0.50432 0.00449731 0.00449731
0.49567 0.50433 0.00449725 0.00449725
0.49567 0.50433 0.00449725 0.00449725
0.49567 0.50433 0.00449725 0.00449725
0.49567 0.50433 0.00449725 0.00449725
0.49567 0.50433 0.00449725 0.00449725
0.49567 0.50433 0.00449725 0.00449725
0.49566 0.50434 0.00449598 0.00449598
0.49565 0.50435 0.00449526 0.00449526
0.49565 0.50435 0.00449526 0.00449526
0.49565 0.50435 0.00449526 0.00449526
0.49565 0.50435 0.00449526 0.00449526
0.49565 0.50435 0.00449526 0.00449526
0.49564 0.50436 0.0044969 0.0044969
0.49563 0.50437 0.00449813 0.00449813
0.49563 0.50437 0.00449813 0.00449813
0.49563 0.50437 0.00449813 0.00449813
0.49563 0.50437 0.00449813 0.00449813
0.49564 0.50436 0.0044965 0.0044965
0.49564 0.50436 0.0044965 0.0044965
0.49564 0.50436 0.0044965 0.0044965
0.49564 0.50436 0.0044965 0.0044965
0.49564 0.50436 0.0044965 0.0044965
0.49564 0.50436 0.0044965 0.0044965
0.49565 0.50435 0.00449476 0.00449476
0.49565 0.50435 0.00449476 0.00449476
0.49566 0.50434 0.00449475 0.00449475
0.49567 0.50433 0.00449352 0.00449352
0.49567 0.50433 0.00449643 0.00449643
0.49567 0.50433 0.00449643 0.00449643
0.49567 0.50433 0.00449643 0.00449643
0.49567 0.50433 0.00449643 0.00449643
0.49566 0.50434 0.00449516 0.00449516
0.49566 0.50434 0.00449516 0.00449516
0.49566 0.50434 0.00449516 0.00449516
0.49566 0.50434 0.00449516 0.00449516
0.49566 0.50434 0.00449516 0.00449516
0.49566 0.50434 0.00449516 0.00449516
0.49567 0.50433 0.00449659 0.00449659
0.49567 0.50433 0.00449659 0.00449659
0.49567 0.50433 0.00449659 0.00449659
0.49566 0.50434 0.00449659 0.00449659
0.49566 0.50434 0.00449659 0.00449659
0.49565 0.50435 0.00449516 0.00449516
0.49565 0.50435 0.00449516 0.00449516
0.49565 0.50435 0.00449516 0.00449516
0.49565 0.50435 0.00449516 0.00449516
0.49565 0.50435 0.00449516 0.00449516
0.49565 0.50435 0.00449516 0.00449516
0.49565 0.50435 0.00449516 0.00449516
0.49565 0.50435 0.00449516 0.00449516
0.49565 0.50435 0.00449516 0.00449516
0.49566 0.50434 0.00449516 0.00449516
0.49566 0.50434 0.00449516 0.00449516
0.49566 0.50434 0.00449516 0.00449516
0.49566 0.50434 0.00449516 0.00449516
0.49566 0.50434 0.00449516 0.00449516
0.49566 0.50434 0.00449516 0.00449516
0.49566 0.50434 0.00449516 0.00449516
0.49566 0.50434 0.00449516 0.00449516
0.49565 0.50435 0.00449516 0.00449516
0.49565 0.50435 0.00449516 0.00449516
0.49565 0.50435 0.00449516 0.00449516
0.49565 0.50435 0.00449516 0.00449516
0.49565 0.50435 0.00449516 0.00449516
0.49566 0.50434 0.00449659 0.00449659
0.49566 0.50434 0.00449659 0.00449659
0.49566 0.50434 0.00449659 0.00449659
0.49566 0.50434 0.00449659 0.00449659
0.49566 0.50434 0.00449659 0.00449659
0.49566 0.50434 0.00449659 0.00449659
0.49566 0.50434 0.00449659 0.00449659
0.49566 0.50434 0.00449659 0.00449659
0.49566 0.50434 0.00449659 0.00449659
0.49566 0.50434 0.00449659 0.00449659
0.49566 0.50434 0.00449659 0.00449659
0.49566 0.50434 0.00449516 0.00449516
0.49565 0.50435 0.00449627 0.00449627
0.49565 0.50435 0.00449627 0.00449627
0.49565 0.50435 0.00449627 0.00449627
0.49565 0.50435 0.00449627 0.00449627
0.49565 0.50435 0.00449627 0.00449627
0.49565 0.50435 0.00449627 0.00449627
0.49565 0.50435 0.00449627 0.00449627
0.49565 0.50435 0.00449627 0.00449627
0.49565 0.50435 0.00449627 0.00449627
0.49565 0.50435 0.00449627 0.00449627
0.49565 0.50435 0.00449627 0.00449627
0.49564 0.50436 0.00449793 0.00449793
0.49564 0.50436 0.00449793 0.00449793
0.49564 0.50436 0.00449793 0.00449793
0.49564 0.50436 0.00449793 0.00449793
0.49565 0.50435 0.00449799 0.00449799
0.49564 0.50436 0.00449793 0.00449793
0.49564 0.50436 0.00449793 0.00449793
0.49564 0.50436 0.00449793 0.00449793
0.49564 0.50436 0.00449793 0.00449793
0.49564 0.50436 0.00449793 0.00449793
0.49564 0.50436 0.00449793 0.00449793
0.49564 0.50436 0.00449793 0.00449793
0.49564 0.50436 0.00449793 0.00449793
0.49564 0.50436 0.00449793 0.00449793
0.49564 0.50436 0.00449793 0.00449793
0.49564 0.50436 0.00449793 0.00449793
0.49565 0.50435 0.00449682 0.00449682
0.49566 0.50434 0.00449516 0.00449516
0.49564 0.50436 0.00449793 0.00449793
0.49564 0.50436 0.00449793 0.00449793
0.49564 0.50436 0.00449793 0.00449793
0.49564 0.50436 0.00449793 0.00449793
0.49563 0.50437 0.00449904 0.00449904
0.49563 0.50437 0.00449904 0.00449904
0.49563 0.50437 0.00449904 0.00449904
0.49563 0.50437 0.00449904 0.00449904
0.49563 0.50437 0.00449904 0.00449904
0.49563 0.50437 0.00449904 0.00449904
0.49564 0.50436 0.00449793 0.00449793
0.49565 0.50435 0.00449627 0.00449627
0.49565 0.50435 0.00449627 0.00449627
0.49565 0.50435 0.00449627 0.00449627
0.49565 0.50435 0.00449627 0.00449627
0.49565 0.50435 0.00449627 0.00449627
0.49565 0.50435 0.00449627 0.00449627
0.49565 0.50435 0.00449627 0.00449627
0.49565 0.50435 0.00449627 0.00449627
0.49565 0.50435 0.00449627 0.00449627
0.49566 0.50434 0.0044977 0.0044977
0.49566 0.50434 0.0044977 0.0044977
0.49566 0.50434 0.0044977 0.0044977
0.49566 0.50434 0.0044977 0.0044977
0.49566 0.50434 0.0044977 0.0044977
0.49566 0.50434 0.0044977 0.0044977
0.49566 0.50434 0.0044977 0.0044977
0.49566 0.50434 0.0044977 0.0044977
0.49566 0.50434 0.0044977 0.0044977
0.49566 0.50434 0.0044977 0.0044977
0.49566 0.50434 0.0044977 0.0044977
0.49566 0.50434 0.0044977 0.0044977
0.49566 0.50434 0.0044977 0.0044977
0.49565 0.50435 0.00449627 0.00449627
0.49565 0.50435 0.00449627 0.00449627
0.49565 0.50435 0.00449627 0.00449627
0.49564 0.50436 0.00449738 0.00449738
0.49564 0.50436 0.00449738 0.00449738
0.49564 0.50436 0.00449738 0.00449738
0.49565 0.50435 0.00449882 0.00449882
0.49565 0.50435 0.00449882 0.00449882
0.49565 0.50435 0.00449882 0.00449882
0.49565 0.50435 0.00449882 0.00449882
0.49565 0.50435 0.00449882 0.00449882
0.49565 0.50435 0.00449882 0.00449882
0.49565 0.50435 0.00449882 0.00449882
0.49565 0.50435 0.00449882 0.00449882
0.49565 0.50435 0.00449882 0.00449882
0.49565 0.50435 0.00449882 0.00449882
0.49565 0.50435 0.00449882 0.00449882
0.49565 0.50435 0.00449882 0.00449882
0.49565 0.50435 0.00449882 0.00449882
0.49565 0.50435 0.00449882 0.00449882
0.49566 0.50434 0.0044977 0.0044977
0.49566 0.50434 0.0044977 0.0044977
0.49566 0.50434 0.0044977 0.0044977
0.49566 0.50434 0.0044977 0.0044977
0.49566 0.50434 0.0044977 0.0044977
0.49566 0.50434 0.0044977 0.0044977
0.49566 0.50434 0.0044977 0.0044977
0.49565 0.50435 0.00449882 0.00449882
0.49565 0.50435 0.00449882 0.00449882
0.49566 0.50434 0.0044977 0.0044977
0.49566 0.50434 0.0044977 0.0044977
0.49566 0.50434 0.0044977 0.0044977
0.49566 0.50434 0.00449942 0.00449942
0.49566 0.50434 0.00449942 0.00449942
0.49566 0.50434 0.00449942 0.00449942
0.49566 0.50434 0.00449942 0.00449942
0.49566 0.50434 0.00449942 0.00449942
0.49566 0.50434 0.00449942 0.00449942
0.49566 0.50434 0.00449942 0.00449942
0.49566 0.50434 0.00449942 0.00449942
0.49566 0.50434 0.00449942 0.00449942
0.49566 0.50434 0.00449942 0.00449942
0.49566 0.50434 0.00449942 0.00449942
0.49565 0.50435 0.00449936 0.00449936
0.49566 0.50434 0.0044977 0.0044977
0.49565 0.50435 0.00449936 0.00449936
0.49565 0.50435 0.00449936 0.00449936
0.49565 0.50435 0.00449936 0.00449936
0.49565 0.50435 0.00449936 0.00449936
0.49565 0.50435 0.00449936 0.00449936
0.49565 0.50435 0.00449936 0.00449936
0.49565 0.50435 0.00449936 0.00449936
0.49565 0.50435 0.00449936 0.00449936
0.49565 0.50435 0.00449936 0.00449936
0.49565 0.50435 0.00449936 0.00449936
0.49565 0.50435 0.00449936 0.00449936
0.49565 0.50435 0.00449936 0.00449936
0.49565 0.50435 0.00449936 0.00449936
0.49565 0.50435 0.00449936 0.00449936
0.49564 0.50436 0.00450048 0.00450048
0.49564 0.50436 0.00450048 0.00450048
0.49564 0.50436 0.00450048 0.00450048
0.49564 0.50436 0.00450048 0.00450048
0.49565 0.50435 0.00450053 0.00450053
0.49565 0.50435 0.00450053 0.00450053
0.49565 0.50435 0.00450053 0.00450053
0.49565 0.50435 0.00450053 0.00450053
0.49565 0.50435 0.00450053 0.00450053
0.49565 0.50435 0.00450053 0.00450053
0.49565 0.50435 0.00450053 0.00450053
0.49565 0.50435 0.00450053 0.00450053
0.49565 0.50435 0.00450053 0.00450053
0.49565 0.50435 0.00450053 0.00450053
0.49565 0.50435 0.00450053 0.00450053
0.49565 0.50435 0.00450053 0.00450053
0.49565 0.50435 0.00450053 0.00450053
0.49564 0.50436 0.00450048 0.00450048
0.49564 0.50436 0.00450048 0.00450048
0.49564 0.50436 0.00450048 0.00450048
0.49564 0.50436 0.00450048 0.00450048
0.49564 0.50436 0.00450048 0.00450048
0.49564 0.50436 0.00450048 0.00450048
0.49564 0.50436 0.00450048 0.00450048
0.49564 0.50436 0.00450048 0.00450048
0.49564 0.50436 0.00450048 0.00450048
0.49564 0.50436 0.00450048 0.00450048
0.49564 0.50436 0.00450048 0.00450048
0.49564 0.50436 0.00450048 0.00450048
0.49564 0.50436 0.00450048 0.00450048
0.49564 0.50436 0.00450048 0.00450048
0.49564 0.50436 0.00450048 0.00450048
