0.50039 0.49961 2.1999e-06 2.1999e-06
0.50046 0.49954 6.41253e-06 6.41253e-06
0.50045 0.49955 9.03788e-06 9.03788e-06
0.50047 0.49953 1.21506e-05 1.21506e-05
0.50017 0.49983 1.96779e-05 1.96779e-05
0.50025 0.49975 2.41288e-05 2.41288e-05
0.50038 0.49962 2.76925e-05 2.76925e-05
0.5005 0.4995 2.88788e-05 2.88788e-05
0.50054 0.49946 3.21095e-05 3.21095e-05
0.50052 0.49948 3.26966e-05 3.26966e-05
0.50065 0.49935 3.38258e-05 3.38258e-05
0.50068 0.49932 3.50077e-05 3.50077e-05
0.50068 0.49932 3.70683e-05 3.70683e-05
0.50076 0.49924 3.71337e-05 3.71337e-05
0.50081 0.49919 3.91656e-05 3.91656e-05
0.50084 0.49916 3.94287e-05 3.94287e-05
0.50086 0.49914 3.95762e-05 3.95762e-05
0.5009 0.4991 4.09192e-05 4.09192e-05
0.50095 0.49905 4.20682e-05 4.20682e-05
0.50098 0.49902 4.27269e-05 4.27269e-05
0.50098 0.49902 4.404e-05 4.404e-05
0.50099 0.49901 4.47171e-05 4.47171e-05
0.50103 0.49897 4.55041e-05 4.55041e-05
0.50099 0.49901 4.68181e-05 4.68181e-05
0.50104 0.49896 4.79378e-05 4.79378e-05
0.5011 0.4989 4.92828e-05 4.92828e-05
0.50107 0.49893 4.96415e-05 4.96415e-05
0.50109 0.49891 5.02443e-05 5.02443e-05
0.50114 0.49886 5.07883e-05 5.07883e-05
0.50123 0.49877 5.16132e-05 5.16132e-05
0.50124 0.49876 5.13762e-05 5.13762e-05
0.5013 0.4987 5.23535e-05 5.23535e-05
0.50133 0.49867 5.26072e-05 5.26072e-05
0.5013 0.4987 5.31818e-05 5.31818e-05
0.5013 0.4987 5.42727e-05 5.42727e-05
0.50125 0.49875 5.56439e-05 5.56439e-05
0.50122 0.49878 5.63147e-05 5.63147e-05
0.50121 0.49879 5.66322e-05 5.66322e-05
0.50135 0.49865 5.69571e-05 5.69571e-05
0.50137 0.49863 5.74476e-05 5.74476e-05
0.50139 0.49861 5.75534e-05 5.75534e-05
0.50141 0.49859 5.7113e-05 5.7113e-05
0.50141 0.49859 5.68706e-05 5.68706e-05
0.50151 0.49849 5.85959e-05 5.85959e-05
0.50153 0.49847 5.91809e-05 5.91809e-05
0.50154 0.49846 6.07358e-05 6.07358e-05
0.50165 0.49835 5.99672e-05 5.99672e-05
0.50173 0.49827 6.08052e-05 6.08052e-05
0.50172 0.49828 6.1739e-05 6.1739e-05
0.50167 0.49833 6.36981e-05 6.36981e-05
0.50168 0.49832 6.48663e-05 6.48663e-05
0.5017 0.4983 6.49192e-05 6.49192e-05
0.50174 0.49826 6.48206e-05 6.48206e-05
0.50174 0.49826 6.55277e-05 6.55277e-05
0.5018 0.4982 6.56364e-05 6.56364e-05
0.50181 0.49819 6.41959e-05 6.41959e-05
0.50182 0.49818 6.45531e-05 6.45531e-05
0.50175 0.49825 6.58056e-05 6.58056e-05
0.50172 0.49828 6.69107e-05 6.69107e-05
0.50167 0.49833 6.82839e-05 6.82839e-05
0.50176 0.49824 6.89317e-05 6.89317e-05
0.50176 0.49824 6.93358e-05 6.93358e-05
0.50175 0.49825 6.92399e-05 6.92399e-05
0.50164 0.49836 7.06772e-05 7.06772e-05
0.5016 0.4984 7.12727e-05 7.12727e-05
0.50159 0.49841 7.17999e-05 7.17999e-05
0.50167 0.49833 7.10718e-05 7.10718e-05
0.50169 0.49831 7.42565e-05 7.42565e-05
0.50169 0.49831 7.47009e-05 7.47009e-05
0.50178 0.49822 7.54663e-05 7.54663e-05
0.5018 0.4982 7.5798e-05 7.5798e-05
0.50184 0.49816 7.64994e-05 7.64994e-05
0.50172 0.49828 7.84259e-05 7.84259e-05
0.50169 0.49831 7.75292e-05 7.75292e-05
0.50173 0.49827 7.77344e-05 7.77344e-05
0.50176 0.49824 7.64873e-05 7.64873e-05
0.5017 0.4983 7.61111e-05 7.61111e-05
0.50178 0.49822 7.64966e-05 7.64966e-05
0.50175 0.49825 7.65732e-05 7.65732e-05
0.50173 0.49827 7.69264e-05 7.69264e-05
0.5017 0.4983 7.87576e-05 7.87576e-05
0.50171 0.49829 8.02484e-05 8.02484e-05
0.50179 0.49821 8.04302e-05 8.04302e-05
0.50165 0.49835 8.03914e-05 8.03914e-05
0.50164 0.49836 7.95257e-05 7.95257e-05
0.50173 0.49827 7.9492e-05 7.9492e-05
0.50172 0.49828 8.24663e-05 8.24663e-05
0.50159 0.49841 8.19009e-05 8.19009e-05
0.50159 0.49841 8.20423e-05 8.20423e-05
0.50151 0.49849 8.24342e-05 8.24342e-05
0.50144 0.49856 8.30368e-05 8.30368e-05
0.50139 0.49861 8.321e-05 8.321e-05
0.50141 0.49859 8.4406e-05 8.4406e-05
0.5014 0.4986 8.45657e-05 8.45657e-05
0.50135 0.49865 8.55025e-05 8.55025e-05
0.50137 0.49863 8.71445e-05 8.71445e-05
0.50137 0.49863 8.80738e-05 8.80738e-05
0.50134 0.49866 8.82267e-05 8.82267e-05
0.50139 0.49861 8.84423e-05 8.84423e-05
0.50142 0.49858 8.79632e-05 8.79632e-05
0.50144 0.49856 8.75216e-05 8.75216e-05
0.50149 0.49851 8.82524e-05 8.82524e-05
0.50158 0.49842 8.94986e-05 8.94986e-05
0.50153 0.49847 8.94435e-05 8.94435e-05
0.50157 0.49843 9.049e-05 9.049e-05
0.50156 0.49844 9.05519e-05 9.05519e-05
0.50151 0.49849 8.94847e-05 8.94847e-05
0.50149 0.49851 8.97676e-05 8.97676e-05
0.50146 0.49854 9.08772e-05 9.08772e-05
0.50153 0.49847 9.1686e-05 9.1686e-05
0.50153 0.49847 9.32011e-05 9.32011e-05
0.50151 0.49849 9.3808e-05 9.3808e-05
0.50145 0.49855 9.36237e-05 9.36237e-05
0.50146 0.49854 9.22307e-05 9.22307e-05
0.50149 0.49851 9.28181e-05 9.28181e-05
0.50151 0.49849 9.26565e-05 9.26565e-05
0.50153 0.49847 9.36052e-05 9.36052e-05
0.50146 0.49854 9.26549e-05 9.26549e-05
0.50146 0.49854 9.36448e-05 9.36448e-05
0.50143 0.49857 9.48536e-05 9.48536e-05
0.50152 0.49848 9.59895e-05 9.59895e-05
0.50154 0.49846 9.4857e-05 9.4857e-05
0.5016 0.4984 9.52727e-05 9.52727e-05
0.50165 0.49835 9.54015e-05 9.54015e-05
0.50163 0.49837 9.44981e-05 9.44981e-05
0.50164 0.49836 9.49398e-05 9.49398e-05
0.5016 0.4984 9.54141e-05 9.54141e-05
0.5017 0.4983 9.56869e-05 9.56869e-05
0.50174 0.49826 9.56085e-05 9.56085e-05
0.50185 0.49815 9.75429e-05 9.75429e-05
0.50187 0.49813 9.83567e-05 9.83567e-05
0.50188 0.49812 0.000100329 0.000100329
0.50196 0.49804 9.97156e-05 9.97156e-05
0.50203 0.49797 0.000100231 0.000100231
0.50203 0.49797 0.000101363 0.000101363
0.50197 0.49803 0.000100797 0.000100797
0.50199 0.49801 0.000101525 0.000101525
0.502 0.498 0.000102061 0.000102061
0.50197 0.49803 0.000101848 0.000101848
0.50197 0.49803 0.000101767 0.000101767
0.50198 0.49802 0.000102 0.000102
0.50199 0.49801 0.000101768 0.000101768
0.50193 0.49807 0.000101924 0.000101924
0.50194 0.49806 0.000102542 0.000102542
0.50199 0.49801 0.000103424 0.000103424
0.50194 0.49806 0.000103855 0.000103855
0.50198 0.49802 0.000105151 0.000105151
0.50207 0.49793 0.000105197 0.000105197
0.50204 0.49796 0.000105918 0.000105918
0.50197 0.49803 0.000104878 0.000104878
0.502 0.498 0.000104646 0.000104646
0.50201 0.49799 0.000106252 0.000106252
0.50199 0.49801 0.000105525 0.000105525
0.50198 0.49802 0.000106989 0.000106989
0.502 0.498 0.000107838 0.000107838
0.50197 0.49803 0.000109524 0.000109524
0.50197 0.49803 0.000109767 0.000109767
0.50199 0.49801 0.000110232 0.000110232
0.50209 0.49791 0.000111719 0.000111719
0.50206 0.49794 0.000111431 0.000111431
0.50213 0.49787 0.00011272 0.00011272
0.50213 0.49787 0.000112882 0.000112882
0.50214 0.49786 0.000114021 0.000114021
0.50214 0.49786 0.000113112 0.000113112
0.50216 0.49784 0.000112439 0.000112439
0.50217 0.49783 0.000112264 0.000112264
0.50216 0.49784 0.000113004 0.000113004
0.50219 0.49781 0.000112014 0.000112014
0.50221 0.49779 0.000112935 0.000112935
0.5023 0.4977 0.000112172 0.000112172
0.5023 0.4977 0.000112455 0.000112455
0.50236 0.49764 0.00011296 0.00011296
0.5024 0.4976 0.000113394 0.000113394
0.50238 0.49762 0.000114198 0.000114198
0.50244 0.49756 0.000114148 0.000114148
0.50252 0.49748 0.000113424 0.000113424
0.50253 0.49747 0.000113848 0.000113848
0.50251 0.49749 0.000114111 0.000114111
0.50247 0.49753 0.000113423 0.000113423
0.50244 0.49756 0.000114229 0.000114229
0.50248 0.49752 0.000114697 0.000114697
0.50251 0.49749 0.000115768 0.000115768
0.50251 0.49749 0.000116576 0.000116576
0.50252 0.49748 0.000117787 0.000117787
0.50252 0.49748 0.000119343 0.000119343
0.50252 0.49748 0.000120858 0.000120858
0.50248 0.49752 0.000120616 0.000120616
0.50252 0.49748 0.000121 0.000121
0.50254 0.49746 0.000120938 0.000120938
0.5025 0.4975 0.000120374 0.000120374
0.50253 0.49747 0.000119141 0.000119141
0.50251 0.49749 0.000118959 0.000118959
0.50251 0.49749 0.000118858 0.000118858
0.50251 0.49749 0.00012001 0.00012001
0.50253 0.49747 0.000119464 0.000119464
0.50246 0.49754 0.00011918 0.00011918
0.50245 0.49755 0.000119563 0.000119563
0.50246 0.49754 0.000119786 0.000119786
0.50246 0.49754 0.00012114 0.00012114
0.50242 0.49758 0.000121499 0.000121499
0.50238 0.49762 0.000120056 0.000120056
0.50232 0.49768 0.00012022 0.00012022
0.5023 0.4977 0.000119949 0.000119949
0.50232 0.49768 0.00012022 0.00012022
0.5023 0.4977 0.000119384 0.000119384
0.50227 0.49773 0.000120745 0.000120745
0.50228 0.49772 0.000121274 0.000121274
0.50229 0.49771 0.000122026 0.000122026
0.5023 0.4977 0.000122798 0.000122798
0.50228 0.49772 0.00012287 0.00012287
0.50238 0.49762 0.000123006 0.000123006
0.50239 0.49761 0.000123432 0.000123432
0.50237 0.49763 0.000123549 0.000123549
0.50242 0.49758 0.000123963 0.000123963
0.50246 0.49754 0.000123443 0.000123443
0.50245 0.49755 0.000124088 0.000124088
0.5025 0.4975 0.000125889 0.000125889
0.50258 0.49742 0.000126327 0.000126327
0.50251 0.49749 0.000125949 0.000125949
0.50253 0.49747 0.000125928 0.000125928
0.50255 0.49745 0.000126109 0.000126109
0.50255 0.49745 0.000127098 0.000127098
0.50256 0.49744 0.000127198 0.000127198
0.50252 0.49748 0.000127484 0.000127484
0.50256 0.49744 0.000127703 0.000127703
0.5026 0.4974 0.000127758 0.000127758
0.50267 0.49733 0.000128001 0.000128001
0.50265 0.49735 0.000126977 0.000126977
0.50262 0.49738 0.000126056 0.000126056
0.50262 0.49738 0.000126258 0.000126258
0.50263 0.49737 0.000126963 0.000126963
0.50265 0.49735 0.000127361 0.000127361
0.50267 0.49733 0.000127153 0.000127153
0.50268 0.49732 0.000126947 0.000126947
0.50265 0.49735 0.000126593 0.000126593
0.50257 0.49743 0.000126308 0.000126308
0.50259 0.49741 0.000125759 0.000125759
0.50256 0.49744 0.000126067 0.000126067
0.50256 0.49744 0.000125481 0.000125481
0.50262 0.49738 0.000124723 0.000124723
0.50261 0.49739 0.000123978 0.000123978
0.50256 0.49744 0.000123703 0.000123703
0.50254 0.49746 0.000124392 0.000124392
0.50249 0.49751 0.000124838 0.000124838
0.50252 0.49748 0.000127202 0.000127202
0.50254 0.49746 0.000128938 0.000128938
0.50249 0.49751 0.000129485 0.000129485
0.50251 0.49749 0.000129828 0.000129828
0.50255 0.49745 0.000130614 0.000130614
0.5025 0.4975 0.000131525 0.000131525
0.50256 0.49744 0.000132451 0.000132451
0.50257 0.49743 0.000133642 0.000133642
0.50265 0.49735 0.000135705 0.000135705
0.50265 0.49735 0.000135341 0.000135341
0.50263 0.49737 0.000135084 0.000135084
0.50269 0.49731 0.000135751 0.000135751
0.5027 0.4973 0.000136657 0.000136657
0.50272 0.49728 0.000137598 0.000137598
0.50274 0.49726 0.000136881 0.000136881
0.50269 0.49731 0.000136903 0.000136903
0.50271 0.49729 0.000136794 0.000136794
0.50272 0.49728 0.000137254 0.000137254
0.50271 0.49729 0.000137582 0.000137582
0.50273 0.49727 0.000138199 0.000138199
0.50272 0.49728 0.000139638 0.000139638
0.50273 0.49727 0.000140482 0.000140482
0.50279 0.49721 0.000141178 0.000141178
0.50278 0.49722 0.000142093 0.000142093
0.50274 0.49726 0.000142255 0.000142255
0.5027 0.4973 0.000143828 0.000143828
0.50268 0.49732 0.000144381 0.000144381
0.50267 0.49733 0.000144486 0.000144486
0.50269 0.49731 0.000145368 0.000145368
0.50264 0.49736 0.000145364 0.000145364
0.50262 0.49738 0.000145248 0.000145248
0.50262 0.49738 0.000145975 0.000145975
0.50267 0.49733 0.000145718 0.000145718
0.50266 0.49734 0.000145297 0.000145297
0.50265 0.49735 0.000142775 0.000142775
0.50262 0.49738 0.000143733 0.000143733
0.50266 0.49734 0.000142328 0.000142328
0.50273 0.49727 0.000143512 0.000143512
0.50276 0.49724 0.000142831 0.000142831
0.5028 0.4972 0.000142909 0.000142909
0.50276 0.49724 0.000142447 0.000142447
0.50275 0.49725 0.000142614 0.000142614
0.50276 0.49724 0.000142952 0.000142952
0.5027 0.4973 0.000142434 0.000142434
0.50268 0.49732 0.000143129 0.000143129
0.50262 0.49738 0.000142925 0.000142925
0.50263 0.49737 0.000143104 0.000143104
0.50267 0.49733 0.000144163 0.000144163
0.50269 0.49731 0.000145711 0.000145711
0.50272 0.49728 0.000146284 0.000146284
0.50271 0.49729 0.000147461 0.000147461
0.50268 0.49732 0.000147493 0.000147493
0.50273 0.49727 0.000147512 0.000147512
0.50279 0.49721 0.000147602 0.000147602
0.50279 0.49721 0.000147865 0.000147865
0.50278 0.49722 0.000148173 0.000148173
0.50278 0.49722 0.000148658 0.000148658
0.50272 0.49728 0.000147577 0.000147577
0.50274 0.49726 0.000146841 0.000146841
0.50276 0.49724 0.000147174 0.000147174
0.50279 0.49721 0.000147198 0.000147198
0.50278 0.49722 0.0001488 0.0001488
0.50281 0.49719 0.000148519 0.000148519
0.50279 0.49721 0.000148168 0.000148168
0.50283 0.49717 0.000148183 0.000148183
0.5028 0.4972 0.000148889 0.000148889
0.50284 0.49716 0.000148479 0.000148479
0.50287 0.49713 0.000147892 0.000147892
0.50285 0.49715 0.000147705 0.000147705
0.50292 0.49708 0.00014963 0.00014963
0.5029 0.4971 0.000149828 0.000149828
0.50286 0.49714 0.000150546 0.000150546
0.50287 0.49713 0.000151831 0.000151831
0.5028 0.4972 0.000152465 0.000152465
0.50278 0.49722 0.000152214 0.000152214
0.50282 0.49718 0.000154008 0.000154008
0.50284 0.49716 0.000154297 0.000154297
0.50276 0.49724 0.000154305 0.000154305
0.50272 0.49728 0.000153497 0.000153497
0.50274 0.49726 0.000154881 0.000154881
0.50278 0.49722 0.000155547 0.000155547
0.50281 0.49719 0.000156762 0.000156762
0.5028 0.4972 0.000155434 0.000155434
0.50282 0.49718 0.000154755 0.000154755
0.50279 0.49721 0.000154511 0.000154511
0.50283 0.49717 0.000155799 0.000155799
0.50285 0.49715 0.000155846 0.000155846
0.50289 0.49711 0.000157654 0.000157654
0.50291 0.49709 0.000158164 0.000158164
0.50294 0.49706 0.000158703 0.000158703
0.50297 0.49703 0.000160413 0.000160413
0.50298 0.49702 0.000160646 0.000160646
0.50297 0.49703 0.000160938 0.000160938
0.50304 0.49696 0.000160887 0.000160887
0.50309 0.49691 0.000161133 0.000161133
0.50308 0.49692 0.000161893 0.000161893
0.50309 0.49691 0.000161719 0.000161719
0.50309 0.49691 0.000161679 0.000161679
0.50314 0.49686 0.00016097 0.00016097
0.50312 0.49688 0.000161925 0.000161925
0.50314 0.49686 0.000163374 0.000163374
0.50318 0.49682 0.000163604 0.000163604
0.50319 0.49681 0.000163812 0.000163812
0.50318 0.49682 0.00016423 0.00016423
0.50317 0.49683 0.000165577 0.000165577
0.50316 0.49684 0.000166055 0.000166055
0.50321 0.49679 0.000165461 0.000165461
0.50322 0.49678 0.000165486 0.000165486
0.50325 0.49675 0.000165018 0.000165018
0.5033 0.4967 0.000165222 0.000165222
0.50331 0.49669 0.000164943 0.000164943
0.50331 0.49669 0.000165408 0.000165408
0.50331 0.49669 0.000166681 0.000166681
0.50325 0.49675 0.000168109 0.000168109
0.50326 0.49674 0.000168477 0.000168477
0.50334 0.49666 0.000168934 0.000168934
0.50338 0.49662 0.000168824 0.000168824
0.50336 0.49664 0.000168354 0.000168354
0.50339 0.49661 0.000169089 0.000169089
0.50341 0.49659 0.000169335 0.000169335
0.50346 0.49654 0.000169867 0.000169867
0.50346 0.49654 0.000169059 0.000169059
0.50345 0.49655 0.000169038 0.000169038
0.50346 0.49654 0.00016918 0.00016918
0.50349 0.49651 0.000169586 0.000169586
0.5035 0.4965 0.000171586 0.000171586
0.50351 0.49649 0.000170899 0.000170899
0.50352 0.49648 0.000171545 0.000171545
0.50355 0.49645 0.00017223 0.00017223
0.50358 0.49642 0.00017162 0.00017162
0.50355 0.49645 0.000173846 0.000173846
0.50351 0.49649 0.000174374 0.000174374
0.50355 0.49645 0.000176553 0.000176553
0.50358 0.49642 0.00017865 0.00017865
0.50352 0.49648 0.000179282 0.000179282
0.50354 0.49646 0.000179584 0.000179584
0.50353 0.49647 0.000179747 0.000179747
0.50349 0.49651 0.000180798 0.000180798
0.50354 0.49646 0.00018217 0.00018217
0.50352 0.49648 0.000180818 0.000180818
0.50345 0.49655 0.000182129 0.000182129
0.50346 0.49654 0.000182332 0.000182332
0.50348 0.49652 0.000183 0.000183
0.50349 0.49651 0.000184273 0.000184273
0.50349 0.49651 0.000184273 0.000184273
0.50342 0.49658 0.000183822 0.000183822
0.50343 0.49657 0.000182409 0.000182409
0.50343 0.49657 0.000182328 0.000182328
0.50342 0.49658 0.000180771 0.000180771
0.50338 0.49662 0.000180238 0.000180238
0.50341 0.49659 0.000179275 0.000179275
0.50344 0.49656 0.000179097 0.000179097
0.50345 0.49655 0.000179159 0.000179159
0.50347 0.49653 0.000178393 0.000178393
0.50346 0.49654 0.000179584 0.000179584
0.50339 0.49661 0.000179897 0.000179897
0.50344 0.49656 0.000182613 0.000182613
0.50344 0.49656 0.000181764 0.000181764
0.50348 0.49652 0.000182373 0.000182373
0.50349 0.49651 0.000182717 0.000182717
0.5035 0.4965 0.000183202 0.000183202
0.50347 0.49653 0.000184555 0.000184555
0.50347 0.49653 0.000184373 0.000184373
0.50344 0.49656 0.000184916 0.000184916
0.50348 0.49652 0.000183808 0.000183808
0.50348 0.49652 0.000184575 0.000184575
0.50347 0.49653 0.000185201 0.000185201
0.50344 0.49656 0.000185764 0.000185764
0.50345 0.49655 0.000187563 0.000187563
0.50343 0.49657 0.000187662 0.000187662
0.50339 0.49661 0.000187553 0.000187553
0.50337 0.49663 0.000187407 0.000187407
0.50336 0.49664 0.000188475 0.000188475
0.50333 0.49667 0.000187415 0.000187415
0.50333 0.49667 0.000187213 0.000187213
0.50335 0.49665 0.000186412 0.000186412
0.5034 0.4966 0.000186242 0.000186242
0.50343 0.49657 0.000186005 0.000186005
0.50343 0.49657 0.000187864 0.000187864
0.50345 0.49655 0.00018825 0.00018825
0.5035 0.4965 0.000189121 0.000189121
0.50351 0.49649 0.000189242 0.000189242
0.50351 0.49649 0.000190434 0.000190434
0.5035 0.4965 0.00018896 0.00018896
0.5035 0.4965 0.000190414 0.000190414
0.50345 0.49655 0.000190937 0.000190937
0.50347 0.49653 0.000190151 0.000190151
0.50341 0.49659 0.000189962 0.000189962
0.50336 0.49664 0.000190192 0.000190192
0.50337 0.49663 0.000190437 0.000190437
0.50334 0.49666 0.000192206 0.000192206
0.50338 0.49662 0.000190965 0.000190965
0.50342 0.49658 0.000191054 0.000191054
0.50338 0.49662 0.000189733 0.000189733
0.50337 0.49663 0.00018973 0.00018973
0.5034 0.4966 0.000190283 0.000190283
0.5034 0.4966 0.00019002 0.00019002
0.50338 0.49662 0.000191511 0.000191511
0.50335 0.49665 0.000192735 0.000192735
0.50342 0.49658 0.000192953 0.000192953
0.50346 0.49654 0.000194312 0.000194312
0.50348 0.49652 0.000195626 0.000195626
0.50354 0.49646 0.000194332 0.000194332
0.50354 0.49646 0.000194857 0.000194857
0.50353 0.49647 0.000195969 0.000195969
0.50343 0.49657 0.000196631 0.000196631
0.50345 0.49655 0.000196654 0.000196654
0.50346 0.49654 0.000198615 0.000198615
0.50344 0.49656 0.00019934 0.00019934
0.50345 0.49655 0.000199806 0.000199806
0.50346 0.49654 0.000199685 0.000199685
0.50342 0.49658 0.00020261 0.00020261
0.50345 0.49655 0.000202715 0.000202715
0.50342 0.49658 0.000203418 0.000203418
0.50341 0.49659 0.000203315 0.000203315
0.50342 0.49658 0.000204226 0.000204226
0.50342 0.49658 0.000203721 0.000203721
0.50342 0.49658 0.000204731 0.000204731
0.50347 0.49653 0.000205767 0.000205767
0.50345 0.49655 0.000205583 0.000205583
0.50342 0.49658 0.000205802 0.000205802
0.50342 0.49658 0.000206913 0.000206913
0.50344 0.49656 0.000206754 0.000206754
0.50346 0.49654 0.000205604 0.000205604
0.50346 0.49654 0.00020615 0.00020615
0.50345 0.49655 0.000206896 0.000206896
0.50347 0.49653 0.000206817 0.000206817
0.50346 0.49654 0.000207564 0.000207564
0.50341 0.49659 0.000207699 0.000207699
0.50338 0.49662 0.000207086 0.000207086
0.50341 0.49659 0.000206992 0.000206992
0.50335 0.49665 0.000206614 0.000206614
0.50337 0.49663 0.000206781 0.000206781
0.50337 0.49663 0.000207145 0.000207145
0.5034 0.4966 0.000207717 0.000207717
0.50337 0.49663 0.000207528 0.000207528
0.50337 0.49663 0.000207367 0.000207367
0.50339 0.49661 0.000207129 0.000207129
0.50342 0.49658 0.000208064 0.000208064
0.50344 0.49656 0.000208027 0.000208027
0.50341 0.49659 0.000208951 0.000208951
0.50339 0.49661 0.00021024 0.00021024
0.50338 0.49662 0.000211086 0.000211086
0.50337 0.49663 0.000211023 0.000211023
0.50334 0.49666 0.000210509 0.000210509
0.50334 0.49666 0.000210166 0.000210166
0.50332 0.49668 0.000210139 0.000210139
0.50331 0.49669 0.000211065 0.000211065
0.50332 0.49668 0.000211977 0.000211977
0.5033 0.4967 0.000213727 0.000213727
0.50329 0.49671 0.000214127 0.000214127
0.50327 0.49673 0.00021327 0.00021327
0.50327 0.49673 0.00021226 0.00021226
0.50327 0.49673 0.00021426 0.00021426
0.50323 0.49677 0.000213674 0.000213674
0.5032 0.4968 0.000214364 0.000214364
