0.54636 0.45364 0.000280596 0.000280596
0.54511 0.45489 0.000393856 0.000393856
0.54437 0.45563 0.000457185 0.000457185
0.54356 0.45644 0.000515037 0.000515037
0.54338 0.45662 0.000573127 0.000573127
0.54343 0.45657 0.000701439 0.000701439
0.54304 0.45696 0.000776039 0.000776039
0.54252 0.45748 0.000801242 0.000801242
0.54164 0.45836 0.000838091 0.000838091
0.54187 0.45813 0.000847932 0.000847932
0.54158 0.45842 0.000994549 0.000994549
0.54157 0.45843 0.00106819 0.00106819
0.54264 0.45736 0.000973627 0.000973627
0.54221 0.45779 0.000953663 0.000953663
0.54154 0.45846 0.000999847 0.000999847
0.54094 0.45906 0.00100161 0.00100161
0.54017 0.45983 0.00106095 0.00106095
0.53989 0.46011 0.0010582 0.0010582
0.54071 0.45929 0.00106182 0.00106182
0.54007 0.45993 0.00107631 0.00107631
0.54038 0.45962 0.00106575 0.00106575
0.53987 0.46013 0.00108951 0.00108951
0.54012 0.45988 0.00113421 0.00113421
0.5411 0.4589 0.00124351 0.00124351
0.54202 0.45798 0.00124792 0.00124792
0.54119 0.45881 0.00126183 0.00126183
0.54029 0.45971 0.00125605 0.00125605
0.54037 0.45963 0.00123636 0.00123636
0.54057 0.45943 0.00123706 0.00123706
0.54031 0.45969 0.00135209 0.00135209
0.54007 0.45993 0.00133851 0.00133851
0.53953 0.46047 0.00139716 0.00139716
0.53985 0.46015 0.00138661 0.00138661
0.53923 0.46077 0.00132691 0.00132691
0.53894 0.46106 0.00127763 0.00127763
0.53879 0.46121 0.00129825 0.00129825
0.5404 0.4596 0.00122168 0.00122168
0.54032 0.45968 0.00117606 0.00117606
0.54037 0.45963 0.00118264 0.00118264
0.53917 0.46083 0.00114748 0.00114748
0.53996 0.46004 0.00118121 0.00118121
0.5396 0.4604 0.00131257 0.00131257
0.54009 0.45991 0.00124028 0.00124028
0.53952 0.46048 0.00123969 0.00123969
0.53908 0.46092 0.0012644 0.0012644
0.53907 0.46093 0.00134235 0.00134235
0.53862 0.46138 0.00124737 0.00124737
0.53847 0.46153 0.00128542 0.00128542
0.5388 0.4612 0.00128451 0.00128451
0.53921 0.46079 0.00123564 0.00123564
0.53872 0.46128 0.00124311 0.00124311
0.53932 0.46068 0.00131347 0.00131347
0.53916 0.46084 0.001367 0.001367
0.53935 0.46065 0.00132538 0.00132538
0.53949 0.46051 0.00131849 0.00131849
0.5394 0.4606 0.00123941 0.00123941
0.53943 0.46057 0.00124778 0.00124778
0.53981 0.46019 0.00121751 0.00121751
0.53916 0.46084 0.00111331 0.00111331
0.53956 0.46044 0.00116306 0.00116306
0.53931 0.46069 0.00120353 0.00120353
0.5401 0.4599 0.00123027 0.00123027
0.53961 0.46039 0.00126976 0.00126976
0.54009 0.45991 0.0012839 0.0012839
0.54072 0.45928 0.00126986 0.00126986
0.54024 0.45976 0.00125586 0.00125586
0.54002 0.45998 0.00121606 0.00121606
0.53993 0.46007 0.0012275 0.0012275
0.54009 0.45991 0.00120433 0.00120433
0.5403 0.4597 0.00118922 0.00118922
0.54125 0.45875 0.0012112 0.0012112
0.54288 0.45712 0.00122516 0.00122516
0.54254 0.45746 0.00128926 0.00128926
0.54233 0.45767 0.00133954 0.00133954
0.54348 0.45652 0.00130348 0.00130348
0.54382 0.45618 0.00125508 0.00125508
0.5447 0.4553 0.00130025 0.00130025
0.54361 0.45639 0.00140501 0.00140501
0.54271 0.45729 0.00137883 0.00137883
0.54338 0.45662 0.00139838 0.00139838
0.54274 0.45726 0.00138385 0.00138385
0.54307 0.45693 0.00138091 0.00138091
0.54131 0.45869 0.00126369 0.00126369
0.54064 0.45936 0.00129682 0.00129682
0.54016 0.45984 0.00136232 0.00136232
0.53944 0.46056 0.00139057 0.00139057
0.53937 0.46063 0.00142191 0.00142191
0.53989 0.46011 0.00129468 0.00129468
0.53985 0.46015 0.00131177 0.00131177
0.53999 0.46001 0.00141734 0.00141734
0.53952 0.46048 0.00133361 0.00133361
0.53916 0.46084 0.00128519 0.00128519
0.53989 0.46011 0.00130638 0.00130638
0.53957 0.46043 0.00129885 0.00129885
0.54083 0.45917 0.00126327 0.00126327
0.54063 0.45937 0.00118123 0.00118123
0.53988 0.46012 0.00118502 0.00118502
0.53948 0.46052 0.00107571 0.00107571
0.53973 0.46027 0.00113626 0.00113626
0.54038 0.45962 0.00115771 0.00115771
0.54073 0.45927 0.0012045 0.0012045
0.53968 0.46032 0.00126658 0.00126658
0.54034 0.45966 0.00128158 0.00128158
0.53988 0.46012 0.00134693 0.00134693
0.53929 0.46071 0.00140597 0.00140597
0.53948 0.46052 0.00147559 0.00147559
0.5392 0.4608 0.00149549 0.00149549
0.53951 0.46049 0.00139035 0.00139035
0.53982 0.46018 0.00137585 0.00137585
0.53996 0.46004 0.00139919 0.00139919
0.53976 0.46024 0.00134029 0.00134029
0.53932 0.46068 0.00132571 0.00132571
0.53931 0.46069 0.00132949 0.00132949
0.54002 0.45998 0.00140497 0.00140497
0.54059 0.45941 0.00139002 0.00139002
0.54033 0.45967 0.00144618 0.00144618
0.54152 0.45848 0.00145825 0.00145825
0.54162 0.45838 0.00138925 0.00138925
0.54078 0.45922 0.00141409 0.00141409
0.5408 0.4592 0.00135794 0.00135794
0.5393 0.4607 0.00125755 0.00125755
0.53921 0.46079 0.00121914 0.00121914
0.53989 0.46011 0.00129965 0.00129965
0.53932 0.46068 0.00132717 0.00132717
0.53939 0.46061 0.00133584 0.00133584
0.54073 0.45927 0.00128139 0.00128139
0.54085 0.45915 0.001329 0.001329
0.54063 0.45937 0.00129516 0.00129516
0.54041 0.45959 0.00128871 0.00128871
0.54017 0.45983 0.0011956 0.0011956
0.54003 0.45997 0.00120981 0.00120981
0.53948 0.46052 0.00122441 0.00122441
0.53971 0.46029 0.00119904 0.00119904
0.53959 0.46041 0.00131901 0.00131901
0.53932 0.46068 0.0013847 0.0013847
0.54071 0.45929 0.00138821 0.00138821
0.54024 0.45976 0.00138281 0.00138281
0.54163 0.45837 0.00136379 0.00136379
0.54227 0.45773 0.00131404 0.00131404
0.54138 0.45862 0.0013467 0.0013467
0.54157 0.45843 0.00124459 0.00124459
0.54035 0.45965 0.00124781 0.00124781
0.54039 0.45961 0.00128452 0.00128452
0.54023 0.45977 0.00130883 0.00130883
0.54026 0.45974 0.00131884 0.00131884
0.54074 0.45926 0.00131516 0.00131516
0.54144 0.45856 0.00136681 0.00136681
0.54228 0.45772 0.00134287 0.00134287
0.54178 0.45822 0.00139605 0.00139605
0.54201 0.45799 0.00133595 0.00133595
0.5419 0.4581 0.00132801 0.00132801
0.54019 0.45981 0.00135549 0.00135549
0.54082 0.45918 0.00133995 0.00133995
0.54073 0.45927 0.00132939 0.00132939
0.54034 0.45966 0.00127512 0.00127512
0.54082 0.45918 0.00129508 0.00129508
0.54089 0.45911 0.00140169 0.00140169
0.54126 0.45874 0.00143628 0.00143628
0.54029 0.45971 0.00139386 0.00139386
0.54032 0.45968 0.0013358 0.0013358
0.5405 0.4595 0.00130197 0.00130197
0.54143 0.45857 0.00129675 0.00129675
0.54149 0.45851 0.00139823 0.00139823
0.5419 0.4581 0.00136971 0.00136971
0.54194 0.45806 0.00138026 0.00138026
0.54161 0.45839 0.00134301 0.00134301
0.54169 0.45831 0.00134799 0.00134799
0.54204 0.45796 0.00129012 0.00129012
0.54165 0.45835 0.00127482 0.00127482
0.54171 0.45829 0.00132736 0.00132736
0.54008 0.45992 0.00132157 0.00132157
0.54078 0.45922 0.00126973 0.00126973
0.54125 0.45875 0.00132581 0.00132581
0.54055 0.45945 0.001331 0.001331
0.54023 0.45977 0.00133472 0.00133472
0.53974 0.46026 0.00131377 0.00131377
0.53972 0.46028 0.0012842 0.0012842
0.54052 0.45948 0.00130106 0.00130106
0.54182 0.45818 0.00132451 0.00132451
0.54248 0.45752 0.00134086 0.00134086
0.54239 0.45761 0.00133333 0.00133333
0.54131 0.45869 0.00131688 0.00131688
0.54166 0.45834 0.00136289 0.00136289
0.54253 0.45747 0.00137868 0.00137868
0.54127 0.45873 0.00137452 0.00137452
0.54105 0.45895 0.00144288 0.00144288
0.54149 0.45851 0.00147274 0.00147274
0.54205 0.45795 0.0015092 0.0015092
0.54195 0.45805 0.00149243 0.00149243
0.54292 0.45708 0.00141577 0.00141577
0.54372 0.45628 0.00141178 0.00141178
0.54255 0.45745 0.00139528 0.00139528
0.54129 0.45871 0.00139631 0.00139631
0.54094 0.45906 0.00138521 0.00138521
0.54011 0.45989 0.00132776 0.00132776
0.54049 0.45951 0.00143635 0.00143635
0.53976 0.46024 0.00141269 0.00141269
0.53885 0.46115 0.00144607 0.00144607
0.53946 0.46054 0.00143722 0.00143722
0.53859 0.46141 0.00141447 0.00141447
0.53834 0.46166 0.00141598 0.00141598
0.53787 0.46213 0.00140975 0.00140975
0.5385 0.4615 0.00144658 0.00144658
0.53857 0.46143 0.00135647 0.00135647
0.5379 0.4621 0.00137967 0.00137967
0.53819 0.46181 0.00137173 0.00137173
0.53833 0.46167 0.00140289 0.00140289
0.53848 0.46152 0.0013194 0.0013194
0.53951 0.46049 0.00136821 0.00136821
0.54039 0.45961 0.0015266 0.0015266
0.5406 0.4594 0.00152709 0.00152709
0.54201 0.45799 0.00149615 0.00149615
0.54166 0.45834 0.00151673 0.00151673
0.541 0.459 0.00143887 0.00143887
0.54123 0.45877 0.00144917 0.00144917
0.54165 0.45835 0.00137629 0.00137629
0.54152 0.45848 0.00146112 0.00146112
0.5413 0.4587 0.00138551 0.00138551
0.54073 0.45927 0.00146186 0.00146186
0.53949 0.46051 0.00143876 0.00143876
0.5394 0.4606 0.0013717 0.0013717
0.53801 0.46199 0.00138322 0.00138322
0.53772 0.46228 0.0014721 0.0014721
0.53865 0.46135 0.00147676 0.00147676
0.53919 0.46081 0.00148422 0.00148422
0.53947 0.46053 0.00150158 0.00150158
0.53991 0.46009 0.00153247 0.00153247
0.54048 0.45952 0.00148662 0.00148662
0.53963 0.46037 0.0014562 0.0014562
0.53957 0.46043 0.00152287 0.00152287
0.54055 0.45945 0.0015569 0.0015569
0.53922 0.46078 0.00155799 0.00155799
0.53842 0.46158 0.00165651 0.00165651
0.53909 0.46091 0.00168891 0.00168891
0.53874 0.46126 0.00161775 0.00161775
0.53932 0.46068 0.00164081 0.00164081
0.53939 0.46061 0.00161309 0.00161309
0.53841 0.46159 0.00158519 0.00158519
0.53914 0.46086 0.00160695 0.00160695
0.53837 0.46163 0.00165801 0.00165801
0.53869 0.46131 0.00170228 0.00170228
0.53857 0.46143 0.00165649 0.00165649
0.53867 0.46133 0.00162826 0.00162826
0.5379 0.4621 0.00156557 0.00156557
0.53703 0.46297 0.00158633 0.00158633
0.53583 0.46417 0.00153364 0.00153364
0.53588 0.46412 0.00145336 0.00145336
0.53625 0.46375 0.00137092 0.00137092
0.53602 0.46398 0.00141778 0.00141778
0.53531 0.46469 0.00144252 0.00144252
0.53544 0.46456 0.00150869 0.00150869
0.53491 0.46509 0.0015194 0.0015194
0.53585 0.46415 0.00146556 0.00146556
0.53612 0.46388 0.00141142 0.00141142
0.53678 0.46322 0.00140864 0.00140864
0.53675 0.46325 0.00148678 0.00148678
0.53609 0.46391 0.00146736 0.00146736
0.53593 0.46407 0.00158851 0.00158851
0.53633 0.46367 0.00162376 0.00162376
0.53616 0.46384 0.00158486 0.00158486
0.53609 0.46391 0.00151475 0.00151475
0.53652 0.46348 0.00154193 0.00154193
0.53731 0.46269 0.00143315 0.00143315
0.53723 0.46277 0.00147238 0.00147238
0.53717 0.46283 0.00149449 0.00149449
0.53691 0.46309 0.0015598 0.0015598
0.53801 0.46199 0.00157391 0.00157391
0.53876 0.46124 0.0016482 0.0016482
0.53837 0.46163 0.00165721 0.00165721
0.53861 0.46139 0.00169307 0.00169307
0.54 0.46 0.00163786 0.00163786
0.53942 0.46058 0.00169592 0.00169592
0.53893 0.46107 0.00165974 0.00165974
0.53878 0.46122 0.00161698 0.00161698
0.53903 0.46097 0.00169112 0.00169112
0.53914 0.46086 0.0016815 0.0016815
0.53962 0.46038 0.00165284 0.00165284
0.5405 0.4595 0.00166094 0.00166094
0.53948 0.46052 0.00165757 0.00165757
0.53977 0.46023 0.00159066 0.00159066
0.5407 0.4593 0.00164684 0.00164684
0.53922 0.46078 0.00168512 0.00168512
0.53946 0.46054 0.00167259 0.00167259
0.53798 0.46202 0.00168269 0.00168269
0.53672 0.46328 0.00169766 0.00169766
0.53614 0.46386 0.00167463 0.00167463
0.53585 0.46415 0.0017397 0.0017397
0.53416 0.46584 0.00169925 0.00169925
0.53443 0.46557 0.00176203 0.00176203
0.53405 0.46595 0.00180722 0.00180722
0.53454 0.46546 0.00178465 0.00178465
0.53434 0.46566 0.00178093 0.00178093
0.5342 0.4658 0.00174517 0.00174517
0.53349 0.46651 0.00180753 0.00180753
0.53409 0.46591 0.00178948 0.00178948
0.53371 0.46629 0.00176338 0.00176338
0.53487 0.46513 0.00182262 0.00182262
0.53465 0.46535 0.00174914 0.00174914
0.53536 0.46464 0.0017148 0.0017148
0.5359 0.4641 0.00168849 0.00168849
0.53567 0.46433 0.00166719 0.00166719
0.53512 0.46488 0.00170152 0.00170152
0.53533 0.46467 0.00174412 0.00174412
0.5347 0.4653 0.00186304 0.00186304
0.53495 0.46505 0.00188946 0.00188946
0.53536 0.46464 0.00189433 0.00189433
0.53581 0.46419 0.00182365 0.00182365
0.53559 0.46441 0.00172633 0.00172633
0.53672 0.46328 0.00172865 0.00172865
0.53708 0.46292 0.00179595 0.00179595
0.53692 0.46308 0.00192179 0.00192179
0.53674 0.46326 0.0018583 0.0018583
0.53494 0.46506 0.00183188 0.00183188
0.53438 0.46562 0.00184626 0.00184626
0.5338 0.4662 0.00177784 0.00177784
0.53352 0.46648 0.00175516 0.00175516
0.5345 0.4655 0.00167801 0.00167801
0.5348 0.4652 0.00172614 0.00172614
0.5343 0.4657 0.00172936 0.00172936
0.53334 0.46666 0.00177457 0.00177457
0.53377 0.46623 0.00175569 0.00175569
0.53378 0.46622 0.00174403 0.00174403
0.53333 0.46667 0.00177441 0.00177441
0.53426 0.46574 0.00181149 0.00181149
0.53463 0.46537 0.00171597 0.00171597
0.53507 0.46493 0.00175225 0.00175225
0.53637 0.46363 0.00175995 0.00175995
0.53606 0.46394 0.00169975 0.00169975
0.53658 0.46342 0.00174356 0.00174356
0.53646 0.46354 0.00176888 0.00176888
0.53685 0.46315 0.00178623 0.00178623
0.53589 0.46411 0.00171592 0.00171592
0.5354 0.4646 0.00180186 0.00180186
0.5359 0.4641 0.00175674 0.00175674
0.53664 0.46336 0.00175276 0.00175276
0.53663 0.46337 0.00183401 0.00183401
0.5377 0.4623 0.00184516 0.00184516
0.53816 0.46184 0.00184969 0.00184969
0.53778 0.46222 0.0018385 0.0018385
0.53747 0.46253 0.00186419 0.00186419
0.53724 0.46276 0.00192453 0.00192453
0.5365 0.4635 0.00191973 0.00191973
0.53708 0.46292 0.00199696 0.00199696
0.53688 0.46312 0.00198251 0.00198251
0.53644 0.46356 0.00197461 0.00197461
0.53753 0.46247 0.00188803 0.00188803
0.53739 0.46261 0.00195602 0.00195602
0.53852 0.46148 0.0019449 0.0019449
0.53811 0.46189 0.00188796 0.00188796
0.53733 0.46267 0.00197638 0.00197638
0.53735 0.46265 0.0019869 0.0019869
0.5372 0.4628 0.00198287 0.00198287
0.53618 0.46382 0.0020129 0.0020129
0.53679 0.46321 0.00194356 0.00194356
0.53721 0.46279 0.00202671 0.00202671
0.53715 0.46285 0.00206936 0.00206936
0.53735 0.46265 0.00203237 0.00203237
0.53703 0.46297 0.00217692 0.00217692
0.53687 0.46313 0.00215521 0.00215521
0.53722 0.46278 0.00227141 0.00227141
0.53734 0.46266 0.00223411 0.00223411
0.53783 0.46217 0.00214641 0.00214641
0.53717 0.46283 0.00211717 0.00211717
0.53768 0.46232 0.00211897 0.00211897
0.53693 0.46307 0.00212251 0.00212251
0.53654 0.46346 0.00215302 0.00215302
0.53665 0.46335 0.00220787 0.00220787
0.53764 0.46236 0.00221722 0.00221722
0.5372 0.4628 0.00221279 0.00221279
0.53708 0.46292 0.00231508 0.00231508
0.53733 0.46267 0.0023134 0.0023134
0.53721 0.46279 0.00223492 0.00223492
0.53613 0.46387 0.00221987 0.00221987
0.53702 0.46298 0.00224994 0.00224994
0.53636 0.46364 0.0023006 0.0023006
0.53601 0.46399 0.00223235 0.00223235
0.53688 0.46312 0.00219213 0.00219213
0.53742 0.46258 0.0022473 0.0022473
0.53719 0.46281 0.00220199 0.00220199
0.53766 0.46234 0.00220249 0.00220249
0.53698 0.46302 0.00223889 0.00223889
0.53602 0.46398 0.00222624 0.00222624
0.53638 0.46362 0.0020986 0.0020986
0.53621 0.46379 0.00205972 0.00205972
0.5362 0.4638 0.00215026 0.00215026
0.53746 0.46254 0.00226231 0.00226231
0.53749 0.46251 0.00232777 0.00232777
0.53758 0.46242 0.00230582 0.00230582
0.53744 0.46256 0.00226993 0.00226993
0.53722 0.46278 0.00219298 0.00219298
0.53738 0.46262 0.00205628 0.00205628
0.53724 0.46276 0.00209996 0.00209996
0.53833 0.46167 0.00216218 0.00216218
0.53899 0.46101 0.00210387 0.00210387
0.53888 0.46112 0.00217399 0.00217399
0.53916 0.46084 0.00224357 0.00224357
0.53859 0.46141 0.00234651 0.00234651
0.53785 0.46215 0.00238148 0.00238148
0.53809 0.46191 0.00231309 0.00231309
0.53746 0.46254 0.00231708 0.00231708
0.5373 0.4627 0.0022794 0.0022794
0.53657 0.46343 0.00231215 0.00231215
0.53594 0.46406 0.00238278 0.00238278
0.53628 0.46372 0.00230556 0.00230556
0.53606 0.46394 0.00229713 0.00229713
0.537 0.463 0.00230616 0.00230616
0.53699 0.46301 0.00230955 0.00230955
0.53665 0.46335 0.00223334 0.00223334
0.53722 0.46278 0.00222735 0.00222735
0.53745 0.46255 0.00220934 0.00220934
0.53609 0.46391 0.00229574 0.00229574
0.53603 0.46397 0.00238593 0.00238593
0.53628 0.46372 0.00247905 0.00247905
0.53675 0.46325 0.00243106 0.00243106
0.53681 0.46319 0.00238836 0.00238836
0.53598 0.46402 0.00238083 0.00238083
0.5365 0.4635 0.00238025 0.00238025
0.5369 0.4631 0.00240132 0.00240132
0.53612 0.46388 0.00242289 0.00242289
0.53636 0.46364 0.00240029 0.00240029
0.53657 0.46343 0.00242869 0.00242869
0.53654 0.46346 0.00241502 0.00241502
0.53549 0.46451 0.00237286 0.00237286
0.53533 0.46467 0.00247182 0.00247182
0.53434 0.46566 0.00261172 0.00261172
0.53464 0.46536 0.00262979 0.00262979
0.53551 0.46449 0.0025314 0.0025314
0.53661 0.46339 0.00244614 0.00244614
0.53627 0.46373 0.00238165 0.00238165
0.53655 0.46345 0.00234966 0.00234966
0.53604 0.46396 0.00243545 0.00243545
0.53512 0.46488 0.00245546 0.00245546
0.53576 0.46424 0.00241429 0.00241429
0.53525 0.46475 0.00234229 0.00234229
0.535 0.465 0.00248537 0.00248537
0.53455 0.46545 0.00241942 0.00241942
0.53593 0.46407 0.0023058 0.0023058
0.53513 0.46487 0.00233072 0.00233072
0.53559 0.46441 0.00233043 0.00233043
0.5348 0.4652 0.00239061 0.00239061
0.53479 0.46521 0.00238837 0.00238837
0.53445 0.46555 0.00239544 0.00239544
0.53413 0.46587 0.00241654 0.00241654
0.53523 0.46477 0.00257125 0.00257125
0.53607 0.46393 0.0024951 0.0024951
0.53459 0.46541 0.00250243 0.00250243
0.5349 0.4651 0.0025011 0.0025011
0.53531 0.46469 0.00259842 0.00259842
0.5345 0.4655 0.00254597 0.00254597
0.5348 0.4652 0.00249879 0.00249879
0.53503 0.46497 0.00244781 0.00244781
0.53392 0.46608 0.0023128 0.0023128
0.53392 0.46608 0.00233672 0.00233672
0.53358 0.46642 0.00236806 0.00236806
0.53355 0.46645 0.00240696 0.00240696
0.53267 0.46733 0.00239279 0.00239279
0.53304 0.46696 0.0023917 0.0023917
0.53402 0.46598 0.00239101 0.00239101
0.53442 0.46558 0.00235097 0.00235097
0.53505 0.46495 0.00229082 0.00229082
0.53541 0.46459 0.00228598 0.00228598
0.53489 0.46511 0.00244468 0.00244468
0.53472 0.46528 0.00242142 0.00242142
0.53474 0.46526 0.00251597 0.00251597
0.5353 0.4647 0.00246845 0.00246845
0.53461 0.46539 0.00251311 0.00251311
0.53411 0.46589 0.00261369 0.00261369
0.53433 0.46567 0.00258376 0.00258376
0.53386 0.46614 0.00265943 0.00265943
0.53413 0.46587 0.0026464 0.0026464
0.53464 0.46536 0.00262043 0.00262043
0.53462 0.46538 0.00265248 0.00265248
0.53602 0.46398 0.0026757 0.0026757
0.53586 0.46414 0.00260901 0.00260901
0.53621 0.46379 0.0026394 0.0026394
0.53557 0.46443 0.00259867 0.00259867
0.53635 0.46365 0.00261643 0.00261643
0.53645 0.46355 0.00260498 0.00260498
0.5352 0.4648 0.00265438 0.00265438
0.53492 0.46508 0.00272488 0.00272488
0.53523 0.46477 0.00265573 0.00265573
0.53501 0.46499 0.00260187 0.00260187
0.53556 0.46444 0.00264797 0.00264797
0.53605 0.46395 0.00265443 0.00265443
0.5372 0.4628 0.00279321 0.00279321
0.53621 0.46379 0.0028092 0.0028092
0.53686 0.46314 0.00277509 0.00277509
0.53728 0.46272 0.00275192 0.00275192
0.53706 0.46294 0.00267901 0.00267901
0.53693 0.46307 0.00276867 0.00276867
0.53692 0.46308 0.0026963 0.0026963
0.53648 0.46352 0.00265152 0.00265152
0.53655 0.46345 0.00278692 0.00278692
0.53695 0.46305 0.00277791 0.00277791
0.53626 0.46374 0.00272587 0.00272587
0.53568 0.46432 0.00279816 0.00279816
0.53635 0.46365 0.0027617 0.0027617
0.53554 0.46446 0.00272787 0.00272787
0.53514 0.46486 0.00274047 0.00274047
0.53558 0.46442 0.00268299 0.00268299
