0.49948 0.50052 2.58279e-05 2.58279e-05
0.49957 0.50043 6.69546e-05 6.69546e-05
0.49957 0.50043 0.000102833 0.000102833
0.50029 0.49971 0.000171804 0.000171804
0.5005 0.4995 0.000237162 0.000237162
0.4999 0.5001 0.000290253 0.000290253
0.50005 0.49995 0.000343179 0.000343179
0.50029 0.49971 0.000375521 0.000375521
0.50007 0.49993 0.000404551 0.000404551
0.49985 0.50015 0.000452391 0.000452391
0.50077 0.49923 0.000502664 0.000502664
0.50133 0.49867 0.000545456 0.000545456
0.50139 0.49861 0.00057917 0.00057917
0.501 0.499 0.000633556 0.000633556
0.50074 0.49926 0.000660215 0.000660215
0.49995 0.50005 0.000712593 0.000712593
0.50048 0.49952 0.000786091 0.000786091
0.50014 0.49986 0.000889839 0.000889839
0.49898 0.50102 0.000854484 0.000854484
0.49866 0.50134 0.000892388 0.000892388
0.49881 0.50119 0.000935044 0.000935044
0.49882 0.50118 0.00103029 0.00103029
0.49869 0.50131 0.00104743 0.00104743
0.49821 0.50179 0.00104271 0.00104271
0.49815 0.50185 0.001075 0.001075
0.49866 0.50134 0.00111136 0.00111136
0.49897 0.50103 0.00110231 0.00110231
0.49818 0.50182 0.00111354 0.00111354
0.49808 0.50192 0.00112411 0.00112411
0.49881 0.50119 0.00110931 0.00110931
0.49891 0.50109 0.00109384 0.00109384
0.49983 0.50017 0.00110382 0.00110382
0.49967 0.50033 0.00115148 0.00115148
0.50012 0.49988 0.00111976 0.00111976
0.50007 0.49993 0.00122665 0.00122665
0.50065 0.49935 0.00119043 0.00119043
0.50091 0.49909 0.00121281 0.00121281
0.5018 0.4982 0.00122046 0.00122046
0.50258 0.49742 0.00120863 0.00120863
0.50195 0.49805 0.00125094 0.00125094
0.50143 0.49857 0.00125097 0.00125097
0.50045 0.49955 0.00129857 0.00129857
0.50053 0.49947 0.00133104 0.00133104
0.50073 0.49927 0.00130592 0.00130592
0.50125 0.49875 0.00128298 0.00128298
0.50127 0.49873 0.00124596 0.00124596
0.50121 0.49879 0.00125285 0.00125285
0.50135 0.49865 0.00123785 0.00123785
0.50156 0.49844 0.00125778 0.00125778
0.50228 0.49772 0.00126857 0.00126857
0.502 0.498 0.00130471 0.00130471
0.50186 0.49814 0.00122626 0.00122626
0.50176 0.49824 0.00125059 0.00125059
0.50153 0.49847 0.00129237 0.00129237
0.50176 0.49824 0.00130241 0.00130241
0.50153 0.49847 0.00128969 0.00128969
0.50151 0.49849 0.00126809 0.00126809
0.50102 0.49898 0.00135222 0.00135222
0.50165 0.49835 0.00133267 0.00133267
0.50085 0.49915 0.00140688 0.00140688
0.50015 0.49985 0.00142025 0.00142025
0.49969 0.50031 0.00144296 0.00144296
0.49962 0.50038 0.00143678 0.00143678
0.49971 0.50029 0.00143209 0.00143209
0.49899 0.50101 0.00142231 0.00142231
0.4992 0.5008 0.00145515 0.00145515
0.49996 0.50004 0.00143485 0.00143485
0.50089 0.49911 0.0014681 0.0014681
0.50065 0.49935 0.00149088 0.00149088
0.50074 0.49926 0.00146852 0.00146852
0.50102 0.49898 0.00141818 0.00141818
0.50101 0.49899 0.0013709 0.0013709
0.50095 0.49905 0.00141748 0.00141748
0.5017 0.4983 0.00145852 0.00145852
0.50142 0.49858 0.00146033 0.00146033
0.50172 0.49828 0.00148608 0.00148608
0.50205 0.49795 0.00141958 0.00141958
0.50122 0.49878 0.00141981 0.00141981
0.50108 0.49892 0.00137603 0.00137603
0.50124 0.49876 0.001364 0.001364
0.50066 0.49934 0.00134629 0.00134629
0.50084 0.49916 0.00134458 0.00134458
0.50079 0.49921 0.0013839 0.0013839
0.50041 0.49959 0.00137348 0.00137348
0.50032 0.49968 0.00137757 0.00137757
0.50082 0.49918 0.00136975 0.00136975
0.5003 0.4997 0.00142207 0.00142207
0.50037 0.49963 0.00146773 0.00146773
0.50024 0.49976 0.00144045 0.00144045
0.50066 0.49934 0.00146277 0.00146277
0.50137 0.49863 0.00150941 0.00150941
0.50193 0.49807 0.00160267 0.00160267
0.5016 0.4984 0.00163196 0.00163196
0.50127 0.49873 0.00161784 0.00161784
0.50161 0.49839 0.00166165 0.00166165
0.50208 0.49792 0.00169892 0.00169892
0.50184 0.49816 0.00175561 0.00175561
0.50221 0.49779 0.00170328 0.00170328
0.50261 0.49739 0.00168339 0.00168339
0.50298 0.49702 0.00173525 0.00173525
0.50213 0.49787 0.00171617 0.00171617
0.50311 0.49689 0.00168119 0.00168119
0.50335 0.49665 0.00176372 0.00176372
0.50362 0.49638 0.00177367 0.00177367
0.50208 0.49792 0.00169036 0.00169036
0.50142 0.49858 0.00170067 0.00170067
0.50087 0.49913 0.00175741 0.00175741
0.50041 0.49959 0.00174026 0.00174026
0.50042 0.49958 0.00173372 0.00173372
0.50044 0.49956 0.0017129 0.0017129
0.50028 0.49972 0.00171443 0.00171443
0.50089 0.49911 0.00174759 0.00174759
0.50113 0.49887 0.00171737 0.00171737
0.5012 0.4988 0.00166826 0.00166826
0.501 0.499 0.00168172 0.00168172
0.50213 0.49787 0.00168464 0.00168464
0.50197 0.49803 0.00169136 0.00169136
0.50228 0.49772 0.00173277 0.00173277
0.502 0.498 0.00174457 0.00174457
0.50202 0.49798 0.00180331 0.00180331
0.50176 0.49824 0.00173766 0.00173766
0.50134 0.49866 0.00171025 0.00171025
0.50144 0.49856 0.00169483 0.00169483
0.50206 0.49794 0.0016903 0.0016903
0.50187 0.49813 0.00167415 0.00167415
0.50157 0.49843 0.00167372 0.00167372
0.50143 0.49857 0.00165671 0.00165671
0.50141 0.49859 0.0016582 0.0016582
0.50169 0.49831 0.0017404 0.0017404
0.50241 0.49759 0.00178354 0.00178354
0.50197 0.49803 0.00175227 0.00175227
0.50208 0.49792 0.0017545 0.0017545
0.50216 0.49784 0.00180109 0.00180109
0.50336 0.49664 0.00178742 0.00178742
0.5034 0.4966 0.00179709 0.00179709
0.5033 0.4967 0.00180607 0.00180607
0.50375 0.49625 0.00186253 0.00186253
0.50271 0.49729 0.00192568 0.00192568
0.50312 0.49688 0.00193437 0.00193437
0.50324 0.49676 0.00191556 0.00191556
0.50315 0.49685 0.00188783 0.00188783
0.50384 0.49616 0.00182288 0.00182288
0.50336 0.49664 0.0018546 0.0018546
0.50279 0.49721 0.00186665 0.00186665
0.50194 0.49806 0.00185678 0.00185678
0.50132 0.49868 0.0018127 0.0018127
0.50129 0.49871 0.00180122 0.00180122
0.50105 0.49895 0.00182162 0.00182162
0.50103 0.49897 0.00176969 0.00176969
0.50096 0.49904 0.00181961 0.00181961
0.50168 0.49832 0.00187376 0.00187376
0.50197 0.49803 0.00193849 0.00193849
0.50178 0.49822 0.00192464 0.00192464
0.50132 0.49868 0.00190543 0.00190543
0.50116 0.49884 0.00189626 0.00189626
0.50025 0.49975 0.00189805 0.00189805
0.50047 0.49953 0.00184476 0.00184476
0.50023 0.49977 0.00179135 0.00179135
0.50104 0.49896 0.00179541 0.00179541
0.50118 0.49882 0.0018215 0.0018215
0.50193 0.49807 0.00189493 0.00189493
0.50172 0.49828 0.00189921 0.00189921
0.50187 0.49813 0.00188203 0.00188203
0.50276 0.49724 0.00187786 0.00187786
0.50213 0.49787 0.00195442 0.00195442
0.50267 0.49733 0.00195727 0.00195727
0.50315 0.49685 0.00197118 0.00197118
0.50307 0.49693 0.00206295 0.00206295
0.50382 0.49618 0.0020415 0.0020415
0.50375 0.49625 0.00204972 0.00204972
0.50343 0.49657 0.00208801 0.00208801
0.5034 0.4966 0.00209576 0.00209576
0.50369 0.49631 0.0020671 0.0020671
0.50262 0.49738 0.00204983 0.00204983
0.50233 0.49767 0.00206079 0.00206079
0.50174 0.49826 0.00209389 0.00209389
0.50213 0.49787 0.00208541 0.00208541
0.50146 0.49854 0.00208528 0.00208528
0.50186 0.49814 0.00208996 0.00208996
0.50203 0.49797 0.00214443 0.00214443
0.502 0.498 0.00209255 0.00209255
0.502 0.498 0.00212998 0.00212998
0.50189 0.49811 0.00218749 0.00218749
0.50184 0.49816 0.00224032 0.00224032
0.50138 0.49862 0.00223832 0.00223832
0.50096 0.49904 0.00223953 0.00223953
0.50115 0.49885 0.00226098 0.00226098
0.50114 0.49886 0.00220622 0.00220622
0.50119 0.49881 0.00214165 0.00214165
0.50102 0.49898 0.00207772 0.00207772
0.50184 0.49816 0.00207307 0.00207307
0.50134 0.49866 0.0020594 0.0020594
0.50112 0.49888 0.00203051 0.00203051
0.50113 0.49887 0.00205656 0.00205656
0.50143 0.49857 0.00208306 0.00208306
0.5013 0.4987 0.00208454 0.00208454
0.50123 0.49877 0.00202685 0.00202685
0.50126 0.49874 0.00200432 0.00200432
0.50138 0.49862 0.00203125 0.00203125
0.50187 0.49813 0.00207282 0.00207282
0.50179 0.49821 0.00207784 0.00207784
0.50108 0.49892 0.00209785 0.00209785
0.50149 0.49851 0.00203078 0.00203078
0.50155 0.49845 0.00205599 0.00205599
0.50192 0.49808 0.00207042 0.00207042
0.50168 0.49832 0.00205828 0.00205828
0.50171 0.49829 0.00207829 0.00207829
0.50255 0.49745 0.00204603 0.00204603
0.50244 0.49756 0.00205774 0.00205774
0.50196 0.49804 0.00211392 0.00211392
0.50159 0.49841 0.0021597 0.0021597
0.50202 0.49798 0.00223147 0.00223147
0.50215 0.49785 0.00221469 0.00221469
0.50131 0.49869 0.00218145 0.00218145
0.50115 0.49885 0.00213045 0.00213045
0.50093 0.49907 0.00218184 0.00218184
0.50023 0.49977 0.00217634 0.00217634
0.50089 0.49911 0.00213636 0.00213636
0.50067 0.49933 0.00211784 0.00211784
0.50079 0.49921 0.00211534 0.00211534
0.50053 0.49947 0.00211017 0.00211017
0.50064 0.49936 0.00212862 0.00212862
0.50069 0.49931 0.00217541 0.00217541
0.50075 0.49925 0.00218179 0.00218179
0.50092 0.49908 0.00210597 0.00210597
0.50155 0.49845 0.00221164 0.00221164
0.50199 0.49801 0.00224084 0.00224084
0.50137 0.49863 0.00223393 0.00223393
0.50199 0.49801 0.00227904 0.00227904
0.50195 0.49805 0.00230019 0.00230019
0.50193 0.49807 0.00227532 0.00227532
0.50126 0.49874 0.00228904 0.00228904
0.50059 0.49941 0.00226018 0.00226018
0.50066 0.49934 0.00226178 0.00226178
0.50084 0.49916 0.0022303 0.0022303
0.50087 0.49913 0.00226723 0.00226723
0.50058 0.49942 0.00228065 0.00228065
0.50132 0.49868 0.00235151 0.00235151
0.50171 0.49829 0.00235203 0.00235203
0.50198 0.49802 0.00235259 0.00235259
0.50296 0.49704 0.00231319 0.00231319
0.50331 0.49669 0.00231989 0.00231989
0.50315 0.49685 0.00228562 0.00228562
0.50241 0.49759 0.00218923 0.00218923
0.50248 0.49752 0.002211 0.002211
0.50299 0.49701 0.00222787 0.00222787
0.50168 0.49832 0.00224357 0.00224357
0.50131 0.49869 0.00223725 0.00223725
0.50153 0.49847 0.00224993 0.00224993
0.50229 0.49771 0.00225831 0.00225831
0.50205 0.49795 0.00228936 0.00228936
0.50206 0.49794 0.0022741 0.0022741
0.50209 0.49791 0.00228378 0.00228378
0.50218 0.49782 0.00232932 0.00232932
0.50249 0.49751 0.00234785 0.00234785
0.50196 0.49804 0.00230586 0.00230586
0.50164 0.49836 0.00231949 0.00231949
0.50085 0.49915 0.0023376 0.0023376
0.50208 0.49792 0.00231502 0.00231502
0.50207 0.49793 0.0023597 0.0023597
0.50201 0.49799 0.00238146 0.00238146
0.50182 0.49818 0.00236661 0.00236661
0.50119 0.49881 0.00239585 0.00239585
0.50165 0.49835 0.00242029 0.00242029
0.50104 0.49896 0.00244879 0.00244879
0.50166 0.49834 0.00250225 0.00250225
0.50198 0.49802 0.00252085 0.00252085
0.50148 0.49852 0.00244942 0.00244942
0.50101 0.49899 0.00244346 0.00244346
0.5012 0.4988 0.00248141 0.00248141
0.50006 0.49994 0.00253735 0.00253735
0.50088 0.49912 0.00258421 0.00258421
0.50121 0.49879 0.00258883 0.00258883
0.50139 0.49861 0.00257612 0.00257612
0.50203 0.49797 0.00261823 0.00261823
0.50122 0.49878 0.00267833 0.00267833
0.4998 0.5002 0.00273166 0.00273166
0.50084 0.49916 0.00269569 0.00269569
0.50013 0.49987 0.0027065 0.0027065
0.50058 0.49942 0.00282829 0.00282829
0.50127 0.49873 0.00288283 0.00288283
0.50159 0.49841 0.00286251 0.00286251
0.50148 0.49852 0.00291829 0.00291829
0.50133 0.49867 0.00289606 0.00289606
0.50152 0.49848 0.00289108 0.00289108
0.50189 0.49811 0.00279424 0.00279424
0.50268 0.49732 0.00270935 0.00270935
0.50242 0.49758 0.00260364 0.00260364
0.50202 0.49798 0.00251333 0.00251333
0.50172 0.49828 0.00256788 0.00256788
0.50173 0.49827 0.0026058 0.0026058
0.50238 0.49762 0.00255074 0.00255074
0.50218 0.49782 0.00259338 0.00259338
0.50231 0.49769 0.00260555 0.00260555
0.50166 0.49834 0.00252263 0.00252263
0.50058 0.49942 0.00251948 0.00251948
0.50067 0.49933 0.00244234 0.00244234
0.50023 0.49977 0.00247119 0.00247119
0.50161 0.49839 0.0025078 0.0025078
0.50176 0.49824 0.00254424 0.00254424
0.50059 0.49941 0.00251261 0.00251261
0.50066 0.49934 0.00247657 0.00247657
0.50121 0.49879 0.00245902 0.00245902
0.50168 0.49832 0.00245569 0.00245569
0.50138 0.49862 0.00243854 0.00243854
0.50144 0.49856 0.00248055 0.00248055
0.5004 0.4996 0.00244194 0.00244194
0.49989 0.50011 0.00248824 0.00248824
0.49926 0.50074 0.00243739 0.00243739
0.49934 0.50066 0.00243099 0.00243099
0.4986 0.5014 0.00248384 0.00248384
0.49787 0.50213 0.00248357 0.00248357
0.49788 0.50212 0.00254108 0.00254108
0.49789 0.50211 0.00253297 0.00253297
0.49791 0.50209 0.00251022 0.00251022
0.49863 0.50137 0.00253743 0.00253743
0.49839 0.50161 0.00249735 0.00249735
0.4978 0.5022 0.00248887 0.00248887
0.49868 0.50132 0.00247363 0.00247363
0.49806 0.50194 0.00243365 0.00243365
0.49956 0.50044 0.0024212 0.0024212
0.4995 0.5005 0.00247108 0.00247108
0.49935 0.50065 0.00260558 0.00260558
0.49958 0.50042 0.00259653 0.00259653
0.50005 0.49995 0.00257263 0.00257263
0.50008 0.49992 0.00260919 0.00260919
0.50008 0.49992 0.00258811 0.00258811
0.49961 0.50039 0.00251339 0.00251339
0.50036 0.49964 0.00254894 0.00254894
0.50006 0.49994 0.00262509 0.00262509
0.49991 0.50009 0.00255364 0.00255364
0.49944 0.50056 0.00259667 0.00259667
0.49961 0.50039 0.00257234 0.00257234
0.49916 0.50084 0.00251298 0.00251298
0.49796 0.50204 0.00244462 0.00244462
0.49843 0.50157 0.00254019 0.00254019
0.49918 0.50082 0.00258332 0.00258332
0.49891 0.50109 0.00254156 0.00254156
0.49937 0.50063 0.00258159 0.00258159
0.49952 0.50048 0.00264948 0.00264948
0.49948 0.50052 0.00264096 0.00264096
0.49946 0.50054 0.00265431 0.00265431
0.49941 0.50059 0.00268028 0.00268028
0.49914 0.50086 0.00274444 0.00274444
0.49895 0.50105 0.00278322 0.00278322
0.49859 0.50141 0.00277944 0.00277944
0.49786 0.50214 0.00264275 0.00264275
0.49745 0.50255 0.00264338 0.00264338
0.49758 0.50242 0.00268485 0.00268485
0.498 0.502 0.00271099 0.00271099
0.49731 0.50269 0.00268961 0.00268961
0.49771 0.50229 0.00264219 0.00264219
0.49742 0.50258 0.00258713 0.00258713
0.49754 0.50246 0.00252785 0.00252785
0.49727 0.50273 0.00258818 0.00258818
0.49704 0.50296 0.00257182 0.00257182
0.49707 0.50293 0.00257572 0.00257572
0.49758 0.50242 0.00254202 0.00254202
0.49774 0.50226 0.00255613 0.00255613
0.49716 0.50284 0.00259321 0.00259321
0.4977 0.5023 0.00256417 0.00256417
0.49808 0.50192 0.00258765 0.00258765
0.49806 0.50194 0.00262482 0.00262482
0.49747 0.50253 0.00265114 0.00265114
0.4981 0.5019 0.00264324 0.00264324
0.49822 0.50178 0.00259535 0.00259535
0.4981 0.5019 0.00269866 0.00269866
0.49862 0.50138 0.00277499 0.00277499
0.49802 0.50198 0.00280543 0.00280543
0.4984 0.5016 0.00278778 0.00278778
0.49854 0.50146 0.0028332 0.0028332
0.49895 0.50105 0.00282338 0.00282338
0.49907 0.50093 0.00287821 0.00287821
0.49899 0.50101 0.00287322 0.00287322
0.49917 0.50083 0.00285608 0.00285608
0.49874 0.50126 0.00282036 0.00282036
0.49932 0.50068 0.00291317 0.00291317
0.49899 0.50101 0.0028514 0.0028514
0.49876 0.50124 0.00290875 0.00290875
0.49935 0.50065 0.00291783 0.00291783
0.49948 0.50052 0.00287326 0.00287326
0.49926 0.50074 0.00276506 0.00276506
0.49906 0.50094 0.00265355 0.00265355
0.49793 0.50207 0.00267326 0.00267326
0.49768 0.50232 0.00265741 0.00265741
0.49756 0.50244 0.00259819 0.00259819
0.49796 0.50204 0.00256939 0.00256939
0.49793 0.50207 0.00267918 0.00267918
0.49763 0.50237 0.00256254 0.00256254
0.49849 0.50151 0.00255233 0.00255233
0.49836 0.50164 0.00260587 0.00260587
0.49906 0.50094 0.00256462 0.00256462
0.49853 0.50147 0.00262952 0.00262952
0.49858 0.50142 0.00258097 0.00258097
0.49845 0.50155 0.00253031 0.00253031
0.4983 0.5017 0.00250056 0.00250056
0.49817 0.50183 0.00255713 0.00255713
0.49912 0.50088 0.00257881 0.00257881
0.49959 0.50041 0.00259073 0.00259073
0.50004 0.49996 0.00260404 0.00260404
0.49917 0.50083 0.00264392 0.00264392
0.49934 0.50066 0.0026799 0.0026799
0.49894 0.50106 0.00269274 0.00269274
0.49902 0.50098 0.00274657 0.00274657
0.49902 0.50098 0.00274899 0.00274899
0.49908 0.50092 0.00275353 0.00275353
0.4988 0.5012 0.00275537 0.00275537
0.49788 0.50212 0.00269512 0.00269512
0.49751 0.50249 0.00265898 0.00265898
0.49752 0.50248 0.00265688 0.00265688
0.4983 0.5017 0.00265997 0.00265997
0.49898 0.50102 0.00263459 0.00263459
0.49911 0.50089 0.00267574 0.00267574
0.49961 0.50039 0.00270911 0.00270911
0.49933 0.50067 0.0026823 0.0026823
0.49915 0.50085 0.00262566 0.00262566
0.49913 0.50087 0.00261632 0.00261632
0.49843 0.50157 0.00265548 0.00265548
0.49778 0.50222 0.00265706 0.00265706
0.49745 0.50255 0.00268227 0.00268227
0.49678 0.50322 0.00274577 0.00274577
0.49666 0.50334 0.00267053 0.00267053
0.49656 0.50344 0.00269193 0.00269193
0.49639 0.50361 0.0026582 0.0026582
0.49706 0.50294 0.00260923 0.00260923
0.49712 0.50288 0.00266997 0.00266997
0.49759 0.50241 0.00267309 0.00267309
0.4981 0.5019 0.00269607 0.00269607
0.49898 0.50102 0.00274705 0.00274705
0.49863 0.50137 0.00277704 0.00277704
0.49858 0.50142 0.00277913 0.00277913
0.49853 0.50147 0.00280472 0.00280472
0.49824 0.50176 0.00280227 0.00280227
0.49887 0.50113 0.00271884 0.00271884
0.49895 0.50105 0.00276742 0.00276742
0.49996 0.50004 0.00271428 0.00271428
0.50044 0.49956 0.00271029 0.00271029
0.49965 0.50035 0.00270694 0.00270694
0.49902 0.50098 0.00268711 0.00268711
0.4991 0.5009 0.00263054 0.00263054
0.49933 0.50067 0.0026577 0.0026577
0.49864 0.50136 0.00267569 0.00267569
0.49913 0.50087 0.00279615 0.00279615
0.49833 0.50167 0.00277582 0.00277582
0.49832 0.50168 0.00268887 0.00268887
0.49792 0.50208 0.00267935 0.00267935
0.49749 0.50251 0.00270548 0.00270548
0.49746 0.50254 0.00271688 0.00271688
0.49825 0.50175 0.00269599 0.00269599
0.49821 0.50179 0.00273859 0.00273859
0.49786 0.50214 0.00282293 0.00282293
0.49774 0.50226 0.00279068 0.00279068
0.49825 0.50175 0.00275564 0.00275564
0.49813 0.50187 0.00276478 0.00276478
0.49849 0.50151 0.00284239 0.00284239
0.4982 0.5018 0.00282826 0.00282826
0.49876 0.50124 0.00286637 0.00286637
0.49906 0.50094 0.00284212 0.00284212
0.49872 0.50128 0.00291022 0.00291022
0.49832 0.50168 0.00297854 0.00297854
0.4986 0.5014 0.00299234 0.00299234
0.49911 0.50089 0.00298436 0.00298436
0.49888 0.50112 0.00303649 0.00303649
0.49952 0.50048 0.00309801 0.00309801
0.49973 0.50027 0.00309846 0.00309846
0.4999 0.5001 0.00316322 0.00316322
0.50018 0.49982 0.00321013 0.00321013
0.49959 0.50041 0.00334497 0.00334497
0.49966 0.50034 0.00334275 0.00334275
0.5 0.5 0.0032944 0.0032944
0.49961 0.50039 0.00333022 0.00333022
0.49875 0.50125 0.00338128 0.00338128
0.49896 0.50104 0.00341489 0.00341489
0.49905 0.50095 0.00323366 0.00323366
0.49993 0.50007 0.00326386 0.00326386
0.4993 0.5007 0.00330193 0.00330193
0.49914 0.50086 0.00332339 0.00332339
0.4995 0.5005 0.003367 0.003367
0.49938 0.50062 0.00339933 0.00339933
0.49955 0.50045 0.00350623 0.00350623
0.49957 0.50043 0.00345988 0.00345988
0.49926 0.50074 0.00357706 0.00357706
0.49933 0.50067 0.00353517 0.00353517
0.49978 0.50022 0.0033689 0.0033689
0.50077 0.49923 0.00329563 0.00329563
0.50042 0.49958 0.00328546 0.00328546
0.4996 0.5004 0.00327719 0.00327719
0.49938 0.50062 0.0033042 0.0033042
0.50033 0.49967 0.00330245 0.00330245
0.5 0.5 0.00327135 0.00327135
0.50029 0.49971 0.00326869 0.00326869
0.50021 0.49979 0.00338615 0.00338615
0.50046 0.49954 0.00336726 0.00336726
0.49992 0.50008 0.00335816 0.00335816
0.50117 0.49883 0.00331519 0.00331519
0.50016 0.49984 0.00330135 0.00330135
0.49927 0.50073 0.00328965 0.00328965
0.49931 0.50069 0.00332929 0.00332929
0.49994 0.50006 0.00331901 0.00331901
0.4997 0.5003 0.00328203 0.00328203
