0.49964 0.50036 2.896e-05 2.896e-05
0.4994 0.5006 6.08283e-05 6.08283e-05
0.49962 0.50038 9.24804e-05 9.24804e-05
0.49893 0.50107 0.000119924 0.000119924
0.49854 0.50146 0.000145726 0.000145726
0.49773 0.50227 0.000186724 0.000186724
0.49837 0.50163 0.000221387 0.000221387
0.49816 0.50184 0.000231105 0.000231105
0.49831 0.50169 0.000268559 0.000268559
0.49843 0.50157 0.000315844 0.000315844
0.49798 0.50202 0.000329616 0.000329616
0.4976 0.5024 0.000353919 0.000353919
0.49808 0.50192 0.000394943 0.000394943
0.49826 0.50174 0.000373023 0.000373023
0.49797 0.50203 0.000399706 0.000399706
0.49771 0.50229 0.000442854 0.000442854
0.49732 0.50268 0.000470583 0.000470583
0.49724 0.50276 0.000487518 0.000487518
0.49676 0.50324 0.000503093 0.000503093
0.49643 0.50357 0.000518369 0.000518369
0.49632 0.50368 0.000512402 0.000512402
0.49634 0.50366 0.000539641 0.000539641
0.49624 0.50376 0.000550386 0.000550386
0.49664 0.50336 0.000568071 0.000568071
0.49609 0.50391 0.000575214 0.000575214
0.49605 0.50395 0.000596977 0.000596977
0.49588 0.50412 0.000608713 0.000608713
0.49614 0.50386 0.000611051 0.000611051
0.49599 0.50401 0.000618414 0.000618414
0.49588 0.50412 0.000624066 0.000624066
0.49575 0.50425 0.000632735 0.000632735
0.49559 0.50441 0.000646871 0.000646871
0.49551 0.50449 0.000655061 0.000655061
0.49563 0.50437 0.000662862 0.000662862
0.49563 0.50437 0.000675892 0.000675892
0.4956 0.5044 0.000678242 0.000678242
0.49529 0.50471 0.000688087 0.000688087
0.49528 0.50472 0.000700123 0.000700123
0.49527 0.50473 0.000725108 0.000725108
0.4953 0.5047 0.000727727 0.000727727
0.49536 0.50464 0.000728516 0.000728516
0.49553 0.50447 0.000724353 0.000724353
0.49529 0.50471 0.000729723 0.000729723
0.49518 0.50482 0.000739078 0.000739078
0.49526 0.50474 0.000734477 0.000734477
0.49515 0.50485 0.000739422 0.000739422
0.49527 0.50473 0.000754947 0.000754947
0.49523 0.50477 0.000754866 0.000754866
0.49526 0.50474 0.000751992 0.000751992
0.49532 0.50468 0.000757836 0.000757836
0.4953 0.5047 0.000770919 0.000770919
0.49532 0.50468 0.000785634 0.000785634
0.49529 0.50471 0.000779077 0.000779077
0.4953 0.5047 0.000781303 0.000781303
0.49518 0.50482 0.000784937 0.000784937
0.49508 0.50492 0.000793327 0.000793327
0.495 0.505 0.000784384 0.000784384
0.49492 0.50508 0.00078468 0.00078468
0.49481 0.50519 0.000777448 0.000777448
0.49478 0.50522 0.000773769 0.000773769
0.49477 0.50523 0.000768846 0.000768846
0.49468 0.50532 0.000777735 0.000777735
0.49474 0.50526 0.000780639 0.000780639
0.49479 0.50521 0.000774794 0.000774794
0.49469 0.50531 0.000778236 0.000778236
0.4947 0.5053 0.000781222 0.000781222
0.49478 0.50522 0.000778537 0.000778537
0.4949 0.5051 0.00077904 0.00077904
0.49498 0.50502 0.000785111 0.000785111
0.49501 0.50499 0.00078502 0.00078502
0.49512 0.50488 0.000781581 0.000781581
0.4952 0.5048 0.000782848 0.000782848
0.49513 0.50487 0.000777124 0.000777124
0.4951 0.5049 0.00078397 0.00078397
0.49514 0.50486 0.000783738 0.000783738
0.49515 0.50485 0.000790472 0.000790472
0.49519 0.50481 0.00079363 0.00079363
0.49516 0.50484 0.000791126 0.000791126
0.49514 0.50486 0.000790566 0.000790566
0.49505 0.50495 0.000794048 0.000794048
0.49496 0.50504 0.000793473 0.000793473
0.49493 0.50507 0.000795581 0.000795581
0.49495 0.50505 0.000792977 0.000792977
0.49488 0.50512 0.000790511 0.000790511
0.49494 0.50506 0.000783835 0.000783835
0.49492 0.50508 0.00078767 0.00078767
0.495 0.505 0.000790444 0.000790444
0.49496 0.50504 0.000790665 0.000790665
0.49497 0.50503 0.000792817 0.000792817
0.49501 0.50499 0.000798252 0.000798252
0.495 0.505 0.000800283 0.000800283
0.49495 0.50505 0.000801563 0.000801563
0.49497 0.50503 0.000802696 0.000802696
0.49502 0.50498 0.000802404 0.000802404
0.49505 0.50495 0.000805078 0.000805078
0.49508 0.50492 0.000807185 0.000807185
0.49519 0.50481 0.000806216 0.000806216
0.49521 0.50479 0.000811097 0.000811097
0.49526 0.50474 0.000807952 0.000807952
0.49524 0.50476 0.000809659 0.000809659
0.49522 0.50478 0.000811587 0.000811587
0.49511 0.50489 0.000807331 0.000807331
0.49515 0.50485 0.000803422 0.000803422
0.49514 0.50486 0.00080493 0.00080493
0.49509 0.50491 0.000805052 0.000805052
0.49508 0.50492 0.000804095 0.000804095
0.49503 0.50497 0.000803827 0.000803827
0.49506 0.50494 0.000806077 0.000806077
0.49505 0.50495 0.000808189 0.000808189
0.4951 0.5049 0.000806152 0.000806152
0.4951 0.5049 0.000807646 0.000807646
0.49511 0.50489 0.000809796 0.000809796
0.4951 0.5049 0.000808515 0.000808515
0.49512 0.50488 0.000809157 0.000809157
0.49513 0.50487 0.000809246 0.000809246
0.49508 0.50492 0.000810337 0.000810337
0.49512 0.50488 0.000809561 0.000809561
0.49511 0.50489 0.00080325 0.00080325
0.49506 0.50494 0.000805815 0.000805815
0.49505 0.50495 0.000804432 0.000804432
0.4951 0.5049 0.000807242 0.000807242
0.49511 0.50489 0.000808099 0.000808099
0.49515 0.50485 0.000810492 0.000810492
0.49514 0.50486 0.00080998 0.00080998
0.49512 0.50488 0.000810915 0.000810915
0.49512 0.50488 0.000809157 0.000809157
0.49516 0.50484 0.000809732 0.000809732
0.49516 0.50484 0.000812035 0.000812035
0.49524 0.50476 0.000811578 0.000811578
0.49524 0.50476 0.000811578 0.000811578
0.49517 0.50483 0.000811173 0.000811173
0.49513 0.50487 0.000812559 0.000812559
0.49509 0.50491 0.000815436 0.000815436
0.49506 0.50494 0.000814299 0.000814299
0.49505 0.50495 0.000813967 0.000813967
0.49508 0.50492 0.000813893 0.000813893
0.49512 0.50488 0.00081544 0.00081544
0.49512 0.50488 0.000816046 0.000816046
0.49511 0.50489 0.000816846 0.000816846
0.49512 0.50488 0.000816955 0.000816955
0.49513 0.50487 0.000816821 0.000816821
0.4951 0.5049 0.000815768 0.000815768
0.49511 0.50489 0.000814907 0.000814907
0.49511 0.50489 0.000814159 0.000814159
0.49509 0.50491 0.00081279 0.00081279
0.49508 0.50492 0.00081163 0.00081163
0.49512 0.50488 0.000814733 0.000814733
0.49511 0.50489 0.000815452 0.000815452
0.4951 0.5049 0.000816697 0.000816697
0.49509 0.50491 0.000815598 0.000815598
0.49511 0.50489 0.000818685 0.000818685
0.4951 0.5049 0.000818152 0.000818152
0.49512 0.50488 0.000817864 0.000817864
0.49507 0.50493 0.000815561 0.000815561
0.49508 0.50492 0.000815731 0.000815731
0.49505 0.50495 0.000814008 0.000814008
0.49505 0.50495 0.000815341 0.000815341
0.49505 0.50495 0.000815301 0.000815301
0.49506 0.50494 0.000815512 0.000815512
0.49504 0.50496 0.000815332 0.000815332
0.49504 0.50496 0.000815352 0.000815352
0.49503 0.50497 0.000815585 0.000815585
0.49502 0.50498 0.000817272 0.000817272
0.49503 0.50497 0.000817767 0.000817767
0.49505 0.50495 0.000818492 0.000818492
0.49504 0.50496 0.0008182 0.0008182
0.49502 0.50498 0.000817899 0.000817899
0.49503 0.50497 0.000818918 0.000818918
0.49504 0.50496 0.000817918 0.000817918
0.49506 0.50494 0.000818562 0.000818562
0.49507 0.50493 0.000817217 0.000817217
0.49509 0.50491 0.000816729 0.000816729
0.49507 0.50493 0.000816167 0.000816167
0.49505 0.50495 0.000816189 0.000816189
0.49504 0.50496 0.000817534 0.000817534
0.49502 0.50498 0.000816686 0.000816686
0.49503 0.50497 0.000817464 0.000817464
0.49503 0.50497 0.000818171 0.000818171
0.49503 0.50497 0.000817484 0.000817484
0.49503 0.50497 0.000818595 0.000818595
0.49505 0.50495 0.000817644 0.000817644
0.49505 0.50495 0.000817644 0.000817644
0.49506 0.50494 0.000818421 0.000818421
0.49506 0.50494 0.000818845 0.000818845
0.49507 0.50493 0.000818389 0.000818389
0.49508 0.50492 0.000817792 0.000817792
0.49509 0.50491 0.000819012 0.000819012
0.4951 0.5049 0.000819788 0.000819788
0.4951 0.5049 0.000819788 0.000819788
0.49508 0.50492 0.000819165 0.000819165
0.49507 0.50493 0.000819177 0.000819177
0.49507 0.50493 0.000818066 0.000818066
0.49508 0.50492 0.00081765 0.00081765
0.49507 0.50493 0.000817561 0.000817561
0.49508 0.50492 0.000817569 0.000817569
0.49508 0.50492 0.000816862 0.000816862
0.49507 0.50493 0.000816975 0.000816975
0.49507 0.50493 0.000816975 0.000816975
0.49507 0.50493 0.000816975 0.000816975
0.49507 0.50493 0.000816975 0.000816975
0.49507 0.50493 0.000816975 0.000816975
0.49507 0.50493 0.000816975 0.000816975
0.49507 0.50493 0.000816975 0.000816975
0.49506 0.50494 0.000817532 0.000817532
0.49507 0.50493 0.000817197 0.000817197
0.49505 0.50495 0.000816472 0.000816472
0.49505 0.50495 0.000818048 0.000818048
0.49504 0.50496 0.000818362 0.000818362
0.49504 0.50496 0.000818362 0.000818362
0.49504 0.50496 0.000819635 0.000819635
0.49504 0.50496 0.000819635 0.000819635
0.49504 0.50496 0.000819635 0.000819635
0.49505 0.50495 0.000818573 0.000818573
0.49506 0.50494 0.000818582 0.000818582
0.49506 0.50494 0.000818582 0.000818582
0.49506 0.50494 0.000818582 0.000818582
0.49505 0.50495 0.000819422 0.000819422
0.49505 0.50495 0.000819422 0.000819422
0.49504 0.50496 0.000819413 0.000819413
0.49505 0.50495 0.000819321 0.000819321
0.49506 0.50494 0.000820017 0.000820017
0.49506 0.50494 0.000818744 0.000818744
0.49506 0.50494 0.000817956 0.000817956
0.49506 0.50494 0.000817956 0.000817956
0.49507 0.50493 0.000818308 0.000818308
0.49507 0.50493 0.000819298 0.000819298
0.49506 0.50494 0.000819309 0.000819309
0.49507 0.50493 0.000818732 0.000818732
0.49505 0.50495 0.000819018 0.000819018
0.49506 0.50494 0.000819067 0.000819067
0.49506 0.50494 0.000819067 0.000819067
0.49507 0.50493 0.000819419 0.000819419
0.49507 0.50493 0.000819419 0.000819419
0.49506 0.50494 0.000819067 0.000819067
0.49507 0.50493 0.000818753 0.000818753
0.49508 0.50492 0.000818297 0.000818297
0.49508 0.50492 0.000818297 0.000818297
0.49509 0.50491 0.000818386 0.000818386
0.49509 0.50491 0.000818386 0.000818386
0.49509 0.50491 0.000816568 0.000816568
0.49509 0.50491 0.000816568 0.000816568
0.49509 0.50491 0.000816568 0.000816568
0.4951 0.5049 0.000816556 0.000816556
0.49509 0.50491 0.000815901 0.000815901
0.4951 0.5049 0.000814535 0.000814535
0.4951 0.5049 0.000815303 0.000815303
0.49509 0.50491 0.000815618 0.000815618
0.49509 0.50491 0.000815618 0.000815618
0.49509 0.50491 0.000815618 0.000815618
0.49507 0.50493 0.000815056 0.000815056
0.49507 0.50493 0.000815056 0.000815056
0.49507 0.50493 0.000815056 0.000815056
0.49507 0.50493 0.000815177 0.000815177
0.49507 0.50493 0.000815177 0.000815177
0.49507 0.50493 0.000815177 0.000815177
0.49507 0.50493 0.000815177 0.000815177
0.49506 0.50494 0.000814421 0.000814421
0.49506 0.50494 0.000814562 0.000814562
0.49506 0.50494 0.000814562 0.000814562
0.49505 0.50495 0.000814896 0.000814896
0.49505 0.50495 0.000814896 0.000814896
0.49505 0.50495 0.000814896 0.000814896
0.49506 0.50494 0.000814986 0.000814986
0.49507 0.50493 0.000814975 0.000814975
0.49507 0.50493 0.000814975 0.000814975
0.49506 0.50494 0.000814926 0.000814926
0.49507 0.50493 0.000815682 0.000815682
0.49506 0.50494 0.000815693 0.000815693
0.49506 0.50494 0.000815693 0.000815693
0.49507 0.50493 0.000815359 0.000815359
0.49506 0.50494 0.000816421 0.000816421
0.49506 0.50494 0.000816421 0.000816421
0.49506 0.50494 0.000816421 0.000816421
0.49506 0.50494 0.000816421 0.000816421
0.49506 0.50494 0.000816421 0.000816421
0.49507 0.50493 0.000816106 0.000816106
0.49507 0.50493 0.000816106 0.000816106
0.49507 0.50493 0.000816106 0.000816106
0.49507 0.50493 0.000816106 0.000816106
0.49507 0.50493 0.000816106 0.000816106
0.49507 0.50493 0.000816106 0.000816106
0.49507 0.50493 0.000816106 0.000816106
0.49508 0.50492 0.000816155 0.000816155
0.49507 0.50493 0.000816611 0.000816611
0.49506 0.50494 0.000815916 0.000815916
0.49506 0.50494 0.000815916 0.000815916
0.49506 0.50494 0.000815916 0.000815916
0.49506 0.50494 0.000815916 0.000815916
0.49507 0.50493 0.000816611 0.000816611
0.49507 0.50493 0.000816611 0.000816611
0.49507 0.50493 0.000816611 0.000816611
0.49507 0.50493 0.000816611 0.000816611
0.49507 0.50493 0.000816611 0.000816611
0.49506 0.50494 0.000817188 0.000817188
0.49506 0.50494 0.000817188 0.000817188
0.49506 0.50494 0.000817188 0.000817188
0.49505 0.50495 0.000818068 0.000818068
0.49505 0.50495 0.000818068 0.000818068
0.49505 0.50495 0.000817523 0.000817523
0.49506 0.50494 0.000818219 0.000818219
0.49506 0.50494 0.000818926 0.000818926
0.49507 0.50493 0.000817884 0.000817884
0.49507 0.50493 0.000817884 0.000817884
0.49507 0.50493 0.000817884 0.000817884
0.49507 0.50493 0.000817884 0.000817884
0.49507 0.50493 0.000817884 0.000817884
0.49507 0.50493 0.000817884 0.000817884
0.49507 0.50493 0.000817884 0.000817884
0.49508 0.50492 0.000817246 0.000817246
0.49507 0.50493 0.000817884 0.000817884
0.49507 0.50493 0.000817884 0.000817884
0.49507 0.50493 0.000817884 0.000817884
0.49507 0.50493 0.000817884 0.000817884
0.49508 0.50492 0.000817428 0.000817428
0.49508 0.50492 0.000817145 0.000817145
0.49508 0.50492 0.000817145 0.000817145
0.49507 0.50493 0.000816732 0.000816732
0.49507 0.50493 0.000816732 0.000816732
0.49507 0.50493 0.000816732 0.000816732
0.49507 0.50493 0.000816732 0.000816732
0.49507 0.50493 0.000816732 0.000816732
0.49507 0.50493 0.000816732 0.000816732
0.49507 0.50493 0.000816732 0.000816732
0.49507 0.50493 0.000816732 0.000816732
0.49509 0.50491 0.000817133 0.000817133
0.49508 0.50492 0.000816438 0.000816438
0.49508 0.50492 0.000816438 0.000816438
0.49508 0.50492 0.000816438 0.000816438
0.49508 0.50492 0.000816438 0.000816438
0.49508 0.50492 0.000816438 0.000816438
0.49506 0.50494 0.000817188 0.000817188
0.49507 0.50493 0.000816732 0.000816732
0.49507 0.50493 0.000816732 0.000816732
0.49507 0.50493 0.000816732 0.000816732
0.49507 0.50493 0.000816732 0.000816732
0.49507 0.50493 0.000816732 0.000816732
0.49507 0.50493 0.000816732 0.000816732
0.49507 0.50493 0.000816732 0.000816732
0.49506 0.50494 0.000817188 0.000817188
0.49506 0.50494 0.000817188 0.000817188
0.49505 0.50495 0.000816492 0.000816492
0.49505 0.50495 0.000816492 0.000816492
0.49506 0.50494 0.000815855 0.000815855
0.49507 0.50493 0.000816551 0.000816551
0.49507 0.50493 0.000816551 0.000816551
0.49507 0.50493 0.000816551 0.000816551
0.49507 0.50493 0.000816551 0.000816551
0.49507 0.50493 0.000816551 0.000816551
0.49507 0.50493 0.000816551 0.000816551
0.49507 0.50493 0.000816551 0.000816551
0.49507 0.50493 0.000816551 0.000816551
0.49508 0.50492 0.000816903 0.000816903
0.49508 0.50492 0.000816903 0.000816903
0.49508 0.50492 0.000816903 0.000816903
0.49508 0.50492 0.000816903 0.000816903
0.49508 0.50492 0.000816903 0.000816903
0.49508 0.50492 0.000816903 0.000816903
0.49508 0.50492 0.000816903 0.000816903
0.49508 0.50492 0.000816903 0.000816903
0.49508 0.50492 0.000816903 0.000816903
0.49508 0.50492 0.000816903 0.000816903
0.49508 0.50492 0.000816903 0.000816903
0.49509 0.50491 0.000816547 0.000816547
0.49509 0.50491 0.000816547 0.000816547
0.49508 0.50492 0.000817387 0.000817387
0.49508 0.50492 0.000817387 0.000817387
0.49508 0.50492 0.000817387 0.000817387
0.49508 0.50492 0.000817387 0.000817387
0.49508 0.50492 0.000817387 0.000817387
0.49508 0.50492 0.000817387 0.000817387
0.49508 0.50492 0.000817387 0.000817387
0.49508 0.50492 0.000817387 0.000817387
0.49508 0.50492 0.000817387 0.000817387
0.49508 0.50492 0.000817387 0.000817387
0.49507 0.50493 0.000817743 0.000817743
0.49507 0.50493 0.000817743 0.000817743
0.49507 0.50493 0.000817743 0.000817743
0.49507 0.50493 0.000817743 0.000817743
0.49507 0.50493 0.000817743 0.000817743
0.49506 0.50494 0.000818784 0.000818784
0.49506 0.50494 0.000818784 0.000818784
0.49506 0.50494 0.000818784 0.000818784
0.49506 0.50494 0.000818784 0.000818784
0.49506 0.50494 0.000818784 0.000818784
0.49506 0.50494 0.000818784 0.000818784
0.49506 0.50494 0.000818784 0.000818784
0.49507 0.50493 0.000817743 0.000817743
0.49507 0.50493 0.000817743 0.000817743
0.49507 0.50493 0.000817743 0.000817743
0.49507 0.50493 0.000817743 0.000817743
0.49507 0.50493 0.000817743 0.000817743
0.49507 0.50493 0.000817743 0.000817743
0.49507 0.50493 0.000817743 0.000817743
0.49507 0.50493 0.000817743 0.000817743
0.49507 0.50493 0.000817743 0.000817743
0.49508 0.50492 0.000817731 0.000817731
0.49507 0.50493 0.000817743 0.000817743
0.49506 0.50494 0.000818784 0.000818784
0.49507 0.50493 0.000817743 0.000817743
0.49507 0.50493 0.000817743 0.000817743
0.49507 0.50493 0.000817743 0.000817743
0.49507 0.50493 0.000817743 0.000817743
0.49507 0.50493 0.000817743 0.000817743
0.49507 0.50493 0.000817743 0.000817743
0.49507 0.50493 0.000817743 0.000817743
0.49507 0.50493 0.000817743 0.000817743
0.49507 0.50493 0.000817743 0.000817743
0.49507 0.50493 0.000817743 0.000817743
0.49507 0.50493 0.000817743 0.000817743
0.49506 0.50494 0.00081838 0.00081838
0.49506 0.50494 0.00081838 0.00081838
0.49506 0.50494 0.00081838 0.00081838
0.49506 0.50494 0.000817411 0.000817411
0.49506 0.50494 0.000817411 0.000817411
0.49506 0.50494 0.000817411 0.000817411
0.49506 0.50494 0.000817411 0.000817411
0.49506 0.50494 0.000817411 0.000817411
0.49506 0.50494 0.000817411 0.000817411
0.49506 0.50494 0.000817411 0.000817411
0.49506 0.50494 0.000817411 0.000817411
0.49506 0.50494 0.000817411 0.000817411
0.49507 0.50493 0.000817743 0.000817743
0.49507 0.50493 0.000817743 0.000817743
0.49507 0.50493 0.000817743 0.000817743
0.49507 0.50493 0.000817743 0.000817743
0.49507 0.50493 0.000817743 0.000817743
0.49506 0.50494 0.00081838 0.00081838
0.49507 0.50493 0.000817743 0.000817743
0.49507 0.50493 0.000817743 0.000817743
0.49507 0.50493 0.000817743 0.000817743
0.49507 0.50493 0.000817743 0.000817743
0.49507 0.50493 0.000817743 0.000817743
0.49507 0.50493 0.000817743 0.000817743
0.49507 0.50493 0.000817743 0.000817743
0.49507 0.50493 0.000817743 0.000817743
0.49507 0.50493 0.000817743 0.000817743
0.49506 0.50494 0.00081838 0.00081838
0.49506 0.50494 0.00081838 0.00081838
0.49506 0.50494 0.00081838 0.00081838
0.49506 0.50494 0.00081838 0.00081838
0.49506 0.50494 0.00081838 0.00081838
0.49506 0.50494 0.00081838 0.00081838
0.49505 0.50495 0.000818048 0.000818048
0.49505 0.50495 0.000818048 0.000818048
0.49506 0.50494 0.000818037 0.000818037
0.49506 0.50494 0.000818037 0.000818037
0.49506 0.50494 0.000818037 0.000818037
0.49506 0.50494 0.000818037 0.000818037
0.49506 0.50494 0.000818037 0.000818037
0.49506 0.50494 0.000818037 0.000818037
0.49506 0.50494 0.000818037 0.000818037
0.49506 0.50494 0.000818037 0.000818037
0.49506 0.50494 0.000818037 0.000818037
0.49506 0.50494 0.000818037 0.000818037
0.49506 0.50494 0.000818037 0.000818037
0.49506 0.50494 0.000818037 0.000818037
0.49506 0.50494 0.000818037 0.000818037
0.49505 0.50495 0.000818048 0.000818048
0.49505 0.50495 0.000818048 0.000818048
0.49507 0.50493 0.000818086 0.000818086
0.49507 0.50493 0.000818086 0.000818086
0.49507 0.50493 0.000818086 0.000818086
0.49507 0.50493 0.000818086 0.000818086
0.49507 0.50493 0.000818086 0.000818086
0.49507 0.50493 0.000818086 0.000818086
0.49507 0.50493 0.000818086 0.000818086
0.49507 0.50493 0.000818086 0.000818086
0.49507 0.50493 0.000818086 0.000818086
0.49508 0.50492 0.000818074 0.000818074
0.49507 0.50493 0.000818086 0.000818086
0.49508 0.50492 0.000818499 0.000818499
0.49508 0.50492 0.000818499 0.000818499
0.49507 0.50493 0.000819803 0.000819803
0.49507 0.50493 0.000819803 0.000819803
0.49507 0.50493 0.000819803 0.000819803
0.49507 0.50493 0.000819803 0.000819803
0.49507 0.50493 0.000819803 0.000819803
0.49507 0.50493 0.000819803 0.000819803
0.49507 0.50493 0.000819803 0.000819803
0.49507 0.50493 0.000819803 0.000819803
0.49506 0.50494 0.000819471 0.000819471
0.49506 0.50494 0.000819471 0.000819471
0.49507 0.50493 0.00081946 0.00081946
0.49507 0.50493 0.00081946 0.00081946
0.49507 0.50493 0.00081946 0.00081946
0.49507 0.50493 0.00081946 0.00081946
0.49507 0.50493 0.00081946 0.00081946
0.49507 0.50493 0.00081946 0.00081946
0.49507 0.50493 0.00081946 0.00081946
0.49508 0.50492 0.000818155 0.000818155
0.49508 0.50492 0.000818155 0.000818155
0.49508 0.50492 0.000818155 0.000818155
0.49508 0.50492 0.000818155 0.000818155
0.49509 0.50491 0.000818487 0.000818487
0.49508 0.50492 0.000819529 0.000819529
0.49508 0.50492 0.000819529 0.000819529
0.49508 0.50492 0.000819529 0.000819529
0.49509 0.50491 0.000818487 0.000818487
0.49508 0.50492 0.000818155 0.000818155
0.49508 0.50492 0.000818155 0.000818155
