0.49952 0.50048 3.01309e-05 3.01309e-05
0.49858 0.50142 7.39228e-05 7.39228e-05
0.4977 0.5023 0.00011704 0.00011704
0.49759 0.50241 0.000154305 0.000154305
0.49733 0.50267 0.000238264 0.000238264
0.4966 0.5034 0.00029903 0.00029903
0.49606 0.50394 0.000359168 0.000359168
0.4951 0.5049 0.000417606 0.000417606
0.49556 0.50444 0.000496855 0.000496855
0.49489 0.50511 0.000534463 0.000534463
0.49396 0.50604 0.00051515 0.00051515
0.49381 0.50619 0.000541368 0.000541368
0.49359 0.50641 0.000562547 0.000562547
0.49327 0.50673 0.000649775 0.000649775
0.4941 0.5059 0.000661828 0.000661828
0.49374 0.50626 0.000694275 0.000694275
0.4936 0.5064 0.000683172 0.000683172
0.49386 0.50614 0.000713819 0.000713819
0.49421 0.50579 0.000674592 0.000674592
0.49387 0.50613 0.000693286 0.000693286
0.49395 0.50605 0.000704492 0.000704492
0.49409 0.50591 0.000719962 0.000719962
0.49282 0.50718 0.000711482 0.000711482
0.49339 0.50661 0.000692564 0.000692564
0.49306 0.50694 0.000728441 0.000728441
0.49337 0.50663 0.000755609 0.000755609
0.49329 0.50671 0.000739501 0.000739501
0.4932 0.5068 0.00076196 0.00076196
0.49345 0.50655 0.000780088 0.000780088
0.4934 0.5066 0.000756465 0.000756465
0.49401 0.50599 0.000756535 0.000756535
0.49345 0.50655 0.000795664 0.000795664
0.49361 0.50639 0.000834867 0.000834867
0.49365 0.50635 0.000842189 0.000842189
0.49434 0.50566 0.00085754 0.00085754
0.49451 0.50549 0.000879626 0.000879626
0.49434 0.50566 0.000838651 0.000838651
0.49371 0.50629 0.000850491 0.000850491
0.49414 0.50586 0.000904384 0.000904384
0.49347 0.50653 0.000845545 0.000845545
0.49309 0.50691 0.000892648 0.000892648
0.49352 0.50648 0.000914818 0.000914818
0.49385 0.50615 0.000930452 0.000930452
0.49237 0.50763 0.000881912 0.000881912
0.49087 0.50913 0.000875023 0.000875023
0.4916 0.5084 0.000875273 0.000875273
0.49136 0.50864 0.000840192 0.000840192
0.49138 0.50862 0.000844299 0.000844299
0.49149 0.50851 0.000829485 0.000829485
0.49207 0.50793 0.000824328 0.000824328
0.49192 0.50808 0.000852276 0.000852276
0.49137 0.50863 0.000893205 0.000893205
0.49181 0.50819 0.000879852 0.000879852
0.49256 0.50744 0.000865804 0.000865804
0.49205 0.50795 0.000825604 0.000825604
0.49157 0.50843 0.000843116 0.000843116
0.49192 0.50808 0.000835145 0.000835145
0.49165 0.50835 0.000874836 0.000874836
0.49232 0.50768 0.000857311 0.000857311
0.4932 0.5068 0.000959515 0.000959515
0.49291 0.50709 0.000936487 0.000936487
0.49349 0.50651 0.000916576 0.000916576
0.49313 0.50687 0.000885205 0.000885205
0.49328 0.50672 0.000879093 0.000879093
0.49297 0.50703 0.000976797 0.000976797
0.49319 0.50681 0.00097862 0.00097862
0.49357 0.50643 0.000932753 0.000932753
0.49292 0.50708 0.000951832 0.000951832
0.49292 0.50708 0.00104719 0.00104719
0.49247 0.50753 0.00107779 0.00107779
0.49177 0.50823 0.00107618 0.00107618
0.4923 0.5077 0.00109706 0.00109706
0.49194 0.50806 0.00115612 0.00115612
0.49209 0.50791 0.00121972 0.00121972
0.49237 0.50763 0.0012643 0.0012643
0.49242 0.50758 0.00124376 0.00124376
0.49181 0.50819 0.00128915 0.00128915
0.49156 0.50844 0.00128526 0.00128526
0.49259 0.50741 0.00122018 0.00122018
0.49292 0.50708 0.00118246 0.00118246
0.49241 0.50759 0.00118596 0.00118596
0.49298 0.50702 0.00120863 0.00120863
0.49252 0.50748 0.00126647 0.00126647
0.49278 0.50722 0.00118308 0.00118308
0.49254 0.50746 0.00115441 0.00115441
0.49208 0.50792 0.00115628 0.00115628
0.49147 0.50853 0.00119894 0.00119894
0.49204 0.50796 0.00119321 0.00119321
0.49239 0.50761 0.00119955 0.00119955
0.49237 0.50763 0.00119747 0.00119747
0.49206 0.50794 0.00122624 0.00122624
0.49227 0.50773 0.00126794 0.00126794
0.49213 0.50787 0.00123234 0.00123234
0.4921 0.5079 0.00123181 0.00123181
0.49165 0.50835 0.00122554 0.00122554
0.49181 0.50819 0.00124908 0.00124908
0.49247 0.50753 0.00124187 0.00124187
0.49246 0.50754 0.00124645 0.00124645
0.49132 0.50868 0.00130159 0.00130159
0.49101 0.50899 0.00131177 0.00131177
0.49041 0.50959 0.0013417 0.0013417
0.49064 0.50936 0.00133801 0.00133801
0.49153 0.50847 0.00132453 0.00132453
0.49162 0.50838 0.00138299 0.00138299
0.49114 0.50886 0.00136311 0.00136311
0.4908 0.5092 0.00134699 0.00134699
0.49034 0.50966 0.00129291 0.00129291
0.4911 0.5089 0.00127759 0.00127759
0.49108 0.50892 0.00126818 0.00126818
0.4917 0.5083 0.00123815 0.00123815
0.4918 0.5082 0.00125202 0.00125202
0.49219 0.50781 0.00120812 0.00120812
0.4928 0.5072 0.00123655 0.00123655
0.49158 0.50842 0.00124437 0.00124437
0.4914 0.5086 0.0012281 0.0012281
0.49116 0.50884 0.001225 0.001225
0.49039 0.50961 0.00121309 0.00121309
0.49064 0.50936 0.00123645 0.00123645
0.49089 0.50911 0.00126083 0.00126083
0.49016 0.50984 0.00125921 0.00125921
0.49059 0.50941 0.00128386 0.00128386
0.4909 0.5091 0.00120076 0.00120076
0.49068 0.50932 0.00118359 0.00118359
0.49124 0.50876 0.0012018 0.0012018
0.49091 0.50909 0.00122148 0.00122148
0.49126 0.50874 0.00118013 0.00118013
0.49095 0.50905 0.00125581 0.00125581
0.49096 0.50904 0.00125289 0.00125289
0.49139 0.50861 0.00128161 0.00128161
0.49209 0.50791 0.0013081 0.0013081
0.49261 0.50739 0.00130016 0.00130016
0.4919 0.5081 0.00131748 0.00131748
0.49172 0.50828 0.00128936 0.00128936
0.49152 0.50848 0.00124229 0.00124229
0.49191 0.50809 0.00120455 0.00120455
0.49191 0.50809 0.00123917 0.00123917
0.49187 0.50813 0.00119369 0.00119369
0.49139 0.50861 0.00127483 0.00127483
0.49026 0.50974 0.00120514 0.00120514
0.49049 0.50951 0.00114524 0.00114524
0.49093 0.50907 0.00116029 0.00116029
0.49122 0.50878 0.00114571 0.00114571
0.49083 0.50917 0.00115089 0.00115089
0.49016 0.50984 0.00120636 0.00120636
0.49051 0.50949 0.00120478 0.00120478
0.48969 0.51031 0.00124999 0.00124999
0.49006 0.50994 0.00128828 0.00128828
0.49015 0.50985 0.00129815 0.00129815
0.49035 0.50965 0.00125639 0.00125639
0.49086 0.50914 0.00122693 0.00122693
0.49109 0.50891 0.00119572 0.00119572
0.48988 0.51012 0.00123835 0.00123835
0.48949 0.51051 0.00121393 0.00121393
0.48962 0.51038 0.00128099 0.00128099
0.48961 0.51039 0.00131731 0.00131731
0.48982 0.51018 0.00128829 0.00128829
0.48922 0.51078 0.00133674 0.00133674
0.4891 0.5109 0.001391 0.001391
0.48958 0.51042 0.00145043 0.00145043
0.48897 0.51103 0.00150298 0.00150298
0.48942 0.51058 0.0014573 0.0014573
0.48981 0.51019 0.00141961 0.00141961
0.4888 0.5112 0.00142265 0.00142265
0.48947 0.51053 0.0014388 0.0014388
0.49003 0.50997 0.00140482 0.00140482
0.4902 0.5098 0.00142907 0.00142907
0.4893 0.5107 0.00135211 0.00135211
0.48884 0.51116 0.0013904 0.0013904
0.48888 0.51112 0.00138528 0.00138528
0.48883 0.51117 0.00132481 0.00132481
0.48859 0.51141 0.00128556 0.00128556
0.48797 0.51203 0.00130633 0.00130633
0.48785 0.51215 0.00136298 0.00136298
0.48782 0.51218 0.00137766 0.00137766
0.48776 0.51224 0.00139095 0.00139095
0.48847 0.51153 0.00139332 0.00139332
0.48846 0.51154 0.00135086 0.00135086
0.4876 0.5124 0.00135699 0.00135699
0.48807 0.51193 0.00140477 0.00140477
0.48844 0.51156 0.00140528 0.00140528
0.48767 0.51233 0.00141414 0.00141414
0.48719 0.51281 0.00143896 0.00143896
0.48752 0.51248 0.00152777 0.00152777
0.48833 0.51167 0.00155768 0.00155768
0.48774 0.51226 0.00151912 0.00151912
0.48781 0.51219 0.00152654 0.00152654
0.48786 0.51214 0.00152036 0.00152036
0.48843 0.51157 0.00147568 0.00147568
0.48913 0.51087 0.00148563 0.00148563
0.48864 0.51136 0.00153005 0.00153005
0.48967 0.51033 0.00149608 0.00149608
0.48956 0.51044 0.00152318 0.00152318
0.48952 0.51048 0.00147488 0.00147488
0.48853 0.51147 0.00144423 0.00144423
0.4888 0.5112 0.00149515 0.00149515
0.48897 0.51103 0.00148429 0.00148429
0.48858 0.51142 0.00149485 0.00149485
0.48959 0.51041 0.00158271 0.00158271
0.48949 0.51051 0.00160643 0.00160643
0.48888 0.51112 0.00165603 0.00165603
0.48811 0.51189 0.00169866 0.00169866
0.48787 0.51213 0.00167028 0.00167028
0.4878 0.5122 0.00167976 0.00167976
0.48854 0.51146 0.00164047 0.00164047
0.48703 0.51297 0.00165225 0.00165225
0.48751 0.51249 0.0015554 0.0015554
0.48644 0.51356 0.0015175 0.0015175
0.48673 0.51327 0.00148567 0.00148567
0.48715 0.51285 0.00151997 0.00151997
0.48695 0.51305 0.00155878 0.00155878
0.48642 0.51358 0.00149958 0.00149958
0.48594 0.51406 0.00154373 0.00154373
0.48497 0.51503 0.00151437 0.00151437
0.48561 0.51439 0.00145135 0.00145135
0.48522 0.51478 0.00152726 0.00152726
0.48475 0.51525 0.0015836 0.0015836
0.48443 0.51557 0.00159013 0.00159013
0.48492 0.51508 0.00151347 0.00151347
0.48429 0.51571 0.00147281 0.00147281
0.48421 0.51579 0.00148962 0.00148962
0.48388 0.51612 0.00150853 0.00150853
0.48431 0.51569 0.00152973 0.00152973
0.4834 0.5166 0.00153552 0.00153552
0.48383 0.51617 0.00146921 0.00146921
0.48429 0.51571 0.00147938 0.00147938
0.48476 0.51524 0.00148287 0.00148287
0.48439 0.51561 0.00150893 0.00150893
0.48299 0.51701 0.00150914 0.00150914
0.48334 0.51666 0.00148615 0.00148615
0.48423 0.51577 0.00150642 0.00150642
0.48461 0.51539 0.00151543 0.00151543
0.48439 0.51561 0.00145852 0.00145852
0.48449 0.51551 0.00148177 0.00148177
0.48451 0.51549 0.00146706 0.00146706
0.48491 0.51509 0.00146269 0.00146269
0.48401 0.51599 0.00149884 0.00149884
0.4836 0.5164 0.00149699 0.00149699
0.48322 0.51678 0.00150593 0.00150593
0.4836 0.5164 0.00153572 0.00153572
0.4831 0.5169 0.0015467 0.0015467
0.48327 0.51673 0.00161125 0.00161125
0.48285 0.51715 0.00164156 0.00164156
0.48237 0.51763 0.00151306 0.00151306
0.48264 0.51736 0.00146678 0.00146678
0.48366 0.51634 0.00150724 0.00150724
0.48356 0.51644 0.00148984 0.00148984
0.48442 0.51558 0.00153596 0.00153596
0.48504 0.51496 0.0015783 0.0015783
0.48417 0.51583 0.00165521 0.00165521
0.48487 0.51513 0.00171848 0.00171848
0.48557 0.51443 0.00176095 0.00176095
0.48482 0.51518 0.00182791 0.00182791
0.48508 0.51492 0.00179135 0.00179135
0.48441 0.51559 0.00173818 0.00173818
0.4838 0.5162 0.00179648 0.00179648
0.48448 0.51552 0.00179013 0.00179013
0.48419 0.51581 0.00178573 0.00178573
0.48443 0.51557 0.0016597 0.0016597
0.48473 0.51527 0.00169541 0.00169541
0.48458 0.51542 0.00175227 0.00175227
0.4849 0.5151 0.00169904 0.00169904
0.48483 0.51517 0.0017536 0.0017536
0.48567 0.51433 0.00173382 0.00173382
0.48538 0.51462 0.00175048 0.00175048
0.48515 0.51485 0.00187344 0.00187344
0.4859 0.5141 0.00189355 0.00189355
0.48672 0.51328 0.00194877 0.00194877
0.48685 0.51315 0.00191512 0.00191512
0.48745 0.51255 0.00198914 0.00198914
0.48752 0.51248 0.00197932 0.00197932
0.48704 0.51296 0.00194523 0.00194523
0.48717 0.51283 0.00200356 0.00200356
0.48748 0.51252 0.0020394 0.0020394
0.48738 0.51262 0.00202097 0.00202097
0.48809 0.51191 0.00194584 0.00194584
0.48764 0.51236 0.00199845 0.00199845
0.48696 0.51304 0.00206812 0.00206812
0.48756 0.51244 0.00209572 0.00209572
0.48686 0.51314 0.00205107 0.00205107
0.48652 0.51348 0.00209938 0.00209938
0.486 0.514 0.00207048 0.00207048
0.48595 0.51405 0.00216211 0.00216211
0.48659 0.51341 0.00211988 0.00211988
0.48596 0.51404 0.00217549 0.00217549
0.48566 0.51434 0.00213301 0.00213301
0.48615 0.51385 0.00211659 0.00211659
0.48652 0.51348 0.0021051 0.0021051
0.48673 0.51327 0.00208565 0.00208565
0.48681 0.51319 0.00207458 0.00207458
0.48614 0.51386 0.00209883 0.00209883
0.48573 0.51427 0.00218072 0.00218072
0.4857 0.5143 0.0021471 0.0021471
0.48578 0.51422 0.00209694 0.00209694
0.48552 0.51448 0.00210666 0.00210666
0.48608 0.51392 0.00205917 0.00205917
0.48566 0.51434 0.00212516 0.00212516
0.48515 0.51485 0.00219249 0.00219249
0.48567 0.51433 0.00222802 0.00222802
0.48476 0.51524 0.00229467 0.00229467
0.48511 0.51489 0.00228503 0.00228503
0.48488 0.51512 0.00219803 0.00219803
0.48466 0.51534 0.00215956 0.00215956
0.48557 0.51443 0.00217724 0.00217724
0.48522 0.51478 0.00223555 0.00223555
0.48443 0.51557 0.00219647 0.00219647
0.48476 0.51524 0.00223301 0.00223301
0.48524 0.51476 0.00211422 0.00211422
0.48506 0.51494 0.00208856 0.00208856
0.48581 0.51419 0.00209268 0.00209268
0.48543 0.51457 0.00213887 0.00213887
0.48499 0.51501 0.00222542 0.00222542
0.48438 0.51562 0.00219472 0.00219472
0.48511 0.51489 0.00215159 0.00215159
0.48468 0.51532 0.00226309 0.00226309
0.48427 0.51573 0.00228123 0.00228123
0.48487 0.51513 0.00229312 0.00229312
0.48523 0.51477 0.00230551 0.00230551
0.48565 0.51435 0.00233362 0.00233362
0.48459 0.51541 0.00232635 0.00232635
0.48492 0.51508 0.00234787 0.00234787
0.48542 0.51458 0.00228012 0.00228012
0.48511 0.51489 0.00226026 0.00226026
0.48538 0.51462 0.00220569 0.00220569
0.48536 0.51464 0.00216627 0.00216627
0.4852 0.5148 0.00222651 0.00222651
0.48437 0.51563 0.00222323 0.00222323
0.48397 0.51603 0.0021535 0.0021535
0.4837 0.5163 0.00222379 0.00222379
0.48305 0.51695 0.00229243 0.00229243
0.48223 0.51777 0.0022624 0.0022624
0.48206 0.51794 0.00227594 0.00227594
0.48284 0.51716 0.00233012 0.00233012
0.483 0.517 0.00226982 0.00226982
0.48342 0.51658 0.00231728 0.00231728
0.48421 0.51579 0.00236348 0.00236348
0.48549 0.51451 0.00243241 0.00243241
0.4852 0.5148 0.00243776 0.00243776
0.48494 0.51506 0.00242723 0.00242723
0.48468 0.51532 0.00241525 0.00241525
0.48516 0.51484 0.0024149 0.0024149
0.48472 0.51528 0.00239475 0.00239475
0.48465 0.51535 0.00233102 0.00233102
0.48418 0.51582 0.00227257 0.00227257
0.48441 0.51559 0.00233228 0.00233228
0.48436 0.51564 0.00231482 0.00231482
0.48383 0.51617 0.00233832 0.00233832
0.48408 0.51592 0.002391 0.002391
0.48341 0.51659 0.00234911 0.00234911
0.48388 0.51612 0.00238502 0.00238502
0.48376 0.51624 0.0023438 0.0023438
0.48328 0.51672 0.00233275 0.00233275
0.48411 0.51589 0.00233541 0.00233541
0.48369 0.51631 0.0023151 0.0023151
0.48371 0.51629 0.00229292 0.00229292
0.48319 0.51681 0.00236763 0.00236763
0.4834 0.5166 0.00237937 0.00237937
0.48314 0.51686 0.00241099 0.00241099
0.48372 0.51628 0.00245329 0.00245329
0.48378 0.51622 0.00245298 0.00245298
0.48298 0.51702 0.00245816 0.00245816
0.48283 0.51717 0.00233196 0.00233196
0.4826 0.5174 0.00233491 0.00233491
0.4839 0.5161 0.00228084 0.00228084
0.48358 0.51642 0.00232742 0.00232742
0.48288 0.51712 0.00229186 0.00229186
0.48248 0.51752 0.00235934 0.00235934
0.48202 0.51798 0.00232614 0.00232614
0.48246 0.51754 0.00244352 0.00244352
0.48205 0.51795 0.00241314 0.00241314
0.48229 0.51771 0.00248825 0.00248825
0.48315 0.51685 0.0024808 0.0024808
0.48301 0.51699 0.00245342 0.00245342
0.48374 0.51626 0.00238191 0.00238191
0.4828 0.5172 0.00236046 0.00236046
0.48313 0.51687 0.00236632 0.00236632
0.48299 0.51701 0.00241268 0.00241268
0.483 0.517 0.0024479 0.0024479
0.48271 0.51729 0.0024592 0.0024592
0.48332 0.51668 0.00241622 0.00241622
0.48295 0.51705 0.00237215 0.00237215
0.48308 0.51692 0.00243361 0.00243361
0.48374 0.51626 0.00239914 0.00239914
0.48365 0.51635 0.00239209 0.00239209
0.48381 0.51619 0.00240387 0.00240387
0.48313 0.51687 0.0023784 0.0023784
0.48338 0.51662 0.00243062 0.00243062
0.48345 0.51655 0.00239308 0.00239308
0.48393 0.51607 0.00241168 0.00241168
0.48455 0.51545 0.00238413 0.00238413
0.48412 0.51588 0.00241627 0.00241627
0.48406 0.51594 0.00242361 0.00242361
0.48408 0.51592 0.00241666 0.00241666
0.48449 0.51551 0.00243484 0.00243484
0.4847 0.5153 0.00241223 0.00241223
0.4842 0.5158 0.00237711 0.00237711
0.48483 0.51517 0.00241251 0.00241251
0.48495 0.51505 0.00239653 0.00239653
0.48482 0.51518 0.00237409 0.00237409
0.48414 0.51586 0.00235253 0.00235253
0.48429 0.51571 0.00238217 0.00238217
0.48443 0.51557 0.00246556 0.00246556
0.48325 0.51675 0.00244825 0.00244825
0.48316 0.51684 0.00249753 0.00249753
0.48315 0.51685 0.00251934 0.00251934
0.48231 0.51769 0.00255824 0.00255824
0.48366 0.51634 0.00253899 0.00253899
0.48386 0.51614 0.00245024 0.00245024
0.48286 0.51714 0.00245378 0.00245378
0.48368 0.51632 0.00245693 0.00245693
0.48418 0.51582 0.00250399 0.00250399
0.48374 0.51626 0.00244217 0.00244217
0.48395 0.51605 0.00245781 0.00245781
0.48495 0.51505 0.00239366 0.00239366
0.4839 0.5161 0.00242912 0.00242912
0.48382 0.51618 0.00247078 0.00247078
0.4841 0.5159 0.00246441 0.00246441
0.48444 0.51556 0.0024516 0.0024516
0.48434 0.51566 0.0024851 0.0024851
0.48415 0.51585 0.00249736 0.00249736
0.48487 0.51513 0.0024505 0.0024505
0.48566 0.51434 0.00239908 0.00239908
0.48573 0.51427 0.00237345 0.00237345
0.48628 0.51372 0.00239715 0.00239715
0.48561 0.51439 0.00235155 0.00235155
0.48617 0.51383 0.00240889 0.00240889
0.48547 0.51453 0.00228134 0.00228134
0.48576 0.51424 0.00225317 0.00225317
0.4854 0.5146 0.00233651 0.00233651
0.48492 0.51508 0.00245472 0.00245472
0.48573 0.51427 0.0024364 0.0024364
0.48588 0.51412 0.00249229 0.00249229
0.48599 0.51401 0.00244528 0.00244528
0.4854 0.5146 0.00257564 0.00257564
0.48577 0.51423 0.00256662 0.00256662
0.48591 0.51409 0.00254952 0.00254952
0.48565 0.51435 0.00256819 0.00256819
0.48562 0.51438 0.00259773 0.00259773
0.48499 0.51501 0.00257328 0.00257328
0.48564 0.51436 0.00259304 0.00259304
0.48496 0.51504 0.00266588 0.00266588
0.48545 0.51455 0.00256639 0.00256639
0.48521 0.51479 0.00262011 0.00262011
0.4859 0.5141 0.00267957 0.00267957
0.48556 0.51444 0.00275595 0.00275595
0.48523 0.51477 0.00266509 0.00266509
0.48546 0.51454 0.00265308 0.00265308
0.48556 0.51444 0.00267223 0.00267223
0.48518 0.51482 0.00262502 0.00262502
0.48515 0.51485 0.00268403 0.00268403
0.48607 0.51393 0.00274706 0.00274706
0.48624 0.51376 0.002756 0.002756
0.4858 0.5142 0.00266224 0.00266224
0.48627 0.51373 0.00278188 0.00278188
0.48562 0.51438 0.00283466 0.00283466
0.48496 0.51504 0.00279012 0.00279012
0.48529 0.51471 0.0027316 0.0027316
0.48466 0.51534 0.00281235 0.00281235
0.48593 0.51407 0.002829 0.002829
0.48658 0.51342 0.00286992 0.00286992
0.48583 0.51417 0.00287445 0.00287445
0.48467 0.51533 0.00288838 0.00288838
0.48432 0.51568 0.00274717 0.00274717
0.48424 0.51576 0.00267871 0.00267871
0.48296 0.51704 0.00272028 0.00272028
0.48375 0.51625 0.00271459 0.00271459
0.48372 0.51628 0.00267182 0.00267182
0.48374 0.51626 0.0027492 0.0027492
0.48454 0.51546 0.00275906 0.00275906
0.48486 0.51514 0.00278681 0.00278681
0.48577 0.51423 0.00280349 0.00280349
0.48548 0.51452 0.00276423 0.00276423
0.4866 0.5134 0.00276552 0.00276552
0.48641 0.51359 0.00269218 0.00269218
0.48636 0.51364 0.00264858 0.00264858
0.48559 0.51441 0.00270428 0.00270428
0.48518 0.51482 0.00277562 0.00277562
0.48499 0.51501 0.00276494 0.00276494
0.48441 0.51559 0.00281887 0.00281887
0.48482 0.51518 0.00283065 0.00283065
0.48538 0.51462 0.00277783 0.00277783
0.48499 0.51501 0.00283815 0.00283815
0.48519 0.51481 0.00284945 0.00284945
0.48576 0.51424 0.00287024 0.00287024
0.4858 0.5142 0.00287083 0.00287083
0.48599 0.51401 0.00291908 0.00291908
0.48582 0.51418 0.00301768 0.00301768
0.48597 0.51403 0.00307514 0.00307514
0.48641 0.51359 0.00306002 0.00306002
0.4866 0.5134 0.00306436 0.00306436
0.48691 0.51309 0.0031156 0.0031156
0.4866 0.5134 0.0030819 0.0030819
0.48654 0.51346 0.00301643 0.00301643
0.48576 0.51424 0.00289606 0.00289606
0.48597 0.51403 0.00287607 0.00287607
0.48629 0.51371 0.00279786 0.00279786
0.48604 0.51396 0.00290733 0.00290733
0.48623 0.51377 0.00296723 0.00296723
0.48588 0.51412 0.00295615 0.00295615
0.48594 0.51406 0.00294434 0.00294434
0.48631 0.51369 0.00294331 0.00294331
