0.50003 0.49997 9.80717e-06 9.80717e-06
0.50011 0.49989 1.89474e-05 1.89474e-05
0.49991 0.50009 3.33151e-05 3.33151e-05
0.49982 0.50018 4.7341e-05 4.7341e-05
0.4999 0.5001 5.85758e-05 5.85758e-05
0.50036 0.49964 6.97681e-05 6.97681e-05
0.5004 0.4996 8.05657e-05 8.05657e-05
0.50086 0.49914 8.54752e-05 8.54752e-05
0.50066 0.49934 8.29135e-05 8.29135e-05
0.50093 0.49907 9.12375e-05 9.12375e-05
0.50143 0.49857 0.000112894 0.000112894
0.50127 0.49873 0.000112886 0.000112886
0.50079 0.49921 0.000128349 0.000128349
0.50052 0.49948 0.000138293 0.000138293
0.50026 0.49974 0.00015979 0.00015979
0.50045 0.49955 0.00016728 0.00016728
0.50079 0.49921 0.000169359 0.000169359
0.50117 0.49883 0.00017291 0.00017291
0.50093 0.49907 0.000180349 0.000180349
0.50127 0.49873 0.000191128 0.000191128
0.50132 0.49868 0.000217775 0.000217775
0.50164 0.49836 0.000226657 0.000226657
0.50177 0.49823 0.000248239 0.000248239
0.50177 0.49823 0.000247452 0.000247452
0.50219 0.49781 0.00025858 0.00025858
0.50188 0.49812 0.000268046 0.000268046
0.50191 0.49809 0.000279254 0.000279254
0.50168 0.49832 0.00028125 0.00028125
0.50145 0.49855 0.000268371 0.000268371
0.50144 0.49856 0.000276532 0.000276532
0.50195 0.49805 0.000284593 0.000284593
0.50204 0.49796 0.000288483 0.000288483
0.50238 0.49762 0.000295874 0.000295874
0.50245 0.49755 0.000300795 0.000300795
0.50243 0.49757 0.000294409 0.000294409
0.50231 0.49769 0.000278559 0.000278559
0.50187 0.49813 0.000262316 0.000262316
0.5017 0.4983 0.000280374 0.000280374
0.50199 0.49801 0.00029403 0.00029403
0.50158 0.49842 0.000307196 0.000307196
0.50135 0.49865 0.000306068 0.000306068
0.50104 0.49896 0.000289029 0.000289029
0.50105 0.49895 0.000304977 0.000304977
0.50179 0.49821 0.000310147 0.000310147
0.5016 0.4984 0.000310869 0.000310869
0.50158 0.49842 0.000323297 0.000323297
0.50187 0.49813 0.000339771 0.000339771
0.50128 0.49872 0.00035786 0.00035786
0.50061 0.49939 0.000356119 0.000356119
0.50057 0.49943 0.000346207 0.000346207
0.501 0.499 0.000329636 0.000329636
0.50074 0.49926 0.000327548 0.000327548
0.50099 0.49901 0.00032399 0.00032399
0.50052 0.49948 0.000322535 0.000322535
0.50049 0.49951 0.000311404 0.000311404
0.50032 0.49968 0.000315634 0.000315634
0.49976 0.50024 0.000328184 0.000328184
0.49997 0.50003 0.000305686 0.000305686
0.50026 0.49974 0.000319932 0.000319932
0.50076 0.49924 0.000328225 0.000328225
0.50079 0.49921 0.000333966 0.000333966
0.50054 0.49946 0.000350635 0.000350635
0.50037 0.49963 0.000363064 0.000363064
0.50059 0.49941 0.000366446 0.000366446
0.50087 0.49913 0.000374357 0.000374357
0.50092 0.49908 0.000401832 0.000401832
0.50125 0.49875 0.000419826 0.000419826
0.50095 0.49905 0.00043524 0.00043524
0.50113 0.49887 0.000439023 0.000439023
0.50124 0.49876 0.000443053 0.000443053
0.50114 0.49886 0.000440283 0.000440283
0.50105 0.49895 0.000452109 0.000452109
0.50143 0.49857 0.000447096 0.000447096
0.5016 0.4984 0.000459717 0.000459717
0.50148 0.49852 0.000464091 0.000464091
0.50183 0.49817 0.000487193 0.000487193
0.50183 0.49817 0.000497435 0.000497435
0.5022 0.4978 0.000497192 0.000497192
0.50222 0.49778 0.000500981 0.000500981
0.502 0.498 0.000504667 0.000504667
0.50214 0.49786 0.000495637 0.000495637
0.50176 0.49824 0.000504225 0.000504225
0.50185 0.49815 0.000505139 0.000505139
0.50195 0.49805 0.000495563 0.000495563
0.50203 0.49797 0.000505282 0.000505282
0.50185 0.49815 0.000513381 0.000513381
0.50232 0.49768 0.000522563 0.000522563
0.50202 0.49798 0.00051703 0.00051703
0.5021 0.4979 0.000514212 0.000514212
0.50173 0.49827 0.00053232 0.00053232
0.50201 0.49799 0.000547242 0.000547242
0.50171 0.49829 0.000524248 0.000524248
0.50154 0.49846 0.000533685 0.000533685
0.50135 0.49865 0.000536694 0.000536694
0.50107 0.49893 0.000539541 0.000539541
0.50142 0.49858 0.000523155 0.000523155
0.50149 0.49851 0.000553182 0.000553182
0.50144 0.49856 0.000557784 0.000557784
0.50116 0.49884 0.000563691 0.000563691
0.50124 0.49876 0.000579538 0.000579538
0.50154 0.49846 0.000584109 0.000584109
0.50166 0.49834 0.00061954 0.00061954
0.50187 0.49813 0.000620983 0.000620983
0.50221 0.49779 0.000662248 0.000662248
0.50198 0.49802 0.000672707 0.000672707
0.50154 0.49846 0.000657059 0.000657059
0.50186 0.49814 0.000678748 0.000678748
0.50145 0.49855 0.000698149 0.000698149
0.50131 0.49869 0.000695267 0.000695267
0.50119 0.49881 0.000699448 0.000699448
0.5009 0.4991 0.000696091 0.000696091
0.50039 0.49961 0.000695351 0.000695351
0.50047 0.49953 0.000708211 0.000708211
0.50064 0.49936 0.000707728 0.000707728
0.50098 0.49902 0.000734686 0.000734686
0.50155 0.49845 0.000742634 0.000742634
0.50146 0.49854 0.000748655 0.000748655
0.50175 0.49825 0.000720432 0.000720432
0.5016 0.4984 0.00074196 0.00074196
0.5019 0.4981 0.000758677 0.000758677
0.50194 0.49806 0.00077733 0.00077733
0.50213 0.49787 0.000801831 0.000801831
0.502 0.498 0.000789939 0.000789939
0.50177 0.49823 0.000828664 0.000828664
0.50165 0.49835 0.000823381 0.000823381
0.50158 0.49842 0.000809761 0.000809761
0.50178 0.49822 0.000801648 0.000801648
0.50178 0.49822 0.000800537 0.000800537
0.50147 0.49853 0.00082906 0.00082906
0.50178 0.49822 0.000830315 0.000830315
0.50139 0.49861 0.00083719 0.00083719
0.5022 0.4978 0.000838283 0.000838283
0.50231 0.49769 0.000839913 0.000839913
0.50222 0.49778 0.000850012 0.000850012
0.50197 0.49803 0.000868494 0.000868494
0.50238 0.49762 0.000884642 0.000884642
0.50177 0.49823 0.000921411 0.000921411
0.50133 0.49867 0.000913092 0.000913092
0.50113 0.49887 0.000956599 0.000956599
0.50073 0.49927 0.000952381 0.000952381
0.50077 0.49923 0.000953775 0.000953775
0.50061 0.49939 0.000950584 0.000950584
0.50049 0.49951 0.000933343 0.000933343
0.50094 0.49906 0.000936643 0.000936643
0.50095 0.49905 0.000910775 0.000910775
0.50105 0.49895 0.000917947 0.000917947
0.50125 0.49875 0.000926896 0.000926896
0.50144 0.49856 0.000949299 0.000949299
0.50158 0.49842 0.000933357 0.000933357
0.50147 0.49853 0.000939464 0.000939464
0.50115 0.49885 0.000951624 0.000951624
0.50095 0.49905 0.000955442 0.000955442
0.5006 0.4994 0.000954808 0.000954808
0.50048 0.49952 0.000986616 0.000986616
0.5009 0.4991 0.000999465 0.000999465
0.50099 0.49901 0.00101647 0.00101647
0.50044 0.49956 0.00100916 0.00100916
0.50052 0.49948 0.000999909 0.000999909
0.50036 0.49964 0.00103684 0.00103684
0.50067 0.49933 0.00104038 0.00104038
0.50095 0.49905 0.00105482 0.00105482
0.50091 0.49909 0.00103445 0.00103445
0.50083 0.49917 0.00103794 0.00103794
0.50088 0.49912 0.00104803 0.00104803
0.50073 0.49927 0.00102561 0.00102561
0.50051 0.49949 0.00104486 0.00104486
0.50056 0.49944 0.00103332 0.00103332
0.5 0.5 0.00102291 0.00102291
0.50071 0.49929 0.00105671 0.00105671
0.50087 0.49913 0.00104688 0.00104688
0.50046 0.49954 0.00103758 0.00103758
0.50025 0.49975 0.00103407 0.00103407
0.50057 0.49943 0.0010392 0.0010392
0.50042 0.49958 0.00102606 0.00102606
0.50089 0.49911 0.00108115 0.00108115
0.50051 0.49949 0.00109112 0.00109112
0.50082 0.49918 0.0010877 0.0010877
0.50075 0.49925 0.0010876 0.0010876
0.50051 0.49949 0.00112961 0.00112961
0.50007 0.49993 0.00116221 0.00116221
0.50038 0.49962 0.00115495 0.00115495
0.50033 0.49967 0.00116212 0.00116212
0.50056 0.49944 0.00119387 0.00119387
0.50064 0.49936 0.00117233 0.00117233
0.50098 0.49902 0.00117087 0.00117087
0.50052 0.49948 0.00115189 0.00115189
0.50047 0.49953 0.0011515 0.0011515
0.50031 0.49969 0.00110902 0.00110902
0.50012 0.49988 0.0010831 0.0010831
0.50006 0.49994 0.00109127 0.00109127
0.50026 0.49974 0.00109912 0.00109912
0.50044 0.49956 0.00110851 0.00110851
0.50017 0.49983 0.0011414 0.0011414
0.4998 0.5002 0.00114863 0.00114863
0.49971 0.50029 0.00115176 0.00115176
0.49975 0.50025 0.00114067 0.00114067
0.49979 0.50021 0.00116706 0.00116706
0.50002 0.49998 0.00115279 0.00115279
0.50049 0.49951 0.0011346 0.0011346
0.50039 0.49961 0.00111236 0.00111236
0.50032 0.49968 0.00110943 0.00110943
0.50037 0.49963 0.00107672 0.00107672
0.5008 0.4992 0.0010876 0.0010876
0.50056 0.49944 0.0010698 0.0010698
0.50094 0.49906 0.00109622 0.00109622
0.50112 0.49888 0.00113696 0.00113696
0.50109 0.49891 0.00114756 0.00114756
0.50099 0.49901 0.00117924 0.00117924
0.50056 0.49944 0.00122651 0.00122651
0.50078 0.49922 0.00118739 0.00118739
0.5006 0.4994 0.00120798 0.00120798
0.50113 0.49887 0.00118749 0.00118749
0.50136 0.49864 0.00114969 0.00114969
0.5016 0.4984 0.00114921 0.00114921
0.50159 0.49841 0.00113362 0.00113362
0.50142 0.49858 0.00115202 0.00115202
0.50089 0.49911 0.0011627 0.0011627
0.501 0.499 0.00115857 0.00115857
0.5007 0.4993 0.00117506 0.00117506
0.50076 0.49924 0.00118136 0.00118136
0.50119 0.49881 0.00121799 0.00121799
0.50136 0.49864 0.00124221 0.00124221
0.50107 0.49893 0.00124817 0.00124817
0.50107 0.49893 0.00129102 0.00129102
0.5011 0.4989 0.00133597 0.00133597
0.50114 0.49886 0.00132891 0.00132891
0.50108 0.49892 0.00135163 0.00135163
0.50096 0.49904 0.00138937 0.00138937
0.50081 0.49919 0.00139529 0.00139529
0.5015 0.4985 0.00139575 0.00139575
0.50167 0.49833 0.0014041 0.0014041
0.50165 0.49835 0.00142019 0.00142019
0.50142 0.49858 0.00141645 0.00141645
0.50137 0.49863 0.00142656 0.00142656
0.50169 0.49831 0.00143096 0.00143096
0.50158 0.49842 0.0013896 0.0013896
0.50219 0.49781 0.00136403 0.00136403
0.50204 0.49796 0.00136959 0.00136959
0.50232 0.49768 0.00139121 0.00139121
0.50253 0.49747 0.00135251 0.00135251
0.50274 0.49726 0.00133619 0.00133619
0.50252 0.49748 0.00136542 0.00136542
0.50258 0.49742 0.00137691 0.00137691
0.50285 0.49715 0.00139589 0.00139589
0.50286 0.49714 0.00140594 0.00140594
0.50288 0.49712 0.00140645 0.00140645
0.50254 0.49746 0.00140082 0.00140082
0.5023 0.4977 0.00142359 0.00142359
0.50186 0.49814 0.00144939 0.00144939
0.50197 0.49803 0.00142548 0.00142548
0.50208 0.49792 0.00141222 0.00141222
0.50184 0.49816 0.00139258 0.00139258
0.50173 0.49827 0.00141683 0.00141683
0.50166 0.49834 0.00139966 0.00139966
0.50123 0.49877 0.00140382 0.00140382
0.50144 0.49856 0.00140546 0.00140546
0.50124 0.49876 0.00140467 0.00140467
0.50141 0.49859 0.00139788 0.00139788
0.50147 0.49853 0.0013872 0.0013872
0.50071 0.49929 0.00143956 0.00143956
0.50075 0.49925 0.00147738 0.00147738
0.50088 0.49912 0.0014936 0.0014936
0.50045 0.49955 0.00147391 0.00147391
0.49993 0.50007 0.00151839 0.00151839
0.49969 0.50031 0.0015468 0.0015468
0.50009 0.49991 0.00155079 0.00155079
0.50039 0.49961 0.00157075 0.00157075
0.49995 0.50005 0.00158932 0.00158932
0.50045 0.49955 0.00161888 0.00161888
0.50043 0.49957 0.00159849 0.00159849
0.50052 0.49948 0.00162928 0.00162928
0.50043 0.49957 0.00165205 0.00165205
0.50004 0.49996 0.00163812 0.00163812
0.49968 0.50032 0.00162192 0.00162192
0.4997 0.5003 0.00159098 0.00159098
0.49987 0.50013 0.0015791 0.0015791
0.50002 0.49998 0.0015944 0.0015944
0.50024 0.49976 0.00160162 0.00160162
0.50025 0.49975 0.00160777 0.00160777
0.49987 0.50013 0.00159169 0.00159169
0.49991 0.50009 0.00158554 0.00158554
0.49958 0.50042 0.0016057 0.0016057
0.49897 0.50103 0.00164092 0.00164092
0.49919 0.50081 0.00165034 0.00165034
0.4994 0.5006 0.00162701 0.00162701
0.50003 0.49997 0.00160878 0.00160878
0.50008 0.49992 0.00160826 0.00160826
0.50014 0.49986 0.00158572 0.00158572
0.5004 0.4996 0.00158168 0.00158168
0.50009 0.49991 0.00158885 0.00158885
0.49958 0.50042 0.00161 0.00161
0.49979 0.50021 0.00160675 0.00160675
0.50019 0.49981 0.0016348 0.0016348
0.50035 0.49965 0.0016209 0.0016209
0.50018 0.49982 0.00160435 0.00160435
0.50052 0.49948 0.0015889 0.0015889
0.50056 0.49944 0.00160564 0.00160564
0.50078 0.49922 0.00165472 0.00165472
0.50086 0.49914 0.00170212 0.00170212
0.50124 0.49876 0.00169542 0.00169542
0.50116 0.49884 0.00170636 0.00170636
0.50106 0.49894 0.00169329 0.00169329
0.50126 0.49874 0.00168032 0.00168032
0.5011 0.4989 0.0017026 0.0017026
0.50178 0.49822 0.00166302 0.00166302
0.50166 0.49834 0.00167817 0.00167817
0.50143 0.49857 0.00169467 0.00169467
0.50097 0.49903 0.00168615 0.00168615
0.50067 0.49933 0.00167364 0.00167364
0.50061 0.49939 0.00169905 0.00169905
0.50043 0.49957 0.00172774 0.00172774
0.50027 0.49973 0.00170646 0.00170646
0.49982 0.50018 0.00174322 0.00174322
0.50036 0.49964 0.00172973 0.00172973
0.50065 0.49935 0.00172704 0.00172704
0.50101 0.49899 0.0017193 0.0017193
0.50103 0.49897 0.00175771 0.00175771
0.50137 0.49863 0.00173872 0.00173872
0.50194 0.49806 0.00176816 0.00176816
0.50186 0.49814 0.00174616 0.00174616
0.50167 0.49833 0.0017441 0.0017441
0.50147 0.49853 0.00176593 0.00176593
0.50161 0.49839 0.00178141 0.00178141
0.50178 0.49822 0.0017589 0.0017589
0.50164 0.49836 0.00178256 0.00178256
0.50204 0.49796 0.00179848 0.00179848
0.502 0.498 0.00180277 0.00180277
0.50198 0.49802 0.00183353 0.00183353
0.50201 0.49799 0.00182219 0.00182219
0.50242 0.49758 0.00180843 0.00180843
0.50259 0.49741 0.00179239 0.00179239
0.50214 0.49786 0.00179287 0.00179287
0.50191 0.49809 0.00179388 0.00179388
0.50168 0.49832 0.00181472 0.00181472
0.50094 0.49906 0.00182454 0.00182454
0.50116 0.49884 0.00185003 0.00185003
0.50107 0.49893 0.00180918 0.00180918
0.50133 0.49867 0.0018622 0.0018622
0.50159 0.49841 0.00184828 0.00184828
0.50167 0.49833 0.001854 0.001854
0.50226 0.49774 0.00191967 0.00191967
0.50207 0.49793 0.00192039 0.00192039
0.50259 0.49741 0.00194275 0.00194275
0.50259 0.49741 0.00194721 0.00194721
0.50271 0.49729 0.0019856 0.0019856
0.50288 0.49712 0.00197532 0.00197532
0.50317 0.49683 0.00199402 0.00199402
0.50258 0.49742 0.00198835 0.00198835
0.50248 0.49752 0.00197979 0.00197979
0.50228 0.49772 0.00193463 0.00193463
0.50187 0.49813 0.00190531 0.00190531
0.50154 0.49846 0.00194294 0.00194294
0.50193 0.49807 0.00192809 0.00192809
0.50161 0.49839 0.0019804 0.0019804
0.50153 0.49847 0.0019727 0.0019727
0.50155 0.49845 0.00201869 0.00201869
0.50123 0.49877 0.00203701 0.00203701
0.50098 0.49902 0.00201816 0.00201816
0.50101 0.49899 0.00201934 0.00201934
0.50068 0.49932 0.00199703 0.00199703
0.50106 0.49894 0.00198444 0.00198444
0.50145 0.49855 0.00197534 0.00197534
0.50153 0.49847 0.00196455 0.00196455
0.50122 0.49878 0.00197668 0.00197668
0.50119 0.49881 0.00196668 0.00196668
0.50143 0.49857 0.00192467 0.00192467
0.50186 0.49814 0.00193004 0.00193004
0.50224 0.49776 0.0019556 0.0019556
0.50204 0.49796 0.00194965 0.00194965
0.50215 0.49785 0.00193886 0.00193886
0.50192 0.49808 0.00191329 0.00191329
0.50175 0.49825 0.00192688 0.00192688
0.50115 0.49885 0.00193447 0.00193447
0.50092 0.49908 0.00197013 0.00197013
0.50107 0.49893 0.00199645 0.00199645
0.50112 0.49888 0.00203431 0.00203431
0.50136 0.49864 0.00200995 0.00200995
0.50138 0.49862 0.00200733 0.00200733
0.50202 0.49798 0.00201539 0.00201539
0.50174 0.49826 0.00199862 0.00199862
0.50177 0.49823 0.00201262 0.00201262
0.50161 0.49839 0.00200466 0.00200466
0.50215 0.49785 0.00199696 0.00199696
0.50217 0.49783 0.00195679 0.00195679
0.50215 0.49785 0.00199136 0.00199136
0.50209 0.49791 0.0020054 0.0020054
0.50228 0.49772 0.00202188 0.00202188
0.50223 0.49777 0.0020443 0.0020443
0.50239 0.49761 0.00203301 0.00203301
0.50232 0.49768 0.00204264 0.00204264
0.50206 0.49794 0.0020582 0.0020582
0.50223 0.49777 0.0020144 0.0020144
0.50207 0.49793 0.00200198 0.00200198
0.50238 0.49762 0.001986 0.001986
0.50209 0.49791 0.00195782 0.00195782
0.50239 0.49761 0.0019605 0.0019605
0.50339 0.49661 0.0019601 0.0019601
0.50342 0.49658 0.00194994 0.00194994
0.5034 0.4966 0.0019144 0.0019144
0.50326 0.49674 0.00191436 0.00191436
0.50328 0.49672 0.00194515 0.00194515
0.50324 0.49676 0.00200061 0.00200061
0.50319 0.49681 0.002013 0.002013
0.50333 0.49667 0.00202204 0.00202204
0.50375 0.49625 0.00201437 0.00201437
0.50327 0.49673 0.00205103 0.00205103
0.503 0.497 0.00204281 0.00204281
0.50309 0.49691 0.00202503 0.00202503
0.50298 0.49702 0.00206927 0.00206927
0.50308 0.49692 0.00207074 0.00207074
0.50299 0.49701 0.00209868 0.00209868
0.50296 0.49704 0.00208079 0.00208079
0.50255 0.49745 0.0020609 0.0020609
0.50287 0.49713 0.00208365 0.00208365
0.50299 0.49701 0.00206702 0.00206702
0.50273 0.49727 0.0020479 0.0020479
0.50272 0.49728 0.00205681 0.00205681
0.50281 0.49719 0.00202381 0.00202381
0.50282 0.49718 0.00201352 0.00201352
0.50281 0.49719 0.00197462 0.00197462
0.50312 0.49688 0.00197926 0.00197926
0.5032 0.4968 0.00194766 0.00194766
0.50369 0.49631 0.00192056 0.00192056
0.50368 0.49632 0.00194945 0.00194945
0.50343 0.49657 0.0018911 0.0018911
0.50317 0.49683 0.00193034 0.00193034
0.50307 0.49693 0.00198861 0.00198861
0.50225 0.49775 0.00199354 0.00199354
0.50187 0.49813 0.00199381 0.00199381
0.50165 0.49835 0.00196554 0.00196554
0.50177 0.49823 0.00200658 0.00200658
0.50198 0.49802 0.00200291 0.00200291
0.50189 0.49811 0.00202123 0.00202123
0.50188 0.49812 0.00202875 0.00202875
0.50248 0.49752 0.00199163 0.00199163
0.50258 0.49742 0.00200255 0.00200255
0.50238 0.49762 0.00199996 0.00199996
0.50225 0.49775 0.00202128 0.00202128
0.50199 0.49801 0.00203724 0.00203724
0.502 0.498 0.00206162 0.00206162
0.50264 0.49736 0.00205338 0.00205338
0.50268 0.49732 0.00203927 0.00203927
0.50315 0.49685 0.00205985 0.00205985
0.50262 0.49738 0.00203531 0.00203531
0.50283 0.49717 0.00203311 0.00203311
0.50302 0.49698 0.00205382 0.00205382
0.50312 0.49688 0.00203889 0.00203889
0.50314 0.49686 0.00206562 0.00206562
0.50251 0.49749 0.0020993 0.0020993
0.50254 0.49746 0.00206718 0.00206718
0.50254 0.49746 0.00203954 0.00203954
0.50228 0.49772 0.00204192 0.00204192
0.50273 0.49727 0.00200836 0.00200836
0.50269 0.49731 0.00204676 0.00204676
0.50285 0.49715 0.0020274 0.0020274
0.50294 0.49706 0.00201604 0.00201604
0.50272 0.49728 0.00200707 0.00200707
0.50291 0.49709 0.00202218 0.00202218
0.50308 0.49692 0.00202436 0.00202436
0.50339 0.49661 0.00201402 0.00201402
0.5036 0.4964 0.00205824 0.00205824
0.50347 0.49653 0.00210567 0.00210567
0.50368 0.49632 0.00209497 0.00209497
0.50356 0.49644 0.00210924 0.00210924
0.5039 0.4961 0.00212942 0.00212942
0.50356 0.49644 0.00211681 0.00211681
0.50319 0.49681 0.00213218 0.00213218
0.50239 0.49761 0.00215903 0.00215903
0.50216 0.49784 0.00219721 0.00219721
0.50237 0.49763 0.00226636 0.00226636
0.50232 0.49768 0.00225986 0.00225986
0.50247 0.49753 0.00228748 0.00228748
0.50291 0.49709 0.00228865 0.00228865
0.50281 0.49719 0.00229478 0.00229478
0.50273 0.49727 0.00229274 0.00229274
0.50271 0.49729 0.00224774 0.00224774
0.50243 0.49757 0.00226069 0.00226069
0.50265 0.49735 0.00224156 0.00224156
0.5025 0.4975 0.00222985 0.00222985
0.50234 0.49766 0.0022557 0.0022557
0.50198 0.49802 0.00221519 0.00221519
0.50162 0.49838 0.00223313 0.00223313
0.50197 0.49803 0.00232227 0.00232227
0.50219 0.49781 0.0023503 0.0023503
0.50244 0.49756 0.0023797 0.0023797
0.50233 0.49767 0.00242705 0.00242705
0.50232 0.49768 0.00244967 0.00244967
0.50253 0.49747 0.00245049 0.00245049
0.50223 0.49777 0.00245412 0.00245412
0.50224 0.49776 0.00244501 0.00244501
0.50193 0.49807 0.00243584 0.00243584
0.5021 0.4979 0.00244241 0.00244241
0.50244 0.49756 0.00245029 0.00245029
0.50269 0.49731 0.00245284 0.00245284
0.50242 0.49758 0.00245447 0.00245447
0.50237 0.49763 0.00248413 0.00248413
0.50258 0.49742 0.00246546 0.00246546
0.50219 0.49781 0.0024607 0.0024607
0.50242 0.49758 0.00240235 0.00240235
0.50296 0.49704 0.00240321 0.00240321
