0.50034 0.49966 1.1863e-05 1.1863e-05
0.5005 0.4995 1.99899e-05 1.99899e-05
0.50026 0.49974 3.65176e-05 3.65176e-05
0.50021 0.49979 5.59858e-05 5.59858e-05
0.49999 0.50001 7.65757e-05 7.65757e-05
0.50057 0.49943 0.000100187 0.000100187
0.50045 0.49955 0.000120614 0.000120614
0.50021 0.49979 0.00013342 0.00013342
0.49975 0.50025 0.00015122 0.00015122
0.4996 0.5004 0.000166949 0.000166949
0.49962 0.50038 0.000189268 0.000189268
0.49933 0.50067 0.000206466 0.000206466
0.49891 0.50109 0.000221174 0.000221174
0.49865 0.50135 0.000246997 0.000246997
0.49891 0.50109 0.000257052 0.000257052
0.49827 0.50173 0.000272017 0.000272017
0.4985 0.5015 0.000287747 0.000287747
0.49839 0.50161 0.000278159 0.000278159
0.49856 0.50144 0.000295198 0.000295198
0.49834 0.50166 0.000309419 0.000309419
0.49815 0.50185 0.000321462 0.000321462
0.49822 0.50178 0.000332719 0.000332719
0.49773 0.50227 0.000352058 0.000352058
0.49786 0.50214 0.00036495 0.00036495
0.49798 0.50202 0.000360808 0.000360808
0.49854 0.50146 0.000360433 0.000360433
0.4986 0.5014 0.000382222 0.000382222
0.49896 0.50104 0.000408402 0.000408402
0.49906 0.50094 0.000416643 0.000416643
0.49941 0.50059 0.000430386 0.000430386
0.49903 0.50097 0.000444979 0.000444979
0.49965 0.50035 0.000458856 0.000458856
0.49965 0.50035 0.000471624 0.000471624
0.49969 0.50031 0.000472984 0.000472984
0.49956 0.50044 0.000485259 0.000485259
0.49982 0.50018 0.00051225 0.00051225
0.49948 0.50052 0.000545101 0.000545101
0.49979 0.50021 0.000539117 0.000539117
0.49991 0.50009 0.000548911 0.000548911
0.50026 0.49974 0.000556194 0.000556194
0.50047 0.49953 0.000549302 0.000549302
0.50069 0.49931 0.000554277 0.000554277
0.50073 0.49927 0.000576906 0.000576906
0.50038 0.49962 0.000575895 0.000575895
0.50083 0.49917 0.000570244 0.000570244
0.50065 0.49935 0.00057926 0.00057926
0.50095 0.49905 0.000615058 0.000615058
0.50037 0.49963 0.000629993 0.000629993
0.49999 0.50001 0.000657586 0.000657586
0.49958 0.50042 0.000653781 0.000653781
0.49955 0.50045 0.000656917 0.000656917
0.49986 0.50014 0.000667253 0.000667253
0.49942 0.50058 0.000661983 0.000661983
0.4994 0.5006 0.000679273 0.000679273
0.49974 0.50026 0.000693831 0.000693831
0.4994 0.5006 0.000708626 0.000708626
0.49974 0.50026 0.000732497 0.000732497
0.49945 0.50055 0.000696634 0.000696634
0.49897 0.50103 0.0006971 0.0006971
0.49888 0.50112 0.000714874 0.000714874
0.49897 0.50103 0.000740757 0.000740757
0.49852 0.50148 0.000712818 0.000712818
0.49878 0.50122 0.000732739 0.000732739
0.49844 0.50156 0.000737845 0.000737845
0.49825 0.50175 0.000764634 0.000764634
0.49777 0.50223 0.000734765 0.000734765
0.49773 0.50227 0.000742886 0.000742886
0.49786 0.50214 0.000732526 0.000732526
0.49776 0.50224 0.000740063 0.000740063
0.49735 0.50265 0.000760674 0.000760674
0.49749 0.50251 0.000758192 0.000758192
0.49743 0.50257 0.000768066 0.000768066
0.49766 0.50234 0.00080952 0.00080952
0.4975 0.5025 0.000797747 0.000797747
0.49754 0.50246 0.000824029 0.000824029
0.49767 0.50233 0.000815819 0.000815819
0.49786 0.50214 0.000835354 0.000835354
0.49811 0.50189 0.000863957 0.000863957
0.49858 0.50142 0.000875559 0.000875559
0.49877 0.50123 0.00087828 0.00087828
0.49913 0.50087 0.000871185 0.000871185
0.49923 0.50077 0.000884967 0.000884967
0.49928 0.50072 0.000894992 0.000894992
0.49904 0.50096 0.000863372 0.000863372
0.49884 0.50116 0.000856116 0.000856116
0.49881 0.50119 0.00087359 0.00087359
0.49885 0.50115 0.000906735 0.000906735
0.49902 0.50098 0.00087701 0.00087701
0.49926 0.50074 0.000898336 0.000898336
0.49979 0.50021 0.000902693 0.000902693
0.49953 0.50047 0.00090007 0.00090007
0.49999 0.50001 0.000936131 0.000936131
0.50043 0.49957 0.000916288 0.000916288
0.49971 0.50029 0.000912147 0.000912147
0.5 0.5 0.000932384 0.000932384
0.50011 0.49989 0.000979351 0.000979351
0.49965 0.50035 0.000982028 0.000982028
0.49979 0.50021 0.00100126 0.00100126
0.49958 0.50042 0.00102592 0.00102592
0.49926 0.50074 0.00100373 0.00100373
0.49948 0.50052 0.000988434 0.000988434
0.49929 0.50071 0.0010059 0.0010059
0.49895 0.50105 0.000990412 0.000990412
0.49933 0.50067 0.00101459 0.00101459
0.49948 0.50052 0.00100395 0.00100395
0.49927 0.50073 0.00101345 0.00101345
0.49897 0.50103 0.00100306 0.00100306
0.49955 0.50045 0.00101665 0.00101665
0.49909 0.50091 0.000986022 0.000986022
0.49903 0.50097 0.00101025 0.00101025
0.49936 0.50064 0.00100615 0.00100615
0.49964 0.50036 0.00100005 0.00100005
0.50039 0.49961 0.00100436 0.00100436
0.50051 0.49949 0.00102086 0.00102086
0.50089 0.49911 0.00103757 0.00103757
0.50087 0.49913 0.0010444 0.0010444
0.50101 0.49899 0.00104928 0.00104928
0.5009 0.4991 0.00104817 0.00104817
0.50073 0.49927 0.00105939 0.00105939
0.50057 0.49943 0.00106526 0.00106526
0.50045 0.49955 0.00107508 0.00107508
0.50029 0.49971 0.00108106 0.00108106
0.50012 0.49988 0.00106621 0.00106621
0.50069 0.49931 0.00109371 0.00109371
0.5002 0.4998 0.00110495 0.00110495
0.50001 0.49999 0.00108454 0.00108454
0.49984 0.50016 0.00106205 0.00106205
0.49965 0.50035 0.00105338 0.00105338
0.49949 0.50051 0.00105815 0.00105815
0.49944 0.50056 0.00107873 0.00107873
0.49925 0.50075 0.0010713 0.0010713
0.49917 0.50083 0.001082 0.001082
0.49889 0.50111 0.00109232 0.00109232
0.49898 0.50102 0.00109883 0.00109883
0.49931 0.50069 0.00109504 0.00109504
0.4988 0.5012 0.00110095 0.00110095
0.49896 0.50104 0.00110277 0.00110277
0.49919 0.50081 0.00109438 0.00109438
0.49884 0.50116 0.0011262 0.0011262
0.49901 0.50099 0.00116037 0.00116037
0.49891 0.50109 0.00118527 0.00118527
0.49904 0.50096 0.00119735 0.00119735
0.49935 0.50065 0.00119243 0.00119243
0.49957 0.50043 0.00118938 0.00118938
0.49934 0.50066 0.00120364 0.00120364
0.49933 0.50067 0.00123774 0.00123774
0.49915 0.50085 0.00124342 0.00124342
0.49967 0.50033 0.0012781 0.0012781
0.50031 0.49969 0.00127791 0.00127791
0.50016 0.49984 0.00123935 0.00123935
0.49984 0.50016 0.00127424 0.00127424
0.50013 0.49987 0.00127082 0.00127082
0.50024 0.49976 0.00126362 0.00126362
0.50062 0.49938 0.00126311 0.00126311
0.50039 0.49961 0.00125824 0.00125824
0.50042 0.49958 0.00127362 0.00127362
0.50007 0.49993 0.00126752 0.00126752
0.49985 0.50015 0.00128377 0.00128377
0.49967 0.50033 0.00127572 0.00127572
0.49975 0.50025 0.00128372 0.00128372
0.49998 0.50002 0.00129814 0.00129814
0.49972 0.50028 0.00128168 0.00128168
0.49953 0.50047 0.0013131 0.0013131
0.49999 0.50001 0.00138573 0.00138573
0.50037 0.49963 0.00139791 0.00139791
0.50059 0.49941 0.00140386 0.00140386
0.50054 0.49946 0.00136342 0.00136342
0.50056 0.49944 0.00135835 0.00135835
0.50032 0.49968 0.00134971 0.00134971
0.50049 0.49951 0.00134532 0.00134532
0.50025 0.49975 0.00136174 0.00136174
0.50005 0.49995 0.00139708 0.00139708
0.5001 0.4999 0.0014066 0.0014066
0.50004 0.49996 0.0014239 0.0014239
0.50048 0.49952 0.00141112 0.00141112
0.50029 0.49971 0.00139479 0.00139479
0.50008 0.49992 0.00137765 0.00137765
0.49988 0.50012 0.0014072 0.0014072
0.49984 0.50016 0.00143618 0.00143618
0.49985 0.50015 0.00143336 0.00143336
0.50001 0.49999 0.00143936 0.00143936
0.50019 0.49981 0.00144826 0.00144826
0.50044 0.49956 0.0014274 0.0014274
0.50083 0.49917 0.00142443 0.00142443
0.50071 0.49929 0.00144588 0.00144588
0.49986 0.50014 0.00142012 0.00142012
0.50049 0.49951 0.00145082 0.00145082
0.50072 0.49928 0.00147711 0.00147711
0.50034 0.49966 0.00148344 0.00148344
0.5002 0.4998 0.00147491 0.00147491
0.5002 0.4998 0.00147925 0.00147925
0.50049 0.49951 0.00146338 0.00146338
0.50039 0.49961 0.00147917 0.00147917
0.50041 0.49959 0.00152109 0.00152109
0.50027 0.49973 0.00150115 0.00150115
0.49994 0.50006 0.00149365 0.00149365
0.49955 0.50045 0.00151799 0.00151799
0.49974 0.50026 0.00151296 0.00151296
0.50062 0.49938 0.00154325 0.00154325
0.50049 0.49951 0.00154912 0.00154912
0.5005 0.4995 0.00153985 0.00153985
0.50028 0.49972 0.00154978 0.00154978
0.49969 0.50031 0.00151244 0.00151244
0.49995 0.50005 0.00151556 0.00151556
0.49957 0.50043 0.0015195 0.0015195
0.49893 0.50107 0.00156756 0.00156756
0.49864 0.50136 0.00158563 0.00158563
0.49866 0.50134 0.0015856 0.0015856
0.49889 0.50111 0.00157951 0.00157951
0.49913 0.50087 0.00156096 0.00156096
0.49921 0.50079 0.00159841 0.00159841
0.49883 0.50117 0.0015761 0.0015761
0.49902 0.50098 0.00154711 0.00154711
0.49874 0.50126 0.00151825 0.00151825
0.49934 0.50066 0.00153588 0.00153588
0.49916 0.50084 0.00156551 0.00156551
0.49905 0.50095 0.00160486 0.00160486
0.49901 0.50099 0.00163017 0.00163017
0.49864 0.50136 0.00161359 0.00161359
0.49877 0.50123 0.00160733 0.00160733
0.49871 0.50129 0.00162978 0.00162978
0.49869 0.50131 0.00159737 0.00159737
0.49876 0.50124 0.0016296 0.0016296
0.49811 0.50189 0.00162923 0.00162923
0.4988 0.5012 0.00163574 0.00163574
0.49931 0.50069 0.00163278 0.00163278
0.4993 0.5007 0.00167682 0.00167682
0.49948 0.50052 0.00169082 0.00169082
0.49954 0.50046 0.00163334 0.00163334
0.49956 0.50044 0.00166261 0.00166261
0.49922 0.50078 0.00163557 0.00163557
0.49883 0.50117 0.00165463 0.00165463
0.49888 0.50112 0.00166003 0.00166003
0.49942 0.50058 0.00165457 0.00165457
0.49956 0.50044 0.00165692 0.00165692
0.50004 0.49996 0.00165182 0.00165182
0.50024 0.49976 0.00166901 0.00166901
0.49997 0.50003 0.0016609 0.0016609
0.49975 0.50025 0.0016729 0.0016729
0.49998 0.50002 0.00160596 0.00160596
0.50006 0.49994 0.00156416 0.00156416
0.50021 0.49979 0.00155944 0.00155944
0.50052 0.49948 0.00157649 0.00157649
0.50017 0.49983 0.00157283 0.00157283
0.49985 0.50015 0.00162193 0.00162193
0.50003 0.49997 0.0016214 0.0016214
0.4999 0.5001 0.00163876 0.00163876
0.49975 0.50025 0.001677 0.001677
0.50019 0.49981 0.00169169 0.00169169
0.49991 0.50009 0.00172045 0.00172045
0.49964 0.50036 0.0017354 0.0017354
0.49978 0.50022 0.00173276 0.00173276
0.49963 0.50037 0.00170563 0.00170563
0.49913 0.50087 0.00169345 0.00169345
0.49948 0.50052 0.0017013 0.0017013
0.49862 0.50138 0.00170624 0.00170624
0.498 0.502 0.00168873 0.00168873
0.49772 0.50228 0.00167261 0.00167261
0.49767 0.50233 0.00169517 0.00169517
0.49796 0.50204 0.0017177 0.0017177
0.49796 0.50204 0.00172307 0.00172307
0.49851 0.50149 0.00179617 0.00179617
0.49815 0.50185 0.00179427 0.00179427
0.49861 0.50139 0.00180369 0.00180369
0.49851 0.50149 0.00182975 0.00182975
0.49876 0.50124 0.00191984 0.00191984
0.49844 0.50156 0.00193144 0.00193144
0.49898 0.50102 0.0019578 0.0019578
0.49845 0.50155 0.00199619 0.00199619
0.4982 0.5018 0.00204364 0.00204364
0.49765 0.50235 0.00202005 0.00202005
0.49748 0.50252 0.00205361 0.00205361
0.49805 0.50195 0.0020611 0.0020611
0.49789 0.50211 0.00205998 0.00205998
0.49767 0.50233 0.00207443 0.00207443
0.49794 0.50206 0.00210034 0.00210034
0.49834 0.50166 0.00208059 0.00208059
0.49819 0.50181 0.00209799 0.00209799
0.49816 0.50184 0.0021182 0.0021182
0.49784 0.50216 0.00210319 0.00210319
0.498 0.502 0.00212586 0.00212586
0.49738 0.50262 0.00213179 0.00213179
0.49689 0.50311 0.00214666 0.00214666
0.49699 0.50301 0.0021908 0.0021908
0.49711 0.50289 0.00218709 0.00218709
0.49723 0.50277 0.00221925 0.00221925
0.49743 0.50257 0.00223297 0.00223297
0.49777 0.50223 0.00225634 0.00225634
0.49784 0.50216 0.00228167 0.00228167
0.49763 0.50237 0.00228585 0.00228585
0.49799 0.50201 0.00234074 0.00234074
0.49803 0.50197 0.00233811 0.00233811
0.49775 0.50225 0.00238696 0.00238696
0.49744 0.50256 0.00241611 0.00241611
0.49782 0.50218 0.00242532 0.00242532
0.49737 0.50263 0.00245834 0.00245834
0.49705 0.50295 0.00246225 0.00246225
0.4971 0.5029 0.00248963 0.00248963
0.4971 0.5029 0.00250829 0.00250829
0.49674 0.50326 0.00249274 0.00249274
0.49635 0.50365 0.00249059 0.00249059
0.49692 0.50308 0.00250302 0.00250302
0.49728 0.50272 0.00247307 0.00247307
0.49712 0.50288 0.00250867 0.00250867
0.49755 0.50245 0.00247556 0.00247556
0.49789 0.50211 0.00245511 0.00245511
0.49796 0.50204 0.00245271 0.00245271
0.498 0.502 0.00247842 0.00247842
0.49818 0.50182 0.00245706 0.00245706
0.49787 0.50213 0.00243452 0.00243452
0.49806 0.50194 0.00242648 0.00242648
0.49778 0.50222 0.00243541 0.00243541
0.49705 0.50295 0.00244871 0.00244871
0.49699 0.50301 0.00245548 0.00245548
0.49714 0.50286 0.00250972 0.00250972
0.49711 0.50289 0.00251648 0.00251648
0.49741 0.50259 0.00252368 0.00252368
0.49734 0.50266 0.00252083 0.00252083
0.49723 0.50277 0.00249507 0.00249507
0.49756 0.50244 0.00248845 0.00248845
0.49787 0.50213 0.00242985 0.00242985
0.49732 0.50268 0.00242345 0.00242345
0.497 0.503 0.00243259 0.00243259
0.49713 0.50287 0.00240569 0.00240569
0.49703 0.50297 0.00239173 0.00239173
0.49719 0.50281 0.00237789 0.00237789
0.49768 0.50232 0.00236717 0.00236717
0.49782 0.50218 0.00236673 0.00236673
0.49743 0.50257 0.0023655 0.0023655
0.4968 0.5032 0.00236467 0.00236467
0.4972 0.5028 0.00237988 0.00237988
0.49673 0.50327 0.00235133 0.00235133
0.49691 0.50309 0.00236176 0.00236176
0.49724 0.50276 0.00238824 0.00238824
0.49674 0.50326 0.00244195 0.00244195
0.49679 0.50321 0.00244069 0.00244069
0.49671 0.50329 0.00244758 0.00244758
0.49684 0.50316 0.00241131 0.00241131
0.49714 0.50286 0.00242855 0.00242855
0.49718 0.50282 0.00241522 0.00241522
0.49717 0.50283 0.0024942 0.0024942
0.49731 0.50269 0.00250896 0.00250896
0.49744 0.50256 0.00251522 0.00251522
0.498 0.502 0.00252143 0.00252143
0.498 0.502 0.00249677 0.00249677
0.49799 0.50201 0.00246795 0.00246795
0.49816 0.50184 0.00248892 0.00248892
0.498 0.502 0.00247638 0.00247638
0.49811 0.50189 0.00250644 0.00250644
0.49828 0.50172 0.00251598 0.00251598
0.49813 0.50187 0.00247521 0.00247521
0.49818 0.50182 0.00249023 0.00249023
0.4981 0.5019 0.00250167 0.00250167
0.49767 0.50233 0.00249529 0.00249529
0.49731 0.50269 0.00251733 0.00251733
0.49722 0.50278 0.00253102 0.00253102
0.49717 0.50283 0.00254838 0.00254838
0.49695 0.50305 0.00254189 0.00254189
0.49737 0.50263 0.00253011 0.00253011
0.49718 0.50282 0.00250736 0.00250736
0.49775 0.50225 0.0025152 0.0025152
0.49779 0.50221 0.00249156 0.00249156
0.4975 0.5025 0.00248791 0.00248791
0.4974 0.5026 0.00250453 0.00250453
0.49763 0.50237 0.00255555 0.00255555
0.49772 0.50228 0.00255172 0.00255172
0.49778 0.50222 0.00253411 0.00253411
0.49752 0.50248 0.00254783 0.00254783
0.49798 0.50202 0.00252362 0.00252362
0.49803 0.50197 0.00253025 0.00253025
0.49813 0.50187 0.00253088 0.00253088
0.49854 0.50146 0.00252362 0.00252362
0.49874 0.50126 0.00248587 0.00248587
0.49836 0.50164 0.00247181 0.00247181
0.49862 0.50138 0.00247385 0.00247385
0.49861 0.50139 0.00242539 0.00242539
0.49833 0.50167 0.00242806 0.00242806
0.49824 0.50176 0.00239885 0.00239885
0.49878 0.50122 0.00237219 0.00237219
0.49889 0.50111 0.00238349 0.00238349
0.4991 0.5009 0.00236797 0.00236797
0.49914 0.50086 0.00233972 0.00233972
0.49911 0.50089 0.00236117 0.00236117
0.49938 0.50062 0.00243668 0.00243668
0.49935 0.50065 0.00241219 0.00241219
0.49865 0.50135 0.00238336 0.00238336
0.49889 0.50111 0.00240604 0.00240604
0.49909 0.50091 0.00239899 0.00239899
0.49964 0.50036 0.00235185 0.00235185
0.50001 0.49999 0.00235488 0.00235488
0.49998 0.50002 0.00239067 0.00239067
0.49935 0.50065 0.00234819 0.00234819
0.49911 0.50089 0.00240034 0.00240034
0.49912 0.50088 0.00242293 0.00242293
0.49975 0.50025 0.00245247 0.00245247
0.4991 0.5009 0.00248904 0.00248904
0.4987 0.5013 0.00250031 0.00250031
0.49918 0.50082 0.00248865 0.00248865
0.49873 0.50127 0.00244321 0.00244321
0.49894 0.50106 0.00243236 0.00243236
0.49899 0.50101 0.00244387 0.00244387
0.49887 0.50113 0.00244175 0.00244175
0.4986 0.5014 0.00245428 0.00245428
0.49902 0.50098 0.00242798 0.00242798
0.4991 0.5009 0.00243751 0.00243751
0.49897 0.50103 0.00247843 0.00247843
0.49926 0.50074 0.00244674 0.00244674
0.49944 0.50056 0.00249114 0.00249114
0.4995 0.5005 0.00252282 0.00252282
0.50006 0.49994 0.002544 0.002544
0.50042 0.49958 0.00251465 0.00251465
0.50056 0.49944 0.00250229 0.00250229
0.50053 0.49947 0.00251542 0.00251542
0.50017 0.49983 0.00254677 0.00254677
0.49979 0.50021 0.00252239 0.00252239
0.49971 0.50029 0.00256768 0.00256768
0.5001 0.4999 0.00263031 0.00263031
0.50001 0.49999 0.00263886 0.00263886
0.50019 0.49981 0.00265264 0.00265264
0.50053 0.49947 0.00266411 0.00266411
0.50017 0.49983 0.00268937 0.00268937
0.50042 0.49958 0.00272239 0.00272239
0.50052 0.49948 0.00271946 0.00271946
0.50047 0.49953 0.00273395 0.00273395
0.50072 0.49928 0.00272826 0.00272826
0.50058 0.49942 0.00272518 0.00272518
0.50138 0.49862 0.00278565 0.00278565
0.5012 0.4988 0.00276224 0.00276224
0.50171 0.49829 0.00277776 0.00277776
0.50139 0.49861 0.00279283 0.00279283
0.50156 0.49844 0.00278736 0.00278736
0.50177 0.49823 0.00282476 0.00282476
0.5018 0.4982 0.00283222 0.00283222
0.50168 0.49832 0.00282749 0.00282749
0.50145 0.49855 0.00281706 0.00281706
0.50174 0.49826 0.00283203 0.00283203
0.50164 0.49836 0.00284338 0.00284338
0.50154 0.49846 0.00287841 0.00287841
0.50148 0.49852 0.0028687 0.0028687
0.50179 0.49821 0.00286514 0.00286514
0.50145 0.49855 0.00289932 0.00289932
0.50115 0.49885 0.0028974 0.0028974
0.50117 0.49883 0.00288032 0.00288032
0.50063 0.49937 0.00288516 0.00288516
0.50018 0.49982 0.00291199 0.00291199
0.49997 0.50003 0.00295593 0.00295593
0.5002 0.4998 0.00295947 0.00295947
0.50072 0.49928 0.00295812 0.00295812
0.50041 0.49959 0.00303188 0.00303188
0.50056 0.49944 0.00304817 0.00304817
0.50021 0.49979 0.00300077 0.00300077
0.50058 0.49942 0.00297554 0.00297554
0.50056 0.49944 0.00296294 0.00296294
0.50012 0.49988 0.00296689 0.00296689
0.50019 0.49981 0.00298262 0.00298262
0.50023 0.49977 0.00299988 0.00299988
0.4999 0.5001 0.00299171 0.00299171
0.4997 0.5003 0.00299785 0.00299785
0.50013 0.49987 0.00295836 0.00295836
0.49989 0.50011 0.00297691 0.00297691
0.50011 0.49989 0.00298228 0.00298228
0.49979 0.50021 0.0029979 0.0029979
0.49978 0.50022 0.00302735 0.00302735
0.49971 0.50029 0.00303211 0.00303211
0.49923 0.50077 0.00301169 0.00301169
0.49886 0.50114 0.00298745 0.00298745
0.49888 0.50112 0.0030119 0.0030119
0.4987 0.5013 0.00302274 0.00302274
0.49867 0.50133 0.00302075 0.00302075
0.49891 0.50109 0.00305253 0.00305253
0.49883 0.50117 0.0030698 0.0030698
0.49908 0.50092 0.00303248 0.00303248
0.49941 0.50059 0.00304402 0.00304402
0.49954 0.50046 0.00310261 0.00310261
0.49998 0.50002 0.00314099 0.00314099
0.50001 0.49999 0.00313375 0.00313375
0.50063 0.49937 0.0031246 0.0031246
0.50093 0.49907 0.00311647 0.00311647
0.50081 0.49919 0.0031346 0.0031346
0.50102 0.49898 0.00319871 0.00319871
0.50122 0.49878 0.00317074 0.00317074
0.50114 0.49886 0.00315061 0.00315061
0.50095 0.49905 0.00310892 0.00310892
0.50062 0.49938 0.00307414 0.00307414
0.50109 0.49891 0.00308784 0.00308784
0.50134 0.49866 0.00314225 0.00314225
0.50113 0.49887 0.00315349 0.00315349
0.50125 0.49875 0.00316785 0.00316785
0.50127 0.49873 0.00318022 0.00318022
0.50159 0.49841 0.0031698 0.0031698
0.50106 0.49894 0.00314295 0.00314295
0.50099 0.49901 0.00310643 0.00310643
0.50116 0.49884 0.00304399 0.00304399
0.50106 0.49894 0.0030447 0.0030447
0.50099 0.49901 0.00306641 0.00306641
0.50105 0.49895 0.00307871 0.00307871
0.50113 0.49887 0.00304773 0.00304773
0.5009 0.4991 0.00309688 0.00309688
0.50121 0.49879 0.00310948 0.00310948
0.50141 0.49859 0.0030935 0.0030935
