0.50083 0.49917 1.19809e-05 1.19809e-05
0.501 0.499 2.53535e-05 2.53535e-05
0.50098 0.49902 2.96966e-05 2.96966e-05
0.50124 0.49876 3.26893e-05 3.26893e-05
0.5011 0.4989 3.84949e-05 3.84949e-05
0.50113 0.49887 4.05183e-05 4.05183e-05
0.501 0.499 4.12929e-05 4.12929e-05
0.50089 0.49911 4.51696e-05 4.51696e-05
0.50086 0.49914 4.69095e-05 4.69095e-05
0.50097 0.49903 5.24738e-05 5.24738e-05
0.50109 0.49891 5.39009e-05 5.39009e-05
0.50109 0.49891 5.40827e-05 5.40827e-05
0.50109 0.49891 5.5113e-05 5.5113e-05
0.50112 0.49888 5.46925e-05 5.46925e-05
0.50112 0.49888 5.41673e-05 5.41673e-05
0.50109 0.49891 5.4507e-05 5.4507e-05
0.50109 0.49891 5.44464e-05 5.44464e-05
0.50109 0.49891 5.44464e-05 5.44464e-05
0.5011 0.4989 5.50808e-05 5.50808e-05
0.50111 0.49889 5.52706e-05 5.52706e-05
0.5011 0.4989 5.60101e-05 5.60101e-05
0.50111 0.49889 5.60383e-05 5.60383e-05
0.50113 0.49887 5.62557e-05 5.62557e-05
0.5011 0.4989 5.62525e-05 5.62525e-05
0.50112 0.49888 5.64703e-05 5.64703e-05
0.50111 0.49889 5.59979e-05 5.59979e-05
0.50112 0.49888 5.57228e-05 5.57228e-05
0.50113 0.49887 5.59728e-05 5.59728e-05
0.50112 0.49888 5.60057e-05 5.60057e-05
0.50112 0.49888 5.60057e-05 5.60057e-05
0.50112 0.49888 5.60057e-05 5.60057e-05
0.50113 0.49887 5.59728e-05 5.59728e-05
0.50113 0.49887 5.59728e-05 5.59728e-05
0.50113 0.49887 5.59728e-05 5.59728e-05
0.50114 0.49886 5.61216e-05 5.61216e-05
0.50114 0.49886 5.61216e-05 5.61216e-05
0.50116 0.49884 5.67216e-05 5.67216e-05
0.50116 0.49884 5.67216e-05 5.67216e-05
0.50116 0.49884 5.67216e-05 5.67216e-05
0.50116 0.49884 5.67216e-05 5.67216e-05
0.50116 0.49884 5.67216e-05 5.67216e-05
0.50116 0.49884 5.67216e-05 5.67216e-05
0.50116 0.49884 5.67216e-05 5.67216e-05
0.50116 0.49884 5.67216e-05 5.67216e-05
0.50116 0.49884 5.67216e-05 5.67216e-05
0.50116 0.49884 5.67216e-05 5.67216e-05
0.50116 0.49884 5.67216e-05 5.67216e-05
0.50117 0.49883 5.64658e-05 5.64658e-05
0.50117 0.49883 5.64658e-05 5.64658e-05
0.50117 0.49883 5.64658e-05 5.64658e-05
0.50117 0.49883 5.64658e-05 5.64658e-05
0.50117 0.49883 5.64658e-05 5.64658e-05
0.50117 0.49883 5.64658e-05 5.64658e-05
0.50118 0.49882 5.62299e-05 5.62299e-05
0.50118 0.49882 5.62299e-05 5.62299e-05
0.50118 0.49882 5.62299e-05 5.62299e-05
0.50118 0.49882 5.62299e-05 5.62299e-05
0.50118 0.49882 5.62299e-05 5.62299e-05
0.50118 0.49882 5.62299e-05 5.62299e-05
0.50118 0.49882 5.62299e-05 5.62299e-05
0.50118 0.49882 5.62299e-05 5.62299e-05
0.50118 0.49882 5.62299e-05 5.62299e-05
0.50118 0.49882 5.62299e-05 5.62299e-05
0.50118 0.49882 5.62299e-05 5.62299e-05
0.50118 0.49882 5.62299e-05 5.62299e-05
0.50118 0.49882 5.62299e-05 5.62299e-05
0.50118 0.49882 5.62299e-05 5.62299e-05
0.50118 0.49882 5.62299e-05 5.62299e-05
0.50118 0.49882 5.62299e-05 5.62299e-05
0.50118 0.49882 5.62299e-05 5.62299e-05
0.50118 0.49882 5.62299e-05 5.62299e-05
0.50118 0.49882 5.62299e-05 5.62299e-05
0.50118 0.49882 5.62299e-05 5.62299e-05
0.50118 0.49882 5.62299e-05 5.62299e-05
0.50118 0.49882 5.62299e-05 5.62299e-05
0.50118 0.49882 5.62299e-05 5.62299e-05
0.50118 0.49882 5.62299e-05 5.62299e-05
0.50118 0.49882 5.62299e-05 5.62299e-05
0.50118 0.49882 5.62299e-05 5.62299e-05
0.50118 0.49882 5.62299e-05 5.62299e-05
0.50118 0.49882 5.62299e-05 5.62299e-05
0.50118 0.49882 5.62299e-05 5.62299e-05
0.50118 0.49882 5.62299e-05 5.62299e-05
0.50118 0.49882 5.62299e-05 5.62299e-05
0.50118 0.49882 5.62299e-05 5.62299e-05
0.50118 0.49882 5.62299e-05 5.62299e-05
0.50118 0.49882 5.62299e-05 5.62299e-05
0.50118 0.49882 5.62299e-05 5.62299e-05
0.50118 0.49882 5.62299e-05 5.62299e-05
0.50118 0.49882 5.62299e-05 5.62299e-05
0.50118 0.49882 5.62299e-05 5.62299e-05
0.50118 0.49882 5.62299e-05 5.62299e-05
0.50118 0.49882 5.62299e-05 5.62299e-05
0.50118 0.49882 5.62299e-05 5.62299e-05
0.50118 0.49882 5.62299e-05 5.62299e-05
0.50118 0.49882 5.62299e-05 5.62299e-05
0.50118 0.49882 5.62299e-05 5.62299e-05
0.50118 0.49882 5.62299e-05 5.62299e-05
0.50118 0.49882 5.62299e-05 5.62299e-05
0.50118 0.49882 5.62299e-05 5.62299e-05
0.50118 0.49882 5.62299e-05 5.62299e-05
0.50118 0.49882 5.62299e-05 5.62299e-05
0.50118 0.49882 5.62299e-05 5.62299e-05
0.50118 0.49882 5.62299e-05 5.62299e-05
0.50118 0.49882 5.62299e-05 5.62299e-05
0.50118 0.49882 5.62299e-05 5.62299e-05
0.50118 0.49882 5.62299e-05 5.62299e-05
0.50118 0.49882 5.62299e-05 5.62299e-05
0.50118 0.49882 5.62299e-05 5.62299e-05
0.50118 0.49882 5.62299e-05 5.62299e-05
0.50118 0.49882 5.62299e-05 5.62299e-05
0.50118 0.49882 5.62299e-05 5.62299e-05
0.50118 0.49882 5.62299e-05 5.62299e-05
0.50118 0.49882 5.62299e-05 5.62299e-05
0.50118 0.49882 5.62299e-05 5.62299e-05
0.50118 0.49882 5.62299e-05 5.62299e-05
0.50118 0.49882 5.62299e-05 5.62299e-05
0.50118 0.49882 5.62299e-05 5.62299e-05
0.50118 0.49882 5.62299e-05 5.62299e-05
0.50118 0.49882 5.62299e-05 5.62299e-05
0.50118 0.49882 5.62299e-05 5.62299e-05
0.50118 0.49882 5.62299e-05 5.62299e-05
0.50118 0.49882 5.62299e-05 5.62299e-05
0.50118 0.49882 5.62299e-05 5.62299e-05
0.50118 0.49882 5.62299e-05 5.62299e-05
0.50118 0.49882 5.62299e-05 5.62299e-05
0.50118 0.49882 5.62299e-05 5.62299e-05
0.50118 0.49882 5.62299e-05 5.62299e-05
0.50118 0.49882 5.62299e-05 5.62299e-05
0.50118 0.49882 5.62299e-05 5.62299e-05
0.50118 0.49882 5.62299e-05 5.62299e-05
0.50118 0.49882 5.62299e-05 5.62299e-05
0.50118 0.49882 5.62299e-05 5.62299e-05
0.50118 0.49882 5.62299e-05 5.62299e-05
0.50118 0.49882 5.62299e-05 5.62299e-05
0.50118 0.49882 5.62299e-05 5.62299e-05
0.50118 0.49882 5.62299e-05 5.62299e-05
0.50118 0.49882 5.62299e-05 5.62299e-05
0.50118 0.49882 5.62299e-05 5.62299e-05
0.50118 0.49882 5.62299e-05 5.62299e-05
0.50118 0.49882 5.62299e-05 5.62299e-05
0.50118 0.49882 5.62299e-05 5.62299e-05
0.50118 0.49882 5.62299e-05 5.62299e-05
0.50118 0.49882 5.62299e-05 5.62299e-05
0.50118 0.49882 5.62299e-05 5.62299e-05
0.50118 0.49882 5.62299e-05 5.62299e-05
0.50118 0.49882 5.62299e-05 5.62299e-05
0.50118 0.49882 5.62299e-05 5.62299e-05
0.50118 0.49882 5.62299e-05 5.62299e-05
0.50118 0.49882 5.62299e-05 5.62299e-05
0.50118 0.49882 5.62299e-05 5.62299e-05
0.50118 0.49882 5.62299e-05 5.62299e-05
0.50118 0.49882 5.62299e-05 5.62299e-05
0.50118 0.49882 5.62299e-05 5.62299e-05
0.50118 0.49882 5.62299e-05 5.62299e-05
0.50118 0.49882 5.62299e-05 5.62299e-05
0.50118 0.49882 5.62299e-05 5.62299e-05
0.50118 0.49882 5.62299e-05 5.62299e-05
0.50118 0.49882 5.62299e-05 5.62299e-05
0.50118 0.49882 5.62299e-05 5.62299e-05
0.50118 0.49882 5.62299e-05 5.62299e-05
0.50118 0.49882 5.62299e-05 5.62299e-05
0.50118 0.49882 5.62299e-05 5.62299e-05
0.50118 0.49882 5.62299e-05 5.62299e-05
0.50118 0.49882 5.62299e-05 5.62299e-05
0.50118 0.49882 5.62299e-05 5.62299e-05
0.50118 0.49882 5.62299e-05 5.62299e-05
0.50118 0.49882 5.62299e-05 5.62299e-05
0.50118 0.49882 5.62299e-05 5.62299e-05
0.50118 0.49882 5.62299e-05 5.62299e-05
0.50118 0.49882 5.62299e-05 5.62299e-05
0.50118 0.49882 5.62299e-05 5.62299e-05
0.50118 0.49882 5.62299e-05 5.62299e-05
0.50118 0.49882 5.62299e-05 5.62299e-05
0.50118 0.49882 5.62299e-05 5.62299e-05
0.50118 0.49882 5.62299e-05 5.62299e-05
0.50118 0.49882 5.62299e-05 5.62299e-05
0.50118 0.49882 5.62299e-05 5.62299e-05
0.50118 0.49882 5.62299e-05 5.62299e-05
0.50118 0.49882 5.62299e-05 5.62299e-05
0.50118 0.49882 5.62299e-05 5.62299e-05
0.50118 0.49882 5.62299e-05 5.62299e-05
0.50118 0.49882 5.62299e-05 5.62299e-05
0.50118 0.49882 5.62299e-05 5.62299e-05
0.50118 0.49882 5.62299e-05 5.62299e-05
0.50118 0.49882 5.62299e-05 5.62299e-05
0.50118 0.49882 5.62299e-05 5.62299e-05
0.50118 0.49882 5.62299e-05 5.62299e-05
0.50118 0.49882 5.62299e-05 5.62299e-05
0.50118 0.49882 5.62299e-05 5.62299e-05
0.50118 0.49882 5.62299e-05 5.62299e-05
0.50118 0.49882 5.62299e-05 5.62299e-05
0.50118 0.49882 5.62299e-05 5.62299e-05
0.50118 0.49882 5.62299e-05 5.62299e-05
0.50118 0.49882 5.62299e-05 5.62299e-05
0.50118 0.49882 5.62299e-05 5.62299e-05
0.50118 0.49882 5.62299e-05 5.62299e-05
0.50118 0.49882 5.62299e-05 5.62299e-05
0.50118 0.49882 5.62299e-05 5.62299e-05
0.50118 0.49882 5.62299e-05 5.62299e-05
0.50118 0.49882 5.62299e-05 5.62299e-05
0.50118 0.49882 5.62299e-05 5.62299e-05
0.50118 0.49882 5.62299e-05 5.62299e-05
0.50118 0.49882 5.62299e-05 5.62299e-05
0.50118 0.49882 5.62299e-05 5.62299e-05
0.50118 0.49882 5.62299e-05 5.62299e-05
0.50118 0.49882 5.62299e-05 5.62299e-05
0.50118 0.49882 5.62299e-05 5.62299e-05
0.50118 0.49882 5.62299e-05 5.62299e-05
0.50118 0.49882 5.62299e-05 5.62299e-05
0.50118 0.49882 5.62299e-05 5.62299e-05
0.50118 0.49882 5.62299e-05 5.62299e-05
0.50118 0.49882 5.62299e-05 5.62299e-05
0.50118 0.49882 5.62299e-05 5.62299e-05
0.50118 0.49882 5.62299e-05 5.62299e-05
0.50118 0.49882 5.62299e-05 5.62299e-05
0.50118 0.49882 5.62299e-05 5.62299e-05
0.50118 0.49882 5.62299e-05 5.62299e-05
0.50118 0.49882 5.62299e-05 5.62299e-05
0.50118 0.49882 5.62299e-05 5.62299e-05
0.50118 0.49882 5.62299e-05 5.62299e-05
0.50118 0.49882 5.62299e-05 5.62299e-05
0.50118 0.49882 5.62299e-05 5.62299e-05
0.50118 0.49882 5.62299e-05 5.62299e-05
0.50118 0.49882 5.62299e-05 5.62299e-05
0.50118 0.49882 5.62299e-05 5.62299e-05
0.50118 0.49882 5.62299e-05 5.62299e-05
0.50118 0.49882 5.62299e-05 5.62299e-05
0.50118 0.49882 5.62299e-05 5.62299e-05
0.50118 0.49882 5.62299e-05 5.62299e-05
0.50118 0.49882 5.62299e-05 5.62299e-05
0.50118 0.49882 5.62299e-05 5.62299e-05
0.50118 0.49882 5.62299e-05 5.62299e-05
0.50118 0.49882 5.62299e-05 5.62299e-05
0.50118 0.49882 5.62299e-05 5.62299e-05
0.50118 0.49882 5.62299e-05 5.62299e-05
0.50118 0.49882 5.62299e-05 5.62299e-05
0.50118 0.49882 5.62299e-05 5.62299e-05
0.50118 0.49882 5.62299e-05 5.62299e-05
0.50118 0.49882 5.62299e-05 5.62299e-05
0.50118 0.49882 5.62299e-05 5.62299e-05
0.50118 0.49882 5.62299e-05 5.62299e-05
0.50118 0.49882 5.62299e-05 5.62299e-05
0.50118 0.49882 5.62299e-05 5.62299e-05
0.50118 0.49882 5.62299e-05 5.62299e-05
0.50118 0.49882 5.62299e-05 5.62299e-05
0.50118 0.49882 5.62299e-05 5.62299e-05
0.50118 0.49882 5.62299e-05 5.62299e-05
0.50118 0.49882 5.62299e-05 5.62299e-05
0.50118 0.49882 5.62299e-05 5.62299e-05
0.50118 0.49882 5.62299e-05 5.62299e-05
0.50118 0.49882 5.62299e-05 5.62299e-05
0.50118 0.49882 5.62299e-05 5.62299e-05
0.50118 0.49882 5.62299e-05 5.62299e-05
0.50118 0.49882 5.62299e-05 5.62299e-05
0.50118 0.49882 5.62299e-05 5.62299e-05
0.50118 0.49882 5.62299e-05 5.62299e-05
0.50118 0.49882 5.62299e-05 5.62299e-05
0.50118 0.49882 5.62299e-05 5.62299e-05
0.50118 0.49882 5.62299e-05 5.62299e-05
0.50118 0.49882 5.62299e-05 5.62299e-05
0.50118 0.49882 5.62299e-05 5.62299e-05
0.50118 0.49882 5.62299e-05 5.62299e-05
0.50118 0.49882 5.62299e-05 5.62299e-05
0.50118 0.49882 5.62299e-05 5.62299e-05
0.50118 0.49882 5.62299e-05 5.62299e-05
0.50118 0.49882 5.62299e-05 5.62299e-05
0.50118 0.49882 5.62299e-05 5.62299e-05
0.50118 0.49882 5.62299e-05 5.62299e-05
0.50118 0.49882 5.62299e-05 5.62299e-05
0.50118 0.49882 5.62299e-05 5.62299e-05
0.50118 0.49882 5.62299e-05 5.62299e-05
0.50118 0.49882 5.62299e-05 5.62299e-05
0.50118 0.49882 5.62299e-05 5.62299e-05
0.50118 0.49882 5.62299e-05 5.62299e-05
0.50118 0.49882 5.62299e-05 5.62299e-05
0.50118 0.49882 5.62299e-05 5.62299e-05
0.50118 0.49882 5.62299e-05 5.62299e-05
0.50118 0.49882 5.62299e-05 5.62299e-05
0.50118 0.49882 5.62299e-05 5.62299e-05
0.50118 0.49882 5.62299e-05 5.62299e-05
0.50118 0.49882 5.62299e-05 5.62299e-05
0.50118 0.49882 5.62299e-05 5.62299e-05
0.50118 0.49882 5.62299e-05 5.62299e-05
0.50118 0.49882 5.62299e-05 5.62299e-05
0.50118 0.49882 5.62299e-05 5.62299e-05
0.50118 0.49882 5.62299e-05 5.62299e-05
0.50118 0.49882 5.62299e-05 5.62299e-05
0.50118 0.49882 5.62299e-05 5.62299e-05
0.50118 0.49882 5.62299e-05 5.62299e-05
0.50118 0.49882 5.62299e-05 5.62299e-05
0.50118 0.49882 5.62299e-05 5.62299e-05
0.50118 0.49882 5.62299e-05 5.62299e-05
0.50118 0.49882 5.62299e-05 5.62299e-05
0.50118 0.49882 5.62299e-05 5.62299e-05
0.50118 0.49882 5.62299e-05 5.62299e-05
0.50118 0.49882 5.62299e-05 5.62299e-05
0.50118 0.49882 5.62299e-05 5.62299e-05
0.50118 0.49882 5.62299e-05 5.62299e-05
0.50118 0.49882 5.62299e-05 5.62299e-05
0.50118 0.49882 5.62299e-05 5.62299e-05
0.50118 0.49882 5.62299e-05 5.62299e-05
0.50118 0.49882 5.62299e-05 5.62299e-05
0.50118 0.49882 5.62299e-05 5.62299e-05
0.50118 0.49882 5.62299e-05 5.62299e-05
0.50118 0.49882 5.62299e-05 5.62299e-05
0.50118 0.49882 5.62299e-05 5.62299e-05
0.50118 0.49882 5.62299e-05 5.62299e-05
0.50118 0.49882 5.62299e-05 5.62299e-05
0.50118 0.49882 5.62299e-05 5.62299e-05
0.50118 0.49882 5.62299e-05 5.62299e-05
0.50118 0.49882 5.62299e-05 5.62299e-05
0.50118 0.49882 5.62299e-05 5.62299e-05
0.50118 0.49882 5.62299e-05 5.62299e-05
0.50118 0.49882 5.62299e-05 5.62299e-05
0.50118 0.49882 5.62299e-05 5.62299e-05
0.50118 0.49882 5.62299e-05 5.62299e-05
0.50118 0.49882 5.62299e-05 5.62299e-05
0.50118 0.49882 5.62299e-05 5.62299e-05
0.50118 0.49882 5.62299e-05 5.62299e-05
0.50118 0.49882 5.62299e-05 5.62299e-05
0.50118 0.49882 5.62299e-05 5.62299e-05
0.50118 0.49882 5.62299e-05 5.62299e-05
0.50118 0.49882 5.62299e-05 5.62299e-05
0.50118 0.49882 5.62299e-05 5.62299e-05
0.50118 0.49882 5.62299e-05 5.62299e-05
0.50118 0.49882 5.62299e-05 5.62299e-05
0.50118 0.49882 5.62299e-05 5.62299e-05
0.50118 0.49882 5.62299e-05 5.62299e-05
0.50118 0.49882 5.62299e-05 5.62299e-05
0.50118 0.49882 5.62299e-05 5.62299e-05
0.50118 0.49882 5.62299e-05 5.62299e-05
0.50118 0.49882 5.62299e-05 5.62299e-05
0.50118 0.49882 5.62299e-05 5.62299e-05
0.50118 0.49882 5.62299e-05 5.62299e-05
0.50118 0.49882 5.62299e-05 5.62299e-05
0.50118 0.49882 5.62299e-05 5.62299e-05
0.50118 0.49882 5.62299e-05 5.62299e-05
0.50118 0.49882 5.62299e-05 5.62299e-05
0.50118 0.49882 5.62299e-05 5.62299e-05
0.50118 0.49882 5.62299e-05 5.62299e-05
0.50118 0.49882 5.62299e-05 5.62299e-05
0.50118 0.49882 5.62299e-05 5.62299e-05
0.50118 0.49882 5.62299e-05 5.62299e-05
0.50118 0.49882 5.62299e-05 5.62299e-05
0.50118 0.49882 5.62299e-05 5.62299e-05
0.50118 0.49882 5.62299e-05 5.62299e-05
0.50118 0.49882 5.62299e-05 5.62299e-05
0.50118 0.49882 5.62299e-05 5.62299e-05
0.50118 0.49882 5.62299e-05 5.62299e-05
0.50118 0.49882 5.62299e-05 5.62299e-05
0.50118 0.49882 5.62299e-05 5.62299e-05
0.50118 0.49882 5.62299e-05 5.62299e-05
0.50118 0.49882 5.62299e-05 5.62299e-05
0.50118 0.49882 5.62299e-05 5.62299e-05
0.50118 0.49882 5.62299e-05 5.62299e-05
0.50118 0.49882 5.62299e-05 5.62299e-05
0.50118 0.49882 5.62299e-05 5.62299e-05
0.50118 0.49882 5.62299e-05 5.62299e-05
0.50118 0.49882 5.62299e-05 5.62299e-05
0.50118 0.49882 5.62299e-05 5.62299e-05
0.50118 0.49882 5.62299e-05 5.62299e-05
0.50118 0.49882 5.62299e-05 5.62299e-05
0.50118 0.49882 5.62299e-05 5.62299e-05
0.50118 0.49882 5.62299e-05 5.62299e-05
0.50118 0.49882 5.62299e-05 5.62299e-05
0.50118 0.49882 5.62299e-05 5.62299e-05
0.50118 0.49882 5.62299e-05 5.62299e-05
0.50118 0.49882 5.62299e-05 5.62299e-05
0.50118 0.49882 5.62299e-05 5.62299e-05
0.50118 0.49882 5.62299e-05 5.62299e-05
0.50118 0.49882 5.62299e-05 5.62299e-05
0.50118 0.49882 5.62299e-05 5.62299e-05
0.50118 0.49882 5.62299e-05 5.62299e-05
0.50118 0.49882 5.62299e-05 5.62299e-05
0.50118 0.49882 5.62299e-05 5.62299e-05
0.50118 0.49882 5.62299e-05 5.62299e-05
0.50118 0.49882 5.62299e-05 5.62299e-05
0.50118 0.49882 5.62299e-05 5.62299e-05
0.50118 0.49882 5.62299e-05 5.62299e-05
0.50118 0.49882 5.62299e-05 5.62299e-05
0.50118 0.49882 5.62299e-05 5.62299e-05
0.50118 0.49882 5.62299e-05 5.62299e-05
0.50118 0.49882 5.62299e-05 5.62299e-05
0.50118 0.49882 5.62299e-05 5.62299e-05
0.50118 0.49882 5.62299e-05 5.62299e-05
0.50118 0.49882 5.62299e-05 5.62299e-05
0.50118 0.49882 5.62299e-05 5.62299e-05
0.50118 0.49882 5.62299e-05 5.62299e-05
0.50118 0.49882 5.62299e-05 5.62299e-05
0.50118 0.49882 5.62299e-05 5.62299e-05
0.50118 0.49882 5.62299e-05 5.62299e-05
0.50118 0.49882 5.62299e-05 5.62299e-05
0.50118 0.49882 5.62299e-05 5.62299e-05
0.50118 0.49882 5.62299e-05 5.62299e-05
0.50118 0.49882 5.62299e-05 5.62299e-05
0.50118 0.49882 5.62299e-05 5.62299e-05
0.50118 0.49882 5.62299e-05 5.62299e-05
0.50118 0.49882 5.62299e-05 5.62299e-05
0.50118 0.49882 5.62299e-05 5.62299e-05
0.50118 0.49882 5.62299e-05 5.62299e-05
0.50118 0.49882 5.62299e-05 5.62299e-05
0.50118 0.49882 5.62299e-05 5.62299e-05
0.50118 0.49882 5.62299e-05 5.62299e-05
0.50118 0.49882 5.62299e-05 5.62299e-05
0.50118 0.49882 5.62299e-05 5.62299e-05
0.50118 0.49882 5.62299e-05 5.62299e-05
0.50118 0.49882 5.62299e-05 5.62299e-05
0.50118 0.49882 5.62299e-05 5.62299e-05
0.50118 0.49882 5.62299e-05 5.62299e-05
0.50118 0.49882 5.62299e-05 5.62299e-05
0.50118 0.49882 5.62299e-05 5.62299e-05
0.50118 0.49882 5.62299e-05 5.62299e-05
0.50118 0.49882 5.62299e-05 5.62299e-05
0.50118 0.49882 5.62299e-05 5.62299e-05
0.50118 0.49882 5.62299e-05 5.62299e-05
0.50118 0.49882 5.62299e-05 5.62299e-05
0.50118 0.49882 5.62299e-05 5.62299e-05
0.50118 0.49882 5.62299e-05 5.62299e-05
0.50118 0.49882 5.62299e-05 5.62299e-05
0.50118 0.49882 5.62299e-05 5.62299e-05
0.50118 0.49882 5.62299e-05 5.62299e-05
0.50118 0.49882 5.62299e-05 5.62299e-05
0.50118 0.49882 5.62299e-05 5.62299e-05
0.50118 0.49882 5.62299e-05 5.62299e-05
0.50118 0.49882 5.62299e-05 5.62299e-05
0.50118 0.49882 5.62299e-05 5.62299e-05
0.50118 0.49882 5.62299e-05 5.62299e-05
0.50118 0.49882 5.62299e-05 5.62299e-05
0.50118 0.49882 5.62299e-05 5.62299e-05
0.50118 0.49882 5.62299e-05 5.62299e-05
0.50118 0.49882 5.62299e-05 5.62299e-05
0.50118 0.49882 5.62299e-05 5.62299e-05
0.50118 0.49882 5.62299e-05 5.62299e-05
0.50118 0.49882 5.62299e-05 5.62299e-05
0.50118 0.49882 5.62299e-05 5.62299e-05
0.50118 0.49882 5.62299e-05 5.62299e-05
0.50118 0.49882 5.62299e-05 5.62299e-05
0.50118 0.49882 5.62299e-05 5.62299e-05
0.50118 0.49882 5.62299e-05 5.62299e-05
0.50118 0.49882 5.62299e-05 5.62299e-05
0.50118 0.49882 5.62299e-05 5.62299e-05
0.50118 0.49882 5.62299e-05 5.62299e-05
0.50118 0.49882 5.62299e-05 5.62299e-05
0.50118 0.49882 5.62299e-05 5.62299e-05
0.50118 0.49882 5.62299e-05 5.62299e-05
0.50118 0.49882 5.62299e-05 5.62299e-05
0.50118 0.49882 5.62299e-05 5.62299e-05
0.50118 0.49882 5.62299e-05 5.62299e-05
0.50118 0.49882 5.62299e-05 5.62299e-05
0.50118 0.49882 5.62299e-05 5.62299e-05
0.50118 0.49882 5.62299e-05 5.62299e-05
0.50118 0.49882 5.62299e-05 5.62299e-05
0.50118 0.49882 5.62299e-05 5.62299e-05
0.50118 0.49882 5.62299e-05 5.62299e-05
0.50118 0.49882 5.62299e-05 5.62299e-05
0.50118 0.49882 5.62299e-05 5.62299e-05
0.50118 0.49882 5.62299e-05 5.62299e-05
0.50118 0.49882 5.62299e-05 5.62299e-05
0.50118 0.49882 5.62299e-05 5.62299e-05
0.50118 0.49882 5.62299e-05 5.62299e-05
0.50118 0.49882 5.62299e-05 5.62299e-05
0.50118 0.49882 5.62299e-05 5.62299e-05
0.50118 0.49882 5.62299e-05 5.62299e-05
0.50118 0.49882 5.62299e-05 5.62299e-05
0.50118 0.49882 5.62299e-05 5.62299e-05
0.50118 0.49882 5.62299e-05 5.62299e-05
0.50118 0.49882 5.62299e-05 5.62299e-05
0.50118 0.49882 5.62299e-05 5.62299e-05
0.50118 0.49882 5.62299e-05 5.62299e-05
0.50118 0.49882 5.62299e-05 5.62299e-05
0.50118 0.49882 5.62299e-05 5.62299e-05
0.50118 0.49882 5.62299e-05 5.62299e-05
0.50118 0.49882 5.62299e-05 5.62299e-05
0.50118 0.49882 5.62299e-05 5.62299e-05
0.50118 0.49882 5.62299e-05 5.62299e-05
0.50118 0.49882 5.62299e-05 5.62299e-05
0.50118 0.49882 5.62299e-05 5.62299e-05
0.50118 0.49882 5.62299e-05 5.62299e-05
0.50118 0.49882 5.62299e-05 5.62299e-05
0.50118 0.49882 5.62299e-05 5.62299e-05
0.50118 0.49882 5.62299e-05 5.62299e-05
0.50118 0.49882 5.62299e-05 5.62299e-05
0.50118 0.49882 5.62299e-05 5.62299e-05
0.50118 0.49882 5.62299e-05 5.62299e-05
0.50118 0.49882 5.62299e-05 5.62299e-05
0.50118 0.49882 5.62299e-05 5.62299e-05
0.50118 0.49882 5.62299e-05 5.62299e-05
0.50118 0.49882 5.62299e-05 5.62299e-05
0.50118 0.49882 5.62299e-05 5.62299e-05
0.50118 0.49882 5.62299e-05 5.62299e-05
0.50118 0.49882 5.62299e-05 5.62299e-05
0.50118 0.49882 5.62299e-05 5.62299e-05
0.50118 0.49882 5.62299e-05 5.62299e-05
0.50118 0.49882 5.62299e-05 5.62299e-05
0.50118 0.49882 5.62299e-05 5.62299e-05
0.50118 0.49882 5.62299e-05 5.62299e-05
0.50118 0.49882 5.62299e-05 5.62299e-05
0.50118 0.49882 5.62299e-05 5.62299e-05
0.50118 0.49882 5.62299e-05 5.62299e-05
