0.19971 0.80029 2.42484e-05 2.42484e-05
0.19985 0.80015 4.33207e-05 4.33207e-05
0.19898 0.80102 6.5737e-05 6.5737e-05
0.19816 0.80184 8.83378e-05 8.83378e-05
0.19847 0.80153 0.00010611 0.00010611
0.19756 0.80244 0.000140269 0.000140269
0.19731 0.80269 0.00013565 0.00013565
0.19773 0.80227 0.000150017 0.000150017
0.1976 0.8024 0.000175515 0.000175515
0.19718 0.80282 0.000198048 0.000198048
0.19757 0.80243 0.000214591 0.000214591
0.19694 0.80306 0.000210885 0.000210885
0.19667 0.80333 0.000227456 0.000227456
0.19681 0.80319 0.000222135 0.000222135
0.19701 0.80299 0.000234919 0.000234919
0.19736 0.80264 0.000242354 0.000242354
0.19742 0.80258 0.00023061 0.00023061
0.19732 0.80268 0.000213392 0.000213392
0.19774 0.80226 0.000215002 0.000215002
0.19726 0.80274 0.000211629 0.000211629
0.19765 0.80235 0.000233422 0.000233422
0.19777 0.80223 0.00021125 0.00021125
0.19763 0.80237 0.000220134 0.000220134
0.19779 0.80221 0.000234046 0.000234046
0.19742 0.80258 0.000236064 0.000236064
0.19732 0.80268 0.000245008 0.000245008
0.19804 0.80196 0.000257736 0.000257736
0.19829 0.80171 0.000257359 0.000257359
0.19833 0.80167 0.0002899 0.0002899
0.19818 0.80182 0.000307705 0.000307705
0.1985 0.8015 0.000296293 0.000296293
0.19826 0.80174 0.000275366 0.000275366
0.19783 0.80217 0.00026887 0.00026887
0.19825 0.80175 0.000301301 0.000301301
0.19782 0.80218 0.000311664 0.000311664
0.1978 0.8022 0.000304646 0.000304646
0.19916 0.80084 0.00032654 0.00032654
0.19913 0.80087 0.000340114 0.000340114
0.19912 0.80088 0.000339218 0.000339218
0.19925 0.80075 0.000315886 0.000315886
0.1985 0.8015 0.000309909 0.000309909
0.19876 0.80124 0.00028774 0.00028774
0.19819 0.80181 0.000304519 0.000304519
0.19757 0.80243 0.000315399 0.000315399
0.19729 0.80271 0.000322309 0.000322309
0.19679 0.80321 0.000304531 0.000304531
0.19657 0.80343 0.000317541 0.000317541
0.19702 0.80298 0.000334464 0.000334464
0.19773 0.80227 0.00030727 0.00030727
0.19649 0.80351 0.000303545 0.000303545
0.1967 0.8033 0.000317465 0.000317465
0.19728 0.80272 0.0003058 0.0003058
0.1975 0.8025 0.000318596 0.000318596
0.19779 0.80221 0.00031742 0.00031742
0.19778 0.80222 0.000321688 0.000321688
0.1982 0.8018 0.000301333 0.000301333
0.19788 0.80212 0.000298632 0.000298632
0.19828 0.80172 0.000316789 0.000316789
0.19807 0.80193 0.000328288 0.000328288
0.19803 0.80197 0.000318999 0.000318999
0.19853 0.80147 0.000321726 0.000321726
0.19956 0.80044 0.000342693 0.000342693
0.19903 0.80097 0.000350151 0.000350151
0.19839 0.80161 0.000322159 0.000322159
0.19887 0.80113 0.000289347 0.000289347
0.19948 0.80052 0.000306091 0.000306091
0.19936 0.80064 0.000279445 0.000279445
0.19948 0.80052 0.000303343 0.000303343
0.19981 0.80019 0.000289751 0.000289751
0.19952 0.80048 0.000297969 0.000297969
0.19989 0.80011 0.000293331 0.000293331
0.19906 0.80094 0.000273208 0.000273208
0.1992 0.8008 0.00029501 0.00029501
0.19873 0.80127 0.000296138 0.000296138
0.19854 0.80146 0.000304716 0.000304716
0.19878 0.80122 0.000278295 0.000278295
0.19876 0.80124 0.000306386 0.000306386
0.19867 0.80133 0.000303617 0.000303617
0.19792 0.80208 0.000310579 0.000310579
0.19854 0.80146 0.000299079 0.000299079
0.1983 0.8017 0.000282111 0.000282111
0.19864 0.80136 0.000293728 0.000293728
0.19876 0.80124 0.000278709 0.000278709
0.19901 0.80099 0.000275162 0.000275162
0.19921 0.80079 0.000284895 0.000284895
0.19903 0.80097 0.000268938 0.000268938
0.19892 0.80108 0.00026462 0.00026462
0.19847 0.80153 0.000274736 0.000274736
0.19825 0.80175 0.000290391 0.000290391
0.19896 0.80104 0.000269635 0.000269635
0.19916 0.80084 0.000297631 0.000297631
0.19917 0.80083 0.000282001 0.000282001
0.19943 0.80057 0.000276652 0.000276652
0.19954 0.80046 0.000308211 0.000308211
0.19864 0.80136 0.000348354 0.000348354
0.19871 0.80129 0.00033443 0.00033443
0.19777 0.80223 0.000313714 0.000313714
0.19723 0.80277 0.000309472 0.000309472
0.19674 0.80326 0.000308982 0.000308982
0.19729 0.80271 0.000315178 0.000315178
0.19727 0.80273 0.000309431 0.000309431
0.19781 0.80219 0.000313852 0.000313852
0.1977 0.8023 0.000311182 0.000311182
0.19777 0.80223 0.00030929 0.00030929
0.19776 0.80224 0.000320568 0.000320568
0.19798 0.80202 0.000344141 0.000344141
0.19878 0.80122 0.00036486 0.00036486
0.19821 0.80179 0.000382269 0.000382269
0.19825 0.80175 0.000334816 0.000334816
0.19844 0.80156 0.000330512 0.000330512
0.19818 0.80182 0.000325301 0.000325301
0.1976 0.8024 0.000308222 0.000308222
0.19708 0.80292 0.000287044 0.000287044
0.19711 0.80289 0.000265836 0.000265836
0.198 0.802 0.000299838 0.000299838
0.19808 0.80192 0.000305893 0.000305893
0.19813 0.80187 0.000308357 0.000308357
0.19895 0.80105 0.000325038 0.000325038
0.19838 0.80162 0.00031244 0.00031244
0.19899 0.80101 0.000301485 0.000301485
0.19925 0.80075 0.000291664 0.000291664
0.1993 0.8007 0.000293505 0.000293505
0.19922 0.80078 0.000309466 0.000309466
0.19924 0.80076 0.000323982 0.000323982
0.19941 0.80059 0.000331093 0.000331093
0.20008 0.79992 0.000323893 0.000323893
0.1995 0.8005 0.000335283 0.000335283
0.19945 0.80055 0.000353199 0.000353199
0.19953 0.80047 0.000345666 0.000345666
0.19976 0.80024 0.000357659 0.000357659
0.19886 0.80114 0.00036194 0.00036194
0.19908 0.80092 0.000357893 0.000357893
0.19867 0.80133 0.000333334 0.000333334
0.19848 0.80152 0.000306272 0.000306272
0.19902 0.80098 0.000325373 0.000325373
0.19871 0.80129 0.000336794 0.000336794
0.19854 0.80146 0.00036819 0.00036819
0.19799 0.80201 0.000375485 0.000375485
0.19752 0.80248 0.000381808 0.000381808
0.19754 0.80246 0.000415463 0.000415463
0.19777 0.80223 0.000407573 0.000407573
0.19819 0.80181 0.000393469 0.000393469
0.19874 0.80126 0.000396073 0.000396073
0.19807 0.80193 0.000374571 0.000374571
0.19813 0.80187 0.000379892 0.000379892
0.19902 0.80098 0.000383151 0.000383151
0.19858 0.80142 0.000393297 0.000393297
0.19816 0.80184 0.000392075 0.000392075
0.19734 0.80266 0.000412893 0.000412893
0.19648 0.80352 0.000426192 0.000426192
0.19628 0.80372 0.000451759 0.000451759
0.19705 0.80295 0.000456573 0.000456573
0.19742 0.80258 0.000439357 0.000439357
0.19783 0.80217 0.000450122 0.000450122
0.19678 0.80322 0.000459082 0.000459082
0.19674 0.80326 0.00044872 0.00044872
0.19714 0.80286 0.000444122 0.000444122
0.19742 0.80258 0.00040665 0.00040665
0.19748 0.80252 0.000410272 0.000410272
0.19796 0.80204 0.000441413 0.000441413
0.19815 0.80185 0.000453402 0.000453402
0.19818 0.80182 0.000435664 0.000435664
0.19809 0.80191 0.000425295 0.000425295
0.19822 0.80178 0.000450032 0.000450032
0.19817 0.80183 0.000434021 0.000434021
0.19791 0.80209 0.000457941 0.000457941
0.19858 0.80142 0.000458913 0.000458913
0.19897 0.80103 0.000483282 0.000483282
0.19922 0.80078 0.000476093 0.000476093
0.19925 0.80075 0.000468492 0.000468492
0.19922 0.80078 0.000484113 0.000484113
0.19867 0.80133 0.000510385 0.000510385
0.19866 0.80134 0.000488954 0.000488954
0.19797 0.80203 0.000492454 0.000492454
0.19754 0.80246 0.000496332 0.000496332
0.19732 0.80268 0.000506604 0.000506604
0.19785 0.80215 0.000504311 0.000504311
0.19791 0.80209 0.000497679 0.000497679
0.197 0.803 0.000521899 0.000521899
0.19669 0.80331 0.00047759 0.00047759
0.19714 0.80286 0.000486122 0.000486122
0.19708 0.80292 0.0005006 0.0005006
0.19564 0.80436 0.000500778 0.000500778
0.19617 0.80383 0.000513738 0.000513738
0.19716 0.80284 0.000534156 0.000534156
0.19747 0.80253 0.000514029 0.000514029
0.19791 0.80209 0.000520224 0.000520224
0.19785 0.80215 0.00048225 0.00048225
0.19748 0.80252 0.000513565 0.000513565
0.19794 0.80206 0.000523835 0.000523835
0.19806 0.80194 0.00052638 0.00052638
0.19813 0.80187 0.000517953 0.000517953
0.19673 0.80327 0.000512401 0.000512401
0.19682 0.80318 0.000457543 0.000457543
0.19715 0.80285 0.000472614 0.000472614
0.19678 0.80322 0.000456719 0.000456719
0.19702 0.80298 0.000478868 0.000478868
0.1967 0.8033 0.00047702 0.00047702
0.19749 0.80251 0.000475707 0.000475707
0.19777 0.80223 0.00047826 0.00047826
0.19726 0.80274 0.000474821 0.000474821
0.19726 0.80274 0.000450922 0.000450922
0.19737 0.80263 0.000448336 0.000448336
0.19771 0.80229 0.000456895 0.000456895
0.19827 0.80173 0.000467896 0.000467896
0.19908 0.80092 0.000443347 0.000443347
0.19883 0.80117 0.000431839 0.000431839
0.19837 0.80163 0.000469892 0.000469892
0.19857 0.80143 0.000478248 0.000478248
0.19857 0.80143 0.00051152 0.00051152
0.19828 0.80172 0.000512183 0.000512183
0.19844 0.80156 0.000500734 0.000500734
0.19837 0.80163 0.000491549 0.000491549
0.19834 0.80166 0.000527802 0.000527802
0.19876 0.80124 0.000558588 0.000558588
0.1999 0.8001 0.000535586 0.000535586
0.19944 0.80056 0.00054035 0.00054035
0.1986 0.8014 0.000507697 0.000507697
0.19882 0.80118 0.000549765 0.000549765
0.20034 0.79966 0.000539439 0.000539439
0.19967 0.80033 0.000520446 0.000520446
0.20063 0.79937 0.000530175 0.000530175
0.19969 0.80031 0.000524984 0.000524984
0.19941 0.80059 0.000536164 0.000536164
0.19918 0.80082 0.000554129 0.000554129
0.19947 0.80053 0.000554454 0.000554454
0.19893 0.80107 0.000569116 0.000569116
0.1995 0.8005 0.000565727 0.000565727
0.20046 0.79954 0.000607604 0.000607604
0.20019 0.79981 0.000614297 0.000614297
0.19973 0.80027 0.000598179 0.000598179
0.19869 0.80131 0.000569893 0.000569893
0.19776 0.80224 0.00058772 0.00058772
0.19796 0.80204 0.000586281 0.000586281
0.19826 0.80174 0.000565992 0.000565992
0.1987 0.8013 0.000581081 0.000581081
0.19857 0.80143 0.000567359 0.000567359
0.19817 0.80183 0.000563779 0.000563779
0.19815 0.80185 0.000567462 0.000567462
0.1988 0.8012 0.00056901 0.00056901
0.19877 0.80123 0.000555128 0.000555128
0.19845 0.80155 0.000566816 0.000566816
0.19851 0.80149 0.000568576 0.000568576
0.19819 0.80181 0.000551772 0.000551772
0.19856 0.80144 0.000528107 0.000528107
0.19846 0.80154 0.000550635 0.000550635
0.19852 0.80148 0.000550757 0.000550757
0.19875 0.80125 0.000524816 0.000524816
0.19867 0.80133 0.000529779 0.000529779
0.19888 0.80112 0.000542066 0.000542066
0.19896 0.80104 0.000547453 0.000547453
0.19886 0.80114 0.000520526 0.000520526
0.1993 0.8007 0.000550293 0.000550293
0.19884 0.80116 0.000581813 0.000581813
0.19912 0.80088 0.000559218 0.000559218
0.19838 0.80162 0.000559127 0.000559127
0.19843 0.80157 0.00056752 0.00056752
0.19845 0.80155 0.000540189 0.000540189
0.19833 0.80167 0.000521193 0.000521193
0.19769 0.80231 0.000567751 0.000567751
0.19791 0.80209 0.000605881 0.000605881
0.19726 0.80274 0.000586477 0.000586477
0.19847 0.80153 0.000587888 0.000587888
0.1982 0.8018 0.000616808 0.000616808
0.19757 0.80243 0.000635177 0.000635177
0.19761 0.80239 0.00061218 0.00061218
0.19696 0.80304 0.000583493 0.000583493
0.19692 0.80308 0.000591691 0.000591691
0.19749 0.80251 0.000626313 0.000626313
0.19767 0.80233 0.000629658 0.000629658
0.19767 0.80233 0.000601819 0.000601819
0.1979 0.8021 0.000602091 0.000602091
0.19741 0.80259 0.000605537 0.000605537
0.19762 0.80238 0.000573511 0.000573511
0.19778 0.80222 0.000561729 0.000561729
0.19742 0.80258 0.000595458 0.000595458
0.19733 0.80267 0.000616466 0.000616466
0.19665 0.80335 0.000564391 0.000564391
0.19715 0.80285 0.000567119 0.000567119
0.19751 0.80249 0.000545182 0.000545182
0.19732 0.80268 0.000563654 0.000563654
0.19721 0.80279 0.000543077 0.000543077
0.19736 0.80264 0.000543687 0.000543687
0.19729 0.80271 0.000569683 0.000569683
0.19792 0.80208 0.000579286 0.000579286
0.19816 0.80184 0.000615671 0.000615671
0.19755 0.80245 0.000630432 0.000630432
0.19725 0.80275 0.000629705 0.000629705
0.1979 0.8021 0.00062902 0.00062902
0.19788 0.80212 0.000643299 0.000643299
0.19842 0.80158 0.000658165 0.000658165
0.19772 0.80228 0.000656042 0.000656042
0.19827 0.80173 0.000678462 0.000678462
0.19803 0.80197 0.000680979 0.000680979
0.19844 0.80156 0.000657037 0.000657037
0.19781 0.80219 0.000617428 0.000617428
0.19803 0.80197 0.000621423 0.000621423
0.19819 0.80181 0.000601953 0.000601953
0.19852 0.80148 0.000600818 0.000600818
0.19927 0.80073 0.000598603 0.000598603
0.19955 0.80045 0.000644189 0.000644189
0.19992 0.80008 0.000684559 0.000684559
0.19907 0.80093 0.000681662 0.000681662
0.19902 0.80098 0.000660202 0.000660202
0.19861 0.80139 0.000703008 0.000703008
0.19864 0.80136 0.000699061 0.000699061
0.19846 0.80154 0.00066914 0.00066914
0.19775 0.80225 0.000648391 0.000648391
0.19749 0.80251 0.000610434 0.000610434
0.19829 0.80171 0.000576774 0.000576774
0.19777 0.80223 0.000584583 0.000584583
0.19739 0.80261 0.000634766 0.000634766
0.19717 0.80283 0.000657395 0.000657395
0.19767 0.80233 0.000621779 0.000621779
0.1976 0.8024 0.000619172 0.000619172
0.1971 0.8029 0.000586192 0.000586192
0.19739 0.80261 0.000584705 0.000584705
0.19744 0.80256 0.000580047 0.000580047
0.19742 0.80258 0.000584893 0.000584893
0.19746 0.80254 0.000602574 0.000602574
0.19775 0.80225 0.000596715 0.000596715
0.19713 0.80287 0.000608336 0.000608336
0.19689 0.80311 0.000656038 0.000656038
0.1964 0.8036 0.000621313 0.000621313
0.19603 0.80397 0.000631827 0.000631827
0.19651 0.80349 0.000602555 0.000602555
0.19686 0.80314 0.000633213 0.000633213
0.19662 0.80338 0.000616844 0.000616844
0.19633 0.80367 0.000610526 0.000610526
0.19673 0.80327 0.000581128 0.000581128
0.19758 0.80242 0.000601943 0.000601943
0.1977 0.8023 0.000623444 0.000623444
0.19793 0.80207 0.00063746 0.00063746
0.19796 0.80204 0.00065416 0.00065416
0.19819 0.80181 0.000674216 0.000674216
0.19917 0.80083 0.000624365 0.000624365
0.19898 0.80102 0.00064303 0.00064303
0.19887 0.80113 0.000671306 0.000671306
0.19926 0.80074 0.000653285 0.000653285
0.19875 0.80125 0.000612896 0.000612896
0.19864 0.80136 0.000648334 0.000648334
0.1986 0.8014 0.000650465 0.000650465
0.19836 0.80164 0.000662354 0.000662354
0.19808 0.80192 0.000649488 0.000649488
0.19775 0.80225 0.000690775 0.000690775
0.19754 0.80246 0.000670978 0.000670978
0.19808 0.80192 0.000673024 0.000673024
0.19806 0.80194 0.000656118 0.000656118
0.19781 0.80219 0.000680721 0.000680721
0.1977 0.8023 0.000671727 0.000671727
0.19737 0.80263 0.000638862 0.000638862
0.19741 0.80259 0.00063881 0.00063881
0.19812 0.80188 0.000665622 0.000665622
0.19811 0.80189 0.000680907 0.000680907
0.1978 0.8022 0.000718949 0.000718949
0.19675 0.80325 0.000678735 0.000678735
0.19692 0.80308 0.00071662 0.00071662
0.19726 0.80274 0.000681709 0.000681709
0.19702 0.80298 0.000696565 0.000696565
0.19721 0.80279 0.000679945 0.000679945
0.19685 0.80315 0.000644513 0.000644513
0.19698 0.80302 0.000636444 0.000636444
0.19691 0.80309 0.000645093 0.000645093
0.19716 0.80284 0.000631813 0.000631813
0.1968 0.8032 0.000628909 0.000628909
0.19721 0.80279 0.000611723 0.000611723
0.19681 0.80319 0.000608297 0.000608297
0.19667 0.80333 0.000634749 0.000634749
0.197 0.803 0.000605434 0.000605434
0.19819 0.80181 0.000584357 0.000584357
0.19806 0.80194 0.000566905 0.000566905
0.19773 0.80227 0.000611755 0.000611755
0.19814 0.80186 0.000596869 0.000596869
0.19766 0.80234 0.000592146 0.000592146
0.19733 0.80267 0.000598749 0.000598749
0.1976 0.8024 0.000581697 0.000581697
0.19782 0.80218 0.000648897 0.000648897
0.19724 0.80276 0.00066877 0.00066877
0.19725 0.80275 0.000697058 0.000697058
0.19766 0.80234 0.000696994 0.000696994
0.19765 0.80235 0.000683139 0.000683139
0.19764 0.80236 0.000708677 0.000708677
0.19745 0.80255 0.000675199 0.000675199
0.19692 0.80308 0.000659165 0.000659165
0.19704 0.80296 0.000699897 0.000699897
0.19726 0.80274 0.000674417 0.000674417
0.19727 0.80273 0.00069426 0.00069426
0.19703 0.80297 0.000707019 0.000707019
0.19715 0.80285 0.000742048 0.000742048
0.19633 0.80367 0.000744829 0.000744829
0.19697 0.80303 0.000717464 0.000717464
0.19673 0.80327 0.000740159 0.000740159
0.19637 0.80363 0.000748013 0.000748013
0.19609 0.80391 0.00071182 0.00071182
0.19668 0.80332 0.000684058 0.000684058
0.19665 0.80335 0.000728654 0.000728654
0.19644 0.80356 0.000695946 0.000695946
0.19629 0.80371 0.000692693 0.000692693
0.19595 0.80405 0.000694149 0.000694149
0.1953 0.8047 0.00070498 0.00070498
0.19598 0.80402 0.000686909 0.000686909
0.19569 0.80431 0.000686256 0.000686256
0.19591 0.80409 0.000695254 0.000695254
0.19644 0.80356 0.000728512 0.000728512
0.19628 0.80372 0.000720284 0.000720284
0.19614 0.80386 0.000721899 0.000721899
0.19586 0.80414 0.000729596 0.000729596
0.19596 0.80404 0.000738705 0.000738705
0.1966 0.8034 0.000742101 0.000742101
0.19679 0.80321 0.000715137 0.000715137
0.1966 0.8034 0.00070602 0.00070602
0.19744 0.80256 0.000706714 0.000706714
0.19786 0.80214 0.000681455 0.000681455
0.198 0.802 0.000675313 0.000675313
0.19772 0.80228 0.000645234 0.000645234
0.19763 0.80237 0.000659286 0.000659286
0.19763 0.80237 0.000636842 0.000636842
0.19697 0.80303 0.000637403 0.000637403
0.19729 0.80271 0.000693925 0.000693925
0.19656 0.80344 0.000671118 0.000671118
0.19733 0.80267 0.000653678 0.000653678
0.19707 0.80293 0.00065447 0.00065447
0.19723 0.80277 0.000665452 0.000665452
0.1971 0.8029 0.000698273 0.000698273
0.19715 0.80285 0.000647624 0.000647624
0.19734 0.80266 0.000674712 0.000674712
0.19713 0.80287 0.000685932 0.000685932
0.19726 0.80274 0.000679649 0.000679649
0.1974 0.8026 0.000667455 0.000667455
0.19758 0.80242 0.000667701 0.000667701
0.19764 0.80236 0.000695122 0.000695122
0.19779 0.80221 0.000652834 0.000652834
0.19837 0.80163 0.000665549 0.000665549
0.19852 0.80148 0.000671787 0.000671787
0.19818 0.80182 0.000649341 0.000649341
0.19852 0.80148 0.000685222 0.000685222
0.19834 0.80166 0.000690752 0.000690752
0.19758 0.80242 0.000670792 0.000670792
0.19757 0.80243 0.000665823 0.000665823
0.19754 0.80246 0.000699786 0.000699786
0.19726 0.80274 0.000647103 0.000647103
0.19797 0.80203 0.000624171 0.000624171
0.19796 0.80204 0.000588705 0.000588705
0.19825 0.80175 0.000612674 0.000612674
0.19816 0.80184 0.000644015 0.000644015
0.19775 0.80225 0.000623705 0.000623705
0.19671 0.80329 0.000641764 0.000641764
0.19676 0.80324 0.000667922 0.000667922
0.19643 0.80357 0.000672429 0.000672429
0.19641 0.80359 0.000690103 0.000690103
0.19671 0.80329 0.000695501 0.000695501
0.19615 0.80385 0.000710371 0.000710371
0.19589 0.80411 0.000690927 0.000690927
0.19573 0.80427 0.000732906 0.000732906
0.19595 0.80405 0.000684028 0.000684028
0.19636 0.80364 0.000699748 0.000699748
0.19633 0.80367 0.000701011 0.000701011
0.19648 0.80352 0.000700373 0.000700373
0.19637 0.80363 0.000685892 0.000685892
0.19644 0.80356 0.000682128 0.000682128
0.19635 0.80365 0.000659705 0.000659705
0.19662 0.80338 0.000666319 0.000666319
0.19651 0.80349 0.000648293 0.000648293
0.19671 0.80329 0.000655157 0.000655157
0.19633 0.80367 0.000667435 0.000667435
0.19656 0.80344 0.000668835 0.000668835
0.19598 0.80402 0.000627091 0.000627091
0.19651 0.80349 0.000635525 0.000635525
0.19721 0.80279 0.000617218 0.000617218
0.19693 0.80307 0.000632591 0.000632591
0.1964 0.8036 0.000603273 0.000603273
0.19648 0.80352 0.00060506 0.00060506
0.19641 0.80359 0.000603214 0.000603214
0.19706 0.80294 0.000578279 0.000578279
0.1968 0.8032 0.000581374 0.000581374
0.19651 0.80349 0.000554596 0.000554596
0.19616 0.80384 0.000543166 0.000543166
0.19604 0.80396 0.000573392 0.000573392
0.19671 0.80329 0.000569279 0.000569279
0.19632 0.80368 0.00054723 0.00054723
0.1962 0.8038 0.000546848 0.000546848
0.19615 0.80385 0.000591018 0.000591018
0.19618 0.80382 0.000603058 0.000603058
0.19635 0.80365 0.000594068 0.000594068
0.19626 0.80374 0.000588578 0.000588578
0.19687 0.80313 0.000601124 0.000601124
0.19624 0.80376 0.000610427 0.000610427
0.19732 0.80268 0.000614806 0.000614806
0.19707 0.80293 0.000580813 0.000580813
0.19709 0.80291 0.000568406 0.000568406
0.19683 0.80317 0.000570102 0.000570102
0.19682 0.80318 0.000580876 0.000580876
0.19783 0.80217 0.000621435 0.000621435
0.19764 0.80236 0.000648516 0.000648516
0.19726 0.80274 0.000636235 0.000636235
0.19676 0.80324 0.000611578 0.000611578
0.19651 0.80349 0.000587162 0.000587162
0.1962 0.8038 0.00059198 0.00059198
0.19593 0.80407 0.000598349 0.000598349
0.19637 0.80363 0.000603811 0.000603811
