0.19942 0.80058 2.964e-05 2.964e-05
0.19853 0.80147 8.26961e-05 8.26961e-05
0.19865 0.80135 0.000128088 0.000128088
0.19772 0.80228 0.00015287 0.00015287
0.19725 0.80275 0.000191523 0.000191523
0.19745 0.80255 0.000257644 0.000257644
0.19729 0.80271 0.000327602 0.000327602
0.19652 0.80348 0.000354091 0.000354091
0.19648 0.80352 0.00040108 0.00040108
0.19587 0.80413 0.000441104 0.000441104
0.19584 0.80416 0.000484257 0.000484257
0.19518 0.80482 0.000491361 0.000491361
0.19507 0.80493 0.000502308 0.000502308
0.19527 0.80473 0.000542987 0.000542987
0.19554 0.80446 0.000577039 0.000577039
0.19572 0.80428 0.000611355 0.000611355
0.1957 0.8043 0.000622434 0.000622434
0.19556 0.80444 0.000624532 0.000624532
0.19497 0.80503 0.000592494 0.000592494
0.19463 0.80537 0.000614054 0.000614054
0.19506 0.80494 0.000630178 0.000630178
0.1943 0.8057 0.000636859 0.000636859
0.19372 0.80628 0.000643557 0.000643557
0.19366 0.80634 0.000623843 0.000623843
0.19376 0.80624 0.000681093 0.000681093
0.19377 0.80623 0.000658563 0.000658563
0.1934 0.8066 0.000666788 0.000666788
0.19329 0.80671 0.000647339 0.000647339
0.19311 0.80689 0.000654947 0.000654947
0.19334 0.80666 0.000701722 0.000701722
0.19404 0.80596 0.000736221 0.000736221
0.19465 0.80535 0.000686169 0.000686169
0.19532 0.80468 0.000706826 0.000706826
0.19524 0.80476 0.000721073 0.000721073
0.19462 0.80538 0.000809046 0.000809046
0.19466 0.80534 0.000825318 0.000825318
0.19444 0.80556 0.000808976 0.000808976
0.19485 0.80515 0.000797442 0.000797442
0.19478 0.80522 0.000761789 0.000761789
0.19516 0.80484 0.000766883 0.000766883
0.19526 0.80474 0.000754922 0.000754922
0.19469 0.80531 0.000792297 0.000792297
0.19447 0.80553 0.000741605 0.000741605
0.19516 0.80484 0.00076652 0.00076652
0.19554 0.80446 0.000787907 0.000787907
0.19506 0.80494 0.00080133 0.00080133
0.19523 0.80477 0.000817593 0.000817593
0.19566 0.80434 0.000827883 0.000827883
0.19486 0.80514 0.000787778 0.000787778
0.1945 0.8055 0.000732919 0.000732919
0.19374 0.80626 0.00072874 0.00072874
0.19402 0.80598 0.000777697 0.000777697
0.19367 0.80633 0.000767819 0.000767819
0.1948 0.8052 0.000805737 0.000805737
0.19377 0.80623 0.000811815 0.000811815
0.19409 0.80591 0.000824022 0.000824022
0.1941 0.8059 0.000814879 0.000814879
0.19383 0.80617 0.000835092 0.000835092
0.19449 0.80551 0.000846515 0.000846515
0.19429 0.80571 0.000803966 0.000803966
0.19434 0.80566 0.00076055 0.00076055
0.1936 0.8064 0.000756343 0.000756343
0.19365 0.80635 0.000791119 0.000791119
0.19394 0.80606 0.00081834 0.00081834
0.19463 0.80537 0.000813165 0.000813165
0.19331 0.80669 0.000811792 0.000811792
0.1934 0.8066 0.000827354 0.000827354
0.19335 0.80665 0.000796311 0.000796311
0.19404 0.80596 0.000833635 0.000833635
0.19377 0.80623 0.000844623 0.000844623
0.19369 0.80631 0.000860802 0.000860802
0.19348 0.80652 0.000865262 0.000865262
0.19307 0.80693 0.000915642 0.000915642
0.19399 0.80601 0.000909525 0.000909525
0.19334 0.80666 0.0008756 0.0008756
0.19369 0.80631 0.000884297 0.000884297
0.19354 0.80646 0.000874211 0.000874211
0.19438 0.80562 0.000848602 0.000848602
0.19421 0.80579 0.000906228 0.000906228
0.1947 0.8053 0.000946354 0.000946354
0.19389 0.80611 0.000929513 0.000929513
0.19444 0.80556 0.000966976 0.000966976
0.19463 0.80537 0.000919629 0.000919629
0.19486 0.80514 0.000926768 0.000926768
0.19509 0.80491 0.000908628 0.000908628
0.19559 0.80441 0.000889497 0.000889497
0.19521 0.80479 0.00090437 0.00090437
0.19524 0.80476 0.000880002 0.000880002
0.19599 0.80401 0.000918172 0.000918172
0.19538 0.80462 0.000865369 0.000865369
0.19503 0.80497 0.000885444 0.000885444
0.19453 0.80547 0.000889908 0.000889908
0.19445 0.80555 0.000911644 0.000911644
0.19499 0.80501 0.000905323 0.000905323
0.19519 0.80481 0.000910661 0.000910661
0.19509 0.80491 0.000911214 0.000911214
0.19401 0.80599 0.000926252 0.000926252
0.19489 0.80511 0.000972099 0.000972099
0.19509 0.80491 0.000941618 0.000941618
0.19444 0.80556 0.000922289 0.000922289
0.19423 0.80577 0.000941815 0.000941815
0.19394 0.80606 0.000962562 0.000962562
0.19417 0.80583 0.000991759 0.000991759
0.19512 0.80488 0.00100536 0.00100536
0.19497 0.80503 0.00100678 0.00100678
0.19487 0.80513 0.00102428 0.00102428
0.19482 0.80518 0.00103411 0.00103411
0.1947 0.8053 0.00103405 0.00103405
0.19478 0.80522 0.000985891 0.000985891
0.19533 0.80467 0.00103174 0.00103174
0.19509 0.80491 0.00100321 0.00100321
0.19509 0.80491 0.000973113 0.000973113
0.19468 0.80532 0.000966604 0.000966604
0.19483 0.80517 0.000974264 0.000974264
0.19402 0.80598 0.000928969 0.000928969
0.19392 0.80608 0.000903408 0.000903408
0.19571 0.80429 0.000906329 0.000906329
0.19553 0.80447 0.000953706 0.000953706
0.19578 0.80422 0.000948436 0.000948436
0.19513 0.80487 0.000938538 0.000938538
0.19431 0.80569 0.000957893 0.000957893
0.19432 0.80568 0.000948038 0.000948038
0.19389 0.80611 0.000938947 0.000938947
0.19378 0.80622 0.000885002 0.000885002
0.1934 0.8066 0.000881051 0.000881051
0.19368 0.80632 0.000915432 0.000915432
0.19372 0.80628 0.000897072 0.000897072
0.19387 0.80613 0.000888902 0.000888902
0.19428 0.80572 0.000926224 0.000926224
0.19432 0.80568 0.000921775 0.000921775
0.19496 0.80504 0.000960382 0.000960382
0.19547 0.80453 0.000991868 0.000991868
0.19489 0.80511 0.00100751 0.00100751
0.19449 0.80551 0.00100678 0.00100678
0.19393 0.80607 0.00104328 0.00104328
0.19443 0.80557 0.00105396 0.00105396
0.19512 0.80488 0.00102641 0.00102641
0.19506 0.80494 0.00106824 0.00106824
0.19442 0.80558 0.00105643 0.00105643
0.19411 0.80589 0.00103628 0.00103628
0.19435 0.80565 0.00106837 0.00106837
0.19401 0.80599 0.00108353 0.00108353
0.19429 0.80571 0.001113 0.001113
0.19434 0.80566 0.00110831 0.00110831
0.19448 0.80552 0.00106621 0.00106621
0.19464 0.80536 0.00105264 0.00105264
0.19388 0.80612 0.00105861 0.00105861
0.19393 0.80607 0.0010498 0.0010498
0.19407 0.80593 0.00107746 0.00107746
0.195 0.805 0.00107489 0.00107489
0.19563 0.80437 0.00110321 0.00110321
0.19504 0.80496 0.00109264 0.00109264
0.19457 0.80543 0.00107164 0.00107164
0.1945 0.8055 0.00103916 0.00103916
0.19439 0.80561 0.00104749 0.00104749
0.19437 0.80563 0.00103803 0.00103803
0.19446 0.80554 0.0010291 0.0010291
0.19507 0.80493 0.00104835 0.00104835
0.19481 0.80519 0.00104913 0.00104913
0.19489 0.80511 0.00102881 0.00102881
0.19474 0.80526 0.00105652 0.00105652
0.19429 0.80571 0.00103613 0.00103613
0.19392 0.80608 0.00105583 0.00105583
0.19374 0.80626 0.00107745 0.00107745
0.19282 0.80718 0.00108334 0.00108334
0.19267 0.80733 0.00109337 0.00109337
0.19317 0.80683 0.00107778 0.00107778
0.19282 0.80718 0.00110318 0.00110318
0.1937 0.8063 0.00114062 0.00114062
0.19293 0.80707 0.00120245 0.00120245
0.19264 0.80736 0.00121785 0.00121785
0.19289 0.80711 0.00113759 0.00113759
0.19345 0.80655 0.00112065 0.00112065
0.19313 0.80687 0.00111789 0.00111789
0.19271 0.80729 0.00109593 0.00109593
0.19261 0.80739 0.00108875 0.00108875
0.19266 0.80734 0.00110817 0.00110817
0.19221 0.80779 0.00110415 0.00110415
0.19157 0.80843 0.00109338 0.00109338
0.19149 0.80851 0.0010633 0.0010633
0.19171 0.80829 0.0011097 0.0011097
0.19192 0.80808 0.00110878 0.00110878
0.19224 0.80776 0.00108883 0.00108883
0.19239 0.80761 0.00111743 0.00111743
0.19377 0.80623 0.00112289 0.00112289
0.19331 0.80669 0.00114343 0.00114343
0.19218 0.80782 0.00113631 0.00113631
0.19163 0.80837 0.00114312 0.00114312
0.19237 0.80763 0.00112355 0.00112355
0.19185 0.80815 0.00108789 0.00108789
0.19214 0.80786 0.00104057 0.00104057
0.1925 0.8075 0.001057 0.001057
0.19236 0.80764 0.0010189 0.0010189
0.19347 0.80653 0.00106849 0.00106849
0.19298 0.80702 0.00104463 0.00104463
0.1929 0.8071 0.00108058 0.00108058
0.19291 0.80709 0.00107879 0.00107879
0.19329 0.80671 0.00108873 0.00108873
0.19311 0.80689 0.00107725 0.00107725
0.1929 0.8071 0.0010934 0.0010934
0.19324 0.80676 0.0010998 0.0010998
0.1942 0.8058 0.00111501 0.00111501
0.19389 0.80611 0.0010962 0.0010962
0.19353 0.80647 0.00110898 0.00110898
0.19393 0.80607 0.0011133 0.0011133
0.19378 0.80622 0.00110363 0.00110363
0.19425 0.80575 0.00116649 0.00116649
0.19393 0.80607 0.00116348 0.00116348
0.19429 0.80571 0.00112332 0.00112332
0.19396 0.80604 0.00116808 0.00116808
0.19378 0.80622 0.00118726 0.00118726
0.19336 0.80664 0.0012073 0.0012073
0.19308 0.80692 0.0012002 0.0012002
0.19288 0.80712 0.00120399 0.00120399
0.19315 0.80685 0.00124253 0.00124253
0.1936 0.8064 0.00124705 0.00124705
0.19387 0.80613 0.00125329 0.00125329
0.19384 0.80616 0.00128084 0.00128084
0.19358 0.80642 0.00130726 0.00130726
0.1941 0.8059 0.0013167 0.0013167
0.19424 0.80576 0.00133497 0.00133497
0.19407 0.80593 0.00133926 0.00133926
0.19503 0.80497 0.00123811 0.00123811
0.19438 0.80562 0.00120935 0.00120935
0.19401 0.80599 0.00126047 0.00126047
0.19457 0.80543 0.00131607 0.00131607
0.1945 0.8055 0.00130791 0.00130791
0.19526 0.80474 0.00129648 0.00129648
0.19526 0.80474 0.00131141 0.00131141
0.19538 0.80462 0.00133963 0.00133963
0.19506 0.80494 0.00136028 0.00136028
0.19513 0.80487 0.00139042 0.00139042
0.19519 0.80481 0.00136121 0.00136121
0.19494 0.80506 0.00136733 0.00136733
0.19435 0.80565 0.00135409 0.00135409
0.19414 0.80586 0.00133451 0.00133451
0.19471 0.80529 0.00136384 0.00136384
0.19476 0.80524 0.00135768 0.00135768
0.19443 0.80557 0.00134338 0.00134338
0.19471 0.80529 0.00138772 0.00138772
0.19415 0.80585 0.00135718 0.00135718
0.19434 0.80566 0.00136558 0.00136558
0.19396 0.80604 0.0013581 0.0013581
0.19437 0.80563 0.0013807 0.0013807
0.19458 0.80542 0.00139784 0.00139784
0.19517 0.80483 0.00133697 0.00133697
0.19472 0.80528 0.00134142 0.00134142
0.19467 0.80533 0.00138626 0.00138626
0.19488 0.80512 0.00140176 0.00140176
0.19516 0.80484 0.0014765 0.0014765
0.19545 0.80455 0.00149207 0.00149207
0.19567 0.80433 0.00150481 0.00150481
0.1961 0.8039 0.00148916 0.00148916
0.19581 0.80419 0.00150414 0.00150414
0.19644 0.80356 0.00151637 0.00151637
0.19572 0.80428 0.0015262 0.0015262
0.19534 0.80466 0.00152301 0.00152301
0.19507 0.80493 0.00151041 0.00151041
0.1945 0.8055 0.00151951 0.00151951
0.19446 0.80554 0.00150567 0.00150567
0.1938 0.8062 0.00145483 0.00145483
0.19403 0.80597 0.00142124 0.00142124
0.19494 0.80506 0.0014584 0.0014584
0.1949 0.8051 0.00147969 0.00147969
0.19499 0.80501 0.00143753 0.00143753
0.19535 0.80465 0.00150649 0.00150649
0.19479 0.80521 0.00149815 0.00149815
0.19455 0.80545 0.00152126 0.00152126
0.19463 0.80537 0.00154163 0.00154163
0.1944 0.8056 0.0015536 0.0015536
0.19443 0.80557 0.00153772 0.00153772
0.19401 0.80599 0.00154072 0.00154072
0.19396 0.80604 0.00155495 0.00155495
0.19373 0.80627 0.00157921 0.00157921
0.19409 0.80591 0.00163788 0.00163788
0.19406 0.80594 0.0015802 0.0015802
0.19416 0.80584 0.00161258 0.00161258
0.19392 0.80608 0.00155799 0.00155799
0.19381 0.80619 0.00159761 0.00159761
0.19314 0.80686 0.0016081 0.0016081
0.19299 0.80701 0.00164355 0.00164355
0.19357 0.80643 0.00160928 0.00160928
0.19389 0.80611 0.00159622 0.00159622
0.19349 0.80651 0.00157765 0.00157765
0.19428 0.80572 0.00162172 0.00162172
0.19354 0.80646 0.0015528 0.0015528
0.19341 0.80659 0.00156416 0.00156416
0.19316 0.80684 0.00151793 0.00151793
0.19275 0.80725 0.00149362 0.00149362
0.19354 0.80646 0.00151587 0.00151587
0.19307 0.80693 0.00149106 0.00149106
0.19337 0.80663 0.00144769 0.00144769
0.19394 0.80606 0.00140975 0.00140975
0.19334 0.80666 0.00146021 0.00146021
0.19451 0.80549 0.00144765 0.00144765
0.19473 0.80527 0.00141355 0.00141355
0.19521 0.80479 0.0013894 0.0013894
0.19526 0.80474 0.00144032 0.00144032
0.19515 0.80485 0.0014311 0.0014311
0.19511 0.80489 0.00143462 0.00143462
0.19429 0.80571 0.0015095 0.0015095
0.19422 0.80578 0.00154516 0.00154516
0.19347 0.80653 0.00151662 0.00151662
0.19397 0.80603 0.00151971 0.00151971
0.19435 0.80565 0.00156399 0.00156399
0.19432 0.80568 0.00158208 0.00158208
0.19456 0.80544 0.00153142 0.00153142
0.19399 0.80601 0.00154781 0.00154781
0.19395 0.80605 0.00153427 0.00153427
0.19363 0.80637 0.00147743 0.00147743
0.19342 0.80658 0.00147091 0.00147091
0.19327 0.80673 0.00147159 0.00147159
0.19349 0.80651 0.00150342 0.00150342
0.19331 0.80669 0.00150228 0.00150228
0.19429 0.80571 0.00148108 0.00148108
0.19428 0.80572 0.00146117 0.00146117
0.19398 0.80602 0.00144584 0.00144584
0.19341 0.80659 0.00144055 0.00144055
0.19404 0.80596 0.00148291 0.00148291
0.19319 0.80681 0.00153995 0.00153995
0.19355 0.80645 0.00158997 0.00158997
0.19268 0.80732 0.00161289 0.00161289
0.19228 0.80772 0.0016097 0.0016097
0.1922 0.8078 0.00159046 0.00159046
0.19153 0.80847 0.00154118 0.00154118
0.19276 0.80724 0.00157307 0.00157307
0.19327 0.80673 0.00161846 0.00161846
0.19329 0.80671 0.00161851 0.00161851
0.19358 0.80642 0.00155059 0.00155059
0.1938 0.8062 0.00147444 0.00147444
0.19385 0.80615 0.00148017 0.00148017
0.19427 0.80573 0.00147725 0.00147725
0.19498 0.80502 0.00145022 0.00145022
0.1952 0.8048 0.00147008 0.00147008
0.19434 0.80566 0.00142825 0.00142825
0.1943 0.8057 0.00142225 0.00142225
0.19477 0.80523 0.00144511 0.00144511
0.1953 0.8047 0.00140387 0.00140387
0.19459 0.80541 0.00143966 0.00143966
0.19398 0.80602 0.00147953 0.00147953
0.19434 0.80566 0.00148356 0.00148356
0.19422 0.80578 0.00149098 0.00149098
0.19475 0.80525 0.00144643 0.00144643
0.19423 0.80577 0.00141125 0.00141125
0.1944 0.8056 0.00144834 0.00144834
0.19449 0.80551 0.00144377 0.00144377
0.19444 0.80556 0.00144477 0.00144477
0.19382 0.80618 0.00141688 0.00141688
0.19393 0.80607 0.00139792 0.00139792
0.19391 0.80609 0.00141616 0.00141616
0.19355 0.80645 0.00140797 0.00140797
0.19328 0.80672 0.00146693 0.00146693
0.19332 0.80668 0.00141135 0.00141135
0.19286 0.80714 0.00142032 0.00142032
0.19349 0.80651 0.00148205 0.00148205
0.19339 0.80661 0.00150105 0.00150105
0.19283 0.80717 0.00152843 0.00152843
0.19322 0.80678 0.00151322 0.00151322
0.19333 0.80667 0.00149396 0.00149396
0.19309 0.80691 0.001494 0.001494
0.19359 0.80641 0.00150691 0.00150691
0.19316 0.80684 0.00150367 0.00150367
0.19252 0.80748 0.00148819 0.00148819
0.19225 0.80775 0.00147065 0.00147065
0.1928 0.8072 0.00146745 0.00146745
0.19262 0.80738 0.00145466 0.00145466
0.19285 0.80715 0.00148358 0.00148358
0.19249 0.80751 0.00147512 0.00147512
0.19376 0.80624 0.00153115 0.00153115
0.1936 0.8064 0.00152079 0.00152079
0.19395 0.80605 0.00156322 0.00156322
0.19412 0.80588 0.00162786 0.00162786
0.19374 0.80626 0.00164898 0.00164898
0.19341 0.80659 0.00160218 0.00160218
0.19399 0.80601 0.00168003 0.00168003
0.19376 0.80624 0.00164418 0.00164418
0.19324 0.80676 0.00167055 0.00167055
0.19266 0.80734 0.00162829 0.00162829
0.19243 0.80757 0.0015655 0.0015655
0.19255 0.80745 0.00154954 0.00154954
0.1934 0.8066 0.00156533 0.00156533
0.19417 0.80583 0.00149992 0.00149992
0.19423 0.80577 0.00149662 0.00149662
0.19384 0.80616 0.00145997 0.00145997
0.1929 0.8071 0.00143518 0.00143518
0.19346 0.80654 0.00145657 0.00145657
0.19352 0.80648 0.0014574 0.0014574
0.19309 0.80691 0.00140451 0.00140451
0.1929 0.8071 0.00139302 0.00139302
0.1933 0.8067 0.00146148 0.00146148
0.19362 0.80638 0.00150806 0.00150806
0.19276 0.80724 0.00149218 0.00149218
0.19305 0.80695 0.00146609 0.00146609
0.19322 0.80678 0.00149403 0.00149403
0.19287 0.80713 0.00151244 0.00151244
0.19249 0.80751 0.00154336 0.00154336
0.19119 0.80881 0.00158151 0.00158151
0.19189 0.80811 0.00156052 0.00156052
0.1919 0.8081 0.00159312 0.00159312
0.19152 0.80848 0.00153732 0.00153732
0.19158 0.80842 0.00157665 0.00157665
0.19063 0.80937 0.00154615 0.00154615
0.19061 0.80939 0.00154858 0.00154858
0.19127 0.80873 0.00155188 0.00155188
0.19197 0.80803 0.0015311 0.0015311
0.19245 0.80755 0.00147128 0.00147128
0.19209 0.80791 0.00147362 0.00147362
0.19223 0.80777 0.00145341 0.00145341
0.19202 0.80798 0.00147998 0.00147998
0.19266 0.80734 0.00147394 0.00147394
0.19234 0.80766 0.00147693 0.00147693
0.19206 0.80794 0.00146428 0.00146428
0.19192 0.80808 0.0014808 0.0014808
0.19227 0.80773 0.00149044 0.00149044
0.19262 0.80738 0.001476 0.001476
0.19144 0.80856 0.00143019 0.00143019
0.19125 0.80875 0.00147587 0.00147587
0.19091 0.80909 0.00150584 0.00150584
0.1913 0.8087 0.00148429 0.00148429
0.1913 0.8087 0.00153712 0.00153712
0.19061 0.80939 0.00156658 0.00156658
0.19061 0.80939 0.00151167 0.00151167
0.19036 0.80964 0.00149823 0.00149823
0.19089 0.80911 0.00156891 0.00156891
0.19062 0.80938 0.00158527 0.00158527
0.1902 0.8098 0.00154053 0.00154053
0.19043 0.80957 0.00154077 0.00154077
0.19043 0.80957 0.00156186 0.00156186
0.19048 0.80952 0.0016028 0.0016028
0.19074 0.80926 0.00156739 0.00156739
0.19126 0.80874 0.00163391 0.00163391
0.19195 0.80805 0.00169128 0.00169128
0.19115 0.80885 0.00168015 0.00168015
0.19094 0.80906 0.00165111 0.00165111
0.1909 0.8091 0.00167948 0.00167948
0.19094 0.80906 0.00165202 0.00165202
0.19046 0.80954 0.0016551 0.0016551
0.19063 0.80937 0.00163581 0.00163581
0.19121 0.80879 0.0015932 0.0015932
0.19119 0.80881 0.00162032 0.00162032
0.19108 0.80892 0.00160666 0.00160666
0.19058 0.80942 0.00160881 0.00160881
0.19036 0.80964 0.00158542 0.00158542
0.19038 0.80962 0.00157804 0.00157804
0.19008 0.80992 0.00161149 0.00161149
0.19042 0.80958 0.00164408 0.00164408
0.19057 0.80943 0.00167584 0.00167584
0.19203 0.80797 0.00171041 0.00171041
0.19256 0.80744 0.0017017 0.0017017
0.19342 0.80658 0.00176406 0.00176406
0.19318 0.80682 0.00175772 0.00175772
0.19286 0.80714 0.00174313 0.00174313
0.19243 0.80757 0.00171083 0.00171083
0.19197 0.80803 0.00172356 0.00172356
0.19199 0.80801 0.0017326 0.0017326
0.19254 0.80746 0.00167231 0.00167231
0.19208 0.80792 0.00169315 0.00169315
0.19161 0.80839 0.00172012 0.00172012
0.19111 0.80889 0.00167953 0.00167953
0.19181 0.80819 0.00171517 0.00171517
0.19169 0.80831 0.00164882 0.00164882
0.1917 0.8083 0.00164193 0.00164193
0.19081 0.80919 0.00168812 0.00168812
0.19009 0.80991 0.00164679 0.00164679
0.18998 0.81002 0.00164008 0.00164008
0.19006 0.80994 0.00164755 0.00164755
0.19003 0.80997 0.00170003 0.00170003
0.19029 0.80971 0.00166633 0.00166633
0.19035 0.80965 0.00163482 0.00163482
0.1909 0.8091 0.00162524 0.00162524
0.19104 0.80896 0.0016924 0.0016924
0.19109 0.80891 0.00169639 0.00169639
0.19078 0.80922 0.00171627 0.00171627
0.19068 0.80932 0.00168418 0.00168418
0.19106 0.80894 0.00176113 0.00176113
0.19094 0.80906 0.0017662 0.0017662
0.19126 0.80874 0.00173436 0.00173436
0.19156 0.80844 0.00165061 0.00165061
0.19195 0.80805 0.00164389 0.00164389
0.19202 0.80798 0.00162071 0.00162071
0.1913 0.8087 0.00160704 0.00160704
0.19047 0.80953 0.00166169 0.00166169
0.19089 0.80911 0.0016639 0.0016639
0.19177 0.80823 0.00168826 0.00168826
0.1905 0.8095 0.00165607 0.00165607
0.18953 0.81047 0.00169546 0.00169546
0.18919 0.81081 0.00170557 0.00170557
0.18947 0.81053 0.00166779 0.00166779
0.18947 0.81053 0.00171633 0.00171633
0.18943 0.81057 0.0017415 0.0017415
0.18867 0.81133 0.00172261 0.00172261
0.18957 0.81043 0.00165097 0.00165097
0.18985 0.81015 0.00165526 0.00165526
0.19066 0.80934 0.00166758 0.00166758
0.19099 0.80901 0.00166938 0.00166938
0.19165 0.80835 0.00163502 0.00163502
0.1909 0.8091 0.00160827 0.00160827
0.19127 0.80873 0.00157903 0.00157903
0.19119 0.80881 0.00156452 0.00156452
0.19042 0.80958 0.0015412 0.0015412
