0.49849 0.50151 2.85757e-05 2.85757e-05
0.49766 0.50234 5.85297e-05 5.85297e-05
0.49648 0.50352 7.83127e-05 7.83127e-05
0.49605 0.50395 9.0654e-05 9.0654e-05
0.49631 0.50369 0.000112438 0.000112438
0.49545 0.50455 0.000150795 0.000150795
0.49545 0.50455 0.000164533 0.000164533
0.49594 0.50406 0.000187855 0.000187855
0.49572 0.50428 0.000189739 0.000189739
0.49503 0.50497 0.000214595 0.000214595
0.49476 0.50524 0.000238669 0.000238669
0.49403 0.50597 0.000260312 0.000260312
0.4934 0.5066 0.000299172 0.000299172
0.49286 0.50714 0.000316586 0.000316586
0.49273 0.50727 0.000307351 0.000307351
0.49219 0.50781 0.000319186 0.000319186
0.49191 0.50809 0.000330628 0.000330628
0.49096 0.50904 0.000346524 0.000346524
0.49124 0.50876 0.000340851 0.000340851
0.49132 0.50868 0.000348725 0.000348725
0.49101 0.50899 0.000344939 0.000344939
0.49075 0.50925 0.000369462 0.000369462
0.49074 0.50926 0.000377225 0.000377225
0.49065 0.50935 0.000395422 0.000395422
0.49047 0.50953 0.000397726 0.000397726
0.4901 0.5099 0.000408475 0.000408475
0.48922 0.51078 0.000408194 0.000408194
0.48922 0.51078 0.000426396 0.000426396
0.48938 0.51062 0.000447874 0.000447874
0.48945 0.51055 0.000452553 0.000452553
0.48913 0.51087 0.000443448 0.000443448
0.4894 0.5106 0.000443313 0.000443313
0.48942 0.51058 0.000453175 0.000453175
0.48919 0.51081 0.000454135 0.000454135
0.48917 0.51083 0.0004679 0.0004679
0.48906 0.51094 0.000469067 0.000469067
0.48897 0.51103 0.000467221 0.000467221
0.48895 0.51105 0.000477159 0.000477159
0.48887 0.51113 0.000485104 0.000485104
0.48896 0.51104 0.000499049 0.000499049
0.48894 0.51106 0.000511087 0.000511087
0.48881 0.51119 0.000516176 0.000516176
0.48869 0.51131 0.000530701 0.000530701
0.48875 0.51125 0.000540674 0.000540674
0.48889 0.51111 0.000547351 0.000547351
0.48886 0.51114 0.000547091 0.000547091
0.4887 0.5113 0.000556152 0.000556152
0.48872 0.51128 0.000568648 0.000568648
0.48863 0.51137 0.000581549 0.000581549
0.4886 0.5114 0.000582263 0.000582263
0.48861 0.51139 0.000584099 0.000584099
0.48876 0.51124 0.000591356 0.000591356
0.48876 0.51124 0.000591901 0.000591901
0.48876 0.51124 0.000589982 0.000589982
0.48875 0.51125 0.000597462 0.000597462
0.4887 0.5113 0.000613242 0.000613242
0.48856 0.51144 0.000606188 0.000606188
0.48848 0.51152 0.000606838 0.000606838
0.4885 0.5115 0.000610374 0.000610374
0.4885 0.5115 0.000613707 0.000613707
0.48855 0.51145 0.000606614 0.000606614
0.48864 0.51136 0.000612112 0.000612112
0.4886 0.5114 0.000609596 0.000609596
0.4885 0.5115 0.000616798 0.000616798
0.48862 0.51138 0.000614076 0.000614076
0.48862 0.51138 0.000619773 0.000619773
0.48868 0.51132 0.000622503 0.000622503
0.48868 0.51132 0.000625048 0.000625048
0.48862 0.51138 0.000626501 0.000626501
0.48856 0.51144 0.000625562 0.000625562
0.48856 0.51144 0.000623118 0.000623118
0.48857 0.51143 0.000626914 0.000626914
0.48866 0.51134 0.0006316 0.0006316
0.48856 0.51144 0.000636188 0.000636188
0.48854 0.51146 0.00063413 0.00063413
0.48842 0.51158 0.000640529 0.000640529
0.4883 0.5117 0.000641182 0.000641182
0.48837 0.51163 0.000641246 0.000641246
0.4884 0.5116 0.00064299 0.00064299
0.48834 0.51166 0.000645136 0.000645136
0.48837 0.51163 0.000641912 0.000641912
0.48839 0.51161 0.00064218 0.00064218
0.48844 0.51156 0.00064235 0.00064235
0.48837 0.51163 0.000645286 0.000645286
0.48823 0.51177 0.000651007 0.000651007
0.48826 0.51174 0.000651366 0.000651366
0.4883 0.5117 0.000659162 0.000659162
0.48835 0.51165 0.000656371 0.000656371
0.48832 0.51168 0.000656482 0.000656482
0.48831 0.51169 0.0006566 0.0006566
0.48831 0.51169 0.000658661 0.000658661
0.48834 0.51166 0.000658893 0.000658893
0.48832 0.51168 0.00066024 0.00066024
0.48828 0.51172 0.000658123 0.000658123
0.48829 0.51171 0.000657945 0.000657945
0.48829 0.51171 0.000659844 0.000659844
0.48825 0.51175 0.000662917 0.000662917
0.48827 0.51173 0.000664199 0.000664199
0.48832 0.51168 0.000662806 0.000662806
0.48839 0.51161 0.0006662 0.0006662
0.48836 0.51164 0.000666374 0.000666374
0.48834 0.51166 0.000668105 0.000668105
0.48829 0.51171 0.000667844 0.000667844
0.48833 0.51167 0.000669274 0.000669274
0.48832 0.51168 0.000669513 0.000669513
0.48833 0.51167 0.000670143 0.000670143
0.48828 0.51172 0.000669981 0.000669981
0.48828 0.51172 0.00067182 0.00067182
0.48832 0.51168 0.000672179 0.000672179
0.4883 0.5117 0.000674818 0.000674818
0.4883 0.5117 0.000675505 0.000675505
0.4883 0.5117 0.000679263 0.000679263
0.48832 0.51168 0.000678563 0.000678563
0.4883 0.5117 0.000678657 0.000678657
0.48825 0.51175 0.000679442 0.000679442
0.4882 0.5118 0.000679414 0.000679414
0.48818 0.51182 0.000681179 0.000681179
0.48818 0.51182 0.000680472 0.000680472
0.4882 0.5118 0.000682222 0.000682222
0.4882 0.5118 0.000681778 0.000681778
0.48817 0.51183 0.000680567 0.000680567
0.48816 0.51184 0.000681489 0.000681489
0.4881 0.5119 0.000681687 0.000681687
0.48807 0.51193 0.000682025 0.000682025
0.48814 0.51186 0.000681011 0.000681011
0.48813 0.51187 0.000680033 0.000680033
0.48813 0.51187 0.000679549 0.000679549
0.48813 0.51187 0.00068066 0.00068066
0.48814 0.51186 0.000680202 0.000680202
0.48816 0.51184 0.000680823 0.000680823
0.48813 0.51187 0.000681528 0.000681528
0.48813 0.51187 0.000681246 0.000681246
0.48813 0.51187 0.000680862 0.000680862
0.48815 0.51185 0.000681987 0.000681987
0.48818 0.51182 0.000681664 0.000681664
0.48816 0.51184 0.000682843 0.000682843
0.48815 0.51185 0.00068322 0.00068322
0.48814 0.51186 0.000685273 0.000685273
0.48811 0.51189 0.000684644 0.000684644
0.48813 0.51187 0.000685306 0.000685306
0.48813 0.51187 0.000685306 0.000685306
0.48813 0.51187 0.000683852 0.000683852
0.48812 0.51188 0.000686329 0.000686329
0.48813 0.51187 0.000686417 0.000686417
0.48815 0.51185 0.000687361 0.000687361
0.48818 0.51182 0.000688351 0.000688351
0.48816 0.51184 0.000688782 0.000688782
0.48814 0.51186 0.000688182 0.000688182
0.48815 0.51185 0.000688088 0.000688088
0.48816 0.51184 0.00068755 0.00068755
0.48818 0.51182 0.000689301 0.000689301
0.48819 0.51181 0.000687671 0.000687671
0.48816 0.51184 0.000687166 0.000687166
0.48817 0.51183 0.000687011 0.000687011
0.48818 0.51182 0.000686028 0.000686028
0.48818 0.51182 0.000686028 0.000686028
0.48818 0.51182 0.000686149 0.000686149
0.48815 0.51185 0.000685846 0.000685846
0.48815 0.51185 0.000686391 0.000686391
0.48815 0.51185 0.000687725 0.000687725
0.48814 0.51186 0.000687657 0.000687657
0.48814 0.51186 0.000687657 0.000687657
0.48813 0.51187 0.000687751 0.000687751
0.48813 0.51187 0.000689165 0.000689165
0.48812 0.51188 0.000689238 0.000689238
0.48813 0.51187 0.000689246 0.000689246
0.48812 0.51188 0.000689076 0.000689076
0.48812 0.51188 0.000689076 0.000689076
0.48812 0.51188 0.000690228 0.000690228
0.48812 0.51188 0.000690491 0.000690491
0.48813 0.51187 0.000691165 0.000691165
0.48813 0.51187 0.000691165 0.000691165
0.48811 0.51189 0.000690705 0.000690705
0.48811 0.51189 0.000690705 0.000690705
0.4881 0.5119 0.000690576 0.000690576
0.48812 0.51188 0.000690167 0.000690167
0.48812 0.51188 0.000690167 0.000690167
0.48814 0.51186 0.000691334 0.000691334
0.48815 0.51185 0.00069128 0.00069128
0.48814 0.51186 0.00069196 0.00069196
0.48816 0.51184 0.000692802 0.000692802
0.48815 0.51185 0.00069328 0.00069328
0.48813 0.51187 0.0006927 0.0006927
0.48813 0.51187 0.0006927 0.0006927
0.48813 0.51187 0.000692033 0.000692033
0.48815 0.51185 0.000693543 0.000693543
0.48815 0.51185 0.000693543 0.000693543
0.48814 0.51186 0.000693011 0.000693011
0.48813 0.51187 0.000692761 0.000692761
0.48813 0.51187 0.00069371 0.00069371
0.48813 0.51187 0.00069371 0.00069371
0.48813 0.51187 0.00069371 0.00069371
0.48813 0.51187 0.00069371 0.00069371
0.48813 0.51187 0.00069371 0.00069371
0.48814 0.51186 0.00069396 0.00069396
0.48812 0.51188 0.000694531 0.000694531
0.48812 0.51188 0.000694531 0.000694531
0.48812 0.51188 0.000694531 0.000694531
0.48812 0.51188 0.000694086 0.000694086
0.48814 0.51186 0.000694021 0.000694021
0.48814 0.51186 0.000694021 0.000694021
0.48814 0.51186 0.000694021 0.000694021
0.48813 0.51187 0.000693811 0.000693811
0.48813 0.51187 0.000693811 0.000693811
0.48811 0.51189 0.000693109 0.000693109
0.48811 0.51189 0.000693109 0.000693109
0.4881 0.5119 0.000692838 0.000692838
0.48811 0.51189 0.0006922 0.0006922
0.4881 0.5119 0.000692717 0.000692717
0.48809 0.51191 0.000692931 0.000692931
0.48809 0.51191 0.000692931 0.000692931
0.48809 0.51191 0.000692931 0.000692931
0.48809 0.51191 0.000692931 0.000692931
0.4881 0.5119 0.000693465 0.000693465
0.48809 0.51191 0.000693456 0.000693456
0.4881 0.5119 0.000693727 0.000693727
0.4881 0.5119 0.000693727 0.000693727
0.4881 0.5119 0.000693727 0.000693727
0.48811 0.51189 0.00069424 0.00069424
0.48811 0.51189 0.00069424 0.00069424
0.48811 0.51189 0.00069424 0.00069424
0.4881 0.5119 0.000694879 0.000694879
0.4881 0.5119 0.000694879 0.000694879
0.4881 0.5119 0.000694879 0.000694879
0.4881 0.5119 0.000694879 0.000694879
0.4881 0.5119 0.000694879 0.000694879
0.48811 0.51189 0.000693634 0.000693634
0.48811 0.51189 0.000693634 0.000693634
0.4881 0.5119 0.000693121 0.000693121
0.4881 0.5119 0.000693121 0.000693121
0.4881 0.5119 0.000693121 0.000693121
0.4881 0.5119 0.000693121 0.000693121
0.48811 0.51189 0.000693897 0.000693897
0.48812 0.51188 0.000694309 0.000694309
0.48812 0.51188 0.000694309 0.000694309
0.48812 0.51188 0.000694309 0.000694309
0.48812 0.51188 0.000694309 0.000694309
0.48812 0.51188 0.000694309 0.000694309
0.48812 0.51188 0.000694309 0.000694309
0.48812 0.51188 0.000694309 0.000694309
0.48812 0.51188 0.000694309 0.000694309
0.48812 0.51188 0.000694309 0.000694309
0.48812 0.51188 0.000694309 0.000694309
0.48812 0.51188 0.000694309 0.000694309
0.48812 0.51188 0.000694309 0.000694309
0.48812 0.51188 0.000694309 0.000694309
0.48811 0.51189 0.000693998 0.000693998
0.48811 0.51189 0.000693998 0.000693998
0.48811 0.51189 0.000693998 0.000693998
0.4881 0.5119 0.000693768 0.000693768
0.4881 0.5119 0.000693768 0.000693768
0.48809 0.51191 0.000693093 0.000693093
0.48809 0.51191 0.000693093 0.000693093
0.48809 0.51191 0.000693093 0.000693093
0.4881 0.5119 0.000692576 0.000692576
0.4881 0.5119 0.000692576 0.000692576
0.4881 0.5119 0.000692576 0.000692576
0.4881 0.5119 0.000692576 0.000692576
0.48811 0.51189 0.00069325 0.00069325
0.48811 0.51189 0.00069325 0.00069325
0.4881 0.5119 0.000692273 0.000692273
0.4881 0.5119 0.000692273 0.000692273
0.4881 0.5119 0.000692273 0.000692273
0.4881 0.5119 0.000692273 0.000692273
0.4881 0.5119 0.000692273 0.000692273
0.4881 0.5119 0.000692273 0.000692273
0.48809 0.51191 0.000691598 0.000691598
0.4881 0.5119 0.000692111 0.000692111
0.4881 0.5119 0.000692111 0.000692111
0.4881 0.5119 0.000692111 0.000692111
0.4881 0.5119 0.000692111 0.000692111
0.4881 0.5119 0.000692111 0.000692111
0.4881 0.5119 0.000692111 0.000692111
0.4881 0.5119 0.000692111 0.000692111
0.48811 0.51189 0.000692543 0.000692543
0.48811 0.51189 0.000692543 0.000692543
0.48811 0.51189 0.000692543 0.000692543
0.48811 0.51189 0.000692543 0.000692543
0.48811 0.51189 0.000692543 0.000692543
0.48811 0.51189 0.000692543 0.000692543
0.48811 0.51189 0.000692543 0.000692543
0.48811 0.51189 0.000692543 0.000692543
0.48811 0.51189 0.000692543 0.000692543
0.48811 0.51189 0.000692543 0.000692543
0.48811 0.51189 0.000692543 0.000692543
0.48811 0.51189 0.000692543 0.000692543
0.48811 0.51189 0.000692543 0.000692543
0.48811 0.51189 0.000692543 0.000692543
0.48811 0.51189 0.000692543 0.000692543
0.48811 0.51189 0.000692543 0.000692543
0.48811 0.51189 0.000692543 0.000692543
0.48811 0.51189 0.000692543 0.000692543
0.48811 0.51189 0.000692543 0.000692543
0.48811 0.51189 0.000692543 0.000692543
0.48811 0.51189 0.000692543 0.000692543
0.48811 0.51189 0.000692543 0.000692543
0.48811 0.51189 0.000692543 0.000692543
0.48811 0.51189 0.000692543 0.000692543
0.48811 0.51189 0.000692543 0.000692543
0.48811 0.51189 0.000692543 0.000692543
0.48811 0.51189 0.000692543 0.000692543
0.48811 0.51189 0.000692543 0.000692543
0.48811 0.51189 0.000692543 0.000692543
0.48811 0.51189 0.000692543 0.000692543
0.48811 0.51189 0.000692543 0.000692543
0.48811 0.51189 0.000692543 0.000692543
0.48811 0.51189 0.000692543 0.000692543
0.48811 0.51189 0.000692543 0.000692543
0.48811 0.51189 0.000692543 0.000692543
0.48811 0.51189 0.000692543 0.000692543
0.48811 0.51189 0.000692543 0.000692543
0.48811 0.51189 0.000692543 0.000692543
0.48811 0.51189 0.000692543 0.000692543
0.48811 0.51189 0.000692543 0.000692543
0.48811 0.51189 0.000692543 0.000692543
0.48811 0.51189 0.000692543 0.000692543
0.48811 0.51189 0.000692543 0.000692543
0.48811 0.51189 0.000692543 0.000692543
0.48811 0.51189 0.000692543 0.000692543
0.48811 0.51189 0.000692543 0.000692543
0.4881 0.5119 0.000692838 0.000692838
0.4881 0.5119 0.000692838 0.000692838
0.4881 0.5119 0.000692838 0.000692838
0.4881 0.5119 0.000692838 0.000692838
0.4881 0.5119 0.000692838 0.000692838
0.4881 0.5119 0.000692838 0.000692838
0.48811 0.51189 0.000692503 0.000692503
0.48811 0.51189 0.000692503 0.000692503
0.48811 0.51189 0.000692503 0.000692503
0.48812 0.51188 0.000692208 0.000692208
0.48811 0.51189 0.000692543 0.000692543
0.4881 0.5119 0.000692838 0.000692838
0.4881 0.5119 0.000692838 0.000692838
0.4881 0.5119 0.000692838 0.000692838
0.4881 0.5119 0.000692838 0.000692838
0.4881 0.5119 0.000692838 0.000692838
0.4881 0.5119 0.000692838 0.000692838
0.4881 0.5119 0.000692838 0.000692838
0.4881 0.5119 0.000692838 0.000692838
0.4881 0.5119 0.000692838 0.000692838
0.4881 0.5119 0.000692838 0.000692838
0.4881 0.5119 0.000692838 0.000692838
0.4881 0.5119 0.000692838 0.000692838
0.4881 0.5119 0.000692838 0.000692838
0.48809 0.51191 0.000693982 0.000693982
0.48809 0.51191 0.000693982 0.000693982
0.48809 0.51191 0.000693982 0.000693982
0.48809 0.51191 0.000693982 0.000693982
0.48809 0.51191 0.000693982 0.000693982
0.48808 0.51192 0.000695044 0.000695044
0.48808 0.51192 0.000695044 0.000695044
0.48808 0.51192 0.000695044 0.000695044
0.48809 0.51191 0.000693982 0.000693982
0.48809 0.51191 0.000693982 0.000693982
0.48809 0.51191 0.000693982 0.000693982
0.48809 0.51191 0.000693982 0.000693982
0.48809 0.51191 0.000693982 0.000693982
0.48809 0.51191 0.000693982 0.000693982
0.48808 0.51192 0.000695044 0.000695044
0.48808 0.51192 0.000695044 0.000695044
0.48809 0.51191 0.000695456 0.000695456
0.48809 0.51191 0.000695456 0.000695456
0.48809 0.51191 0.000695456 0.000695456
0.48809 0.51191 0.000695456 0.000695456
0.48809 0.51191 0.000695456 0.000695456
0.48809 0.51191 0.000695456 0.000695456
0.48809 0.51191 0.000695456 0.000695456
0.48809 0.51191 0.000695456 0.000695456
0.48809 0.51191 0.000695456 0.000695456
0.48809 0.51191 0.000695456 0.000695456
0.48809 0.51191 0.000695456 0.000695456
0.48809 0.51191 0.000695456 0.000695456
0.48809 0.51191 0.000695456 0.000695456
0.48809 0.51191 0.000695456 0.000695456
0.48809 0.51191 0.000695456 0.000695456
0.48809 0.51191 0.000695456 0.000695456
0.48809 0.51191 0.000695456 0.000695456
0.48809 0.51191 0.000695456 0.000695456
0.48809 0.51191 0.000695456 0.000695456
0.48809 0.51191 0.000695456 0.000695456
0.48809 0.51191 0.000695456 0.000695456
0.48809 0.51191 0.000695456 0.000695456
0.48809 0.51191 0.000695456 0.000695456
0.48809 0.51191 0.000695456 0.000695456
0.4881 0.5119 0.000695121 0.000695121
0.4881 0.5119 0.000695121 0.000695121
0.4881 0.5119 0.000695121 0.000695121
0.4881 0.5119 0.000695121 0.000695121
0.4881 0.5119 0.000695121 0.000695121
0.4881 0.5119 0.000695121 0.000695121
0.4881 0.5119 0.000695121 0.000695121
0.4881 0.5119 0.000695121 0.000695121
0.4881 0.5119 0.000695121 0.000695121
0.4881 0.5119 0.000695121 0.000695121
0.4881 0.5119 0.000695121 0.000695121
0.4881 0.5119 0.000695121 0.000695121
0.4881 0.5119 0.000695121 0.000695121
0.4881 0.5119 0.000695121 0.000695121
0.4881 0.5119 0.000695121 0.000695121
0.4881 0.5119 0.000695121 0.000695121
0.4881 0.5119 0.000695121 0.000695121
0.4881 0.5119 0.000695121 0.000695121
0.4881 0.5119 0.000695121 0.000695121
0.4881 0.5119 0.000695121 0.000695121
0.4881 0.5119 0.000695121 0.000695121
0.4881 0.5119 0.000695121 0.000695121
0.4881 0.5119 0.000695121 0.000695121
0.4881 0.5119 0.000695121 0.000695121
0.4881 0.5119 0.000695121 0.000695121
0.4881 0.5119 0.000695121 0.000695121
0.4881 0.5119 0.000695121 0.000695121
0.4881 0.5119 0.000695121 0.000695121
0.4881 0.5119 0.000695121 0.000695121
0.4881 0.5119 0.000695121 0.000695121
0.4881 0.5119 0.000695121 0.000695121
0.4881 0.5119 0.000695121 0.000695121
0.4881 0.5119 0.000695121 0.000695121
0.4881 0.5119 0.000695121 0.000695121
0.4881 0.5119 0.000695121 0.000695121
0.4881 0.5119 0.000695121 0.000695121
0.4881 0.5119 0.000695121 0.000695121
0.4881 0.5119 0.000695121 0.000695121
0.4881 0.5119 0.000695121 0.000695121
0.4881 0.5119 0.000695121 0.000695121
0.4881 0.5119 0.000695121 0.000695121
0.4881 0.5119 0.000695121 0.000695121
0.4881 0.5119 0.000695121 0.000695121
0.4881 0.5119 0.000695121 0.000695121
0.4881 0.5119 0.000695121 0.000695121
0.4881 0.5119 0.000695121 0.000695121
0.4881 0.5119 0.000695121 0.000695121
0.4881 0.5119 0.000695121 0.000695121
0.4881 0.5119 0.000695121 0.000695121
0.4881 0.5119 0.000695121 0.000695121
0.4881 0.5119 0.000695121 0.000695121
0.4881 0.5119 0.000695121 0.000695121
0.4881 0.5119 0.000695121 0.000695121
0.4881 0.5119 0.000695121 0.000695121
0.4881 0.5119 0.000695121 0.000695121
0.4881 0.5119 0.000695121 0.000695121
0.4881 0.5119 0.000695121 0.000695121
0.4881 0.5119 0.000695121 0.000695121
0.4881 0.5119 0.000695121 0.000695121
0.4881 0.5119 0.000695121 0.000695121
0.4881 0.5119 0.000695121 0.000695121
0.4881 0.5119 0.000695121 0.000695121
0.48809 0.51191 0.000695355 0.000695355
0.48809 0.51191 0.000695355 0.000695355
0.4881 0.5119 0.000694253 0.000694253
0.4881 0.5119 0.000694253 0.000694253
0.4881 0.5119 0.000694253 0.000694253
0.4881 0.5119 0.000694253 0.000694253
0.4881 0.5119 0.000694253 0.000694253
0.48811 0.51189 0.000695048 0.000695048
0.48811 0.51189 0.000695048 0.000695048
0.48811 0.51189 0.000695048 0.000695048
0.48811 0.51189 0.000695048 0.000695048
0.48811 0.51189 0.000695048 0.000695048
0.48812 0.51188 0.000694814 0.000694814
0.48812 0.51188 0.000694814 0.000694814
0.48812 0.51188 0.000694814 0.000694814
0.48812 0.51188 0.000694814 0.000694814
0.48812 0.51188 0.000694814 0.000694814
0.48812 0.51188 0.000694814 0.000694814
0.48811 0.51189 0.000695048 0.000695048
0.48811 0.51189 0.000695048 0.000695048
0.48811 0.51189 0.000695048 0.000695048
0.48811 0.51189 0.000695048 0.000695048
0.48811 0.51189 0.000695048 0.000695048
0.48811 0.51189 0.000695048 0.000695048
0.48811 0.51189 0.000695048 0.000695048
0.48811 0.51189 0.000695048 0.000695048
0.48811 0.51189 0.000695048 0.000695048
0.48811 0.51189 0.000695048 0.000695048
0.48811 0.51189 0.000695048 0.000695048
0.48812 0.51188 0.000695743 0.000695743
0.48812 0.51188 0.000695743 0.000695743
0.48812 0.51188 0.000695743 0.000695743
0.48811 0.51189 0.000695048 0.000695048
0.48811 0.51189 0.000695048 0.000695048
0.48811 0.51189 0.000695048 0.000695048
0.48811 0.51189 0.000695048 0.000695048
0.48811 0.51189 0.000695048 0.000695048
0.48811 0.51189 0.000695048 0.000695048
0.48811 0.51189 0.000695048 0.000695048
0.48811 0.51189 0.000695048 0.000695048
0.48811 0.51189 0.000695048 0.000695048
0.48811 0.51189 0.000695048 0.000695048
0.48811 0.51189 0.000695048 0.000695048
0.48811 0.51189 0.000695048 0.000695048
0.48811 0.51189 0.000695048 0.000695048
0.48811 0.51189 0.000695048 0.000695048
0.48811 0.51189 0.000695048 0.000695048
0.48811 0.51189 0.000695048 0.000695048
0.48811 0.51189 0.000695048 0.000695048
0.48811 0.51189 0.000695048 0.000695048
0.48811 0.51189 0.000695048 0.000695048
0.48811 0.51189 0.000695048 0.000695048
0.48811 0.51189 0.000695048 0.000695048
0.48811 0.51189 0.000695048 0.000695048
