0.50024 0.49976 8.68929e-06 8.68929e-06
0.50043 0.49957 1.71971e-05 1.71971e-05
0.50041 0.49959 2.48908e-05 2.48908e-05
0.50045 0.49955 3.00682e-05 3.00682e-05
0.50024 0.49976 3.50529e-05 3.50529e-05
0.50037 0.49963 4.05991e-05 4.05991e-05
0.5004 0.4996 4.37172e-05 4.37172e-05
0.50041 0.49959 4.83252e-05 4.83252e-05
0.50101 0.49899 5.08181e-05 5.08181e-05
0.5012 0.4988 5.86667e-05 5.86667e-05
0.50128 0.49872 6.73956e-05 6.73956e-05
0.50147 0.49853 6.88779e-05 6.88779e-05
0.5015 0.4985 7.5303e-05 7.5303e-05
0.50156 0.49844 8.29358e-05 8.29358e-05
0.50172 0.49828 8.19814e-05 8.19814e-05
0.50178 0.49822 9.09814e-05 9.09814e-05
0.50214 0.49786 0.000101334 0.000101334
0.50226 0.49774 0.000101346 0.000101346
0.50236 0.49764 0.000105223 0.000105223
0.50213 0.49787 0.000108235 0.000108235
0.50214 0.49786 0.000117031 0.000117031
0.50237 0.49763 0.000118963 0.000118963
0.50243 0.49757 0.000122591 0.000122591
0.50239 0.49761 0.000123695 0.000123695
0.50234 0.49766 0.000129439 0.000129439
0.50213 0.49787 0.000133932 0.000133932
0.5022 0.4978 0.000132788 0.000132788
0.50241 0.49759 0.000131234 0.000131234
0.50242 0.49758 0.000134428 0.000134428
0.50235 0.49765 0.000137705 0.000137705
0.50238 0.49762 0.000142056 0.000142056
0.50222 0.49778 0.000141749 0.000141749
0.50216 0.49784 0.000144439 0.000144439
0.50203 0.49797 0.000149019 0.000149019
0.50225 0.49775 0.000154189 0.000154189
0.50224 0.49776 0.000146346 0.000146346
0.50227 0.49773 0.000147613 0.000147613
0.50236 0.49764 0.000150495 0.000150495
0.50241 0.49759 0.000150547 0.000150547
0.50247 0.49753 0.000151322 0.000151322
0.50235 0.49765 0.000152977 0.000152977
0.5022 0.4978 0.000151293 0.000151293
0.5022 0.4978 0.000153172 0.000153172
0.50211 0.49789 0.000157351 0.000157351
0.50213 0.49787 0.00016268 0.00016268
0.50227 0.49773 0.000160926 0.000160926
0.50225 0.49775 0.00016128 0.00016128
0.50202 0.49798 0.000167616 0.000167616
0.50197 0.49803 0.000170656 0.000170656
0.50195 0.49805 0.000171442 0.000171442
0.50196 0.49804 0.0001702 0.0001702
0.50217 0.49783 0.000173173 0.000173173
0.50223 0.49777 0.000172199 0.000172199
0.50231 0.49769 0.000174701 0.000174701
0.50239 0.49761 0.000173937 0.000173937
0.50233 0.49767 0.000176324 0.000176324
0.5024 0.4976 0.000178949 0.000178949
0.50234 0.49766 0.000180712 0.000180712
0.50235 0.49765 0.000180775 0.000180775
0.50245 0.49755 0.000180472 0.000180472
0.50253 0.49747 0.000180211 0.000180211
0.50259 0.49741 0.000180446 0.000180446
0.50249 0.49751 0.000181707 0.000181707
0.50247 0.49753 0.000182191 0.000182191
0.5025 0.4975 0.000182859 0.000182859
0.50246 0.49754 0.000182514 0.000182514
0.50244 0.49756 0.000184592 0.000184592
0.50248 0.49752 0.000187303 0.000187303
0.50249 0.49751 0.000187242 0.000187242
0.50244 0.49756 0.000186572 0.000186572
0.50243 0.49757 0.000188369 0.000188369
0.50232 0.49768 0.000188725 0.000188725
0.50228 0.49772 0.000190224 0.000190224
0.50228 0.49772 0.000192163 0.000192163
0.50226 0.49774 0.000190053 0.000190053
0.50229 0.49771 0.000187642 0.000187642
0.50225 0.49775 0.000186593 0.000186593
0.50229 0.49771 0.000185319 0.000185319
0.50234 0.49766 0.000186085 0.000186085
0.50237 0.49763 0.000185266 0.000185266
0.50236 0.49764 0.000186192 0.000186192
0.50238 0.49762 0.000186985 0.000186985
0.50234 0.49766 0.000190247 0.000190247
0.50244 0.49756 0.000191461 0.000191461
0.50238 0.49762 0.000192379 0.000192379
0.50238 0.49762 0.000191834 0.000191834
0.50235 0.49765 0.00019122 0.00019122
0.50237 0.49763 0.000194074 0.000194074
0.50241 0.49759 0.000194547 0.000194547
0.50243 0.49757 0.000195743 0.000195743
0.50245 0.49755 0.000195523 0.000195523
0.50244 0.49756 0.000196269 0.000196269
0.50245 0.49755 0.000195543 0.000195543
0.50243 0.49757 0.000195217 0.000195217
0.50242 0.49758 0.000194307 0.000194307
0.5024 0.4976 0.000196222 0.000196222
0.50239 0.49761 0.000195392 0.000195392
0.50234 0.49766 0.000195479 0.000195479
0.50236 0.49764 0.000195142 0.000195142
0.50236 0.49764 0.000195425 0.000195425
0.50236 0.49764 0.000195707 0.000195707
0.50234 0.49766 0.000195015 0.000195015
0.5023 0.4977 0.00019498 0.00019498
0.50229 0.49771 0.000195077 0.000195077
0.50237 0.49763 0.000197044 0.000197044
0.50237 0.49763 0.000197549 0.000197549
0.5024 0.4976 0.000197899 0.000197899
0.50236 0.49764 0.000197849 0.000197849
0.50236 0.49764 0.000197768 0.000197768
0.50236 0.49764 0.000197101 0.000197101
0.50236 0.49764 0.000196879 0.000196879
0.50234 0.49766 0.000196429 0.000196429
0.50228 0.49772 0.000197012 0.000197012
0.50224 0.49776 0.000197942 0.000197942
0.50225 0.49775 0.000198371 0.000198371
0.5023 0.4977 0.000198697 0.000198697
0.50235 0.49765 0.000197967 0.000197967
0.50234 0.49766 0.000199722 0.000199722
0.50232 0.49768 0.000199816 0.000199816
0.50233 0.49767 0.000200547 0.000200547
0.50233 0.49767 0.000201375 0.000201375
0.50235 0.49765 0.000202351 0.000202351
0.50234 0.49766 0.000203055 0.000203055
0.50234 0.49766 0.000202146 0.000202146
0.50233 0.49767 0.000202425 0.000202425
0.50236 0.49764 0.000203202 0.000203202
0.50241 0.49759 0.000203658 0.000203658
0.50241 0.49759 0.000204083 0.000204083
0.50237 0.49763 0.000204458 0.000204458
0.50237 0.49763 0.000204579 0.000204579
0.50233 0.49767 0.000205173 0.000205173
0.50236 0.49764 0.000204738 0.000204738
0.50239 0.49761 0.000204968 0.000204968
0.50238 0.49762 0.000204824 0.000204824
0.50237 0.49763 0.00020472 0.00020472
0.50236 0.49764 0.000204556 0.000204556
0.50235 0.49765 0.000204149 0.000204149
0.50236 0.49764 0.000204374 0.000204374
0.50239 0.49761 0.000204745 0.000204745
0.50238 0.49762 0.000204763 0.000204763
0.50236 0.49764 0.00020393 0.00020393
0.50236 0.49764 0.000204253 0.000204253
0.50236 0.49764 0.000204253 0.000204253
0.50237 0.49763 0.000205165 0.000205165
0.50237 0.49763 0.000205448 0.000205448
0.50237 0.49763 0.000205448 0.000205448
0.50237 0.49763 0.000205448 0.000205448
0.50236 0.49764 0.000206031 0.000206031
0.50235 0.49765 0.000205826 0.000205826
0.50234 0.49766 0.00020556 0.00020556
0.50235 0.49765 0.000206452 0.000206452
0.50235 0.49765 0.000206513 0.000206513
0.50235 0.49765 0.000206513 0.000206513
0.50236 0.49764 0.000206758 0.000206758
0.50236 0.49764 0.000206758 0.000206758
0.50236 0.49764 0.000207606 0.000207606
0.50236 0.49764 0.000207606 0.000207606
0.50236 0.49764 0.000207182 0.000207182
0.50237 0.49763 0.00020767 0.00020767
0.50238 0.49762 0.000207773 0.000207773
0.50239 0.49761 0.000207715 0.000207715
0.5024 0.4976 0.000207838 0.000207838
0.5024 0.4976 0.000207838 0.000207838
0.50239 0.49761 0.000208058 0.000208058
0.50239 0.49761 0.000208058 0.000208058
0.50239 0.49761 0.000208159 0.000208159
0.50241 0.49759 0.00020885 0.00020885
0.50241 0.49759 0.00020885 0.00020885
0.50243 0.49757 0.000209621 0.000209621
0.50242 0.49758 0.000209903 0.000209903
0.5024 0.4976 0.000210202 0.000210202
0.5024 0.4976 0.000210202 0.000210202
0.5024 0.4976 0.000210202 0.000210202
0.5024 0.4976 0.000210202 0.000210202
0.50239 0.49761 0.000210422 0.000210422
0.50238 0.49762 0.0002104 0.0002104
0.50237 0.49763 0.000210397 0.000210397
0.50238 0.49762 0.000210238 0.000210238
0.50239 0.49761 0.0002102 0.0002102
0.50239 0.49761 0.0002102 0.0002102
0.50239 0.49761 0.0002102 0.0002102
0.50241 0.49759 0.000210446 0.000210446
0.5024 0.4976 0.000210101 0.000210101
0.50241 0.49759 0.000210386 0.000210386
0.50242 0.49758 0.000210832 0.000210832
0.50241 0.49759 0.000211214 0.000211214
0.50241 0.49759 0.000211214 0.000211214
0.50241 0.49759 0.000211214 0.000211214
0.5024 0.4976 0.000211172 0.000211172
0.5024 0.4976 0.000211636 0.000211636
0.5024 0.4976 0.000211636 0.000211636
0.50239 0.49761 0.000211291 0.000211291
0.50239 0.49761 0.000211291 0.000211291
0.50239 0.49761 0.000211291 0.000211291
0.5024 0.4976 0.000211717 0.000211717
0.5024 0.4976 0.000211717 0.000211717
0.5024 0.4976 0.000211717 0.000211717
0.50242 0.49758 0.000211903 0.000211903
0.50242 0.49758 0.000211903 0.000211903
0.50242 0.49758 0.000211903 0.000211903
0.50242 0.49758 0.000211903 0.000211903
0.50242 0.49758 0.000211903 0.000211903
0.50242 0.49758 0.000211903 0.000211903
0.50242 0.49758 0.000211903 0.000211903
0.50243 0.49757 0.000211682 0.000211682
0.50243 0.49757 0.000211682 0.000211682
0.50243 0.49757 0.000211682 0.000211682
0.50243 0.49757 0.000211682 0.000211682
0.50243 0.49757 0.000211682 0.000211682
0.50243 0.49757 0.000211682 0.000211682
0.50244 0.49756 0.000211885 0.000211885
0.50244 0.49756 0.000211885 0.000211885
0.50245 0.49755 0.000212129 0.000212129
0.50245 0.49755 0.000212129 0.000212129
0.50245 0.49755 0.000212129 0.000212129
0.50246 0.49754 0.000212392 0.000212392
0.50246 0.49754 0.000212392 0.000212392
0.50245 0.49755 0.00021225 0.00021225
0.50244 0.49756 0.000212208 0.000212208
0.50245 0.49755 0.000212432 0.000212432
0.50244 0.49756 0.000212208 0.000212208
0.50244 0.49756 0.000212208 0.000212208
0.50243 0.49757 0.000212429 0.000212429
0.50243 0.49757 0.000212611 0.000212611
0.50244 0.49756 0.000212653 0.000212653
0.50245 0.49755 0.00021326 0.00021326
0.50245 0.49755 0.00021326 0.00021326
0.50244 0.49756 0.000213804 0.000213804
0.50243 0.49757 0.000214106 0.000214106
0.50244 0.49756 0.000214411 0.000214411
0.50244 0.49756 0.000214411 0.000214411
0.50244 0.49756 0.000214411 0.000214411
0.50244 0.49756 0.000214411 0.000214411
0.50246 0.49754 0.000215281 0.000215281
0.50244 0.49756 0.000216208 0.000216208
0.50244 0.49756 0.000216208 0.000216208
0.50244 0.49756 0.000216208 0.000216208
0.50245 0.49755 0.000215987 0.000215987
0.50245 0.49755 0.000215987 0.000215987
0.50245 0.49755 0.000215987 0.000215987
0.50246 0.49754 0.000215847 0.000215847
0.50247 0.49753 0.000216151 0.000216151
0.50247 0.49753 0.000216151 0.000216151
0.50248 0.49752 0.000215949 0.000215949
0.50248 0.49752 0.000215949 0.000215949
0.50248 0.49752 0.000215949 0.000215949
0.50247 0.49753 0.000216151 0.000216151
0.50247 0.49753 0.000216151 0.000216151
0.50247 0.49753 0.000216151 0.000216151
0.50246 0.49754 0.000216372 0.000216372
0.50246 0.49754 0.000216372 0.000216372
0.50246 0.49754 0.000216372 0.000216372
0.50246 0.49754 0.000216372 0.000216372
0.50246 0.49754 0.000216372 0.000216372
0.50246 0.49754 0.000216372 0.000216372
0.50246 0.49754 0.000216372 0.000216372
0.50247 0.49753 0.000217019 0.000217019
0.50247 0.49753 0.000217019 0.000217019
0.50247 0.49753 0.000217019 0.000217019
0.50247 0.49753 0.000217019 0.000217019
0.50248 0.49752 0.00021702 0.00021702
0.50248 0.49752 0.00021702 0.00021702
0.50248 0.49752 0.00021702 0.00021702
0.50248 0.49752 0.00021702 0.00021702
0.50248 0.49752 0.00021702 0.00021702
0.50248 0.49752 0.00021702 0.00021702
0.50248 0.49752 0.00021702 0.00021702
0.50248 0.49752 0.00021702 0.00021702
0.50249 0.49751 0.00021704 0.00021704
0.50248 0.49752 0.000216798 0.000216798
0.50247 0.49753 0.000217181 0.000217181
0.50247 0.49753 0.000217181 0.000217181
0.50247 0.49753 0.000217181 0.000217181
0.50248 0.49752 0.000217323 0.000217323
0.50248 0.49752 0.000217323 0.000217323
0.50248 0.49752 0.000217323 0.000217323
0.50248 0.49752 0.000217323 0.000217323
0.50248 0.49752 0.000217323 0.000217323
0.50248 0.49752 0.000217323 0.000217323
0.50248 0.49752 0.000217323 0.000217323
0.50248 0.49752 0.000217323 0.000217323
0.50248 0.49752 0.000217323 0.000217323
0.50248 0.49752 0.000217323 0.000217323
0.50248 0.49752 0.000217323 0.000217323
0.50247 0.49753 0.000217221 0.000217221
0.50247 0.49753 0.000217221 0.000217221
0.50247 0.49753 0.000217221 0.000217221
0.50247 0.49753 0.000217221 0.000217221
0.50246 0.49754 0.000217221 0.000217221
0.50247 0.49753 0.000217019 0.000217019
0.50247 0.49753 0.000217019 0.000217019
0.50247 0.49753 0.000217019 0.000217019
0.50247 0.49753 0.000217019 0.000217019
0.50247 0.49753 0.000217019 0.000217019
0.50247 0.49753 0.000217019 0.000217019
0.50247 0.49753 0.000217019 0.000217019
0.50247 0.49753 0.000217019 0.000217019
0.50246 0.49754 0.000217039 0.000217039
0.50246 0.49754 0.000217039 0.000217039
0.50246 0.49754 0.000217039 0.000217039
0.50246 0.49754 0.000217039 0.000217039
0.50246 0.49754 0.000217039 0.000217039
0.50246 0.49754 0.000217039 0.000217039
0.50246 0.49754 0.000217039 0.000217039
0.50246 0.49754 0.000217039 0.000217039
0.50246 0.49754 0.000217039 0.000217039
0.50246 0.49754 0.000217039 0.000217039
0.50247 0.49753 0.000217161 0.000217161
0.50247 0.49753 0.000217161 0.000217161
0.50247 0.49753 0.000217161 0.000217161
0.50247 0.49753 0.000217161 0.000217161
0.50247 0.49753 0.000217161 0.000217161
0.50247 0.49753 0.000217161 0.000217161
0.50247 0.49753 0.000217161 0.000217161
0.50247 0.49753 0.000217161 0.000217161
0.50247 0.49753 0.000217161 0.000217161
0.50247 0.49753 0.000217161 0.000217161
0.50246 0.49754 0.000217099 0.000217099
0.50246 0.49754 0.000217099 0.000217099
0.50246 0.49754 0.000217099 0.000217099
0.50245 0.49755 0.000217098 0.000217098
0.50245 0.49755 0.000217098 0.000217098
0.50246 0.49754 0.000217301 0.000217301
0.50246 0.49754 0.000217301 0.000217301
0.50246 0.49754 0.000217301 0.000217301
0.50245 0.49755 0.000217098 0.000217098
0.50245 0.49755 0.000217098 0.000217098
0.50245 0.49755 0.000217098 0.000217098
0.50245 0.49755 0.000217098 0.000217098
0.50244 0.49756 0.000217461 0.000217461
0.50244 0.49756 0.000217461 0.000217461
0.50244 0.49756 0.000217461 0.000217461
0.50244 0.49756 0.000217461 0.000217461
0.50244 0.49756 0.000217461 0.000217461
0.50244 0.49756 0.000217461 0.000217461
0.50245 0.49755 0.000217442 0.000217442
0.50245 0.49755 0.000217442 0.000217442
0.50245 0.49755 0.000217442 0.000217442
0.50245 0.49755 0.000217442 0.000217442
0.50245 0.49755 0.000217442 0.000217442
0.50245 0.49755 0.000217442 0.000217442
0.50245 0.49755 0.000217442 0.000217442
0.50245 0.49755 0.000217442 0.000217442
0.50245 0.49755 0.000217442 0.000217442
0.50245 0.49755 0.000217442 0.000217442
0.50246 0.49754 0.000217786 0.000217786
0.50247 0.49753 0.000217383 0.000217383
0.50247 0.49753 0.000217383 0.000217383
0.50247 0.49753 0.000217383 0.000217383
0.50247 0.49753 0.000217383 0.000217383
0.50247 0.49753 0.000217383 0.000217383
0.50247 0.49753 0.000218211 0.000218211
0.50247 0.49753 0.000218211 0.000218211
0.50247 0.49753 0.000218211 0.000218211
0.50248 0.49752 0.000218515 0.000218515
0.50248 0.49752 0.000218515 0.000218515
0.50247 0.49753 0.000218555 0.000218555
0.50247 0.49753 0.000218555 0.000218555
0.50247 0.49753 0.000218555 0.000218555
0.50248 0.49752 0.000217929 0.000217929
0.50248 0.49752 0.000217929 0.000217929
0.50249 0.49751 0.000217424 0.000217424
0.50249 0.49751 0.000217424 0.000217424
0.50248 0.49752 0.000217707 0.000217707
0.50248 0.49752 0.000217707 0.000217707
0.50248 0.49752 0.000217707 0.000217707
0.50248 0.49752 0.000217707 0.000217707
0.50248 0.49752 0.000217707 0.000217707
0.50247 0.49753 0.000218332 0.000218332
0.50247 0.49753 0.000218332 0.000218332
0.50247 0.49753 0.000218332 0.000218332
0.50248 0.49752 0.000218656 0.000218656
0.50248 0.49752 0.000218656 0.000218656
0.50248 0.49752 0.000218656 0.000218656
0.50248 0.49752 0.000218656 0.000218656
0.50248 0.49752 0.000218656 0.000218656
0.50248 0.49752 0.000218656 0.000218656
0.50248 0.49752 0.000218656 0.000218656
0.50248 0.49752 0.000218656 0.000218656
0.50248 0.49752 0.000218656 0.000218656
0.50248 0.49752 0.000218656 0.000218656
0.50248 0.49752 0.000218656 0.000218656
0.50248 0.49752 0.000218656 0.000218656
0.50251 0.49749 0.000219323 0.000219323
0.50251 0.49749 0.000219323 0.000219323
0.50251 0.49749 0.000219323 0.000219323
0.50252 0.49748 0.000219303 0.000219303
0.50252 0.49748 0.000219303 0.000219303
0.50253 0.49747 0.000219161 0.000219161
0.50253 0.49747 0.000219161 0.000219161
0.50253 0.49747 0.000219161 0.000219161
0.50253 0.49747 0.000219161 0.000219161
0.50253 0.49747 0.000219161 0.000219161
0.50253 0.49747 0.000219161 0.000219161
0.50253 0.49747 0.000219161 0.000219161
0.50253 0.49747 0.000219161 0.000219161
0.50253 0.49747 0.000219161 0.000219161
0.50253 0.49747 0.000219161 0.000219161
0.50253 0.49747 0.000219161 0.000219161
0.50253 0.49747 0.000219161 0.000219161
0.50253 0.49747 0.000219161 0.000219161
0.50253 0.49747 0.000219161 0.000219161
0.50253 0.49747 0.000219161 0.000219161
0.50253 0.49747 0.000219161 0.000219161
0.50254 0.49746 0.000218796 0.000218796
0.50254 0.49746 0.000218796 0.000218796
0.50254 0.49746 0.000218796 0.000218796
0.50254 0.49746 0.000218796 0.000218796
0.50254 0.49746 0.000218796 0.000218796
0.50254 0.49746 0.000218796 0.000218796
0.50254 0.49746 0.000218796 0.000218796
0.50254 0.49746 0.000218796 0.000218796
0.50254 0.49746 0.000218796 0.000218796
0.50254 0.49746 0.000218796 0.000218796
0.50254 0.49746 0.000218796 0.000218796
0.50254 0.49746 0.000218796 0.000218796
0.50254 0.49746 0.000218796 0.000218796
0.50254 0.49746 0.000218796 0.000218796
0.50254 0.49746 0.000218796 0.000218796
0.50254 0.49746 0.000218796 0.000218796
0.50254 0.49746 0.000218796 0.000218796
0.50254 0.49746 0.000218796 0.000218796
0.50255 0.49745 0.000218715 0.000218715
0.50255 0.49745 0.000218715 0.000218715
0.50255 0.49745 0.000218715 0.000218715
0.50255 0.49745 0.000218715 0.000218715
0.50255 0.49745 0.000218715 0.000218715
0.50255 0.49745 0.000218715 0.000218715
0.50255 0.49745 0.000218715 0.000218715
0.50255 0.49745 0.000218715 0.000218715
0.50255 0.49745 0.000218715 0.000218715
0.50255 0.49745 0.000218715 0.000218715
0.50255 0.49745 0.000218715 0.000218715
0.50255 0.49745 0.000218715 0.000218715
0.50255 0.49745 0.000218715 0.000218715
0.50255 0.49745 0.000218715 0.000218715
0.50255 0.49745 0.000218715 0.000218715
0.50255 0.49745 0.000218715 0.000218715
0.50255 0.49745 0.000218715 0.000218715
0.50255 0.49745 0.000218715 0.000218715
0.50255 0.49745 0.000218715 0.000218715
0.50255 0.49745 0.000218715 0.000218715
0.50255 0.49745 0.000218715 0.000218715
0.50255 0.49745 0.000218715 0.000218715
0.50255 0.49745 0.000218715 0.000218715
0.50255 0.49745 0.000218715 0.000218715
0.50255 0.49745 0.000218715 0.000218715
0.50255 0.49745 0.000218715 0.000218715
0.50255 0.49745 0.000218715 0.000218715
0.50255 0.49745 0.000218715 0.000218715
0.50255 0.49745 0.000218715 0.000218715
0.50255 0.49745 0.000218715 0.000218715
0.50255 0.49745 0.000218715 0.000218715
0.50255 0.49745 0.000218715 0.000218715
0.50254 0.49746 0.000218413 0.000218413
0.50254 0.49746 0.000218413 0.000218413
0.50254 0.49746 0.000218413 0.000218413
0.50254 0.49746 0.000218413 0.000218413
0.50254 0.49746 0.000218413 0.000218413
0.50254 0.49746 0.000218413 0.000218413
0.50254 0.49746 0.000218413 0.000218413
0.50254 0.49746 0.000218413 0.000218413
0.50254 0.49746 0.000218413 0.000218413
0.50254 0.49746 0.000218413 0.000218413
0.50254 0.49746 0.000218413 0.000218413
0.50254 0.49746 0.000218413 0.000218413
0.50254 0.49746 0.000218413 0.000218413
0.50254 0.49746 0.000218413 0.000218413
0.50254 0.49746 0.000218413 0.000218413
0.50254 0.49746 0.000218413 0.000218413
0.50254 0.49746 0.000218413 0.000218413
0.50253 0.49747 0.000218191 0.000218191
0.50253 0.49747 0.000218191 0.000218191
0.50253 0.49747 0.000218191 0.000218191
0.50253 0.49747 0.000218191 0.000218191
0.50253 0.49747 0.000218191 0.000218191
0.50253 0.49747 0.000218191 0.000218191
0.50254 0.49746 0.000218756 0.000218756
0.50254 0.49746 0.000218756 0.000218756
0.50254 0.49746 0.000218756 0.000218756
0.50254 0.49746 0.000218756 0.000218756
0.50254 0.49746 0.000218756 0.000218756
0.50254 0.49746 0.000218756 0.000218756
0.50254 0.49746 0.000218756 0.000218756
0.50254 0.49746 0.000218756 0.000218756
0.50254 0.49746 0.000218756 0.000218756
0.50254 0.49746 0.000218756 0.000218756
0.50254 0.49746 0.000218756 0.000218756
0.50254 0.49746 0.000218756 0.000218756
0.50254 0.49746 0.000218756 0.000218756
0.50254 0.49746 0.000218756 0.000218756
0.50254 0.49746 0.000218756 0.000218756
0.50255 0.49745 0.000218755 0.000218755
0.50255 0.49745 0.000218755 0.000218755
0.50255 0.49745 0.000218755 0.000218755
0.50255 0.49745 0.000218755 0.000218755
0.50255 0.49745 0.000218755 0.000218755
0.50255 0.49745 0.000218755 0.000218755
0.50255 0.49745 0.000218755 0.000218755
0.50256 0.49744 0.000219077 0.000219077
