0.49822 0.50178 4.59309e-05 4.59309e-05
0.49738 0.50262 0.000103773 0.000103773
0.49522 0.50478 0.000168254 0.000168254
0.49518 0.50482 0.000236897 0.000236897
0.49449 0.50551 0.000350778 0.000350778
0.49309 0.50691 0.000417133 0.000417133
0.49239 0.50761 0.000492119 0.000492119
0.49223 0.50777 0.000567189 0.000567189
0.49117 0.50883 0.000630001 0.000630001
0.49085 0.50915 0.000694553 0.000694553
0.49032 0.50968 0.000770886 0.000770886
0.48956 0.51044 0.000842027 0.000842027
0.48917 0.51083 0.000893536 0.000893536
0.48879 0.51121 0.000942774 0.000942774
0.48798 0.51202 0.000994181 0.000994181
0.48724 0.51276 0.00104493 0.00104493
0.4868 0.5132 0.0010776 0.0010776
0.48608 0.51392 0.00111969 0.00111969
0.48606 0.51394 0.00116503 0.00116503
0.48558 0.51442 0.00118784 0.00118784
0.48522 0.51478 0.00118203 0.00118203
0.4849 0.5151 0.00122324 0.00122324
0.4848 0.5152 0.00125984 0.00125984
0.48464 0.51536 0.00127128 0.00127128
0.48444 0.51556 0.00127641 0.00127641
0.48435 0.51565 0.00127676 0.00127676
0.48417 0.51583 0.00130441 0.00130441
0.4842 0.5158 0.0013156 0.0013156
0.48437 0.51563 0.00131092 0.00131092
0.48428 0.51572 0.00132546 0.00132546
0.48416 0.51584 0.00133832 0.00133832
0.48411 0.51589 0.00135604 0.00135604
0.48409 0.51591 0.00137366 0.00137366
0.48409 0.51591 0.00139057 0.00139057
0.48412 0.51588 0.0013835 0.0013835
0.48415 0.51585 0.00139094 0.00139094
0.48399 0.51601 0.00140086 0.00140086
0.48398 0.51602 0.00140473 0.00140473
0.48389 0.51611 0.0014227 0.0014227
0.48395 0.51605 0.0014292 0.0014292
0.48396 0.51604 0.00143345 0.00143345
0.48388 0.51612 0.00143722 0.00143722
0.48383 0.51617 0.00144186 0.00144186
0.4838 0.5162 0.00144277 0.00144277
0.4838 0.5162 0.00144636 0.00144636
0.48384 0.51616 0.00145232 0.00145232
0.48379 0.51621 0.00145477 0.00145477
0.48378 0.51622 0.00145686 0.00145686
0.48385 0.51615 0.00146473 0.00146473
0.48391 0.51609 0.00146873 0.00146873
0.48388 0.51612 0.00146269 0.00146269
0.48382 0.51618 0.00146506 0.00146506
0.48379 0.51621 0.00146586 0.00146586
0.48371 0.51629 0.00146512 0.00146512
0.48368 0.51632 0.00146438 0.00146438
0.48368 0.51632 0.00146551 0.00146551
0.48369 0.51631 0.00146549 0.00146549
0.48366 0.51634 0.00146627 0.00146627
0.48364 0.51636 0.00146698 0.00146698
0.48365 0.51635 0.00146789 0.00146789
0.48365 0.51635 0.00146744 0.00146744
0.48366 0.51634 0.00146809 0.00146809
0.48369 0.51631 0.00146864 0.00146864
0.48367 0.51633 0.00146907 0.00146907
0.4837 0.5163 0.00146765 0.00146765
0.4837 0.5163 0.00146765 0.00146765
0.48371 0.51629 0.00146807 0.00146807
0.4837 0.5163 0.00146736 0.00146736
0.48371 0.51629 0.00146857 0.00146857
0.48373 0.51627 0.00146788 0.00146788
0.48373 0.51627 0.00146788 0.00146788
0.48373 0.51627 0.00146788 0.00146788
0.48373 0.51627 0.00146788 0.00146788
0.48373 0.51627 0.00146788 0.00146788
0.48373 0.51627 0.00146788 0.00146788
0.48373 0.51627 0.00146788 0.00146788
0.48374 0.51626 0.00146702 0.00146702
0.48374 0.51626 0.00146702 0.00146702
0.48374 0.51626 0.00146702 0.00146702
0.48374 0.51626 0.00146702 0.00146702
0.48374 0.51626 0.00146702 0.00146702
0.48374 0.51626 0.00146702 0.00146702
0.48374 0.51626 0.00146702 0.00146702
0.48373 0.51627 0.00146763 0.00146763
0.48373 0.51627 0.00146763 0.00146763
0.48372 0.51628 0.00146721 0.00146721
0.48372 0.51628 0.00146721 0.00146721
0.48372 0.51628 0.00146721 0.00146721
0.48372 0.51628 0.00146721 0.00146721
0.48372 0.51628 0.00146721 0.00146721
0.48372 0.51628 0.00146721 0.00146721
0.48372 0.51628 0.00146721 0.00146721
0.48372 0.51628 0.00146721 0.00146721
0.48372 0.51628 0.00146721 0.00146721
0.48371 0.51629 0.0014676 0.0014676
0.48371 0.51629 0.0014676 0.0014676
0.48371 0.51629 0.0014676 0.0014676
0.48371 0.51629 0.0014676 0.0014676
0.48371 0.51629 0.0014676 0.0014676
0.48371 0.51629 0.0014676 0.0014676
0.48371 0.51629 0.0014676 0.0014676
0.48371 0.51629 0.0014676 0.0014676
0.48371 0.51629 0.0014676 0.0014676
0.48371 0.51629 0.0014676 0.0014676
0.48371 0.51629 0.0014676 0.0014676
0.48371 0.51629 0.0014676 0.0014676
0.48372 0.51628 0.0014675 0.0014675
0.48372 0.51628 0.0014675 0.0014675
0.48372 0.51628 0.0014675 0.0014675
0.48372 0.51628 0.0014675 0.0014675
0.48372 0.51628 0.0014675 0.0014675
0.48372 0.51628 0.0014675 0.0014675
0.48372 0.51628 0.0014675 0.0014675
0.48372 0.51628 0.0014675 0.0014675
0.48372 0.51628 0.0014675 0.0014675
0.48372 0.51628 0.0014675 0.0014675
0.48372 0.51628 0.0014675 0.0014675
0.48372 0.51628 0.0014675 0.0014675
0.48372 0.51628 0.0014675 0.0014675
0.48372 0.51628 0.0014675 0.0014675
0.48372 0.51628 0.0014675 0.0014675
0.48372 0.51628 0.0014675 0.0014675
0.48372 0.51628 0.0014675 0.0014675
0.48372 0.51628 0.0014675 0.0014675
0.48372 0.51628 0.0014675 0.0014675
0.48372 0.51628 0.0014675 0.0014675
0.48372 0.51628 0.0014675 0.0014675
0.48372 0.51628 0.0014675 0.0014675
0.48372 0.51628 0.0014675 0.0014675
0.48372 0.51628 0.0014675 0.0014675
0.48372 0.51628 0.0014675 0.0014675
0.48372 0.51628 0.0014675 0.0014675
0.48372 0.51628 0.0014675 0.0014675
0.48372 0.51628 0.0014675 0.0014675
0.48372 0.51628 0.0014675 0.0014675
0.48372 0.51628 0.0014675 0.0014675
0.48372 0.51628 0.0014675 0.0014675
0.48372 0.51628 0.0014675 0.0014675
0.48372 0.51628 0.0014675 0.0014675
0.48372 0.51628 0.0014675 0.0014675
0.48372 0.51628 0.0014675 0.0014675
0.48372 0.51628 0.0014675 0.0014675
0.48372 0.51628 0.0014675 0.0014675
0.48372 0.51628 0.0014675 0.0014675
0.48372 0.51628 0.0014675 0.0014675
0.48372 0.51628 0.0014675 0.0014675
0.48372 0.51628 0.0014675 0.0014675
0.48372 0.51628 0.0014675 0.0014675
0.48372 0.51628 0.0014675 0.0014675
0.48372 0.51628 0.0014675 0.0014675
0.48372 0.51628 0.0014675 0.0014675
0.48372 0.51628 0.0014675 0.0014675
0.48372 0.51628 0.0014675 0.0014675
0.48372 0.51628 0.0014675 0.0014675
0.48372 0.51628 0.0014675 0.0014675
0.48372 0.51628 0.0014675 0.0014675
0.48372 0.51628 0.0014675 0.0014675
0.48372 0.51628 0.0014675 0.0014675
0.48372 0.51628 0.0014675 0.0014675
0.48372 0.51628 0.0014675 0.0014675
0.48372 0.51628 0.0014675 0.0014675
0.48372 0.51628 0.0014675 0.0014675
0.48372 0.51628 0.0014675 0.0014675
0.48372 0.51628 0.0014675 0.0014675
0.48372 0.51628 0.0014675 0.0014675
0.48372 0.51628 0.0014675 0.0014675
0.48372 0.51628 0.0014675 0.0014675
0.48372 0.51628 0.0014675 0.0014675
0.48372 0.51628 0.0014675 0.0014675
0.48372 0.51628 0.0014675 0.0014675
0.48372 0.51628 0.0014675 0.0014675
0.48372 0.51628 0.0014675 0.0014675
0.48372 0.51628 0.0014675 0.0014675
0.48372 0.51628 0.0014675 0.0014675
0.48372 0.51628 0.0014675 0.0014675
0.48372 0.51628 0.0014675 0.0014675
0.48372 0.51628 0.0014675 0.0014675
0.48372 0.51628 0.0014675 0.0014675
0.48372 0.51628 0.0014675 0.0014675
0.48372 0.51628 0.0014675 0.0014675
0.48372 0.51628 0.0014675 0.0014675
0.48372 0.51628 0.0014675 0.0014675
0.48372 0.51628 0.0014675 0.0014675
0.48372 0.51628 0.0014675 0.0014675
0.48372 0.51628 0.0014675 0.0014675
0.48372 0.51628 0.0014675 0.0014675
0.48372 0.51628 0.0014675 0.0014675
0.48372 0.51628 0.0014675 0.0014675
0.48372 0.51628 0.0014675 0.0014675
0.48372 0.51628 0.0014675 0.0014675
0.48372 0.51628 0.0014675 0.0014675
0.48372 0.51628 0.0014675 0.0014675
0.48372 0.51628 0.0014675 0.0014675
0.48372 0.51628 0.0014675 0.0014675
0.48372 0.51628 0.0014675 0.0014675
0.48372 0.51628 0.0014675 0.0014675
0.48372 0.51628 0.0014675 0.0014675
0.48372 0.51628 0.0014675 0.0014675
0.48372 0.51628 0.0014675 0.0014675
0.48372 0.51628 0.0014675 0.0014675
0.48372 0.51628 0.0014675 0.0014675
0.48372 0.51628 0.0014675 0.0014675
0.48372 0.51628 0.0014675 0.0014675
0.48372 0.51628 0.0014675 0.0014675
0.48372 0.51628 0.0014675 0.0014675
0.48372 0.51628 0.0014675 0.0014675
0.48372 0.51628 0.0014675 0.0014675
0.48372 0.51628 0.0014675 0.0014675
0.48372 0.51628 0.0014675 0.0014675
0.48372 0.51628 0.0014675 0.0014675
0.48372 0.51628 0.0014675 0.0014675
0.48372 0.51628 0.0014675 0.0014675
0.48372 0.51628 0.0014675 0.0014675
0.48372 0.51628 0.0014675 0.0014675
0.48372 0.51628 0.0014675 0.0014675
0.48372 0.51628 0.0014675 0.0014675
0.48372 0.51628 0.0014675 0.0014675
0.48372 0.51628 0.0014675 0.0014675
0.48372 0.51628 0.0014675 0.0014675
0.48372 0.51628 0.0014675 0.0014675
0.48372 0.51628 0.0014675 0.0014675
0.48372 0.51628 0.0014675 0.0014675
0.48372 0.51628 0.0014675 0.0014675
0.48372 0.51628 0.0014675 0.0014675
0.48372 0.51628 0.0014675 0.0014675
0.48372 0.51628 0.0014675 0.0014675
0.48372 0.51628 0.0014675 0.0014675
0.48372 0.51628 0.0014675 0.0014675
0.48372 0.51628 0.0014675 0.0014675
0.48372 0.51628 0.0014675 0.0014675
0.48372 0.51628 0.0014675 0.0014675
0.48372 0.51628 0.0014675 0.0014675
0.48372 0.51628 0.0014675 0.0014675
0.48372 0.51628 0.0014675 0.0014675
0.48372 0.51628 0.0014675 0.0014675
0.48372 0.51628 0.0014675 0.0014675
0.48372 0.51628 0.0014675 0.0014675
0.48372 0.51628 0.0014675 0.0014675
0.48372 0.51628 0.0014675 0.0014675
0.48372 0.51628 0.0014675 0.0014675
0.48372 0.51628 0.0014675 0.0014675
0.48372 0.51628 0.0014675 0.0014675
0.48372 0.51628 0.0014675 0.0014675
0.48372 0.51628 0.0014675 0.0014675
0.48372 0.51628 0.0014675 0.0014675
0.48372 0.51628 0.0014675 0.0014675
0.48372 0.51628 0.0014675 0.0014675
0.48372 0.51628 0.0014675 0.0014675
0.48372 0.51628 0.0014675 0.0014675
0.48372 0.51628 0.0014675 0.0014675
0.48372 0.51628 0.0014675 0.0014675
0.48372 0.51628 0.0014675 0.0014675
0.48372 0.51628 0.0014675 0.0014675
0.48372 0.51628 0.0014675 0.0014675
0.48372 0.51628 0.0014675 0.0014675
0.48372 0.51628 0.0014675 0.0014675
0.48372 0.51628 0.0014675 0.0014675
0.48372 0.51628 0.0014675 0.0014675
0.48372 0.51628 0.0014675 0.0014675
0.48372 0.51628 0.0014675 0.0014675
0.48372 0.51628 0.0014675 0.0014675
0.48372 0.51628 0.0014675 0.0014675
0.48372 0.51628 0.0014675 0.0014675
0.48372 0.51628 0.0014675 0.0014675
0.48372 0.51628 0.0014675 0.0014675
0.48372 0.51628 0.0014675 0.0014675
0.48372 0.51628 0.0014675 0.0014675
0.48372 0.51628 0.0014675 0.0014675
0.48372 0.51628 0.0014675 0.0014675
0.48372 0.51628 0.0014675 0.0014675
0.48372 0.51628 0.0014675 0.0014675
0.48372 0.51628 0.0014675 0.0014675
0.48372 0.51628 0.0014675 0.0014675
0.48372 0.51628 0.0014675 0.0014675
0.48372 0.51628 0.0014675 0.0014675
0.48372 0.51628 0.0014675 0.0014675
0.48372 0.51628 0.0014675 0.0014675
0.48372 0.51628 0.0014675 0.0014675
0.48372 0.51628 0.0014675 0.0014675
0.48372 0.51628 0.0014675 0.0014675
0.48372 0.51628 0.0014675 0.0014675
0.48372 0.51628 0.0014675 0.0014675
0.48372 0.51628 0.0014675 0.0014675
0.48372 0.51628 0.0014675 0.0014675
0.48372 0.51628 0.0014675 0.0014675
0.48372 0.51628 0.0014675 0.0014675
0.48372 0.51628 0.0014675 0.0014675
0.48372 0.51628 0.0014675 0.0014675
0.48372 0.51628 0.0014675 0.0014675
0.48372 0.51628 0.0014675 0.0014675
0.48372 0.51628 0.0014675 0.0014675
0.48372 0.51628 0.0014675 0.0014675
0.48372 0.51628 0.0014675 0.0014675
0.48372 0.51628 0.0014675 0.0014675
0.48372 0.51628 0.0014675 0.0014675
0.48372 0.51628 0.0014675 0.0014675
0.48372 0.51628 0.0014675 0.0014675
0.48372 0.51628 0.0014675 0.0014675
0.48372 0.51628 0.0014675 0.0014675
0.48372 0.51628 0.0014675 0.0014675
0.48372 0.51628 0.0014675 0.0014675
0.48372 0.51628 0.0014675 0.0014675
0.48372 0.51628 0.0014675 0.0014675
0.48372 0.51628 0.0014675 0.0014675
0.48372 0.51628 0.0014675 0.0014675
0.48372 0.51628 0.0014675 0.0014675
0.48372 0.51628 0.0014675 0.0014675
0.48372 0.51628 0.0014675 0.0014675
0.48372 0.51628 0.0014675 0.0014675
0.48372 0.51628 0.0014675 0.0014675
0.48372 0.51628 0.0014675 0.0014675
0.48372 0.51628 0.0014675 0.0014675
0.48372 0.51628 0.0014675 0.0014675
0.48372 0.51628 0.0014675 0.0014675
0.48372 0.51628 0.0014675 0.0014675
0.48372 0.51628 0.0014675 0.0014675
0.48372 0.51628 0.0014675 0.0014675
0.48372 0.51628 0.0014675 0.0014675
0.48372 0.51628 0.0014675 0.0014675
0.48372 0.51628 0.0014675 0.0014675
0.48372 0.51628 0.0014675 0.0014675
0.48372 0.51628 0.0014675 0.0014675
0.48372 0.51628 0.0014675 0.0014675
0.48372 0.51628 0.0014675 0.0014675
0.48372 0.51628 0.0014675 0.0014675
0.48372 0.51628 0.0014675 0.0014675
0.48372 0.51628 0.0014675 0.0014675
0.48372 0.51628 0.0014675 0.0014675
0.48372 0.51628 0.0014675 0.0014675
0.48372 0.51628 0.0014675 0.0014675
0.48372 0.51628 0.0014675 0.0014675
0.48372 0.51628 0.0014675 0.0014675
0.48372 0.51628 0.0014675 0.0014675
0.48372 0.51628 0.0014675 0.0014675
0.48372 0.51628 0.0014675 0.0014675
0.48372 0.51628 0.0014675 0.0014675
0.48372 0.51628 0.0014675 0.0014675
0.48372 0.51628 0.0014675 0.0014675
0.48372 0.51628 0.0014675 0.0014675
0.48372 0.51628 0.0014675 0.0014675
0.48372 0.51628 0.0014675 0.0014675
0.48372 0.51628 0.0014675 0.0014675
0.48372 0.51628 0.0014675 0.0014675
0.48372 0.51628 0.0014675 0.0014675
0.48372 0.51628 0.0014675 0.0014675
0.48372 0.51628 0.0014675 0.0014675
0.48372 0.51628 0.0014675 0.0014675
0.48372 0.51628 0.0014675 0.0014675
0.48372 0.51628 0.0014675 0.0014675
0.48372 0.51628 0.0014675 0.0014675
0.48372 0.51628 0.0014675 0.0014675
0.48372 0.51628 0.0014675 0.0014675
0.48372 0.51628 0.0014675 0.0014675
0.48372 0.51628 0.0014675 0.0014675
0.48372 0.51628 0.0014675 0.0014675
0.48372 0.51628 0.0014675 0.0014675
0.48372 0.51628 0.0014675 0.0014675
0.48372 0.51628 0.0014675 0.0014675
0.48372 0.51628 0.0014675 0.0014675
0.48372 0.51628 0.0014675 0.0014675
0.48372 0.51628 0.0014675 0.0014675
0.48372 0.51628 0.0014675 0.0014675
0.48372 0.51628 0.0014675 0.0014675
0.48372 0.51628 0.0014675 0.0014675
0.48372 0.51628 0.0014675 0.0014675
0.48372 0.51628 0.0014675 0.0014675
0.48372 0.51628 0.0014675 0.0014675
0.48372 0.51628 0.0014675 0.0014675
0.48372 0.51628 0.0014675 0.0014675
0.48372 0.51628 0.0014675 0.0014675
0.48372 0.51628 0.0014675 0.0014675
0.48372 0.51628 0.0014675 0.0014675
0.48372 0.51628 0.0014675 0.0014675
0.48372 0.51628 0.0014675 0.0014675
0.48372 0.51628 0.0014675 0.0014675
0.48372 0.51628 0.0014675 0.0014675
0.48372 0.51628 0.0014675 0.0014675
0.48372 0.51628 0.0014675 0.0014675
0.48372 0.51628 0.0014675 0.0014675
0.48372 0.51628 0.0014675 0.0014675
0.48372 0.51628 0.0014675 0.0014675
0.48372 0.51628 0.0014675 0.0014675
0.48372 0.51628 0.0014675 0.0014675
0.48372 0.51628 0.0014675 0.0014675
0.48372 0.51628 0.0014675 0.0014675
0.48372 0.51628 0.0014675 0.0014675
0.48372 0.51628 0.0014675 0.0014675
0.48372 0.51628 0.0014675 0.0014675
0.48372 0.51628 0.0014675 0.0014675
0.48372 0.51628 0.0014675 0.0014675
0.48372 0.51628 0.0014675 0.0014675
0.48372 0.51628 0.0014675 0.0014675
0.48372 0.51628 0.0014675 0.0014675
0.48372 0.51628 0.0014675 0.0014675
0.48372 0.51628 0.0014675 0.0014675
0.48372 0.51628 0.0014675 0.0014675
0.48372 0.51628 0.0014675 0.0014675
0.48372 0.51628 0.0014675 0.0014675
0.48372 0.51628 0.0014675 0.0014675
0.48372 0.51628 0.0014675 0.0014675
0.48372 0.51628 0.0014675 0.0014675
0.48372 0.51628 0.0014675 0.0014675
0.48372 0.51628 0.0014675 0.0014675
0.48372 0.51628 0.0014675 0.0014675
0.48372 0.51628 0.0014675 0.0014675
0.48372 0.51628 0.0014675 0.0014675
0.48372 0.51628 0.0014675 0.0014675
0.48372 0.51628 0.0014675 0.0014675
0.48372 0.51628 0.0014675 0.0014675
0.48372 0.51628 0.0014675 0.0014675
0.48372 0.51628 0.0014675 0.0014675
0.48372 0.51628 0.0014675 0.0014675
0.48372 0.51628 0.0014675 0.0014675
0.48372 0.51628 0.0014675 0.0014675
0.48372 0.51628 0.0014675 0.0014675
0.48372 0.51628 0.0014675 0.0014675
0.48372 0.51628 0.0014675 0.0014675
0.48372 0.51628 0.0014675 0.0014675
0.48372 0.51628 0.0014675 0.0014675
0.48372 0.51628 0.0014675 0.0014675
0.48372 0.51628 0.0014675 0.0014675
0.48372 0.51628 0.0014675 0.0014675
0.48372 0.51628 0.0014675 0.0014675
0.48372 0.51628 0.0014675 0.0014675
0.48372 0.51628 0.0014675 0.0014675
0.48372 0.51628 0.0014675 0.0014675
0.48372 0.51628 0.0014675 0.0014675
0.48372 0.51628 0.0014675 0.0014675
0.48372 0.51628 0.0014675 0.0014675
0.48372 0.51628 0.0014675 0.0014675
0.48372 0.51628 0.0014675 0.0014675
0.48372 0.51628 0.0014675 0.0014675
0.48372 0.51628 0.0014675 0.0014675
0.48372 0.51628 0.0014675 0.0014675
0.48372 0.51628 0.0014675 0.0014675
0.48372 0.51628 0.0014675 0.0014675
0.48372 0.51628 0.0014675 0.0014675
0.48372 0.51628 0.0014675 0.0014675
0.48372 0.51628 0.0014675 0.0014675
0.48372 0.51628 0.0014675 0.0014675
0.48372 0.51628 0.0014675 0.0014675
0.48372 0.51628 0.0014675 0.0014675
0.48372 0.51628 0.0014675 0.0014675
0.48372 0.51628 0.0014675 0.0014675
0.48372 0.51628 0.0014675 0.0014675
0.48372 0.51628 0.0014675 0.0014675
0.48372 0.51628 0.0014675 0.0014675
0.48372 0.51628 0.0014675 0.0014675
0.48372 0.51628 0.0014675 0.0014675
0.48372 0.51628 0.0014675 0.0014675
0.48372 0.51628 0.0014675 0.0014675
0.48372 0.51628 0.0014675 0.0014675
0.48372 0.51628 0.0014675 0.0014675
0.48372 0.51628 0.0014675 0.0014675
0.48372 0.51628 0.0014675 0.0014675
0.48372 0.51628 0.0014675 0.0014675
0.48372 0.51628 0.0014675 0.0014675
0.48372 0.51628 0.0014675 0.0014675
0.48372 0.51628 0.0014675 0.0014675
0.48372 0.51628 0.0014675 0.0014675
0.48372 0.51628 0.0014675 0.0014675
0.48372 0.51628 0.0014675 0.0014675
0.48372 0.51628 0.0014675 0.0014675
0.48372 0.51628 0.0014675 0.0014675
0.48372 0.51628 0.0014675 0.0014675
0.48372 0.51628 0.0014675 0.0014675
0.48372 0.51628 0.0014675 0.0014675
0.48372 0.51628 0.0014675 0.0014675
0.48372 0.51628 0.0014675 0.0014675
0.48372 0.51628 0.0014675 0.0014675
0.48372 0.51628 0.0014675 0.0014675
0.48372 0.51628 0.0014675 0.0014675
0.48372 0.51628 0.0014675 0.0014675
0.48372 0.51628 0.0014675 0.0014675
0.48372 0.51628 0.0014675 0.0014675
0.48372 0.51628 0.0014675 0.0014675
0.48372 0.51628 0.0014675 0.0014675
0.48372 0.51628 0.0014675 0.0014675
0.48372 0.51628 0.0014675 0.0014675
0.48372 0.51628 0.0014675 0.0014675
0.48372 0.51628 0.0014675 0.0014675
0.48372 0.51628 0.0014675 0.0014675
0.48372 0.51628 0.0014675 0.0014675
0.48372 0.51628 0.0014675 0.0014675
0.48372 0.51628 0.0014675 0.0014675
0.48372 0.51628 0.0014675 0.0014675
0.48372 0.51628 0.0014675 0.0014675
0.48372 0.51628 0.0014675 0.0014675
0.48372 0.51628 0.0014675 0.0014675
0.48372 0.51628 0.0014675 0.0014675
0.48372 0.51628 0.0014675 0.0014675
0.48372 0.51628 0.0014675 0.0014675
0.48372 0.51628 0.0014675 0.0014675
0.48372 0.51628 0.0014675 0.0014675
0.48372 0.51628 0.0014675 0.0014675
0.48372 0.51628 0.0014675 0.0014675
0.48372 0.51628 0.0014675 0.0014675
0.48372 0.51628 0.0014675 0.0014675
0.48372 0.51628 0.0014675 0.0014675
0.48372 0.51628 0.0014675 0.0014675
