0.49898 0.50102 3.29693e-05 3.29693e-05
0.49876 0.50124 6.74974e-05 6.74974e-05
0.49789 0.50211 6.76948e-05 6.76948e-05
0.49743 0.50257 7.84294e-05 7.84294e-05
0.49679 0.50321 0.000109461 0.000109461
0.49723 0.50277 0.000136361 0.000136361
0.49715 0.50285 0.000143785 0.000143785
0.49689 0.50311 0.000163149 0.000163149
0.49743 0.50257 0.000165621 0.000165621
0.49756 0.50244 0.000179602 0.000179602
0.4975 0.5025 0.00018096 0.00018096
0.49715 0.50285 0.000192876 0.000192876
0.49746 0.50254 0.000194231 0.000194231
0.49722 0.50278 0.000201385 0.000201385
0.49735 0.50265 0.000206997 0.000206997
0.49748 0.50252 0.000217565 0.000217565
0.49748 0.50252 0.000218414 0.000218414
0.49714 0.50286 0.000223071 0.000223071
0.49717 0.50283 0.000223516 0.000223516
0.49696 0.50304 0.00022418 0.00022418
0.49688 0.50312 0.000230127 0.000230127
0.49683 0.50317 0.000231355 0.000231355
0.49675 0.50325 0.000234735 0.000234735
0.49694 0.50306 0.000239471 0.000239471
0.49704 0.50296 0.000240524 0.000240524
0.49708 0.50292 0.000243024 0.000243024
0.49685 0.50315 0.000248533 0.000248533
0.4969 0.5031 0.000250333 0.000250333
0.49698 0.50302 0.000248464 0.000248464
0.49699 0.50301 0.000249283 0.000249283
0.49698 0.50302 0.000255414 0.000255414
0.49697 0.50303 0.000257928 0.000257928
0.49713 0.50287 0.000260458 0.000260458
0.49705 0.50295 0.000259098 0.000259098
0.49691 0.50309 0.000262083 0.000262083
0.49677 0.50323 0.00026333 0.00026333
0.49677 0.50323 0.000265775 0.000265775
0.49682 0.50318 0.000265947 0.000265947
0.49688 0.50312 0.00026746 0.00026746
0.49687 0.50313 0.000266397 0.000266397
0.49688 0.50312 0.000267359 0.000267359
0.49689 0.50311 0.000266261 0.000266261
0.49684 0.50316 0.000267146 0.000267146
0.4969 0.5031 0.000266939 0.000266939
0.49686 0.50314 0.000267314 0.000267314
0.49689 0.50311 0.000267816 0.000267816
0.49686 0.50314 0.000269071 0.000269071
0.49684 0.50316 0.000271065 0.000271065
0.49681 0.50319 0.00027264 0.00027264
0.49682 0.50318 0.000273018 0.000273018
0.49684 0.50316 0.00027353 0.00027353
0.49684 0.50316 0.000271833 0.000271833
0.49682 0.50318 0.000271099 0.000271099
0.49683 0.50317 0.000272345 0.000272345
0.49684 0.50316 0.000272035 0.000272035
0.49686 0.50314 0.000272101 0.000272101
0.49686 0.50314 0.000271314 0.000271314
0.49688 0.50312 0.000272288 0.000272288
0.49687 0.50313 0.000273185 0.000273185
0.49687 0.50313 0.000273185 0.000273185
0.49688 0.50312 0.000273056 0.000273056
0.49688 0.50312 0.000273056 0.000273056
0.49688 0.50312 0.000273056 0.000273056
0.49687 0.50313 0.000273326 0.000273326
0.49687 0.50313 0.000273326 0.000273326
0.49687 0.50313 0.000273326 0.000273326
0.49688 0.50312 0.000273622 0.000273622
0.49689 0.50311 0.000273998 0.000273998
0.49689 0.50311 0.000273998 0.000273998
0.49688 0.50312 0.000273703 0.000273703
0.49689 0.50311 0.000273291 0.000273291
0.4969 0.5031 0.000273889 0.000273889
0.4969 0.5031 0.000273889 0.000273889
0.4969 0.5031 0.000273889 0.000273889
0.49688 0.50312 0.000273985 0.000273985
0.49689 0.50311 0.000273513 0.000273513
0.49688 0.50312 0.000273783 0.000273783
0.49687 0.50313 0.000273872 0.000273872
0.49687 0.50313 0.000273872 0.000273872
0.49687 0.50313 0.000273872 0.000273872
0.49686 0.50314 0.000274041 0.000274041
0.49686 0.50314 0.000274041 0.000274041
0.49685 0.50315 0.000273664 0.000273664
0.49685 0.50315 0.000273664 0.000273664
0.49685 0.50315 0.000273664 0.000273664
0.49685 0.50315 0.000273664 0.000273664
0.49685 0.50315 0.000273664 0.000273664
0.49684 0.50316 0.000273348 0.000273348
0.49684 0.50316 0.000273348 0.000273348
0.49684 0.50316 0.000273348 0.000273348
0.49684 0.50316 0.000273348 0.000273348
0.49684 0.50316 0.000273348 0.000273348
0.49684 0.50316 0.000273348 0.000273348
0.49684 0.50316 0.000273348 0.000273348
0.49684 0.50316 0.000273348 0.000273348
0.49684 0.50316 0.000273348 0.000273348
0.49684 0.50316 0.000273348 0.000273348
0.49684 0.50316 0.000273348 0.000273348
0.49684 0.50316 0.000273348 0.000273348
0.49684 0.50316 0.000273348 0.000273348
0.49684 0.50316 0.000273348 0.000273348
0.49684 0.50316 0.000273348 0.000273348
0.49684 0.50316 0.000273348 0.000273348
0.49683 0.50317 0.000273132 0.000273132
0.49683 0.50317 0.000273132 0.000273132
0.49683 0.50317 0.000273132 0.000273132
0.49683 0.50317 0.000273132 0.000273132
0.49683 0.50317 0.000273132 0.000273132
0.49683 0.50317 0.000273132 0.000273132
0.49683 0.50317 0.000273132 0.000273132
0.49683 0.50317 0.000273132 0.000273132
0.49683 0.50317 0.000273132 0.000273132
0.49683 0.50317 0.000273132 0.000273132
0.49683 0.50317 0.000273132 0.000273132
0.49683 0.50317 0.000273132 0.000273132
0.49683 0.50317 0.000273132 0.000273132
0.49683 0.50317 0.000273132 0.000273132
0.49683 0.50317 0.000273132 0.000273132
0.49683 0.50317 0.000273132 0.000273132
0.49683 0.50317 0.000273132 0.000273132
0.49683 0.50317 0.000273132 0.000273132
0.49683 0.50317 0.000273132 0.000273132
0.49683 0.50317 0.000273132 0.000273132
0.49683 0.50317 0.000273132 0.000273132
0.49683 0.50317 0.000273132 0.000273132
0.49683 0.50317 0.000273132 0.000273132
0.49683 0.50317 0.000273132 0.000273132
0.49683 0.50317 0.000273132 0.000273132
0.49683 0.50317 0.000273132 0.000273132
0.49683 0.50317 0.000273132 0.000273132
0.49683 0.50317 0.000273132 0.000273132
0.49683 0.50317 0.000273132 0.000273132
0.49683 0.50317 0.000273132 0.000273132
0.49683 0.50317 0.000273132 0.000273132
0.49683 0.50317 0.000273132 0.000273132
0.49683 0.50317 0.000273132 0.000273132
0.49683 0.50317 0.000273132 0.000273132
0.49683 0.50317 0.000273132 0.000273132
0.49683 0.50317 0.000273132 0.000273132
0.49683 0.50317 0.000273132 0.000273132
0.49683 0.50317 0.000273132 0.000273132
0.49683 0.50317 0.000273132 0.000273132
0.49683 0.50317 0.000273132 0.000273132
0.49683 0.50317 0.000273132 0.000273132
0.49683 0.50317 0.000273132 0.000273132
0.49683 0.50317 0.000273132 0.000273132
0.49683 0.50317 0.000273132 0.000273132
0.49683 0.50317 0.000273132 0.000273132
0.49683 0.50317 0.000273132 0.000273132
0.49683 0.50317 0.000273132 0.000273132
0.49683 0.50317 0.000273132 0.000273132
0.49683 0.50317 0.000273132 0.000273132
0.49683 0.50317 0.000273132 0.000273132
0.49683 0.50317 0.000273132 0.000273132
0.49683 0.50317 0.000273132 0.000273132
0.49683 0.50317 0.000273132 0.000273132
0.49683 0.50317 0.000273132 0.000273132
0.49683 0.50317 0.000273132 0.000273132
0.49683 0.50317 0.000273132 0.000273132
0.49683 0.50317 0.000273132 0.000273132
0.49683 0.50317 0.000273132 0.000273132
0.49683 0.50317 0.000273132 0.000273132
0.49683 0.50317 0.000273132 0.000273132
0.49683 0.50317 0.000273132 0.000273132
0.49683 0.50317 0.000273132 0.000273132
0.49683 0.50317 0.000273132 0.000273132
0.49683 0.50317 0.000273132 0.000273132
0.49683 0.50317 0.000273132 0.000273132
0.49683 0.50317 0.000273132 0.000273132
0.49683 0.50317 0.000273132 0.000273132
0.49683 0.50317 0.000273132 0.000273132
0.49683 0.50317 0.000273132 0.000273132
0.49683 0.50317 0.000273132 0.000273132
0.49683 0.50317 0.000273132 0.000273132
0.49683 0.50317 0.000273132 0.000273132
0.49683 0.50317 0.000273132 0.000273132
0.49683 0.50317 0.000273132 0.000273132
0.49683 0.50317 0.000273132 0.000273132
0.49683 0.50317 0.000273132 0.000273132
0.49683 0.50317 0.000273132 0.000273132
0.49683 0.50317 0.000273132 0.000273132
0.49683 0.50317 0.000273132 0.000273132
0.49683 0.50317 0.000273132 0.000273132
0.49683 0.50317 0.000273132 0.000273132
0.49683 0.50317 0.000273132 0.000273132
0.49683 0.50317 0.000273132 0.000273132
0.49683 0.50317 0.000273132 0.000273132
0.49683 0.50317 0.000273132 0.000273132
0.49683 0.50317 0.000273132 0.000273132
0.49683 0.50317 0.000273132 0.000273132
0.49683 0.50317 0.000273132 0.000273132
0.49683 0.50317 0.000273132 0.000273132
0.49683 0.50317 0.000273132 0.000273132
0.49683 0.50317 0.000273132 0.000273132
0.49683 0.50317 0.000273132 0.000273132
0.49683 0.50317 0.000273132 0.000273132
0.49683 0.50317 0.000273132 0.000273132
0.49683 0.50317 0.000273132 0.000273132
0.49683 0.50317 0.000273132 0.000273132
0.49683 0.50317 0.000273132 0.000273132
0.49683 0.50317 0.000273132 0.000273132
0.49683 0.50317 0.000273132 0.000273132
0.49683 0.50317 0.000273132 0.000273132
0.49683 0.50317 0.000273132 0.000273132
0.49683 0.50317 0.000273132 0.000273132
0.49683 0.50317 0.000273132 0.000273132
0.49683 0.50317 0.000273132 0.000273132
0.49683 0.50317 0.000273132 0.000273132
0.49683 0.50317 0.000273132 0.000273132
0.49683 0.50317 0.000273132 0.000273132
0.49683 0.50317 0.000273132 0.000273132
0.49683 0.50317 0.000273132 0.000273132
0.49683 0.50317 0.000273132 0.000273132
0.49683 0.50317 0.000273132 0.000273132
0.49683 0.50317 0.000273132 0.000273132
0.49683 0.50317 0.000273132 0.000273132
0.49683 0.50317 0.000273132 0.000273132
0.49683 0.50317 0.000273132 0.000273132
0.49683 0.50317 0.000273132 0.000273132
0.49683 0.50317 0.000273132 0.000273132
0.49683 0.50317 0.000273132 0.000273132
0.49683 0.50317 0.000273132 0.000273132
0.49683 0.50317 0.000273132 0.000273132
0.49683 0.50317 0.000273132 0.000273132
0.49683 0.50317 0.000273132 0.000273132
0.49683 0.50317 0.000273132 0.000273132
0.49683 0.50317 0.000273132 0.000273132
0.49683 0.50317 0.000273132 0.000273132
0.49683 0.50317 0.000273132 0.000273132
0.49683 0.50317 0.000273132 0.000273132
0.49683 0.50317 0.000273132 0.000273132
0.49683 0.50317 0.000273132 0.000273132
0.49683 0.50317 0.000273132 0.000273132
0.49683 0.50317 0.000273132 0.000273132
0.49683 0.50317 0.000273132 0.000273132
0.49683 0.50317 0.000273132 0.000273132
0.49683 0.50317 0.000273132 0.000273132
0.49683 0.50317 0.000273132 0.000273132
0.49683 0.50317 0.000273132 0.000273132
0.49683 0.50317 0.000273132 0.000273132
0.49683 0.50317 0.000273132 0.000273132
0.49683 0.50317 0.000273132 0.000273132
0.49683 0.50317 0.000273132 0.000273132
0.49683 0.50317 0.000273132 0.000273132
0.49683 0.50317 0.000273132 0.000273132
0.49683 0.50317 0.000273132 0.000273132
0.49683 0.50317 0.000273132 0.000273132
0.49683 0.50317 0.000273132 0.000273132
0.49683 0.50317 0.000273132 0.000273132
0.49683 0.50317 0.000273132 0.000273132
0.49683 0.50317 0.000273132 0.000273132
0.49683 0.50317 0.000273132 0.000273132
0.49683 0.50317 0.000273132 0.000273132
0.49683 0.50317 0.000273132 0.000273132
0.49683 0.50317 0.000273132 0.000273132
0.49683 0.50317 0.000273132 0.000273132
0.49683 0.50317 0.000273132 0.000273132
0.49683 0.50317 0.000273132 0.000273132
0.49683 0.50317 0.000273132 0.000273132
0.49683 0.50317 0.000273132 0.000273132
0.49683 0.50317 0.000273132 0.000273132
0.49683 0.50317 0.000273132 0.000273132
0.49683 0.50317 0.000273132 0.000273132
0.49683 0.50317 0.000273132 0.000273132
0.49683 0.50317 0.000273132 0.000273132
0.49683 0.50317 0.000273132 0.000273132
0.49683 0.50317 0.000273132 0.000273132
0.49683 0.50317 0.000273132 0.000273132
0.49683 0.50317 0.000273132 0.000273132
0.49683 0.50317 0.000273132 0.000273132
0.49683 0.50317 0.000273132 0.000273132
0.49683 0.50317 0.000273132 0.000273132
0.49683 0.50317 0.000273132 0.000273132
0.49683 0.50317 0.000273132 0.000273132
0.49683 0.50317 0.000273132 0.000273132
0.49683 0.50317 0.000273132 0.000273132
0.49683 0.50317 0.000273132 0.000273132
0.49683 0.50317 0.000273132 0.000273132
0.49683 0.50317 0.000273132 0.000273132
0.49683 0.50317 0.000273132 0.000273132
0.49683 0.50317 0.000273132 0.000273132
0.49683 0.50317 0.000273132 0.000273132
0.49683 0.50317 0.000273132 0.000273132
0.49683 0.50317 0.000273132 0.000273132
0.49683 0.50317 0.000273132 0.000273132
0.49683 0.50317 0.000273132 0.000273132
0.49683 0.50317 0.000273132 0.000273132
0.49683 0.50317 0.000273132 0.000273132
0.49683 0.50317 0.000273132 0.000273132
0.49683 0.50317 0.000273132 0.000273132
0.49683 0.50317 0.000273132 0.000273132
0.49683 0.50317 0.000273132 0.000273132
0.49683 0.50317 0.000273132 0.000273132
0.49683 0.50317 0.000273132 0.000273132
0.49683 0.50317 0.000273132 0.000273132
0.49683 0.50317 0.000273132 0.000273132
0.49683 0.50317 0.000273132 0.000273132
0.49683 0.50317 0.000273132 0.000273132
0.49683 0.50317 0.000273132 0.000273132
0.49683 0.50317 0.000273132 0.000273132
0.49683 0.50317 0.000273132 0.000273132
0.49683 0.50317 0.000273132 0.000273132
0.49683 0.50317 0.000273132 0.000273132
0.49683 0.50317 0.000273132 0.000273132
0.49683 0.50317 0.000273132 0.000273132
0.49683 0.50317 0.000273132 0.000273132
0.49683 0.50317 0.000273132 0.000273132
0.49683 0.50317 0.000273132 0.000273132
0.49683 0.50317 0.000273132 0.000273132
0.49683 0.50317 0.000273132 0.000273132
0.49683 0.50317 0.000273132 0.000273132
0.49683 0.50317 0.000273132 0.000273132
0.49683 0.50317 0.000273132 0.000273132
0.49683 0.50317 0.000273132 0.000273132
0.49683 0.50317 0.000273132 0.000273132
0.49683 0.50317 0.000273132 0.000273132
0.49683 0.50317 0.000273132 0.000273132
0.49683 0.50317 0.000273132 0.000273132
0.49683 0.50317 0.000273132 0.000273132
0.49683 0.50317 0.000273132 0.000273132
0.49683 0.50317 0.000273132 0.000273132
0.49683 0.50317 0.000273132 0.000273132
0.49683 0.50317 0.000273132 0.000273132
0.49683 0.50317 0.000273132 0.000273132
0.49683 0.50317 0.000273132 0.000273132
0.49683 0.50317 0.000273132 0.000273132
0.49683 0.50317 0.000273132 0.000273132
0.49683 0.50317 0.000273132 0.000273132
0.49683 0.50317 0.000273132 0.000273132
0.49683 0.50317 0.000273132 0.000273132
0.49683 0.50317 0.000273132 0.000273132
0.49683 0.50317 0.000273132 0.000273132
0.49683 0.50317 0.000273132 0.000273132
0.49683 0.50317 0.000273132 0.000273132
0.49683 0.50317 0.000273132 0.000273132
0.49683 0.50317 0.000273132 0.000273132
0.49683 0.50317 0.000273132 0.000273132
0.49683 0.50317 0.000273132 0.000273132
0.49683 0.50317 0.000273132 0.000273132
0.49683 0.50317 0.000273132 0.000273132
0.49683 0.50317 0.000273132 0.000273132
0.49683 0.50317 0.000273132 0.000273132
0.49683 0.50317 0.000273132 0.000273132
0.49683 0.50317 0.000273132 0.000273132
0.49683 0.50317 0.000273132 0.000273132
0.49683 0.50317 0.000273132 0.000273132
0.49683 0.50317 0.000273132 0.000273132
0.49683 0.50317 0.000273132 0.000273132
0.49683 0.50317 0.000273132 0.000273132
0.49683 0.50317 0.000273132 0.000273132
0.49683 0.50317 0.000273132 0.000273132
0.49683 0.50317 0.000273132 0.000273132
0.49683 0.50317 0.000273132 0.000273132
0.49683 0.50317 0.000273132 0.000273132
0.49683 0.50317 0.000273132 0.000273132
0.49683 0.50317 0.000273132 0.000273132
0.49683 0.50317 0.000273132 0.000273132
0.49683 0.50317 0.000273132 0.000273132
0.49683 0.50317 0.000273132 0.000273132
0.49683 0.50317 0.000273132 0.000273132
0.49683 0.50317 0.000273132 0.000273132
0.49683 0.50317 0.000273132 0.000273132
0.49683 0.50317 0.000273132 0.000273132
0.49683 0.50317 0.000273132 0.000273132
0.49683 0.50317 0.000273132 0.000273132
0.49683 0.50317 0.000273132 0.000273132
0.49683 0.50317 0.000273132 0.000273132
0.49683 0.50317 0.000273132 0.000273132
0.49683 0.50317 0.000273132 0.000273132
0.49683 0.50317 0.000273132 0.000273132
0.49683 0.50317 0.000273132 0.000273132
0.49683 0.50317 0.000273132 0.000273132
0.49683 0.50317 0.000273132 0.000273132
0.49683 0.50317 0.000273132 0.000273132
0.49683 0.50317 0.000273132 0.000273132
0.49683 0.50317 0.000273132 0.000273132
0.49683 0.50317 0.000273132 0.000273132
0.49683 0.50317 0.000273132 0.000273132
0.49683 0.50317 0.000273132 0.000273132
0.49683 0.50317 0.000273132 0.000273132
0.49683 0.50317 0.000273132 0.000273132
0.49683 0.50317 0.000273132 0.000273132
0.49683 0.50317 0.000273132 0.000273132
0.49683 0.50317 0.000273132 0.000273132
0.49683 0.50317 0.000273132 0.000273132
0.49683 0.50317 0.000273132 0.000273132
0.49683 0.50317 0.000273132 0.000273132
0.49683 0.50317 0.000273132 0.000273132
0.49683 0.50317 0.000273132 0.000273132
0.49683 0.50317 0.000273132 0.000273132
0.49683 0.50317 0.000273132 0.000273132
0.49683 0.50317 0.000273132 0.000273132
0.49683 0.50317 0.000273132 0.000273132
0.49683 0.50317 0.000273132 0.000273132
0.49683 0.50317 0.000273132 0.000273132
0.49683 0.50317 0.000273132 0.000273132
0.49683 0.50317 0.000273132 0.000273132
0.49683 0.50317 0.000273132 0.000273132
0.49683 0.50317 0.000273132 0.000273132
0.49683 0.50317 0.000273132 0.000273132
0.49683 0.50317 0.000273132 0.000273132
0.49683 0.50317 0.000273132 0.000273132
0.49683 0.50317 0.000273132 0.000273132
0.49683 0.50317 0.000273132 0.000273132
0.49683 0.50317 0.000273132 0.000273132
0.49683 0.50317 0.000273132 0.000273132
0.49683 0.50317 0.000273132 0.000273132
0.49683 0.50317 0.000273132 0.000273132
0.49683 0.50317 0.000273132 0.000273132
0.49683 0.50317 0.000273132 0.000273132
0.49683 0.50317 0.000273132 0.000273132
0.49683 0.50317 0.000273132 0.000273132
0.49683 0.50317 0.000273132 0.000273132
0.49683 0.50317 0.000273132 0.000273132
0.49683 0.50317 0.000273132 0.000273132
0.49683 0.50317 0.000273132 0.000273132
0.49683 0.50317 0.000273132 0.000273132
0.49683 0.50317 0.000273132 0.000273132
0.49683 0.50317 0.000273132 0.000273132
0.49683 0.50317 0.000273132 0.000273132
0.49683 0.50317 0.000273132 0.000273132
0.49683 0.50317 0.000273132 0.000273132
0.49683 0.50317 0.000273132 0.000273132
0.49683 0.50317 0.000273132 0.000273132
0.49683 0.50317 0.000273132 0.000273132
0.49683 0.50317 0.000273132 0.000273132
0.49683 0.50317 0.000273132 0.000273132
0.49683 0.50317 0.000273132 0.000273132
0.49683 0.50317 0.000273132 0.000273132
0.49683 0.50317 0.000273132 0.000273132
0.49683 0.50317 0.000273132 0.000273132
0.49683 0.50317 0.000273132 0.000273132
0.49683 0.50317 0.000273132 0.000273132
0.49683 0.50317 0.000273132 0.000273132
0.49683 0.50317 0.000273132 0.000273132
0.49683 0.50317 0.000273132 0.000273132
0.49683 0.50317 0.000273132 0.000273132
0.49683 0.50317 0.000273132 0.000273132
0.49683 0.50317 0.000273132 0.000273132
0.49683 0.50317 0.000273132 0.000273132
0.49683 0.50317 0.000273132 0.000273132
0.49683 0.50317 0.000273132 0.000273132
0.49683 0.50317 0.000273132 0.000273132
0.49683 0.50317 0.000273132 0.000273132
0.49683 0.50317 0.000273132 0.000273132
0.49683 0.50317 0.000273132 0.000273132
0.49683 0.50317 0.000273132 0.000273132
0.49683 0.50317 0.000273132 0.000273132
0.49683 0.50317 0.000273132 0.000273132
0.49683 0.50317 0.000273132 0.000273132
0.49683 0.50317 0.000273132 0.000273132
0.49683 0.50317 0.000273132 0.000273132
0.49683 0.50317 0.000273132 0.000273132
0.49683 0.50317 0.000273132 0.000273132
0.49683 0.50317 0.000273132 0.000273132
0.49683 0.50317 0.000273132 0.000273132
0.49683 0.50317 0.000273132 0.000273132
0.49683 0.50317 0.000273132 0.000273132
0.49683 0.50317 0.000273132 0.000273132
0.49683 0.50317 0.000273132 0.000273132
0.49683 0.50317 0.000273132 0.000273132
0.49683 0.50317 0.000273132 0.000273132
0.49683 0.50317 0.000273132 0.000273132
0.49683 0.50317 0.000273132 0.000273132
0.49683 0.50317 0.000273132 0.000273132
0.49683 0.50317 0.000273132 0.000273132
0.49683 0.50317 0.000273132 0.000273132
0.49683 0.50317 0.000273132 0.000273132
0.49683 0.50317 0.000273132 0.000273132
0.49683 0.50317 0.000273132 0.000273132
0.49683 0.50317 0.000273132 0.000273132
0.49683 0.50317 0.000273132 0.000273132
0.49683 0.50317 0.000273132 0.000273132
0.49683 0.50317 0.000273132 0.000273132
0.49683 0.50317 0.000273132 0.000273132
0.49683 0.50317 0.000273132 0.000273132
0.49683 0.50317 0.000273132 0.000273132
0.49683 0.50317 0.000273132 0.000273132
0.49683 0.50317 0.000273132 0.000273132
0.49683 0.50317 0.000273132 0.000273132
0.49683 0.50317 0.000273132 0.000273132
0.49683 0.50317 0.000273132 0.000273132
0.49683 0.50317 0.000273132 0.000273132
0.49683 0.50317 0.000273132 0.000273132
0.49683 0.50317 0.000273132 0.000273132
0.49683 0.50317 0.000273132 0.000273132
0.49683 0.50317 0.000273132 0.000273132
0.49683 0.50317 0.000273132 0.000273132
0.49683 0.50317 0.000273132 0.000273132
0.49683 0.50317 0.000273132 0.000273132
0.49683 0.50317 0.000273132 0.000273132
0.49683 0.50317 0.000273132 0.000273132
0.49683 0.50317 0.000273132 0.000273132
0.49683 0.50317 0.000273132 0.000273132
0.49683 0.50317 0.000273132 0.000273132
0.49683 0.50317 0.000273132 0.000273132
0.49683 0.50317 0.000273132 0.000273132
0.49683 0.50317 0.000273132 0.000273132
0.49683 0.50317 0.000273132 0.000273132
0.49683 0.50317 0.000273132 0.000273132
