0.49964 0.50036 4.62731e-05 4.62731e-05
0.50061 0.49939 0.000102564 0.000102564
0.49997 0.50003 0.000167585 0.000167585
0.50016 0.49984 0.000226701 0.000226701
0.5 0.5 0.000266667 0.000266667
0.49969 0.50031 0.000287812 0.000287812
0.5006 0.4994 0.00029596 0.00029596
0.49979 0.50021 0.000320471 0.000320471
0.49981 0.50019 0.000343671 0.000343671
0.50028 0.49972 0.000367759 0.000367759
0.50023 0.49977 0.000379391 0.000379391
0.5007 0.4993 0.000376071 0.000376071
0.50067 0.49933 0.000399961 0.000399961
0.50018 0.49982 0.000397866 0.000397866
0.50041 0.49959 0.000411234 0.000411234
0.50052 0.49948 0.000394676 0.000394676
0.50122 0.49878 0.000404214 0.000404214
0.50132 0.49868 0.000443634 0.000443634
0.5011 0.4989 0.000446556 0.000446556
0.50082 0.49918 0.000474977 0.000474977
0.50009 0.49991 0.000495335 0.000495335
0.49993 0.50007 0.000496995 0.000496995
0.49975 0.50025 0.000516816 0.000516816
0.49915 0.50085 0.000539018 0.000539018
0.49957 0.50043 0.000555803 0.000555803
0.49937 0.50063 0.00058668 0.00058668
0.49956 0.50044 0.000620512 0.000620512
0.49927 0.50073 0.000647128 0.000647128
0.49952 0.50048 0.000653424 0.000653424
0.49907 0.50093 0.000666369 0.000666369
0.49912 0.50088 0.000679925 0.000679925
0.49939 0.50061 0.000677836 0.000677836
0.49945 0.50055 0.000654452 0.000654452
0.49954 0.50046 0.000650857 0.000650857
0.49968 0.50032 0.000651695 0.000651695
0.49976 0.50024 0.000670366 0.000670366
0.50009 0.49991 0.000661416 0.000661416
0.49994 0.50006 0.000650663 0.000650663
0.49978 0.50022 0.000649224 0.000649224
0.49953 0.50047 0.000661767 0.000661767
0.49975 0.50025 0.000650654 0.000650654
0.4996 0.5004 0.000653273 0.000653273
0.49964 0.50036 0.000659162 0.000659162
0.49987 0.50013 0.00066072 0.00066072
0.49979 0.50021 0.000671359 0.000671359
0.49985 0.50015 0.000682856 0.000682856
0.49973 0.50027 0.000685654 0.000685654
0.49987 0.50013 0.000691145 0.000691145
0.49956 0.50044 0.000694734 0.000694734
0.49972 0.50028 0.000681719 0.000681719
0.49945 0.50055 0.000681725 0.000681725
0.49933 0.50067 0.000680607 0.000680607
0.49943 0.50057 0.000677177 0.000677177
0.49946 0.50054 0.000670877 0.000670877
0.49955 0.50045 0.000663381 0.000663381
0.49956 0.50044 0.00067033 0.00067033
0.49944 0.50056 0.000671804 0.000671804
0.49951 0.50049 0.000665667 0.000665667
0.49971 0.50029 0.000666329 0.000666329
0.49958 0.50042 0.000665721 0.000665721
0.49954 0.50046 0.000663039 0.000663039
0.49951 0.50049 0.000662313 0.000662313
0.49928 0.50072 0.000671416 0.000671416
0.49926 0.50074 0.00068076 0.00068076
0.49939 0.50061 0.000681412 0.000681412
0.49956 0.50044 0.000674815 0.000674815
0.49958 0.50042 0.000670024 0.000670024
0.49965 0.50035 0.000676129 0.000676129
0.49959 0.50041 0.000677658 0.000677658
0.49975 0.50025 0.000677159 0.000677159
0.49965 0.50035 0.000671422 0.000671422
0.49953 0.50047 0.00067207 0.00067207
0.49945 0.50055 0.000666816 0.000666816
0.4994 0.5006 0.000665818 0.000665818
0.49944 0.50056 0.000670491 0.000670491
0.49935 0.50065 0.000667947 0.000667947
0.49945 0.50055 0.00067225 0.00067225
0.49948 0.50052 0.000672858 0.000672858
0.49938 0.50062 0.000675733 0.000675733
0.49942 0.50058 0.000678933 0.000678933
0.49945 0.50055 0.000683078 0.000683078
0.49946 0.50054 0.000680029 0.000680029
0.49951 0.50049 0.00068203 0.00068203
0.49949 0.50051 0.000680778 0.000680778
0.4995 0.5005 0.000683202 0.000683202
0.49943 0.50057 0.000685763 0.000685763
0.49935 0.50065 0.000686452 0.000686452
0.49937 0.50063 0.000684639 0.000684639
0.49938 0.50062 0.000681975 0.000681975
0.49931 0.50069 0.00068357 0.00068357
0.49931 0.50069 0.000684216 0.000684216
0.49921 0.50079 0.00068043 0.00068043
0.49922 0.50078 0.000682093 0.000682093
0.49924 0.50076 0.00068172 0.00068172
0.49928 0.50072 0.000680527 0.000680527
0.49931 0.50069 0.000681751 0.000681751
0.49943 0.50057 0.000688187 0.000688187
0.49941 0.50059 0.000686507 0.000686507
0.49944 0.50056 0.000685562 0.000685562
0.49941 0.50059 0.000687881 0.000687881
0.49943 0.50057 0.000686429 0.000686429
0.4994 0.5006 0.000685212 0.000685212
0.49934 0.50066 0.000686105 0.000686105
0.49938 0.50062 0.000686541 0.000686541
0.49938 0.50062 0.000687349 0.000687349
0.49948 0.50052 0.00068704 0.00068704
0.4995 0.5005 0.000687869 0.000687869
0.49945 0.50055 0.000687624 0.000687624
0.49937 0.50063 0.000690983 0.000690983
0.49934 0.50066 0.000691782 0.000691782
0.49934 0.50066 0.000687661 0.000687661
0.49934 0.50066 0.000688813 0.000688813
0.49939 0.50061 0.000686624 0.000686624
0.49937 0.50063 0.000686195 0.000686195
0.49936 0.50064 0.000686899 0.000686899
0.49937 0.50063 0.000686579 0.000686579
0.49938 0.50062 0.000686723 0.000686723
0.49942 0.50058 0.000688872 0.000688872
0.49939 0.50061 0.000690038 0.000690038
0.49938 0.50062 0.000690521 0.000690521
0.49938 0.50062 0.000691551 0.000691551
0.49942 0.50058 0.000692488 0.000692488
0.49941 0.50059 0.000691355 0.000691355
0.49937 0.50063 0.000691609 0.000691609
0.49938 0.50062 0.000689996 0.000689996
0.49943 0.50057 0.000691278 0.000691278
0.49944 0.50056 0.000691421 0.000691421
0.49943 0.50057 0.000692268 0.000692268
0.49939 0.50061 0.000692382 0.000692382
0.49942 0.50058 0.000693438 0.000693438
0.49942 0.50058 0.000692064 0.000692064
0.49943 0.50057 0.000692328 0.000692328
0.49946 0.50054 0.000693019 0.000693019
0.49941 0.50059 0.000694204 0.000694204
0.49939 0.50061 0.000694119 0.000694119
0.49936 0.50064 0.000695606 0.000695606
0.49939 0.50061 0.000694584 0.000694584
0.4994 0.5006 0.00069402 0.00069402
0.49937 0.50063 0.000695104 0.000695104
0.49941 0.50059 0.000694729 0.000694729
0.49942 0.50058 0.00069461 0.00069461
0.49944 0.50056 0.000694309 0.000694309
0.49941 0.50059 0.000694164 0.000694164
0.49942 0.50058 0.000694226 0.000694226
0.49939 0.50061 0.000694604 0.000694604
0.49939 0.50061 0.000695392 0.000695392
0.49942 0.50058 0.000696428 0.000696428
0.49944 0.50056 0.00069637 0.00069637
0.49945 0.50055 0.000697159 0.000697159
0.49944 0.50056 0.000697421 0.000697421
0.49944 0.50056 0.000697421 0.000697421
0.49943 0.50057 0.000697419 0.000697419
0.49942 0.50058 0.000697499 0.000697499
0.49941 0.50059 0.000698164 0.000698164
0.49941 0.50059 0.000698164 0.000698164
0.4994 0.5006 0.000699414 0.000699414
0.4994 0.5006 0.000699657 0.000699657
0.49939 0.50061 0.000699614 0.000699614
0.4994 0.5006 0.000698667 0.000698667
0.49939 0.50061 0.000697917 0.000697917
0.49937 0.50063 0.000697044 0.000697044
0.49937 0.50063 0.000698215 0.000698215
0.49937 0.50063 0.000698215 0.000698215
0.49936 0.50064 0.000697142 0.000697142
0.49936 0.50064 0.000697142 0.000697142
0.49936 0.50064 0.000696516 0.000696516
0.49935 0.50065 0.000696513 0.000696513
0.49933 0.50067 0.000696324 0.000696324
0.49932 0.50068 0.000697351 0.000697351
0.49933 0.50067 0.000697314 0.000697314
0.49935 0.50065 0.000697301 0.000697301
0.49934 0.50066 0.000698085 0.000698085
0.49934 0.50066 0.000698085 0.000698085
0.49935 0.50065 0.000697785 0.000697785
0.49935 0.50065 0.000697785 0.000697785
0.49934 0.50066 0.000698085 0.000698085
0.49934 0.50066 0.000698085 0.000698085
0.49934 0.50066 0.000698085 0.000698085
0.49935 0.50065 0.000698129 0.000698129
0.49935 0.50065 0.000698129 0.000698129
0.49937 0.50063 0.000697831 0.000697831
0.49936 0.50064 0.000697788 0.000697788
0.49936 0.50064 0.000697788 0.000697788
0.49933 0.50067 0.000699052 0.000699052
0.49932 0.50068 0.000698361 0.000698361
0.49932 0.50068 0.000698361 0.000698361
0.49933 0.50067 0.000699435 0.000699435
0.49933 0.50067 0.000699435 0.000699435
0.49933 0.50067 0.000699435 0.000699435
0.49933 0.50067 0.000699435 0.000699435
0.49933 0.50067 0.000699274 0.000699274
0.49933 0.50067 0.000699274 0.000699274
0.49933 0.50067 0.000699274 0.000699274
0.49934 0.50066 0.000698974 0.000698974
0.49934 0.50066 0.000698974 0.000698974
0.49934 0.50066 0.000698974 0.000698974
0.49934 0.50066 0.000698974 0.000698974
0.49933 0.50067 0.000699981 0.000699981
0.49934 0.50066 0.000699196 0.000699196
0.49935 0.50065 0.000699199 0.000699199
0.49933 0.50067 0.000698425 0.000698425
0.49933 0.50067 0.000698425 0.000698425
0.49933 0.50067 0.000698425 0.000698425
0.49935 0.50065 0.000697462 0.000697462
0.49935 0.50065 0.000697947 0.000697947
0.49935 0.50065 0.000697947 0.000697947
0.49934 0.50066 0.000698954 0.000698954
0.49934 0.50066 0.000698954 0.000698954
0.49934 0.50066 0.000698954 0.000698954
0.49934 0.50066 0.000698954 0.000698954
0.49935 0.50065 0.000697947 0.000697947
0.49936 0.50064 0.000697869 0.000697869
0.49936 0.50064 0.000697869 0.000697869
0.49936 0.50064 0.000697869 0.000697869
0.49937 0.50063 0.000698943 0.000698943
0.49937 0.50063 0.000698943 0.000698943
0.49936 0.50064 0.000699021 0.000699021
0.49936 0.50064 0.000699021 0.000699021
0.49936 0.50064 0.000699021 0.000699021
0.49936 0.50064 0.000699021 0.000699021
0.49935 0.50065 0.000698957 0.000698957
0.49935 0.50065 0.000698957 0.000698957
0.49935 0.50065 0.000698957 0.000698957
0.49935 0.50065 0.000698957 0.000698957
0.49933 0.50067 0.00069889 0.00069889
0.49933 0.50067 0.00069889 0.00069889
0.49933 0.50067 0.00069889 0.00069889
0.49933 0.50067 0.00069889 0.00069889
0.49934 0.50066 0.000699964 0.000699964
0.49934 0.50066 0.000699964 0.000699964
0.49934 0.50066 0.000699964 0.000699964
0.49934 0.50066 0.000699964 0.000699964
0.49934 0.50066 0.000699964 0.000699964
0.49934 0.50066 0.000699964 0.000699964
0.49935 0.50065 0.000699886 0.000699886
0.49935 0.50065 0.000699886 0.000699886
0.49935 0.50065 0.000699886 0.000699886
0.49934 0.50066 0.000699843 0.000699843
0.49934 0.50066 0.000699843 0.000699843
0.49934 0.50066 0.000699843 0.000699843
0.49934 0.50066 0.000699843 0.000699843
0.49934 0.50066 0.000699843 0.000699843
0.49934 0.50066 0.000699843 0.000699843
0.49934 0.50066 0.000699843 0.000699843
0.49934 0.50066 0.000699843 0.000699843
0.49934 0.50066 0.000699843 0.000699843
0.49934 0.50066 0.000699843 0.000699843
0.49934 0.50066 0.000699843 0.000699843
0.49934 0.50066 0.000699843 0.000699843
0.49934 0.50066 0.000699843 0.000699843
0.49934 0.50066 0.000699843 0.000699843
0.49934 0.50066 0.000699843 0.000699843
0.49934 0.50066 0.000699843 0.000699843
0.49934 0.50066 0.000699843 0.000699843
0.49934 0.50066 0.000699843 0.000699843
0.49934 0.50066 0.000699843 0.000699843
0.49934 0.50066 0.000699843 0.000699843
0.49934 0.50066 0.000699843 0.000699843
0.49934 0.50066 0.000699843 0.000699843
0.49934 0.50066 0.000699843 0.000699843
0.49934 0.50066 0.000699843 0.000699843
0.49934 0.50066 0.000699843 0.000699843
0.49934 0.50066 0.000699843 0.000699843
0.49934 0.50066 0.000699843 0.000699843
0.49934 0.50066 0.000699843 0.000699843
0.49934 0.50066 0.000699843 0.000699843
0.49934 0.50066 0.000699843 0.000699843
0.49934 0.50066 0.000699843 0.000699843
0.49934 0.50066 0.000699843 0.000699843
0.49934 0.50066 0.000699843 0.000699843
0.49934 0.50066 0.000699843 0.000699843
0.49934 0.50066 0.000699843 0.000699843
0.49934 0.50066 0.000699843 0.000699843
0.49934 0.50066 0.000699843 0.000699843
0.49934 0.50066 0.000699843 0.000699843
0.49934 0.50066 0.000699843 0.000699843
0.49934 0.50066 0.000699843 0.000699843
0.49934 0.50066 0.000699843 0.000699843
0.49934 0.50066 0.000699843 0.000699843
0.49934 0.50066 0.000699843 0.000699843
0.49934 0.50066 0.000699843 0.000699843
0.49934 0.50066 0.000699843 0.000699843
0.49934 0.50066 0.000699843 0.000699843
0.49934 0.50066 0.000699843 0.000699843
0.49934 0.50066 0.000699843 0.000699843
0.49934 0.50066 0.000699843 0.000699843
0.49934 0.50066 0.000699843 0.000699843
0.49934 0.50066 0.000699843 0.000699843
0.49934 0.50066 0.000699843 0.000699843
0.49934 0.50066 0.000699843 0.000699843
0.49934 0.50066 0.000699843 0.000699843
0.49934 0.50066 0.000699843 0.000699843
0.49934 0.50066 0.000699843 0.000699843
0.49934 0.50066 0.000699843 0.000699843
0.49934 0.50066 0.000699843 0.000699843
0.49934 0.50066 0.000699843 0.000699843
0.49934 0.50066 0.000699843 0.000699843
0.49934 0.50066 0.000699843 0.000699843
0.49934 0.50066 0.000699843 0.000699843
0.49934 0.50066 0.000699843 0.000699843
0.49934 0.50066 0.000699843 0.000699843
0.49934 0.50066 0.000699843 0.000699843
0.49934 0.50066 0.000699843 0.000699843
0.49934 0.50066 0.000699843 0.000699843
0.49934 0.50066 0.000699843 0.000699843
0.49934 0.50066 0.000699843 0.000699843
0.49934 0.50066 0.000699843 0.000699843
0.49934 0.50066 0.000699843 0.000699843
0.49934 0.50066 0.000699843 0.000699843
0.49934 0.50066 0.000699843 0.000699843
0.49934 0.50066 0.000699843 0.000699843
0.49934 0.50066 0.000699843 0.000699843
0.49934 0.50066 0.000699843 0.000699843
0.49934 0.50066 0.000699843 0.000699843
0.49934 0.50066 0.000699843 0.000699843
0.49934 0.50066 0.000699843 0.000699843
0.49934 0.50066 0.000699843 0.000699843
0.49934 0.50066 0.000699843 0.000699843
0.49934 0.50066 0.000699843 0.000699843
0.49934 0.50066 0.000699843 0.000699843
0.49934 0.50066 0.000699843 0.000699843
0.49934 0.50066 0.000699843 0.000699843
0.49934 0.50066 0.000699843 0.000699843
0.49934 0.50066 0.000699843 0.000699843
0.49934 0.50066 0.000699843 0.000699843
0.49934 0.50066 0.000699843 0.000699843
0.49934 0.50066 0.000699843 0.000699843
0.49934 0.50066 0.000699843 0.000699843
0.49934 0.50066 0.000699843 0.000699843
0.49934 0.50066 0.000699843 0.000699843
0.49934 0.50066 0.000699843 0.000699843
0.49934 0.50066 0.000699843 0.000699843
0.49934 0.50066 0.000699843 0.000699843
0.49934 0.50066 0.000699843 0.000699843
0.49934 0.50066 0.000699843 0.000699843
0.49934 0.50066 0.000699843 0.000699843
0.49934 0.50066 0.000699843 0.000699843
0.49934 0.50066 0.000699843 0.000699843
0.49934 0.50066 0.000699843 0.000699843
0.49934 0.50066 0.000699843 0.000699843
0.49934 0.50066 0.000699843 0.000699843
0.49934 0.50066 0.000699843 0.000699843
0.49934 0.50066 0.000699843 0.000699843
0.49934 0.50066 0.000699843 0.000699843
0.49934 0.50066 0.000699843 0.000699843
0.49934 0.50066 0.000699843 0.000699843
0.49934 0.50066 0.000699843 0.000699843
0.49934 0.50066 0.000699843 0.000699843
0.49934 0.50066 0.000699843 0.000699843
0.49934 0.50066 0.000699843 0.000699843
0.49934 0.50066 0.000699843 0.000699843
0.49934 0.50066 0.000699843 0.000699843
0.49934 0.50066 0.000699843 0.000699843
0.49934 0.50066 0.000699843 0.000699843
0.49934 0.50066 0.000699843 0.000699843
0.49934 0.50066 0.000699843 0.000699843
0.49934 0.50066 0.000699843 0.000699843
0.49934 0.50066 0.000699843 0.000699843
0.49934 0.50066 0.000699843 0.000699843
0.49934 0.50066 0.000699843 0.000699843
0.49934 0.50066 0.000699843 0.000699843
0.49934 0.50066 0.000699843 0.000699843
0.49934 0.50066 0.000699843 0.000699843
0.49934 0.50066 0.000699843 0.000699843
0.49934 0.50066 0.000699843 0.000699843
0.49934 0.50066 0.000699843 0.000699843
0.49934 0.50066 0.000699843 0.000699843
0.49934 0.50066 0.000699843 0.000699843
0.49934 0.50066 0.000699843 0.000699843
0.49934 0.50066 0.000699843 0.000699843
0.49934 0.50066 0.000699843 0.000699843
0.49934 0.50066 0.000699843 0.000699843
0.49934 0.50066 0.000699843 0.000699843
0.49934 0.50066 0.000699843 0.000699843
0.49934 0.50066 0.000699843 0.000699843
0.49934 0.50066 0.000699843 0.000699843
0.49934 0.50066 0.000699843 0.000699843
0.49934 0.50066 0.000699843 0.000699843
0.49934 0.50066 0.000699843 0.000699843
0.49934 0.50066 0.000699843 0.000699843
0.49934 0.50066 0.000699843 0.000699843
0.49934 0.50066 0.000699843 0.000699843
0.49934 0.50066 0.000699843 0.000699843
0.49934 0.50066 0.000699843 0.000699843
0.49934 0.50066 0.000699843 0.000699843
0.49934 0.50066 0.000699843 0.000699843
0.49934 0.50066 0.000699843 0.000699843
0.49934 0.50066 0.000699843 0.000699843
0.49934 0.50066 0.000699843 0.000699843
0.49934 0.50066 0.000699843 0.000699843
0.49934 0.50066 0.000699843 0.000699843
0.49934 0.50066 0.000699843 0.000699843
0.49934 0.50066 0.000699843 0.000699843
0.49934 0.50066 0.000699843 0.000699843
0.49934 0.50066 0.000699843 0.000699843
0.49934 0.50066 0.000699843 0.000699843
0.49934 0.50066 0.000699843 0.000699843
0.49934 0.50066 0.000699843 0.000699843
0.49934 0.50066 0.000699843 0.000699843
0.49934 0.50066 0.000699843 0.000699843
0.49934 0.50066 0.000699843 0.000699843
0.49934 0.50066 0.000699843 0.000699843
0.49934 0.50066 0.000699843 0.000699843
0.49934 0.50066 0.000699843 0.000699843
0.49934 0.50066 0.000699843 0.000699843
0.49934 0.50066 0.000699843 0.000699843
0.49934 0.50066 0.000699843 0.000699843
0.49934 0.50066 0.000699843 0.000699843
0.49934 0.50066 0.000699843 0.000699843
0.49934 0.50066 0.000699843 0.000699843
0.49934 0.50066 0.000699843 0.000699843
0.49934 0.50066 0.000699843 0.000699843
0.49934 0.50066 0.000699843 0.000699843
0.49934 0.50066 0.000699843 0.000699843
0.49934 0.50066 0.000699843 0.000699843
0.49934 0.50066 0.000699843 0.000699843
0.49934 0.50066 0.000699843 0.000699843
0.49934 0.50066 0.000699843 0.000699843
0.49934 0.50066 0.000699843 0.000699843
0.49934 0.50066 0.000699843 0.000699843
0.49934 0.50066 0.000699843 0.000699843
0.49934 0.50066 0.000699843 0.000699843
0.49934 0.50066 0.000699843 0.000699843
0.49934 0.50066 0.000699843 0.000699843
0.49934 0.50066 0.000699843 0.000699843
0.49934 0.50066 0.000699843 0.000699843
0.49934 0.50066 0.000699843 0.000699843
0.49934 0.50066 0.000699843 0.000699843
0.49934 0.50066 0.000699843 0.000699843
0.49934 0.50066 0.000699843 0.000699843
0.49934 0.50066 0.000699843 0.000699843
0.49934 0.50066 0.000699843 0.000699843
0.49934 0.50066 0.000699843 0.000699843
0.49934 0.50066 0.000699843 0.000699843
0.49934 0.50066 0.000699843 0.000699843
0.49934 0.50066 0.000699843 0.000699843
0.49934 0.50066 0.000699843 0.000699843
0.49934 0.50066 0.000699843 0.000699843
0.49934 0.50066 0.000699843 0.000699843
0.49934 0.50066 0.000699843 0.000699843
0.49934 0.50066 0.000699843 0.000699843
0.49934 0.50066 0.000699843 0.000699843
0.49934 0.50066 0.000699843 0.000699843
0.49934 0.50066 0.000699843 0.000699843
0.49934 0.50066 0.000699843 0.000699843
0.49934 0.50066 0.000699843 0.000699843
0.49934 0.50066 0.000699843 0.000699843
0.49934 0.50066 0.000699843 0.000699843
0.49934 0.50066 0.000699843 0.000699843
0.49934 0.50066 0.000699843 0.000699843
0.49934 0.50066 0.000699843 0.000699843
0.49934 0.50066 0.000699843 0.000699843
0.49934 0.50066 0.000699843 0.000699843
0.49934 0.50066 0.000699843 0.000699843
0.49934 0.50066 0.000699843 0.000699843
0.49934 0.50066 0.000699843 0.000699843
0.49934 0.50066 0.000699843 0.000699843
0.49934 0.50066 0.000699843 0.000699843
0.49934 0.50066 0.000699843 0.000699843
0.49934 0.50066 0.000699843 0.000699843
0.49934 0.50066 0.000699843 0.000699843
0.49934 0.50066 0.000699843 0.000699843
0.49934 0.50066 0.000699843 0.000699843
0.49934 0.50066 0.000699843 0.000699843
0.49934 0.50066 0.000699843 0.000699843
0.49934 0.50066 0.000699843 0.000699843
0.49934 0.50066 0.000699843 0.000699843
0.49934 0.50066 0.000699843 0.000699843
0.49934 0.50066 0.000699843 0.000699843
0.49934 0.50066 0.000699843 0.000699843
0.49934 0.50066 0.000699843 0.000699843
0.49934 0.50066 0.000699843 0.000699843
0.49934 0.50066 0.000699843 0.000699843
0.49934 0.50066 0.000699843 0.000699843
0.49934 0.50066 0.000699843 0.000699843
0.49934 0.50066 0.000699843 0.000699843
0.49934 0.50066 0.000699843 0.000699843
0.49934 0.50066 0.000699843 0.000699843
0.49934 0.50066 0.000699843 0.000699843
0.49934 0.50066 0.000699843 0.000699843
0.49934 0.50066 0.000699843 0.000699843
0.49934 0.50066 0.000699843 0.000699843
0.49934 0.50066 0.000699843 0.000699843
0.49934 0.50066 0.000699843 0.000699843
0.49934 0.50066 0.000699843 0.000699843
0.49934 0.50066 0.000699843 0.000699843
0.49934 0.50066 0.000699843 0.000699843
0.49934 0.50066 0.000699843 0.000699843
0.49934 0.50066 0.000699843 0.000699843
0.49934 0.50066 0.000699843 0.000699843
0.49934 0.50066 0.000699843 0.000699843
0.49934 0.50066 0.000699843 0.000699843
0.49934 0.50066 0.000699843 0.000699843
0.49934 0.50066 0.000699843 0.000699843
0.49934 0.50066 0.000699843 0.000699843
0.49934 0.50066 0.000699843 0.000699843
0.49934 0.50066 0.000699843 0.000699843
0.49934 0.50066 0.000699843 0.000699843
0.49934 0.50066 0.000699843 0.000699843
0.49934 0.50066 0.000699843 0.000699843
