0.50014 0.49986 1.52731e-05 1.52731e-05
0.50041 0.49959 2.80827e-05 2.80827e-05
0.50095 0.49905 3.66136e-05 3.66136e-05
0.50114 0.49886 3.84853e-05 3.84853e-05
0.50067 0.49933 4.2486e-05 4.2486e-05
0.50049 0.49951 4.02928e-05 4.02928e-05
0.5004 0.4996 4.2101e-05 4.2101e-05
0.50037 0.49963 4.44981e-05 4.44981e-05
0.50026 0.49974 4.2962e-05 4.2962e-05
0.5003 0.4997 4.43939e-05 4.43939e-05
0.50039 0.49961 4.65837e-05 4.65837e-05
0.50034 0.49966 4.65499e-05 4.65499e-05
0.50034 0.49966 4.7762e-05 4.7762e-05
0.50025 0.49975 4.81086e-05 4.81086e-05
0.50024 0.49976 4.776e-05 4.776e-05
0.50027 0.49973 4.77344e-05 4.77344e-05
0.50027 0.49973 4.76536e-05 4.76536e-05
0.50024 0.49976 4.7659e-05 4.7659e-05
0.50023 0.49977 4.86233e-05 4.86233e-05
0.5002 0.4998 4.82222e-05 4.82222e-05
0.50023 0.49977 4.80577e-05 4.80577e-05
0.50021 0.49979 4.83696e-05 4.83696e-05
0.50018 0.49982 4.86743e-05 4.86743e-05
0.50019 0.49981 4.88019e-05 4.88019e-05
0.50018 0.49982 4.83915e-05 4.83915e-05
0.50018 0.49982 4.81491e-05 4.81491e-05
0.50018 0.49982 4.81491e-05 4.81491e-05
0.50019 0.49981 4.80746e-05 4.80746e-05
0.50019 0.49981 4.80746e-05 4.80746e-05
0.5002 0.4998 4.81616e-05 4.81616e-05
0.50022 0.49978 4.79309e-05 4.79309e-05
0.50022 0.49978 4.79309e-05 4.79309e-05
0.50023 0.49977 4.79769e-05 4.79769e-05
0.50023 0.49977 4.79769e-05 4.79769e-05
0.50023 0.49977 4.79769e-05 4.79769e-05
0.50023 0.49977 4.79769e-05 4.79769e-05
0.50022 0.49978 4.78097e-05 4.78097e-05
0.50021 0.49979 4.77029e-05 4.77029e-05
0.50021 0.49979 4.77029e-05 4.77029e-05
0.50021 0.49979 4.77029e-05 4.77029e-05
0.50022 0.49978 4.75673e-05 4.75673e-05
0.50022 0.49978 4.75673e-05 4.75673e-05
0.50022 0.49978 4.75673e-05 4.75673e-05
0.50022 0.49978 4.75673e-05 4.75673e-05
0.50022 0.49978 4.75673e-05 4.75673e-05
0.50022 0.49978 4.75673e-05 4.75673e-05
0.50022 0.49978 4.75673e-05 4.75673e-05
0.50022 0.49978 4.75673e-05 4.75673e-05
0.50022 0.49978 4.75673e-05 4.75673e-05
0.50022 0.49978 4.75673e-05 4.75673e-05
0.50022 0.49978 4.75673e-05 4.75673e-05
0.50022 0.49978 4.75673e-05 4.75673e-05
0.50022 0.49978 4.75673e-05 4.75673e-05
0.50022 0.49978 4.75673e-05 4.75673e-05
0.50022 0.49978 4.75673e-05 4.75673e-05
0.50022 0.49978 4.75673e-05 4.75673e-05
0.50022 0.49978 4.75673e-05 4.75673e-05
0.50022 0.49978 4.75673e-05 4.75673e-05
0.50022 0.49978 4.75673e-05 4.75673e-05
0.50022 0.49978 4.75673e-05 4.75673e-05
0.50022 0.49978 4.75673e-05 4.75673e-05
0.50022 0.49978 4.75673e-05 4.75673e-05
0.50022 0.49978 4.75673e-05 4.75673e-05
0.50022 0.49978 4.75673e-05 4.75673e-05
0.50022 0.49978 4.75673e-05 4.75673e-05
0.50022 0.49978 4.75673e-05 4.75673e-05
0.50022 0.49978 4.75673e-05 4.75673e-05
0.50022 0.49978 4.75673e-05 4.75673e-05
0.50022 0.49978 4.75673e-05 4.75673e-05
0.50022 0.49978 4.75673e-05 4.75673e-05
0.50022 0.49978 4.75673e-05 4.75673e-05
0.50022 0.49978 4.75673e-05 4.75673e-05
0.50022 0.49978 4.75673e-05 4.75673e-05
0.50022 0.49978 4.75673e-05 4.75673e-05
0.50022 0.49978 4.75673e-05 4.75673e-05
0.50022 0.49978 4.75673e-05 4.75673e-05
0.50022 0.49978 4.75673e-05 4.75673e-05
0.50022 0.49978 4.75673e-05 4.75673e-05
0.50022 0.49978 4.75673e-05 4.75673e-05
0.50022 0.49978 4.75673e-05 4.75673e-05
0.50022 0.49978 4.75673e-05 4.75673e-05
0.50022 0.49978 4.75673e-05 4.75673e-05
0.50022 0.49978 4.75673e-05 4.75673e-05
0.50022 0.49978 4.75673e-05 4.75673e-05
0.50022 0.49978 4.75673e-05 4.75673e-05
0.50022 0.49978 4.75673e-05 4.75673e-05
0.50022 0.49978 4.75673e-05 4.75673e-05
0.50022 0.49978 4.75673e-05 4.75673e-05
0.50022 0.49978 4.75673e-05 4.75673e-05
0.50022 0.49978 4.75673e-05 4.75673e-05
0.50022 0.49978 4.75673e-05 4.75673e-05
0.50022 0.49978 4.75673e-05 4.75673e-05
0.50022 0.49978 4.75673e-05 4.75673e-05
0.50022 0.49978 4.75673e-05 4.75673e-05
0.50022 0.49978 4.75673e-05 4.75673e-05
0.50022 0.49978 4.75673e-05 4.75673e-05
0.50022 0.49978 4.75673e-05 4.75673e-05
0.50022 0.49978 4.75673e-05 4.75673e-05
0.50022 0.49978 4.75673e-05 4.75673e-05
0.50022 0.49978 4.75673e-05 4.75673e-05
0.50022 0.49978 4.75673e-05 4.75673e-05
0.50022 0.49978 4.75673e-05 4.75673e-05
0.50022 0.49978 4.75673e-05 4.75673e-05
0.50022 0.49978 4.75673e-05 4.75673e-05
0.50022 0.49978 4.75673e-05 4.75673e-05
0.50022 0.49978 4.75673e-05 4.75673e-05
0.50022 0.49978 4.75673e-05 4.75673e-05
0.50022 0.49978 4.75673e-05 4.75673e-05
0.50022 0.49978 4.75673e-05 4.75673e-05
0.50022 0.49978 4.75673e-05 4.75673e-05
0.50022 0.49978 4.75673e-05 4.75673e-05
0.50022 0.49978 4.75673e-05 4.75673e-05
0.50022 0.49978 4.75673e-05 4.75673e-05
0.50022 0.49978 4.75673e-05 4.75673e-05
0.50022 0.49978 4.75673e-05 4.75673e-05
0.50022 0.49978 4.75673e-05 4.75673e-05
0.50022 0.49978 4.75673e-05 4.75673e-05
0.50022 0.49978 4.75673e-05 4.75673e-05
0.50022 0.49978 4.75673e-05 4.75673e-05
0.50022 0.49978 4.75673e-05 4.75673e-05
0.50022 0.49978 4.75673e-05 4.75673e-05
0.50022 0.49978 4.75673e-05 4.75673e-05
0.50022 0.49978 4.75673e-05 4.75673e-05
0.50022 0.49978 4.75673e-05 4.75673e-05
0.50022 0.49978 4.75673e-05 4.75673e-05
0.50022 0.49978 4.75673e-05 4.75673e-05
0.50022 0.49978 4.75673e-05 4.75673e-05
0.50022 0.49978 4.75673e-05 4.75673e-05
0.50022 0.49978 4.75673e-05 4.75673e-05
0.50022 0.49978 4.75673e-05 4.75673e-05
0.50022 0.49978 4.75673e-05 4.75673e-05
0.50022 0.49978 4.75673e-05 4.75673e-05
0.50022 0.49978 4.75673e-05 4.75673e-05
0.50022 0.49978 4.75673e-05 4.75673e-05
0.50022 0.49978 4.75673e-05 4.75673e-05
0.50022 0.49978 4.75673e-05 4.75673e-05
0.50022 0.49978 4.75673e-05 4.75673e-05
0.50022 0.49978 4.75673e-05 4.75673e-05
0.50022 0.49978 4.75673e-05 4.75673e-05
0.50022 0.49978 4.75673e-05 4.75673e-05
0.50022 0.49978 4.75673e-05 4.75673e-05
0.50022 0.49978 4.75673e-05 4.75673e-05
0.50022 0.49978 4.75673e-05 4.75673e-05
0.50022 0.49978 4.75673e-05 4.75673e-05
0.50022 0.49978 4.75673e-05 4.75673e-05
0.50022 0.49978 4.75673e-05 4.75673e-05
0.50022 0.49978 4.75673e-05 4.75673e-05
0.50022 0.49978 4.75673e-05 4.75673e-05
0.50022 0.49978 4.75673e-05 4.75673e-05
0.50022 0.49978 4.75673e-05 4.75673e-05
0.50022 0.49978 4.75673e-05 4.75673e-05
0.50022 0.49978 4.75673e-05 4.75673e-05
0.50022 0.49978 4.75673e-05 4.75673e-05
0.50022 0.49978 4.75673e-05 4.75673e-05
0.50022 0.49978 4.75673e-05 4.75673e-05
0.50022 0.49978 4.75673e-05 4.75673e-05
0.50022 0.49978 4.75673e-05 4.75673e-05
0.50022 0.49978 4.75673e-05 4.75673e-05
0.50022 0.49978 4.75673e-05 4.75673e-05
0.50022 0.49978 4.75673e-05 4.75673e-05
0.50022 0.49978 4.75673e-05 4.75673e-05
0.50022 0.49978 4.75673e-05 4.75673e-05
0.50022 0.49978 4.75673e-05 4.75673e-05
0.50022 0.49978 4.75673e-05 4.75673e-05
0.50022 0.49978 4.75673e-05 4.75673e-05
0.50022 0.49978 4.75673e-05 4.75673e-05
0.50022 0.49978 4.75673e-05 4.75673e-05
0.50022 0.49978 4.75673e-05 4.75673e-05
0.50022 0.49978 4.75673e-05 4.75673e-05
0.50022 0.49978 4.75673e-05 4.75673e-05
0.50022 0.49978 4.75673e-05 4.75673e-05
0.50022 0.49978 4.75673e-05 4.75673e-05
0.50022 0.49978 4.75673e-05 4.75673e-05
0.50022 0.49978 4.75673e-05 4.75673e-05
0.50022 0.49978 4.75673e-05 4.75673e-05
0.50022 0.49978 4.75673e-05 4.75673e-05
0.50022 0.49978 4.75673e-05 4.75673e-05
0.50022 0.49978 4.75673e-05 4.75673e-05
0.50022 0.49978 4.75673e-05 4.75673e-05
0.50022 0.49978 4.75673e-05 4.75673e-05
0.50022 0.49978 4.75673e-05 4.75673e-05
0.50022 0.49978 4.75673e-05 4.75673e-05
0.50022 0.49978 4.75673e-05 4.75673e-05
0.50022 0.49978 4.75673e-05 4.75673e-05
0.50022 0.49978 4.75673e-05 4.75673e-05
0.50022 0.49978 4.75673e-05 4.75673e-05
0.50022 0.49978 4.75673e-05 4.75673e-05
0.50022 0.49978 4.75673e-05 4.75673e-05
0.50022 0.49978 4.75673e-05 4.75673e-05
0.50022 0.49978 4.75673e-05 4.75673e-05
0.50022 0.49978 4.75673e-05 4.75673e-05
0.50022 0.49978 4.75673e-05 4.75673e-05
0.50022 0.49978 4.75673e-05 4.75673e-05
0.50022 0.49978 4.75673e-05 4.75673e-05
0.50022 0.49978 4.75673e-05 4.75673e-05
0.50022 0.49978 4.75673e-05 4.75673e-05
0.50022 0.49978 4.75673e-05 4.75673e-05
0.50022 0.49978 4.75673e-05 4.75673e-05
0.50022 0.49978 4.75673e-05 4.75673e-05
0.50022 0.49978 4.75673e-05 4.75673e-05
0.50022 0.49978 4.75673e-05 4.75673e-05
0.50022 0.49978 4.75673e-05 4.75673e-05
0.50022 0.49978 4.75673e-05 4.75673e-05
0.50022 0.49978 4.75673e-05 4.75673e-05
0.50022 0.49978 4.75673e-05 4.75673e-05
0.50022 0.49978 4.75673e-05 4.75673e-05
0.50022 0.49978 4.75673e-05 4.75673e-05
0.50022 0.49978 4.75673e-05 4.75673e-05
0.50022 0.49978 4.75673e-05 4.75673e-05
0.50022 0.49978 4.75673e-05 4.75673e-05
0.50022 0.49978 4.75673e-05 4.75673e-05
0.50022 0.49978 4.75673e-05 4.75673e-05
0.50022 0.49978 4.75673e-05 4.75673e-05
0.50022 0.49978 4.75673e-05 4.75673e-05
0.50022 0.49978 4.75673e-05 4.75673e-05
0.50022 0.49978 4.75673e-05 4.75673e-05
0.50022 0.49978 4.75673e-05 4.75673e-05
0.50022 0.49978 4.75673e-05 4.75673e-05
0.50022 0.49978 4.75673e-05 4.75673e-05
0.50022 0.49978 4.75673e-05 4.75673e-05
0.50022 0.49978 4.75673e-05 4.75673e-05
0.50022 0.49978 4.75673e-05 4.75673e-05
0.50022 0.49978 4.75673e-05 4.75673e-05
0.50022 0.49978 4.75673e-05 4.75673e-05
0.50022 0.49978 4.75673e-05 4.75673e-05
0.50022 0.49978 4.75673e-05 4.75673e-05
0.50022 0.49978 4.75673e-05 4.75673e-05
0.50022 0.49978 4.75673e-05 4.75673e-05
0.50022 0.49978 4.75673e-05 4.75673e-05
0.50022 0.49978 4.75673e-05 4.75673e-05
0.50022 0.49978 4.75673e-05 4.75673e-05
0.50022 0.49978 4.75673e-05 4.75673e-05
0.50022 0.49978 4.75673e-05 4.75673e-05
0.50022 0.49978 4.75673e-05 4.75673e-05
0.50022 0.49978 4.75673e-05 4.75673e-05
0.50022 0.49978 4.75673e-05 4.75673e-05
0.50022 0.49978 4.75673e-05 4.75673e-05
0.50022 0.49978 4.75673e-05 4.75673e-05
0.50022 0.49978 4.75673e-05 4.75673e-05
0.50022 0.49978 4.75673e-05 4.75673e-05
0.50022 0.49978 4.75673e-05 4.75673e-05
0.50022 0.49978 4.75673e-05 4.75673e-05
0.50022 0.49978 4.75673e-05 4.75673e-05
0.50022 0.49978 4.75673e-05 4.75673e-05
0.50022 0.49978 4.75673e-05 4.75673e-05
0.50022 0.49978 4.75673e-05 4.75673e-05
0.50022 0.49978 4.75673e-05 4.75673e-05
0.50022 0.49978 4.75673e-05 4.75673e-05
0.50022 0.49978 4.75673e-05 4.75673e-05
0.50022 0.49978 4.75673e-05 4.75673e-05
0.50022 0.49978 4.75673e-05 4.75673e-05
0.50022 0.49978 4.75673e-05 4.75673e-05
0.50022 0.49978 4.75673e-05 4.75673e-05
0.50022 0.49978 4.75673e-05 4.75673e-05
0.50022 0.49978 4.75673e-05 4.75673e-05
0.50022 0.49978 4.75673e-05 4.75673e-05
0.50022 0.49978 4.75673e-05 4.75673e-05
0.50022 0.49978 4.75673e-05 4.75673e-05
0.50022 0.49978 4.75673e-05 4.75673e-05
0.50022 0.49978 4.75673e-05 4.75673e-05
0.50022 0.49978 4.75673e-05 4.75673e-05
0.50022 0.49978 4.75673e-05 4.75673e-05
0.50022 0.49978 4.75673e-05 4.75673e-05
0.50022 0.49978 4.75673e-05 4.75673e-05
0.50022 0.49978 4.75673e-05 4.75673e-05
0.50022 0.49978 4.75673e-05 4.75673e-05
0.50022 0.49978 4.75673e-05 4.75673e-05
0.50022 0.49978 4.75673e-05 4.75673e-05
0.50022 0.49978 4.75673e-05 4.75673e-05
0.50022 0.49978 4.75673e-05 4.75673e-05
0.50022 0.49978 4.75673e-05 4.75673e-05
0.50022 0.49978 4.75673e-05 4.75673e-05
0.50022 0.49978 4.75673e-05 4.75673e-05
0.50022 0.49978 4.75673e-05 4.75673e-05
0.50022 0.49978 4.75673e-05 4.75673e-05
0.50022 0.49978 4.75673e-05 4.75673e-05
0.50022 0.49978 4.75673e-05 4.75673e-05
0.50022 0.49978 4.75673e-05 4.75673e-05
0.50022 0.49978 4.75673e-05 4.75673e-05
0.50022 0.49978 4.75673e-05 4.75673e-05
0.50022 0.49978 4.75673e-05 4.75673e-05
0.50022 0.49978 4.75673e-05 4.75673e-05
0.50022 0.49978 4.75673e-05 4.75673e-05
0.50022 0.49978 4.75673e-05 4.75673e-05
0.50022 0.49978 4.75673e-05 4.75673e-05
0.50022 0.49978 4.75673e-05 4.75673e-05
0.50022 0.49978 4.75673e-05 4.75673e-05
0.50022 0.49978 4.75673e-05 4.75673e-05
0.50022 0.49978 4.75673e-05 4.75673e-05
0.50022 0.49978 4.75673e-05 4.75673e-05
0.50022 0.49978 4.75673e-05 4.75673e-05
0.50022 0.49978 4.75673e-05 4.75673e-05
0.50022 0.49978 4.75673e-05 4.75673e-05
0.50022 0.49978 4.75673e-05 4.75673e-05
0.50022 0.49978 4.75673e-05 4.75673e-05
0.50022 0.49978 4.75673e-05 4.75673e-05
0.50022 0.49978 4.75673e-05 4.75673e-05
0.50022 0.49978 4.75673e-05 4.75673e-05
0.50022 0.49978 4.75673e-05 4.75673e-05
0.50022 0.49978 4.75673e-05 4.75673e-05
0.50022 0.49978 4.75673e-05 4.75673e-05
0.50022 0.49978 4.75673e-05 4.75673e-05
0.50022 0.49978 4.75673e-05 4.75673e-05
0.50022 0.49978 4.75673e-05 4.75673e-05
0.50022 0.49978 4.75673e-05 4.75673e-05
0.50022 0.49978 4.75673e-05 4.75673e-05
0.50022 0.49978 4.75673e-05 4.75673e-05
0.50022 0.49978 4.75673e-05 4.75673e-05
0.50022 0.49978 4.75673e-05 4.75673e-05
0.50022 0.49978 4.75673e-05 4.75673e-05
0.50022 0.49978 4.75673e-05 4.75673e-05
0.50022 0.49978 4.75673e-05 4.75673e-05
0.50022 0.49978 4.75673e-05 4.75673e-05
0.50022 0.49978 4.75673e-05 4.75673e-05
0.50022 0.49978 4.75673e-05 4.75673e-05
0.50022 0.49978 4.75673e-05 4.75673e-05
0.50022 0.49978 4.75673e-05 4.75673e-05
0.50022 0.49978 4.75673e-05 4.75673e-05
0.50022 0.49978 4.75673e-05 4.75673e-05
0.50022 0.49978 4.75673e-05 4.75673e-05
0.50022 0.49978 4.75673e-05 4.75673e-05
0.50022 0.49978 4.75673e-05 4.75673e-05
0.50022 0.49978 4.75673e-05 4.75673e-05
0.50022 0.49978 4.75673e-05 4.75673e-05
0.50022 0.49978 4.75673e-05 4.75673e-05
0.50022 0.49978 4.75673e-05 4.75673e-05
0.50022 0.49978 4.75673e-05 4.75673e-05
0.50022 0.49978 4.75673e-05 4.75673e-05
0.50022 0.49978 4.75673e-05 4.75673e-05
0.50022 0.49978 4.75673e-05 4.75673e-05
0.50022 0.49978 4.75673e-05 4.75673e-05
0.50022 0.49978 4.75673e-05 4.75673e-05
0.50022 0.49978 4.75673e-05 4.75673e-05
0.50022 0.49978 4.75673e-05 4.75673e-05
0.50022 0.49978 4.75673e-05 4.75673e-05
0.50022 0.49978 4.75673e-05 4.75673e-05
0.50022 0.49978 4.75673e-05 4.75673e-05
0.50022 0.49978 4.75673e-05 4.75673e-05
0.50022 0.49978 4.75673e-05 4.75673e-05
0.50022 0.49978 4.75673e-05 4.75673e-05
0.50022 0.49978 4.75673e-05 4.75673e-05
0.50022 0.49978 4.75673e-05 4.75673e-05
0.50022 0.49978 4.75673e-05 4.75673e-05
0.50022 0.49978 4.75673e-05 4.75673e-05
0.50022 0.49978 4.75673e-05 4.75673e-05
0.50022 0.49978 4.75673e-05 4.75673e-05
0.50022 0.49978 4.75673e-05 4.75673e-05
0.50022 0.49978 4.75673e-05 4.75673e-05
0.50022 0.49978 4.75673e-05 4.75673e-05
0.50022 0.49978 4.75673e-05 4.75673e-05
0.50022 0.49978 4.75673e-05 4.75673e-05
0.50022 0.49978 4.75673e-05 4.75673e-05
0.50022 0.49978 4.75673e-05 4.75673e-05
0.50022 0.49978 4.75673e-05 4.75673e-05
0.50022 0.49978 4.75673e-05 4.75673e-05
0.50022 0.49978 4.75673e-05 4.75673e-05
0.50022 0.49978 4.75673e-05 4.75673e-05
0.50022 0.49978 4.75673e-05 4.75673e-05
0.50022 0.49978 4.75673e-05 4.75673e-05
0.50022 0.49978 4.75673e-05 4.75673e-05
0.50022 0.49978 4.75673e-05 4.75673e-05
0.50022 0.49978 4.75673e-05 4.75673e-05
0.50022 0.49978 4.75673e-05 4.75673e-05
0.50022 0.49978 4.75673e-05 4.75673e-05
0.50022 0.49978 4.75673e-05 4.75673e-05
0.50022 0.49978 4.75673e-05 4.75673e-05
0.50022 0.49978 4.75673e-05 4.75673e-05
0.50022 0.49978 4.75673e-05 4.75673e-05
0.50022 0.49978 4.75673e-05 4.75673e-05
0.50022 0.49978 4.75673e-05 4.75673e-05
0.50022 0.49978 4.75673e-05 4.75673e-05
0.50022 0.49978 4.75673e-05 4.75673e-05
0.50022 0.49978 4.75673e-05 4.75673e-05
0.50022 0.49978 4.75673e-05 4.75673e-05
0.50022 0.49978 4.75673e-05 4.75673e-05
0.50022 0.49978 4.75673e-05 4.75673e-05
0.50022 0.49978 4.75673e-05 4.75673e-05
0.50022 0.49978 4.75673e-05 4.75673e-05
0.50022 0.49978 4.75673e-05 4.75673e-05
0.50022 0.49978 4.75673e-05 4.75673e-05
0.50022 0.49978 4.75673e-05 4.75673e-05
0.50022 0.49978 4.75673e-05 4.75673e-05
0.50022 0.49978 4.75673e-05 4.75673e-05
0.50022 0.49978 4.75673e-05 4.75673e-05
0.50022 0.49978 4.75673e-05 4.75673e-05
0.50022 0.49978 4.75673e-05 4.75673e-05
0.50022 0.49978 4.75673e-05 4.75673e-05
0.50022 0.49978 4.75673e-05 4.75673e-05
0.50022 0.49978 4.75673e-05 4.75673e-05
0.50022 0.49978 4.75673e-05 4.75673e-05
0.50022 0.49978 4.75673e-05 4.75673e-05
0.50022 0.49978 4.75673e-05 4.75673e-05
0.50022 0.49978 4.75673e-05 4.75673e-05
0.50022 0.49978 4.75673e-05 4.75673e-05
0.50022 0.49978 4.75673e-05 4.75673e-05
0.50022 0.49978 4.75673e-05 4.75673e-05
0.50022 0.49978 4.75673e-05 4.75673e-05
0.50022 0.49978 4.75673e-05 4.75673e-05
0.50022 0.49978 4.75673e-05 4.75673e-05
0.50022 0.49978 4.75673e-05 4.75673e-05
0.50022 0.49978 4.75673e-05 4.75673e-05
0.50022 0.49978 4.75673e-05 4.75673e-05
0.50022 0.49978 4.75673e-05 4.75673e-05
0.50022 0.49978 4.75673e-05 4.75673e-05
0.50022 0.49978 4.75673e-05 4.75673e-05
0.50022 0.49978 4.75673e-05 4.75673e-05
0.50022 0.49978 4.75673e-05 4.75673e-05
0.50022 0.49978 4.75673e-05 4.75673e-05
0.50022 0.49978 4.75673e-05 4.75673e-05
0.50022 0.49978 4.75673e-05 4.75673e-05
0.50022 0.49978 4.75673e-05 4.75673e-05
0.50022 0.49978 4.75673e-05 4.75673e-05
0.50022 0.49978 4.75673e-05 4.75673e-05
0.50022 0.49978 4.75673e-05 4.75673e-05
0.50022 0.49978 4.75673e-05 4.75673e-05
0.50022 0.49978 4.75673e-05 4.75673e-05
0.50022 0.49978 4.75673e-05 4.75673e-05
0.50022 0.49978 4.75673e-05 4.75673e-05
0.50022 0.49978 4.75673e-05 4.75673e-05
0.50022 0.49978 4.75673e-05 4.75673e-05
0.50022 0.49978 4.75673e-05 4.75673e-05
0.50022 0.49978 4.75673e-05 4.75673e-05
0.50022 0.49978 4.75673e-05 4.75673e-05
0.50022 0.49978 4.75673e-05 4.75673e-05
0.50022 0.49978 4.75673e-05 4.75673e-05
0.50022 0.49978 4.75673e-05 4.75673e-05
0.50022 0.49978 4.75673e-05 4.75673e-05
0.50022 0.49978 4.75673e-05 4.75673e-05
0.50022 0.49978 4.75673e-05 4.75673e-05
0.50022 0.49978 4.75673e-05 4.75673e-05
0.50022 0.49978 4.75673e-05 4.75673e-05
0.50022 0.49978 4.75673e-05 4.75673e-05
0.50022 0.49978 4.75673e-05 4.75673e-05
0.50022 0.49978 4.75673e-05 4.75673e-05
0.50022 0.49978 4.75673e-05 4.75673e-05
0.50022 0.49978 4.75673e-05 4.75673e-05
0.50022 0.49978 4.75673e-05 4.75673e-05
0.50022 0.49978 4.75673e-05 4.75673e-05
0.50022 0.49978 4.75673e-05 4.75673e-05
0.50022 0.49978 4.75673e-05 4.75673e-05
0.50022 0.49978 4.75673e-05 4.75673e-05
0.50022 0.49978 4.75673e-05 4.75673e-05
0.50022 0.49978 4.75673e-05 4.75673e-05
0.50022 0.49978 4.75673e-05 4.75673e-05
0.50022 0.49978 4.75673e-05 4.75673e-05
0.50022 0.49978 4.75673e-05 4.75673e-05
0.50022 0.49978 4.75673e-05 4.75673e-05
0.50022 0.49978 4.75673e-05 4.75673e-05
0.50022 0.49978 4.75673e-05 4.75673e-05
0.50022 0.49978 4.75673e-05 4.75673e-05
0.50022 0.49978 4.75673e-05 4.75673e-05
0.50022 0.49978 4.75673e-05 4.75673e-05
0.50022 0.49978 4.75673e-05 4.75673e-05
0.50022 0.49978 4.75673e-05 4.75673e-05
0.50022 0.49978 4.75673e-05 4.75673e-05
0.50022 0.49978 4.75673e-05 4.75673e-05
0.50022 0.49978 4.75673e-05 4.75673e-05
0.50022 0.49978 4.75673e-05 4.75673e-05
0.50022 0.49978 4.75673e-05 4.75673e-05
0.50022 0.49978 4.75673e-05 4.75673e-05
0.50022 0.49978 4.75673e-05 4.75673e-05
0.50022 0.49978 4.75673e-05 4.75673e-05
0.50022 0.49978 4.75673e-05 4.75673e-05
0.50022 0.49978 4.75673e-05 4.75673e-05
0.50022 0.49978 4.75673e-05 4.75673e-05
0.50022 0.49978 4.75673e-05 4.75673e-05
0.50022 0.49978 4.75673e-05 4.75673e-05
0.50022 0.49978 4.75673e-05 4.75673e-05
0.50022 0.49978 4.75673e-05 4.75673e-05
0.50022 0.49978 4.75673e-05 4.75673e-05
0.50022 0.49978 4.75673e-05 4.75673e-05
0.50022 0.49978 4.75673e-05 4.75673e-05
0.50022 0.49978 4.75673e-05 4.75673e-05
0.50022 0.49978 4.75673e-05 4.75673e-05
0.50022 0.49978 4.75673e-05 4.75673e-05
0.50022 0.49978 4.75673e-05 4.75673e-05
0.50022 0.49978 4.75673e-05 4.75673e-05
0.50022 0.49978 4.75673e-05 4.75673e-05
0.50022 0.49978 4.75673e-05 4.75673e-05
0.50022 0.49978 4.75673e-05 4.75673e-05
0.50022 0.49978 4.75673e-05 4.75673e-05
0.50022 0.49978 4.75673e-05 4.75673e-05
0.50022 0.49978 4.75673e-05 4.75673e-05
0.50022 0.49978 4.75673e-05 4.75673e-05
0.50022 0.49978 4.75673e-05 4.75673e-05
0.50022 0.49978 4.75673e-05 4.75673e-05
0.50022 0.49978 4.75673e-05 4.75673e-05
0.50022 0.49978 4.75673e-05 4.75673e-05
0.50022 0.49978 4.75673e-05 4.75673e-05
0.50022 0.49978 4.75673e-05 4.75673e-05
0.50022 0.49978 4.75673e-05 4.75673e-05
0.50022 0.49978 4.75673e-05 4.75673e-05
0.50022 0.49978 4.75673e-05 4.75673e-05
0.50022 0.49978 4.75673e-05 4.75673e-05
0.50022 0.49978 4.75673e-05 4.75673e-05
0.50022 0.49978 4.75673e-05 4.75673e-05
0.50022 0.49978 4.75673e-05 4.75673e-05
0.50022 0.49978 4.75673e-05 4.75673e-05
0.50022 0.49978 4.75673e-05 4.75673e-05
0.50022 0.49978 4.75673e-05 4.75673e-05
