0.50037 0.49963 4.39122e-05 4.39122e-05
0.50011 0.49989 9.88868e-05 9.88868e-05
0.49994 0.50006 0.000146926 0.000146926
0.50024 0.49976 0.000216427 0.000216427
0.49908 0.50092 0.000263468 0.000263468
0.49888 0.50112 0.000284369 0.000284369
0.49817 0.50183 0.000340749 0.000340749
0.49794 0.50206 0.000413693 0.000413693
0.49723 0.50277 0.000454462 0.000454462
0.49629 0.50371 0.000534996 0.000534996
0.49651 0.50349 0.000543323 0.000543323
0.49642 0.50358 0.000559398 0.000559398
0.4959 0.5041 0.000615202 0.000615202
0.49563 0.50437 0.000635266 0.000635266
0.49546 0.50454 0.000667988 0.000667988
0.49572 0.50428 0.000704729 0.000704729
0.49565 0.50435 0.000704755 0.000704755
0.49667 0.50333 0.000755274 0.000755274
0.49662 0.50338 0.000767996 0.000767996
0.49671 0.50329 0.000798592 0.000798592
0.49628 0.50372 0.00081384 0.00081384
0.49663 0.50337 0.000813326 0.000813326
0.49606 0.50394 0.000826158 0.000826158
0.49612 0.50388 0.000844592 0.000844592
0.49616 0.50384 0.000849914 0.000849914
0.49678 0.50322 0.00088387 0.00088387
0.49685 0.50315 0.000920957 0.000920957
0.49678 0.50322 0.000946598 0.000946598
0.49663 0.50337 0.000969266 0.000969266
0.49668 0.50332 0.000973856 0.000973856
0.49661 0.50339 0.000980725 0.000980725
0.49673 0.50327 0.000989876 0.000989876
0.4967 0.5033 0.000999364 0.000999364
0.49634 0.50366 0.00100087 0.00100087
0.4961 0.5039 0.000992717 0.000992717
0.49603 0.50397 0.00100098 0.00100098
0.49583 0.50417 0.0010055 0.0010055
0.4959 0.5041 0.00102284 0.00102284
0.49584 0.50416 0.00102331 0.00102331
0.49609 0.50391 0.00101507 0.00101507
0.496 0.504 0.00101909 0.00101909
0.49609 0.50391 0.00101396 0.00101396
0.49606 0.50394 0.00102412 0.00102412
0.49599 0.50401 0.00102365 0.00102365
0.49609 0.50391 0.00103503 0.00103503
0.49594 0.50406 0.00104165 0.00104165
0.49625 0.50375 0.00104308 0.00104308
0.49617 0.50383 0.00103693 0.00103693
0.49618 0.50382 0.00104979 0.00104979
0.49615 0.50385 0.00104857 0.00104857
0.49623 0.50377 0.00104767 0.00104767
0.4962 0.5038 0.00104521 0.00104521
0.49631 0.50369 0.00104713 0.00104713
0.49614 0.50386 0.00105251 0.00105251
0.49614 0.50386 0.00105758 0.00105758
0.49628 0.50372 0.00105075 0.00105075
0.49613 0.50387 0.00105997 0.00105997
0.49626 0.50374 0.00106246 0.00106246
0.49595 0.50405 0.00106554 0.00106554
0.49621 0.50379 0.00106443 0.00106443
0.4962 0.5038 0.00105265 0.00105265
0.49607 0.50393 0.00105665 0.00105665
0.49602 0.50398 0.00105149 0.00105149
0.49595 0.50405 0.00105092 0.00105092
0.49603 0.50397 0.00105528 0.00105528
0.49601 0.50399 0.00105124 0.00105124
0.49605 0.50395 0.00104795 0.00104795
0.49612 0.50388 0.00105564 0.00105564
0.49612 0.50388 0.00105776 0.00105776
0.49621 0.50379 0.00105245 0.00105245
0.49621 0.50379 0.0010452 0.0010452
0.49609 0.50391 0.00104487 0.00104487
0.49613 0.50387 0.00105217 0.00105217
0.49617 0.50383 0.00105449 0.00105449
0.49616 0.50384 0.0010581 0.0010581
0.4961 0.5039 0.00105748 0.00105748
0.4962 0.5038 0.00105945 0.00105945
0.49622 0.50378 0.00106474 0.00106474
0.49614 0.50386 0.00106667 0.00106667
0.49616 0.50384 0.00107104 0.00107104
0.49618 0.50382 0.00107526 0.00107526
0.49617 0.50383 0.00106873 0.00106873
0.49619 0.50381 0.0010683 0.0010683
0.49624 0.50376 0.00106622 0.00106622
0.49623 0.50377 0.00106644 0.00106644
0.49626 0.50374 0.00106486 0.00106486
0.49637 0.50363 0.00106426 0.00106426
0.49635 0.50365 0.00106162 0.00106162
0.49633 0.50367 0.00106329 0.00106329
0.49634 0.50366 0.00106433 0.00106433
0.49638 0.50362 0.00106517 0.00106517
0.49638 0.50362 0.00106773 0.00106773
0.49639 0.50361 0.00106891 0.00106891
0.49638 0.50362 0.00106719 0.00106719
0.49636 0.50364 0.00106761 0.00106761
0.49639 0.50361 0.00106636 0.00106636
0.49638 0.50362 0.00106393 0.00106393
0.49632 0.50368 0.00106475 0.00106475
0.49629 0.50371 0.00106334 0.00106334
0.49628 0.50372 0.0010662 0.0010662
0.4963 0.5037 0.0010671 0.0010671
0.4963 0.5037 0.00106993 0.00106993
0.49623 0.50377 0.00107024 0.00107024
0.49621 0.50379 0.00107096 0.00107096
0.49621 0.50379 0.00106641 0.00106641
0.49621 0.50379 0.00106938 0.00106938
0.49621 0.50379 0.00106902 0.00106902
0.49618 0.50382 0.00107009 0.00107009
0.49622 0.50378 0.00107098 0.00107098
0.49622 0.50378 0.00107187 0.00107187
0.49622 0.50378 0.00107064 0.00107064
0.49618 0.50382 0.00107118 0.00107118
0.49617 0.50383 0.00107236 0.00107236
0.49621 0.50379 0.00107144 0.00107144
0.49621 0.50379 0.00107281 0.00107281
0.49623 0.50377 0.00107246 0.00107246
0.49625 0.50375 0.00106966 0.00106966
0.49624 0.50376 0.00106992 0.00106992
0.49624 0.50376 0.00106869 0.00106869
0.49626 0.50374 0.00106759 0.00106759
0.49624 0.50376 0.00106675 0.00106675
0.49625 0.50375 0.00106647 0.00106647
0.49627 0.50373 0.00106582 0.00106582
0.49625 0.50375 0.00106635 0.00106635
0.49625 0.50375 0.0010668 0.0010668
0.49625 0.50375 0.00106506 0.00106506
0.49629 0.50371 0.00106556 0.00106556
0.49629 0.50371 0.00106728 0.00106728
0.49631 0.50369 0.00106876 0.00106876
0.49629 0.50371 0.0010674 0.0010674
0.49628 0.50372 0.00106895 0.00106895
0.49629 0.50371 0.00106902 0.00106902
0.49626 0.50374 0.00106931 0.00106931
0.49626 0.50374 0.00106931 0.00106931
0.49624 0.50376 0.0010702 0.0010702
0.49624 0.50376 0.0010702 0.0010702
0.49624 0.50376 0.0010702 0.0010702
0.49623 0.50377 0.00107024 0.00107024
0.49623 0.50377 0.00107024 0.00107024
0.49624 0.50376 0.00107047 0.00107047
0.49624 0.50376 0.00106877 0.00106877
0.49624 0.50376 0.00106877 0.00106877
0.49624 0.50376 0.00106877 0.00106877
0.49624 0.50376 0.00106877 0.00106877
0.49625 0.50375 0.00106857 0.00106857
0.49626 0.50374 0.00106866 0.00106866
0.49625 0.50375 0.00106873 0.00106873
0.49625 0.50375 0.00106873 0.00106873
0.49625 0.50375 0.00106873 0.00106873
0.49624 0.50376 0.00106893 0.00106893
0.49623 0.50377 0.00106885 0.00106885
0.49624 0.50376 0.0010677 0.0010677
0.49623 0.50377 0.00106763 0.00106763
0.49623 0.50377 0.00106763 0.00106763
0.49623 0.50377 0.00106584 0.00106584
0.49624 0.50376 0.00106558 0.00106558
0.49625 0.50375 0.00106534 0.00106534
0.49626 0.50374 0.00106559 0.00106559
0.49626 0.50374 0.00106559 0.00106559
0.49626 0.50374 0.00106559 0.00106559
0.49626 0.50374 0.00106559 0.00106559
0.49626 0.50374 0.00106559 0.00106559
0.49625 0.50375 0.00106552 0.00106552
0.49625 0.50375 0.00106552 0.00106552
0.49624 0.50376 0.00106574 0.00106574
0.49624 0.50376 0.00106574 0.00106574
0.49624 0.50376 0.00106574 0.00106574
0.49624 0.50376 0.00106574 0.00106574
0.49624 0.50376 0.00106574 0.00106574
0.49624 0.50376 0.00106574 0.00106574
0.49625 0.50375 0.00106581 0.00106581
0.49625 0.50375 0.00106581 0.00106581
0.49625 0.50375 0.00106581 0.00106581
0.49624 0.50376 0.00106661 0.00106661
0.49624 0.50376 0.00106661 0.00106661
0.49624 0.50376 0.00106661 0.00106661
0.49625 0.50375 0.0010676 0.0010676
0.49625 0.50375 0.0010676 0.0010676
0.49624 0.50376 0.00106784 0.00106784
0.49624 0.50376 0.00106784 0.00106784
0.49624 0.50376 0.00106784 0.00106784
0.49624 0.50376 0.00106784 0.00106784
0.49624 0.50376 0.00106784 0.00106784
0.49624 0.50376 0.00106784 0.00106784
0.49624 0.50376 0.00106784 0.00106784
0.49623 0.50377 0.00106759 0.00106759
0.49623 0.50377 0.00106759 0.00106759
0.49623 0.50377 0.00106759 0.00106759
0.49623 0.50377 0.00106759 0.00106759
0.49622 0.50378 0.00106753 0.00106753
0.49622 0.50378 0.00106753 0.00106753
0.49623 0.50377 0.00106777 0.00106777
0.49623 0.50377 0.00106777 0.00106777
0.49623 0.50377 0.00106777 0.00106777
0.49623 0.50377 0.00106777 0.00106777
0.49623 0.50377 0.00106777 0.00106777
0.49623 0.50377 0.00106777 0.00106777
0.49623 0.50377 0.00106777 0.00106777
0.49623 0.50377 0.00106777 0.00106777
0.49623 0.50377 0.00106777 0.00106777
0.49623 0.50377 0.00106777 0.00106777
0.49623 0.50377 0.00106777 0.00106777
0.49622 0.50378 0.00106753 0.00106753
0.49622 0.50378 0.00106753 0.00106753
0.49622 0.50378 0.00106753 0.00106753
0.49623 0.50377 0.00106777 0.00106777
0.49623 0.50377 0.00106777 0.00106777
0.49623 0.50377 0.00106777 0.00106777
0.49623 0.50377 0.00106777 0.00106777
0.49623 0.50377 0.00106777 0.00106777
0.49623 0.50377 0.00106777 0.00106777
0.49623 0.50377 0.00106777 0.00106777
0.49623 0.50377 0.00106777 0.00106777
0.49623 0.50377 0.00106777 0.00106777
0.49623 0.50377 0.00106777 0.00106777
0.49623 0.50377 0.00106777 0.00106777
0.49623 0.50377 0.00106777 0.00106777
0.49623 0.50377 0.00106777 0.00106777
0.49623 0.50377 0.00106777 0.00106777
0.49623 0.50377 0.00106777 0.00106777
0.49622 0.50378 0.00106753 0.00106753
0.49622 0.50378 0.00106753 0.00106753
0.49623 0.50377 0.00106777 0.00106777
0.49623 0.50377 0.00106777 0.00106777
0.49623 0.50377 0.00106777 0.00106777
0.49622 0.50378 0.00106753 0.00106753
0.49622 0.50378 0.00106753 0.00106753
0.49622 0.50378 0.00106753 0.00106753
0.49622 0.50378 0.00106753 0.00106753
0.49622 0.50378 0.00106753 0.00106753
0.49622 0.50378 0.00106753 0.00106753
0.49622 0.50378 0.00106753 0.00106753
0.49622 0.50378 0.00106753 0.00106753
0.49622 0.50378 0.00106753 0.00106753
0.49622 0.50378 0.00106753 0.00106753
0.49622 0.50378 0.00106753 0.00106753
0.49622 0.50378 0.00106753 0.00106753
0.49622 0.50378 0.00106753 0.00106753
0.49622 0.50378 0.00106753 0.00106753
0.49622 0.50378 0.00106753 0.00106753
0.49622 0.50378 0.00106753 0.00106753
0.49622 0.50378 0.00106753 0.00106753
0.49622 0.50378 0.00106753 0.00106753
0.49622 0.50378 0.00106753 0.00106753
0.49622 0.50378 0.00106753 0.00106753
0.49622 0.50378 0.00106753 0.00106753
0.49622 0.50378 0.00106753 0.00106753
0.49622 0.50378 0.00106753 0.00106753
0.49622 0.50378 0.00106753 0.00106753
0.49622 0.50378 0.00106753 0.00106753
0.49622 0.50378 0.00106753 0.00106753
0.49622 0.50378 0.00106753 0.00106753
0.49622 0.50378 0.00106753 0.00106753
0.49622 0.50378 0.00106753 0.00106753
0.49622 0.50378 0.00106753 0.00106753
0.49622 0.50378 0.00106753 0.00106753
0.49622 0.50378 0.00106753 0.00106753
0.49622 0.50378 0.00106753 0.00106753
0.49622 0.50378 0.00106753 0.00106753
0.49622 0.50378 0.00106753 0.00106753
0.49622 0.50378 0.00106753 0.00106753
0.49622 0.50378 0.00106753 0.00106753
0.49622 0.50378 0.00106753 0.00106753
0.49622 0.50378 0.00106753 0.00106753
0.49622 0.50378 0.00106753 0.00106753
0.49622 0.50378 0.00106753 0.00106753
0.49622 0.50378 0.00106753 0.00106753
0.49622 0.50378 0.00106753 0.00106753
0.49622 0.50378 0.00106753 0.00106753
0.49622 0.50378 0.00106753 0.00106753
0.49622 0.50378 0.00106753 0.00106753
0.49622 0.50378 0.00106753 0.00106753
0.49622 0.50378 0.00106753 0.00106753
0.49622 0.50378 0.00106753 0.00106753
0.49622 0.50378 0.00106753 0.00106753
0.49622 0.50378 0.00106753 0.00106753
0.49622 0.50378 0.00106753 0.00106753
0.49622 0.50378 0.00106753 0.00106753
0.49622 0.50378 0.00106753 0.00106753
0.49622 0.50378 0.00106753 0.00106753
0.49622 0.50378 0.00106753 0.00106753
0.49622 0.50378 0.00106753 0.00106753
0.49622 0.50378 0.00106753 0.00106753
0.49622 0.50378 0.00106753 0.00106753
0.49622 0.50378 0.00106753 0.00106753
0.49622 0.50378 0.00106753 0.00106753
0.49622 0.50378 0.00106753 0.00106753
0.49622 0.50378 0.00106753 0.00106753
0.49622 0.50378 0.00106753 0.00106753
0.49622 0.50378 0.00106753 0.00106753
0.49622 0.50378 0.00106753 0.00106753
0.49622 0.50378 0.00106753 0.00106753
0.49622 0.50378 0.00106753 0.00106753
0.49622 0.50378 0.00106753 0.00106753
0.49622 0.50378 0.00106753 0.00106753
0.49622 0.50378 0.00106753 0.00106753
0.49622 0.50378 0.00106753 0.00106753
0.49622 0.50378 0.00106753 0.00106753
0.49622 0.50378 0.00106753 0.00106753
0.49622 0.50378 0.00106753 0.00106753
0.49622 0.50378 0.00106753 0.00106753
0.49622 0.50378 0.00106753 0.00106753
0.49622 0.50378 0.00106753 0.00106753
0.49622 0.50378 0.00106753 0.00106753
0.49622 0.50378 0.00106753 0.00106753
0.49622 0.50378 0.00106753 0.00106753
0.49622 0.50378 0.00106753 0.00106753
0.49622 0.50378 0.00106753 0.00106753
0.49622 0.50378 0.00106753 0.00106753
0.49622 0.50378 0.00106753 0.00106753
0.49622 0.50378 0.00106753 0.00106753
0.49622 0.50378 0.00106753 0.00106753
0.49622 0.50378 0.00106753 0.00106753
0.49622 0.50378 0.00106753 0.00106753
0.49622 0.50378 0.00106753 0.00106753
0.49622 0.50378 0.00106753 0.00106753
0.49622 0.50378 0.00106753 0.00106753
0.49622 0.50378 0.00106753 0.00106753
0.49622 0.50378 0.00106753 0.00106753
0.49622 0.50378 0.00106753 0.00106753
0.49622 0.50378 0.00106753 0.00106753
0.49622 0.50378 0.00106753 0.00106753
0.49622 0.50378 0.00106753 0.00106753
0.49622 0.50378 0.00106753 0.00106753
0.49622 0.50378 0.00106753 0.00106753
0.49622 0.50378 0.00106753 0.00106753
0.49622 0.50378 0.00106753 0.00106753
0.49622 0.50378 0.00106753 0.00106753
0.49622 0.50378 0.00106753 0.00106753
0.49622 0.50378 0.00106753 0.00106753
0.49622 0.50378 0.00106753 0.00106753
0.49622 0.50378 0.00106753 0.00106753
0.49622 0.50378 0.00106753 0.00106753
0.49622 0.50378 0.00106753 0.00106753
0.49622 0.50378 0.00106753 0.00106753
0.49622 0.50378 0.00106753 0.00106753
0.49622 0.50378 0.00106753 0.00106753
0.49622 0.50378 0.00106753 0.00106753
0.49622 0.50378 0.00106753 0.00106753
0.49622 0.50378 0.00106753 0.00106753
0.49622 0.50378 0.00106753 0.00106753
0.49622 0.50378 0.00106753 0.00106753
0.49622 0.50378 0.00106753 0.00106753
0.49622 0.50378 0.00106753 0.00106753
0.49622 0.50378 0.00106753 0.00106753
0.49622 0.50378 0.00106753 0.00106753
0.49622 0.50378 0.00106753 0.00106753
0.49622 0.50378 0.00106753 0.00106753
0.49622 0.50378 0.00106753 0.00106753
0.49622 0.50378 0.00106753 0.00106753
0.49622 0.50378 0.00106753 0.00106753
0.49622 0.50378 0.00106753 0.00106753
0.49622 0.50378 0.00106753 0.00106753
0.49622 0.50378 0.00106753 0.00106753
0.49622 0.50378 0.00106753 0.00106753
0.49622 0.50378 0.00106753 0.00106753
0.49622 0.50378 0.00106753 0.00106753
0.49622 0.50378 0.00106753 0.00106753
0.49622 0.50378 0.00106753 0.00106753
0.49622 0.50378 0.00106753 0.00106753
0.49622 0.50378 0.00106753 0.00106753
0.49622 0.50378 0.00106753 0.00106753
0.49622 0.50378 0.00106753 0.00106753
0.49622 0.50378 0.00106753 0.00106753
0.49622 0.50378 0.00106753 0.00106753
0.49622 0.50378 0.00106753 0.00106753
0.49622 0.50378 0.00106753 0.00106753
0.49622 0.50378 0.00106753 0.00106753
0.49622 0.50378 0.00106753 0.00106753
0.49622 0.50378 0.00106753 0.00106753
0.49622 0.50378 0.00106753 0.00106753
0.49622 0.50378 0.00106753 0.00106753
0.49622 0.50378 0.00106753 0.00106753
0.49622 0.50378 0.00106753 0.00106753
0.49622 0.50378 0.00106753 0.00106753
0.49622 0.50378 0.00106753 0.00106753
0.49622 0.50378 0.00106753 0.00106753
0.49622 0.50378 0.00106753 0.00106753
0.49622 0.50378 0.00106753 0.00106753
0.49622 0.50378 0.00106753 0.00106753
0.49622 0.50378 0.00106753 0.00106753
0.49622 0.50378 0.00106753 0.00106753
0.49622 0.50378 0.00106753 0.00106753
0.49622 0.50378 0.00106753 0.00106753
0.49622 0.50378 0.00106753 0.00106753
0.49622 0.50378 0.00106753 0.00106753
0.49622 0.50378 0.00106753 0.00106753
0.49622 0.50378 0.00106753 0.00106753
0.49622 0.50378 0.00106753 0.00106753
0.49622 0.50378 0.00106753 0.00106753
0.49622 0.50378 0.00106753 0.00106753
0.49622 0.50378 0.00106753 0.00106753
0.49622 0.50378 0.00106753 0.00106753
0.49622 0.50378 0.00106753 0.00106753
0.49622 0.50378 0.00106753 0.00106753
0.49622 0.50378 0.00106753 0.00106753
0.49622 0.50378 0.00106753 0.00106753
0.49622 0.50378 0.00106753 0.00106753
0.49622 0.50378 0.00106753 0.00106753
0.49622 0.50378 0.00106753 0.00106753
0.49622 0.50378 0.00106753 0.00106753
0.49622 0.50378 0.00106753 0.00106753
0.49622 0.50378 0.00106753 0.00106753
0.49622 0.50378 0.00106753 0.00106753
0.49622 0.50378 0.00106753 0.00106753
0.49622 0.50378 0.00106753 0.00106753
0.49622 0.50378 0.00106753 0.00106753
0.49622 0.50378 0.00106753 0.00106753
0.49622 0.50378 0.00106753 0.00106753
0.49622 0.50378 0.00106753 0.00106753
0.49622 0.50378 0.00106753 0.00106753
0.49622 0.50378 0.00106753 0.00106753
0.49622 0.50378 0.00106753 0.00106753
0.49622 0.50378 0.00106753 0.00106753
0.49622 0.50378 0.00106753 0.00106753
0.49622 0.50378 0.00106753 0.00106753
0.49622 0.50378 0.00106753 0.00106753
0.49622 0.50378 0.00106753 0.00106753
0.49622 0.50378 0.00106753 0.00106753
0.49622 0.50378 0.00106753 0.00106753
0.49622 0.50378 0.00106753 0.00106753
0.49622 0.50378 0.00106753 0.00106753
0.49622 0.50378 0.00106753 0.00106753
0.49622 0.50378 0.00106753 0.00106753
0.49622 0.50378 0.00106753 0.00106753
0.49622 0.50378 0.00106753 0.00106753
0.49622 0.50378 0.00106753 0.00106753
0.49622 0.50378 0.00106753 0.00106753
0.49622 0.50378 0.00106753 0.00106753
0.49622 0.50378 0.00106753 0.00106753
0.49622 0.50378 0.00106753 0.00106753
0.49622 0.50378 0.00106753 0.00106753
0.49622 0.50378 0.00106753 0.00106753
0.49622 0.50378 0.00106753 0.00106753
0.49622 0.50378 0.00106753 0.00106753
0.49622 0.50378 0.00106753 0.00106753
0.49622 0.50378 0.00106753 0.00106753
0.49622 0.50378 0.00106753 0.00106753
0.49622 0.50378 0.00106753 0.00106753
0.49622 0.50378 0.00106753 0.00106753
0.49622 0.50378 0.00106753 0.00106753
0.49622 0.50378 0.00106753 0.00106753
0.49622 0.50378 0.00106753 0.00106753
0.49622 0.50378 0.00106753 0.00106753
0.49622 0.50378 0.00106753 0.00106753
0.49622 0.50378 0.00106753 0.00106753
0.49622 0.50378 0.00106753 0.00106753
0.49622 0.50378 0.00106753 0.00106753
0.49622 0.50378 0.00106753 0.00106753
0.49622 0.50378 0.00106753 0.00106753
0.49622 0.50378 0.00106753 0.00106753
0.49622 0.50378 0.00106753 0.00106753
0.49622 0.50378 0.00106753 0.00106753
0.49622 0.50378 0.00106753 0.00106753
0.49622 0.50378 0.00106753 0.00106753
0.49622 0.50378 0.00106753 0.00106753
0.49622 0.50378 0.00106753 0.00106753
0.49622 0.50378 0.00106753 0.00106753
0.49622 0.50378 0.00106753 0.00106753
0.49622 0.50378 0.00106753 0.00106753
0.49622 0.50378 0.00106753 0.00106753
0.49622 0.50378 0.00106753 0.00106753
0.49622 0.50378 0.00106753 0.00106753
0.49622 0.50378 0.00106753 0.00106753
0.49622 0.50378 0.00106753 0.00106753
0.49622 0.50378 0.00106753 0.00106753
0.49622 0.50378 0.00106753 0.00106753
0.49622 0.50378 0.00106753 0.00106753
0.49622 0.50378 0.00106753 0.00106753
0.49622 0.50378 0.00106753 0.00106753
0.49622 0.50378 0.00106753 0.00106753
0.49622 0.50378 0.00106753 0.00106753
0.49622 0.50378 0.00106753 0.00106753
0.49622 0.50378 0.00106753 0.00106753
0.49622 0.50378 0.00106753 0.00106753
0.49622 0.50378 0.00106753 0.00106753
0.49622 0.50378 0.00106753 0.00106753
0.49622 0.50378 0.00106753 0.00106753
0.49622 0.50378 0.00106753 0.00106753
0.49622 0.50378 0.00106753 0.00106753
0.49622 0.50378 0.00106753 0.00106753
0.49622 0.50378 0.00106753 0.00106753
0.49622 0.50378 0.00106753 0.00106753
0.49622 0.50378 0.00106753 0.00106753
0.49622 0.50378 0.00106753 0.00106753
0.49622 0.50378 0.00106753 0.00106753
0.49622 0.50378 0.00106753 0.00106753
0.49622 0.50378 0.00106753 0.00106753
0.49622 0.50378 0.00106753 0.00106753
0.49622 0.50378 0.00106753 0.00106753
0.49622 0.50378 0.00106753 0.00106753
0.49622 0.50378 0.00106753 0.00106753
0.49622 0.50378 0.00106753 0.00106753
0.49622 0.50378 0.00106753 0.00106753
0.49622 0.50378 0.00106753 0.00106753
0.49622 0.50378 0.00106753 0.00106753
0.49622 0.50378 0.00106753 0.00106753
0.49622 0.50378 0.00106753 0.00106753
0.49622 0.50378 0.00106753 0.00106753
0.49622 0.50378 0.00106753 0.00106753
