0.50018 0.49982 3.82905e-05 3.82905e-05
0.49908 0.50092 7.75491e-05 7.75491e-05
0.49905 0.50095 0.000145078 0.000145078
0.49851 0.50149 0.000178495 0.000178495
0.49763 0.50237 0.000247488 0.000247488
0.49679 0.50321 0.000233784 0.000233784
0.49656 0.50344 0.000265097 0.000265097
0.4964 0.5036 0.000284283 0.000284283
0.49652 0.50348 0.000292535 0.000292535
0.49511 0.50489 0.000321412 0.000321412
0.49489 0.50511 0.000365412 0.000365412
0.49504 0.50496 0.000377716 0.000377716
0.49476 0.50524 0.000426851 0.000426851
0.49567 0.50433 0.000439456 0.000439456
0.4954 0.5046 0.000424909 0.000424909
0.49493 0.50507 0.000427419 0.000427419
0.49603 0.50397 0.000462676 0.000462676
0.49646 0.50354 0.000456716 0.000456716
0.49633 0.50367 0.000494607 0.000494607
0.49697 0.50303 0.000472252 0.000472252
0.49603 0.50397 0.000463726 0.000463726
0.49476 0.50524 0.000482386 0.000482386
0.49453 0.50547 0.000475201 0.000475201
0.49547 0.50453 0.000455787 0.000455787
0.49574 0.50426 0.000476901 0.000476901
0.49599 0.50401 0.000471202 0.000471202
0.49684 0.50316 0.00047058 0.00047058
0.49636 0.50364 0.000492839 0.000492839
0.49574 0.50426 0.000468942 0.000468942
0.49633 0.50367 0.000496223 0.000496223
0.49651 0.50349 0.000469485 0.000469485
0.4966 0.5034 0.000461657 0.000461657
0.49685 0.50315 0.000467119 0.000467119
0.49512 0.50488 0.000488592 0.000488592
0.49442 0.50558 0.000465943 0.000465943
0.49511 0.50489 0.000487715 0.000487715
0.49545 0.50455 0.000446351 0.000446351
0.49586 0.50414 0.00044996 0.00044996
0.49581 0.50419 0.000494378 0.000494378
0.49573 0.50427 0.000497633 0.000497633
0.49576 0.50424 0.000523134 0.000523134
0.49588 0.50412 0.000498773 0.000498773
0.49554 0.50446 0.000522089 0.000522089
0.49544 0.50456 0.00052639 0.00052639
0.49532 0.50468 0.000521573 0.000521573
0.49584 0.50416 0.000547348 0.000547348
0.49585 0.50415 0.000587159 0.000587159
0.49603 0.50397 0.000629827 0.000629827
0.496 0.504 0.000656949 0.000656949
0.49727 0.50273 0.000678037 0.000678037
0.49749 0.50251 0.00063403 0.00063403
0.49733 0.50267 0.000678506 0.000678506
0.49591 0.50409 0.000701618 0.000701618
0.49525 0.50475 0.000692068 0.000692068
0.49555 0.50445 0.000638068 0.000638068
0.49488 0.50512 0.000631157 0.000631157
0.49565 0.50435 0.00063225 0.00063225
0.49498 0.50502 0.000612181 0.000612181
0.49552 0.50448 0.000643888 0.000643888
0.49576 0.50424 0.000667093 0.000667093
0.49565 0.50435 0.000633038 0.000633038
0.49541 0.50459 0.000643962 0.000643962
0.496 0.504 0.000587556 0.000587556
0.49657 0.50343 0.000589439 0.000589439
0.4955 0.5045 0.000578556 0.000578556
0.49608 0.50392 0.000567307 0.000567307
0.49616 0.50384 0.000589105 0.000589105
0.49625 0.50375 0.000590169 0.000590169
0.49555 0.50445 0.00060124 0.00060124
0.49538 0.50462 0.000550662 0.000550662
0.49475 0.50525 0.000501987 0.000501987
0.4958 0.5042 0.000543697 0.000543697
0.49619 0.50381 0.000515145 0.000515145
0.49441 0.50559 0.000559497 0.000559497
0.49327 0.50673 0.000538825 0.000538825
0.49265 0.50735 0.000529967 0.000529967
0.49408 0.50592 0.000542458 0.000542458
0.49309 0.50691 0.000504972 0.000504972
0.49308 0.50692 0.000488761 0.000488761
0.49322 0.50678 0.000482274 0.000482274
0.4928 0.5072 0.000527919 0.000527919
0.49267 0.50733 0.000511415 0.000511415
0.49293 0.50707 0.000509823 0.000509823
0.49422 0.50578 0.000487143 0.000487143
0.4944 0.5056 0.000455576 0.000455576
0.49432 0.50568 0.000485917 0.000485917
0.49443 0.50557 0.000499581 0.000499581
0.49421 0.50579 0.000477279 0.000477279
0.4936 0.5064 0.000512909 0.000512909
0.49332 0.50668 0.000522826 0.000522826
0.49401 0.50599 0.000526252 0.000526252
0.49374 0.50626 0.000584477 0.000584477
0.4933 0.5067 0.000570293 0.000570293
0.49297 0.50703 0.000592555 0.000592555
0.49386 0.50614 0.000621273 0.000621273
0.49322 0.50678 0.000586032 0.000586032
0.49288 0.50712 0.000580935 0.000580935
0.49355 0.50645 0.000547381 0.000547381
0.49401 0.50599 0.000513687 0.000513687
0.49372 0.50628 0.000528911 0.000528911
0.49372 0.50628 0.000522284 0.000522284
0.49368 0.50632 0.000518866 0.000518866
0.49377 0.50623 0.000528947 0.000528947
0.49396 0.50604 0.000564483 0.000564483
0.49458 0.50542 0.000543862 0.000543862
0.49475 0.50525 0.000565098 0.000565098
0.49374 0.50626 0.000593144 0.000593144
0.49432 0.50568 0.000620543 0.000620543
0.4944 0.5056 0.000623798 0.000623798
0.49386 0.50614 0.000594808 0.000594808
0.49333 0.50667 0.000591577 0.000591577
0.494 0.506 0.000550626 0.000550626
0.49388 0.50612 0.00055441 0.00055441
0.49407 0.50593 0.000552389 0.000552389
0.49458 0.50542 0.000560771 0.000560771
0.49462 0.50538 0.000557147 0.000557147
0.49435 0.50565 0.000571846 0.000571846
0.49375 0.50625 0.000622775 0.000622775
0.49403 0.50597 0.000657464 0.000657464
0.49467 0.50533 0.000630183 0.000630183
0.4938 0.5062 0.000665778 0.000665778
0.494 0.506 0.000668525 0.000668525
0.49446 0.50554 0.000671746 0.000671746
0.49372 0.50628 0.000637012 0.000637012
0.49423 0.50577 0.000623835 0.000623835
0.49345 0.50655 0.000672654 0.000672654
0.49432 0.50568 0.000660179 0.000660179
0.49575 0.50425 0.000651927 0.000651927
0.49486 0.50514 0.00067996 0.00067996
0.4951 0.5049 0.000673303 0.000673303
0.49608 0.50392 0.000670337 0.000670337
0.49628 0.50372 0.000630688 0.000630688
0.49602 0.50398 0.000588 0.000588
0.49585 0.50415 0.000559361 0.000559361
0.49472 0.50528 0.000576062 0.000576062
0.4954 0.5046 0.000551495 0.000551495
0.4946 0.5054 0.000557899 0.000557899
0.49568 0.50432 0.000561331 0.000561331
0.49603 0.50397 0.000623039 0.000623039
0.49637 0.50363 0.000656377 0.000656377
0.4954 0.5046 0.000677051 0.000677051
0.49528 0.50472 0.000670123 0.000670123
0.49568 0.50432 0.000625129 0.000625129
0.49521 0.50479 0.000615945 0.000615945
0.49556 0.50444 0.000593178 0.000593178
0.49591 0.50409 0.000591093 0.000591093
0.49648 0.50352 0.000603949 0.000603949
0.49616 0.50384 0.000632217 0.000632217
0.49617 0.50383 0.000635415 0.000635415
0.49548 0.50452 0.000665888 0.000665888
0.49639 0.50361 0.000667695 0.000667695
0.49665 0.50335 0.00066821 0.00066821
0.49739 0.50261 0.000643755 0.000643755
0.49731 0.50269 0.000624499 0.000624499
0.49687 0.50313 0.00063268 0.00063268
0.49703 0.50297 0.000573646 0.000573646
0.49656 0.50344 0.00058037 0.00058037
0.49623 0.50377 0.000645027 0.000645027
0.49553 0.50447 0.000668878 0.000668878
0.49626 0.50374 0.000668861 0.000668861
0.49523 0.50477 0.000649088 0.000649088
0.49453 0.50547 0.00062508 0.00062508
0.49483 0.50517 0.000606042 0.000606042
0.49476 0.50524 0.00063378 0.00063378
0.49419 0.50581 0.000658923 0.000658923
0.49301 0.50699 0.000675949 0.000675949
0.49339 0.50661 0.000622362 0.000622362
0.49363 0.50637 0.000633064 0.000633064
0.49369 0.50631 0.000628014 0.000628014
0.49485 0.50515 0.000647543 0.000647543
0.49486 0.50514 0.000591071 0.000591071
0.49445 0.50555 0.000568917 0.000568917
0.49383 0.50617 0.000543274 0.000543274
0.49295 0.50705 0.000571927 0.000571927
0.49374 0.50626 0.000541346 0.000541346
0.49428 0.50572 0.000587295 0.000587295
0.49409 0.50591 0.000587699 0.000587699
0.49392 0.50608 0.000556943 0.000556943
0.49374 0.50626 0.000501285 0.000501285
0.49336 0.50664 0.000489909 0.000489909
0.49316 0.50684 0.000533792 0.000533792
0.49374 0.50626 0.000564497 0.000564497
0.49415 0.50585 0.000561503 0.000561503
0.49426 0.50574 0.000547629 0.000547629
0.49435 0.50565 0.000553159 0.000553159
0.4945 0.5055 0.000620899 0.000620899
0.49463 0.50537 0.000640276 0.000640276
0.49485 0.50515 0.000627119 0.000627119
0.4964 0.5036 0.000602202 0.000602202
0.49669 0.50331 0.000625691 0.000625691
0.49674 0.50326 0.000630336 0.000630336
0.49751 0.50249 0.000630273 0.000630273
0.49757 0.50243 0.000628773 0.000628773
0.49668 0.50332 0.000599109 0.000599109
0.49646 0.50354 0.000598271 0.000598271
0.49677 0.50323 0.000585351 0.000585351
0.49621 0.50379 0.000596673 0.000596673
0.49651 0.50349 0.000633909 0.000633909
0.49558 0.50442 0.000664953 0.000664953
0.49632 0.50368 0.000667048 0.000667048
0.49643 0.50357 0.000670955 0.000670955
0.49617 0.50383 0.000668122 0.000668122
0.49548 0.50452 0.000694272 0.000694272
0.49487 0.50513 0.000631953 0.000631953
0.49443 0.50557 0.000664066 0.000664066
0.49483 0.50517 0.000645961 0.000645961
0.49405 0.50595 0.000661866 0.000661866
0.49457 0.50543 0.000628207 0.000628207
0.49429 0.50571 0.000651986 0.000651986
0.49439 0.50561 0.00064717 0.00064717
0.49452 0.50548 0.000631484 0.000631484
0.49468 0.50532 0.000623654 0.000623654
0.49443 0.50557 0.000664268 0.000664268
0.495 0.505 0.000622505 0.000622505
0.49486 0.50514 0.000596808 0.000596808
0.49476 0.50524 0.000587942 0.000587942
0.49569 0.50431 0.000593489 0.000593489
0.49637 0.50363 0.000591387 0.000591387
0.49621 0.50379 0.000602046 0.000602046
0.49622 0.50378 0.000609406 0.000609406
0.49671 0.50329 0.000551481 0.000551481
0.49509 0.50491 0.000555214 0.000555214
0.49537 0.50463 0.000598741 0.000598741
0.49532 0.50468 0.000591796 0.000591796
0.4959 0.5041 0.000621889 0.000621889
0.49537 0.50463 0.000647508 0.000647508
0.49474 0.50526 0.000689083 0.000689083
0.49433 0.50567 0.000670708 0.000670708
0.49482 0.50518 0.000692493 0.000692493
0.49446 0.50554 0.000677221 0.000677221
0.49456 0.50544 0.000677421 0.000677421
0.49439 0.50561 0.000691129 0.000691129
0.49318 0.50682 0.000670674 0.000670674
0.49355 0.50645 0.000662189 0.000662189
0.49273 0.50727 0.000629997 0.000629997
0.49252 0.50748 0.000598878 0.000598878
0.49249 0.50751 0.000600273 0.000600273
0.49258 0.50742 0.000572408 0.000572408
0.49316 0.50684 0.000609328 0.000609328
0.49411 0.50589 0.000655473 0.000655473
0.4941 0.5059 0.000736394 0.000736394
0.494 0.506 0.00069396 0.00069396
0.49326 0.50674 0.000717689 0.000717689
0.49356 0.50644 0.000691946 0.000691946
0.49276 0.50724 0.000736548 0.000736548
0.49343 0.50657 0.000723258 0.000723258
0.49415 0.50585 0.000758109 0.000758109
0.49351 0.50649 0.000814596 0.000814596
0.49455 0.50545 0.000795967 0.000795967
0.49397 0.50603 0.00084306 0.00084306
0.49436 0.50564 0.000805081 0.000805081
0.49403 0.50597 0.000777565 0.000777565
0.4937 0.5063 0.000796273 0.000796273
0.49356 0.50644 0.000712936 0.000712936
0.49394 0.50606 0.00071232 0.00071232
0.49385 0.50615 0.000750795 0.000750795
0.49383 0.50617 0.000760163 0.000760163
0.4942 0.5058 0.000797778 0.000797778
0.49394 0.50606 0.000832158 0.000832158
0.49327 0.50673 0.000823512 0.000823512
0.49462 0.50538 0.000734743 0.000734743
0.49464 0.50536 0.000684475 0.000684475
0.49445 0.50555 0.000734694 0.000734694
0.4944 0.5056 0.000719737 0.000719737
0.49422 0.50578 0.000693971 0.000693971
0.49428 0.50572 0.000678325 0.000678325
0.49435 0.50565 0.000734028 0.000734028
0.49501 0.50499 0.000729424 0.000729424
0.49425 0.50575 0.000736331 0.000736331
0.4944 0.5056 0.000732323 0.000732323
0.49469 0.50531 0.00075965 0.00075965
0.4936 0.5064 0.000817253 0.000817253
0.49401 0.50599 0.000801424 0.000801424
0.49457 0.50543 0.000779318 0.000779318
0.49444 0.50556 0.000791219 0.000791219
0.49404 0.50596 0.000741695 0.000741695
0.49357 0.50643 0.000739945 0.000739945
0.49406 0.50594 0.000754158 0.000754158
0.49436 0.50564 0.000720031 0.000720031
0.49423 0.50577 0.000697734 0.000697734
0.49399 0.50601 0.000707828 0.000707828
0.49294 0.50706 0.000728663 0.000728663
0.49325 0.50675 0.000786553 0.000786553
0.49326 0.50674 0.000806578 0.000806578
0.49288 0.50712 0.000800652 0.000800652
0.49327 0.50673 0.000781492 0.000781492
0.49283 0.50717 0.000716042 0.000716042
0.49124 0.50876 0.000727821 0.000727821
0.49213 0.50787 0.00074371 0.00074371
0.49277 0.50723 0.000774138 0.000774138
0.4925 0.5075 0.000766636 0.000766636
0.49248 0.50752 0.000737101 0.000737101
0.49275 0.50725 0.000755442 0.000755442
0.49241 0.50759 0.000722871 0.000722871
0.49319 0.50681 0.000745974 0.000745974
0.4936 0.5064 0.000746061 0.000746061
0.49433 0.50567 0.000673415 0.000673415
0.49422 0.50578 0.000674032 0.000674032
0.49395 0.50605 0.000654593 0.000654593
0.49364 0.50636 0.000672233 0.000672233
0.49299 0.50701 0.000752737 0.000752737
0.49306 0.50694 0.000753815 0.000753815
0.49364 0.50636 0.00076298 0.00076298
0.49252 0.50748 0.000746454 0.000746454
0.49312 0.50688 0.000723157 0.000723157
0.49282 0.50718 0.000692654 0.000692654
0.4925 0.5075 0.000684535 0.000684535
0.49198 0.50802 0.000719171 0.000719171
0.49234 0.50766 0.000698914 0.000698914
0.49165 0.50835 0.00071926 0.00071926
0.49232 0.50768 0.00070925 0.00070925
0.49185 0.50815 0.000722189 0.000722189
0.49236 0.50764 0.000727707 0.000727707
0.49264 0.50736 0.000711465 0.000711465
0.49374 0.50626 0.000706922 0.000706922
0.49415 0.50585 0.000680997 0.000680997
0.49355 0.50645 0.000677139 0.000677139
0.49354 0.50646 0.000717322 0.000717322
0.49303 0.50697 0.00071912 0.00071912
0.49215 0.50785 0.000755199 0.000755199
0.49158 0.50842 0.00081867 0.00081867
0.49078 0.50922 0.0008008 0.0008008
0.49147 0.50853 0.000832353 0.000832353
0.49193 0.50807 0.000824268 0.000824268
0.49209 0.50791 0.000831436 0.000831436
0.49277 0.50723 0.00083832 0.00083832
0.49276 0.50724 0.000889134 0.000889134
0.49228 0.50772 0.000866709 0.000866709
0.49221 0.50779 0.000901986 0.000901986
0.49141 0.50859 0.000910547 0.000910547
0.49132 0.50868 0.000913129 0.000913129
0.49125 0.50875 0.000892634 0.000892634
0.49108 0.50892 0.000966054 0.000966054
0.49184 0.50816 0.000957004 0.000957004
0.49267 0.50733 0.000938728 0.000938728
0.49262 0.50738 0.000943288 0.000943288
0.49248 0.50752 0.00100203 0.00100203
0.49267 0.50733 0.00102148 0.00102148
0.49266 0.50734 0.00101653 0.00101653
0.49362 0.50638 0.00105688 0.00105688
0.49325 0.50675 0.00104825 0.00104825
0.49308 0.50692 0.00104785 0.00104785
0.49373 0.50627 0.00102101 0.00102101
0.49322 0.50678 0.000999345 0.000999345
0.49382 0.50618 0.000992735 0.000992735
0.49391 0.50609 0.000919618 0.000919618
0.49348 0.50652 0.000887848 0.000887848
0.49444 0.50556 0.000849683 0.000849683
0.49359 0.50641 0.0008998 0.0008998
0.49327 0.50673 0.000975411 0.000975411
0.49282 0.50718 0.000985967 0.000985967
0.49258 0.50742 0.000967398 0.000967398
0.492 0.508 0.00093701 0.00093701
0.49297 0.50703 0.000922878 0.000922878
0.49254 0.50746 0.000906837 0.000906837
0.49201 0.50799 0.000912697 0.000912697
0.4929 0.5071 0.000889505 0.000889505
0.49271 0.50729 0.0009214 0.0009214
0.49269 0.50731 0.000931873 0.000931873
0.49274 0.50726 0.00092577 0.00092577
0.49319 0.50681 0.000888155 0.000888155
0.49373 0.50627 0.000922421 0.000922421
0.49418 0.50582 0.000890291 0.000890291
0.4942 0.5058 0.000894465 0.000894465
0.49425 0.50575 0.000953684 0.000953684
0.49506 0.50494 0.000980542 0.000980542
0.49459 0.50541 0.00105206 0.00105206
0.49401 0.50599 0.00105803 0.00105803
0.49532 0.50468 0.00105337 0.00105337
0.49356 0.50644 0.00103124 0.00103124
0.49402 0.50598 0.000994383 0.000994383
0.49399 0.50601 0.000977343 0.000977343
0.49395 0.50605 0.00101023 0.00101023
0.49394 0.50606 0.000976582 0.000976582
0.49373 0.50627 0.000990805 0.000990805
0.49309 0.50691 0.00101037 0.00101037
0.49312 0.50688 0.00102631 0.00102631
0.4941 0.5059 0.00106367 0.00106367
0.49338 0.50662 0.00106943 0.00106943
0.4942 0.5058 0.00105958 0.00105958
0.49443 0.50557 0.00102453 0.00102453
0.49485 0.50515 0.000965644 0.000965644
0.49489 0.50511 0.00100042 0.00100042
0.49535 0.50465 0.00102019 0.00102019
0.49507 0.50493 0.00103796 0.00103796
0.49302 0.50698 0.0010156 0.0010156
0.49305 0.50695 0.0010231 0.0010231
0.49254 0.50746 0.00107987 0.00107987
0.49379 0.50621 0.00115045 0.00115045
0.49459 0.50541 0.00108705 0.00108705
0.49523 0.50477 0.00111212 0.00111212
0.49552 0.50448 0.00110456 0.00110456
0.49517 0.50483 0.00110178 0.00110178
0.49511 0.50489 0.00106725 0.00106725
0.49522 0.50478 0.00103894 0.00103894
0.49497 0.50503 0.00107122 0.00107122
0.49508 0.50492 0.00104018 0.00104018
0.49445 0.50555 0.00103211 0.00103211
0.49447 0.50553 0.00101734 0.00101734
0.49378 0.50622 0.000981527 0.000981527
0.49321 0.50679 0.000963238 0.000963238
0.49275 0.50725 0.000927664 0.000927664
0.49335 0.50665 0.000928391 0.000928391
0.49283 0.50717 0.000912163 0.000912163
0.49246 0.50754 0.000896978 0.000896978
0.49246 0.50754 0.000913322 0.000913322
0.49243 0.50757 0.000912409 0.000912409
0.49387 0.50613 0.000892801 0.000892801
0.49319 0.50681 0.000946883 0.000946883
0.49365 0.50635 0.00095524 0.00095524
0.49421 0.50579 0.00100186 0.00100186
0.49381 0.50619 0.000969125 0.000969125
0.49418 0.50582 0.0009472 0.0009472
0.49413 0.50587 0.00100011 0.00100011
0.49496 0.50504 0.000934907 0.000934907
0.49489 0.50511 0.000925856 0.000925856
0.49448 0.50552 0.000956515 0.000956515
0.4935 0.5065 0.000976475 0.000976475
0.4947 0.5053 0.000986071 0.000986071
0.49431 0.50569 0.000993226 0.000993226
0.49529 0.50471 0.000967966 0.000967966
0.49609 0.50391 0.000900022 0.000900022
0.49566 0.50434 0.000921722 0.000921722
0.49514 0.50486 0.000897071 0.000897071
0.49498 0.50502 0.00086307 0.00086307
0.49513 0.50487 0.000865326 0.000865326
0.49461 0.50539 0.000829008 0.000829008
0.4945 0.5055 0.000825505 0.000825505
0.49479 0.50521 0.000836915 0.000836915
0.49446 0.50554 0.000893604 0.000893604
0.49416 0.50584 0.000931732 0.000931732
0.49438 0.50562 0.000897996 0.000897996
0.49426 0.50574 0.000862073 0.000862073
0.49423 0.50577 0.000903553 0.000903553
0.49456 0.50544 0.000922855 0.000922855
0.49503 0.50497 0.000905403 0.000905403
0.49467 0.50533 0.000941839 0.000941839
0.49408 0.50592 0.00093462 0.00093462
0.49499 0.50501 0.000940959 0.000940959
0.4942 0.5058 0.000900121 0.000900121
0.49418 0.50582 0.000860351 0.000860351
0.49418 0.50582 0.00091326 0.00091326
0.49433 0.50567 0.000901698 0.000901698
0.49449 0.50551 0.000864232 0.000864232
0.49469 0.50531 0.000851287 0.000851287
0.49407 0.50593 0.000833379 0.000833379
0.49483 0.50517 0.000853112 0.000853112
0.49465 0.50535 0.000809947 0.000809947
0.49428 0.50572 0.00087883 0.00087883
0.49424 0.50576 0.000936851 0.000936851
0.49412 0.50588 0.000907581 0.000907581
0.49377 0.50623 0.000867613 0.000867613
0.49476 0.50524 0.000895821 0.000895821
0.49638 0.50362 0.000889693 0.000889693
0.49637 0.50363 0.000926437 0.000926437
0.49614 0.50386 0.000903354 0.000903354
0.49542 0.50458 0.000855297 0.000855297
0.49454 0.50546 0.000905322 0.000905322
0.49416 0.50584 0.000871348 0.000871348
0.49355 0.50645 0.000810957 0.000810957
0.49384 0.50616 0.000793772 0.000793772
0.49368 0.50632 0.000793937 0.000793937
0.49333 0.50667 0.000794708 0.000794708
0.49271 0.50729 0.000776612 0.000776612
0.4934 0.5066 0.000800626 0.000800626
0.49318 0.50682 0.000838493 0.000838493
0.49281 0.50719 0.000878559 0.000878559
0.49184 0.50816 0.000863611 0.000863611
0.49182 0.50818 0.000837119 0.000837119
0.49184 0.50816 0.000845671 0.000845671
0.49212 0.50788 0.000857379 0.000857379
0.49228 0.50772 0.000942284 0.000942284
0.49148 0.50852 0.000935848 0.000935848
0.49232 0.50768 0.000986967 0.000986967
0.49112 0.50888 0.000991016 0.000991016
0.49163 0.50837 0.000944983 0.000944983
0.491 0.509 0.000950485 0.000950485
0.49104 0.50896 0.000955332 0.000955332
0.49158 0.50842 0.000914246 0.000914246
0.49154 0.50846 0.000882857 0.000882857
0.49208 0.50792 0.00085466 0.00085466
0.49218 0.50782 0.000843987 0.000843987
0.49208 0.50792 0.000951832 0.000951832
0.49213 0.50787 0.000905246 0.000905246
0.4918 0.5082 0.00102606 0.00102606
0.49251 0.50749 0.00108464 0.00108464
0.49291 0.50709 0.00109748 0.00109748
0.49294 0.50706 0.0010921 0.0010921
0.49266 0.50734 0.00103536 0.00103536
0.49338 0.50662 0.000994036 0.000994036
0.49211 0.50789 0.000988281 0.000988281
0.49263 0.50737 0.000962114 0.000962114
0.49264 0.50736 0.000984213 0.000984213
0.49254 0.50746 0.000981039 0.000981039
0.49089 0.50911 0.000965129 0.000965129
0.49177 0.50823 0.000890563 0.000890563
0.49171 0.50829 0.000927602 0.000927602
0.49281 0.50719 0.000936762 0.000936762
0.49228 0.50772 0.000955476 0.000955476
0.49211 0.50789 0.00094317 0.00094317
