0.18346 0.81654 4.32812e-05 4.32812e-05
0.16801 0.83199 0.000166656 0.000166656
0.15422 0.84578 0.000320396 0.000320396
0.14133 0.85867 0.000461698 0.000461698
0.13079 0.86921 0.000644996 0.000644996
0.12084 0.87916 0.0007806 0.0007806
0.11239 0.88761 0.000977372 0.000977372
0.10462 0.89538 0.00113004 0.00113004
0.09738 0.90262 0.00128571 0.00128571
0.09054 0.90946 0.00136787 0.00136787
0.0849 0.9151 0.00155532 0.00155532
0.07928 0.92072 0.00172556 0.00172556
0.07397 0.92603 0.0018274 0.0018274
0.06965 0.93035 0.00199031 0.00199031
0.06575 0.93425 0.00208354 0.00208354
0.062 0.938 0.00218527 0.00218527
0.05882 0.94118 0.00227779 0.00227779
0.05587 0.94413 0.00240725 0.00240725
0.05274 0.94726 0.00238684 0.00238684
0.05067 0.94933 0.00246309 0.00246309
0.04846 0.95154 0.00253245 0.00253245
0.04585 0.95415 0.00247995 0.00247995
0.04355 0.95645 0.00239185 0.00239185
0.04153 0.95847 0.00234819 0.00234819
0.03958 0.96042 0.00231087 0.00231087
0.03751 0.96249 0.00219736 0.00219736
0.03605 0.96395 0.00211437 0.00211437
0.03396 0.96604 0.00194561 0.00194561
0.0323 0.9677 0.00182431 0.00182431
0.03074 0.96926 0.00174335 0.00174335
0.02957 0.97043 0.00167996 0.00167996
0.02833 0.97167 0.00153663 0.00153663
0.02706 0.97294 0.00146422 0.00146422
0.02588 0.97412 0.00136704 0.00136704
0.02493 0.97507 0.00129392 0.00129392
0.02408 0.97592 0.00123468 0.00123468
0.02319 0.97681 0.00117915 0.00117915
0.02224 0.97776 0.00108507 0.00108507
0.02155 0.97845 0.00101524 0.00101524
0.02073 0.97927 0.000973936 0.000973936
0.02009 0.97991 0.000932143 0.000932143
0.01938 0.98062 0.000877187 0.000877187
0.01871 0.98129 0.000817016 0.000817016
0.01816 0.98184 0.000757368 0.000757368
0.01757 0.98243 0.000733844 0.000733844
0.01721 0.98279 0.000726955 0.000726955
0.01673 0.98327 0.000693108 0.000693108
0.0162 0.9838 0.00065903 0.00065903
0.01578 0.98422 0.000632577 0.000632577
0.01555 0.98445 0.000620917 0.000620917
0.0153 0.9847 0.000607283 0.000607283
0.01498 0.98502 0.000585192 0.000585192
0.01468 0.98532 0.000569614 0.000569614
0.01447 0.98553 0.000563827 0.000563827
0.01423 0.98577 0.000543108 0.000543108
0.01405 0.98595 0.000529381 0.000529381
0.01373 0.98627 0.00050725 0.00050725
0.01358 0.98642 0.000499074 0.000499074
0.01334 0.98666 0.000483984 0.000483984
0.01327 0.98673 0.000479916 0.000479916
0.01307 0.98693 0.000461338 0.000461338
0.01296 0.98704 0.000455736 0.000455736
0.01283 0.98717 0.000446607 0.000446607
0.0127 0.9873 0.000438596 0.000438596
0.01257 0.98743 0.000429965 0.000429965
0.01244 0.98756 0.000425562 0.000425562
0.01233 0.98767 0.000420607 0.000420607
0.01227 0.98773 0.000417573 0.000417573
0.0122 0.9878 0.000414182 0.000414182
0.01212 0.98788 0.000409076 0.000409076
0.01207 0.98793 0.000406106 0.000406106
0.01198 0.98802 0.000394565 0.000394565
0.01186 0.98814 0.000384202 0.000384202
0.01181 0.98819 0.000379428 0.000379428
0.01182 0.98818 0.000381321 0.000381321
0.01169 0.98831 0.000372964 0.000372964
0.01163 0.98837 0.000368054 0.000368054
0.01151 0.98849 0.000358192 0.000358192
0.01143 0.98857 0.000358732 0.000358732
0.01135 0.98865 0.000350856 0.000350856
0.01131 0.98869 0.000348014 0.000348014
0.01125 0.98875 0.000342816 0.000342816
0.0112 0.9888 0.000343576 0.000343576
0.01113 0.98887 0.000336943 0.000336943
0.01114 0.98886 0.000337314 0.000337314
0.01109 0.98891 0.000332507 0.000332507
0.01107 0.98893 0.000331298 0.000331298
0.01107 0.98893 0.000331439 0.000331439
0.01102 0.98898 0.000328141 0.000328141
0.01101 0.98899 0.000326374 0.000326374
0.01095 0.98905 0.000322674 0.000322674
0.01094 0.98906 0.000321653 0.000321653
0.01094 0.98906 0.000322986 0.000322986
0.0109 0.9891 0.000320939 0.000320939
0.01084 0.98916 0.000318641 0.000318641
0.01082 0.98918 0.000316715 0.000316715
0.01079 0.98921 0.000314269 0.000314269
0.01077 0.98923 0.000313169 0.000313169
0.01073 0.98927 0.000310684 0.000310684
0.01072 0.98928 0.000309537 0.000309537
0.01074 0.98926 0.000312518 0.000312518
0.0107 0.9893 0.000309404 0.000309404
0.01069 0.98931 0.000308964 0.000308964
0.01064 0.98936 0.000305546 0.000305546
0.01062 0.98938 0.000303996 0.000303996
0.01062 0.98938 0.000303006 0.000303006
0.01063 0.98937 0.000302902 0.000302902
0.01063 0.98937 0.000302902 0.000302902
0.01059 0.98941 0.000299578 0.000299578
0.01056 0.98944 0.000297259 0.000297259
0.01055 0.98945 0.000296533 0.000296533
0.01055 0.98945 0.000296593 0.000296593
0.01049 0.98951 0.000292515 0.000292515
0.01044 0.98956 0.000291845 0.000291845
0.01045 0.98955 0.000292553 0.000292553
0.01043 0.98957 0.000291197 0.000291197
0.01039 0.98961 0.000287654 0.000287654
0.01038 0.98962 0.000286804 0.000286804
0.0104 0.9896 0.000287293 0.000287293
0.01038 0.98962 0.000285895 0.000285895
0.01038 0.98962 0.000286379 0.000286379
0.01038 0.98962 0.000286985 0.000286985
0.01037 0.98963 0.000285549 0.000285549
0.01035 0.98965 0.000283947 0.000283947
0.01032 0.98968 0.000281836 0.000281836
0.01032 0.98968 0.000281937 0.000281937
0.01032 0.98968 0.000281937 0.000281937
0.01032 0.98968 0.000281937 0.000281937
0.01029 0.98971 0.000279582 0.000279582
0.01028 0.98972 0.000278951 0.000278951
0.01026 0.98974 0.000277548 0.000277548
0.01025 0.98975 0.000277644 0.000277644
0.01024 0.98976 0.000276952 0.000276952
0.01023 0.98977 0.000276785 0.000276785
0.01023 0.98977 0.000276785 0.000276785
0.01022 0.98978 0.000276375 0.000276375
0.01024 0.98976 0.00027774 0.00027774
0.01024 0.98976 0.00027774 0.00027774
0.01023 0.98977 0.000276704 0.000276704
0.01021 0.98979 0.000275056 0.000275056
0.0102 0.9898 0.000274949 0.000274949
0.01019 0.98981 0.000274256 0.000274256
0.01019 0.98981 0.000274256 0.000274256
0.01017 0.98983 0.000272486 0.000272486
0.01017 0.98983 0.000272486 0.000272486
0.01017 0.98983 0.000272486 0.000272486
0.01018 0.98982 0.000273543 0.000273543
0.01018 0.98982 0.000273543 0.000273543
0.01017 0.98983 0.00027287 0.00027287
0.01017 0.98983 0.00027287 0.00027287
0.01016 0.98984 0.00027157 0.00027157
0.01015 0.98985 0.000270795 0.000270795
0.01015 0.98985 0.000271199 0.000271199
0.01015 0.98985 0.000271199 0.000271199
0.01015 0.98985 0.000271199 0.000271199
0.01015 0.98985 0.000271199 0.000271199
0.01015 0.98985 0.000271987 0.000271987
0.01015 0.98985 0.000271987 0.000271987
0.01015 0.98985 0.000271987 0.000271987
0.01015 0.98985 0.000271987 0.000271987
0.01015 0.98985 0.000271987 0.000271987
0.01015 0.98985 0.000271987 0.000271987
0.01015 0.98985 0.000271987 0.000271987
0.01014 0.98986 0.000271334 0.000271334
0.01014 0.98986 0.000271334 0.000271334
0.01014 0.98986 0.000271334 0.000271334
0.01014 0.98986 0.000271334 0.000271334
0.01014 0.98986 0.000271334 0.000271334
0.01013 0.98987 0.000270619 0.000270619
0.01013 0.98987 0.000270619 0.000270619
0.01012 0.98988 0.000269985 0.000269985
0.01012 0.98988 0.000269985 0.000269985
0.01012 0.98988 0.000269985 0.000269985
0.01012 0.98988 0.000269985 0.000269985
0.01012 0.98988 0.000269985 0.000269985
0.01011 0.98989 0.000269392 0.000269392
0.01011 0.98989 0.000269392 0.000269392
0.0101 0.9899 0.000268596 0.000268596
0.0101 0.9899 0.000268596 0.000268596
0.0101 0.9899 0.000268596 0.000268596
0.0101 0.9899 0.000268596 0.000268596
0.0101 0.9899 0.000268596 0.000268596
0.0101 0.9899 0.000268596 0.000268596
0.01008 0.98992 0.000268074 0.000268074
0.01008 0.98992 0.000268074 0.000268074
0.01008 0.98992 0.000268074 0.000268074
0.01009 0.98991 0.000268709 0.000268709
0.01009 0.98991 0.000268709 0.000268709
0.01009 0.98991 0.000268709 0.000268709
0.01009 0.98991 0.000268709 0.000268709
0.01009 0.98991 0.000268709 0.000268709
0.01009 0.98991 0.000268709 0.000268709
0.01009 0.98991 0.000268709 0.000268709
0.01009 0.98991 0.000268709 0.000268709
0.01008 0.98992 0.000268882 0.000268882
0.01008 0.98992 0.000268882 0.000268882
0.01008 0.98992 0.000268074 0.000268074
0.01008 0.98992 0.000268074 0.000268074
0.01008 0.98992 0.000268074 0.000268074
0.01008 0.98992 0.000268074 0.000268074
0.01007 0.98993 0.000268227 0.000268227
0.01006 0.98994 0.000267572 0.000267572
0.01006 0.98994 0.000267572 0.000267572
0.01005 0.98995 0.000266896 0.000266896
0.01006 0.98994 0.000266744 0.000266744
0.01006 0.98994 0.000266744 0.000266744
0.01006 0.98994 0.000266744 0.000266744
0.01007 0.98993 0.000267399 0.000267399
0.01006 0.98994 0.000267552 0.000267552
0.01006 0.98994 0.000267552 0.000267552
0.01006 0.98994 0.000267552 0.000267552
0.01005 0.98995 0.000266896 0.000266896
0.01005 0.98995 0.000266896 0.000266896
0.01006 0.98994 0.000266744 0.000266744
0.01006 0.98994 0.000266744 0.000266744
0.01006 0.98994 0.000266744 0.000266744
0.01006 0.98994 0.000266744 0.000266744
0.01006 0.98994 0.000266744 0.000266744
0.01005 0.98995 0.000266917 0.000266917
0.01005 0.98995 0.000266917 0.000266917
0.01005 0.98995 0.000266917 0.000266917
0.01005 0.98995 0.000266917 0.000266917
0.01004 0.98996 0.000266281 0.000266281
0.01004 0.98996 0.000266281 0.000266281
0.01003 0.98997 0.000266433 0.000266433
0.01003 0.98997 0.000266433 0.000266433
0.01003 0.98997 0.000266433 0.000266433
0.01003 0.98997 0.000266433 0.000266433
0.01003 0.98997 0.000266433 0.000266433
0.01003 0.98997 0.000266433 0.000266433
0.01003 0.98997 0.000266433 0.000266433
0.01003 0.98997 0.000266433 0.000266433
0.01003 0.98997 0.000266433 0.000266433
0.01003 0.98997 0.000266433 0.000266433
0.01003 0.98997 0.000266433 0.000266433
0.01003 0.98997 0.000266433 0.000266433
0.01003 0.98997 0.000266433 0.000266433
0.01003 0.98997 0.000266433 0.000266433
0.01003 0.98997 0.000266433 0.000266433
0.01003 0.98997 0.000266433 0.000266433
0.01003 0.98997 0.000266433 0.000266433
0.01003 0.98997 0.000266433 0.000266433
0.01002 0.98998 0.000265818 0.000265818
0.01002 0.98998 0.000265818 0.000265818
0.01002 0.98998 0.000265818 0.000265818
0.01002 0.98998 0.000265818 0.000265818
0.01002 0.98998 0.000265818 0.000265818
0.01002 0.98998 0.000265818 0.000265818
0.01002 0.98998 0.000265818 0.000265818
0.01002 0.98998 0.000265818 0.000265818
0.01002 0.98998 0.000265818 0.000265818
0.01002 0.98998 0.000265818 0.000265818
0.01002 0.98998 0.000265818 0.000265818
0.01002 0.98998 0.000265818 0.000265818
0.01002 0.98998 0.000265818 0.000265818
0.01002 0.98998 0.000265818 0.000265818
0.01002 0.98998 0.000265818 0.000265818
0.01002 0.98998 0.000265818 0.000265818
0.01002 0.98998 0.000265818 0.000265818
0.01002 0.98998 0.000265818 0.000265818
0.01002 0.98998 0.000265818 0.000265818
0.01002 0.98998 0.000265818 0.000265818
0.01002 0.98998 0.000265818 0.000265818
0.01002 0.98998 0.000265818 0.000265818
0.01002 0.98998 0.000265818 0.000265818
0.01002 0.98998 0.000265818 0.000265818
0.01002 0.98998 0.000265818 0.000265818
0.01002 0.98998 0.000265818 0.000265818
0.01002 0.98998 0.000265818 0.000265818
0.01002 0.98998 0.000265818 0.000265818
0.01002 0.98998 0.000265818 0.000265818
0.01002 0.98998 0.000265818 0.000265818
0.01002 0.98998 0.000265818 0.000265818
0.01002 0.98998 0.000265818 0.000265818
0.01002 0.98998 0.000265818 0.000265818
0.01002 0.98998 0.000265818 0.000265818
0.01002 0.98998 0.000265818 0.000265818
0.01002 0.98998 0.000265818 0.000265818
0.01002 0.98998 0.000265818 0.000265818
0.01002 0.98998 0.000265818 0.000265818
0.01 0.99 0.000265434 0.000265434
0.01 0.99 0.000265434 0.000265434
0.01 0.99 0.000265434 0.000265434
0.01 0.99 0.000265434 0.000265434
0.01 0.99 0.000265434 0.000265434
0.01 0.99 0.000265434 0.000265434
0.01 0.99 0.000265434 0.000265434
0.01 0.99 0.000265434 0.000265434
0.01 0.99 0.000265434 0.000265434
0.01 0.99 0.000265434 0.000265434
0.01 0.99 0.000265434 0.000265434
0.01 0.99 0.000265434 0.000265434
0.01 0.99 0.000265434 0.000265434
0.01 0.99 0.000265434 0.000265434
0.01 0.99 0.000265434 0.000265434
0.01 0.99 0.000265434 0.000265434
0.01 0.99 0.000265434 0.000265434
0.01 0.99 0.000265434 0.000265434
0.01 0.99 0.000265434 0.000265434
0.01 0.99 0.000265434 0.000265434
0.01 0.99 0.000265434 0.000265434
0.01 0.99 0.000265434 0.000265434
0.01 0.99 0.000265434 0.000265434
0.01 0.99 0.000265434 0.000265434
0.01 0.99 0.000265434 0.000265434
0.01 0.99 0.000265434 0.000265434
0.01 0.99 0.000265434 0.000265434
0.01 0.99 0.000265434 0.000265434
0.01 0.99 0.000265434 0.000265434
0.01 0.99 0.000265434 0.000265434
0.01 0.99 0.000265434 0.000265434
0.01 0.99 0.000265434 0.000265434
0.01 0.99 0.000265434 0.000265434
0.01 0.99 0.000265434 0.000265434
0.01 0.99 0.000265434 0.000265434
0.01 0.99 0.000265434 0.000265434
0.01 0.99 0.000265434 0.000265434
0.01 0.99 0.000265434 0.000265434
0.01 0.99 0.000265434 0.000265434
0.01 0.99 0.000265434 0.000265434
0.01 0.99 0.000265434 0.000265434
0.00999 0.99001 0.000265303 0.000265303
0.00999 0.99001 0.000265303 0.000265303
0.00999 0.99001 0.000265303 0.000265303
0.00999 0.99001 0.000265303 0.000265303
0.00999 0.99001 0.000265303 0.000265303
0.01 0.99 0.000265434 0.000265434
0.01 0.99 0.000265434 0.000265434
0.00999 0.99001 0.000265303 0.000265303
0.00999 0.99001 0.000265303 0.000265303
0.01 0.99 0.000265434 0.000265434
0.01 0.99 0.000265434 0.000265434
0.01 0.99 0.000265434 0.000265434
0.01 0.99 0.000265434 0.000265434
0.01 0.99 0.000265434 0.000265434
0.00999 0.99001 0.000265303 0.000265303
0.00999 0.99001 0.000265303 0.000265303
0.01 0.99 0.000265434 0.000265434
0.01 0.99 0.000265434 0.000265434
0.01 0.99 0.000265434 0.000265434
0.01 0.99 0.000265434 0.000265434
0.01 0.99 0.000265434 0.000265434
0.01 0.99 0.000265434 0.000265434
0.01 0.99 0.000265434 0.000265434
0.01 0.99 0.000265434 0.000265434
0.01 0.99 0.000265434 0.000265434
0.01 0.99 0.000265434 0.000265434
0.01 0.99 0.000265434 0.000265434
0.01 0.99 0.000265434 0.000265434
0.01 0.99 0.000265434 0.000265434
0.01 0.99 0.000265434 0.000265434
0.00999 0.99001 0.000265303 0.000265303
0.00999 0.99001 0.000265303 0.000265303
0.00999 0.99001 0.000265303 0.000265303
0.00999 0.99001 0.000265303 0.000265303
0.00999 0.99001 0.000265303 0.000265303
0.00999 0.99001 0.000265303 0.000265303
0.00999 0.99001 0.000265303 0.000265303
0.00999 0.99001 0.000265303 0.000265303
0.00999 0.99001 0.000265303 0.000265303
0.00999 0.99001 0.000265303 0.000265303
0.00999 0.99001 0.000265303 0.000265303
0.00999 0.99001 0.000265303 0.000265303
0.00999 0.99001 0.000265303 0.000265303
0.00999 0.99001 0.000265303 0.000265303
0.00999 0.99001 0.000265303 0.000265303
0.00999 0.99001 0.000265303 0.000265303
0.00999 0.99001 0.000265303 0.000265303
0.00999 0.99001 0.000265303 0.000265303
0.00999 0.99001 0.000265303 0.000265303
0.00999 0.99001 0.000265303 0.000265303
0.00999 0.99001 0.000265303 0.000265303
0.00999 0.99001 0.000265303 0.000265303
0.00999 0.99001 0.000265303 0.000265303
0.00999 0.99001 0.000265303 0.000265303
0.00999 0.99001 0.000265303 0.000265303
0.00999 0.99001 0.000265303 0.000265303
0.00999 0.99001 0.000265303 0.000265303
0.00999 0.99001 0.000265303 0.000265303
0.00999 0.99001 0.000265303 0.000265303
0.00999 0.99001 0.000265303 0.000265303
0.00999 0.99001 0.000265303 0.000265303
0.00999 0.99001 0.000265303 0.000265303
0.00999 0.99001 0.000265303 0.000265303
0.00999 0.99001 0.000265303 0.000265303
0.00999 0.99001 0.000265303 0.000265303
0.00999 0.99001 0.000265303 0.000265303
0.00999 0.99001 0.000265303 0.000265303
0.00999 0.99001 0.000265303 0.000265303
0.00999 0.99001 0.000265303 0.000265303
0.00999 0.99001 0.000265303 0.000265303
0.00999 0.99001 0.000265303 0.000265303
0.00999 0.99001 0.000265303 0.000265303
0.00999 0.99001 0.000265303 0.000265303
0.00999 0.99001 0.000265303 0.000265303
0.00999 0.99001 0.000265303 0.000265303
0.00999 0.99001 0.000265303 0.000265303
0.00999 0.99001 0.000265303 0.000265303
0.00999 0.99001 0.000265303 0.000265303
0.00999 0.99001 0.000265303 0.000265303
0.00999 0.99001 0.000265303 0.000265303
0.00999 0.99001 0.000265303 0.000265303
0.00999 0.99001 0.000265303 0.000265303
0.00999 0.99001 0.000265303 0.000265303
0.00999 0.99001 0.000265303 0.000265303
0.00999 0.99001 0.000265303 0.000265303
0.00999 0.99001 0.000265303 0.000265303
0.00999 0.99001 0.000265303 0.000265303
0.00999 0.99001 0.000265303 0.000265303
0.00999 0.99001 0.000265303 0.000265303
0.00999 0.99001 0.000265303 0.000265303
0.00999 0.99001 0.000265303 0.000265303
0.00999 0.99001 0.000265303 0.000265303
0.00999 0.99001 0.000265303 0.000265303
0.00999 0.99001 0.000265303 0.000265303
0.00999 0.99001 0.000265303 0.000265303
0.00999 0.99001 0.000265303 0.000265303
0.00999 0.99001 0.000265303 0.000265303
0.00999 0.99001 0.000265303 0.000265303
0.00999 0.99001 0.000265303 0.000265303
0.00999 0.99001 0.000265303 0.000265303
0.00999 0.99001 0.000265303 0.000265303
0.00999 0.99001 0.000265303 0.000265303
0.00999 0.99001 0.000265303 0.000265303
0.00999 0.99001 0.000265303 0.000265303
0.00999 0.99001 0.000265303 0.000265303
0.00999 0.99001 0.000265303 0.000265303
0.00999 0.99001 0.000265303 0.000265303
0.00999 0.99001 0.000265303 0.000265303
0.00999 0.99001 0.000265303 0.000265303
0.00999 0.99001 0.000265303 0.000265303
0.00999 0.99001 0.000265303 0.000265303
0.00999 0.99001 0.000265303 0.000265303
0.00999 0.99001 0.000265303 0.000265303
0.00999 0.99001 0.000265303 0.000265303
0.00999 0.99001 0.000265303 0.000265303
0.00999 0.99001 0.000265303 0.000265303
0.00999 0.99001 0.000265303 0.000265303
0.00999 0.99001 0.000265303 0.000265303
0.00999 0.99001 0.000265303 0.000265303
0.00999 0.99001 0.000265303 0.000265303
0.00999 0.99001 0.000265303 0.000265303
0.00999 0.99001 0.000265303 0.000265303
0.00999 0.99001 0.000265303 0.000265303
0.00999 0.99001 0.000265303 0.000265303
0.00999 0.99001 0.000265303 0.000265303
0.00999 0.99001 0.000265303 0.000265303
0.00999 0.99001 0.000265303 0.000265303
0.00999 0.99001 0.000265303 0.000265303
0.00999 0.99001 0.000265303 0.000265303
0.00999 0.99001 0.000265303 0.000265303
0.00999 0.99001 0.000265303 0.000265303
0.00999 0.99001 0.000265303 0.000265303
0.00999 0.99001 0.000265303 0.000265303
0.00999 0.99001 0.000265303 0.000265303
0.00999 0.99001 0.000265303 0.000265303
0.00999 0.99001 0.000265303 0.000265303
0.00999 0.99001 0.000265303 0.000265303
0.00999 0.99001 0.000265303 0.000265303
0.00999 0.99001 0.000265303 0.000265303
0.00999 0.99001 0.000265303 0.000265303
0.00999 0.99001 0.000265303 0.000265303
0.00999 0.99001 0.000265303 0.000265303
0.00999 0.99001 0.000265303 0.000265303
0.00999 0.99001 0.000265303 0.000265303
0.00999 0.99001 0.000265303 0.000265303
0.00999 0.99001 0.000265303 0.000265303
0.00999 0.99001 0.000265303 0.000265303
0.00999 0.99001 0.000265303 0.000265303
0.00999 0.99001 0.000265303 0.000265303
0.00999 0.99001 0.000265303 0.000265303
0.00998 0.99002 0.000265373 0.000265373
0.00998 0.99002 0.000265373 0.000265373
0.00998 0.99002 0.000265373 0.000265373
0.00998 0.99002 0.000265373 0.000265373
0.00998 0.99002 0.000265373 0.000265373
0.00998 0.99002 0.000265373 0.000265373
0.00998 0.99002 0.000265373 0.000265373
0.00998 0.99002 0.000265373 0.000265373
0.00999 0.99001 0.000265606 0.000265606
0.00998 0.99002 0.000265373 0.000265373
0.00998 0.99002 0.000265373 0.000265373
0.00998 0.99002 0.000265373 0.000265373
0.00998 0.99002 0.000265373 0.000265373
0.00998 0.99002 0.000265373 0.000265373
0.00998 0.99002 0.000265373 0.000265373
0.00998 0.99002 0.000265373 0.000265373
0.00998 0.99002 0.000265373 0.000265373
0.00998 0.99002 0.000265373 0.000265373
0.00998 0.99002 0.000265373 0.000265373
0.00998 0.99002 0.000265373 0.000265373
0.00998 0.99002 0.000265373 0.000265373
0.00998 0.99002 0.000265373 0.000265373
0.00998 0.99002 0.000265373 0.000265373
0.00998 0.99002 0.000265373 0.000265373
0.00998 0.99002 0.000265373 0.000265373
0.00998 0.99002 0.000265373 0.000265373
0.00998 0.99002 0.000265373 0.000265373
0.00998 0.99002 0.000265373 0.000265373
0.00998 0.99002 0.000265373 0.000265373
