0.50031 0.49969 9.95343e-06 9.95343e-06
0.4997 0.5003 2.36869e-05 2.36869e-05
0.49991 0.50009 3.96585e-05 3.96585e-05
0.50024 0.49976 5.09519e-05 5.09519e-05
0.50008 0.49992 6.39935e-05 6.39935e-05
0.49968 0.50032 8.32703e-05 8.32703e-05
0.49993 0.50007 0.000104308 0.000104308
0.5003 0.4997 0.00011799 0.00011799
0.49997 0.50003 0.000124433 0.000124433
0.49962 0.50038 0.000131895 0.000131895
0.49949 0.50051 0.000140475 0.000140475
0.49994 0.50006 0.00014137 0.00014137
0.49947 0.50053 0.000148534 0.000148534
0.49933 0.50067 0.000153375 0.000153375
0.49963 0.50037 0.000173811 0.000173811
0.49966 0.50034 0.000183196 0.000183196
0.49924 0.50076 0.000187699 0.000187699
0.49914 0.50086 0.000198324 0.000198324
0.49909 0.50091 0.000219941 0.000219941
0.49891 0.50109 0.000223174 0.000223174
0.49918 0.50082 0.000239846 0.000239846
0.49917 0.50083 0.000256264 0.000256264
0.49908 0.50092 0.000259994 0.000259994
0.49888 0.50112 0.000268369 0.000268369
0.49879 0.50121 0.00029639 0.00029639
0.49881 0.50119 0.000303549 0.000303549
0.49874 0.50126 0.000299225 0.000299225
0.49904 0.50096 0.000302665 0.000302665
0.49925 0.50075 0.000308311 0.000308311
0.49949 0.50051 0.000322414 0.000322414
0.49937 0.50063 0.0003167 0.0003167
0.49928 0.50072 0.000315274 0.000315274
0.49907 0.50093 0.00031548 0.00031548
0.49911 0.50089 0.000332099 0.000332099
0.49926 0.50074 0.000344457 0.000344457
0.49909 0.50091 0.000355557 0.000355557
0.49912 0.50088 0.000366107 0.000366107
0.49918 0.50082 0.000374594 0.000374594
0.49954 0.50046 0.000382352 0.000382352
0.49951 0.50049 0.000391909 0.000391909
0.49962 0.50038 0.00040145 0.00040145
0.49956 0.50044 0.000396107 0.000396107
0.49973 0.50027 0.000390684 0.000390684
0.49968 0.50032 0.000396523 0.000396523
0.49953 0.50047 0.000395888 0.000395888
0.49934 0.50066 0.000411176 0.000411176
0.49937 0.50063 0.000413589 0.000413589
0.49945 0.50055 0.000417826 0.000417826
0.49941 0.50059 0.00042178 0.00042178
0.49927 0.50073 0.000430037 0.000430037
0.49925 0.50075 0.00044926 0.00044926
0.4991 0.5009 0.000445929 0.000445929
0.49904 0.50096 0.000446705 0.000446705
0.4991 0.5009 0.000449667 0.000449667
0.49912 0.50088 0.000442329 0.000442329
0.49928 0.50072 0.000448244 0.000448244
0.49929 0.50071 0.00045043 0.00045043
0.49931 0.50069 0.000450438 0.000450438
0.49937 0.50063 0.000452821 0.000452821
0.49949 0.50051 0.000452151 0.000452151
0.49941 0.50059 0.000452931 0.000452931
0.49956 0.50044 0.000458633 0.000458633
0.4997 0.5003 0.000463485 0.000463485
0.49971 0.50029 0.000470733 0.000470733
0.49978 0.50022 0.000474517 0.000474517
0.4998 0.5002 0.000472889 0.000472889
0.49979 0.50021 0.000475056 0.000475056
0.49993 0.50007 0.000478369 0.000478369
0.49989 0.50011 0.000480887 0.000480887
0.49989 0.50011 0.000482705 0.000482705
0.49994 0.50006 0.000486077 0.000486077
0.49997 0.50003 0.000487666 0.000487666
0.49994 0.50006 0.000487653 0.000487653
0.49993 0.50007 0.000495844 0.000495844
0.50005 0.49995 0.000496533 0.000496533
0.50002 0.49998 0.000499293 0.000499293
0.49996 0.50004 0.000499211 0.000499211
0.5 0.5 0.000503798 0.000503798
0.49999 0.50001 0.000502757 0.000502757
0.49996 0.50004 0.000499817 0.000499817
0.49997 0.50003 0.000501949 0.000501949
0.5001 0.4999 0.000502596 0.000502596
0.50007 0.49993 0.000504046 0.000504046
0.50002 0.49998 0.000503596 0.000503596
0.5 0.5 0.000501212 0.000501212
0.49996 0.50004 0.000503109 0.000503109
0.49998 0.50002 0.000503414 0.000503414
0.50003 0.49997 0.000502615 0.000502615
0.50004 0.49996 0.000505534 0.000505534
0.50006 0.49994 0.000508501 0.000508501
0.50004 0.49996 0.000508604 0.000508604
0.50006 0.49994 0.000507734 0.000507734
0.50008 0.49992 0.000507064 0.000507064
0.50012 0.49988 0.00050344 0.00050344
0.50012 0.49988 0.000505581 0.000505581
0.50011 0.49989 0.000505533 0.000505533
0.5001 0.4999 0.000506657 0.000506657
0.50012 0.49988 0.000509177 0.000509177
0.50016 0.49984 0.00050858 0.00050858
0.50017 0.49983 0.000507173 0.000507173
0.50016 0.49984 0.000505792 0.000505792
0.50013 0.49987 0.000508013 0.000508013
0.50012 0.49988 0.000509501 0.000509501
0.50013 0.49987 0.000510357 0.000510357
0.50014 0.49986 0.000511031 0.000511031
0.50015 0.49985 0.000511199 0.000511199
0.5002 0.4998 0.000512061 0.000512061
0.50018 0.49982 0.000510735 0.000510735
0.50022 0.49978 0.000510072 0.000510072
0.50027 0.49973 0.000509452 0.000509452
0.5003 0.4997 0.000511283 0.000511283
0.50033 0.49967 0.000513274 0.000513274
0.50032 0.49968 0.000512866 0.000512866
0.50033 0.49967 0.000513981 0.000513981
0.50031 0.49969 0.000514458 0.000514458
0.50036 0.49964 0.000515445 0.000515445
0.50033 0.49967 0.000515334 0.000515334
0.50029 0.49971 0.000516834 0.000516834
0.50032 0.49968 0.000517998 0.000517998
0.50028 0.49972 0.000521436 0.000521436
0.50024 0.49976 0.000525396 0.000525396
0.50023 0.49977 0.000526704 0.000526704
0.50027 0.49973 0.000526017 0.000526017
0.50029 0.49971 0.000525077 0.000525077
0.50033 0.49967 0.000526506 0.000526506
0.50033 0.49967 0.000526102 0.000526102
0.50032 0.49968 0.000524826 0.000524826
0.50037 0.49963 0.000524943 0.000524943
0.50041 0.49959 0.000523699 0.000523699
0.50041 0.49959 0.000527234 0.000527234
0.5004 0.4996 0.000526323 0.000526323
0.50041 0.49959 0.000526729 0.000526729
0.5004 0.4996 0.000525919 0.000525919
0.50038 0.49962 0.000525794 0.000525794
0.5004 0.4996 0.000526364 0.000526364
0.50036 0.49964 0.000527283 0.000527283
0.50035 0.49965 0.000527159 0.000527159
0.50037 0.49963 0.000526437 0.000526437
0.50038 0.49962 0.000526198 0.000526198
0.50038 0.49962 0.000524521 0.000524521
0.5004 0.4996 0.000527152 0.000527152
0.50041 0.49959 0.000527719 0.000527719
0.50039 0.49961 0.000528038 0.000528038
0.50036 0.49964 0.000528495 0.000528495
0.50036 0.49964 0.000528637 0.000528637
0.50036 0.49964 0.000528253 0.000528253
0.50036 0.49964 0.000528253 0.000528253
0.50036 0.49964 0.000528253 0.000528253
0.50037 0.49963 0.000528134 0.000528134
0.50036 0.49964 0.000527283 0.000527283
0.50033 0.49967 0.000529132 0.000529132
0.50035 0.49965 0.000529321 0.000529321
0.50033 0.49967 0.000530102 0.000530102
0.50034 0.49966 0.000530045 0.000530045
0.50034 0.49966 0.000530045 0.000530045
0.50034 0.49966 0.000530045 0.000530045
0.50036 0.49964 0.000529808 0.000529808
0.50035 0.49965 0.000529119 0.000529119
0.50036 0.49964 0.000529829 0.000529829
0.50037 0.49963 0.000529831 0.000529831
0.50038 0.49962 0.00053044 0.00053044
0.50038 0.49962 0.00053044 0.00053044
0.50038 0.49962 0.00053044 0.00053044
0.50038 0.49962 0.00053044 0.00053044
0.50037 0.49963 0.000531205 0.000531205
0.50036 0.49964 0.000531324 0.000531324
0.50037 0.49963 0.000530761 0.000530761
0.50038 0.49962 0.000530379 0.000530379
0.5004 0.4996 0.000530566 0.000530566
0.50038 0.49962 0.000531996 0.000531996
0.50039 0.49961 0.000531634 0.000531634
0.5004 0.4996 0.000531333 0.000531333
0.5004 0.4996 0.000531333 0.000531333
0.50041 0.49959 0.000531376 0.000531376
0.50041 0.49959 0.000531477 0.000531477
0.50041 0.49959 0.000533093 0.000533093
0.50041 0.49959 0.000533093 0.000533093
0.50041 0.49959 0.000533093 0.000533093
0.50041 0.49959 0.000533093 0.000533093
0.50041 0.49959 0.000532992 0.000532992
0.5004 0.4996 0.000532667 0.000532667
0.50041 0.49959 0.000532285 0.000532285
0.50041 0.49959 0.000532285 0.000532285
0.50041 0.49959 0.000532285 0.000532285
0.5004 0.4996 0.000531475 0.000531475
0.5004 0.4996 0.000531475 0.000531475
0.5004 0.4996 0.000531475 0.000531475
0.50041 0.49959 0.000531355 0.000531355
0.5004 0.4996 0.000531475 0.000531475
0.5004 0.4996 0.000531475 0.000531475
0.50041 0.49959 0.000531275 0.000531275
0.5004 0.4996 0.000531636 0.000531636
0.5004 0.4996 0.000531636 0.000531636
0.5004 0.4996 0.000531859 0.000531859
0.50041 0.49959 0.000530992 0.000530992
0.5004 0.4996 0.000530263 0.000530263
0.50039 0.49961 0.000530402 0.000530402
0.50038 0.49962 0.000530036 0.000530036
0.50038 0.49962 0.000530036 0.000530036
0.5004 0.4996 0.000530182 0.000530182
0.5004 0.4996 0.000530182 0.000530182
0.50042 0.49958 0.00053063 0.00053063
0.50041 0.49959 0.00053081 0.00053081
0.50042 0.49958 0.000530589 0.000530589
0.50042 0.49958 0.000530589 0.000530589
0.50041 0.49959 0.00053077 0.00053077
0.50042 0.49958 0.000530408 0.000530408
0.50042 0.49958 0.000530408 0.000530408
0.50041 0.49959 0.000530568 0.000530568
0.50041 0.49959 0.000530568 0.000530568
0.50041 0.49959 0.000530568 0.000530568
0.50041 0.49959 0.000530568 0.000530568
0.50042 0.49958 0.000530448 0.000530448
0.50043 0.49957 0.000530389 0.000530389
0.50043 0.49957 0.000530227 0.000530227
0.50044 0.49956 0.000530128 0.000530128
0.50042 0.49958 0.000530226 0.000530226
0.50042 0.49958 0.000530226 0.000530226
0.50042 0.49958 0.000530226 0.000530226
0.50043 0.49957 0.000530066 0.000530066
0.50042 0.49958 0.000530347 0.000530347
0.50042 0.49958 0.000530347 0.000530347
0.50042 0.49958 0.000530347 0.000530347
0.50042 0.49958 0.000530347 0.000530347
0.50042 0.49958 0.000530347 0.000530347
0.50042 0.49958 0.000530347 0.000530347
0.50042 0.49958 0.000530347 0.000530347
0.50042 0.49958 0.000530347 0.000530347
0.50042 0.49958 0.000530347 0.000530347
0.50043 0.49957 0.000530854 0.000530854
0.50043 0.49957 0.000530854 0.000530854
0.50043 0.49957 0.000530854 0.000530854
0.50043 0.49957 0.000530854 0.000530854
0.50043 0.49957 0.000530854 0.000530854
0.50044 0.49956 0.000531441 0.000531441
0.50044 0.49956 0.000531441 0.000531441
0.50045 0.49955 0.000531785 0.000531785
0.50045 0.49955 0.000531785 0.000531785
0.50045 0.49955 0.000531785 0.000531785
0.50045 0.49955 0.000531785 0.000531785
0.50046 0.49954 0.000531443 0.000531443
0.50046 0.49954 0.000531443 0.000531443
0.50045 0.49955 0.000531644 0.000531644
0.50045 0.49955 0.000531644 0.000531644
0.50045 0.49955 0.000531644 0.000531644
0.50045 0.49955 0.000531644 0.000531644
0.50044 0.49956 0.000530855 0.000530855
0.50044 0.49956 0.000530855 0.000530855
0.50045 0.49955 0.000530614 0.000530614
0.50045 0.49955 0.000530614 0.000530614
0.50045 0.49955 0.000530614 0.000530614
0.50045 0.49955 0.000530614 0.000530614
0.50045 0.49955 0.000530614 0.000530614
0.50045 0.49955 0.00053126 0.00053126
0.50045 0.49955 0.00053126 0.00053126
0.50045 0.49955 0.00053126 0.00053126
0.50045 0.49955 0.00053126 0.00053126
0.50045 0.49955 0.00053126 0.00053126
0.50045 0.49955 0.00053126 0.00053126
0.50045 0.49955 0.00053126 0.00053126
0.50045 0.49955 0.00053126 0.00053126
0.50046 0.49954 0.000531039 0.000531039
0.50046 0.49954 0.000531039 0.000531039
0.50046 0.49954 0.000531039 0.000531039
0.50045 0.49955 0.000531199 0.000531199
0.50045 0.49955 0.000531199 0.000531199
0.50045 0.49955 0.000531199 0.000531199
0.50045 0.49955 0.000531199 0.000531199
0.50045 0.49955 0.000531199 0.000531199
0.50043 0.49957 0.000531844 0.000531844
0.50043 0.49957 0.000531844 0.000531844
0.50044 0.49956 0.000531744 0.000531744
0.50044 0.49956 0.000531744 0.000531744
0.50044 0.49956 0.000531744 0.000531744
0.50044 0.49956 0.000531744 0.000531744
0.50044 0.49956 0.000531744 0.000531744
0.50044 0.49956 0.000531744 0.000531744
0.50044 0.49956 0.000531744 0.000531744
0.50044 0.49956 0.000531744 0.000531744
0.50044 0.49956 0.000531744 0.000531744
0.50044 0.49956 0.000531744 0.000531744
0.50044 0.49956 0.000531744 0.000531744
0.50044 0.49956 0.000531744 0.000531744
0.50044 0.49956 0.000531744 0.000531744
0.50044 0.49956 0.000531744 0.000531744
0.50044 0.49956 0.000531744 0.000531744
0.50043 0.49957 0.000532551 0.000532551
0.50043 0.49957 0.000532551 0.000532551
0.50042 0.49958 0.000531983 0.000531983
0.50042 0.49958 0.000531983 0.000531983
0.50042 0.49958 0.000531983 0.000531983
0.50042 0.49958 0.000531983 0.000531983
0.50042 0.49958 0.000531983 0.000531983
0.50042 0.49958 0.000531983 0.000531983
0.50042 0.49958 0.000531983 0.000531983
0.50042 0.49958 0.000531983 0.000531983
0.50042 0.49958 0.000531983 0.000531983
0.50042 0.49958 0.000531983 0.000531983
0.50042 0.49958 0.000531983 0.000531983
0.50043 0.49957 0.000531904 0.000531904
0.50043 0.49957 0.000531904 0.000531904
0.50042 0.49958 0.00053265 0.00053265
0.50042 0.49958 0.00053265 0.00053265
0.50043 0.49957 0.000531904 0.000531904
0.50043 0.49957 0.000531904 0.000531904
0.50043 0.49957 0.000531904 0.000531904
0.50043 0.49957 0.000531904 0.000531904
0.50043 0.49957 0.000531904 0.000531904
0.50042 0.49958 0.000531983 0.000531983
0.50042 0.49958 0.000531983 0.000531983
0.50042 0.49958 0.000531983 0.000531983
0.50042 0.49958 0.000531983 0.000531983
0.50042 0.49958 0.000531983 0.000531983
0.50042 0.49958 0.000531983 0.000531983
0.50042 0.49958 0.000531983 0.000531983
0.50042 0.49958 0.000531983 0.000531983
0.50042 0.49958 0.000531983 0.000531983
0.50042 0.49958 0.000531983 0.000531983
0.50042 0.49958 0.000531983 0.000531983
0.50042 0.49958 0.000531983 0.000531983
0.50042 0.49958 0.000531983 0.000531983
0.50042 0.49958 0.000531983 0.000531983
0.50042 0.49958 0.000531983 0.000531983
0.50042 0.49958 0.000531983 0.000531983
0.50042 0.49958 0.000531983 0.000531983
0.50042 0.49958 0.000531983 0.000531983
0.50042 0.49958 0.000531983 0.000531983
0.50042 0.49958 0.000531983 0.000531983
0.50042 0.49958 0.000531983 0.000531983
0.50042 0.49958 0.000531983 0.000531983
0.50043 0.49957 0.000531803 0.000531803
0.50044 0.49956 0.00053039 0.00053039
0.50044 0.49956 0.00053039 0.00053039
0.50043 0.49957 0.000529682 0.000529682
0.50043 0.49957 0.000529682 0.000529682
0.50043 0.49957 0.000529682 0.000529682
0.50043 0.49957 0.000529682 0.000529682
0.50043 0.49957 0.000529682 0.000529682
0.50043 0.49957 0.000529682 0.000529682
0.50043 0.49957 0.000529682 0.000529682
0.50043 0.49957 0.000529682 0.000529682
0.50043 0.49957 0.000529682 0.000529682
0.50043 0.49957 0.000529682 0.000529682
0.50043 0.49957 0.000529682 0.000529682
0.50043 0.49957 0.000529682 0.000529682
0.50043 0.49957 0.000529682 0.000529682
0.50043 0.49957 0.000529682 0.000529682
0.50043 0.49957 0.000529682 0.000529682
0.50043 0.49957 0.000529682 0.000529682
0.50043 0.49957 0.000529682 0.000529682
0.50043 0.49957 0.000529682 0.000529682
0.50043 0.49957 0.000529682 0.000529682
0.50043 0.49957 0.000529682 0.000529682
0.50043 0.49957 0.000529682 0.000529682
0.50043 0.49957 0.000529682 0.000529682
0.50043 0.49957 0.000529682 0.000529682
0.50043 0.49957 0.000529682 0.000529682
0.50043 0.49957 0.000529682 0.000529682
0.50043 0.49957 0.000529682 0.000529682
0.50043 0.49957 0.000529682 0.000529682
0.50044 0.49956 0.00052936 0.00052936
0.50044 0.49956 0.00052936 0.00052936
0.50044 0.49956 0.00052936 0.00052936
0.50044 0.49956 0.00052936 0.00052936
0.50044 0.49956 0.00052936 0.00052936
0.50044 0.49956 0.00052936 0.00052936
0.50044 0.49956 0.00052936 0.00052936
0.50044 0.49956 0.00052936 0.00052936
0.50044 0.49956 0.00052936 0.00052936
0.50045 0.49955 0.000529967 0.000529967
0.50045 0.49955 0.000529967 0.000529967
0.50045 0.49955 0.000529967 0.000529967
0.50046 0.49954 0.000529827 0.000529827
0.50046 0.49954 0.000529827 0.000529827
0.50046 0.49954 0.000529827 0.000529827
0.50046 0.49954 0.000529827 0.000529827
0.50046 0.49954 0.000529827 0.000529827
0.50045 0.49955 0.000530371 0.000530371
0.50046 0.49954 0.000529827 0.000529827
0.50046 0.49954 0.000529827 0.000529827
0.50046 0.49954 0.000529827 0.000529827
0.50045 0.49955 0.000530149 0.000530149
0.50045 0.49955 0.000530149 0.000530149
0.50045 0.49955 0.000530149 0.000530149
0.50045 0.49955 0.000530149 0.000530149
0.50045 0.49955 0.000530149 0.000530149
0.50045 0.49955 0.000530149 0.000530149
0.50045 0.49955 0.000530149 0.000530149
0.50045 0.49955 0.000530149 0.000530149
0.50045 0.49955 0.000530149 0.000530149
0.50045 0.49955 0.000530149 0.000530149
0.50045 0.49955 0.000530149 0.000530149
0.50045 0.49955 0.000530149 0.000530149
0.50045 0.49955 0.000530149 0.000530149
0.50045 0.49955 0.000530149 0.000530149
0.50045 0.49955 0.000530149 0.000530149
0.50045 0.49955 0.000530149 0.000530149
0.50045 0.49955 0.000530149 0.000530149
0.50045 0.49955 0.000530149 0.000530149
0.50045 0.49955 0.000530149 0.000530149
0.50045 0.49955 0.000530149 0.000530149
0.50045 0.49955 0.000530149 0.000530149
0.50045 0.49955 0.000530149 0.000530149
0.50045 0.49955 0.000530149 0.000530149
0.50045 0.49955 0.000530149 0.000530149
0.50045 0.49955 0.000530149 0.000530149
0.50045 0.49955 0.000530149 0.000530149
0.50045 0.49955 0.000530149 0.000530149
0.50045 0.49955 0.000530149 0.000530149
0.50045 0.49955 0.000530149 0.000530149
0.50045 0.49955 0.000530149 0.000530149
0.50045 0.49955 0.000530149 0.000530149
0.50045 0.49955 0.000530149 0.000530149
0.50045 0.49955 0.000530149 0.000530149
0.50045 0.49955 0.000530149 0.000530149
0.50045 0.49955 0.000530149 0.000530149
0.50045 0.49955 0.000530149 0.000530149
0.50045 0.49955 0.000530149 0.000530149
0.50045 0.49955 0.000530149 0.000530149
0.50045 0.49955 0.000530149 0.000530149
0.50045 0.49955 0.000530149 0.000530149
0.50045 0.49955 0.000530149 0.000530149
0.50045 0.49955 0.000530149 0.000530149
0.50045 0.49955 0.000530149 0.000530149
0.50045 0.49955 0.000530149 0.000530149
0.50045 0.49955 0.000530149 0.000530149
0.50045 0.49955 0.000530149 0.000530149
0.50045 0.49955 0.000530149 0.000530149
0.50045 0.49955 0.000530149 0.000530149
0.50045 0.49955 0.000530149 0.000530149
0.50045 0.49955 0.000530149 0.000530149
0.50045 0.49955 0.000530149 0.000530149
0.50045 0.49955 0.000530149 0.000530149
0.50045 0.49955 0.000530149 0.000530149
0.50045 0.49955 0.000530149 0.000530149
0.50045 0.49955 0.000530149 0.000530149
0.50045 0.49955 0.000530149 0.000530149
0.50045 0.49955 0.000530149 0.000530149
0.50045 0.49955 0.000530149 0.000530149
0.50044 0.49956 0.000530693 0.000530693
0.50044 0.49956 0.000530693 0.000530693
0.50044 0.49956 0.000530693 0.000530693
0.50044 0.49956 0.000530693 0.000530693
0.50044 0.49956 0.000530693 0.000530693
0.50044 0.49956 0.000530693 0.000530693
0.50044 0.49956 0.000530693 0.000530693
0.50044 0.49956 0.000530693 0.000530693
0.50044 0.49956 0.000530693 0.000530693
0.50044 0.49956 0.000530693 0.000530693
0.50044 0.49956 0.000530693 0.000530693
0.50044 0.49956 0.000530693 0.000530693
0.50044 0.49956 0.000530693 0.000530693
0.50044 0.49956 0.000530693 0.000530693
0.50044 0.49956 0.000530693 0.000530693
0.50044 0.49956 0.000530693 0.000530693
0.50044 0.49956 0.000530693 0.000530693
0.50044 0.49956 0.000530693 0.000530693
0.50044 0.49956 0.000530693 0.000530693
0.50044 0.49956 0.000530693 0.000530693
0.50044 0.49956 0.000530693 0.000530693
0.50044 0.49956 0.000530693 0.000530693
0.50044 0.49956 0.000530693 0.000530693
0.50044 0.49956 0.000530693 0.000530693
0.50044 0.49956 0.000530693 0.000530693
0.50044 0.49956 0.000530693 0.000530693
0.50044 0.49956 0.000530693 0.000530693
0.50044 0.49956 0.000530693 0.000530693
0.50044 0.49956 0.000530693 0.000530693
0.50044 0.49956 0.000530693 0.000530693
0.50044 0.49956 0.000530693 0.000530693
0.50044 0.49956 0.000530693 0.000530693
0.50044 0.49956 0.000530693 0.000530693
0.50044 0.49956 0.000530693 0.000530693
0.50044 0.49956 0.000530693 0.000530693
0.50044 0.49956 0.000530693 0.000530693
0.50044 0.49956 0.000530693 0.000530693
0.50044 0.49956 0.000530693 0.000530693
0.50044 0.49956 0.000530693 0.000530693
0.50044 0.49956 0.000530693 0.000530693
0.50044 0.49956 0.000530693 0.000530693
0.50044 0.49956 0.000530693 0.000530693
0.50044 0.49956 0.000530693 0.000530693
0.50044 0.49956 0.000530693 0.000530693
0.50044 0.49956 0.000530693 0.000530693
0.50044 0.49956 0.000530693 0.000530693
0.50044 0.49956 0.000530693 0.000530693
0.50044 0.49956 0.000530693 0.000530693
0.50044 0.49956 0.000530693 0.000530693
0.50044 0.49956 0.000530693 0.000530693
0.50044 0.49956 0.000530693 0.000530693
0.50044 0.49956 0.000530693 0.000530693
0.50044 0.49956 0.000530693 0.000530693
0.50044 0.49956 0.000530693 0.000530693
0.50044 0.49956 0.000530693 0.000530693
0.50044 0.49956 0.000530693 0.000530693
0.50044 0.49956 0.000530693 0.000530693
0.50044 0.49956 0.000530693 0.000530693
0.50044 0.49956 0.000530693 0.000530693
0.50044 0.49956 0.000530693 0.000530693
0.50044 0.49956 0.000530693 0.000530693
