0.49986 0.50014 3.02428e-05 3.02428e-05
0.50156 0.49844 6.50368e-05 6.50368e-05
0.50186 0.49814 9.66267e-05 9.66267e-05
0.50141 0.49859 0.000142345 0.000142345
0.50236 0.49764 0.000160556 0.000160556
0.50272 0.49728 0.000204769 0.000204769
0.50335 0.49665 0.000246068 0.000246068
0.50306 0.49694 0.000301895 0.000301895
0.50405 0.49595 0.000325402 0.000325402
0.50522 0.49478 0.000366537 0.000366537
0.5049 0.4951 0.000452192 0.000452192
0.50447 0.49553 0.000486938 0.000486938
0.50439 0.49561 0.00056525 0.00056525
0.50441 0.49559 0.000603962 0.000603962
0.50414 0.49586 0.000604182 0.000604182
0.50408 0.49592 0.000622721 0.000622721
0.5053 0.4947 0.00064504 0.00064504
0.50507 0.49493 0.000661945 0.000661945
0.50619 0.49381 0.000637226 0.000637226
0.50686 0.49314 0.000654021 0.000654021
0.50748 0.49252 0.00066304 0.00066304
0.50703 0.49297 0.000687161 0.000687161
0.50699 0.49301 0.000680677 0.000680677
0.50723 0.49277 0.000683856 0.000683856
0.50757 0.49243 0.000700995 0.000700995
0.5082 0.4918 0.000692303 0.000692303
0.50806 0.49194 0.000725714 0.000725714
0.50832 0.49168 0.00074824 0.00074824
0.50792 0.49208 0.000736802 0.000736802
0.50721 0.49279 0.00072342 0.00072342
0.50716 0.49284 0.00077458 0.00077458
0.50697 0.49303 0.000780211 0.000780211
0.5068 0.4932 0.000783576 0.000783576
0.50591 0.49409 0.000783759 0.000783759
0.50584 0.49416 0.000807105 0.000807105
0.50507 0.49493 0.00081249 0.00081249
0.50497 0.49503 0.000823484 0.000823484
0.5052 0.4948 0.000825091 0.000825091
0.50484 0.49516 0.000801247 0.000801247
0.50511 0.49489 0.000790786 0.000790786
0.50584 0.49416 0.000792318 0.000792318
0.50614 0.49386 0.000823516 0.000823516
0.50564 0.49436 0.000833162 0.000833162
0.50557 0.49443 0.000855177 0.000855177
0.50548 0.49452 0.000858919 0.000858919
0.50495 0.49505 0.000867381 0.000867381
0.50448 0.49552 0.00084803 0.00084803
0.50375 0.49625 0.000848472 0.000848472
0.50378 0.49622 0.000872113 0.000872113
0.50397 0.49603 0.000850292 0.000850292
0.50375 0.49625 0.000826028 0.000826028
0.50453 0.49547 0.000846898 0.000846898
0.50477 0.49523 0.000896098 0.000896098
0.50516 0.49484 0.000905994 0.000905994
0.50485 0.49515 0.000882876 0.000882876
0.50506 0.49494 0.000934845 0.000934845
0.50503 0.49497 0.00096011 0.00096011
0.50479 0.49521 0.000967157 0.000967157
0.50445 0.49555 0.000990028 0.000990028
0.50391 0.49609 0.000994063 0.000994063
0.50474 0.49526 0.000967366 0.000967366
0.5055 0.4945 0.000986596 0.000986596
0.50527 0.49473 0.000990947 0.000990947
0.50578 0.49422 0.000966032 0.000966032
0.50552 0.49448 0.000922192 0.000922192
0.50513 0.49487 0.000899064 0.000899064
0.50572 0.49428 0.000885981 0.000885981
0.50576 0.49424 0.000857538 0.000857538
0.50594 0.49406 0.000839693 0.000839693
0.50649 0.49351 0.000874151 0.000874151
0.50688 0.49312 0.000898592 0.000898592
0.50738 0.49262 0.000893369 0.000893369
0.50717 0.49283 0.000875577 0.000875577
0.50707 0.49293 0.00090651 0.00090651
0.50687 0.49313 0.000932761 0.000932761
0.50708 0.49292 0.000903893 0.000903893
0.50793 0.49207 0.000885419 0.000885419
0.50803 0.49197 0.000898878 0.000898878
0.5083 0.4917 0.000924939 0.000924939
0.50882 0.49118 0.000910614 0.000910614
0.50846 0.49154 0.000909544 0.000909544
0.508 0.492 0.000929293 0.000929293
0.50731 0.49269 0.000976438 0.000976438
0.50682 0.49318 0.000963745 0.000963745
0.50749 0.49251 0.000973424 0.000973424
0.5066 0.4934 0.000943778 0.000943778
0.50764 0.49236 0.000981081 0.000981081
0.50736 0.49264 0.00102304 0.00102304
0.507 0.493 0.00103368 0.00103368
0.50711 0.49289 0.00108953 0.00108953
0.50672 0.49328 0.00106921 0.00106921
0.50688 0.49312 0.00111188 0.00111188
0.50676 0.49324 0.00104869 0.00104869
0.5067 0.4933 0.00099801 0.00099801
0.50719 0.49281 0.00103674 0.00103674
0.50719 0.49281 0.0010244 0.0010244
0.50724 0.49276 0.00104303 0.00104303
0.50712 0.49288 0.00104045 0.00104045
0.50686 0.49314 0.00102238 0.00102238
0.50692 0.49308 0.00105931 0.00105931
0.50709 0.49291 0.00105814 0.00105814
0.50731 0.49269 0.00103375 0.00103375
0.50715 0.49285 0.00108585 0.00108585
0.5064 0.4936 0.00111311 0.00111311
0.50619 0.49381 0.00111448 0.00111448
0.50584 0.49416 0.00114771 0.00114771
0.50665 0.49335 0.00117128 0.00117128
0.50701 0.49299 0.00117009 0.00117009
0.50665 0.49335 0.00117554 0.00117554
0.50738 0.49262 0.00119515 0.00119515
0.50756 0.49244 0.00120623 0.00120623
0.50723 0.49277 0.00118044 0.00118044
0.50619 0.49381 0.00111983 0.00111983
0.50588 0.49412 0.00115982 0.00115982
0.50569 0.49431 0.00118504 0.00118504
0.50553 0.49447 0.00118956 0.00118956
0.50681 0.49319 0.00119014 0.00119014
0.50657 0.49343 0.0011717 0.0011717
0.50688 0.49312 0.0012279 0.0012279
0.50692 0.49308 0.00124624 0.00124624
0.5076 0.4924 0.00127251 0.00127251
0.50721 0.49279 0.00126908 0.00126908
0.5077 0.4923 0.00128833 0.00128833
0.50733 0.49267 0.00129089 0.00129089
0.507 0.493 0.00128275 0.00128275
0.5069 0.4931 0.00129282 0.00129282
0.50682 0.49318 0.00126748 0.00126748
0.50707 0.49293 0.0012416 0.0012416
0.50728 0.49272 0.00128214 0.00128214
0.50669 0.49331 0.00129684 0.00129684
0.50706 0.49294 0.00126117 0.00126117
0.50661 0.49339 0.00128301 0.00128301
0.50704 0.49296 0.0012566 0.0012566
0.50702 0.49298 0.00123644 0.00123644
0.50714 0.49286 0.00126382 0.00126382
0.50677 0.49323 0.00129836 0.00129836
0.50681 0.49319 0.00128407 0.00128407
0.50633 0.49367 0.00133517 0.00133517
0.50609 0.49391 0.00125002 0.00125002
0.50594 0.49406 0.00128763 0.00128763
0.50663 0.49337 0.00125605 0.00125605
0.50601 0.49399 0.00126245 0.00126245
0.50632 0.49368 0.0012743 0.0012743
0.50707 0.49293 0.00131249 0.00131249
0.50778 0.49222 0.00127375 0.00127375
0.50769 0.49231 0.00126163 0.00126163
0.50693 0.49307 0.00124061 0.00124061
0.50712 0.49288 0.00118102 0.00118102
0.50705 0.49295 0.0011857 0.0011857
0.50603 0.49397 0.00117546 0.00117546
0.50577 0.49423 0.00119163 0.00119163
0.5054 0.4946 0.00124234 0.00124234
0.50578 0.49422 0.00127555 0.00127555
0.50505 0.49495 0.00132217 0.00132217
0.50583 0.49417 0.00132861 0.00132861
0.5062 0.4938 0.00134717 0.00134717
0.5058 0.4942 0.0013357 0.0013357
0.50596 0.49404 0.0013862 0.0013862
0.50565 0.49435 0.00146134 0.00146134
0.50645 0.49355 0.00146183 0.00146183
0.50552 0.49448 0.00145948 0.00145948
0.50603 0.49397 0.00149057 0.00149057
0.5071 0.4929 0.00149742 0.00149742
0.50771 0.49229 0.00154003 0.00154003
0.50818 0.49182 0.0015596 0.0015596
0.50884 0.49116 0.0014785 0.0014785
0.50803 0.49197 0.00150797 0.00150797
0.50718 0.49282 0.00148708 0.00148708
0.50751 0.49249 0.00149252 0.00149252
0.50789 0.49211 0.00156359 0.00156359
0.50841 0.49159 0.00159584 0.00159584
0.50832 0.49168 0.00153184 0.00153184
0.50838 0.49162 0.00153317 0.00153317
0.50816 0.49184 0.00153012 0.00153012
0.5078 0.4922 0.00149859 0.00149859
0.5073 0.4927 0.00153452 0.00153452
0.50719 0.49281 0.00152973 0.00152973
0.507 0.493 0.00159935 0.00159935
0.50664 0.49336 0.00163149 0.00163149
0.50679 0.49321 0.00157665 0.00157665
0.50718 0.49282 0.00156944 0.00156944
0.50709 0.49291 0.0015183 0.0015183
0.5071 0.4929 0.00144122 0.00144122
0.50677 0.49323 0.00145355 0.00145355
0.50745 0.49255 0.00144435 0.00144435
0.50707 0.49293 0.0014174 0.0014174
0.50736 0.49264 0.00135349 0.00135349
0.50743 0.49257 0.00138253 0.00138253
0.50749 0.49251 0.00136593 0.00136593
0.50729 0.49271 0.00138714 0.00138714
0.50664 0.49336 0.00133365 0.00133365
0.50629 0.49371 0.00130372 0.00130372
0.50643 0.49357 0.001363 0.001363
0.50712 0.49288 0.00138592 0.00138592
0.50789 0.49211 0.00143578 0.00143578
0.50758 0.49242 0.00142687 0.00142687
0.50688 0.49312 0.00144554 0.00144554
0.50729 0.49271 0.00152819 0.00152819
0.50744 0.49256 0.00154984 0.00154984
0.50719 0.49281 0.001487 0.001487
0.50696 0.49304 0.00143141 0.00143141
0.50679 0.49321 0.00150065 0.00150065
0.50671 0.49329 0.00145152 0.00145152
0.50692 0.49308 0.00142321 0.00142321
0.50735 0.49265 0.00144972 0.00144972
0.50787 0.49213 0.00146718 0.00146718
0.50709 0.49291 0.00145475 0.00145475
0.50716 0.49284 0.00152519 0.00152519
0.50776 0.49224 0.00158966 0.00158966
0.50792 0.49208 0.00159642 0.00159642
0.5081 0.4919 0.00156082 0.00156082
0.50732 0.49268 0.00153644 0.00153644
0.50799 0.49201 0.00153942 0.00153942
0.50816 0.49184 0.00157688 0.00157688
0.50827 0.49173 0.00166881 0.00166881
0.50819 0.49181 0.00166058 0.00166058
0.50834 0.49166 0.00158903 0.00158903
0.5088 0.4912 0.00161289 0.00161289
0.50887 0.49113 0.00154373 0.00154373
0.50863 0.49137 0.00159017 0.00159017
0.50852 0.49148 0.00159502 0.00159502
0.50835 0.49165 0.00158815 0.00158815
0.5087 0.4913 0.00152991 0.00152991
0.50862 0.49138 0.00156064 0.00156064
0.50827 0.49173 0.00158248 0.00158248
0.50864 0.49136 0.00156932 0.00156932
0.50834 0.49166 0.00154992 0.00154992
0.50772 0.49228 0.00158014 0.00158014
0.507 0.493 0.00161893 0.00161893
0.50709 0.49291 0.00166192 0.00166192
0.50701 0.49299 0.00164492 0.00164492
0.50671 0.49329 0.00160441 0.00160441
0.5067 0.4933 0.00163633 0.00163633
0.5071 0.4929 0.00164866 0.00164866
0.50672 0.49328 0.0016374 0.0016374
0.50728 0.49272 0.00164501 0.00164501
0.50713 0.49287 0.00164694 0.00164694
0.50685 0.49315 0.00164981 0.00164981
0.50673 0.49327 0.00159707 0.00159707
0.50677 0.49323 0.00159252 0.00159252
0.5071 0.4929 0.00160538 0.00160538
0.50705 0.49295 0.00161863 0.00161863
0.50734 0.49266 0.00159986 0.00159986
0.50688 0.49312 0.00163588 0.00163588
0.50665 0.49335 0.00160098 0.00160098
0.50638 0.49362 0.00154286 0.00154286
0.5066 0.4934 0.00148832 0.00148832
0.50652 0.49348 0.00148357 0.00148357
0.50717 0.49283 0.00149537 0.00149537
0.50697 0.49303 0.00142231 0.00142231
0.50671 0.49329 0.00142255 0.00142255
0.50643 0.49357 0.00137128 0.00137128
0.5065 0.4935 0.00139409 0.00139409
0.50658 0.49342 0.00136984 0.00136984
0.50698 0.49302 0.00143214 0.00143214
0.50716 0.49284 0.00140967 0.00140967
0.50735 0.49265 0.00136439 0.00136439
0.50716 0.49284 0.00134165 0.00134165
0.50693 0.49307 0.00136374 0.00136374
0.50675 0.49325 0.00139183 0.00139183
0.50744 0.49256 0.00145413 0.00145413
0.50693 0.49307 0.00145415 0.00145415
0.50688 0.49312 0.00143128 0.00143128
0.5072 0.4928 0.00141352 0.00141352
0.50691 0.49309 0.00140683 0.00140683
0.50699 0.49301 0.00138227 0.00138227
0.50735 0.49265 0.00138512 0.00138512
0.50812 0.49188 0.00141075 0.00141075
0.50853 0.49147 0.00143775 0.00143775
0.50793 0.49207 0.00147182 0.00147182
0.50805 0.49195 0.00144203 0.00144203
0.50802 0.49198 0.00145612 0.00145612
0.50776 0.49224 0.00148253 0.00148253
0.50768 0.49232 0.00143596 0.00143596
0.50714 0.49286 0.00141584 0.00141584
0.50744 0.49256 0.001431 0.001431
0.50755 0.49245 0.00144488 0.00144488
0.50766 0.49234 0.0014156 0.0014156
0.5075 0.4925 0.00140536 0.00140536
0.50747 0.49253 0.00139851 0.00139851
0.50717 0.49283 0.00141053 0.00141053
0.50791 0.49209 0.00138927 0.00138927
0.50787 0.49213 0.00140815 0.00140815
0.50772 0.49228 0.00143095 0.00143095
0.50745 0.49255 0.00143807 0.00143807
0.50786 0.49214 0.00148394 0.00148394
0.50832 0.49168 0.00155165 0.00155165
0.50839 0.49161 0.0014964 0.0014964
0.50867 0.49133 0.00148055 0.00148055
0.50774 0.49226 0.00148266 0.00148266
0.50737 0.49263 0.00150743 0.00150743
0.50803 0.49197 0.00153961 0.00153961
0.50768 0.49232 0.00148749 0.00148749
0.50808 0.49192 0.0014929 0.0014929
0.50855 0.49145 0.00150566 0.00150566
0.5085 0.4915 0.00148498 0.00148498
0.50883 0.49117 0.00145735 0.00145735
0.50843 0.49157 0.00151065 0.00151065
0.50894 0.49106 0.00147317 0.00147317
0.50862 0.49138 0.00145068 0.00145068
0.50827 0.49173 0.00143291 0.00143291
0.50867 0.49133 0.00143192 0.00143192
0.50841 0.49159 0.00147235 0.00147235
0.50902 0.49098 0.00148172 0.00148172
0.50945 0.49055 0.00148104 0.00148104
0.50937 0.49063 0.00147042 0.00147042
0.5096 0.4904 0.0014521 0.0014521
0.50993 0.49007 0.0014915 0.0014915
0.50976 0.49024 0.00150091 0.00150091
0.50892 0.49108 0.00155371 0.00155371
0.50844 0.49156 0.00156859 0.00156859
0.50802 0.49198 0.0015565 0.0015565
0.50806 0.49194 0.00154343 0.00154343
0.5083 0.4917 0.00161532 0.00161532
0.50818 0.49182 0.00161431 0.00161431
0.50911 0.49089 0.00163028 0.00163028
0.50885 0.49115 0.0016049 0.0016049
0.50794 0.49206 0.00161412 0.00161412
0.50829 0.49171 0.00168758 0.00168758
0.5083 0.4917 0.0017147 0.0017147
0.50777 0.49223 0.00169929 0.00169929
0.50765 0.49235 0.00169815 0.00169815
0.50755 0.49245 0.00170918 0.00170918
0.50766 0.49234 0.00165891 0.00165891
0.50783 0.49217 0.00165942 0.00165942
0.50835 0.49165 0.0016117 0.0016117
0.50807 0.49193 0.00160679 0.00160679
0.50747 0.49253 0.00160607 0.00160607
0.5078 0.4922 0.00162483 0.00162483
0.50793 0.49207 0.00166445 0.00166445
0.50822 0.49178 0.00166401 0.00166401
0.50799 0.49201 0.00164977 0.00164977
0.50868 0.49132 0.00160638 0.00160638
0.50885 0.49115 0.00165128 0.00165128
0.5083 0.4917 0.00172124 0.00172124
0.50886 0.49114 0.00173756 0.00173756
0.50877 0.49123 0.00174852 0.00174852
0.50908 0.49092 0.00177248 0.00177248
0.50886 0.49114 0.00184539 0.00184539
0.50838 0.49162 0.0018229 0.0018229
0.50857 0.49143 0.00186461 0.00186461
0.50874 0.49126 0.00184896 0.00184896
0.50894 0.49106 0.00176945 0.00176945
0.50817 0.49183 0.00174592 0.00174592
0.50848 0.49152 0.00175023 0.00175023
0.50866 0.49134 0.00176633 0.00176633
0.50911 0.49089 0.00178214 0.00178214
0.50883 0.49117 0.00178172 0.00178172
0.50897 0.49103 0.00179017 0.00179017
0.50919 0.49081 0.00175797 0.00175797
0.50911 0.49089 0.00173442 0.00173442
0.50966 0.49034 0.00176184 0.00176184
0.50988 0.49012 0.00174643 0.00174643
0.50917 0.49083 0.00172392 0.00172392
0.50854 0.49146 0.0017271 0.0017271
0.50861 0.49139 0.0017419 0.0017419
0.50887 0.49113 0.0016922 0.0016922
0.50907 0.49093 0.00167918 0.00167918
0.50885 0.49115 0.00172482 0.00172482
0.50764 0.49236 0.00175538 0.00175538
0.50782 0.49218 0.00175088 0.00175088
0.50834 0.49166 0.00175926 0.00175926
0.50821 0.49179 0.0017633 0.0017633
0.50859 0.49141 0.00182598 0.00182598
0.50841 0.49159 0.00177986 0.00177986
0.50859 0.49141 0.00179483 0.00179483
0.50896 0.49104 0.00184491 0.00184491
0.50916 0.49084 0.00183795 0.00183795
0.50952 0.49048 0.00183409 0.00183409
0.50914 0.49086 0.00180952 0.00180952
0.50867 0.49133 0.00187457 0.00187457
0.50913 0.49087 0.00195474 0.00195474
0.50957 0.49043 0.00200178 0.00200178
0.51014 0.48986 0.00208125 0.00208125
0.50924 0.49076 0.00211317 0.00211317
0.50971 0.49029 0.00218423 0.00218423
0.50961 0.49039 0.00211862 0.00211862
0.50964 0.49036 0.00208967 0.00208967
0.50921 0.49079 0.00205162 0.00205162
0.5095 0.4905 0.00199092 0.00199092
0.50926 0.49074 0.00196801 0.00196801
0.50943 0.49057 0.00206704 0.00206704
0.50963 0.49037 0.00207246 0.00207246
0.50964 0.49036 0.00205484 0.00205484
0.50925 0.49075 0.00208962 0.00208962
0.50835 0.49165 0.00211831 0.00211831
0.50846 0.49154 0.00208597 0.00208597
0.50781 0.49219 0.00211209 0.00211209
0.50823 0.49177 0.00220115 0.00220115
0.50762 0.49238 0.00220177 0.00220177
0.50786 0.49214 0.00222028 0.00222028
0.50836 0.49164 0.00220094 0.00220094
0.50924 0.49076 0.00215162 0.00215162
0.5096 0.4904 0.00218206 0.00218206
0.5094 0.4906 0.00219422 0.00219422
0.50902 0.49098 0.0021924 0.0021924
0.50862 0.49138 0.00217543 0.00217543
0.50864 0.49136 0.00222872 0.00222872
0.50828 0.49172 0.00220299 0.00220299
0.50864 0.49136 0.00216553 0.00216553
0.50858 0.49142 0.00212029 0.00212029
0.50897 0.49103 0.00217096 0.00217096
0.50899 0.49101 0.00217841 0.00217841
0.50919 0.49081 0.00219672 0.00219672
0.50863 0.49137 0.00215078 0.00215078
0.50859 0.49141 0.00215249 0.00215249
0.50864 0.49136 0.00210066 0.00210066
0.50867 0.49133 0.00208503 0.00208503
0.50925 0.49075 0.0020356 0.0020356
0.50973 0.49027 0.00198802 0.00198802
0.50879 0.49121 0.00203687 0.00203687
0.50927 0.49073 0.00207963 0.00207963
0.50986 0.49014 0.00209507 0.00209507
0.50942 0.49058 0.00210786 0.00210786
0.50894 0.49106 0.0021063 0.0021063
0.50921 0.49079 0.0021038 0.0021038
0.50909 0.49091 0.00209665 0.00209665
0.50918 0.49082 0.00214399 0.00214399
0.50964 0.49036 0.00206385 0.00206385
0.50953 0.49047 0.00200787 0.00200787
0.50915 0.49085 0.00202417 0.00202417
0.50873 0.49127 0.00206676 0.00206676
0.50888 0.49112 0.00206746 0.00206746
0.5091 0.4909 0.00207886 0.00207886
0.50899 0.49101 0.00212736 0.00212736
0.50886 0.49114 0.00209226 0.00209226
0.50922 0.49078 0.00203104 0.00203104
0.50941 0.49059 0.00211255 0.00211255
0.50947 0.49053 0.00220758 0.00220758
0.50947 0.49053 0.00218356 0.00218356
0.51021 0.48979 0.00220289 0.00220289
0.51032 0.48968 0.00218786 0.00218786
0.51041 0.48959 0.00217475 0.00217475
0.51019 0.48981 0.00219361 0.00219361
0.51077 0.48923 0.0021626 0.0021626
0.51009 0.48991 0.00213923 0.00213923
0.51001 0.48999 0.00214417 0.00214417
0.51081 0.48919 0.00210226 0.00210226
0.51116 0.48884 0.00204892 0.00204892
0.51086 0.48914 0.00206659 0.00206659
0.51065 0.48935 0.00214467 0.00214467
0.51058 0.48942 0.00210918 0.00210918
0.51017 0.48983 0.00215093 0.00215093
0.51019 0.48981 0.0022031 0.0022031
0.51051 0.48949 0.00220326 0.00220326
0.51069 0.48931 0.00229551 0.00229551
0.51094 0.48906 0.0023063 0.0023063
0.51044 0.48956 0.00231053 0.00231053
0.51123 0.48877 0.00230571 0.00230571
0.51119 0.48881 0.00238113 0.00238113
0.5113 0.4887 0.00237278 0.00237278
0.5106 0.4894 0.00235501 0.00235501
0.50972 0.49028 0.00231269 0.00231269
0.50937 0.49063 0.00227038 0.00227038
0.50967 0.49033 0.00227259 0.00227259
0.51047 0.48953 0.00227589 0.00227589
0.50992 0.49008 0.00225464 0.00225464
0.51029 0.48971 0.00226669 0.00226669
0.51106 0.48894 0.00229303 0.00229303
0.51095 0.48905 0.00222926 0.00222926
0.51041 0.48959 0.00226626 0.00226626
0.51049 0.48951 0.00231704 0.00231704
0.5104 0.4896 0.00228242 0.00228242
0.51078 0.48922 0.00222355 0.00222355
0.51144 0.48856 0.0022778 0.0022778
0.51057 0.48943 0.00227354 0.00227354
0.51053 0.48947 0.00226662 0.00226662
0.51039 0.48961 0.00226028 0.00226028
0.50962 0.49038 0.00225567 0.00225567
0.50944 0.49056 0.00218795 0.00218795
0.50925 0.49075 0.00226172 0.00226172
0.50968 0.49032 0.00228881 0.00228881
0.50952 0.49048 0.00234197 0.00234197
0.50928 0.49072 0.00233241 0.00233241
0.50965 0.49035 0.00232322 0.00232322
0.5093 0.4907 0.00229955 0.00229955
0.50948 0.49052 0.00228504 0.00228504
0.5099 0.4901 0.00231276 0.00231276
0.51013 0.48987 0.0022646 0.0022646
0.51012 0.48988 0.00231358 0.00231358
0.51039 0.48961 0.00226915 0.00226915
0.51092 0.48908 0.00229266 0.00229266
0.51073 0.48927 0.00220133 0.00220133
0.51094 0.48906 0.00222895 0.00222895
0.51241 0.48759 0.00225804 0.00225804
0.51292 0.48708 0.00224177 0.00224177
0.5131 0.4869 0.00221981 0.00221981
0.51326 0.48674 0.00224163 0.00224163
0.51331 0.48669 0.0022586 0.0022586
0.51258 0.48742 0.00233346 0.00233346
0.51306 0.48694 0.00227695 0.00227695
0.51307 0.48693 0.00222463 0.00222463
0.51296 0.48704 0.00230883 0.00230883
0.51296 0.48704 0.00233897 0.00233897
0.51308 0.48692 0.00241072 0.00241072
0.51385 0.48615 0.00244908 0.00244908
0.51364 0.48636 0.00250801 0.00250801
0.51361 0.48639 0.00256297 0.00256297
0.51336 0.48664 0.00246571 0.00246571
0.51262 0.48738 0.00249297 0.00249297
