0.49909 0.50091 0.000184083 0.000184083
0.49705 0.50295 0.000592492 0.000592492
0.49692 0.50308 0.00108205 0.00108205
0.49616 0.50384 0.00172911 0.00172911
0.49544 0.50456 0.00246294 0.00246294
0.49469 0.50531 0.00327943 0.00327943
0.49461 0.50539 0.00402315 0.00402315
0.49399 0.50601 0.00482221 0.00482221
0.49349 0.50651 0.00563407 0.00563407
0.49294 0.50706 0.00637216 0.00637216
0.49201 0.50799 0.0071133 0.0071133
0.49194 0.50806 0.00774519 0.00774519
0.49113 0.50887 0.0083665 0.0083665
0.4905 0.5095 0.0088246 0.0088246
0.49036 0.50964 0.00936322 0.00936322
0.49005 0.50995 0.00980247 0.00980247
0.48964 0.51036 0.0102082 0.0102082
0.48953 0.51047 0.0105884 0.0105884
0.48927 0.51073 0.0109623 0.0109623
0.48928 0.51072 0.0113036 0.0113036
0.48932 0.51068 0.0116398 0.0116398
0.48897 0.51103 0.0119086 0.0119086
0.48865 0.51135 0.012246 0.012246
0.48857 0.51143 0.0125181 0.0125181
0.48872 0.51128 0.0126729 0.0126729
0.48865 0.51135 0.0129158 0.0129158
0.48859 0.51141 0.0131445 0.0131445
0.4885 0.5115 0.0133535 0.0133535
0.48828 0.51172 0.0135292 0.0135292
0.48829 0.51171 0.0136888 0.0136888
0.48806 0.51194 0.0138492 0.0138492
0.48804 0.51196 0.0139637 0.0139637
0.48816 0.51184 0.0140647 0.0140647
0.48795 0.51205 0.0142557 0.0142557
0.48798 0.51202 0.0143353 0.0143353
0.48783 0.51217 0.0144387 0.0144387
0.48782 0.51218 0.0145359 0.0145359
0.48779 0.51221 0.0145985 0.0145985
0.48776 0.51224 0.0146569 0.0146569
0.48786 0.51214 0.0147856 0.0147856
0.48802 0.51198 0.014879 0.014879
0.48805 0.51195 0.0149164 0.0149164
0.48805 0.51195 0.0149391 0.0149391
0.48798 0.51202 0.0149836 0.0149836
0.48811 0.51189 0.0150125 0.0150125
0.48796 0.51204 0.0150778 0.0150778
0.48799 0.51201 0.0151142 0.0151142
0.48807 0.51193 0.0151473 0.0151473
0.48799 0.51201 0.015206 0.015206
0.48791 0.51209 0.0152292 0.0152292
0.48791 0.51209 0.0152483 0.0152483
0.488 0.512 0.0152705 0.0152705
0.48803 0.51197 0.0153039 0.0153039
0.48812 0.51188 0.0152878 0.0152878
0.48795 0.51205 0.0152947 0.0152947
0.48792 0.51208 0.015308 0.015308
0.48796 0.51204 0.0153158 0.0153158
0.48808 0.51192 0.0153431 0.0153431
0.48809 0.51191 0.0153763 0.0153763
0.48812 0.51188 0.0153898 0.0153898
0.48804 0.51196 0.0154106 0.0154106
0.48799 0.51201 0.0154045 0.0154045
0.4881 0.5119 0.0154123 0.0154123
0.48804 0.51196 0.0154077 0.0154077
0.488 0.512 0.0154374 0.0154374
0.4881 0.5119 0.0154528 0.0154528
0.48804 0.51196 0.0154569 0.0154569
0.4879 0.5121 0.015492 0.015492
0.48781 0.51219 0.015492 0.015492
0.48777 0.51223 0.0155037 0.0155037
0.48775 0.51225 0.0155133 0.0155133
0.48775 0.51225 0.0155274 0.0155274
0.48787 0.51213 0.015549 0.015549
0.48792 0.51208 0.015561 0.015561
0.48785 0.51215 0.0155516 0.0155516
0.48793 0.51207 0.015556 0.015556
0.48806 0.51194 0.0155762 0.0155762
0.48812 0.51188 0.0155805 0.0155805
0.48807 0.51193 0.0155796 0.0155796
0.48813 0.51187 0.0155711 0.0155711
0.48813 0.51187 0.015573 0.015573
0.48808 0.51192 0.0155701 0.0155701
0.48806 0.51194 0.0155823 0.0155823
0.48816 0.51184 0.0155867 0.0155867
0.48814 0.51186 0.0155865 0.0155865
0.48809 0.51191 0.0155846 0.0155846
0.48809 0.51191 0.0156014 0.0156014
0.48815 0.51185 0.0156184 0.0156184
0.48817 0.51183 0.0156188 0.0156188
0.48825 0.51175 0.0156241 0.0156241
0.48828 0.51172 0.0156286 0.0156286
0.48836 0.51164 0.0156296 0.0156296
0.4883 0.5117 0.0156302 0.0156302
0.48828 0.51172 0.015637 0.015637
0.48834 0.51166 0.0156452 0.0156452
0.48842 0.51158 0.0156596 0.0156596
0.48843 0.51157 0.0156687 0.0156687
0.48842 0.51158 0.0156689 0.0156689
0.48833 0.51167 0.0156796 0.0156796
0.48835 0.51165 0.0156716 0.0156716
0.48837 0.51163 0.0156783 0.0156783
0.48831 0.51169 0.0156959 0.0156959
0.48828 0.51172 0.0156936 0.0156936
0.48828 0.51172 0.0156965 0.0156965
0.48829 0.51171 0.0157068 0.0157068
0.48827 0.51173 0.0157079 0.0157079
0.48822 0.51178 0.015717 0.015717
0.48825 0.51175 0.0157213 0.0157213
0.48823 0.51177 0.0157255 0.0157255
0.48825 0.51175 0.0157253 0.0157253
0.48821 0.51179 0.0157117 0.0157117
0.48817 0.51183 0.0157117 0.0157117
0.48809 0.51191 0.0157158 0.0157158
0.48813 0.51187 0.015717 0.015717
0.48815 0.51185 0.0157147 0.0157147
0.4882 0.5118 0.0157252 0.0157252
0.48816 0.51184 0.015721 0.015721
0.48825 0.51175 0.0157394 0.0157394
0.48829 0.51171 0.015743 0.015743
0.48829 0.51171 0.0157572 0.0157572
0.48826 0.51174 0.0157591 0.0157591
0.48825 0.51175 0.0157483 0.0157483
0.48826 0.51174 0.0157515 0.0157515
0.48826 0.51174 0.0157544 0.0157544
0.48832 0.51168 0.0157564 0.0157564
0.4883 0.5117 0.0157565 0.0157565
0.48829 0.51171 0.0157657 0.0157657
0.48833 0.51167 0.0157666 0.0157666
0.48832 0.51168 0.0157749 0.0157749
0.48827 0.51173 0.0157822 0.0157822
0.48831 0.51169 0.0157937 0.0157937
0.48832 0.51168 0.015806 0.015806
0.48837 0.51163 0.0158104 0.0158104
0.48837 0.51163 0.0158149 0.0158149
0.48837 0.51163 0.0158212 0.0158212
0.48834 0.51166 0.0158276 0.0158276
0.48832 0.51168 0.0158299 0.0158299
0.4883 0.5117 0.0158359 0.0158359
0.48827 0.51173 0.0158494 0.0158494
0.48824 0.51176 0.0158601 0.0158601
0.48829 0.51171 0.0158672 0.0158672
0.48826 0.51174 0.0158768 0.0158768
0.48827 0.51173 0.0158841 0.0158841
0.48833 0.51167 0.0158934 0.0158934
0.48833 0.51167 0.0158871 0.0158871
0.48835 0.51165 0.0158888 0.0158888
0.48833 0.51167 0.015885 0.015885
0.48834 0.51166 0.0158952 0.0158952
0.48836 0.51164 0.0158984 0.0158984
0.48837 0.51163 0.015902 0.015902
0.48839 0.51161 0.0159074 0.0159074
0.48841 0.51159 0.0159098 0.0159098
0.48842 0.51158 0.0159091 0.0159091
0.48842 0.51158 0.0159081 0.0159081
0.48842 0.51158 0.0159101 0.0159101
0.48839 0.51161 0.0159106 0.0159106
0.48841 0.51159 0.0159155 0.0159155
0.48846 0.51154 0.0159239 0.0159239
0.48851 0.51149 0.0159301 0.0159301
0.4885 0.5115 0.0159395 0.0159395
0.48857 0.51143 0.0159557 0.0159557
0.48852 0.51148 0.0159627 0.0159627
0.48856 0.51144 0.0159605 0.0159605
0.48859 0.51141 0.0159739 0.0159739
0.48856 0.51144 0.0159719 0.0159719
0.48856 0.51144 0.0159601 0.0159601
0.48858 0.51142 0.0159671 0.0159671
0.48855 0.51145 0.0159627 0.0159627
0.48848 0.51152 0.0159687 0.0159687
0.48849 0.51151 0.0159742 0.0159742
0.48847 0.51153 0.0159786 0.0159786
0.48843 0.51157 0.015975 0.015975
0.48845 0.51155 0.0159698 0.0159698
0.48841 0.51159 0.0159757 0.0159757
0.48843 0.51157 0.0159762 0.0159762
0.48847 0.51153 0.0159818 0.0159818
0.48849 0.51151 0.0159879 0.0159879
0.48849 0.51151 0.0159874 0.0159874
0.48846 0.51154 0.0159935 0.0159935
0.48844 0.51156 0.0159991 0.0159991
0.48847 0.51153 0.0160045 0.0160045
0.48845 0.51155 0.0160044 0.0160044
0.48847 0.51153 0.0160042 0.0160042
0.48842 0.51158 0.016003 0.016003
0.4884 0.5116 0.0160133 0.0160133
0.48834 0.51166 0.0160175 0.0160175
0.48832 0.51168 0.0160135 0.0160135
0.4883 0.5117 0.0160155 0.0160155
0.48821 0.51179 0.0160166 0.0160166
0.48821 0.51179 0.0160341 0.0160341
0.48817 0.51183 0.016048 0.016048
0.48815 0.51185 0.016046 0.016046
0.48813 0.51187 0.016049 0.016049
0.48816 0.51184 0.0160538 0.0160538
0.48818 0.51182 0.0160559 0.0160559
0.48816 0.51184 0.0160561 0.0160561
0.48816 0.51184 0.0160617 0.0160617
0.48816 0.51184 0.0160589 0.0160589
0.48803 0.51197 0.0160651 0.0160651
0.48794 0.51206 0.0160626 0.0160626
0.48797 0.51203 0.0160722 0.0160722
0.488 0.512 0.0160816 0.0160816
0.48797 0.51203 0.0160809 0.0160809
0.48796 0.51204 0.016087 0.016087
0.48791 0.51209 0.0160885 0.0160885
0.48788 0.51212 0.0160948 0.0160948
0.48788 0.51212 0.0160947 0.0160947
0.4879 0.5121 0.0160911 0.0160911
0.48788 0.51212 0.0160965 0.0160965
0.48788 0.51212 0.016093 0.016093
0.48789 0.51211 0.0160955 0.0160955
0.48784 0.51216 0.016096 0.016096
0.48783 0.51217 0.0160933 0.0160933
0.48783 0.51217 0.0160973 0.0160973
0.48782 0.51218 0.0161027 0.0161027
0.48776 0.51224 0.0161122 0.0161122
0.48779 0.51221 0.016109 0.016109
0.48776 0.51224 0.0161083 0.0161083
0.48775 0.51225 0.016111 0.016111
0.48771 0.51229 0.0161076 0.0161076
0.48772 0.51228 0.016116 0.016116
0.48769 0.51231 0.0161231 0.0161231
0.48765 0.51235 0.0161297 0.0161297
0.48768 0.51232 0.0161302 0.0161302
0.48768 0.51232 0.0161346 0.0161346
0.48771 0.51229 0.0161478 0.0161478
0.48773 0.51227 0.0161498 0.0161498
0.48775 0.51225 0.0161511 0.0161511
0.48774 0.51226 0.0161496 0.0161496
0.48771 0.51229 0.0161586 0.0161586
0.48772 0.51228 0.0161531 0.0161531
0.48772 0.51228 0.0161526 0.0161526
0.48774 0.51226 0.0161674 0.0161674
0.48772 0.51228 0.0161749 0.0161749
0.48768 0.51232 0.0161753 0.0161753
0.48767 0.51233 0.0161818 0.0161818
0.48771 0.51229 0.0161874 0.0161874
0.48772 0.51228 0.0161869 0.0161869
0.48776 0.51224 0.0161939 0.0161939
0.48775 0.51225 0.0161959 0.0161959
0.48773 0.51227 0.0161965 0.0161965
0.4877 0.5123 0.016197 0.016197
0.48766 0.51234 0.016204 0.016204
0.48767 0.51233 0.016211 0.016211
0.48767 0.51233 0.0162076 0.0162076
0.48762 0.51238 0.0162146 0.0162146
0.4876 0.5124 0.0162206 0.0162206
0.48758 0.51242 0.0162323 0.0162323
0.48761 0.51239 0.0162403 0.0162403
0.48763 0.51237 0.0162404 0.0162404
0.48759 0.51241 0.0162379 0.0162379
0.48758 0.51242 0.016231 0.016231
0.48754 0.51246 0.0162266 0.0162266
0.48753 0.51247 0.0162402 0.0162402
0.48753 0.51247 0.0162402 0.0162402
0.48753 0.51247 0.0162411 0.0162411
0.48758 0.51242 0.016244 0.016244
0.48762 0.51238 0.0162483 0.0162483
0.48761 0.51239 0.016251 0.016251
0.48762 0.51238 0.0162582 0.0162582
0.4876 0.5124 0.0162635 0.0162635
0.48759 0.51241 0.0162661 0.0162661
0.48759 0.51241 0.0162697 0.0162697
0.48755 0.51245 0.016272 0.016272
0.48755 0.51245 0.0162736 0.0162736
0.48758 0.51242 0.0162798 0.0162798
0.48752 0.51248 0.0162929 0.0162929
0.48749 0.51251 0.0162896 0.0162896
0.48748 0.51252 0.0162921 0.0162921
0.48752 0.51248 0.0162972 0.0162972
0.4875 0.5125 0.0163024 0.0163024
0.48751 0.51249 0.0163042 0.0163042
0.4875 0.5125 0.0163092 0.0163092
0.4875 0.5125 0.0163143 0.0163143
0.4875 0.5125 0.0163268 0.0163268
0.48748 0.51252 0.016325 0.016325
0.48744 0.51256 0.0163286 0.0163286
0.48748 0.51252 0.0163371 0.0163371
0.48747 0.51253 0.0163264 0.0163264
0.48748 0.51252 0.0163235 0.0163235
0.48749 0.51251 0.0163248 0.0163248
0.48744 0.51256 0.0163265 0.0163265
0.48744 0.51256 0.0163347 0.0163347
0.48748 0.51252 0.0163314 0.0163314
0.48748 0.51252 0.016336 0.016336
0.48748 0.51252 0.0163406 0.0163406
0.48749 0.51251 0.0163552 0.0163552
0.48749 0.51251 0.016365 0.016365
0.48751 0.51249 0.0163715 0.0163715
0.48753 0.51247 0.0163753 0.0163753
0.48753 0.51247 0.0163818 0.0163818
0.48753 0.51247 0.0163822 0.0163822
0.48748 0.51252 0.0163898 0.0163898
0.48747 0.51253 0.0163931 0.0163931
0.48749 0.51251 0.0163965 0.0163965
0.48753 0.51247 0.0164024 0.0164024
0.48752 0.51248 0.0164037 0.0164037
0.4875 0.5125 0.0164058 0.0164058
0.48748 0.51252 0.0164069 0.0164069
0.48748 0.51252 0.0164009 0.0164009
0.48747 0.51253 0.0164022 0.0164022
0.48743 0.51257 0.0164053 0.0164053
0.48741 0.51259 0.016405 0.016405
0.48741 0.51259 0.0164077 0.0164077
0.48743 0.51257 0.0164103 0.0164103
0.48745 0.51255 0.0164106 0.0164106
0.48743 0.51257 0.0164111 0.0164111
0.48744 0.51256 0.0164149 0.0164149
0.48743 0.51257 0.0164168 0.0164168
0.48739 0.51261 0.0164243 0.0164243
0.48733 0.51267 0.016417 0.016417
0.48733 0.51267 0.0164205 0.0164205
0.48732 0.51268 0.0164237 0.0164237
0.48731 0.51269 0.0164214 0.0164214
0.48729 0.51271 0.0164345 0.0164345
0.48729 0.51271 0.016436 0.016436
0.48727 0.51273 0.0164401 0.0164401
0.48731 0.51269 0.0164414 0.0164414
0.48724 0.51276 0.0164402 0.0164402
0.48722 0.51278 0.0164485 0.0164485
0.48727 0.51273 0.016456 0.016456
0.48728 0.51272 0.0164574 0.0164574
0.48728 0.51272 0.0164604 0.0164604
0.48731 0.51269 0.0164628 0.0164628
0.48728 0.51272 0.0164697 0.0164697
0.4873 0.5127 0.0164746 0.0164746
0.48733 0.51267 0.0164764 0.0164764
0.48731 0.51269 0.0164797 0.0164797
0.48733 0.51267 0.0164809 0.0164809
0.48734 0.51266 0.0164827 0.0164827
0.48733 0.51267 0.0164851 0.0164851
0.48733 0.51267 0.0164914 0.0164914
0.48734 0.51266 0.0165026 0.0165026
0.48736 0.51264 0.0165053 0.0165053
0.48736 0.51264 0.0165002 0.0165002
0.48733 0.51267 0.0165103 0.0165103
0.48736 0.51264 0.0165081 0.0165081
0.48737 0.51263 0.0165051 0.0165051
0.48738 0.51262 0.0165124 0.0165124
0.4874 0.5126 0.0165199 0.0165199
0.48739 0.51261 0.0165154 0.0165154
0.48737 0.51263 0.0165247 0.0165247
0.48735 0.51265 0.0165321 0.0165321
0.48736 0.51264 0.0165289 0.0165289
0.48738 0.51262 0.0165278 0.0165278
0.48739 0.51261 0.016525 0.016525
0.48737 0.51263 0.0165258 0.0165258
0.48734 0.51266 0.0165277 0.0165277
0.48737 0.51263 0.0165416 0.0165416
0.48736 0.51264 0.0165447 0.0165447
0.4873 0.5127 0.0165506 0.0165506
0.48725 0.51275 0.0165528 0.0165528
0.48725 0.51275 0.0165559 0.0165559
0.4873 0.5127 0.0165625 0.0165625
0.48729 0.51271 0.0165656 0.0165656
0.48727 0.51273 0.0165665 0.0165665
0.48729 0.51271 0.0165661 0.0165661
0.48732 0.51268 0.0165616 0.0165616
0.48734 0.51266 0.0165662 0.0165662
0.48735 0.51265 0.0165685 0.0165685
0.48734 0.51266 0.016571 0.016571
0.48731 0.51269 0.0165681 0.0165681
0.48731 0.51269 0.0165647 0.0165647
0.48729 0.51271 0.0165688 0.0165688
0.48729 0.51271 0.0165747 0.0165747
0.4873 0.5127 0.0165827 0.0165827
0.4873 0.5127 0.0165916 0.0165916
0.48731 0.51269 0.0166028 0.0166028
0.48732 0.51268 0.0166062 0.0166062
0.48731 0.51269 0.0166106 0.0166106
0.48729 0.51271 0.0166149 0.0166149
0.48728 0.51272 0.0166077 0.0166077
0.48728 0.51272 0.0166077 0.0166077
0.48725 0.51275 0.0166059 0.0166059
0.48726 0.51274 0.0166072 0.0166072
0.48724 0.51276 0.016606 0.016606
0.48722 0.51278 0.0166156 0.0166156
0.48723 0.51277 0.0166208 0.0166208
0.48725 0.51275 0.0166175 0.0166175
0.48726 0.51274 0.016616 0.016616
0.48728 0.51272 0.0166199 0.0166199
0.48729 0.51271 0.016625 0.016625
0.48729 0.51271 0.0166244 0.0166244
0.48727 0.51273 0.0166205 0.0166205
0.48722 0.51278 0.0166209 0.0166209
0.4872 0.5128 0.0166211 0.0166211
0.48718 0.51282 0.0166149 0.0166149
0.48721 0.51279 0.0166163 0.0166163
0.48718 0.51282 0.0166167 0.0166167
0.4872 0.5128 0.0166196 0.0166196
0.48721 0.51279 0.0166179 0.0166179
0.48721 0.51279 0.0166218 0.0166218
0.48721 0.51279 0.0166231 0.0166231
0.4872 0.5128 0.0166271 0.0166271
0.48719 0.51281 0.016629 0.016629
0.48715 0.51285 0.0166382 0.0166382
0.4871 0.5129 0.0166349 0.0166349
0.48711 0.51289 0.0166338 0.0166338
0.48708 0.51292 0.0166317 0.0166317
0.48705 0.51295 0.0166369 0.0166369
0.48703 0.51297 0.0166406 0.0166406
0.48701 0.51299 0.0166422 0.0166422
0.48704 0.51296 0.0166393 0.0166393
0.48705 0.51295 0.0166415 0.0166415
0.48701 0.51299 0.0166446 0.0166446
0.48703 0.51297 0.0166513 0.0166513
0.48701 0.51299 0.0166457 0.0166457
0.48704 0.51296 0.0166567 0.0166567
0.48704 0.51296 0.0166598 0.0166598
0.48704 0.51296 0.0166598 0.0166598
0.48702 0.51298 0.0166563 0.0166563
0.48699 0.51301 0.0166556 0.0166556
0.48699 0.51301 0.016657 0.016657
0.48698 0.51302 0.0166574 0.0166574
0.48698 0.51302 0.0166568 0.0166568
0.48699 0.51301 0.0166573 0.0166573
0.487 0.513 0.0166646 0.0166646
0.487 0.513 0.0166646 0.0166646
0.48697 0.51303 0.0166666 0.0166666
0.48698 0.51302 0.0166634 0.0166634
0.48699 0.51301 0.0166581 0.0166581
0.48697 0.51303 0.0166676 0.0166676
0.48699 0.51301 0.0166702 0.0166702
0.48696 0.51304 0.0166744 0.0166744
0.487 0.513 0.0166796 0.0166796
0.48696 0.51304 0.0166886 0.0166886
0.48696 0.51304 0.0166923 0.0166923
0.487 0.513 0.0166958 0.0166958
0.48698 0.51302 0.0166982 0.0166982
0.48699 0.51301 0.0166968 0.0166968
0.48699 0.51301 0.0166966 0.0166966
0.48699 0.51301 0.0167003 0.0167003
0.48698 0.51302 0.0167015 0.0167015
0.487 0.513 0.0167048 0.0167048
0.48699 0.51301 0.0167018 0.0167018
0.48702 0.51298 0.0167103 0.0167103
0.48707 0.51293 0.016716 0.016716
0.48704 0.51296 0.016718 0.016718
0.48705 0.51295 0.0167213 0.0167213
0.48703 0.51297 0.0167223 0.0167223
0.487 0.513 0.0167275 0.0167275
0.48701 0.51299 0.0167335 0.0167335
0.48701 0.51299 0.0167316 0.0167316
0.48703 0.51297 0.0167324 0.0167324
0.48705 0.51295 0.0167343 0.0167343
0.48705 0.51295 0.0167329 0.0167329
0.48703 0.51297 0.0167339 0.0167339
0.48702 0.51298 0.0167348 0.0167348
0.48703 0.51297 0.01674 0.01674
0.48707 0.51293 0.0167402 0.0167402
0.48707 0.51293 0.0167406 0.0167406
0.48708 0.51292 0.0167416 0.0167416
0.48709 0.51291 0.0167486 0.0167486
0.48709 0.51291 0.0167543 0.0167543
0.4871 0.5129 0.0167665 0.0167665
0.48705 0.51295 0.0167605 0.0167605
0.48709 0.51291 0.0167606 0.0167606
0.48709 0.51291 0.0167592 0.0167592
0.48708 0.51292 0.0167632 0.0167632
0.48709 0.51291 0.0167703 0.0167703
0.48708 0.51292 0.016773 0.016773
0.48708 0.51292 0.0167748 0.0167748
0.48708 0.51292 0.016773 0.016773
0.48706 0.51294 0.0167678 0.0167678
0.48707 0.51293 0.0167683 0.0167683
0.48707 0.51293 0.0167722 0.0167722
0.48706 0.51294 0.0167682 0.0167682
0.48707 0.51293 0.0167707 0.0167707
0.48705 0.51295 0.0167673 0.0167673
0.48705 0.51295 0.0167673 0.0167673
0.48705 0.51295 0.0167641 0.0167641
0.48706 0.51294 0.0167637 0.0167637
0.48709 0.51291 0.0167685 0.0167685
0.48711 0.51289 0.0167738 0.0167738
0.48712 0.51288 0.0167789 0.0167789
0.4871 0.5129 0.0167786 0.0167786
0.4871 0.5129 0.0167856 0.0167856
0.48707 0.51293 0.0167809 0.0167809
0.48707 0.51293 0.0167787 0.0167787
0.48707 0.51293 0.0167803 0.0167803
0.48704 0.51296 0.0167786 0.0167786
0.48704 0.51296 0.0167868 0.0167868
0.48702 0.51298 0.0167858 0.0167858
0.48706 0.51294 0.0167952 0.0167952
0.48706 0.51294 0.016791 0.016791
0.48706 0.51294 0.016796 0.016796
0.48702 0.51298 0.0168013 0.0168013
0.48701 0.51299 0.0168043 0.0168043
0.48701 0.51299 0.0168061 0.0168061
0.48703 0.51297 0.0168107 0.0168107
0.48703 0.51297 0.0168107 0.0168107
0.48704 0.51296 0.0168064 0.0168064
0.48704 0.51296 0.0168049 0.0168049
0.48704 0.51296 0.0168049 0.0168049
0.48703 0.51297 0.0168041 0.0168041
0.48705 0.51295 0.0168082 0.0168082
0.48706 0.51294 0.0168134 0.0168134
0.48706 0.51294 0.0168108 0.0168108
0.48707 0.51293 0.0168097 0.0168097
0.48705 0.51295 0.0168089 0.0168089
