0.50157 0.49843 0.000297197 0.000297197
0.50309 0.49691 0.000894285 0.000894285
0.50532 0.49468 0.00176493 0.00176493
0.50716 0.49284 0.00278608 0.00278608
0.50828 0.49172 0.00390798 0.00390798
0.50974 0.49026 0.0049952 0.0049952
0.50999 0.49001 0.00624678 0.00624678
0.51143 0.48857 0.00750819 0.00750819
0.51229 0.48771 0.0087633 0.0087633
0.51337 0.48663 0.00987646 0.00987646
0.51443 0.48557 0.0109021 0.0109021
0.51564 0.48436 0.0120499 0.0120499
0.51617 0.48383 0.0129451 0.0129451
0.51663 0.48337 0.0138154 0.0138154
0.51672 0.48328 0.0146961 0.0146961
0.51705 0.48295 0.0155673 0.0155673
0.51752 0.48248 0.0162931 0.0162931
0.51778 0.48222 0.0168386 0.0168386
0.51844 0.48156 0.0173989 0.0173989
0.51901 0.48099 0.0179559 0.0179559
0.51932 0.48068 0.0184115 0.0184115
0.51921 0.48079 0.0188499 0.0188499
0.51965 0.48035 0.0193191 0.0193191
0.51988 0.48012 0.0196942 0.0196942
0.51991 0.48009 0.0201026 0.0201026
0.51993 0.48007 0.0203895 0.0203895
0.52023 0.47977 0.0205767 0.0205767
0.52004 0.47996 0.0207767 0.0207767
0.52029 0.47971 0.0209777 0.0209777
0.52032 0.47968 0.0212485 0.0212485
0.52053 0.47947 0.0214015 0.0214015
0.52069 0.47931 0.021608 0.021608
0.52086 0.47914 0.0217088 0.0217088
0.52075 0.47925 0.0219124 0.0219124
0.52079 0.47921 0.0220806 0.0220806
0.52087 0.47913 0.0222691 0.0222691
0.52122 0.47878 0.0224652 0.0224652
0.52162 0.47838 0.0226028 0.0226028
0.52157 0.47843 0.0227719 0.0227719
0.52166 0.47834 0.0228775 0.0228775
0.52154 0.47846 0.0229589 0.0229589
0.52147 0.47853 0.0229653 0.0229653
0.52131 0.47869 0.0230892 0.0230892
0.52173 0.47827 0.0231551 0.0231551
0.52177 0.47823 0.0231807 0.0231807
0.5218 0.4782 0.0232655 0.0232655
0.52195 0.47805 0.0233632 0.0233632
0.52179 0.47821 0.0233963 0.0233963
0.52172 0.47828 0.0234615 0.0234615
0.52201 0.47799 0.0235393 0.0235393
0.52222 0.47778 0.0235611 0.0235611
0.52221 0.47779 0.0235728 0.0235728
0.52219 0.47781 0.0236435 0.0236435
0.52218 0.47782 0.0236265 0.0236265
0.52192 0.47808 0.0236314 0.0236314
0.5217 0.4783 0.0236369 0.0236369
0.52182 0.47818 0.0236836 0.0236836
0.52168 0.47832 0.0237094 0.0237094
0.52176 0.47824 0.0237266 0.0237266
0.52182 0.47818 0.0237461 0.0237461
0.52179 0.47821 0.0237606 0.0237606
0.52188 0.47812 0.0238067 0.0238067
0.52182 0.47818 0.0238229 0.0238229
0.52181 0.47819 0.0238388 0.0238388
0.52172 0.47828 0.0238622 0.0238622
0.52184 0.47816 0.023895 0.023895
0.52177 0.47823 0.0239307 0.0239307
0.52179 0.47821 0.0239416 0.0239416
0.52176 0.47824 0.0239645 0.0239645
0.52184 0.47816 0.0239551 0.0239551
0.52174 0.47826 0.0239918 0.0239918
0.52176 0.47824 0.0239862 0.0239862
0.52179 0.47821 0.0240585 0.0240585
0.52163 0.47837 0.0240813 0.0240813
0.52151 0.47849 0.0241044 0.0241044
0.52163 0.47837 0.0241274 0.0241274
0.52149 0.47851 0.0241794 0.0241794
0.52151 0.47849 0.0241921 0.0241921
0.52157 0.47843 0.0242148 0.0242148
0.52135 0.47865 0.0242276 0.0242276
0.5213 0.4787 0.02427 0.02427
0.52137 0.47863 0.0242927 0.0242927
0.52148 0.47852 0.0242958 0.0242958
0.52141 0.47859 0.0243279 0.0243279
0.52137 0.47863 0.0243595 0.0243595
0.52143 0.47857 0.0243453 0.0243453
0.52149 0.47851 0.0243718 0.0243718
0.52137 0.47863 0.0243987 0.0243987
0.52137 0.47863 0.0243426 0.0243426
0.5214 0.4786 0.0243093 0.0243093
0.52148 0.47852 0.0243154 0.0243154
0.52131 0.47869 0.0242932 0.0242932
0.52125 0.47875 0.0243617 0.0243617
0.52121 0.47879 0.0243794 0.0243794
0.52131 0.47869 0.0244065 0.0244065
0.52139 0.47861 0.0243708 0.0243708
0.52143 0.47857 0.0243653 0.0243653
0.52139 0.47861 0.0243454 0.0243454
0.52141 0.47859 0.0243805 0.0243805
0.52148 0.47852 0.0244405 0.0244405
0.52146 0.47854 0.0244387 0.0244387
0.52158 0.47842 0.0245116 0.0245116
0.52149 0.47851 0.0245171 0.0245171
0.52166 0.47834 0.0245428 0.0245428
0.52165 0.47835 0.0244906 0.0244906
0.52175 0.47825 0.0244925 0.0244925
0.52172 0.47828 0.0245143 0.0245143
0.52157 0.47843 0.0245776 0.0245776
0.52161 0.47839 0.0246021 0.0246021
0.52154 0.47846 0.0245444 0.0245444
0.52163 0.47837 0.0245844 0.0245844
0.52175 0.47825 0.0245529 0.0245529
0.52172 0.47828 0.0245821 0.0245821
0.52163 0.47837 0.0245844 0.0245844
0.52173 0.47827 0.0245716 0.0245716
0.52168 0.47832 0.0245858 0.0245858
0.52167 0.47833 0.0245869 0.0245869
0.52156 0.47844 0.0245946 0.0245946
0.52166 0.47834 0.0246386 0.0246386
0.52163 0.47837 0.0246571 0.0246571
0.52167 0.47833 0.0246659 0.0246659
0.52167 0.47833 0.0246564 0.0246564
0.52184 0.47816 0.0246393 0.0246393
0.52173 0.47827 0.0246064 0.0246064
0.52166 0.47834 0.0246348 0.0246348
0.52172 0.47828 0.024611 0.024611
0.5219 0.4781 0.0246286 0.0246286
0.52194 0.47806 0.024661 0.024661
0.52218 0.47782 0.0246775 0.0246775
0.52208 0.47792 0.0246703 0.0246703
0.52209 0.47791 0.0247324 0.0247324
0.52223 0.47777 0.0247364 0.0247364
0.52219 0.47781 0.0247286 0.0247286
0.52212 0.47788 0.0247595 0.0247595
0.52218 0.47782 0.0247513 0.0247513
0.52222 0.47778 0.0247472 0.0247472
0.52216 0.47784 0.0247711 0.0247711
0.52216 0.47784 0.0247608 0.0247608
0.52223 0.47777 0.0247836 0.0247836
0.52231 0.47769 0.0247775 0.0247775
0.52225 0.47775 0.0247506 0.0247506
0.52237 0.47763 0.0247378 0.0247378
0.52245 0.47755 0.0247493 0.0247493
0.52254 0.47746 0.0247691 0.0247691
0.52261 0.47739 0.0247774 0.0247774
0.52254 0.47746 0.0247328 0.0247328
0.52242 0.47758 0.0247719 0.0247719
0.5226 0.4774 0.0247435 0.0247435
0.5228 0.4772 0.0247679 0.0247679
0.52265 0.47735 0.0247738 0.0247738
0.52266 0.47734 0.0247757 0.0247757
0.52264 0.47736 0.0247659 0.0247659
0.52264 0.47736 0.0247704 0.0247704
0.52251 0.47749 0.0247688 0.0247688
0.52253 0.47747 0.024793 0.024793
0.52234 0.47766 0.0248053 0.0248053
0.52246 0.47754 0.0248447 0.0248447
0.52239 0.47761 0.0247868 0.0247868
0.52259 0.47741 0.0248016 0.0248016
0.52271 0.47729 0.0248444 0.0248444
0.52271 0.47729 0.0248474 0.0248474
0.52261 0.47739 0.0248675 0.0248675
0.52261 0.47739 0.024892 0.024892
0.52251 0.47749 0.0248918 0.0248918
0.52257 0.47743 0.0248884 0.0248884
0.5225 0.4775 0.0249239 0.0249239
0.52241 0.47759 0.0249798 0.0249798
0.52237 0.47763 0.0249712 0.0249712
0.52242 0.47758 0.0250237 0.0250237
0.52239 0.47761 0.0250118 0.0250118
0.52246 0.47754 0.0250138 0.0250138
0.52255 0.47745 0.0250203 0.0250203
0.52241 0.47759 0.0249733 0.0249733
0.52243 0.47757 0.0250085 0.0250085
0.52244 0.47756 0.0250643 0.0250643
0.52246 0.47754 0.0250497 0.0250497
0.52236 0.47764 0.0250994 0.0250994
0.52219 0.47781 0.0251096 0.0251096
0.52205 0.47795 0.0250921 0.0250921
0.52215 0.47785 0.0250954 0.0250954
0.52226 0.47774 0.0251314 0.0251314
0.52219 0.47781 0.0251498 0.0251498
0.52203 0.47797 0.0251699 0.0251699
0.52201 0.47799 0.0252265 0.0252265
0.52212 0.47788 0.0252633 0.0252633
0.52203 0.47797 0.0252649 0.0252649
0.52217 0.47783 0.0252908 0.0252908
0.52219 0.47781 0.0252731 0.0252731
0.5222 0.4778 0.0253129 0.0253129
0.52225 0.47775 0.0253274 0.0253274
0.52212 0.47788 0.025317 0.025317
0.52212 0.47788 0.0253093 0.0253093
0.52215 0.47785 0.0253334 0.0253334
0.52219 0.47781 0.0253012 0.0253012
0.52223 0.47777 0.0252985 0.0252985
0.52239 0.47761 0.0253106 0.0253106
0.52247 0.47753 0.0252839 0.0252839
0.52235 0.47765 0.0252584 0.0252584
0.52246 0.47754 0.025326 0.025326
0.52246 0.47754 0.0253374 0.0253374
0.52245 0.47755 0.0253866 0.0253866
0.52247 0.47753 0.0253643 0.0253643
0.52222 0.47778 0.0253448 0.0253448
0.52207 0.47793 0.0254158 0.0254158
0.52209 0.47791 0.0254094 0.0254094
0.52212 0.47788 0.025413 0.025413
0.52205 0.47795 0.025459 0.025459
0.52202 0.47798 0.0254585 0.0254585
0.52199 0.47801 0.025452 0.025452
0.52212 0.47788 0.0254172 0.0254172
0.52203 0.47797 0.0254142 0.0254142
0.52204 0.47796 0.0254584 0.0254584
0.52207 0.47793 0.0254953 0.0254953
0.52214 0.47786 0.0254747 0.0254747
0.52208 0.47792 0.0255104 0.0255104
0.52215 0.47785 0.0254793 0.0254793
0.52217 0.47783 0.0254995 0.0254995
0.52224 0.47776 0.0255086 0.0255086
0.52244 0.47756 0.025536 0.025536
0.52246 0.47754 0.0255255 0.0255255
0.52253 0.47747 0.0255128 0.0255128
0.52252 0.47748 0.025519 0.025519
0.52246 0.47754 0.0255094 0.0255094
0.52252 0.47748 0.0255201 0.0255201
0.52264 0.47736 0.0255345 0.0255345
0.52258 0.47742 0.0255408 0.0255408
0.52258 0.47742 0.0255559 0.0255559
0.52258 0.47742 0.0256106 0.0256106
0.52269 0.47731 0.0256519 0.0256519
0.52272 0.47728 0.0256003 0.0256003
0.52271 0.47729 0.0256083 0.0256083
0.52272 0.47728 0.0256113 0.0256113
0.52265 0.47735 0.0256287 0.0256287
0.52263 0.47737 0.0256605 0.0256605
0.52265 0.47735 0.0257015 0.0257015
0.52258 0.47742 0.0257307 0.0257307
0.52257 0.47743 0.0257118 0.0257118
0.52249 0.47751 0.0256986 0.0256986
0.52247 0.47753 0.0257226 0.0257226
0.52245 0.47755 0.0257392 0.0257392
0.52241 0.47759 0.0257357 0.0257357
0.52243 0.47757 0.0257714 0.0257714
0.52236 0.47764 0.0258232 0.0258232
0.52229 0.47771 0.0258466 0.0258466
0.52223 0.47777 0.0258169 0.0258169
0.52209 0.47791 0.0258623 0.0258623
0.52205 0.47795 0.0258839 0.0258839
0.52198 0.47802 0.0258643 0.0258643
0.52211 0.47789 0.0258635 0.0258635
0.52214 0.47786 0.0258255 0.0258255
0.52203 0.47797 0.0258413 0.0258413
0.52199 0.47801 0.0258695 0.0258695
0.52198 0.47802 0.025852 0.025852
0.52207 0.47793 0.0258296 0.0258296
0.52195 0.47805 0.0258357 0.0258357
0.52186 0.47814 0.0258515 0.0258515
0.52191 0.47809 0.0258844 0.0258844
0.52194 0.47806 0.0258898 0.0258898
0.52211 0.47789 0.0258904 0.0258904
0.52227 0.47773 0.025862 0.025862
0.5223 0.4777 0.0258897 0.0258897
0.52242 0.47758 0.0258813 0.0258813
0.52244 0.47756 0.0259246 0.0259246
0.52236 0.47764 0.0258789 0.0258789
0.52224 0.47776 0.0259374 0.0259374
0.52208 0.47792 0.0259688 0.0259688
0.52208 0.47792 0.0260324 0.0260324
0.52199 0.47801 0.0260272 0.0260272
0.52199 0.47801 0.0259726 0.0259726
0.52197 0.47803 0.0259956 0.0259956
0.52183 0.47817 0.0260097 0.0260097
0.52174 0.47826 0.0259835 0.0259835
0.52182 0.47818 0.0259887 0.0259887
0.52202 0.47798 0.0260043 0.0260043
0.52193 0.47807 0.0260486 0.0260486
0.52198 0.47802 0.0260633 0.0260633
0.52216 0.47784 0.0260824 0.0260824
0.52224 0.47776 0.0261538 0.0261538
0.52222 0.47778 0.0261406 0.0261406
0.52208 0.47792 0.0261558 0.0261558
0.52218 0.47782 0.0261468 0.0261468
0.52215 0.47785 0.0261739 0.0261739
0.52217 0.47783 0.0261849 0.0261849
0.52211 0.47789 0.0261715 0.0261715
0.52207 0.47793 0.0262425 0.0262425
0.52211 0.47789 0.0261945 0.0261945
0.52207 0.47793 0.0262188 0.0262188
0.52216 0.47784 0.0262059 0.0262059
0.52203 0.47797 0.0262315 0.0262315
0.52206 0.47794 0.02622 0.02622
0.52194 0.47806 0.026197 0.026197
0.52214 0.47786 0.0262148 0.0262148
0.52214 0.47786 0.0262397 0.0262397
0.52198 0.47802 0.0262859 0.0262859
0.52196 0.47804 0.02627 0.02627
0.52178 0.47822 0.026318 0.026318
0.52168 0.47832 0.0263593 0.0263593
0.52152 0.47848 0.0263708 0.0263708
0.52149 0.47851 0.0264009 0.0264009
0.52161 0.47839 0.0263899 0.0263899
0.52155 0.47845 0.0264564 0.0264564
0.52156 0.47844 0.0264656 0.0264656
0.52153 0.47847 0.0264951 0.0264951
0.52154 0.47846 0.0265054 0.0265054
0.5217 0.4783 0.0265198 0.0265198
0.52174 0.47826 0.0265203 0.0265203
0.52164 0.47836 0.0265347 0.0265347
0.52173 0.47827 0.0265176 0.0265176
0.52183 0.47817 0.0265398 0.0265398
0.52184 0.47816 0.0265866 0.0265866
0.52186 0.47814 0.0265928 0.0265928
0.52178 0.47822 0.0266028 0.0266028
0.52171 0.47829 0.0265996 0.0265996
0.52178 0.47822 0.0266303 0.0266303
0.52178 0.47822 0.0265869 0.0265869
0.52177 0.47823 0.026623 0.026623
0.52175 0.47825 0.0266105 0.0266105
0.52177 0.47823 0.0266462 0.0266462
0.52178 0.47822 0.0266081 0.0266081
0.52171 0.47829 0.0266342 0.0266342
0.52165 0.47835 0.0266635 0.0266635
0.52154 0.47846 0.0266247 0.0266247
0.52179 0.47821 0.0266581 0.0266581
0.52189 0.47811 0.0267119 0.0267119
0.52194 0.47806 0.0267627 0.0267627
0.52195 0.47805 0.0267952 0.0267952
0.52204 0.47796 0.0268067 0.0268067
0.52199 0.47801 0.0268341 0.0268341
0.52208 0.47792 0.0268198 0.0268198
0.52206 0.47794 0.0268407 0.0268407
0.5222 0.4778 0.0268567 0.0268567
0.52214 0.47786 0.0268626 0.0268626
0.52209 0.47791 0.0268766 0.0268766
0.52209 0.47791 0.0269264 0.0269264
0.52212 0.47788 0.0269819 0.0269819
0.52219 0.47781 0.0269684 0.0269684
0.52214 0.47786 0.0269689 0.0269689
0.52205 0.47795 0.0269575 0.0269575
0.52209 0.47791 0.0269826 0.0269826
0.52192 0.47808 0.026909 0.026909
0.52183 0.47817 0.0269225 0.0269225
0.52196 0.47804 0.0269655 0.0269655
0.52187 0.47813 0.0269708 0.0269708
0.52188 0.47812 0.0269749 0.0269749
0.5219 0.4781 0.0269605 0.0269605
0.52186 0.47814 0.0270067 0.0270067
0.52192 0.47808 0.0270039 0.0270039
0.52188 0.47812 0.0269709 0.0269709
0.52195 0.47805 0.0269531 0.0269531
0.52191 0.47809 0.026974 0.026974
0.52207 0.47793 0.0269713 0.0269713
0.52199 0.47801 0.0269547 0.0269547
0.52198 0.47802 0.0269547 0.0269547
0.522 0.478 0.0269616 0.0269616
0.52194 0.47806 0.0269752 0.0269752
0.52195 0.47805 0.0269916 0.0269916
0.52195 0.47805 0.027053 0.027053
0.5221 0.4779 0.0271238 0.0271238
0.52215 0.47785 0.0271627 0.0271627
0.52219 0.47781 0.0271426 0.0271426
0.52212 0.47788 0.0271954 0.0271954
0.52204 0.47796 0.0272301 0.0272301
0.52199 0.47801 0.0271996 0.0271996
0.52198 0.47802 0.0271978 0.0271978
0.52206 0.47794 0.0272287 0.0272287
0.52194 0.47806 0.0272429 0.0272429
0.52194 0.47806 0.0272619 0.0272619
0.52202 0.47798 0.0272725 0.0272725
0.522 0.478 0.0273208 0.0273208
0.52211 0.47789 0.0273604 0.0273604
0.52217 0.47783 0.0273802 0.0273802
0.5223 0.4777 0.0273658 0.0273658
0.52223 0.47777 0.0273654 0.0273654
0.52227 0.47773 0.0273876 0.0273876
0.52242 0.47758 0.0273942 0.0273942
0.52253 0.47747 0.0273764 0.0273764
0.52251 0.47749 0.0273944 0.0273944
0.52257 0.47743 0.0273581 0.0273581
0.52254 0.47746 0.0273194 0.0273194
0.52264 0.47736 0.0273023 0.0273023
0.52263 0.47737 0.0273215 0.0273215
0.52273 0.47727 0.0273007 0.0273007
0.52254 0.47746 0.0273119 0.0273119
0.52251 0.47749 0.0273795 0.0273795
0.52235 0.47765 0.0273446 0.0273446
0.52229 0.47771 0.0273953 0.0273953
0.52219 0.47781 0.0273843 0.0273843
0.52227 0.47773 0.0274362 0.0274362
0.52236 0.47764 0.0274272 0.0274272
0.52231 0.47769 0.0274473 0.0274473
0.52236 0.47764 0.0274131 0.0274131
0.52247 0.47753 0.0274141 0.0274141
0.52247 0.47753 0.0274243 0.0274243
0.52254 0.47746 0.0274324 0.0274324
0.52263 0.47737 0.0274522 0.0274522
0.52257 0.47743 0.0274906 0.0274906
0.52259 0.47741 0.0275504 0.0275504
0.52248 0.47752 0.027537 0.027537
0.52244 0.47756 0.027559 0.027559
0.52236 0.47764 0.0275774 0.0275774
0.52242 0.47758 0.0275903 0.0275903
0.52255 0.47745 0.0275875 0.0275875
0.52264 0.47736 0.0275972 0.0275972
0.52263 0.47737 0.027578 0.027578
0.52251 0.47749 0.027589 0.027589
0.52245 0.47755 0.0275732 0.0275732
0.52238 0.47762 0.0275438 0.0275438
0.52235 0.47765 0.0275739 0.0275739
0.52246 0.47754 0.0276281 0.0276281
0.52237 0.47763 0.0276187 0.0276187
0.52237 0.47763 0.0275989 0.0275989
0.52224 0.47776 0.0275834 0.0275834
0.52231 0.47769 0.0276068 0.0276068
0.52214 0.47786 0.0276009 0.0276009
0.52226 0.47774 0.0276196 0.0276196
0.52225 0.47775 0.0276349 0.0276349
0.5223 0.4777 0.0276046 0.0276046
0.52212 0.47788 0.0275956 0.0275956
0.52202 0.47798 0.0276158 0.0276158
0.52207 0.47793 0.0276294 0.0276294
0.52194 0.47806 0.0276726 0.0276726
0.52184 0.47816 0.0276805 0.0276805
0.5218 0.4782 0.0277032 0.0277032
0.52196 0.47804 0.0277513 0.0277513
0.52191 0.47809 0.0277714 0.0277714
0.52193 0.47807 0.0278239 0.0278239
0.52189 0.47811 0.0278327 0.0278327
0.52181 0.47819 0.0278189 0.0278189
0.52192 0.47808 0.0278394 0.0278394
0.52198 0.47802 0.0278427 0.0278427
0.52209 0.47791 0.027859 0.027859
0.52208 0.47792 0.0278702 0.0278702
0.52204 0.47796 0.027858 0.027858
0.52222 0.47778 0.0278583 0.0278583
0.52237 0.47763 0.0278177 0.0278177
0.52241 0.47759 0.0278037 0.0278037
0.52244 0.47756 0.0278005 0.0278005
0.52251 0.47749 0.02775 0.02775
0.52254 0.47746 0.0277157 0.0277157
0.5225 0.4775 0.0277351 0.0277351
0.52266 0.47734 0.0277788 0.0277788
0.52272 0.47728 0.0278082 0.0278082
0.52278 0.47722 0.0278596 0.0278596
0.52267 0.47733 0.0278855 0.0278855
0.52269 0.47731 0.0279321 0.0279321
0.52284 0.47716 0.0279652 0.0279652
0.5227 0.4773 0.0279923 0.0279923
0.52262 0.47738 0.0279868 0.0279868
0.52268 0.47732 0.0280388 0.0280388
0.52281 0.47719 0.0280446 0.0280446
0.52269 0.47731 0.0280842 0.0280842
0.52258 0.47742 0.0280605 0.0280605
0.52265 0.47735 0.0280797 0.0280797
0.52253 0.47747 0.0280769 0.0280769
0.52247 0.47753 0.0280915 0.0280915
0.52258 0.47742 0.0281731 0.0281731
0.52261 0.47739 0.0281669 0.0281669
0.52257 0.47743 0.0282066 0.0282066
0.52269 0.47731 0.0282402 0.0282402
0.52266 0.47734 0.0282643 0.0282643
0.52282 0.47718 0.0282685 0.0282685
0.52293 0.47707 0.0282461 0.0282461
0.52293 0.47707 0.0282618 0.0282618
0.52313 0.47687 0.0282986 0.0282986
0.52311 0.47689 0.028356 0.028356
0.52314 0.47686 0.0283318 0.0283318
0.52319 0.47681 0.0283417 0.0283417
0.52315 0.47685 0.0283148 0.0283148
0.52321 0.47679 0.0283108 0.0283108
0.52323 0.47677 0.0283447 0.0283447
0.52334 0.47666 0.0283805 0.0283805
0.52336 0.47664 0.0284066 0.0284066
0.52333 0.47667 0.0284011 0.0284011
0.52327 0.47673 0.0283873 0.0283873
0.52326 0.47674 0.0284041 0.0284041
0.52323 0.47677 0.0283995 0.0283995
0.52331 0.47669 0.0283794 0.0283794
0.52338 0.47662 0.0283763 0.0283763
0.5233 0.4767 0.0283643 0.0283643
0.52338 0.47662 0.0284084 0.0284084
0.52337 0.47663 0.0284493 0.0284493
0.52329 0.47671 0.028477 0.028477
0.52329 0.47671 0.0285374 0.0285374
0.52342 0.47658 0.0285601 0.0285601
0.52347 0.47653 0.0285189 0.0285189
0.52339 0.47661 0.0285179 0.0285179
0.52344 0.47656 0.0286025 0.0286025
0.52337 0.47663 0.0286047 0.0286047
0.52332 0.47668 0.0286415 0.0286415
0.5233 0.4767 0.0286155 0.0286155
0.52319 0.47681 0.028623 0.028623
0.52328 0.47672 0.028631 0.028631
0.52328 0.47672 0.0286357 0.0286357
0.52323 0.47677 0.0286626 0.0286626
0.5232 0.4768 0.0286777 0.0286777
0.52324 0.47676 0.0286742 0.0286742
0.52319 0.47681 0.028716 0.028716
0.5231 0.4769 0.0287141 0.0287141
0.52303 0.47697 0.0287313 0.0287313
0.52293 0.47707 0.0287395 0.0287395
