0.49968 0.50032 5.50077e-05 5.50077e-05
0.49968 0.50032 0.000127513 0.000127513
0.49907 0.50093 0.000173884 0.000173884
0.49964 0.50036 0.000198637 0.000198637
0.5 0.5 0.000278808 0.000278808
0.49924 0.50076 0.000350023 0.000350023
0.49885 0.50115 0.00040029 0.00040029
0.49852 0.50148 0.000483323 0.000483323
0.49881 0.50119 0.000553145 0.000553145
0.49919 0.50081 0.000584438 0.000584438
0.49825 0.50175 0.000615199 0.000615199
0.49876 0.50124 0.00066879 0.00066879
0.49917 0.50083 0.000712769 0.000712769
0.49907 0.50093 0.000767763 0.000767763
0.49937 0.50063 0.000802478 0.000802478
0.49926 0.50074 0.000829386 0.000829386
0.49953 0.50047 0.000891989 0.000891989
0.49984 0.50016 0.000934378 0.000934378
0.5007 0.4993 0.000932051 0.000932051
0.50065 0.49935 0.000920068 0.000920068
0.50083 0.49917 0.000961516 0.000961516
0.50137 0.49863 0.000997225 0.000997225
0.50188 0.49812 0.00107251 0.00107251
0.50197 0.49803 0.00110803 0.00110803
0.50196 0.49804 0.00111555 0.00111555
0.50191 0.49809 0.00111273 0.00111273
0.50166 0.49834 0.00113744 0.00113744
0.50158 0.49842 0.00113782 0.00113782
0.50139 0.49861 0.00117056 0.00117056
0.50162 0.49838 0.00118935 0.00118935
0.50139 0.49861 0.00120499 0.00120499
0.50154 0.49846 0.00121265 0.00121265
0.50161 0.49839 0.00121236 0.00121236
0.50157 0.49843 0.00123849 0.00123849
0.5013 0.4987 0.0012471 0.0012471
0.50123 0.49877 0.00126351 0.00126351
0.50139 0.49861 0.00127232 0.00127232
0.50128 0.49872 0.00126909 0.00126909
0.50125 0.49875 0.00127813 0.00127813
0.50108 0.49892 0.00128082 0.00128082
0.50116 0.49884 0.00127371 0.00127371
0.50117 0.49883 0.00129 0.00129
0.50127 0.49873 0.00127992 0.00127992
0.50113 0.49887 0.00127953 0.00127953
0.5008 0.4992 0.00129715 0.00129715
0.50086 0.49914 0.00130212 0.00130212
0.50053 0.49947 0.00130019 0.00130019
0.50075 0.49925 0.00131162 0.00131162
0.50087 0.49913 0.00131523 0.00131523
0.50096 0.49904 0.00131145 0.00131145
0.50105 0.49895 0.00133193 0.00133193
0.50106 0.49894 0.00133489 0.00133489
0.50093 0.49907 0.00133295 0.00133295
0.50092 0.49908 0.00133169 0.00133169
0.5011 0.4989 0.00131454 0.00131454
0.50106 0.49894 0.00131472 0.00131472
0.50127 0.49873 0.00130834 0.00130834
0.50134 0.49866 0.00132772 0.00132772
0.50125 0.49875 0.00134326 0.00134326
0.50107 0.49893 0.00134493 0.00134493
0.50117 0.49883 0.00133683 0.00133683
0.50088 0.49912 0.00131397 0.00131397
0.50109 0.49891 0.0013023 0.0013023
0.50124 0.49876 0.00129974 0.00129974
0.50124 0.49876 0.00130816 0.00130816
0.50135 0.49865 0.00130873 0.00130873
0.50124 0.49876 0.00132196 0.00132196
0.50121 0.49879 0.00131253 0.00131253
0.5012 0.4988 0.00130762 0.00130762
0.50122 0.49878 0.00130791 0.00130791
0.50118 0.49882 0.00131061 0.00131061
0.50117 0.49883 0.00132038 0.00132038
0.50112 0.49888 0.00132162 0.00132162
0.50115 0.49885 0.00132678 0.00132678
0.50109 0.49891 0.00133511 0.00133511
0.50084 0.49916 0.00133309 0.00133309
0.5007 0.4993 0.00133445 0.00133445
0.50087 0.49913 0.00134337 0.00134337
0.50074 0.49926 0.00134737 0.00134737
0.50074 0.49926 0.00135462 0.00135462
0.50074 0.49926 0.00135613 0.00135613
0.50074 0.49926 0.00135129 0.00135129
0.5009 0.4991 0.00134106 0.00134106
0.50079 0.49921 0.00134182 0.00134182
0.50089 0.49911 0.00133982 0.00133982
0.501 0.499 0.0013278 0.0013278
0.50111 0.49889 0.00133658 0.00133658
0.50101 0.49899 0.00133981 0.00133981
0.50078 0.49922 0.00134395 0.00134395
0.50089 0.49911 0.00135101 0.00135101
0.50099 0.49901 0.00134977 0.00134977
0.50098 0.49902 0.00134646 0.00134646
0.50116 0.49884 0.00135395 0.00135395
0.50113 0.49887 0.00135902 0.00135902
0.50109 0.49891 0.00135356 0.00135356
0.50098 0.49902 0.00135778 0.00135778
0.5011 0.4989 0.00136088 0.00136088
0.50099 0.49901 0.00136326 0.00136326
0.50099 0.49901 0.0013535 0.0013535
0.50102 0.49898 0.00135655 0.00135655
0.50104 0.49896 0.00135713 0.00135713
0.50109 0.49891 0.00134491 0.00134491
0.50101 0.49899 0.00134664 0.00134664
0.50105 0.49895 0.00135587 0.00135587
0.50103 0.49897 0.00135857 0.00135857
0.50101 0.49899 0.00136377 0.00136377
0.50099 0.49901 0.00136155 0.00136155
0.50107 0.49893 0.00135766 0.00135766
0.50115 0.49885 0.00135734 0.00135734
0.50108 0.49892 0.00135565 0.00135565
0.50112 0.49888 0.00135178 0.00135178
0.50108 0.49892 0.00135009 0.00135009
0.50111 0.49889 0.00135127 0.00135127
0.5011 0.4989 0.00134761 0.00134761
0.50107 0.49893 0.00134807 0.00134807
0.50099 0.49901 0.00134896 0.00134896
0.50103 0.49897 0.00134958 0.00134958
0.50108 0.49892 0.0013467 0.0013467
0.50114 0.49886 0.00134455 0.00134455
0.50117 0.49883 0.00134562 0.00134562
0.50109 0.49891 0.00134915 0.00134915
0.50108 0.49892 0.00135254 0.00135254
0.50109 0.49891 0.00134998 0.00134998
0.50108 0.49892 0.00135165 0.00135165
0.50108 0.49892 0.00134852 0.00134852
0.50106 0.49894 0.00134941 0.00134941
0.50104 0.49896 0.00134788 0.00134788
0.5011 0.4989 0.00134781 0.00134781
0.5011 0.4989 0.00134716 0.00134716
0.50114 0.49886 0.00134392 0.00134392
0.50118 0.49882 0.00134726 0.00134726
0.5012 0.4988 0.0013478 0.0013478
0.5012 0.4988 0.00134463 0.00134463
0.50115 0.49885 0.0013449 0.0013449
0.50108 0.49892 0.00134583 0.00134583
0.50113 0.49887 0.00134226 0.00134226
0.50121 0.49879 0.00134338 0.00134338
0.50118 0.49882 0.00134411 0.00134411
0.50118 0.49882 0.00134348 0.00134348
0.50116 0.49884 0.0013425 0.0013425
0.50117 0.49883 0.00134087 0.00134087
0.50111 0.49889 0.00134329 0.00134329
0.50111 0.49889 0.00134717 0.00134717
0.50109 0.49891 0.00134843 0.00134843
0.50114 0.49886 0.00134867 0.00134867
0.50112 0.49888 0.00135017 0.00135017
0.50111 0.49889 0.00135529 0.00135529
0.50113 0.49887 0.00135415 0.00135415
0.50114 0.49886 0.00135285 0.00135285
0.50109 0.49891 0.00135267 0.00135267
0.50115 0.49885 0.00135304 0.00135304
0.50117 0.49883 0.00135251 0.00135251
0.50124 0.49876 0.00135121 0.00135121
0.50125 0.49875 0.00135181 0.00135181
0.50119 0.49881 0.00135383 0.00135383
0.50117 0.49883 0.0013521 0.0013521
0.50121 0.49879 0.00135112 0.00135112
0.50123 0.49877 0.0013506 0.0013506
0.50117 0.49883 0.00135348 0.00135348
0.50121 0.49879 0.00134793 0.00134793
0.50118 0.49882 0.00134811 0.00134811
0.50117 0.49883 0.00134618 0.00134618
0.50121 0.49879 0.00134443 0.00134443
0.50122 0.49878 0.00134335 0.00134335
0.50117 0.49883 0.00134683 0.00134683
0.50115 0.49885 0.00134597 0.00134597
0.50115 0.49885 0.00134391 0.00134391
0.50115 0.49885 0.00134564 0.00134564
0.50118 0.49882 0.00134395 0.00134395
0.5012 0.4988 0.00134404 0.00134404
0.50117 0.49883 0.0013457 0.0013457
0.50116 0.49884 0.00134856 0.00134856
0.50117 0.49883 0.00134814 0.00134814
0.50114 0.49886 0.00134725 0.00134725
0.50115 0.49885 0.00134726 0.00134726
0.50117 0.49883 0.00135075 0.00135075
0.50115 0.49885 0.00135156 0.00135156
0.50113 0.49887 0.00135076 0.00135076
0.50115 0.49885 0.00135138 0.00135138
0.50113 0.49887 0.00135353 0.00135353
0.50113 0.49887 0.00135298 0.00135298
0.50114 0.49886 0.00135253 0.00135253
0.50114 0.49886 0.00135253 0.00135253
0.50116 0.49884 0.0013505 0.0013505
0.50114 0.49886 0.00135111 0.00135111
0.50113 0.49887 0.00135098 0.00135098
0.50114 0.49886 0.00135137 0.00135137
0.50115 0.49885 0.00135205 0.00135205
0.50116 0.49884 0.00135218 0.00135218
0.50115 0.49885 0.00135219 0.00135219
0.50114 0.49886 0.00135095 0.00135095
0.50112 0.49888 0.00135055 0.00135055
0.5011 0.4989 0.00134888 0.00134888
0.50111 0.49889 0.00135018 0.00135018
0.50111 0.49889 0.00135064 0.00135064
0.50111 0.49889 0.00135064 0.00135064
0.5011 0.4989 0.00135104 0.00135104
0.50109 0.49891 0.00134974 0.00134974
0.5011 0.4989 0.00134892 0.00134892
0.50108 0.49892 0.00135001 0.00135001
0.50107 0.49893 0.00134924 0.00134924
0.50108 0.49892 0.00134906 0.00134906
0.50108 0.49892 0.00135127 0.00135127
0.50106 0.49894 0.00134996 0.00134996
0.50106 0.49894 0.00134996 0.00134996
0.50106 0.49894 0.00135048 0.00135048
0.50105 0.49895 0.00134918 0.00134918
0.50103 0.49897 0.00134918 0.00134918
0.50104 0.49896 0.00134776 0.00134776
0.50104 0.49896 0.00134776 0.00134776
0.50106 0.49894 0.00134935 0.00134935
0.50103 0.49897 0.00134801 0.00134801
0.50104 0.49896 0.00134772 0.00134772
0.50104 0.49896 0.00134903 0.00134903
0.50104 0.49896 0.00134903 0.00134903
0.50103 0.49897 0.00134961 0.00134961
0.50101 0.49899 0.0013495 0.0013495
0.50104 0.49896 0.00134947 0.00134947
0.50105 0.49895 0.00134977 0.00134977
0.50105 0.49895 0.00135003 0.00135003
0.50105 0.49895 0.00135003 0.00135003
0.50106 0.49894 0.00134975 0.00134975
0.50106 0.49894 0.00134911 0.00134911
0.50107 0.49893 0.0013491 0.0013491
0.50107 0.49893 0.0013491 0.0013491
0.50107 0.49893 0.00135079 0.00135079
0.50107 0.49893 0.00135188 0.00135188
0.50108 0.49892 0.00135197 0.00135197
0.50108 0.49892 0.00135197 0.00135197
0.50109 0.49891 0.00135055 0.00135055
0.50108 0.49892 0.00135054 0.00135054
0.50109 0.49891 0.00135121 0.00135121
0.50109 0.49891 0.00135121 0.00135121
0.50107 0.49893 0.00135136 0.00135136
0.50107 0.49893 0.00135136 0.00135136
0.50108 0.49892 0.00135203 0.00135203
0.50108 0.49892 0.00135159 0.00135159
0.5011 0.4989 0.00135128 0.00135128
0.5011 0.4989 0.00135128 0.00135128
0.50109 0.49891 0.00135099 0.00135099
0.5011 0.4989 0.0013508 0.0013508
0.50109 0.49891 0.00135 0.00135
0.50109 0.49891 0.00135037 0.00135037
0.50109 0.49891 0.00135085 0.00135085
0.50109 0.49891 0.00135085 0.00135085
0.50109 0.49891 0.00135085 0.00135085
0.50109 0.49891 0.00135085 0.00135085
0.5011 0.4989 0.00135098 0.00135098
0.50109 0.49891 0.0013503 0.0013503
0.50109 0.49891 0.00135035 0.00135035
0.50109 0.49891 0.00135035 0.00135035
0.50108 0.49892 0.00134967 0.00134967
0.50107 0.49893 0.00134968 0.00134968
0.50108 0.49892 0.00134967 0.00134967
0.50108 0.49892 0.00134967 0.00134967
0.50106 0.49894 0.00134834 0.00134834
0.50105 0.49895 0.00134878 0.00134878
0.50105 0.49895 0.00134878 0.00134878
0.50105 0.49895 0.00134855 0.00134855
0.50104 0.49896 0.00134933 0.00134933
0.50104 0.49896 0.00134933 0.00134933
0.50104 0.49896 0.00134917 0.00134917
0.50105 0.49895 0.00134916 0.00134916
0.50106 0.49894 0.00134872 0.00134872
0.50105 0.49895 0.00134805 0.00134805
0.50105 0.49895 0.00134805 0.00134805
0.50106 0.49894 0.0013487 0.0013487
0.50105 0.49895 0.00134805 0.00134805
0.50106 0.49894 0.00134872 0.00134872
0.50106 0.49894 0.00134872 0.00134872
0.50106 0.49894 0.00134872 0.00134872
0.50106 0.49894 0.00134872 0.00134872
0.50106 0.49894 0.00134872 0.00134872
0.50105 0.49895 0.00135015 0.00135015
0.50105 0.49895 0.00135015 0.00135015
0.50105 0.49895 0.00135015 0.00135015
0.50105 0.49895 0.00135015 0.00135015
0.50105 0.49895 0.00135015 0.00135015
0.50104 0.49896 0.00135016 0.00135016
0.50104 0.49896 0.00135016 0.00135016
0.50104 0.49896 0.00135016 0.00135016
0.50103 0.49897 0.00135019 0.00135019
0.50103 0.49897 0.00134971 0.00134971
0.50105 0.49895 0.00134993 0.00134993
0.50106 0.49894 0.00134955 0.00134955
0.50106 0.49894 0.00134955 0.00134955
0.50106 0.49894 0.00134955 0.00134955
0.50106 0.49894 0.00134955 0.00134955
0.50106 0.49894 0.00134955 0.00134955
0.50107 0.49893 0.00134954 0.00134954
0.50106 0.49894 0.00134977 0.00134977
0.50106 0.49894 0.00134977 0.00134977
0.50106 0.49894 0.00135026 0.00135026
0.50106 0.49894 0.00135026 0.00135026
0.50106 0.49894 0.00135026 0.00135026
0.50106 0.49894 0.00135026 0.00135026
0.50106 0.49894 0.00135026 0.00135026
0.50106 0.49894 0.00135026 0.00135026
0.50106 0.49894 0.00135026 0.00135026
0.50104 0.49896 0.00135067 0.00135067
0.50104 0.49896 0.00135067 0.00135067
0.50104 0.49896 0.00135067 0.00135067
0.50104 0.49896 0.00135067 0.00135067
0.50103 0.49897 0.00135104 0.00135104
0.50103 0.49897 0.00135104 0.00135104
0.50105 0.49895 0.00135146 0.00135146
0.50105 0.49895 0.00135146 0.00135146
0.50105 0.49895 0.00135146 0.00135146
0.50106 0.49894 0.0013521 0.0013521
0.50106 0.49894 0.0013521 0.0013521
0.50105 0.49895 0.00135162 0.00135162
0.50106 0.49894 0.00135125 0.00135125
0.50106 0.49894 0.00135125 0.00135125
0.50106 0.49894 0.00135125 0.00135125
0.50106 0.49894 0.00135109 0.00135109
0.50107 0.49893 0.00135106 0.00135106
0.50107 0.49893 0.00135106 0.00135106
0.50107 0.49893 0.00135106 0.00135106
0.50106 0.49894 0.00135038 0.00135038
0.50105 0.49895 0.00135082 0.00135082
0.50105 0.49895 0.00135082 0.00135082
0.50105 0.49895 0.00135082 0.00135082
0.50105 0.49895 0.00135082 0.00135082
0.50105 0.49895 0.00135082 0.00135082
0.50104 0.49896 0.00135127 0.00135127
0.50103 0.49897 0.00135272 0.00135272
0.50103 0.49897 0.00135272 0.00135272
0.50103 0.49897 0.00135356 0.00135356
0.50103 0.49897 0.00135433 0.00135433
0.50103 0.49897 0.00135433 0.00135433
0.50101 0.49899 0.00135409 0.00135409
0.50102 0.49898 0.00135396 0.00135396
0.50102 0.49898 0.00135396 0.00135396
0.50103 0.49897 0.00135251 0.00135251
0.50103 0.49897 0.00135251 0.00135251
0.50103 0.49897 0.00135251 0.00135251
0.50103 0.49897 0.00135251 0.00135251
0.50103 0.49897 0.00135251 0.00135251
0.50103 0.49897 0.00135251 0.00135251
0.50103 0.49897 0.00135251 0.00135251
0.50103 0.49897 0.00135251 0.00135251
0.50102 0.49898 0.00135396 0.00135396
0.50103 0.49897 0.00135373 0.00135373
0.50103 0.49897 0.00135373 0.00135373
0.50103 0.49897 0.00135373 0.00135373
0.50103 0.49897 0.00135373 0.00135373
0.50103 0.49897 0.00135373 0.00135373
0.50103 0.49897 0.00135373 0.00135373
0.50103 0.49897 0.00135373 0.00135373
0.50103 0.49897 0.00135373 0.00135373
0.50103 0.49897 0.00135373 0.00135373
0.50103 0.49897 0.00135373 0.00135373
0.50103 0.49897 0.00135373 0.00135373
0.50103 0.49897 0.00135373 0.00135373
0.50103 0.49897 0.00135373 0.00135373
0.50103 0.49897 0.00135373 0.00135373
0.50103 0.49897 0.00135373 0.00135373
0.50103 0.49897 0.00135373 0.00135373
0.50103 0.49897 0.00135373 0.00135373
0.50103 0.49897 0.00135373 0.00135373
0.50103 0.49897 0.00135373 0.00135373
0.50103 0.49897 0.00135373 0.00135373
0.50103 0.49897 0.00135373 0.00135373
0.50103 0.49897 0.00135373 0.00135373
0.50103 0.49897 0.00135373 0.00135373
0.50103 0.49897 0.00135373 0.00135373
0.50103 0.49897 0.00135373 0.00135373
0.50103 0.49897 0.00135373 0.00135373
0.50103 0.49897 0.00135373 0.00135373
0.50103 0.49897 0.00135373 0.00135373
0.50103 0.49897 0.00135373 0.00135373
0.50103 0.49897 0.00135373 0.00135373
0.50103 0.49897 0.00135373 0.00135373
0.50103 0.49897 0.00135373 0.00135373
0.50102 0.49898 0.00135386 0.00135386
0.50102 0.49898 0.00135386 0.00135386
0.50102 0.49898 0.00135386 0.00135386
0.50102 0.49898 0.00135386 0.00135386
0.50102 0.49898 0.00135386 0.00135386
0.50102 0.49898 0.00135386 0.00135386
0.50102 0.49898 0.00135386 0.00135386
0.50102 0.49898 0.00135386 0.00135386
0.50102 0.49898 0.00135386 0.00135386
0.50103 0.49897 0.00135373 0.00135373
0.50103 0.49897 0.00135373 0.00135373
0.50103 0.49897 0.00135373 0.00135373
0.50102 0.49898 0.00135386 0.00135386
0.50102 0.49898 0.00135386 0.00135386
0.50102 0.49898 0.00135386 0.00135386
0.50103 0.49897 0.00135468 0.00135468
0.50103 0.49897 0.00135468 0.00135468
0.50103 0.49897 0.00135468 0.00135468
0.50103 0.49897 0.00135468 0.00135468
0.50103 0.49897 0.00135468 0.00135468
0.50104 0.49896 0.00135454 0.00135454
0.50103 0.49897 0.00135468 0.00135468
0.50103 0.49897 0.00135468 0.00135468
0.50103 0.49897 0.00135468 0.00135468
0.50103 0.49897 0.00135468 0.00135468
0.50103 0.49897 0.00135468 0.00135468
0.50103 0.49897 0.00135468 0.00135468
0.50103 0.49897 0.00135468 0.00135468
0.50103 0.49897 0.00135468 0.00135468
0.50103 0.49897 0.00135468 0.00135468
0.50103 0.49897 0.00135468 0.00135468
0.50103 0.49897 0.00135468 0.00135468
0.50103 0.49897 0.00135468 0.00135468
0.50103 0.49897 0.00135468 0.00135468
0.50103 0.49897 0.00135468 0.00135468
0.50103 0.49897 0.00135468 0.00135468
0.50103 0.49897 0.00135468 0.00135468
0.50103 0.49897 0.00135468 0.00135468
0.50103 0.49897 0.00135468 0.00135468
0.50103 0.49897 0.00135468 0.00135468
0.50103 0.49897 0.00135468 0.00135468
0.50103 0.49897 0.00135468 0.00135468
0.50103 0.49897 0.00135468 0.00135468
0.50103 0.49897 0.00135468 0.00135468
0.50103 0.49897 0.00135468 0.00135468
0.50103 0.49897 0.00135468 0.00135468
0.50103 0.49897 0.00135468 0.00135468
0.50102 0.49898 0.00135386 0.00135386
0.50102 0.49898 0.00135386 0.00135386
0.50102 0.49898 0.00135386 0.00135386
0.50102 0.49898 0.00135386 0.00135386
0.50102 0.49898 0.00135386 0.00135386
0.50102 0.49898 0.00135386 0.00135386
0.50102 0.49898 0.00135386 0.00135386
0.50102 0.49898 0.00135386 0.00135386
0.50102 0.49898 0.00135386 0.00135386
0.50102 0.49898 0.00135386 0.00135386
0.50102 0.49898 0.00135386 0.00135386
0.50102 0.49898 0.00135386 0.00135386
0.50102 0.49898 0.00135386 0.00135386
0.50102 0.49898 0.00135386 0.00135386
0.50102 0.49898 0.00135386 0.00135386
0.50102 0.49898 0.00135386 0.00135386
0.50102 0.49898 0.00135386 0.00135386
0.50102 0.49898 0.00135386 0.00135386
0.50102 0.49898 0.00135386 0.00135386
0.50102 0.49898 0.00135386 0.00135386
0.50102 0.49898 0.00135386 0.00135386
0.50102 0.49898 0.00135386 0.00135386
0.50102 0.49898 0.00135386 0.00135386
0.50102 0.49898 0.00135386 0.00135386
0.50102 0.49898 0.00135386 0.00135386
0.50102 0.49898 0.00135386 0.00135386
0.50102 0.49898 0.00135386 0.00135386
0.50102 0.49898 0.00135386 0.00135386
0.50102 0.49898 0.00135386 0.00135386
0.50102 0.49898 0.00135386 0.00135386
0.50102 0.49898 0.00135386 0.00135386
0.50102 0.49898 0.00135386 0.00135386
0.50102 0.49898 0.00135386 0.00135386
0.50102 0.49898 0.00135386 0.00135386
0.50102 0.49898 0.00135386 0.00135386
0.50102 0.49898 0.00135386 0.00135386
0.50102 0.49898 0.00135386 0.00135386
0.50102 0.49898 0.00135386 0.00135386
0.50102 0.49898 0.00135386 0.00135386
0.50102 0.49898 0.00135386 0.00135386
0.50102 0.49898 0.00135386 0.00135386
0.50102 0.49898 0.00135386 0.00135386
0.50102 0.49898 0.00135386 0.00135386
0.50102 0.49898 0.00135386 0.00135386
0.50102 0.49898 0.00135386 0.00135386
0.50102 0.49898 0.00135386 0.00135386
0.50102 0.49898 0.00135386 0.00135386
0.50102 0.49898 0.00135386 0.00135386
0.50102 0.49898 0.00135386 0.00135386
0.50102 0.49898 0.00135386 0.00135386
0.50102 0.49898 0.00135386 0.00135386
0.50101 0.49899 0.00135308 0.00135308
0.50102 0.49898 0.00135386 0.00135386
0.50102 0.49898 0.00135386 0.00135386
0.50102 0.49898 0.00135386 0.00135386
0.50102 0.49898 0.00135386 0.00135386
0.50102 0.49898 0.00135386 0.00135386
0.50102 0.49898 0.00135386 0.00135386
0.50102 0.49898 0.00135386 0.00135386
0.50103 0.49897 0.00135468 0.00135468
0.50103 0.49897 0.00135468 0.00135468
0.50103 0.49897 0.00135468 0.00135468
0.50103 0.49897 0.00135468 0.00135468
0.50103 0.49897 0.00135468 0.00135468
0.50103 0.49897 0.00135468 0.00135468
0.50103 0.49897 0.00135468 0.00135468
0.50103 0.49897 0.00135468 0.00135468
0.50102 0.49898 0.00135386 0.00135386
0.50102 0.49898 0.00135386 0.00135386
0.50102 0.49898 0.00135386 0.00135386
0.50102 0.49898 0.00135386 0.00135386
0.50102 0.49898 0.00135386 0.00135386
0.50102 0.49898 0.00135386 0.00135386
0.50102 0.49898 0.00135386 0.00135386
0.50102 0.49898 0.00135386 0.00135386
0.50102 0.49898 0.00135386 0.00135386
0.50102 0.49898 0.00135386 0.00135386
0.50102 0.49898 0.00135386 0.00135386
0.50102 0.49898 0.00135386 0.00135386
