0.499876 0.500124 0 0
0.501188 0.498812 1.3718e-05 1.3718e-05
0.501188 0.498812 7.72434e-06 7.72434e-06
0.502624 0.497376 1.62026e-05 1.62026e-05
0.503342 0.496658 1.58832e-05 1.58832e-05
0.502773 0.497227 2.43704e-05 2.43704e-05
0.503441 0.496559 1.74388e-05 1.74388e-05
0.503144 0.496856 2.24599e-05 2.24599e-05
0.503417 0.496583 4.16158e-05 4.16158e-05
0.503961 0.496039 4.84159e-05 4.84159e-05
0.502922 0.497078 6.71025e-05 6.71025e-05
0.502773 0.497227 6.64623e-05 6.64623e-05
0.502476 0.497524 6.8699e-05 6.8699e-05
0.50255 0.49745 7.3733e-05 7.3733e-05
0.502798 0.497202 7.54357e-05 7.54357e-05
0.502971 0.497029 7.85613e-05 7.85613e-05
0.502798 0.497202 8.10616e-05 8.10616e-05
0.502946 0.497054 8.07265e-05 8.07265e-05
0.502872 0.497128 8.06345e-05 8.06345e-05
0.502723 0.497277 8.05092e-05 8.05092e-05
0.502674 0.497326 7.8722e-05 7.8722e-05
0.5026 0.4974 7.85579e-05 7.85579e-05
0.502649 0.497351 7.81192e-05 7.81192e-05
0.502674 0.497326 7.91852e-05 7.91852e-05
0.502624 0.497376 7.92996e-05 7.92996e-05
0.502649 0.497351 7.96177e-05 7.96177e-05
0.502649 0.497351 7.96177e-05 7.96177e-05
0.502624 0.497376 7.92996e-05 7.92996e-05
0.502624 0.497376 7.92996e-05 7.92996e-05
0.502624 0.497376 7.92996e-05 7.92996e-05
0.502624 0.497376 7.92996e-05 7.92996e-05
0.502624 0.497376 7.92996e-05 7.92996e-05
0.502624 0.497376 7.92996e-05 7.92996e-05
0.502624 0.497376 7.92996e-05 7.92996e-05
0.502624 0.497376 7.92996e-05 7.92996e-05
0.502624 0.497376 7.92996e-05 7.92996e-05
0.502624 0.497376 7.92996e-05 7.92996e-05
0.502624 0.497376 7.92996e-05 7.92996e-05
0.502624 0.497376 7.92996e-05 7.92996e-05
0.502649 0.497351 7.92362e-05 7.92362e-05
0.502649 0.497351 7.92362e-05 7.92362e-05
0.502649 0.497351 7.92362e-05 7.92362e-05
0.502649 0.497351 7.92362e-05 7.92362e-05
0.502649 0.497351 7.92362e-05 7.92362e-05
0.502649 0.497351 7.92362e-05 7.92362e-05
0.502649 0.497351 7.92362e-05 7.92362e-05
0.502649 0.497351 7.92362e-05 7.92362e-05
0.502649 0.497351 7.92362e-05 7.92362e-05
0.502649 0.497351 7.92362e-05 7.92362e-05
0.502649 0.497351 7.92362e-05 7.92362e-05
0.502649 0.497351 7.92362e-05 7.92362e-05
0.502649 0.497351 7.92362e-05 7.92362e-05
0.502649 0.497351 7.92362e-05 7.92362e-05
0.502649 0.497351 7.92362e-05 7.92362e-05
0.502649 0.497351 7.92362e-05 7.92362e-05
0.502649 0.497351 7.92362e-05 7.92362e-05
0.502649 0.497351 7.92362e-05 7.92362e-05
0.502649 0.497351 7.92362e-05 7.92362e-05
0.502649 0.497351 7.92362e-05 7.92362e-05
0.502649 0.497351 7.92362e-05 7.92362e-05
0.502649 0.497351 7.92362e-05 7.92362e-05
0.502649 0.497351 7.92362e-05 7.92362e-05
0.502649 0.497351 7.92362e-05 7.92362e-05
0.502649 0.497351 7.92362e-05 7.92362e-05
0.502649 0.497351 7.92362e-05 7.92362e-05
0.502649 0.497351 7.92362e-05 7.92362e-05
0.502649 0.497351 7.92362e-05 7.92362e-05
0.502649 0.497351 7.92362e-05 7.92362e-05
0.502649 0.497351 7.92362e-05 7.92362e-05
0.502649 0.497351 7.92362e-05 7.92362e-05
0.502649 0.497351 7.92362e-05 7.92362e-05
0.502649 0.497351 7.92362e-05 7.92362e-05
0.502649 0.497351 7.92362e-05 7.92362e-05
0.502649 0.497351 7.92362e-05 7.92362e-05
0.502649 0.497351 7.92362e-05 7.92362e-05
0.502649 0.497351 7.92362e-05 7.92362e-05
0.502649 0.497351 7.92362e-05 7.92362e-05
0.502649 0.497351 7.92362e-05 7.92362e-05
0.502649 0.497351 7.92362e-05 7.92362e-05
0.502649 0.497351 7.92362e-05 7.92362e-05
0.502649 0.497351 7.92362e-05 7.92362e-05
0.502649 0.497351 7.92362e-05 7.92362e-05
0.502649 0.497351 7.92362e-05 7.92362e-05
0.502649 0.497351 7.92362e-05 7.92362e-05
0.502649 0.497351 7.92362e-05 7.92362e-05
0.502649 0.497351 7.92362e-05 7.92362e-05
0.502649 0.497351 7.92362e-05 7.92362e-05
0.502649 0.497351 7.92362e-05 7.92362e-05
0.502649 0.497351 7.92362e-05 7.92362e-05
0.502649 0.497351 7.92362e-05 7.92362e-05
0.502649 0.497351 7.92362e-05 7.92362e-05
0.502649 0.497351 7.92362e-05 7.92362e-05
0.502649 0.497351 7.92362e-05 7.92362e-05
0.502649 0.497351 7.92362e-05 7.92362e-05
0.502649 0.497351 7.92362e-05 7.92362e-05
0.502649 0.497351 7.92362e-05 7.92362e-05
0.502649 0.497351 7.92362e-05 7.92362e-05
0.502649 0.497351 7.92362e-05 7.92362e-05
0.502649 0.497351 7.92362e-05 7.92362e-05
0.502649 0.497351 7.92362e-05 7.92362e-05
0.502649 0.497351 7.92362e-05 7.92362e-05
0.502649 0.497351 7.92362e-05 7.92362e-05
0.502649 0.497351 7.92362e-05 7.92362e-05
0.502649 0.497351 7.92362e-05 7.92362e-05
0.502649 0.497351 7.92362e-05 7.92362e-05
0.502649 0.497351 7.92362e-05 7.92362e-05
0.502649 0.497351 7.92362e-05 7.92362e-05
0.502649 0.497351 7.92362e-05 7.92362e-05
0.502649 0.497351 7.92362e-05 7.92362e-05
0.502649 0.497351 7.92362e-05 7.92362e-05
0.502649 0.497351 7.92362e-05 7.92362e-05
0.502649 0.497351 7.92362e-05 7.92362e-05
0.502649 0.497351 7.92362e-05 7.92362e-05
0.502649 0.497351 7.92362e-05 7.92362e-05
0.502649 0.497351 7.92362e-05 7.92362e-05
0.502649 0.497351 7.92362e-05 7.92362e-05
0.502649 0.497351 7.92362e-05 7.92362e-05
0.502649 0.497351 7.92362e-05 7.92362e-05
0.502649 0.497351 7.92362e-05 7.92362e-05
0.502649 0.497351 7.92362e-05 7.92362e-05
0.502649 0.497351 7.92362e-05 7.92362e-05
0.502649 0.497351 7.92362e-05 7.92362e-05
0.502649 0.497351 7.92362e-05 7.92362e-05
0.502649 0.497351 7.92362e-05 7.92362e-05
0.502649 0.497351 7.92362e-05 7.92362e-05
0.502649 0.497351 7.92362e-05 7.92362e-05
0.502649 0.497351 7.92362e-05 7.92362e-05
0.502649 0.497351 7.92362e-05 7.92362e-05
0.502649 0.497351 7.92362e-05 7.92362e-05
0.502649 0.497351 7.92362e-05 7.92362e-05
0.502649 0.497351 7.92362e-05 7.92362e-05
0.502649 0.497351 7.92362e-05 7.92362e-05
0.502649 0.497351 7.92362e-05 7.92362e-05
0.502649 0.497351 7.92362e-05 7.92362e-05
0.502649 0.497351 7.92362e-05 7.92362e-05
0.502649 0.497351 7.92362e-05 7.92362e-05
0.502649 0.497351 7.92362e-05 7.92362e-05
0.502649 0.497351 7.92362e-05 7.92362e-05
0.502649 0.497351 7.92362e-05 7.92362e-05
0.502649 0.497351 7.92362e-05 7.92362e-05
0.502649 0.497351 7.92362e-05 7.92362e-05
0.502649 0.497351 7.92362e-05 7.92362e-05
0.502649 0.497351 7.92362e-05 7.92362e-05
0.502649 0.497351 7.92362e-05 7.92362e-05
0.502649 0.497351 7.92362e-05 7.92362e-05
0.502649 0.497351 7.92362e-05 7.92362e-05
0.502649 0.497351 7.92362e-05 7.92362e-05
0.502649 0.497351 7.92362e-05 7.92362e-05
0.502649 0.497351 7.92362e-05 7.92362e-05
0.502649 0.497351 7.92362e-05 7.92362e-05
0.502649 0.497351 7.92362e-05 7.92362e-05
0.502649 0.497351 7.92362e-05 7.92362e-05
0.502649 0.497351 7.92362e-05 7.92362e-05
0.502649 0.497351 7.92362e-05 7.92362e-05
0.502649 0.497351 7.92362e-05 7.92362e-05
0.502649 0.497351 7.92362e-05 7.92362e-05
0.502649 0.497351 7.92362e-05 7.92362e-05
0.502649 0.497351 7.92362e-05 7.92362e-05
0.502649 0.497351 7.92362e-05 7.92362e-05
0.502649 0.497351 7.92362e-05 7.92362e-05
0.502649 0.497351 7.92362e-05 7.92362e-05
0.502649 0.497351 7.92362e-05 7.92362e-05
0.502649 0.497351 7.92362e-05 7.92362e-05
0.502649 0.497351 7.92362e-05 7.92362e-05
0.502649 0.497351 7.92362e-05 7.92362e-05
0.502649 0.497351 7.92362e-05 7.92362e-05
0.502649 0.497351 7.92362e-05 7.92362e-05
0.502649 0.497351 7.92362e-05 7.92362e-05
0.502649 0.497351 7.92362e-05 7.92362e-05
0.502649 0.497351 7.92362e-05 7.92362e-05
0.502649 0.497351 7.92362e-05 7.92362e-05
0.502649 0.497351 7.92362e-05 7.92362e-05
0.502649 0.497351 7.92362e-05 7.92362e-05
0.502649 0.497351 7.92362e-05 7.92362e-05
0.502649 0.497351 7.92362e-05 7.92362e-05
0.502649 0.497351 7.92362e-05 7.92362e-05
0.502649 0.497351 7.92362e-05 7.92362e-05
0.502649 0.497351 7.92362e-05 7.92362e-05
0.502649 0.497351 7.92362e-05 7.92362e-05
0.502649 0.497351 7.92362e-05 7.92362e-05
0.502649 0.497351 7.92362e-05 7.92362e-05
0.502649 0.497351 7.92362e-05 7.92362e-05
0.502649 0.497351 7.92362e-05 7.92362e-05
0.502649 0.497351 7.92362e-05 7.92362e-05
0.502649 0.497351 7.92362e-05 7.92362e-05
0.502649 0.497351 7.92362e-05 7.92362e-05
0.502649 0.497351 7.92362e-05 7.92362e-05
0.502649 0.497351 7.92362e-05 7.92362e-05
0.502649 0.497351 7.92362e-05 7.92362e-05
0.502649 0.497351 7.92362e-05 7.92362e-05
0.502649 0.497351 7.92362e-05 7.92362e-05
0.502649 0.497351 7.92362e-05 7.92362e-05
0.502649 0.497351 7.92362e-05 7.92362e-05
0.502649 0.497351 7.92362e-05 7.92362e-05
0.502649 0.497351 7.92362e-05 7.92362e-05
0.502649 0.497351 7.92362e-05 7.92362e-05
0.502649 0.497351 7.92362e-05 7.92362e-05
0.502649 0.497351 7.92362e-05 7.92362e-05
0.502649 0.497351 7.92362e-05 7.92362e-05
0.502649 0.497351 7.92362e-05 7.92362e-05
0.502649 0.497351 7.92362e-05 7.92362e-05
0.502649 0.497351 7.92362e-05 7.92362e-05
0.502649 0.497351 7.92362e-05 7.92362e-05
0.502649 0.497351 7.92362e-05 7.92362e-05
0.502649 0.497351 7.92362e-05 7.92362e-05
0.502649 0.497351 7.92362e-05 7.92362e-05
0.502649 0.497351 7.92362e-05 7.92362e-05
0.502649 0.497351 7.92362e-05 7.92362e-05
0.502649 0.497351 7.92362e-05 7.92362e-05
0.502649 0.497351 7.92362e-05 7.92362e-05
0.502649 0.497351 7.92362e-05 7.92362e-05
0.502649 0.497351 7.92362e-05 7.92362e-05
0.502649 0.497351 7.92362e-05 7.92362e-05
0.502649 0.497351 7.92362e-05 7.92362e-05
0.502649 0.497351 7.92362e-05 7.92362e-05
0.502649 0.497351 7.92362e-05 7.92362e-05
0.502649 0.497351 7.92362e-05 7.92362e-05
0.502649 0.497351 7.92362e-05 7.92362e-05
0.502649 0.497351 7.92362e-05 7.92362e-05
0.502649 0.497351 7.92362e-05 7.92362e-05
0.502649 0.497351 7.92362e-05 7.92362e-05
0.502649 0.497351 7.92362e-05 7.92362e-05
0.502649 0.497351 7.92362e-05 7.92362e-05
0.502649 0.497351 7.92362e-05 7.92362e-05
0.502649 0.497351 7.92362e-05 7.92362e-05
0.502649 0.497351 7.92362e-05 7.92362e-05
0.502649 0.497351 7.92362e-05 7.92362e-05
0.502649 0.497351 7.92362e-05 7.92362e-05
0.502649 0.497351 7.92362e-05 7.92362e-05
0.502649 0.497351 7.92362e-05 7.92362e-05
0.502649 0.497351 7.92362e-05 7.92362e-05
0.502649 0.497351 7.92362e-05 7.92362e-05
0.502649 0.497351 7.92362e-05 7.92362e-05
0.502649 0.497351 7.92362e-05 7.92362e-05
0.502649 0.497351 7.92362e-05 7.92362e-05
0.502649 0.497351 7.92362e-05 7.92362e-05
0.502649 0.497351 7.92362e-05 7.92362e-05
0.502649 0.497351 7.92362e-05 7.92362e-05
0.502649 0.497351 7.92362e-05 7.92362e-05
0.502649 0.497351 7.92362e-05 7.92362e-05
0.502649 0.497351 7.92362e-05 7.92362e-05
0.502649 0.497351 7.92362e-05 7.92362e-05
0.502649 0.497351 7.92362e-05 7.92362e-05
0.502649 0.497351 7.92362e-05 7.92362e-05
0.502649 0.497351 7.92362e-05 7.92362e-05
0.502649 0.497351 7.92362e-05 7.92362e-05
0.502649 0.497351 7.92362e-05 7.92362e-05
0.502649 0.497351 7.92362e-05 7.92362e-05
0.502649 0.497351 7.92362e-05 7.92362e-05
0.502649 0.497351 7.92362e-05 7.92362e-05
0.502649 0.497351 7.92362e-05 7.92362e-05
0.502649 0.497351 7.92362e-05 7.92362e-05
0.502649 0.497351 7.92362e-05 7.92362e-05
0.502649 0.497351 7.92362e-05 7.92362e-05
0.502649 0.497351 7.92362e-05 7.92362e-05
0.502649 0.497351 7.92362e-05 7.92362e-05
0.502649 0.497351 7.92362e-05 7.92362e-05
0.502649 0.497351 7.92362e-05 7.92362e-05
0.502649 0.497351 7.92362e-05 7.92362e-05
0.502649 0.497351 7.92362e-05 7.92362e-05
0.502649 0.497351 7.92362e-05 7.92362e-05
0.502649 0.497351 7.92362e-05 7.92362e-05
0.502649 0.497351 7.92362e-05 7.92362e-05
0.502649 0.497351 7.92362e-05 7.92362e-05
0.502649 0.497351 7.92362e-05 7.92362e-05
0.502649 0.497351 7.92362e-05 7.92362e-05
0.502649 0.497351 7.92362e-05 7.92362e-05
0.502649 0.497351 7.92362e-05 7.92362e-05
0.502649 0.497351 7.92362e-05 7.92362e-05
0.502649 0.497351 7.92362e-05 7.92362e-05
0.502649 0.497351 7.92362e-05 7.92362e-05
0.502649 0.497351 7.92362e-05 7.92362e-05
0.502649 0.497351 7.92362e-05 7.92362e-05
0.502649 0.497351 7.92362e-05 7.92362e-05
0.502649 0.497351 7.92362e-05 7.92362e-05
0.502649 0.497351 7.92362e-05 7.92362e-05
0.502649 0.497351 7.92362e-05 7.92362e-05
0.502649 0.497351 7.92362e-05 7.92362e-05
0.502649 0.497351 7.92362e-05 7.92362e-05
0.502649 0.497351 7.92362e-05 7.92362e-05
0.502649 0.497351 7.92362e-05 7.92362e-05
0.502649 0.497351 7.92362e-05 7.92362e-05
0.502649 0.497351 7.92362e-05 7.92362e-05
0.502649 0.497351 7.92362e-05 7.92362e-05
0.502649 0.497351 7.92362e-05 7.92362e-05
0.502649 0.497351 7.92362e-05 7.92362e-05
0.502649 0.497351 7.92362e-05 7.92362e-05
0.502649 0.497351 7.92362e-05 7.92362e-05
0.502649 0.497351 7.92362e-05 7.92362e-05
0.502649 0.497351 7.92362e-05 7.92362e-05
0.502649 0.497351 7.92362e-05 7.92362e-05
0.502649 0.497351 7.92362e-05 7.92362e-05
0.502649 0.497351 7.92362e-05 7.92362e-05
0.502649 0.497351 7.92362e-05 7.92362e-05
0.502649 0.497351 7.92362e-05 7.92362e-05
0.502649 0.497351 7.92362e-05 7.92362e-05
0.502649 0.497351 7.92362e-05 7.92362e-05
0.502649 0.497351 7.92362e-05 7.92362e-05
0.502649 0.497351 7.92362e-05 7.92362e-05
0.502649 0.497351 7.92362e-05 7.92362e-05
0.502649 0.497351 7.92362e-05 7.92362e-05
0.502649 0.497351 7.92362e-05 7.92362e-05
0.502649 0.497351 7.92362e-05 7.92362e-05
0.502649 0.497351 7.92362e-05 7.92362e-05
0.502649 0.497351 7.92362e-05 7.92362e-05
0.502649 0.497351 7.92362e-05 7.92362e-05
0.502649 0.497351 7.92362e-05 7.92362e-05
0.502649 0.497351 7.92362e-05 7.92362e-05
0.502649 0.497351 7.92362e-05 7.92362e-05
0.502649 0.497351 7.92362e-05 7.92362e-05
0.502649 0.497351 7.92362e-05 7.92362e-05
0.502649 0.497351 7.92362e-05 7.92362e-05
0.502649 0.497351 7.92362e-05 7.92362e-05
0.502649 0.497351 7.92362e-05 7.92362e-05
0.502649 0.497351 7.92362e-05 7.92362e-05
0.502649 0.497351 7.92362e-05 7.92362e-05
0.502649 0.497351 7.92362e-05 7.92362e-05
0.502649 0.497351 7.92362e-05 7.92362e-05
0.502649 0.497351 7.92362e-05 7.92362e-05
0.502649 0.497351 7.92362e-05 7.92362e-05
0.502649 0.497351 7.92362e-05 7.92362e-05
0.502649 0.497351 7.92362e-05 7.92362e-05
0.502649 0.497351 7.92362e-05 7.92362e-05
0.502649 0.497351 7.92362e-05 7.92362e-05
0.502649 0.497351 7.92362e-05 7.92362e-05
0.502649 0.497351 7.92362e-05 7.92362e-05
0.502649 0.497351 7.92362e-05 7.92362e-05
0.502649 0.497351 7.92362e-05 7.92362e-05
0.502649 0.497351 7.92362e-05 7.92362e-05
0.502649 0.497351 7.92362e-05 7.92362e-05
0.502649 0.497351 7.92362e-05 7.92362e-05
0.502649 0.497351 7.92362e-05 7.92362e-05
0.502649 0.497351 7.92362e-05 7.92362e-05
0.502649 0.497351 7.92362e-05 7.92362e-05
0.502649 0.497351 7.92362e-05 7.92362e-05
0.502649 0.497351 7.92362e-05 7.92362e-05
0.502649 0.497351 7.92362e-05 7.92362e-05
0.502649 0.497351 7.92362e-05 7.92362e-05
0.502649 0.497351 7.92362e-05 7.92362e-05
0.502649 0.497351 7.92362e-05 7.92362e-05
0.502649 0.497351 7.92362e-05 7.92362e-05
0.502649 0.497351 7.92362e-05 7.92362e-05
0.502649 0.497351 7.92362e-05 7.92362e-05
0.502649 0.497351 7.92362e-05 7.92362e-05
0.502649 0.497351 7.92362e-05 7.92362e-05
0.502649 0.497351 7.92362e-05 7.92362e-05
0.502649 0.497351 7.92362e-05 7.92362e-05
0.502649 0.497351 7.92362e-05 7.92362e-05
0.502649 0.497351 7.92362e-05 7.92362e-05
0.502649 0.497351 7.92362e-05 7.92362e-05
0.502649 0.497351 7.92362e-05 7.92362e-05
0.502649 0.497351 7.92362e-05 7.92362e-05
0.502649 0.497351 7.92362e-05 7.92362e-05
0.502649 0.497351 7.92362e-05 7.92362e-05
0.502649 0.497351 7.92362e-05 7.92362e-05
0.502649 0.497351 7.92362e-05 7.92362e-05
0.502649 0.497351 7.92362e-05 7.92362e-05
0.502649 0.497351 7.92362e-05 7.92362e-05
0.502649 0.497351 7.92362e-05 7.92362e-05
0.502649 0.497351 7.92362e-05 7.92362e-05
0.502649 0.497351 7.92362e-05 7.92362e-05
0.502649 0.497351 7.92362e-05 7.92362e-05
0.502649 0.497351 7.92362e-05 7.92362e-05
0.502649 0.497351 7.92362e-05 7.92362e-05
0.502649 0.497351 7.92362e-05 7.92362e-05
0.502649 0.497351 7.92362e-05 7.92362e-05
0.502649 0.497351 7.92362e-05 7.92362e-05
0.502649 0.497351 7.92362e-05 7.92362e-05
0.502649 0.497351 7.92362e-05 7.92362e-05
0.502649 0.497351 7.92362e-05 7.92362e-05
0.502649 0.497351 7.92362e-05 7.92362e-05
0.502649 0.497351 7.92362e-05 7.92362e-05
0.502649 0.497351 7.92362e-05 7.92362e-05
0.502649 0.497351 7.92362e-05 7.92362e-05
0.502649 0.497351 7.92362e-05 7.92362e-05
0.502649 0.497351 7.92362e-05 7.92362e-05
0.502649 0.497351 7.92362e-05 7.92362e-05
0.502649 0.497351 7.92362e-05 7.92362e-05
0.502649 0.497351 7.92362e-05 7.92362e-05
0.502649 0.497351 7.92362e-05 7.92362e-05
0.502649 0.497351 7.92362e-05 7.92362e-05
0.502649 0.497351 7.92362e-05 7.92362e-05
0.502649 0.497351 7.92362e-05 7.92362e-05
0.502649 0.497351 7.92362e-05 7.92362e-05
0.502649 0.497351 7.92362e-05 7.92362e-05
0.502649 0.497351 7.92362e-05 7.92362e-05
0.502649 0.497351 7.92362e-05 7.92362e-05
0.502649 0.497351 7.92362e-05 7.92362e-05
0.502649 0.497351 7.92362e-05 7.92362e-05
0.502649 0.497351 7.92362e-05 7.92362e-05
0.502649 0.497351 7.92362e-05 7.92362e-05
0.502649 0.497351 7.92362e-05 7.92362e-05
0.502649 0.497351 7.92362e-05 7.92362e-05
0.502649 0.497351 7.92362e-05 7.92362e-05
0.502649 0.497351 7.92362e-05 7.92362e-05
0.502649 0.497351 7.92362e-05 7.92362e-05
0.502649 0.497351 7.92362e-05 7.92362e-05
0.502649 0.497351 7.92362e-05 7.92362e-05
0.502649 0.497351 7.92362e-05 7.92362e-05
0.502649 0.497351 7.92362e-05 7.92362e-05
0.502649 0.497351 7.92362e-05 7.92362e-05
0.502649 0.497351 7.92362e-05 7.92362e-05
0.502649 0.497351 7.92362e-05 7.92362e-05
0.502649 0.497351 7.92362e-05 7.92362e-05
0.502649 0.497351 7.92362e-05 7.92362e-05
0.502649 0.497351 7.92362e-05 7.92362e-05
0.502649 0.497351 7.92362e-05 7.92362e-05
0.502649 0.497351 7.92362e-05 7.92362e-05
0.502649 0.497351 7.92362e-05 7.92362e-05
0.502649 0.497351 7.92362e-05 7.92362e-05
0.502649 0.497351 7.92362e-05 7.92362e-05
0.502649 0.497351 7.92362e-05 7.92362e-05
0.502649 0.497351 7.92362e-05 7.92362e-05
0.502649 0.497351 7.92362e-05 7.92362e-05
0.502649 0.497351 7.92362e-05 7.92362e-05
0.502649 0.497351 7.92362e-05 7.92362e-05
0.502649 0.497351 7.92362e-05 7.92362e-05
0.502649 0.497351 7.92362e-05 7.92362e-05
0.502649 0.497351 7.92362e-05 7.92362e-05
0.502649 0.497351 7.92362e-05 7.92362e-05
0.502649 0.497351 7.92362e-05 7.92362e-05
0.502649 0.497351 7.92362e-05 7.92362e-05
0.502649 0.497351 7.92362e-05 7.92362e-05
0.502649 0.497351 7.92362e-05 7.92362e-05
0.502649 0.497351 7.92362e-05 7.92362e-05
0.502649 0.497351 7.92362e-05 7.92362e-05
0.502649 0.497351 7.92362e-05 7.92362e-05
0.502649 0.497351 7.92362e-05 7.92362e-05
0.502649 0.497351 7.92362e-05 7.92362e-05
0.502649 0.497351 7.92362e-05 7.92362e-05
0.502649 0.497351 7.92362e-05 7.92362e-05
0.502649 0.497351 7.92362e-05 7.92362e-05
0.502649 0.497351 7.92362e-05 7.92362e-05
0.502649 0.497351 7.92362e-05 7.92362e-05
0.502649 0.497351 7.92362e-05 7.92362e-05
0.502649 0.497351 7.92362e-05 7.92362e-05
0.502649 0.497351 7.92362e-05 7.92362e-05
0.502649 0.497351 7.92362e-05 7.92362e-05
0.502649 0.497351 7.92362e-05 7.92362e-05
0.502649 0.497351 7.92362e-05 7.92362e-05
0.502649 0.497351 7.92362e-05 7.92362e-05
0.502649 0.497351 7.92362e-05 7.92362e-05
0.502649 0.497351 7.92362e-05 7.92362e-05
0.502649 0.497351 7.92362e-05 7.92362e-05
0.502649 0.497351 7.92362e-05 7.92362e-05
0.502649 0.497351 7.92362e-05 7.92362e-05
0.502649 0.497351 7.92362e-05 7.92362e-05
0.502649 0.497351 7.92362e-05 7.92362e-05
0.502649 0.497351 7.92362e-05 7.92362e-05
0.502649 0.497351 7.92362e-05 7.92362e-05
0.502649 0.497351 7.92362e-05 7.92362e-05
0.502649 0.497351 7.92362e-05 7.92362e-05
0.502649 0.497351 7.92362e-05 7.92362e-05
0.502649 0.497351 7.92362e-05 7.92362e-05
0.502649 0.497351 7.92362e-05 7.92362e-05
0.502649 0.497351 7.92362e-05 7.92362e-05
0.502649 0.497351 7.92362e-05 7.92362e-05
0.502649 0.497351 7.92362e-05 7.92362e-05
0.502649 0.497351 7.92362e-05 7.92362e-05
0.502649 0.497351 7.92362e-05 7.92362e-05
0.502649 0.497351 7.92362e-05 7.92362e-05
0.502649 0.497351 7.92362e-05 7.92362e-05
0.502649 0.497351 7.92362e-05 7.92362e-05
0.502649 0.497351 7.92362e-05 7.92362e-05
0.502649 0.497351 7.92362e-05 7.92362e-05
0.502649 0.497351 7.92362e-05 7.92362e-05
0.502649 0.497351 7.92362e-05 7.92362e-05
0.502649 0.497351 7.92362e-05 7.92362e-05
0.502649 0.497351 7.92362e-05 7.92362e-05
0.502649 0.497351 7.92362e-05 7.92362e-05
0.502649 0.497351 7.92362e-05 7.92362e-05
0.502649 0.497351 7.92362e-05 7.92362e-05
0.502649 0.497351 7.92362e-05 7.92362e-05
0.502649 0.497351 7.92362e-05 7.92362e-05
0.502649 0.497351 7.92362e-05 7.92362e-05
0.502649 0.497351 7.92362e-05 7.92362e-05
0.502649 0.497351 7.92362e-05 7.92362e-05
0.502649 0.497351 7.92362e-05 7.92362e-05
0.502649 0.497351 7.92362e-05 7.92362e-05
0.502649 0.497351 7.92362e-05 7.92362e-05
0.502649 0.497351 7.92362e-05 7.92362e-05
0.502649 0.497351 7.92362e-05 7.92362e-05
0.502649 0.497351 7.92362e-05 7.92362e-05
0.502649 0.497351 7.92362e-05 7.92362e-05
0.502649 0.497351 7.92362e-05 7.92362e-05
0.502649 0.497351 7.92362e-05 7.92362e-05
0.502649 0.497351 7.92362e-05 7.92362e-05
0.502649 0.497351 7.92362e-05 7.92362e-05
0.502649 0.497351 7.92362e-05 7.92362e-05
0.502649 0.497351 7.92362e-05 7.92362e-05
0.502649 0.497351 7.92362e-05 7.92362e-05
0.502649 0.497351 7.92362e-05 7.92362e-05
0.502649 0.497351 7.92362e-05 7.92362e-05
0.502649 0.497351 7.92362e-05 7.92362e-05
0.502649 0.497351 7.92362e-05 7.92362e-05
0.502649 0.497351 7.92362e-05 7.92362e-05
0.502649 0.497351 7.92362e-05 7.92362e-05
0.502649 0.497351 7.92362e-05 7.92362e-05
0.502649 0.497351 7.92362e-05 7.92362e-05
0.502649 0.497351 7.92362e-05 7.92362e-05
