0.497 0.503 5.47273e-05 5.47273e-05
0.49514 0.50486 0.000144566 0.000144566
0.49333 0.50667 0.000251213 0.000251213
0.49237 0.50763 0.000359932 0.000359932
0.49015 0.50985 0.000502593 0.000502593
0.48917 0.51083 0.000600203 0.000600203
0.48759 0.51241 0.000662749 0.000662749
0.48636 0.51364 0.000776435 0.000776435
0.48542 0.51458 0.000856589 0.000856589
0.48504 0.51496 0.000900766 0.000900766
0.48394 0.51606 0.00098034 0.00098034
0.48309 0.51691 0.000974487 0.000974487
0.48249 0.51751 0.00103395 0.00103395
0.48181 0.51819 0.00108791 0.00108791
0.48082 0.51918 0.00112508 0.00112508
0.4799 0.5201 0.00115765 0.00115765
0.47921 0.52079 0.00121011 0.00121011
0.47902 0.52098 0.00125519 0.00125519
0.47839 0.52161 0.00131157 0.00131157
0.47731 0.52269 0.00136315 0.00136315
0.47642 0.52358 0.00140889 0.00140889
0.47642 0.52358 0.00146774 0.00146774
0.4768 0.5232 0.00151111 0.00151111
0.47653 0.52347 0.00155193 0.00155193
0.47583 0.52417 0.00158596 0.00158596
0.47573 0.52427 0.00161711 0.00161711
0.47556 0.52444 0.00162308 0.00162308
0.47536 0.52464 0.0016287 0.0016287
0.47516 0.52484 0.00163967 0.00163967
0.47506 0.52494 0.0016466 0.0016466
0.47495 0.52505 0.00164871 0.00164871
0.47475 0.52525 0.00167047 0.00167047
0.47478 0.52522 0.00169335 0.00169335
0.47477 0.52523 0.00171226 0.00171226
0.4748 0.5252 0.0017216 0.0017216
0.47459 0.52541 0.00171802 0.00171802
0.47434 0.52566 0.00172699 0.00172699
0.47437 0.52563 0.00172985 0.00172985
0.47414 0.52586 0.00174382 0.00174382
0.47421 0.52579 0.00175205 0.00175205
0.47404 0.52596 0.00174188 0.00174188
0.47389 0.52611 0.0017566 0.0017566
0.47374 0.52626 0.00176157 0.00176157
0.47379 0.52621 0.00176859 0.00176859
0.47374 0.52626 0.00176197 0.00176197
0.47384 0.52616 0.00176642 0.00176642
0.47389 0.52611 0.00176634 0.00176634
0.47389 0.52611 0.00177194 0.00177194
0.47373 0.52627 0.00177507 0.00177507
0.47373 0.52627 0.00178165 0.00178165
0.47368 0.52632 0.00178782 0.00178782
0.47364 0.52636 0.00179888 0.00179888
0.47358 0.52642 0.00180309 0.00180309
0.47364 0.52636 0.00180096 0.00180096
0.47363 0.52637 0.00179781 0.00179781
0.47349 0.52651 0.00179662 0.00179662
0.47353 0.52647 0.00179298 0.00179298
0.47357 0.52643 0.00178837 0.00178837
0.47357 0.52643 0.00178916 0.00178916
0.47351 0.52649 0.00179338 0.00179338
0.47349 0.52651 0.0017993 0.0017993
0.4735 0.5265 0.00180603 0.00180603
0.47349 0.52651 0.00181439 0.00181439
0.47353 0.52647 0.00181476 0.00181476
0.47351 0.52649 0.00181821 0.00181821
0.47341 0.52659 0.00181695 0.00181695
0.47332 0.52668 0.00181828 0.00181828
0.47339 0.52661 0.0018245 0.0018245
0.4734 0.5266 0.0018279 0.0018279
0.47337 0.52663 0.00182981 0.00182981
0.47339 0.52661 0.0018244 0.0018244
0.47332 0.52668 0.00182493 0.00182493
0.47332 0.52668 0.00182129 0.00182129
0.47325 0.52675 0.0018196 0.0018196
0.47311 0.52689 0.00181974 0.00181974
0.47313 0.52687 0.00181488 0.00181488
0.47305 0.52695 0.00181918 0.00181918
0.473 0.527 0.00182234 0.00182234
0.47297 0.52703 0.00182138 0.00182138
0.47302 0.52698 0.00181586 0.00181586
0.47307 0.52693 0.00181451 0.00181451
0.47301 0.52699 0.00182324 0.00182324
0.47308 0.52692 0.00183361 0.00183361
0.4731 0.5269 0.00183229 0.00183229
0.47306 0.52694 0.00183169 0.00183169
0.47322 0.52678 0.00182676 0.00182676
0.47314 0.52686 0.00182927 0.00182927
0.47312 0.52688 0.00182827 0.00182827
0.47301 0.52699 0.00182284 0.00182284
0.47297 0.52703 0.00182413 0.00182413
0.47296 0.52704 0.00182206 0.00182206
0.47295 0.52705 0.00182964 0.00182964
0.47293 0.52707 0.00182762 0.00182762
0.47299 0.52701 0.00183775 0.00183775
0.47297 0.52703 0.00183462 0.00183462
0.47303 0.52697 0.00183304 0.00183304
0.47297 0.52703 0.00183332 0.00183332
0.47295 0.52705 0.00183835 0.00183835
0.47299 0.52701 0.00183896 0.00183896
0.47298 0.52702 0.00184279 0.00184279
0.47299 0.52701 0.00184229 0.00184229
0.47305 0.52695 0.00184134 0.00184134
0.47307 0.52693 0.00184394 0.00184394
0.47308 0.52692 0.00184102 0.00184102
0.47308 0.52692 0.00184046 0.00184046
0.47306 0.52694 0.00184642 0.00184642
0.47312 0.52688 0.00184132 0.00184132
0.47309 0.52691 0.0018423 0.0018423
0.47309 0.52691 0.00183818 0.00183818
0.47298 0.52702 0.0018297 0.0018297
0.47306 0.52694 0.00183236 0.00183236
0.47302 0.52698 0.00183701 0.00183701
0.47305 0.52695 0.00184144 0.00184144
0.47301 0.52699 0.00183443 0.00183443
0.47306 0.52694 0.00183642 0.00183642
0.47305 0.52695 0.00183886 0.00183886
0.47308 0.52692 0.00183315 0.00183315
0.47306 0.52694 0.00183058 0.00183058
0.47298 0.52702 0.00183002 0.00183002
0.47291 0.52709 0.00182802 0.00182802
0.47288 0.52712 0.00183291 0.00183291
0.47281 0.52719 0.0018391 0.0018391
0.47288 0.52712 0.00183748 0.00183748
0.47292 0.52708 0.00184082 0.00184082
0.47295 0.52705 0.00184158 0.00184158
0.47301 0.52699 0.00184516 0.00184516
0.4729 0.5271 0.00184407 0.00184407
0.47297 0.52703 0.00184227 0.00184227
0.47302 0.52698 0.00184097 0.00184097
0.47297 0.52703 0.00183965 0.00183965
0.47289 0.52711 0.0018279 0.0018279
0.47301 0.52699 0.00182282 0.00182282
0.47295 0.52705 0.0018195 0.0018195
0.47291 0.52709 0.00181501 0.00181501
0.47293 0.52707 0.00182328 0.00182328
0.47291 0.52709 0.00182639 0.00182639
0.47298 0.52702 0.00182812 0.00182812
0.47299 0.52701 0.00182118 0.00182118
0.4729 0.5271 0.00182256 0.00182256
0.47288 0.52712 0.00182142 0.00182142
0.47286 0.52714 0.00182073 0.00182073
0.4728 0.5272 0.0018261 0.0018261
0.47281 0.52719 0.00182636 0.00182636
0.47284 0.52716 0.00182143 0.00182143
0.47278 0.52722 0.00181611 0.00181611
0.4727 0.5273 0.00181342 0.00181342
0.47257 0.52743 0.00181742 0.00181742
0.47262 0.52738 0.00182464 0.00182464
0.47261 0.52739 0.00182523 0.00182523
0.47262 0.52738 0.00183505 0.00183505
0.47263 0.52737 0.00184292 0.00184292
0.47266 0.52734 0.00184164 0.00184164
0.47265 0.52735 0.00183956 0.00183956
0.47269 0.52731 0.00183357 0.00183357
0.47264 0.52736 0.0018306 0.0018306
0.47272 0.52728 0.00182905 0.00182905
0.47272 0.52728 0.00183303 0.00183303
0.47281 0.52719 0.00183371 0.00183371
0.47284 0.52716 0.00183167 0.00183167
0.4728 0.5272 0.00183741 0.00183741
0.4728 0.5272 0.00182719 0.00182719
0.47279 0.52721 0.00182475 0.00182475
0.47283 0.52717 0.00182758 0.00182758
0.47267 0.52733 0.0018377 0.0018377
0.47268 0.52732 0.00183743 0.00183743
0.47268 0.52732 0.00184117 0.00184117
0.47275 0.52725 0.00184247 0.00184247
0.47276 0.52724 0.00184031 0.00184031
0.47277 0.52723 0.00184351 0.00184351
0.47281 0.52719 0.0018404 0.0018404
0.47284 0.52716 0.00183434 0.00183434
0.47278 0.52722 0.0018288 0.0018288
0.47278 0.52722 0.00182177 0.00182177
0.47272 0.52728 0.00181865 0.00181865
0.4727 0.5273 0.00181973 0.00181973
0.47271 0.52729 0.00182047 0.00182047
0.47272 0.52728 0.00181946 0.00181946
0.47264 0.52736 0.00182138 0.00182138
0.47269 0.52731 0.00181642 0.00181642
0.47262 0.52738 0.00182179 0.00182179
0.47257 0.52743 0.00182564 0.00182564
0.47246 0.52754 0.00181902 0.00181902
0.47248 0.52752 0.00182548 0.00182548
0.47259 0.52741 0.00183206 0.00183206
0.47265 0.52735 0.00182898 0.00182898
0.47272 0.52728 0.00183618 0.00183618
0.47273 0.52727 0.00184689 0.00184689
0.47275 0.52725 0.00185108 0.00185108
0.4728 0.5272 0.00185978 0.00185978
0.47281 0.52719 0.00185743 0.00185743
0.47285 0.52715 0.00185692 0.00185692
0.47289 0.52711 0.00185509 0.00185509
0.4729 0.5271 0.00186027 0.00186027
0.47288 0.52712 0.0018657 0.0018657
0.47287 0.52713 0.00186575 0.00186575
0.47285 0.52715 0.00186607 0.00186607
0.47291 0.52709 0.00187222 0.00187222
0.47289 0.52711 0.00186353 0.00186353
0.47282 0.52718 0.00186381 0.00186381
0.47276 0.52724 0.00185637 0.00185637
0.47273 0.52727 0.00185487 0.00185487
0.47272 0.52728 0.00184788 0.00184788
0.47263 0.52737 0.00184943 0.00184943
0.47267 0.52733 0.00184531 0.00184531
0.47263 0.52737 0.00183999 0.00183999
0.47253 0.52747 0.00183413 0.00183413
0.4726 0.5274 0.00183689 0.00183689
0.47265 0.52735 0.00183447 0.00183447
0.47262 0.52738 0.00183579 0.00183579
0.47265 0.52735 0.0018428 0.0018428
0.47265 0.52735 0.00184223 0.00184223
0.47269 0.52731 0.0018464 0.0018464
0.4727 0.5273 0.00184732 0.00184732
0.47263 0.52737 0.00185159 0.00185159
0.47264 0.52736 0.00185256 0.00185256
0.47269 0.52731 0.00184979 0.00184979
0.47269 0.52731 0.00185345 0.00185345
0.47269 0.52731 0.00186389 0.00186389
0.4727 0.5273 0.00186134 0.00186134
0.47274 0.52726 0.00186112 0.00186112
0.47273 0.52727 0.00186864 0.00186864
0.47279 0.52721 0.0018714 0.0018714
0.47286 0.52714 0.00187042 0.00187042
0.47282 0.52718 0.00187789 0.00187789
0.47288 0.52712 0.00187671 0.00187671
0.47282 0.52718 0.00187645 0.00187645
0.47287 0.52713 0.00187642 0.00187642
0.47282 0.52718 0.00187423 0.00187423
0.47278 0.52722 0.00188326 0.00188326
0.47283 0.52717 0.00188148 0.00188148
0.47278 0.52722 0.00188086 0.00188086
0.47276 0.52724 0.00187301 0.00187301
0.47266 0.52734 0.00186998 0.00186998
0.47266 0.52734 0.00187289 0.00187289
0.4727 0.5273 0.00187492 0.00187492
0.47267 0.52733 0.00188091 0.00188091
0.47267 0.52733 0.00188109 0.00188109
0.47263 0.52737 0.00188054 0.00188054
0.47268 0.52732 0.00187895 0.00187895
0.47273 0.52727 0.00188121 0.00188121
0.47265 0.52735 0.0018751 0.0018751
0.47268 0.52732 0.00187347 0.00187347
0.4726 0.5274 0.00188044 0.00188044
0.47262 0.52738 0.00187606 0.00187606
0.47267 0.52733 0.00187404 0.00187404
0.47265 0.52735 0.00186671 0.00186671
0.4726 0.5274 0.0018701 0.0018701
0.47257 0.52743 0.00187368 0.00187368
0.47255 0.52745 0.00187924 0.00187924
0.47265 0.52735 0.00188067 0.00188067
0.47255 0.52745 0.00187411 0.00187411
0.47246 0.52754 0.00187231 0.00187231
0.47252 0.52748 0.00187688 0.00187688
0.47246 0.52754 0.00188233 0.00188233
0.47241 0.52759 0.00188061 0.00188061
0.47241 0.52759 0.00188103 0.00188103
0.47244 0.52756 0.00188033 0.00188033
0.47246 0.52754 0.00187861 0.00187861
0.47239 0.52761 0.0018741 0.0018741
0.47237 0.52763 0.00187399 0.00187399
0.47231 0.52769 0.00187353 0.00187353
0.47228 0.52772 0.0018674 0.0018674
0.47228 0.52772 0.00186818 0.00186818
0.47225 0.52775 0.00186241 0.00186241
0.47235 0.52765 0.00187128 0.00187128
0.47234 0.52766 0.00187348 0.00187348
0.47239 0.52761 0.00186543 0.00186543
0.47238 0.52762 0.00186903 0.00186903
0.47235 0.52765 0.0018697 0.0018697
0.4724 0.5276 0.00187036 0.00187036
0.47237 0.52763 0.00187123 0.00187123
0.47224 0.52776 0.00187 0.00187
0.47221 0.52779 0.00186679 0.00186679
0.47213 0.52787 0.00186098 0.00186098
0.4721 0.5279 0.001857 0.001857
0.47216 0.52784 0.00186086 0.00186086
0.47221 0.52779 0.00185966 0.00185966
0.4722 0.5278 0.00185836 0.00185836
0.47218 0.52782 0.00185752 0.00185752
0.47211 0.52789 0.00186378 0.00186378
0.47206 0.52794 0.00186101 0.00186101
0.47202 0.52798 0.00186646 0.00186646
0.47202 0.52798 0.00187335 0.00187335
0.47204 0.52796 0.00187252 0.00187252
0.47207 0.52793 0.00187952 0.00187952
0.47204 0.52796 0.0018737 0.0018737
0.47198 0.52802 0.00187549 0.00187549
0.472 0.528 0.00187194 0.00187194
0.472 0.528 0.00186727 0.00186727
0.47209 0.52791 0.00186475 0.00186475
0.47216 0.52784 0.00186115 0.00186115
0.47215 0.52785 0.00186187 0.00186187
0.47214 0.52786 0.00186255 0.00186255
0.47219 0.52781 0.00186282 0.00186282
0.47213 0.52787 0.00186116 0.00186116
0.47211 0.52789 0.00186814 0.00186814
0.47205 0.52795 0.0018673 0.0018673
0.472 0.528 0.0018743 0.0018743
0.47196 0.52804 0.0018722 0.0018722
0.47191 0.52809 0.00187525 0.00187525
0.47194 0.52806 0.00187604 0.00187604
0.47198 0.52802 0.0018761 0.0018761
0.47204 0.52796 0.00187731 0.00187731
0.47208 0.52792 0.00187888 0.00187888
0.47209 0.52791 0.00187839 0.00187839
0.47205 0.52795 0.00187928 0.00187928
0.47193 0.52807 0.00187859 0.00187859
0.47194 0.52806 0.00187539 0.00187539
0.47199 0.52801 0.00188231 0.00188231
0.47202 0.52798 0.00188828 0.00188828
0.472 0.528 0.00188236 0.00188236
0.47193 0.52807 0.00187716 0.00187716
0.47195 0.52805 0.00187956 0.00187956
0.47194 0.52806 0.00188107 0.00188107
0.47191 0.52809 0.00188257 0.00188257
0.47186 0.52814 0.00188259 0.00188259
0.47188 0.52812 0.00188716 0.00188716
0.47191 0.52809 0.00188511 0.00188511
0.47195 0.52805 0.00189714 0.00189714
0.47204 0.52796 0.00190368 0.00190368
0.47206 0.52794 0.00190426 0.00190426
0.47202 0.52798 0.00190673 0.00190673
0.47195 0.52805 0.00190296 0.00190296
0.47196 0.52804 0.00191071 0.00191071
0.4719 0.5281 0.00191201 0.00191201
0.47193 0.52807 0.00191378 0.00191378
0.47193 0.52807 0.00191629 0.00191629
0.47183 0.52817 0.00191164 0.00191164
0.4718 0.5282 0.00191333 0.00191333
0.47181 0.52819 0.00191349 0.00191349
0.47179 0.52821 0.00191253 0.00191253
0.47192 0.52808 0.00191157 0.00191157
0.47183 0.52817 0.00191085 0.00191085
0.47189 0.52811 0.00191664 0.00191664
0.47185 0.52815 0.00192102 0.00192102
0.47178 0.52822 0.00191819 0.00191819
0.47182 0.52818 0.00192092 0.00192092
0.47183 0.52817 0.00191931 0.00191931
0.4719 0.5281 0.00191647 0.00191647
0.47199 0.52801 0.00192367 0.00192367
0.47198 0.52802 0.00192663 0.00192663
0.47205 0.52795 0.00192774 0.00192774
0.47204 0.52796 0.00192737 0.00192737
0.47209 0.52791 0.00191984 0.00191984
0.47209 0.52791 0.00191986 0.00191986
0.47205 0.52795 0.00191744 0.00191744
0.47211 0.52789 0.00192054 0.00192054
0.47216 0.52784 0.00192333 0.00192333
0.47218 0.52782 0.00192007 0.00192007
0.4722 0.5278 0.00192123 0.00192123
0.4723 0.5277 0.00192605 0.00192605
0.47223 0.52777 0.00191834 0.00191834
0.47227 0.52773 0.00192111 0.00192111
0.47221 0.52779 0.00191453 0.00191453
0.47225 0.52775 0.00191847 0.00191847
0.47226 0.52774 0.00192308 0.00192308
0.47222 0.52778 0.00192591 0.00192591
0.47214 0.52786 0.00193576 0.00193576
0.47207 0.52793 0.00193407 0.00193407
0.472 0.528 0.00193446 0.00193446
0.47192 0.52808 0.00193119 0.00193119
0.47185 0.52815 0.00193352 0.00193352
0.47184 0.52816 0.0019321 0.0019321
0.47185 0.52815 0.00193013 0.00193013
0.47182 0.52818 0.00193344 0.00193344
0.47179 0.52821 0.00193106 0.00193106
0.47178 0.52822 0.00193187 0.00193187
0.47183 0.52817 0.00192782 0.00192782
0.47182 0.52818 0.00191589 0.00191589
0.47178 0.52822 0.00191573 0.00191573
0.47171 0.52829 0.00191671 0.00191671
0.47172 0.52828 0.00190944 0.00190944
0.47169 0.52831 0.00190975 0.00190975
0.47167 0.52833 0.00191273 0.00191273
0.4717 0.5283 0.00190979 0.00190979
0.47173 0.52827 0.00191753 0.00191753
0.47165 0.52835 0.00191288 0.00191288
0.47163 0.52837 0.00191343 0.00191343
0.47161 0.52839 0.00191836 0.00191836
0.47163 0.52837 0.00191761 0.00191761
0.47166 0.52834 0.00191778 0.00191778
0.47169 0.52831 0.00192171 0.00192171
0.47173 0.52827 0.00192396 0.00192396
0.47176 0.52824 0.0019316 0.0019316
0.47171 0.52829 0.00192944 0.00192944
0.47168 0.52832 0.00192646 0.00192646
0.47175 0.52825 0.00193047 0.00193047
0.47177 0.52823 0.00192664 0.00192664
0.4717 0.5283 0.00192799 0.00192799
0.47182 0.52818 0.00192983 0.00192983
0.47178 0.52822 0.00192759 0.00192759
0.47189 0.52811 0.00192846 0.00192846
0.47194 0.52806 0.0019346 0.0019346
0.47196 0.52804 0.00192911 0.00192911
0.47207 0.52793 0.00193338 0.00193338
0.47207 0.52793 0.00193017 0.00193017
0.47213 0.52787 0.00193226 0.00193226
0.47214 0.52786 0.0019302 0.0019302
0.4721 0.5279 0.00193197 0.00193197
0.47206 0.52794 0.00193581 0.00193581
0.47209 0.52791 0.00193356 0.00193356
0.47216 0.52784 0.00193696 0.00193696
0.47204 0.52796 0.00192796 0.00192796
0.47204 0.52796 0.00193596 0.00193596
0.4719 0.5281 0.0019289 0.0019289
0.47192 0.52808 0.00192999 0.00192999
0.47191 0.52809 0.00192453 0.00192453
0.47182 0.52818 0.00192465 0.00192465
0.47184 0.52816 0.00193042 0.00193042
0.47187 0.52813 0.00193385 0.00193385
0.47185 0.52815 0.00193241 0.00193241
0.47187 0.52813 0.00192066 0.00192066
0.47191 0.52809 0.00192592 0.00192592
0.47183 0.52817 0.00192867 0.00192867
0.4718 0.5282 0.00193574 0.00193574
0.47178 0.52822 0.00193646 0.00193646
0.47183 0.52817 0.0019414 0.0019414
0.4718 0.5282 0.00193937 0.00193937
0.47191 0.52809 0.00194499 0.00194499
0.47192 0.52808 0.00194589 0.00194589
0.47194 0.52806 0.0019441 0.0019441
0.47191 0.52809 0.00193782 0.00193782
0.47205 0.52795 0.00193908 0.00193908
0.47204 0.52796 0.00193931 0.00193931
0.47206 0.52794 0.00193788 0.00193788
0.47208 0.52792 0.00193971 0.00193971
0.47208 0.52792 0.00195048 0.00195048
0.47207 0.52793 0.00195239 0.00195239
0.47205 0.52795 0.00195114 0.00195114
0.47216 0.52784 0.00195274 0.00195274
0.47212 0.52788 0.00194896 0.00194896
0.47208 0.52792 0.00195791 0.00195791
0.47205 0.52795 0.00196469 0.00196469
0.47201 0.52799 0.00197169 0.00197169
0.47195 0.52805 0.00197013 0.00197013
0.47191 0.52809 0.00196544 0.00196544
0.47189 0.52811 0.00197341 0.00197341
0.47194 0.52806 0.0019806 0.0019806
0.47195 0.52805 0.00198869 0.00198869
0.47191 0.52809 0.0019843 0.0019843
0.47191 0.52809 0.0019841 0.0019841
0.47184 0.52816 0.00198264 0.00198264
0.47191 0.52809 0.00198984 0.00198984
0.47189 0.52811 0.00198844 0.00198844
0.47182 0.52818 0.00199597 0.00199597
0.4718 0.5282 0.00199784 0.00199784
0.47176 0.52824 0.00199962 0.00199962
0.47175 0.52825 0.00199566 0.00199566
0.47174 0.52826 0.00199312 0.00199312
0.47183 0.52817 0.00199224 0.00199224
0.47181 0.52819 0.00199232 0.00199232
0.47184 0.52816 0.00199509 0.00199509
0.47179 0.52821 0.00198958 0.00198958
0.47177 0.52823 0.00199485 0.00199485
0.47186 0.52814 0.00200075 0.00200075
0.47185 0.52815 0.00199869 0.00199869
0.47192 0.52808 0.00199519 0.00199519
0.47189 0.52811 0.00199555 0.00199555
0.47195 0.52805 0.0019932 0.0019932
0.47201 0.52799 0.00199078 0.00199078
0.47197 0.52803 0.001987 0.001987
0.472 0.528 0.00198632 0.00198632
0.47194 0.52806 0.00198755 0.00198755
0.47196 0.52804 0.00198994 0.00198994
0.47198 0.52802 0.00199103 0.00199103
0.47193 0.52807 0.0019855 0.0019855
0.47198 0.52802 0.00198925 0.00198925
0.47199 0.52801 0.00198928 0.00198928
0.47196 0.52804 0.00198505 0.00198505
0.47197 0.52803 0.00198078 0.00198078
0.472 0.528 0.00198174 0.00198174
0.47207 0.52793 0.00198661 0.00198661
0.47205 0.52795 0.0019831 0.0019831
0.47207 0.52793 0.00198396 0.00198396
0.47202 0.52798 0.00198541 0.00198541
0.47205 0.52795 0.00198789 0.00198789
0.47207 0.52793 0.00199611 0.00199611
0.47205 0.52795 0.00199807 0.00199807
0.47216 0.52784 0.00199585 0.00199585
0.47214 0.52786 0.00199804 0.00199804
0.47216 0.52784 0.00200521 0.00200521
0.47219 0.52781 0.00201353 0.00201353
0.47216 0.52784 0.00201195 0.00201195
0.47223 0.52777 0.00201151 0.00201151
0.47224 0.52776 0.00201093 0.00201093
0.47222 0.52778 0.00201143 0.00201143
0.47222 0.52778 0.00200937 0.00200937
0.47217 0.52783 0.00201065 0.00201065
0.47213 0.52787 0.00199753 0.00199753
0.47208 0.52792 0.00200078 0.00200078
0.4721 0.5279 0.00200312 0.00200312
0.47203 0.52797 0.0020035 0.0020035
0.47206 0.52794 0.00200282 0.00200282
0.4721 0.5279 0.00200009 0.00200009
0.4721 0.5279 0.0020008 0.0020008
0.47213 0.52787 0.00199304 0.00199304
0.47212 0.52788 0.00199718 0.00199718
0.47215 0.52785 0.00199391 0.00199391
0.47215 0.52785 0.00199593 0.00199593
0.47216 0.52784 0.00199157 0.00199157
