0.4971 0.5029 0.000231485 0.000231485
0.49507 0.50493 0.000678005 0.000678005
0.49159 0.50841 0.00124816 0.00124816
0.48982 0.51018 0.00202892 0.00202892
0.48751 0.51249 0.00285369 0.00285369
0.48675 0.51325 0.00367801 0.00367801
0.48573 0.51427 0.00467483 0.00467483
0.48482 0.51518 0.00549805 0.00549805
0.48359 0.51641 0.00643867 0.00643867
0.48184 0.51816 0.00714519 0.00714519
0.48062 0.51938 0.007758 0.007758
0.48023 0.51977 0.00849058 0.00849058
0.47962 0.52038 0.00915381 0.00915381
0.47901 0.52099 0.00979282 0.00979282
0.47862 0.52138 0.0103334 0.0103334
0.47813 0.52187 0.0108674 0.0108674
0.4774 0.5226 0.011337 0.011337
0.47683 0.52317 0.0117812 0.0117812
0.47649 0.52351 0.0121106 0.0121106
0.47612 0.52388 0.0124115 0.0124115
0.47623 0.52377 0.0127008 0.0127008
0.47578 0.52422 0.0129989 0.0129989
0.47572 0.52428 0.013296 0.013296
0.47569 0.52431 0.0135944 0.0135944
0.47551 0.52449 0.0138096 0.0138096
0.47524 0.52476 0.0140434 0.0140434
0.4752 0.5248 0.0142214 0.0142214
0.47514 0.52486 0.0144268 0.0144268
0.47515 0.52485 0.0145939 0.0145939
0.47489 0.52511 0.0147421 0.0147421
0.47485 0.52515 0.014918 0.014918
0.47459 0.52541 0.0149637 0.0149637
0.47449 0.52551 0.0150992 0.0150992
0.47457 0.52543 0.0151701 0.0151701
0.47422 0.52578 0.0152249 0.0152249
0.47405 0.52595 0.0153334 0.0153334
0.47391 0.52609 0.0154046 0.0154046
0.47377 0.52623 0.0154683 0.0154683
0.47369 0.52631 0.0155302 0.0155302
0.47361 0.52639 0.0155569 0.0155569
0.47335 0.52665 0.0156383 0.0156383
0.47352 0.52648 0.0156961 0.0156961
0.47346 0.52654 0.0158253 0.0158253
0.4736 0.5264 0.0158241 0.0158241
0.47366 0.52634 0.0158673 0.0158673
0.47372 0.52628 0.0158616 0.0158616
0.47363 0.52637 0.0159196 0.0159196
0.47387 0.52613 0.0159607 0.0159607
0.47366 0.52634 0.0160049 0.0160049
0.47355 0.52645 0.0159965 0.0159965
0.47359 0.52641 0.0160546 0.0160546
0.4737 0.5263 0.0160838 0.0160838
0.47365 0.52635 0.0160949 0.0160949
0.4736 0.5264 0.0160936 0.0160936
0.47342 0.52658 0.0161195 0.0161195
0.47332 0.52668 0.0161692 0.0161692
0.47335 0.52665 0.0161867 0.0161867
0.4732 0.5268 0.0161779 0.0161779
0.4733 0.5267 0.0161999 0.0161999
0.47333 0.52667 0.0162021 0.0162021
0.47337 0.52663 0.0162746 0.0162746
0.47355 0.52645 0.016316 0.016316
0.47374 0.52626 0.0163811 0.0163811
0.47389 0.52611 0.0164039 0.0164039
0.47395 0.52605 0.016392 0.016392
0.47398 0.52602 0.0164131 0.0164131
0.47387 0.52613 0.0164402 0.0164402
0.4738 0.5262 0.0164288 0.0164288
0.47379 0.52621 0.0164511 0.0164511
0.4738 0.5262 0.016474 0.016474
0.47373 0.52627 0.0164887 0.0164887
0.47389 0.52611 0.0164956 0.0164956
0.47381 0.52619 0.0164889 0.0164889
0.47379 0.52621 0.0164466 0.0164466
0.47375 0.52625 0.0164813 0.0164813
0.47362 0.52638 0.0164885 0.0164885
0.47371 0.52629 0.0165234 0.0165234
0.47352 0.52648 0.0165374 0.0165374
0.47344 0.52656 0.0165371 0.0165371
0.47356 0.52644 0.0165422 0.0165422
0.47341 0.52659 0.016565 0.016565
0.47332 0.52668 0.0165705 0.0165705
0.47323 0.52677 0.0165728 0.0165728
0.47332 0.52668 0.0165723 0.0165723
0.4733 0.5267 0.0165577 0.0165577
0.47324 0.52676 0.0165594 0.0165594
0.47336 0.52664 0.0166322 0.0166322
0.47338 0.52662 0.0166631 0.0166631
0.47344 0.52656 0.0166661 0.0166661
0.47351 0.52649 0.0166449 0.0166449
0.47359 0.52641 0.0166458 0.0166458
0.47348 0.52652 0.0166614 0.0166614
0.47336 0.52664 0.016629 0.016629
0.4734 0.5266 0.0166439 0.0166439
0.4734 0.5266 0.0166899 0.0166899
0.47321 0.52679 0.0166356 0.0166356
0.47306 0.52694 0.0166431 0.0166431
0.47314 0.52686 0.016646 0.016646
0.47299 0.52701 0.0166398 0.0166398
0.47297 0.52703 0.0166329 0.0166329
0.47293 0.52707 0.0166784 0.0166784
0.47314 0.52686 0.0166887 0.0166887
0.47306 0.52694 0.016659 0.016659
0.47319 0.52681 0.0166964 0.0166964
0.47329 0.52671 0.0167039 0.0167039
0.47321 0.52679 0.0166843 0.0166843
0.47313 0.52687 0.016666 0.016666
0.47305 0.52695 0.0166937 0.0166937
0.473 0.527 0.0167208 0.0167208
0.47296 0.52704 0.0166871 0.0166871
0.47309 0.52691 0.0167165 0.0167165
0.4731 0.5269 0.0166929 0.0166929
0.47301 0.52699 0.0167056 0.0167056
0.47281 0.52719 0.0166899 0.0166899
0.47277 0.52723 0.0167061 0.0167061
0.47277 0.52723 0.0167414 0.0167414
0.47255 0.52745 0.0167761 0.0167761
0.47252 0.52748 0.0167833 0.0167833
0.47255 0.52745 0.0167995 0.0167995
0.47241 0.52759 0.0167788 0.0167788
0.47215 0.52785 0.0167667 0.0167667
0.47223 0.52777 0.016748 0.016748
0.4721 0.5279 0.0167477 0.0167477
0.47235 0.52765 0.0167592 0.0167592
0.47228 0.52772 0.0167801 0.0167801
0.47249 0.52751 0.0167886 0.0167886
0.4725 0.5275 0.0167449 0.0167449
0.47232 0.52768 0.0167687 0.0167687
0.47227 0.52773 0.0167812 0.0167812
0.47237 0.52763 0.0167621 0.0167621
0.47245 0.52755 0.0168136 0.0168136
0.47246 0.52754 0.0168549 0.0168549
0.47246 0.52754 0.0168652 0.0168652
0.47235 0.52765 0.0168849 0.0168849
0.47248 0.52752 0.0169312 0.0169312
0.4724 0.5276 0.0169684 0.0169684
0.47238 0.52762 0.0170013 0.0170013
0.47219 0.52781 0.0170254 0.0170254
0.4723 0.5277 0.0170235 0.0170235
0.47236 0.52764 0.0170485 0.0170485
0.4723 0.5277 0.0170408 0.0170408
0.47226 0.52774 0.0170535 0.0170535
0.47208 0.52792 0.0170482 0.0170482
0.47205 0.52795 0.0170755 0.0170755
0.47218 0.52782 0.017076 0.017076
0.47224 0.52776 0.0171103 0.0171103
0.47239 0.52761 0.0171176 0.0171176
0.47227 0.52773 0.0170741 0.0170741
0.47221 0.52779 0.0170647 0.0170647
0.47237 0.52763 0.0170849 0.0170849
0.47241 0.52759 0.0171121 0.0171121
0.47239 0.52761 0.0170577 0.0170577
0.4724 0.5276 0.0170581 0.0170581
0.47246 0.52754 0.0170701 0.0170701
0.47246 0.52754 0.0170629 0.0170629
0.47257 0.52743 0.0170894 0.0170894
0.47257 0.52743 0.0171148 0.0171148
0.4726 0.5274 0.0171431 0.0171431
0.47279 0.52721 0.0171639 0.0171639
0.47272 0.52728 0.0171537 0.0171537
0.47286 0.52714 0.0171298 0.0171298
0.47293 0.52707 0.0171694 0.0171694
0.47302 0.52698 0.0171838 0.0171838
0.47315 0.52685 0.01722 0.01722
0.47301 0.52699 0.0171755 0.0171755
0.47296 0.52704 0.0171586 0.0171586
0.47292 0.52708 0.0171617 0.0171617
0.4729 0.5271 0.0171539 0.0171539
0.4729 0.5271 0.0171933 0.0171933
0.47293 0.52707 0.0172218 0.0172218
0.47299 0.52701 0.0172243 0.0172243
0.47307 0.52693 0.017193 0.017193
0.47298 0.52702 0.017191 0.017191
0.47293 0.52707 0.017191 0.017191
0.47282 0.52718 0.0171745 0.0171745
0.47274 0.52726 0.0172146 0.0172146
0.47286 0.52714 0.0171924 0.0171924
0.47276 0.52724 0.017179 0.017179
0.47277 0.52723 0.0171806 0.0171806
0.47277 0.52723 0.0171754 0.0171754
0.47283 0.52717 0.0171707 0.0171707
0.47302 0.52698 0.0171881 0.0171881
0.47284 0.52716 0.0172176 0.0172176
0.47282 0.52718 0.0172258 0.0172258
0.47285 0.52715 0.017211 0.017211
0.47275 0.52725 0.0172527 0.0172527
0.47279 0.52721 0.0172585 0.0172585
0.47273 0.52727 0.0172543 0.0172543
0.47264 0.52736 0.0172376 0.0172376
0.47264 0.52736 0.0172477 0.0172477
0.47267 0.52733 0.0172515 0.0172515
0.47269 0.52731 0.0172468 0.0172468
0.47277 0.52723 0.0172322 0.0172322
0.47267 0.52733 0.0171914 0.0171914
0.47275 0.52725 0.0172086 0.0172086
0.47276 0.52724 0.0172126 0.0172126
0.47283 0.52717 0.0172613 0.0172613
0.4727 0.5273 0.0172472 0.0172472
0.47267 0.52733 0.0172796 0.0172796
0.47284 0.52716 0.0172907 0.0172907
0.47292 0.52708 0.0172837 0.0172837
0.47296 0.52704 0.0173044 0.0173044
0.47303 0.52697 0.0173597 0.0173597
0.47298 0.52702 0.0173815 0.0173815
0.4728 0.5272 0.0174147 0.0174147
0.47277 0.52723 0.0174096 0.0174096
0.4727 0.5273 0.0174388 0.0174388
0.47281 0.52719 0.0174327 0.0174327
0.47277 0.52723 0.0174564 0.0174564
0.47274 0.52726 0.0174818 0.0174818
0.47285 0.52715 0.0174857 0.0174857
0.47275 0.52725 0.0174858 0.0174858
0.47265 0.52735 0.0175001 0.0175001
0.4726 0.5274 0.0175429 0.0175429
0.47258 0.52742 0.0174959 0.0174959
0.47257 0.52743 0.0174786 0.0174786
0.47272 0.52728 0.0174933 0.0174933
0.47256 0.52744 0.0174635 0.0174635
0.47264 0.52736 0.0174918 0.0174918
0.47278 0.52722 0.0175068 0.0175068
0.4727 0.5273 0.0175368 0.0175368
0.47277 0.52723 0.0175472 0.0175472
0.47289 0.52711 0.0175836 0.0175836
0.47275 0.52725 0.0176159 0.0176159
0.47274 0.52726 0.017641 0.017641
0.47267 0.52733 0.0176525 0.0176525
0.4727 0.5273 0.0177254 0.0177254
0.47265 0.52735 0.0177398 0.0177398
0.47263 0.52737 0.0177557 0.0177557
0.47264 0.52736 0.0177644 0.0177644
0.47257 0.52743 0.0177445 0.0177445
0.47265 0.52735 0.0177205 0.0177205
0.47273 0.52727 0.0177015 0.0177015
0.47285 0.52715 0.0176816 0.0176816
0.47286 0.52714 0.0176876 0.0176876
0.4728 0.5272 0.0177373 0.0177373
0.4727 0.5273 0.0177744 0.0177744
0.47254 0.52746 0.0177708 0.0177708
0.47254 0.52746 0.0178102 0.0178102
0.47241 0.52759 0.0177798 0.0177798
0.4723 0.5277 0.0178091 0.0178091
0.47224 0.52776 0.0178126 0.0178126
0.47235 0.52765 0.0178444 0.0178444
0.47214 0.52786 0.017827 0.017827
0.47203 0.52797 0.0178066 0.0178066
0.47198 0.52802 0.0178614 0.0178614
0.47186 0.52814 0.0178392 0.0178392
0.47196 0.52804 0.0178692 0.0178692
0.47191 0.52809 0.0178766 0.0178766
0.47206 0.52794 0.0179071 0.0179071
0.47216 0.52784 0.0179092 0.0179092
0.47224 0.52776 0.0178781 0.0178781
0.47236 0.52764 0.0179093 0.0179093
0.47248 0.52752 0.0178913 0.0178913
0.47241 0.52759 0.0179157 0.0179157
0.47242 0.52758 0.01793 0.01793
0.47237 0.52763 0.0179725 0.0179725
0.47242 0.52758 0.0179621 0.0179621
0.47234 0.52766 0.0179622 0.0179622
0.47229 0.52771 0.0179645 0.0179645
0.47227 0.52773 0.0179796 0.0179796
0.47227 0.52773 0.0179646 0.0179646
0.47239 0.52761 0.0179719 0.0179719
0.4723 0.5277 0.0180216 0.0180216
0.47224 0.52776 0.0180204 0.0180204
0.47215 0.52785 0.0180518 0.0180518
0.47198 0.52802 0.0180577 0.0180577
0.47196 0.52804 0.0180187 0.0180187
0.47211 0.52789 0.0180232 0.0180232
0.47202 0.52798 0.0179984 0.0179984
0.47195 0.52805 0.0179717 0.0179717
0.4719 0.5281 0.0179952 0.0179952
0.47192 0.52808 0.0180319 0.0180319
0.472 0.528 0.0180716 0.0180716
0.47203 0.52797 0.0180937 0.0180937
0.47195 0.52805 0.0180545 0.0180545
0.47199 0.52801 0.0180461 0.0180461
0.47212 0.52788 0.0180591 0.0180591
0.4722 0.5278 0.0180796 0.0180796
0.47223 0.52777 0.0180752 0.0180752
0.47207 0.52793 0.0181332 0.0181332
0.47225 0.52775 0.0181815 0.0181815
0.47218 0.52782 0.0181688 0.0181688
0.47215 0.52785 0.0181535 0.0181535
0.47221 0.52779 0.0181768 0.0181768
0.47222 0.52778 0.0182044 0.0182044
0.47241 0.52759 0.0182247 0.0182247
0.47246 0.52754 0.0182569 0.0182569
0.47242 0.52758 0.0182714 0.0182714
0.47238 0.52762 0.0182886 0.0182886
0.47231 0.52769 0.0183081 0.0183081
0.47235 0.52765 0.0182778 0.0182778
0.47239 0.52761 0.0182667 0.0182667
0.47225 0.52775 0.0182492 0.0182492
0.47226 0.52774 0.0182271 0.0182271
0.47217 0.52783 0.0182346 0.0182346
0.47228 0.52772 0.0182535 0.0182535
0.47234 0.52766 0.0182488 0.0182488
0.47245 0.52755 0.0182625 0.0182625
0.47244 0.52756 0.0182763 0.0182763
0.47251 0.52749 0.0182244 0.0182244
0.47249 0.52751 0.0182586 0.0182586
0.47269 0.52731 0.0182876 0.0182876
0.47268 0.52732 0.0182928 0.0182928
0.47252 0.52748 0.0182544 0.0182544
0.47269 0.52731 0.018234 0.018234
0.47287 0.52713 0.0182801 0.0182801
0.47286 0.52714 0.0183103 0.0183103
0.47294 0.52706 0.0182716 0.0182716
0.47312 0.52688 0.0182585 0.0182585
0.47312 0.52688 0.0182512 0.0182512
0.47316 0.52684 0.0182531 0.0182531
0.47314 0.52686 0.0182415 0.0182415
0.47299 0.52701 0.0182529 0.0182529
0.47295 0.52705 0.0182499 0.0182499
0.47297 0.52703 0.0182736 0.0182736
0.4729 0.5271 0.0182998 0.0182998
0.47295 0.52705 0.0183113 0.0183113
0.47301 0.52699 0.0183069 0.0183069
0.47301 0.52699 0.0183596 0.0183596
0.47301 0.52699 0.0183713 0.0183713
0.47317 0.52683 0.0183768 0.0183768
0.47309 0.52691 0.018402 0.018402
0.47303 0.52697 0.0184102 0.0184102
0.47297 0.52703 0.018425 0.018425
0.47288 0.52712 0.0184258 0.0184258
0.47295 0.52705 0.0184255 0.0184255
0.47291 0.52709 0.0184154 0.0184154
0.47289 0.52711 0.0184039 0.0184039
0.47302 0.52698 0.0183668 0.0183668
0.47293 0.52707 0.0183822 0.0183822
0.47295 0.52705 0.0183923 0.0183923
0.47299 0.52701 0.0184099 0.0184099
0.47308 0.52692 0.0184398 0.0184398
0.47303 0.52697 0.018462 0.018462
0.47309 0.52691 0.0184824 0.0184824
0.47319 0.52681 0.0184903 0.0184903
0.4732 0.5268 0.0184828 0.0184828
0.47309 0.52691 0.0184671 0.0184671
0.47315 0.52685 0.0185398 0.0185398
0.47309 0.52691 0.0185328 0.0185328
0.47317 0.52683 0.0185355 0.0185355
0.47328 0.52672 0.0185812 0.0185812
0.47319 0.52681 0.0185739 0.0185739
0.47312 0.52688 0.0185704 0.0185704
0.47315 0.52685 0.0186221 0.0186221
0.47323 0.52677 0.0186263 0.0186263
0.47331 0.52669 0.0186356 0.0186356
0.47335 0.52665 0.0186493 0.0186493
0.47327 0.52673 0.0186434 0.0186434
0.47335 0.52665 0.0186026 0.0186026
0.47303 0.52697 0.0185614 0.0185614
0.47329 0.52671 0.0185596 0.0185596
0.47326 0.52674 0.0185634 0.0185634
0.47314 0.52686 0.0185431 0.0185431
0.4732 0.5268 0.0185293 0.0185293
0.47315 0.52685 0.0185877 0.0185877
0.47304 0.52696 0.0185947 0.0185947
0.47311 0.52689 0.0186276 0.0186276
0.4731 0.5269 0.0185972 0.0185972
0.47304 0.52696 0.018623 0.018623
0.473 0.527 0.0186089 0.0186089
0.47288 0.52712 0.0186239 0.0186239
0.47293 0.52707 0.0186595 0.0186595
0.47297 0.52703 0.0186442 0.0186442
0.473 0.527 0.0186412 0.0186412
0.47307 0.52693 0.0186175 0.0186175
0.47313 0.52687 0.0185984 0.0185984
0.47296 0.52704 0.0185878 0.0185878
0.47292 0.52708 0.0186025 0.0186025
0.47294 0.52706 0.0186005 0.0186005
0.47293 0.52707 0.0186306 0.0186306
0.47299 0.52701 0.01861 0.01861
0.47287 0.52713 0.0186278 0.0186278
0.47275 0.52725 0.0186827 0.0186827
0.47266 0.52734 0.0187123 0.0187123
0.47242 0.52758 0.0187114 0.0187114
0.47244 0.52756 0.0187144 0.0187144
0.47237 0.52763 0.0187153 0.0187153
0.47248 0.52752 0.0187225 0.0187225
0.47249 0.52751 0.0187624 0.0187624
0.47258 0.52742 0.0187818 0.0187818
0.47254 0.52746 0.0187685 0.0187685
0.47251 0.52749 0.0188189 0.0188189
0.47272 0.52728 0.0188406 0.0188406
0.47277 0.52723 0.0188383 0.0188383
0.47274 0.52726 0.0188828 0.0188828
0.4728 0.5272 0.0189213 0.0189213
0.47288 0.52712 0.0189089 0.0189089
0.47314 0.52686 0.0189325 0.0189325
0.47319 0.52681 0.0189333 0.0189333
0.47328 0.52672 0.0189416 0.0189416
0.47328 0.52672 0.0189502 0.0189502
0.47326 0.52674 0.0189546 0.0189546
0.47314 0.52686 0.0189874 0.0189874
0.47314 0.52686 0.018983 0.018983
0.47303 0.52697 0.019028 0.019028
0.47303 0.52697 0.0190036 0.0190036
0.47292 0.52708 0.0189956 0.0189956
0.47285 0.52715 0.0189573 0.0189573
0.47273 0.52727 0.0189691 0.0189691
0.47266 0.52734 0.0189528 0.0189528
0.47255 0.52745 0.0189585 0.0189585
0.47263 0.52737 0.0189547 0.0189547
0.47248 0.52752 0.0189645 0.0189645
0.47269 0.52731 0.0189912 0.0189912
0.47265 0.52735 0.0189858 0.0189858
0.47264 0.52736 0.0189405 0.0189405
0.4727 0.5273 0.0189375 0.0189375
0.47278 0.52722 0.0189422 0.0189422
0.47278 0.52722 0.0189697 0.0189697
0.47278 0.52722 0.018964 0.018964
0.47284 0.52716 0.0189759 0.0189759
0.4727 0.5273 0.0189746 0.0189746
0.47288 0.52712 0.018983 0.018983
0.47295 0.52705 0.0189888 0.0189888
0.47309 0.52691 0.0189996 0.0189996
0.47304 0.52696 0.0189889 0.0189889
0.473 0.527 0.0189694 0.0189694
0.47289 0.52711 0.0189791 0.0189791
0.47294 0.52706 0.0190395 0.0190395
0.47278 0.52722 0.0190951 0.0190951
0.47271 0.52729 0.0191394 0.0191394
0.47278 0.52722 0.0191869 0.0191869
0.47275 0.52725 0.0191668 0.0191668
0.47289 0.52711 0.0191649 0.0191649
0.47293 0.52707 0.019186 0.019186
0.47303 0.52697 0.0192073 0.0192073
0.473 0.527 0.0191989 0.0191989
0.47309 0.52691 0.019208 0.019208
0.47321 0.52679 0.0192075 0.0192075
0.47319 0.52681 0.0192051 0.0192051
0.47328 0.52672 0.0191854 0.0191854
0.47319 0.52681 0.0191967 0.0191967
0.47316 0.52684 0.0192015 0.0192015
0.47312 0.52688 0.0192348 0.0192348
0.4731 0.5269 0.0192449 0.0192449
0.47309 0.52691 0.0192178 0.0192178
0.47304 0.52696 0.0191865 0.0191865
0.47289 0.52711 0.0192045 0.0192045
0.47271 0.52729 0.019188 0.019188
0.47278 0.52722 0.0192544 0.0192544
0.47266 0.52734 0.0192572 0.0192572
0.47269 0.52731 0.0192431 0.0192431
0.4728 0.5272 0.0192547 0.0192547
0.47288 0.52712 0.0192459 0.0192459
0.47293 0.52707 0.0192396 0.0192396
0.47291 0.52709 0.0192378 0.0192378
0.47304 0.52696 0.0192019 0.0192019
0.47305 0.52695 0.0191944 0.0191944
0.47308 0.52692 0.0191754 0.0191754
0.47316 0.52684 0.0191844 0.0191844
0.47325 0.52675 0.0192102 0.0192102
0.47322 0.52678 0.0192106 0.0192106
0.47318 0.52682 0.019207 0.019207
0.47313 0.52687 0.0191831 0.0191831
0.47308 0.52692 0.0192338 0.0192338
0.47321 0.52679 0.0192301 0.0192301
0.47318 0.52682 0.0192434 0.0192434
0.47311 0.52689 0.0192844 0.0192844
0.47313 0.52687 0.0193035 0.0193035
0.47309 0.52691 0.0193046 0.0193046
0.47302 0.52698 0.019293 0.019293
0.47294 0.52706 0.0193271 0.0193271
0.47286 0.52714 0.0192971 0.0192971
0.47284 0.52716 0.0192835 0.0192835
0.47287 0.52713 0.0192981 0.0192981
0.47302 0.52698 0.0192616 0.0192616
0.47305 0.52695 0.0192675 0.0192675
0.47302 0.52698 0.019292 0.019292
0.47314 0.52686 0.0193184 0.0193184
0.47312 0.52688 0.0193271 0.0193271
0.47307 0.52693 0.0193455 0.0193455
0.47322 0.52678 0.0193825 0.0193825
0.47321 0.52679 0.0193976 0.0193976
0.47338 0.52662 0.0193613 0.0193613
0.47334 0.52666 0.0193982 0.0193982
0.47335 0.52665 0.0194282 0.0194282
0.47337 0.52663 0.0194081 0.0194081
0.47323 0.52677 0.0194764 0.0194764
0.4731 0.5269 0.0195028 0.0195028
0.47309 0.52691 0.019495 0.019495
0.47289 0.52711 0.0194564 0.0194564
0.47292 0.52708 0.0194432 0.0194432
0.47282 0.52718 0.0194216 0.0194216
0.47277 0.52723 0.0194461 0.0194461
0.4726 0.5274 0.0194293 0.0194293
0.4725 0.5275 0.0194339 0.0194339
0.47248 0.52752 0.0194717 0.0194717
0.47236 0.52764 0.0195146 0.0195146
0.47243 0.52757 0.0195144 0.0195144
0.47261 0.52739 0.0195004 0.0195004
0.4725 0.5275 0.019548 0.019548
0.47261 0.52739 0.0195133 0.0195133
0.47286 0.52714 0.0195648 0.0195648
0.47283 0.52717 0.0195919 0.0195919
0.47275 0.52725 0.0196198 0.0196198
0.47266 0.52734 0.0196128 0.0196128
0.47263 0.52737 0.019608 0.019608
0.47268 0.52732 0.0196165 0.0196165
