0.49968 0.50032 5.52299e-05 5.52299e-05
0.49908 0.50092 0.000137226 0.000137226
0.49812 0.50188 0.000219137 0.000219137
0.49722 0.50278 0.000329668 0.000329668
0.49629 0.50371 0.000382915 0.000382915
0.49628 0.50372 0.000495315 0.000495315
0.49605 0.50395 0.000597301 0.000597301
0.49558 0.50442 0.000711377 0.000711377
0.49499 0.50501 0.000823687 0.000823687
0.4947 0.5053 0.000915848 0.000915848
0.49492 0.50508 0.000980761 0.000980761
0.49544 0.50456 0.00104061 0.00104061
0.49529 0.50471 0.00114457 0.00114457
0.4953 0.5047 0.00117233 0.00117233
0.49482 0.50518 0.0012031 0.0012031
0.49479 0.50521 0.00125736 0.00125736
0.49514 0.50486 0.00132133 0.00132133
0.49461 0.50539 0.00133218 0.00133218
0.49409 0.50591 0.001388 0.001388
0.4938 0.5062 0.00141669 0.00141669
0.49386 0.50614 0.00145049 0.00145049
0.49378 0.50622 0.00148569 0.00148569
0.49384 0.50616 0.00151232 0.00151232
0.49327 0.50673 0.00154335 0.00154335
0.49317 0.50683 0.00155707 0.00155707
0.49304 0.50696 0.00157658 0.00157658
0.49306 0.50694 0.00160565 0.00160565
0.49311 0.50689 0.00159822 0.00159822
0.4932 0.5068 0.0016017 0.0016017
0.4933 0.5067 0.00162971 0.00162971
0.49297 0.50703 0.00163029 0.00163029
0.49289 0.50711 0.00162978 0.00162978
0.49297 0.50703 0.0016508 0.0016508
0.49272 0.50728 0.00166398 0.00166398
0.49265 0.50735 0.00167865 0.00167865
0.49253 0.50747 0.00171324 0.00171324
0.49256 0.50744 0.00171516 0.00171516
0.49262 0.50738 0.0017281 0.0017281
0.49275 0.50725 0.0017429 0.0017429
0.49269 0.50731 0.00174743 0.00174743
0.49274 0.50726 0.00176405 0.00176405
0.49273 0.50727 0.00177515 0.00177515
0.49264 0.50736 0.0017846 0.0017846
0.49263 0.50737 0.00178957 0.00178957
0.49255 0.50745 0.00179374 0.00179374
0.49256 0.50744 0.00179738 0.00179738
0.49253 0.50747 0.00179999 0.00179999
0.49263 0.50737 0.00180411 0.00180411
0.49261 0.50739 0.00180192 0.00180192
0.49261 0.50739 0.00179844 0.00179844
0.49254 0.50746 0.00179906 0.00179906
0.49248 0.50752 0.00179989 0.00179989
0.49238 0.50762 0.00179393 0.00179393
0.49244 0.50756 0.00179997 0.00179997
0.49251 0.50749 0.00180173 0.00180173
0.49249 0.50751 0.00180088 0.00180088
0.49252 0.50748 0.00180336 0.00180336
0.49253 0.50747 0.0018011 0.0018011
0.49251 0.50749 0.00179882 0.00179882
0.49247 0.50753 0.00180156 0.00180156
0.49246 0.50754 0.00180405 0.00180405
0.4925 0.5075 0.00181047 0.00181047
0.49247 0.50753 0.00181371 0.00181371
0.4925 0.5075 0.00181373 0.00181373
0.4925 0.5075 0.00181195 0.00181195
0.49254 0.50746 0.00181482 0.00181482
0.49253 0.50747 0.00182049 0.00182049
0.49255 0.50745 0.00182207 0.00182207
0.49254 0.50746 0.00182245 0.00182245
0.49253 0.50747 0.00182282 0.00182282
0.49252 0.50748 0.00182215 0.00182215
0.49252 0.50748 0.00182112 0.00182112
0.49253 0.50747 0.00182266 0.00182266
0.49251 0.50749 0.0018246 0.0018246
0.49247 0.50753 0.00182443 0.00182443
0.49249 0.50751 0.00182569 0.00182569
0.49252 0.50748 0.00182625 0.00182625
0.49254 0.50746 0.00182809 0.00182809
0.49253 0.50747 0.00182756 0.00182756
0.49256 0.50744 0.00182987 0.00182987
0.49256 0.50744 0.00182987 0.00182987
0.49258 0.50742 0.00183025 0.00183025
0.49258 0.50742 0.00183025 0.00183025
0.49257 0.50743 0.00183057 0.00183057
0.49258 0.50742 0.00183346 0.00183346
0.49258 0.50742 0.00183346 0.00183346
0.49258 0.50742 0.00183346 0.00183346
0.49256 0.50744 0.00183496 0.00183496
0.49255 0.50745 0.00183516 0.00183516
0.49254 0.50746 0.00183401 0.00183401
0.49253 0.50747 0.00183286 0.00183286
0.49253 0.50747 0.00183344 0.00183344
0.49254 0.50746 0.00183459 0.00183459
0.49253 0.50747 0.00183488 0.00183488
0.49254 0.50746 0.00183492 0.00183492
0.49255 0.50745 0.00183364 0.00183364
0.49256 0.50744 0.00183322 0.00183322
0.49257 0.50743 0.00183281 0.00183281
0.49257 0.50743 0.00183281 0.00183281
0.49257 0.50743 0.00183281 0.00183281
0.49257 0.50743 0.00183281 0.00183281
0.49257 0.50743 0.00183281 0.00183281
0.49256 0.50744 0.001833 0.001833
0.49256 0.50744 0.001833 0.001833
0.49256 0.50744 0.001833 0.001833
0.49256 0.50744 0.001833 0.001833
0.49256 0.50744 0.001833 0.001833
0.49256 0.50744 0.001833 0.001833
0.49256 0.50744 0.001833 0.001833
0.49256 0.50744 0.001833 0.001833
0.49256 0.50744 0.001833 0.001833
0.49256 0.50744 0.001833 0.001833
0.49256 0.50744 0.001833 0.001833
0.49256 0.50744 0.001833 0.001833
0.49256 0.50744 0.001833 0.001833
0.49256 0.50744 0.001833 0.001833
0.49256 0.50744 0.001833 0.001833
0.49256 0.50744 0.001833 0.001833
0.49256 0.50744 0.001833 0.001833
0.49257 0.50743 0.00183306 0.00183306
0.49257 0.50743 0.00183306 0.00183306
0.49255 0.50745 0.00183185 0.00183185
0.49255 0.50745 0.00183185 0.00183185
0.49256 0.50744 0.001833 0.001833
0.49256 0.50744 0.001833 0.001833
0.49256 0.50744 0.001833 0.001833
0.49256 0.50744 0.001833 0.001833
0.49256 0.50744 0.001833 0.001833
0.49256 0.50744 0.001833 0.001833
0.49256 0.50744 0.001833 0.001833
0.49256 0.50744 0.001833 0.001833
0.49257 0.50743 0.00183306 0.00183306
0.49256 0.50744 0.00183191 0.00183191
0.49256 0.50744 0.00183191 0.00183191
0.49256 0.50744 0.00183191 0.00183191
0.49256 0.50744 0.00183191 0.00183191
0.49256 0.50744 0.00183191 0.00183191
0.49256 0.50744 0.00183191 0.00183191
0.49256 0.50744 0.00183191 0.00183191
0.49256 0.50744 0.00183191 0.00183191
0.49256 0.50744 0.00183191 0.00183191
0.49257 0.50743 0.00183152 0.00183152
0.49257 0.50743 0.00183152 0.00183152
0.49257 0.50743 0.00183152 0.00183152
0.49257 0.50743 0.00183152 0.00183152
0.49257 0.50743 0.00183152 0.00183152
0.49257 0.50743 0.00183152 0.00183152
0.49257 0.50743 0.00183152 0.00183152
0.49257 0.50743 0.00183152 0.00183152
0.49257 0.50743 0.00183152 0.00183152
0.49257 0.50743 0.00183152 0.00183152
0.49257 0.50743 0.00183152 0.00183152
0.49257 0.50743 0.00183152 0.00183152
0.49257 0.50743 0.00183152 0.00183152
0.49257 0.50743 0.00183152 0.00183152
0.49257 0.50743 0.00183152 0.00183152
0.49257 0.50743 0.00183152 0.00183152
0.49257 0.50743 0.00183152 0.00183152
0.49257 0.50743 0.00183152 0.00183152
0.49257 0.50743 0.00183152 0.00183152
0.49257 0.50743 0.00183152 0.00183152
0.49257 0.50743 0.00183152 0.00183152
0.49257 0.50743 0.00183152 0.00183152
0.49257 0.50743 0.00183152 0.00183152
0.49257 0.50743 0.00183152 0.00183152
0.49257 0.50743 0.00183152 0.00183152
0.49257 0.50743 0.00183152 0.00183152
0.49257 0.50743 0.00183152 0.00183152
0.49257 0.50743 0.00183152 0.00183152
0.49257 0.50743 0.00183152 0.00183152
0.49257 0.50743 0.00183152 0.00183152
0.49257 0.50743 0.00183152 0.00183152
0.49257 0.50743 0.00183152 0.00183152
0.49257 0.50743 0.00183152 0.00183152
0.49257 0.50743 0.00183152 0.00183152
0.49257 0.50743 0.00183152 0.00183152
0.49257 0.50743 0.00183152 0.00183152
0.49257 0.50743 0.00183152 0.00183152
0.49257 0.50743 0.00183152 0.00183152
0.49257 0.50743 0.00183152 0.00183152
0.49257 0.50743 0.00183152 0.00183152
0.49257 0.50743 0.00183152 0.00183152
0.49257 0.50743 0.00183152 0.00183152
0.49257 0.50743 0.00183152 0.00183152
0.49257 0.50743 0.00183152 0.00183152
0.49257 0.50743 0.00183152 0.00183152
0.49257 0.50743 0.00183152 0.00183152
0.49257 0.50743 0.00183152 0.00183152
0.49257 0.50743 0.00183152 0.00183152
0.49257 0.50743 0.00183152 0.00183152
0.49257 0.50743 0.00183152 0.00183152
0.49257 0.50743 0.00183152 0.00183152
0.49257 0.50743 0.00183152 0.00183152
0.49257 0.50743 0.00183152 0.00183152
0.49257 0.50743 0.00183152 0.00183152
0.49257 0.50743 0.00183152 0.00183152
0.49257 0.50743 0.00183152 0.00183152
0.49257 0.50743 0.00183152 0.00183152
0.49257 0.50743 0.00183152 0.00183152
0.49257 0.50743 0.00183152 0.00183152
0.49257 0.50743 0.00183152 0.00183152
0.49257 0.50743 0.00183152 0.00183152
0.49257 0.50743 0.00183152 0.00183152
0.49257 0.50743 0.00183152 0.00183152
0.49257 0.50743 0.00183152 0.00183152
0.49257 0.50743 0.00183152 0.00183152
0.49257 0.50743 0.00183152 0.00183152
0.49257 0.50743 0.00183152 0.00183152
0.49257 0.50743 0.00183152 0.00183152
0.49257 0.50743 0.00183152 0.00183152
0.49257 0.50743 0.00183152 0.00183152
0.49257 0.50743 0.00183152 0.00183152
0.49257 0.50743 0.00183152 0.00183152
0.49257 0.50743 0.00183152 0.00183152
0.49257 0.50743 0.00183152 0.00183152
0.49257 0.50743 0.00183152 0.00183152
0.49257 0.50743 0.00183152 0.00183152
0.49257 0.50743 0.00183152 0.00183152
0.49257 0.50743 0.00183152 0.00183152
0.49257 0.50743 0.00183152 0.00183152
0.49257 0.50743 0.00183152 0.00183152
0.49257 0.50743 0.00183152 0.00183152
0.49257 0.50743 0.00183152 0.00183152
0.49257 0.50743 0.00183152 0.00183152
0.49257 0.50743 0.00183152 0.00183152
0.49257 0.50743 0.00183152 0.00183152
0.49257 0.50743 0.00183152 0.00183152
0.49257 0.50743 0.00183152 0.00183152
0.49257 0.50743 0.00183152 0.00183152
0.49257 0.50743 0.00183152 0.00183152
0.49257 0.50743 0.00183152 0.00183152
0.49257 0.50743 0.00183152 0.00183152
0.49257 0.50743 0.00183152 0.00183152
0.49257 0.50743 0.00183152 0.00183152
0.49257 0.50743 0.00183152 0.00183152
0.49257 0.50743 0.00183152 0.00183152
0.49257 0.50743 0.00183152 0.00183152
0.49257 0.50743 0.00183152 0.00183152
0.49257 0.50743 0.00183152 0.00183152
0.49257 0.50743 0.00183152 0.00183152
0.49257 0.50743 0.00183152 0.00183152
0.49257 0.50743 0.00183152 0.00183152
0.49257 0.50743 0.00183152 0.00183152
0.49257 0.50743 0.00183152 0.00183152
0.49257 0.50743 0.00183152 0.00183152
0.49257 0.50743 0.00183152 0.00183152
0.49257 0.50743 0.00183152 0.00183152
0.49257 0.50743 0.00183152 0.00183152
0.49257 0.50743 0.00183152 0.00183152
0.49257 0.50743 0.00183152 0.00183152
0.49257 0.50743 0.00183152 0.00183152
0.49257 0.50743 0.00183152 0.00183152
0.49257 0.50743 0.00183152 0.00183152
0.49257 0.50743 0.00183152 0.00183152
0.49257 0.50743 0.00183152 0.00183152
0.49257 0.50743 0.00183152 0.00183152
0.49257 0.50743 0.00183152 0.00183152
0.49257 0.50743 0.00183152 0.00183152
0.49257 0.50743 0.00183152 0.00183152
0.49257 0.50743 0.00183152 0.00183152
0.49257 0.50743 0.00183152 0.00183152
0.49257 0.50743 0.00183152 0.00183152
0.49257 0.50743 0.00183152 0.00183152
0.49257 0.50743 0.00183152 0.00183152
0.49257 0.50743 0.00183152 0.00183152
0.49257 0.50743 0.00183152 0.00183152
0.49257 0.50743 0.00183152 0.00183152
0.49257 0.50743 0.00183152 0.00183152
0.49257 0.50743 0.00183152 0.00183152
0.49257 0.50743 0.00183152 0.00183152
0.49257 0.50743 0.00183152 0.00183152
0.49257 0.50743 0.00183152 0.00183152
0.49257 0.50743 0.00183152 0.00183152
0.49257 0.50743 0.00183152 0.00183152
0.49257 0.50743 0.00183152 0.00183152
0.49257 0.50743 0.00183152 0.00183152
0.49257 0.50743 0.00183152 0.00183152
0.49257 0.50743 0.00183152 0.00183152
0.49257 0.50743 0.00183152 0.00183152
0.49257 0.50743 0.00183152 0.00183152
0.49257 0.50743 0.00183152 0.00183152
0.49257 0.50743 0.00183152 0.00183152
0.49257 0.50743 0.00183152 0.00183152
0.49257 0.50743 0.00183152 0.00183152
0.49257 0.50743 0.00183152 0.00183152
0.49257 0.50743 0.00183152 0.00183152
0.49257 0.50743 0.00183152 0.00183152
0.49257 0.50743 0.00183152 0.00183152
0.49257 0.50743 0.00183152 0.00183152
0.49257 0.50743 0.00183152 0.00183152
0.49257 0.50743 0.00183152 0.00183152
0.49257 0.50743 0.00183152 0.00183152
0.49257 0.50743 0.00183152 0.00183152
0.49257 0.50743 0.00183152 0.00183152
0.49257 0.50743 0.00183152 0.00183152
0.49257 0.50743 0.00183152 0.00183152
0.49257 0.50743 0.00183152 0.00183152
0.49257 0.50743 0.00183152 0.00183152
0.49257 0.50743 0.00183152 0.00183152
0.49257 0.50743 0.00183152 0.00183152
0.49257 0.50743 0.00183152 0.00183152
0.49257 0.50743 0.00183152 0.00183152
0.49257 0.50743 0.00183152 0.00183152
0.49257 0.50743 0.00183152 0.00183152
0.49257 0.50743 0.00183152 0.00183152
0.49257 0.50743 0.00183152 0.00183152
0.49257 0.50743 0.00183152 0.00183152
0.49257 0.50743 0.00183152 0.00183152
0.49257 0.50743 0.00183152 0.00183152
0.49257 0.50743 0.00183152 0.00183152
0.49257 0.50743 0.00183152 0.00183152
0.49257 0.50743 0.00183152 0.00183152
0.49257 0.50743 0.00183152 0.00183152
0.49257 0.50743 0.00183152 0.00183152
0.49257 0.50743 0.00183152 0.00183152
0.49257 0.50743 0.00183152 0.00183152
0.49257 0.50743 0.00183152 0.00183152
0.49257 0.50743 0.00183152 0.00183152
0.49257 0.50743 0.00183152 0.00183152
0.49257 0.50743 0.00183152 0.00183152
0.49257 0.50743 0.00183152 0.00183152
0.49257 0.50743 0.00183152 0.00183152
0.49257 0.50743 0.00183152 0.00183152
0.49257 0.50743 0.00183152 0.00183152
0.49257 0.50743 0.00183152 0.00183152
0.49257 0.50743 0.00183152 0.00183152
0.49257 0.50743 0.00183152 0.00183152
0.49257 0.50743 0.00183152 0.00183152
0.49257 0.50743 0.00183152 0.00183152
0.49257 0.50743 0.00183152 0.00183152
0.49257 0.50743 0.00183152 0.00183152
0.49257 0.50743 0.00183152 0.00183152
0.49257 0.50743 0.00183152 0.00183152
0.49257 0.50743 0.00183152 0.00183152
0.49257 0.50743 0.00183152 0.00183152
0.49257 0.50743 0.00183152 0.00183152
0.49257 0.50743 0.00183152 0.00183152
0.49257 0.50743 0.00183152 0.00183152
0.49257 0.50743 0.00183152 0.00183152
0.49257 0.50743 0.00183152 0.00183152
0.49257 0.50743 0.00183152 0.00183152
0.49257 0.50743 0.00183152 0.00183152
0.49257 0.50743 0.00183152 0.00183152
0.49257 0.50743 0.00183152 0.00183152
0.49257 0.50743 0.00183152 0.00183152
0.49257 0.50743 0.00183152 0.00183152
0.49257 0.50743 0.00183152 0.00183152
0.49257 0.50743 0.00183152 0.00183152
0.49257 0.50743 0.00183152 0.00183152
0.49257 0.50743 0.00183152 0.00183152
0.49257 0.50743 0.00183152 0.00183152
0.49257 0.50743 0.00183152 0.00183152
0.49257 0.50743 0.00183152 0.00183152
0.49257 0.50743 0.00183152 0.00183152
0.49257 0.50743 0.00183152 0.00183152
0.49257 0.50743 0.00183152 0.00183152
0.49257 0.50743 0.00183152 0.00183152
0.49257 0.50743 0.00183152 0.00183152
0.49257 0.50743 0.00183152 0.00183152
0.49257 0.50743 0.00183152 0.00183152
0.49257 0.50743 0.00183152 0.00183152
0.49257 0.50743 0.00183152 0.00183152
0.49257 0.50743 0.00183152 0.00183152
0.49257 0.50743 0.00183152 0.00183152
0.49257 0.50743 0.00183152 0.00183152
0.49257 0.50743 0.00183152 0.00183152
0.49257 0.50743 0.00183152 0.00183152
0.49257 0.50743 0.00183152 0.00183152
0.49257 0.50743 0.00183152 0.00183152
0.49257 0.50743 0.00183152 0.00183152
0.49257 0.50743 0.00183152 0.00183152
0.49257 0.50743 0.00183152 0.00183152
0.49257 0.50743 0.00183152 0.00183152
0.49257 0.50743 0.00183152 0.00183152
0.49257 0.50743 0.00183152 0.00183152
0.49257 0.50743 0.00183152 0.00183152
0.49257 0.50743 0.00183152 0.00183152
0.49257 0.50743 0.00183152 0.00183152
0.49257 0.50743 0.00183152 0.00183152
0.49257 0.50743 0.00183152 0.00183152
0.49257 0.50743 0.00183152 0.00183152
0.49257 0.50743 0.00183152 0.00183152
0.49257 0.50743 0.00183152 0.00183152
0.49257 0.50743 0.00183152 0.00183152
0.49257 0.50743 0.00183152 0.00183152
0.49257 0.50743 0.00183152 0.00183152
0.49257 0.50743 0.00183152 0.00183152
0.49257 0.50743 0.00183152 0.00183152
0.49257 0.50743 0.00183152 0.00183152
0.49257 0.50743 0.00183152 0.00183152
0.49257 0.50743 0.00183152 0.00183152
0.49257 0.50743 0.00183152 0.00183152
0.49257 0.50743 0.00183152 0.00183152
0.49257 0.50743 0.00183152 0.00183152
0.49257 0.50743 0.00183152 0.00183152
0.49257 0.50743 0.00183152 0.00183152
0.49257 0.50743 0.00183152 0.00183152
0.49257 0.50743 0.00183152 0.00183152
0.49257 0.50743 0.00183152 0.00183152
0.49257 0.50743 0.00183152 0.00183152
0.49257 0.50743 0.00183152 0.00183152
0.49257 0.50743 0.00183152 0.00183152
0.49257 0.50743 0.00183152 0.00183152
0.49257 0.50743 0.00183152 0.00183152
0.49257 0.50743 0.00183152 0.00183152
0.49257 0.50743 0.00183152 0.00183152
0.49257 0.50743 0.00183152 0.00183152
0.49257 0.50743 0.00183152 0.00183152
0.49257 0.50743 0.00183152 0.00183152
0.49257 0.50743 0.00183152 0.00183152
0.49257 0.50743 0.00183152 0.00183152
0.49257 0.50743 0.00183152 0.00183152
0.49257 0.50743 0.00183152 0.00183152
0.49257 0.50743 0.00183152 0.00183152
0.49257 0.50743 0.00183152 0.00183152
0.49257 0.50743 0.00183152 0.00183152
0.49257 0.50743 0.00183152 0.00183152
0.49257 0.50743 0.00183152 0.00183152
0.49257 0.50743 0.00183152 0.00183152
0.49257 0.50743 0.00183152 0.00183152
0.49257 0.50743 0.00183152 0.00183152
0.49257 0.50743 0.00183152 0.00183152
0.49257 0.50743 0.00183152 0.00183152
0.49257 0.50743 0.00183152 0.00183152
0.49257 0.50743 0.00183152 0.00183152
0.49257 0.50743 0.00183152 0.00183152
0.49257 0.50743 0.00183152 0.00183152
0.49257 0.50743 0.00183152 0.00183152
0.49257 0.50743 0.00183152 0.00183152
0.49257 0.50743 0.00183152 0.00183152
0.49257 0.50743 0.00183152 0.00183152
0.49257 0.50743 0.00183152 0.00183152
0.49257 0.50743 0.00183152 0.00183152
0.49257 0.50743 0.00183152 0.00183152
0.49257 0.50743 0.00183152 0.00183152
0.49257 0.50743 0.00183152 0.00183152
0.49257 0.50743 0.00183152 0.00183152
0.49257 0.50743 0.00183152 0.00183152
0.49257 0.50743 0.00183152 0.00183152
0.49257 0.50743 0.00183152 0.00183152
0.49257 0.50743 0.00183152 0.00183152
0.49257 0.50743 0.00183152 0.00183152
0.49257 0.50743 0.00183152 0.00183152
0.49257 0.50743 0.00183152 0.00183152
0.49257 0.50743 0.00183152 0.00183152
0.49257 0.50743 0.00183152 0.00183152
0.49257 0.50743 0.00183152 0.00183152
0.49257 0.50743 0.00183152 0.00183152
0.49257 0.50743 0.00183152 0.00183152
0.49257 0.50743 0.00183152 0.00183152
0.49257 0.50743 0.00183152 0.00183152
0.49257 0.50743 0.00183152 0.00183152
0.49257 0.50743 0.00183152 0.00183152
0.49257 0.50743 0.00183152 0.00183152
0.49257 0.50743 0.00183152 0.00183152
0.49257 0.50743 0.00183152 0.00183152
0.49257 0.50743 0.00183152 0.00183152
0.49257 0.50743 0.00183152 0.00183152
0.49257 0.50743 0.00183152 0.00183152
0.49257 0.50743 0.00183152 0.00183152
0.49257 0.50743 0.00183152 0.00183152
0.49257 0.50743 0.00183152 0.00183152
0.49257 0.50743 0.00183152 0.00183152
0.49257 0.50743 0.00183152 0.00183152
0.49257 0.50743 0.00183152 0.00183152
0.49257 0.50743 0.00183152 0.00183152
0.49257 0.50743 0.00183152 0.00183152
0.49257 0.50743 0.00183152 0.00183152
0.49257 0.50743 0.00183152 0.00183152
0.49257 0.50743 0.00183152 0.00183152
0.49257 0.50743 0.00183152 0.00183152
0.49257 0.50743 0.00183152 0.00183152
0.49257 0.50743 0.00183152 0.00183152
0.49257 0.50743 0.00183152 0.00183152
0.49257 0.50743 0.00183152 0.00183152
0.49257 0.50743 0.00183152 0.00183152
0.49257 0.50743 0.00183152 0.00183152
0.49257 0.50743 0.00183152 0.00183152
0.49257 0.50743 0.00183152 0.00183152
0.49257 0.50743 0.00183152 0.00183152
0.49257 0.50743 0.00183152 0.00183152
0.49257 0.50743 0.00183152 0.00183152
0.49257 0.50743 0.00183152 0.00183152
0.49257 0.50743 0.00183152 0.00183152
0.49257 0.50743 0.00183152 0.00183152
0.49257 0.50743 0.00183152 0.00183152
0.49257 0.50743 0.00183152 0.00183152
0.49257 0.50743 0.00183152 0.00183152
0.49257 0.50743 0.00183152 0.00183152
0.49257 0.50743 0.00183152 0.00183152
0.49257 0.50743 0.00183152 0.00183152
0.49257 0.50743 0.00183152 0.00183152
0.49257 0.50743 0.00183152 0.00183152
0.49257 0.50743 0.00183152 0.00183152
0.49257 0.50743 0.00183152 0.00183152
0.49257 0.50743 0.00183152 0.00183152
0.49257 0.50743 0.00183152 0.00183152
0.49257 0.50743 0.00183152 0.00183152
0.49257 0.50743 0.00183152 0.00183152
0.49257 0.50743 0.00183152 0.00183152
