0.50878 0.49122 0.000341002 0.000341002
0.51653 0.48347 0.00120411 0.00120411
0.52381 0.47619 0.00233504 0.00233504
0.53 0.47 0.00361554 0.00361554
0.5351 0.4649 0.00513898 0.00513898
0.54061 0.45939 0.00676521 0.00676521
0.54476 0.45524 0.00836792 0.00836792
0.54881 0.45119 0.00994743 0.00994743
0.55268 0.44732 0.0115896 0.0115896
0.55602 0.44398 0.0132271 0.0132271
0.55873 0.44127 0.0145508 0.0145508
0.56163 0.43837 0.0158956 0.0158956
0.56442 0.43558 0.0172119 0.0172119
0.5663 0.4337 0.0183526 0.0183526
0.5684 0.4316 0.019527 0.019527
0.57017 0.42983 0.0204659 0.0204659
0.57215 0.42785 0.0212794 0.0212794
0.57348 0.42652 0.0221229 0.0221229
0.57505 0.42495 0.0229347 0.0229347
0.57655 0.42345 0.0237982 0.0237982
0.57756 0.42244 0.0245222 0.0245222
0.57912 0.42088 0.0250833 0.0250833
0.58009 0.41991 0.0255658 0.0255658
0.58088 0.41912 0.0260957 0.0260957
0.58186 0.41814 0.0264396 0.0264396
0.58268 0.41732 0.0268803 0.0268803
0.58314 0.41686 0.0272388 0.0272388
0.58361 0.41639 0.0276582 0.0276582
0.58429 0.41571 0.028045 0.028045
0.58507 0.41493 0.0282491 0.0282491
0.58552 0.41448 0.0286057 0.0286057
0.58608 0.41392 0.0287921 0.0287921
0.58658 0.41342 0.0288923 0.0288923
0.58725 0.41275 0.0290134 0.0290134
0.58786 0.41214 0.0291125 0.0291125
0.58817 0.41183 0.0293648 0.0293648
0.58847 0.41153 0.0295002 0.0295002
0.58878 0.41122 0.0295841 0.0295841
0.58905 0.41095 0.029634 0.029634
0.58933 0.41067 0.0297502 0.0297502
0.58931 0.41069 0.029885 0.029885
0.5894 0.4106 0.0299818 0.0299818
0.58928 0.41072 0.0301551 0.0301551
0.58958 0.41042 0.0302515 0.0302515
0.58976 0.41024 0.0303002 0.0303002
0.59012 0.40988 0.0304379 0.0304379
0.59013 0.40987 0.0304608 0.0304608
0.58993 0.41007 0.0305797 0.0305797
0.59002 0.40998 0.0305685 0.0305685
0.5901 0.4099 0.0306622 0.0306622
0.59016 0.40984 0.0307538 0.0307538
0.59028 0.40972 0.0308426 0.0308426
0.59042 0.40958 0.0308955 0.0308955
0.59027 0.40973 0.030894 0.030894
0.59061 0.40939 0.0309855 0.0309855
0.59082 0.40918 0.0310193 0.0310193
0.5911 0.4089 0.0310539 0.0310539
0.59106 0.40894 0.0310557 0.0310557
0.5912 0.4088 0.031098 0.031098
0.59115 0.40885 0.0311671 0.0311671
0.59157 0.40843 0.0310835 0.0310835
0.59179 0.40821 0.0311172 0.0311172
0.59187 0.40813 0.0311155 0.0311155
0.59186 0.40814 0.0311766 0.0311766
0.59192 0.40808 0.0312101 0.0312101
0.59198 0.40802 0.0312894 0.0312894
0.59208 0.40792 0.0312883 0.0312883
0.59218 0.40782 0.0313048 0.0313048
0.59229 0.40771 0.03129 0.03129
0.59232 0.40768 0.0313036 0.0313036
0.59256 0.40744 0.0312709 0.0312709
0.59263 0.40737 0.0313279 0.0313279
0.59267 0.40733 0.031392 0.031392
0.59279 0.40721 0.0313772 0.0313772
0.59286 0.40714 0.0314173 0.0314173
0.59285 0.40715 0.0314223 0.0314223
0.59299 0.40701 0.0314343 0.0314343
0.59288 0.40712 0.0314313 0.0314313
0.5931 0.4069 0.0313747 0.0313747
0.59335 0.40665 0.0313711 0.0313711
0.59317 0.40683 0.0313604 0.0313604
0.59326 0.40674 0.0314165 0.0314165
0.59324 0.40676 0.0313894 0.0313894
0.59335 0.40665 0.0314169 0.0314169
0.59355 0.40645 0.0314708 0.0314708
0.59352 0.40648 0.0314971 0.0314971
0.59364 0.40636 0.0314479 0.0314479
0.59354 0.40646 0.0314607 0.0314607
0.59379 0.40621 0.0314678 0.0314678
0.59391 0.40609 0.031411 0.031411
0.59398 0.40602 0.0314347 0.0314347
0.59385 0.40615 0.0314518 0.0314518
0.59378 0.40622 0.0314916 0.0314916
0.59371 0.40629 0.0315043 0.0315043
0.59354 0.40646 0.0315213 0.0315213
0.5934 0.4066 0.0315088 0.0315088
0.59352 0.40648 0.0315248 0.0315248
0.59343 0.40657 0.031554 0.031554
0.59337 0.40663 0.0315367 0.0315367
0.59339 0.40661 0.0315834 0.0315834
0.59346 0.40654 0.0316548 0.0316548
0.59337 0.40663 0.0317132 0.0317132
0.59352 0.40648 0.0317648 0.0317648
0.59351 0.40649 0.0317659 0.0317659
0.59367 0.40633 0.031753 0.031753
0.59376 0.40624 0.0317529 0.0317529
0.5938 0.4062 0.0317207 0.0317207
0.59379 0.40621 0.0317321 0.0317321
0.59393 0.40607 0.0317095 0.0317095
0.59401 0.40599 0.031736 0.031736
0.59396 0.40604 0.0317113 0.0317113
0.5939 0.4061 0.0316859 0.0316859
0.59407 0.40593 0.0317098 0.0317098
0.59408 0.40592 0.0317208 0.0317208
0.59417 0.40583 0.0316577 0.0316577
0.59437 0.40563 0.0316538 0.0316538
0.59433 0.40567 0.0316584 0.0316584
0.59441 0.40559 0.0316709 0.0316709
0.59444 0.40556 0.0316629 0.0316629
0.59452 0.40548 0.0316333 0.0316333
0.59458 0.40542 0.0316624 0.0316624
0.5945 0.4055 0.0316603 0.0316603
0.59456 0.40544 0.031679 0.031679
0.59464 0.40536 0.0317238 0.0317238
0.5946 0.4054 0.0317614 0.0317614
0.59471 0.40529 0.0317485 0.0317485
0.59493 0.40507 0.0317448 0.0317448
0.59505 0.40495 0.0317182 0.0317182
0.59515 0.40485 0.0317082 0.0317082
0.59516 0.40484 0.0317364 0.0317364
0.59518 0.40482 0.0318224 0.0318224
0.59523 0.40477 0.0318421 0.0318421
0.5952 0.4048 0.0318339 0.0318339
0.5952 0.4048 0.0318725 0.0318725
0.5951 0.4049 0.0319253 0.0319253
0.59521 0.40479 0.0319424 0.0319424
0.59523 0.40477 0.0319792 0.0319792
0.59522 0.40478 0.0319986 0.0319986
0.59506 0.40494 0.0319975 0.0319975
0.59509 0.40491 0.0320389 0.0320389
0.59506 0.40494 0.0320251 0.0320251
0.595 0.405 0.0320266 0.0320266
0.5951 0.4049 0.0320587 0.0320587
0.59516 0.40484 0.0321138 0.0321138
0.59509 0.40491 0.0321906 0.0321906
0.59508 0.40492 0.0322271 0.0322271
0.59505 0.40495 0.0322439 0.0322439
0.59505 0.40495 0.0322597 0.0322597
0.59495 0.40505 0.0322279 0.0322279
0.59492 0.40508 0.0322612 0.0322612
0.59495 0.40505 0.0322331 0.0322331
0.59498 0.40502 0.0322619 0.0322619
0.5948 0.4052 0.0322764 0.0322764
0.59488 0.40512 0.0322479 0.0322479
0.59497 0.40503 0.0323066 0.0323066
0.595 0.405 0.0322914 0.0322914
0.59524 0.40476 0.0322831 0.0322831
0.59529 0.40471 0.032293 0.032293
0.59518 0.40482 0.0322934 0.0322934
0.59522 0.40478 0.0323085 0.0323085
0.59538 0.40462 0.0323234 0.0323234
0.59528 0.40472 0.0323691 0.0323691
0.59512 0.40488 0.0324494 0.0324494
0.59513 0.40487 0.0324673 0.0324673
0.59525 0.40475 0.0324754 0.0324754
0.59515 0.40485 0.0325542 0.0325542
0.59517 0.40483 0.0325418 0.0325418
0.59515 0.40485 0.0325841 0.0325841
0.59505 0.40495 0.0325919 0.0325919
0.5952 0.4048 0.0325795 0.0325795
0.59526 0.40474 0.0325994 0.0325994
0.59542 0.40458 0.0325932 0.0325932
0.59553 0.40447 0.0326059 0.0326059
0.59551 0.40449 0.0326663 0.0326663
0.59552 0.40448 0.0326894 0.0326894
0.59563 0.40437 0.0327165 0.0327165
0.59556 0.40444 0.0327494 0.0327494
0.59553 0.40447 0.0328043 0.0328043
0.59549 0.40451 0.0328712 0.0328712
0.59563 0.40437 0.0329125 0.0329125
0.59572 0.40428 0.0329054 0.0329054
0.59579 0.40421 0.0328917 0.0328917
0.59584 0.40416 0.0329134 0.0329134
0.59569 0.40431 0.0329603 0.0329603
0.59592 0.40408 0.0329987 0.0329987
0.59579 0.40421 0.0329802 0.0329802
0.59579 0.40421 0.032968 0.032968
0.59572 0.40428 0.0329704 0.0329704
0.59581 0.40419 0.0330019 0.0330019
0.59572 0.40428 0.0330498 0.0330498
0.5959 0.4041 0.0330557 0.0330557
0.59596 0.40404 0.0330142 0.0330142
0.59598 0.40402 0.0330745 0.0330745
0.59599 0.40401 0.0330548 0.0330548
0.59611 0.40389 0.0330808 0.0330808
0.59607 0.40393 0.0331204 0.0331204
0.59603 0.40397 0.0331274 0.0331274
0.59603 0.40397 0.0331654 0.0331654
0.59599 0.40401 0.0331674 0.0331674
0.59599 0.40401 0.0331986 0.0331986
0.59602 0.40398 0.0331787 0.0331787
0.59593 0.40407 0.0331944 0.0331944
0.59578 0.40422 0.0332314 0.0332314
0.59582 0.40418 0.0332302 0.0332302
0.59586 0.40414 0.0332528 0.0332528
0.59589 0.40411 0.0332482 0.0332482
0.59586 0.40414 0.0332783 0.0332783
0.59589 0.40411 0.0332485 0.0332485
0.59611 0.40389 0.0332811 0.0332811
0.59601 0.40399 0.0333214 0.0333214
0.59584 0.40416 0.0333718 0.0333718
0.59584 0.40416 0.0334216 0.0334216
0.59595 0.40405 0.0333719 0.0333719
0.59611 0.40389 0.0333743 0.0333743
0.59617 0.40383 0.0333943 0.0333943
0.59611 0.40389 0.0334003 0.0334003
0.59634 0.40366 0.0333858 0.0333858
0.59631 0.40369 0.0334148 0.0334148
0.59624 0.40376 0.0333679 0.0333679
0.59637 0.40363 0.0333571 0.0333571
0.59634 0.40366 0.0334073 0.0334073
0.59647 0.40353 0.0333881 0.0333881
0.59664 0.40336 0.0334286 0.0334286
0.59675 0.40325 0.0334188 0.0334188
0.59671 0.40329 0.0334451 0.0334451
0.59688 0.40312 0.0334254 0.0334254
0.59703 0.40297 0.0334289 0.0334289
0.59723 0.40277 0.0334789 0.0334789
0.59728 0.40272 0.0334576 0.0334576
0.59723 0.40277 0.0334684 0.0334684
0.59713 0.40287 0.0334679 0.0334679
0.59732 0.40268 0.0335355 0.0335355
0.59742 0.40258 0.0335659 0.0335659
0.59756 0.40244 0.0335839 0.0335839
0.59754 0.40246 0.0336227 0.0336227
0.5974 0.4026 0.0336398 0.0336398
0.59753 0.40247 0.0336662 0.0336662
0.59762 0.40238 0.0337348 0.0337348
0.59754 0.40246 0.0337783 0.0337783
0.59744 0.40256 0.0337893 0.0337893
0.59742 0.40258 0.033805 0.033805
0.59754 0.40246 0.0338555 0.0338555
0.59768 0.40232 0.0338533 0.0338533
0.59773 0.40227 0.0338873 0.0338873
0.59768 0.40232 0.033906 0.033906
0.59748 0.40252 0.033926 0.033926
0.59743 0.40257 0.033883 0.033883
0.59741 0.40259 0.0338983 0.0338983
0.59754 0.40246 0.0339203 0.0339203
0.59766 0.40234 0.0339118 0.0339118
0.59789 0.40211 0.0339019 0.0339019
0.59791 0.40209 0.03395 0.03395
0.59801 0.40199 0.0339549 0.0339549
0.59801 0.40199 0.0339845 0.0339845
0.59804 0.40196 0.0339655 0.0339655
0.59797 0.40203 0.0339927 0.0339927
0.59788 0.40212 0.0340395 0.0340395
0.59786 0.40214 0.0339915 0.0339915
0.59766 0.40234 0.0339578 0.0339578
0.59759 0.40241 0.0339868 0.0339868
0.59767 0.40233 0.03404 0.03404
0.59782 0.40218 0.0340054 0.0340054
0.59796 0.40204 0.0339946 0.0339946
0.59811 0.40189 0.0339962 0.0339962
0.59816 0.40184 0.0340085 0.0340085
0.59798 0.40202 0.0340873 0.0340873
0.5979 0.4021 0.0341216 0.0341216
0.5977 0.4023 0.0341127 0.0341127
0.59764 0.40236 0.0341399 0.0341399
0.59766 0.40234 0.034153 0.034153
0.59768 0.40232 0.0340845 0.0340845
0.59772 0.40228 0.0340878 0.0340878
0.59785 0.40215 0.0340944 0.0340944
0.59788 0.40212 0.0340902 0.0340902
0.59788 0.40212 0.0340849 0.0340849
0.59794 0.40206 0.0340196 0.0340196
0.59792 0.40208 0.0340246 0.0340246
0.59796 0.40204 0.0340285 0.0340285
0.59805 0.40195 0.0340756 0.0340756
0.59803 0.40197 0.0341376 0.0341376
0.59804 0.40196 0.0340659 0.0340659
0.598 0.402 0.0339995 0.0339995
0.59801 0.40199 0.0340197 0.0340197
0.59801 0.40199 0.0340529 0.0340529
0.59775 0.40225 0.0340008 0.0340008
0.59786 0.40214 0.0340046 0.0340046
0.59771 0.40229 0.034014 0.034014
0.5978 0.4022 0.0340263 0.0340263
0.59799 0.40201 0.0340073 0.0340073
0.598 0.402 0.034045 0.034045
0.5979 0.4021 0.0340566 0.0340566
0.59789 0.40211 0.0340979 0.0340979
0.59789 0.40211 0.0341159 0.0341159
0.59807 0.40193 0.0341646 0.0341646
0.59807 0.40193 0.0341266 0.0341266
0.5979 0.4021 0.0341082 0.0341082
0.59781 0.40219 0.0341296 0.0341296
0.59782 0.40218 0.0341379 0.0341379
0.59794 0.40206 0.0341636 0.0341636
0.59809 0.40191 0.0341857 0.0341857
0.59825 0.40175 0.0342125 0.0342125
0.59823 0.40177 0.0342252 0.0342252
0.59813 0.40187 0.0342342 0.0342342
0.59819 0.40181 0.03427 0.03427
0.59815 0.40185 0.0342571 0.0342571
0.59814 0.40186 0.0342357 0.0342357
0.59815 0.40185 0.0342471 0.0342471
0.59828 0.40172 0.034216 0.034216
0.5982 0.4018 0.0342524 0.0342524
0.59821 0.40179 0.034256 0.034256
0.59821 0.40179 0.034284 0.034284
0.59831 0.40169 0.034271 0.034271
0.59849 0.40151 0.0342937 0.0342937
0.59862 0.40138 0.0342958 0.0342958
0.59864 0.40136 0.0343645 0.0343645
0.59864 0.40136 0.0343638 0.0343638
0.59857 0.40143 0.0343699 0.0343699
0.59872 0.40128 0.0344156 0.0344156
0.59872 0.40128 0.0344429 0.0344429
0.59872 0.40128 0.0345397 0.0345397
0.59866 0.40134 0.0345387 0.0345387
0.59873 0.40127 0.0345591 0.0345591
0.59864 0.40136 0.0345649 0.0345649
0.59873 0.40127 0.0345771 0.0345771
0.59876 0.40124 0.0346057 0.0346057
0.59893 0.40107 0.0345798 0.0345798
0.59892 0.40108 0.034578 0.034578
0.59913 0.40087 0.0345858 0.0345858
0.59907 0.40093 0.0346012 0.0346012
0.599 0.401 0.0346456 0.0346456
0.59922 0.40078 0.0346345 0.0346345
0.59922 0.40078 0.0346385 0.0346385
0.59912 0.40088 0.0346229 0.0346229
0.59914 0.40086 0.0346635 0.0346635
0.59904 0.40096 0.0346445 0.0346445
0.59913 0.40087 0.0346566 0.0346566
0.59919 0.40081 0.0346452 0.0346452
0.59923 0.40077 0.0346366 0.0346366
0.59925 0.40075 0.034664 0.034664
0.59944 0.40056 0.0346384 0.0346384
0.59946 0.40054 0.0346665 0.0346665
0.59939 0.40061 0.0346745 0.0346745
0.59955 0.40045 0.0346724 0.0346724
0.5995 0.4005 0.0346988 0.0346988
0.59948 0.40052 0.0346949 0.0346949
0.59947 0.40053 0.03468 0.03468
0.59944 0.40056 0.0346471 0.0346471
0.59954 0.40046 0.0347227 0.0347227
0.59956 0.40044 0.0347539 0.0347539
0.59967 0.40033 0.034736 0.034736
0.59948 0.40052 0.0347145 0.0347145
0.5998 0.4002 0.0347109 0.0347109
0.59981 0.40019 0.034742 0.034742
0.5998 0.4002 0.0347859 0.0347859
0.59994 0.40006 0.034826 0.034826
0.59999 0.40001 0.0348282 0.0348282
0.59985 0.40015 0.0348388 0.0348388
0.59997 0.40003 0.0348676 0.0348676
0.60007 0.39993 0.0348901 0.0348901
0.60005 0.39995 0.0348965 0.0348965
0.60015 0.39985 0.0349015 0.0349015
0.60011 0.39989 0.0349775 0.0349775
0.60026 0.39974 0.0349829 0.0349829
0.60033 0.39967 0.0349901 0.0349901
0.60028 0.39972 0.035027 0.035027
0.60042 0.39958 0.0350201 0.0350201
0.60038 0.39962 0.0350221 0.0350221
0.60044 0.39956 0.0350628 0.0350628
0.60034 0.39966 0.0350895 0.0350895
0.60026 0.39974 0.0350624 0.0350624
0.60034 0.39966 0.0350799 0.0350799
0.60044 0.39956 0.0351362 0.0351362
0.60045 0.39955 0.0351437 0.0351437
0.60047 0.39953 0.0351007 0.0351007
0.6005 0.3995 0.0351479 0.0351479
0.60042 0.39958 0.0351554 0.0351554
0.6005 0.3995 0.0351626 0.0351626
0.60048 0.39952 0.035123 0.035123
0.60049 0.39951 0.0351468 0.0351468
0.60065 0.39935 0.0351313 0.0351313
0.60074 0.39926 0.0350889 0.0350889
0.60078 0.39922 0.0350804 0.0350804
0.60065 0.39935 0.0351197 0.0351197
0.60043 0.39957 0.0351691 0.0351691
0.60039 0.39961 0.0352182 0.0352182
0.60029 0.39971 0.0351999 0.0351999
0.60019 0.39981 0.0352317 0.0352317
0.60034 0.39966 0.035174 0.035174
0.60041 0.39959 0.0351533 0.0351533
0.60045 0.39955 0.0351502 0.0351502
0.60076 0.39924 0.0351604 0.0351604
0.60069 0.39931 0.0351707 0.0351707
0.60083 0.39917 0.035198 0.035198
0.6008 0.3992 0.0352114 0.0352114
0.6009 0.3991 0.0352335 0.0352335
0.60085 0.39915 0.0352043 0.0352043
0.60079 0.39921 0.0352276 0.0352276
0.60094 0.39906 0.0352664 0.0352664
0.60098 0.39902 0.0353112 0.0353112
0.60096 0.39904 0.0353191 0.0353191
0.601 0.399 0.0353612 0.0353612
0.60112 0.39888 0.0353534 0.0353534
0.60129 0.39871 0.0353462 0.0353462
0.60125 0.39875 0.0353849 0.0353849
0.60142 0.39858 0.035387 0.035387
0.60147 0.39853 0.0353939 0.0353939
0.60145 0.39855 0.0354151 0.0354151
0.6014 0.3986 0.0354434 0.0354434
0.60132 0.39868 0.035508 0.035508
0.6013 0.3987 0.0355237 0.0355237
0.60122 0.39878 0.0355393 0.0355393
0.60121 0.39879 0.0355727 0.0355727
0.60127 0.39873 0.0355571 0.0355571
0.60135 0.39865 0.0355291 0.0355291
0.60113 0.39887 0.0355591 0.0355591
0.60119 0.39881 0.0355545 0.0355545
0.60113 0.39887 0.0355876 0.0355876
0.60106 0.39894 0.0355803 0.0355803
0.60098 0.39902 0.0355797 0.0355797
0.60112 0.39888 0.0355668 0.0355668
0.60122 0.39878 0.0355349 0.0355349
0.60131 0.39869 0.0355555 0.0355555
0.60135 0.39865 0.0355833 0.0355833
0.60135 0.39865 0.0355595 0.0355595
0.60146 0.39854 0.0355553 0.0355553
0.60149 0.39851 0.0355427 0.0355427
0.60133 0.39867 0.0355805 0.0355805
0.60132 0.39868 0.0356126 0.0356126
0.60131 0.39869 0.0356139 0.0356139
0.60147 0.39853 0.0356369 0.0356369
0.60164 0.39836 0.0356601 0.0356601
0.60176 0.39824 0.0357018 0.0357018
0.60154 0.39846 0.0357038 0.0357038
0.60167 0.39833 0.0356951 0.0356951
0.60161 0.39839 0.0356803 0.0356803
0.60144 0.39856 0.0356809 0.0356809
0.60139 0.39861 0.0356779 0.0356779
0.60144 0.39856 0.0357102 0.0357102
0.60143 0.39857 0.0357296 0.0357296
0.60138 0.39862 0.0357198 0.0357198
0.60148 0.39852 0.0357473 0.0357473
0.60155 0.39845 0.0357748 0.0357748
0.60167 0.39833 0.0357897 0.0357897
0.60169 0.39831 0.0357519 0.0357519
0.60172 0.39828 0.0357851 0.0357851
0.60181 0.39819 0.0358004 0.0358004
0.60184 0.39816 0.0357736 0.0357736
0.60187 0.39813 0.0357559 0.0357559
0.60183 0.39817 0.0357416 0.0357416
0.60188 0.39812 0.0357776 0.0357776
0.60177 0.39823 0.0358238 0.0358238
0.60191 0.39809 0.0358345 0.0358345
0.60196 0.39804 0.0359153 0.0359153
0.60199 0.39801 0.0358795 0.0358795
0.60209 0.39791 0.0359039 0.0359039
0.60198 0.39802 0.0359477 0.0359477
0.60204 0.39796 0.0359355 0.0359355
0.60219 0.39781 0.0359077 0.0359077
0.60229 0.39771 0.0358621 0.0358621
0.60228 0.39772 0.0358424 0.0358424
0.60225 0.39775 0.0358148 0.0358148
0.60243 0.39757 0.0358399 0.0358399
0.60261 0.39739 0.0358582 0.0358582
0.60256 0.39744 0.0358825 0.0358825
0.60261 0.39739 0.0359267 0.0359267
0.60262 0.39738 0.0359858 0.0359858
0.60265 0.39735 0.0360323 0.0360323
0.60266 0.39734 0.0359886 0.0359886
0.60267 0.39733 0.0359891 0.0359891
0.60273 0.39727 0.0359764 0.0359764
0.60262 0.39738 0.0360046 0.0360046
0.6026 0.3974 0.0359863 0.0359863
0.60263 0.39737 0.0359981 0.0359981
0.60271 0.39729 0.0360185 0.0360185
0.60264 0.39736 0.0360435 0.0360435
0.60261 0.39739 0.0361071 0.0361071
0.6025 0.3975 0.0361165 0.0361165
0.60248 0.39752 0.0361437 0.0361437
0.6025 0.3975 0.0361491 0.0361491
0.60241 0.39759 0.0361793 0.0361793
0.60257 0.39743 0.0361923 0.0361923
0.60242 0.39758 0.0361783 0.0361783
0.60242 0.39758 0.0361742 0.0361742
0.60255 0.39745 0.0361821 0.0361821
0.60275 0.39725 0.0361765 0.0361765
0.60286 0.39714 0.0361867 0.0361867
0.60301 0.39699 0.0361963 0.0361963
0.60313 0.39687 0.0361862 0.0361862
0.60312 0.39688 0.0362179 0.0362179
0.60307 0.39693 0.0362254 0.0362254
0.60297 0.39703 0.0361992 0.0361992
0.60294 0.39706 0.0362361 0.0362361
0.60283 0.39717 0.036254 0.036254
0.60279 0.39721 0.0362936 0.0362936
0.60282 0.39718 0.0362985 0.0362985
0.60282 0.39718 0.0362776 0.0362776
0.60287 0.39713 0.0362955 0.0362955
0.60284 0.39716 0.0362832 0.0362832
0.60299 0.39701 0.0362659 0.0362659
0.60294 0.39706 0.0362346 0.0362346
