3 4 8 9
4 8 5 8
7 11 11 7
4 5 4 7
6 7 7 6
5 5 9 8
5 5 3 4
11 4 5 7
6 5 3 7
3 8 7 11
5 7 9 14
3 4 5 9
11 5 10 2
5 4 2 4
3 3 4 3
4 3 4 4
5 6 8 3
3 5 5 3
6 3 9 4
5 4 6 1
6 3 6 6
8 6 3 4
3 6 1 5
5 4 3 10
11 4 12 5
5 2 8 2
10 4 3 6
3 2 3 3
3 3 5 7
6 5 5 6
7 5 12 5
5 5 11 3
6 9 12 5
2 6 5 4
4 2 11 2
3 5 7 4
4 4 5 6
8 6 9 5
5 10 6 2
8 4 6 2
5 6 11 6
6 5 5 7
4 3 8 3
0 10 2 7
6 7 3 5
8 3 2 7
8 8 5 5
5 2 1 5
6 9 3 4
4 5 3 5
6 5 9 13
3 5 6 8
7 6 4 4
5 13 5 11
3 7 2 5
5 7 5 7
7 3 4 6
4 9 7 8
6 11 8 3
4 5 9 2
4 6 5 6
5 5 2 4
9 7 6 5
7 5 6 3
5 4 4 8
7 1 2 4
2 8 3 7
14 7 12 8
2 5 2 7
6 9 4 6
9 5 9 6
6 6 10 11
3 4 9 6
5 7 11 8
6 4 10 8
8 6 9 6
9 9 8 8
9 7 10 12
9 9 9 10
6 10 6 14
2 8 6 2
11 5 8 9
6 5 5 5
11 5 8 10
6 5 5 2
6 4 7 6
5 9 7 9
7 9 9 5
6 11 6 8
2 7 3 7
5 5 14 3
8 5 5 2
3 7 7 7
12 4 8 7
11 8 12 3
2 6 7 4
6 7 8 5
5 7 5 8
5 11 3 9
5 6 5 12
