24 26 0 999
23 23 0 999
23 24 0 999
23 22 0 999
20 17 0 999
30 18 0 999
19 20 0 999
35 20 0 999
22 25 0 999
19 22 0 999
26 18 0 998
30 29 0 1000
25 25 0 1000
27 29 0 1000
28 21 0 1000
27 27 0 1000
33 21 0 1000
24 27 0 1000
32 27 0 1000
28 18 0 1000
23 22 0 999
19 20 0 1000
21 21 0 1000
22 23 0 1000
21 27 0 1000
22 18 0 1000
18 25 0 1000
18 22 0 1000
16 27 0 1000
24 21 0 1000
30 32 997 0
17 29 1000 0
30 23 1000 0
18 24 1000 0
12 26 1000 0
14 22 1000 0
22 20 1000 0
20 39 1000 0
23 20 1000 0
19 29 1000 0
16 20 999 0
21 17 999 0
24 10 999 0
15 19 999 0
18 23 999 0
22 21 999 0
17 27 999 0
17 19 999 0
24 18 999 0
18 12 999 0
25 26 0 998
27 19 0 998
27 24 0 998
25 18 0 998
24 28 0 998
23 19 0 998
31 27 0 998
28 26 0 998
14 34 0 998
23 24 0 998
24 20 0 997
27 20 0 998
31 25 0 998
19 25 0 998
21 26 0 999
17 14 0 999
26 24 0 999
20 35 0 999
15 28 0 999
26 28 0 999
25 19 0 999
25 18 0 1000
17 23 0 1000
26 20 0 1000
16 22 0 1000
19 27 0 1000
27 28 0 1000
19 19 0 1000
20 24 0 1000
29 22 0 1000
28 27 996 0
31 27 999 0
18 28 999 0
26 26 999 0
24 26 999 0
22 30 999 0
29 27 999 0
13 31 999 0
27 27 999 0
27 22 999 0
23 26 0 1000
20 22 0 1000
20 28 0 1000
22 17 0 1000
22 21 0 1000
25 28 0 1000
25 17 0 1000
27 18 0 1000
26 22 0 1000
16 25 0 1000
