53 0 385 0
61 2 515 0
49 1 597 0
80 0 795 0
48 1 868 0
66 0 909 0
66 3 911 0
62 1 946 0
59 1 946 0
65 0 954 0
47 1 308 0
41 0 513 0
54 0 655 0
49 0 718 0
64 0 829 0
54 0 856 0
50 0 908 0
46 0 967 0
54 1 989 0
73 0 989 0
53 0 439 0
65 0 608 0
62 0 718 0
71 0 802 0
58 0 892 0
57 2 934 0
44 2 969 0
65 0 979 0
67 0 976 0
54 1 959 0
57 0 655 0
31 0 761 0
46 0 863 0
56 0 900 0
68 0 951 0
66 0 991 0
51 0 991 0
44 0 991 0
60 0 1000 0
54 0 1000 0
68 0 284 1
32 1 490 1
50 0 613 0
60 1 728 0
60 0 782 0
47 2 868 0
32 1 905 0
53 1 931 0
45 0 934 0
45 0 936 0
37 1 470 0
44 1 615 0
51 1 750 0
54 2 829 0
50 1 857 0
55 0 895 0
67 0 963 0
57 0 983 0
47 1 993 0
59 2 1000 0
50 1 304 0
52 1 436 0
49 1 562 0
54 1 705 0
70 0 778 0
71 2 831 0
59 0 869 0
69 2 922 0
55 1 959 0
61 0 970 0
44 2 265 0
49 1 495 0
59 1 621 0
61 3 713 0
53 1 805 0
59 0 892 0
63 1 905 0
54 1 968 0
52 0 987 0
45 0 987 0
44 3 455 0
46 1 620 0
52 2 686 0
53 0 807 0
65 2 885 0
45 1 933 0
58 0 956 0
54 1 988 0
46 2 1000 0
40 0 1000 0
54 2 285 0
60 1 387 0
61 2 537 0
52 1 630 0
54 1 757 0
50 1 899 0
57 2 945 0
46 2 955 0
54 2 977 0
65 2 985 0
