4 6 0 1000
8 8 0 1000
3 9 0 1000
6 2 0 1000
3 6 0 1000
4 6 0 1000
7 2 0 1000
8 4 0 1000
6 2 0 1000
6 8 0 1000
4 5 1000 0
4 7 1000 0
4 10 1000 0
9 2 1000 0
5 5 1000 0
7 7 1000 0
6 7 1000 0
7 7 1000 0
9 5 1000 0
6 7 1000 0
10 6 999 0
4 6 1000 0
4 5 1000 0
5 4 1000 0
5 5 1000 0
2 11 1000 0
4 5 1000 0
8 5 1000 0
4 10 1000 0
7 4 1000 0
8 6 0 1000
6 6 0 1000
5 11 0 1000
10 6 0 1000
9 5 0 1000
6 9 0 1000
5 7 0 1000
8 8 0 1000
8 4 0 1000
5 7 0 1000
10 4 0 1000
6 13 0 1000
8 6 0 1000
4 8 0 1000
8 6 0 1000
6 8 0 1000
2 7 0 1000
5 2 0 1000
9 6 0 1000
6 6 0 1000
5 3 1000 0
7 3 1000 0
5 3 1000 0
6 4 1000 0
8 5 1000 0
5 8 1000 0
5 5 1000 0
4 7 1000 0
5 4 1000 0
5 5 1000 0
6 9 0 1000
6 10 0 1000
6 5 0 1000
12 8 0 1000
9 4 0 1000
5 5 0 1000
7 10 0 1000
2 8 0 1000
9 8 0 1000
12 12 0 1000
7 8 0 1000
7 8 0 1000
5 6 0 1000
7 7 0 1000
7 6 0 1000
4 6 0 1000
8 6 0 1000
9 3 0 1000
10 2 0 1000
9 7 0 1000
5 2 1000 0
4 8 1000 0
4 5 1000 0
5 3 1000 0
2 8 1000 0
6 0 1000 0
4 5 1000 0
7 6 1000 0
5 4 1000 0
6 4 1000 0
4 5 0 1000
3 6 0 1000
8 7 0 1000
8 7 0 1000
9 8 0 1000
7 4 0 1000
9 7 0 1000
1 7 0 1000
4 7 0 1000
6 2 0 1000
