42 55 80 156
44 51 69 167
50 56 78 195
45 51 93 199
35 44 104 198
49 61 99 207
52 44 112 231
44 51 119 237
45 54 126 262
50 56 149 289
39 40 57 95
36 29 56 112
38 46 59 133
37 44 58 136
45 38 60 139
31 40 61 160
40 43 81 223
42 40 81 259
41 41 82 287
43 37 95 320
39 38 126 106
36 33 143 115
48 34 142 105
42 27 163 120
43 44 154 142
49 39 160 178
34 33 162 181
36 31 168 193
38 38 163 210
39 41 175 214
35 31 135 31
38 41 142 24
42 40 162 31
25 43 195 29
39 40 197 30
41 33 216 30
25 35 231 35
42 47 264 43
36 27 311 45
42 36 349 41
43 38 76 74
49 44 90 65
33 53 104 91
38 35 115 105
41 39 130 109
34 44 157 124
42 33 171 135
45 44 171 146
32 43 176 165
38 37 179 176
35 49 69 73
35 46 72 114
45 31 77 116
45 27 93 155
36 43 91 157
57 31 123 159
36 33 136 170
33 40 141 175
34 37 142 191
58 31 156 185
31 32 72 47
27 33 67 53
31 31 73 64
36 49 78 75
28 33 111 84
34 35 122 85
29 37 139 98
28 37 159 100
27 49 203 118
38 27 232 149
40 32 128 60
33 32 154 80
40 42 177 77
36 42 200 71
38 40 200 69
34 24 234 72
41 39 252 69
46 33 251 80
33 40 276 73
38 29 312 73
47 43 95 104
40 43 101 131
46 36 102 166
31 52 107 184
39 32 117 199
44 29 134 221
46 40 142 253
35 37 152 279
42 42 140 309
33 44 153 325
47 32 121 56
45 49 126 73
37 34 172 69
43 40 193 73
37 37 222 92
35 44 244 102
51 34 269 115
37 37 291 117
48 28 300 123
32 44 324 135
