21 21 64 54
23 29 59 71
32 19 46 60
23 28 46 64
23 16 41 54
30 27 41 69
30 23 41 69
13 17 43 72
19 13 48 88
30 25 36 89
26 24 77 60
22 26 72 68
23 31 68 64
25 30 76 57
13 30 68 62
25 24 64 55
23 27 67 62
22 20 69 65
23 23 80 59
19 21 73 58
26 27 110 51
25 22 125 39
17 19 140 26
24 20 147 39
24 26 154 40
26 24 161 39
29 21 159 34
21 20 157 20
28 25 137 25
29 19 130 25
25 33 70 128
32 26 67 115
23 23 70 125
25 22 70 116
31 21 70 124
29 22 61 130
38 23 60 116
30 19 69 112
29 22 76 107
16 33 80 117
29 22 82 79
18 22 75 65
25 27 70 69
29 23 77 60
21 17 70 61
26 27 66 56
23 15 75 58
24 19 70 56
22 19 61 56
29 29 59 62
29 16 42 121
23 29 42 126
19 24 43 140
26 23 40 139
25 23 42 130
20 13 43 131
21 34 45 130
28 23 36 143
23 23 33 139
23 26 33 158
23 27 79 77
34 28 90 75
31 29 86 80
24 33 78 86
28 25 96 80
33 31 95 84
26 35 77 91
31 23 88 79
20 36 84 87
25 22 80 88
29 24 121 35
27 27 132 32
28 22 135 32
26 19 138 32
31 22 138 35
26 23 131 49
24 27 130 38
29 22 141 29
22 19 142 30
18 28 174 27
23 26 72 62
20 25 81 50
16 21 89 45
21 24 93 45
15 21 96 48
29 27 94 39
26 19 88 34
25 22 90 32
21 19 94 31
17 24 78 32
27 21 117 41
20 18 98 46
26 16 97 54
16 16 95 49
31 19 100 41
27 12 104 40
23 21 105 47
24 21 103 52
24 24 95 52
17 18 104 46
