5 5 51 5
9 7 115 0
10 1 116 2
7 2 163 1
13 3 208 1
7 4 227 1
13 3 250 0
7 5 317 1
6 2 342 3
8 2 400 5
11 2 22 19
5 0 47 10
6 0 68 7
5 0 129 14
8 1 154 29
5 1 140 26
12 1 208 29
10 2 277 13
8 4 358 21
6 1 390 18
7 3 39 2
15 6 71 4
8 2 104 1
9 3 181 2
9 2 227 2
11 4 246 3
7 2 218 2
14 2 250 3
5 0 285 3
9 5 299 1
6 3 93 6
8 4 89 5
18 2 100 4
2 4 113 3
5 1 131 3
4 3 120 0
7 1 165 0
13 1 180 2
8 1 213 5
7 1 258 5
7 2 68 4
10 1 85 6
5 1 154 0
6 2 176 0
7 0 248 4
6 4 303 2
8 4 373 1
6 2 350 0
8 4 353 0
10 0 357 0
11 2 80 2
9 3 95 3
8 5 119 2
14 2 147 3
8 0 187 4
9 4 159 2
2 2 177 0
7 3 196 0
4 2 203 0
12 2 240 0
11 2 48 12
7 3 80 7
10 3 122 5
7 1 156 6
7 1 207 4
10 2 239 2
8 2 255 0
5 4 330 1
5 0 351 1
7 4 349 0
6 3 39 5
5 1 61 3
8 0 109 2
6 4 160 2
4 1 158 0
3 3 172 1
7 3 198 3
5 2 226 2
14 8 242 2
9 1 228 1
12 1 20 15
12 1 35 14
7 1 42 11
6 1 87 13
5 4 79 9
11 1 116 7
7 2 152 16
10 3 176 7
8 4 217 10
8 4 234 13
4 3 60 7
12 3 71 3
7 2 120 6
7 3 134 8
6 3 148 6
5 2 202 8
7 9 279 11
6 1 324 10
7 1 353 8
7 1 411 5
