3 2 6 6
2 7 5 4
3 3 7 3
6 5 2 15
4 6 0 11
2 5 1 32
8 3 4 11
4 4 6 2
8 2 4 2
3 5 6 2
0 4 6 3
3 5 22 2
2 4 11 0
4 7 7 6
5 5 11 4
4 9 1 24
7 7 7 4
5 4 12 2
1 4 2 4
4 5 1 5
5 4 4 4
6 3 3 2
6 6 5 1
4 5 4 2
6 6 10 0
5 4 17 0
1 3 4 3
7 1 10 2
5 4 12 2
7 6 6 9
1 6 4 7
2 2 9 4
2 3 1 9
4 3 1 16
4 4 3 9
3 1 1 8
2 5 1 15
3 6 1 10
2 1 1 14
2 6 1 11
8 4 1 8
5 5 4 12
8 2 4 8
7 0 6 2
3 5 2 3
4 11 7 4
6 4 4 5
5 5 0 9
3 3 3 6
4 4 2 5
8 1 17 2
5 10 2 3
7 3 9 1
4 2 5 2
1 3 8 14
3 4 5 9
2 7 6 13
3 5 2 10
5 6 5 6
12 9 2 28
3 7 5 7
4 1 13 3
4 9 12 5
6 3 7 2
2 12 10 2
8 5 4 7
2 3 15 4
7 7 21 2
3 7 3 4
3 3 2 11
3 10 15 2
3 2 8 4
7 2 13 3
4 7 4 7
4 5 22 1
9 8 8 6
6 9 2 9
7 4 2 7
7 5 10 7
5 4 9 10
2 7 9 2
7 5 8 3
3 5 19 1
5 2 13 4
5 6 12 4
8 5 4 6
3 9 13 2
4 4 7 9
4 7 8 4
5 0 2 13
7 7 1 10
7 2 1 22
3 6 3 11
5 6 7 5
12 9 6 5
2 6 6 6
4 6 9 1
4 6 7 5
4 10 13 5
2 7 4 3
