6 9 0 1000
4 0 0 1000
1 5 0 1000
3 3 0 1000
7 5 0 1000
10 5 0 1000
3 4 0 1000
7 2 0 1000
5 7 0 1000
5 2 0 1000
3 7 1000 0
3 4 1000 0
6 5 1000 0
10 8 1000 0
2 5 1000 0
1 4 1000 0
3 2 1000 0
1 2 1000 0
6 8 1000 0
2 9 1000 0
9 6 0 1000
5 4 0 1000
4 8 0 1000
6 8 0 1000
3 5 0 1000
10 10 0 1000
2 3 0 1000
6 5 0 1000
2 4 0 1000
8 4 0 1000
3 9 0 1000
5 7 0 1000
5 7 0 1000
8 12 0 1000
7 8 0 1000
6 4 0 1000
4 8 0 1000
4 9 0 1000
8 4 0 1000
6 9 0 1000
6 4 0 1000
3 9 0 1000
4 6 0 1000
6 6 0 1000
5 4 0 1000
6 6 0 1000
6 1 0 1000
2 7 0 1000
5 3 0 1000
4 3 0 1000
4 8 0 1000
4 8 0 1000
6 11 0 1000
3 4 0 1000
7 7 0 1000
7 6 0 1000
6 8 0 1000
4 5 0 1000
6 6 0 1000
7 3 0 1000
8 5 0 1000
6 4 0 1000
6 7 0 1000
5 7 0 1000
9 3 0 1000
7 6 0 1000
4 7 0 1000
6 4 0 1000
6 9 0 1000
5 7 0 1000
4 3 0 1000
7 3 0 1000
4 2 0 1000
6 6 0 1000
5 5 0 1000
4 7 0 1000
5 3 0 1000
6 4 0 1000
7 9 0 1000
8 6 0 1000
11 2 1000 0
10 8 1000 0
7 4 1000 0
11 11 1000 0
5 5 1000 0
9 5 1000 0
9 6 1000 0
3 12 1000 0
13 7 1000 0
10 5 1000 0
4 6 0 1000
7 8 0 1000
8 5 0 1000
5 3 0 1000
4 6 0 1000
5 5 0 1000
8 4 0 1000
7 5 0 1000
6 4 0 1000
7 12 0 1000
