43 1 116 1
45 2 144 0
43 2 201 0
6 5 178 0
4 3 165 0
4 4 148 0
3 4 152 0
80 2 292 0
34 1 492 0
21 4 481 0
69 0 147 1
8 5 140 0
14 4 143 2
67 5 226 1
4 5 253 0
23 4 268 0
23 8 299 0
24 7 363 0
60 3 570 0
53 3 681 0
23 1 81 0
25 3 93 1
3 4 90 0
59 2 133 0
5 1 161 0
37 8 253 0
15 1 308 0
1 8 297 0
52 1 371 0
45 1 420 0
20 2 21 4
27 7 28 2
22 2 44 0
3 0 45 0
6 2 29 1
6 6 32 2
56 1 67 1
27 4 105 0
22 0 123 0
46 1 190 0
14 5 16 7
9 7 18 5
16 6 18 8
77 5 41 5
20 5 99 0
28 2 106 2
43 2 159 2
4 7 167 0
5 3 147 0
15 4 158 0
4 7 2 16
21 2 6 7
24 4 5 7
42 4 16 7
6 7 12 4
10 1 9 7
5 6 4 5
5 7 10 6
29 3 21 0
124 3 70 5
5 2 4 13
30 1 6 6
26 5 10 6
2 5 7 5
88 2 59 0
21 4 87 1
28 3 79 1
7 5 105 1
65 1 203 0
21 5 224 0
50 2 74 0
41 3 65 0
70 2 95 0
9 5 114 1
24 1 168 0
3 10 155 0
20 6 241 0
50 0 382 0
5 6 387 0
6 2 433 0
20 3 26 8
24 6 21 2
41 5 37 5
89 3 77 3
4 4 65 0
6 1 63 1
44 2 93 1
53 2 124 0
27 4 159 1
36 2 151 1
27 7 68 0
4 9 43 0
7 3 58 0
26 3 136 0
20 1 146 0
4 6 146 0
22 0 253 0
45 5 363 0
87 2 556 0
51 7 673 0
