99 2 216 2
85 3 290 1
53 3 377 0
39 5 446 0
125 3 712 0
75 2 768 0
124 1 932 0
126 2 984 0
117 0 991 0
204 1 991 0
13 2 56 1
75 3 84 0
81 4 169 0
120 0 331 0
45 2 424 0
99 1 514 0
49 2 531 0
73 2 619 0
274 0 904 0
81 1 948 0
110 1 257 1
163 1 342 0
200 0 587 0
215 2 831 0
43 6 864 0
117 1 920 0
7 1 956 0
74 2 992 0
75 4 992 0
46 2 968 0
128 2 357 1
132 1 605 0
25 3 670 0
59 2 764 0
125 2 877 0
52 6 882 0
142 3 905 0
40 3 915 0
81 0 973 0
276 3 973 0
117 1 303 2
78 0 370 0
69 1 486 0
54 2 556 0
34 1 548 0
22 2 661 0
91 1 930 0
17 2 930 0
421 0 991 0
46 2 972 0
113 1 271 0
88 0 423 0
94 3 573 0
91 0 738 0
17 3 801 0
49 2 815 0
45 4 846 0
193 1 947 0
47 3 1000 0
275 1 1000 0
27 2 22 8
77 2 22 3
83 1 70 1
125 1 192 0
103 1 314 0
23 2 355 0
75 1 620 0
171 0 762 0
38 2 802 0
69 2 901 0
95 5 217 1
58 2 253 1
74 5 296 1
119 2 461 0
82 2 641 0
207 2 809 0
44 6 831 0
42 4 866 0
184 3 893 0
189 3 900 0
26 1 30 6
39 2 34 3
83 1 81 1
206 0 206 0
2 4 179 0
115 2 291 1
43 4 375 0
183 1 567 0
54 4 673 0
87 1 798 0
61 2 161 0
123 1 300 0
51 2 465 0
129 2 606 0
117 0 855 0
34 1 938 0
81 0 981 0
70 2 987 0
0 9 955 0
156 1 985 0
