4 4 3 18
4 8 3 11
4 8 10 5
9 7 11 9
5 3 5 4
2 6 9 4
8 6 12 9
2 2 11 1
2 4 0 18
5 4 9 6
5 2 8 4
3 6 7 5
4 5 2 14
3 4 4 7
6 6 9 1
5 5 17 2
4 2 11 2
2 3 4 6
2 4 5 9
3 3 13 1
6 3 11 12
6 5 6 6
5 5 12 6
2 5 15 20
5 3 12 3
5 12 1 13
5 5 9 11
10 3 7 5
2 5 9 15
3 5 14 7
3 3 4 8
2 5 2 10
3 5 3 9
1 5 7 3
2 2 6 5
0 8 12 3
5 6 5 2
3 2 6 5
5 6 3 8
5 1 6 1
5 1 15 2
4 3 2 13
7 6 0 12
4 5 10 5
2 4 2 3
3 6 2 7
2 2 5 7
2 5 4 3
4 7 2 8
3 2 3 14
3 4 2 5
6 1 14 1
1 4 6 18
2 4 13 1
2 5 20 3
3 6 2 10
2 6 4 9
8 8 5 6
2 2 8 1
5 4 23 5
3 8 5 8
3 4 4 6
4 2 5 5
4 5 2 10
6 6 7 12
4 3 6 5
5 3 7 6
4 2 9 3
5 8 2 10
7 4 4 3
3 5 7 7
9 10 41 2
4 5 5 19
7 6 4 11
2 1 7 8
1 2 7 6
3 3 2 10
3 0 23 4
1 8 2 2
4 3 11 1
5 3 9 28
3 4 6 7
3 7 4 9
4 4 8 4
7 3 3 19
8 10 7 11
2 2 13 5
4 2 16 3
3 4 12 3
2 5 3 22
3 3 3 7
2 2 4 9
5 2 7 4
1 1 9 10
4 3 6 1
3 2 6 3
4 3 5 5
5 4 1 16
4 5 12 7
5 7 10 2
