3 5 0 5
1 2 4 11
5 3 2 10
0 6 0 13
5 4 0 14
2 8 2 15
7 4 7 9
6 5 8 6
5 5 5 6
3 0 9 9
2 4 2 14
2 7 4 11
4 6 2 18
5 7 1 21
6 3 2 21
5 3 1 18
3 3 1 20
2 3 1 19
4 0 4 8
7 6 1 22
7 3 8 5
7 4 7 3
4 5 9 4
13 6 9 7
3 5 12 6
4 4 7 5
9 3 9 9
4 5 18 6
3 6 15 7
6 3 13 5
1 8 1 38
4 2 2 30
1 4 1 27
2 7 0 47
2 2 2 47
4 3 0 59
2 4 0 66
2 5 0 80
4 2 0 69
5 5 0 66
3 6 27 2
3 7 33 1
1 5 24 1
7 1 32 0
6 6 36 1
6 5 39 3
5 7 50 1
8 2 54 0
3 6 38 0
6 3 59 0
2 9 8 19
6 9 3 20
6 10 3 22
8 3 3 18
8 3 5 19
8 7 2 17
6 7 5 24
3 2 2 28
7 3 4 24
5 6 6 13
3 5 6 13
4 5 1 12
5 8 9 5
6 7 5 8
5 10 7 12
6 10 5 13
7 1 2 13
3 10 5 17
8 6 1 19
5 7 1 14
10 6 6 9
6 3 6 8
4 2 5 14
8 3 6 3
5 4 6 4
6 4 7 6
8 7 8 4
2 4 9 7
10 2 12 5
8 3 17 6
8 10 14 4
11 7 24 4
7 6 22 7
12 2 23 5
6 0 22 3
3 10 17 5
9 6 21 4
6 1 20 4
3 7 17 6
1 7 11 4
6 2 7 6
7 7 10 2
3 7 8 12
4 6 10 9
3 10 8 11
8 5 8 7
5 6 6 9
4 6 10 4
2 0 18 3
5 6 10 7
