8 4 12 1
8 4 25 0
7 1 34 1
11 3 51 1
10 2 79 0
4 1 120 1
4 4 160 0
7 3 173 0
8 3 230 0
4 1 268 0
10 4 19 2
8 7 18 2
4 3 25 1
5 1 48 0
8 2 62 0
6 1 87 0
8 1 93 0
4 4 102 0
10 2 170 0
5 4 181 1
5 1 25 0
5 3 33 1
7 1 56 0
9 3 80 0
8 0 81 2
8 7 78 2
12 3 123 1
7 4 119 0
7 1 107 0
11 6 116 0
8 1 37 1
8 2 60 0
5 2 92 1
2 1 144 3
5 2 171 1
10 0 253 0
7 4 292 0
7 4 308 0
7 1 425 0
12 1 545 0
7 5 21 2
6 1 30 1
10 2 38 2
8 4 49 0
6 2 74 0
10 0 140 0
9 1 232 0
10 1 348 0
6 5 487 0
3 3 495 0
12 1 39 1
10 2 57 1
5 3 59 1
7 4 43 1
7 1 65 1
8 4 91 0
11 1 113 0
8 3 173 0
7 0 220 0
10 2 328 0
6 2 56 4
8 4 63 1
18 1 92 0
11 2 99 0
6 0 151 0
7 4 145 1
7 3 171 0
15 2 310 0
5 2 392 0
8 1 479 0
9 3 37 2
6 6 36 2
7 4 41 0
7 3 65 1
16 4 83 0
11 1 97 0
5 3 123 0
10 3 152 1
9 2 194 0
9 1 267 0
4 1 28 1
3 2 22 2
6 2 38 2
12 1 48 2
6 5 40 1
6 2 50 1
15 4 79 1
10 4 96 1
9 1 115 0
7 0 131 0
14 1 29 2
11 3 44 0
4 4 53 0
1 1 83 0
8 3 92 0
7 5 157 0
7 6 164 1
10 2 267 1
4 5 388 1
8 3 490 0
