18 1 13 2
24 3 9 1
19 3 12 2
33 1 8 2
24 2 6 7
23 6 20 0
23 4 11 1
26 4 3 2
22 2 7 2
21 5 5 5
26 1 1 9
16 6 9 6
32 3 8 8
22 5 3 10
21 1 9 4
28 5 8 4
18 7 25 3
22 4 12 1
20 3 17 1
19 7 14 2
14 6 11 5
29 0 10 4
27 2 12 3
32 1 6 3
17 5 9 3
26 1 14 3
32 2 10 3
26 3 7 3
21 4 2 5
20 3 19 1
18 3 8 4
20 2 7 3
24 4 12 0
29 4 32 0
27 1 11 1
17 4 2 3
21 2 6 0
25 7 4 3
15 3 3 8
18 1 9 2
23 4 10 4
17 3 3 7
28 2 3 8
21 4 7 3
26 1 5 4
26 4 15 2
26 2 6 3
24 2 8 2
25 4 8 1
19 5 21 1
21 6 5 6
17 6 6 7
25 5 0 23
22 0 7 2
22 3 14 2
31 2 35 1
27 1 16 2
28 10 7 3
23 9 8 5
22 6 2 10
27 1 38 0
30 7 21 1
25 5 16 4
23 5 28 0
26 4 33 1
29 5 22 1
24 5 15 1
22 2 4 5
27 6 3 12
25 2 2 19
23 1 3 0
17 11 2 7
23 2 4 1
30 1 4 3
19 3 9 2
25 2 6 6
11 8 3 5
12 6 7 4
21 4 7 1
16 2 6 2
31 5 23 1
20 6 7 1
29 2 7 6
26 4 8 1
15 6 3 6
15 5 10 6
27 7 8 1
29 5 26 0
21 4 15 3
25 5 21 1
19 3 2 5
22 2 14 2
20 8 13 1
18 1 4 2
20 3 12 1
21 6 9 5
27 2 3 6
19 6 5 5
15 7 7 8
16 6 5 5
