377 3 395 2
387 3 384 4
383 3 390 4
393 4 399 3
390 3 411 6
379 2 413 5
404 2 426 2
385 5 439 2
397 0 441 2
390 2 435 2
408 0 422 6
390 1 436 3
399 0 438 0
365 0 418 2
402 3 431 3
389 2 450 2
385 2 460 1
387 0 456 3
390 2 466 1
388 0 452 0
394 1 423 5
393 3 426 7
386 6 438 3
371 2 425 4
384 1 444 3
395 3 466 4
383 0 500 1
377 2 506 1
396 1 555 0
395 4 550 1
386 2 417 4
378 3 400 5
383 0 385 9
382 2 394 6
389 0 389 4
386 4 394 5
391 1 403 3
408 4 411 2
417 0 446 0
398 1 430 0
384 3 402 4
383 1 403 2
389 1 410 2
395 2 411 0
395 1 428 1
383 2 424 1
378 1 410 1
393 0 427 0
384 2 426 1
382 0 436 0
374 1 495 7
368 1 497 9
379 1 517 9
383 6 528 3
382 5 538 2
397 0 586 0
373 3 553 1
387 0 575 1
377 0 610 1
379 3 636 1
391 0 525 0
388 4 520 0
393 2 544 0
406 1 578 0
398 2 574 0
410 0 595 0
401 2 578 0
399 3 578 0
404 2 606 0
398 2 641 0
397 1 445 6
400 0 459 2
381 2 475 5
412 0 489 3
396 1 491 3
404 2 500 1
398 1 503 2
404 1 515 3
401 1 513 3
386 3 519 1
407 3 411 4
390 3 413 2
402 2 412 1
399 2 410 4
407 1 432 2
396 0 442 0
404 1 445 0
411 2 449 0
392 1 451 1
406 1 466 2
402 0 454 3
382 2 463 1
394 3 480 1
377 2 473 2
388 3 476 0
378 1 482 1
376 1 493 1
378 3 471 1
363 4 469 0
378 4 462 0
