45 0 32 2
37 1 67 0
46 0 56 0
57 0 43 2
41 0 30 3
19 0 26 0
32 2 28 1
41 1 45 1
42 0 37 0
50 0 29 0
49 1 62 2
50 0 61 2
42 0 81 0
40 0 67 0
45 1 89 1
52 1 104 0
41 1 37 3
50 0 50 0
48 0 70 1
61 1 72 0
43 3 57 0
29 1 58 0
41 1 114 0
37 0 74 1
37 3 102 2
63 0 71 0
38 0 85 0
58 0 63 2
50 0 39 0
35 4 25 2
41 0 17 0
33 2 27 3
37 1 30 1
45 1 43 2
61 0 35 1
25 1 40 0
33 1 45 1
48 0 48 0
39 0 29 0
27 1 35 1
41 3 18 2
34 0 15 1
46 0 24 1
23 0 63 1
24 1 15 2
32 1 14 1
44 1 33 1
30 1 22 0
47 0 7 1
42 1 16 0
29 1 44 1
54 0 32 0
32 1 109 0
28 0 44 1
36 1 8 2
60 2 20 2
41 0 32 1
24 2 39 0
34 1 40 0
46 0 26 1
52 0 51 0
32 1 66 0
51 0 85 1
52 1 49 4
42 0 87 0
54 0 116 2
30 0 65 0
46 1 71 2
33 0 43 0
38 0 38 0
46 1 41 0
43 1 34 1
65 0 92 1
42 1 52 2
26 1 44 1
59 1 24 0
37 2 63 1
26 1 44 0
52 1 39 0
40 1 35 1
33 2 10 3
48 0 18 2
44 1 43 0
29 2 22 0
46 0 15 1
45 0 61 0
25 2 46 0
48 0 42 1
42 0 28 1
45 1 26 0
39 0 48 2
60 1 90 0
44 0 36 0
30 1 26 0
31 1 15 1
47 0 7 5
42 0 9 1
26 1 42 1
37 1 22 0
36 0 22 0
