2 6 1 24
13 5 0 23
11 7 3 35
32 3 5 28
13 6 7 24
14 9 3 27
14 7 4 35
3 10 5 55
3 9 2 65
14 9 2 72
3 9 0 59
2 7 1 73
17 4 1 91
14 5 1 78
17 6 1 70
20 3 1 53
18 7 1 67
15 9 2 69
31 9 1 56
60 3 5 36
5 12 5 9
1 8 1 11
14 9 6 8
3 19 5 18
44 4 11 12
44 4 13 6
13 5 8 8
1 7 3 8
3 11 3 18
40 6 12 16
40 4 57 3
50 10 70 4
12 12 52 3
1 9 26 2
17 2 24 5
2 8 16 10
2 21 11 6
17 12 14 12
22 10 14 14
4 4 5 23
30 5 50 5
16 7 41 5
18 6 40 7
20 7 42 4
2 12 21 8
11 8 31 1
73 3 67 1
21 9 71 0
19 9 71 0
3 13 54 2
8 5 14 12
35 2 30 15
18 3 21 9
22 8 11 5
14 5 14 4
16 7 22 5
2 13 12 6
1 6 9 8
39 8 21 11
57 3 34 8
7 6 12 5
3 12 8 11
23 3 7 8
0 14 4 27
1 12 1 40
14 5 3 54
40 7 3 43
43 4 9 30
50 3 16 17
12 2 12 14
3 14 1 31
60 4 3 22
20 3 2 24
18 6 5 19
35 7 7 15
27 7 15 8
13 12 15 13
2 9 7 15
2 11 5 17
15 6 6 9
115 3 194 3
37 12 209 2
35 4 234 2
3 12 153 1
3 12 105 2
17 7 112 2
1 10 89 2
3 10 58 3
12 8 63 2
7 13 36 1
112 3 207 1
17 8 226 2
9 11 239 1
8 5 181 2
21 6 191 1
34 4 272 0
2 8 220 0
16 11 248 0
36 6 333 0
35 5 396 0
