302 303 302 303
403 208 199 137
203 390 134 159
294 293 114 159
222 405 7 81
282 283 78 170
402 215 109 78
289 277 67 168
374 199 74 24
136 505 64 264
301 292 288 298
398 210 163 76
510 144 242 109
409 230 258 75
500 125 260 14
379 197 269 26
137 504 114 59
209 386 125 116
190 384 100 105
386 216 176 108
302 302 293 303
237 408 201 275
408 225 128 83
307 308 155 146
524 152 281 69
799 28 474 37
388 211 337 2
146 516 147 66
300 295 118 32
287 284 143 83
231 416 231 416
312 306 130 230
539 167 238 173
161 541 136 331
410 222 157 151
437 238 146 93
222 410 82 176
320 307 168 156
226 407 90 212
165 535 86 325
226 413 214 402
299 297 71 181
403 226 96 120
294 284 128 130
143 514 40 196
400 221 117 132
86 659 67 224
645 81 143 32
829 53 331 48
297 295 297 62
292 295 284 297
158 527 121 280
232 409 70 176
303 319 135 239
295 290 125 159
403 223 87 122
298 300 98 76
201 375 116 120
304 296 156 228
304 292 135 178
216 404 212 405
401 218 168 224
201 376 66 189
510 141 111 91
214 401 100 164
503 136 93 30
400 207 220 72
209 381 132 107
309 312 126 68
407 221 176 65
655 88 657 87
224 392 303 55
227 407 144 6
228 406 130 86
86 642 7 175
205 405 43 234
84 663 3 428
303 286 0 210
662 93 8 123
406 221 23 77
523 150 516 151
501 142 403 62
392 203 342 46
288 292 302 50
506 144 379 2
301 294 312 21
305 300 324 88
212 408 122 62
398 236 185 56
222 389 80 64
96 665 97 663
534 161 109 299
319 307 111 314
230 421 76 330
542 164 99 116
94 671 1 288
322 315 11 249
317 325 26 256
240 422 29 289
422 232 112 157
