85 114 163 109
104 97 89 221
115 100 129 125
116 98 136 95
107 84 110 141
107 98 92 144
97 102 111 132
90 120 146 96
114 105 113 124
113 94 189 235
74 113 137 141
108 89 137 119
132 94 109 184
112 83 153 121
109 99 144 133
104 106 141 104
116 87 115 136
105 103 101 140
82 106 103 166
88 95 115 165
85 105 175 108
92 104 145 107
102 90 133 113
118 73 113 126
120 96 127 140
101 92 143 119
94 99 102 150
104 103 92 175
103 100 101 142
99 96 137 103
108 125 164 181
120 107 111 170
99 114 85 164
116 104 122 227
108 116 112 153
124 95 110 158
112 103 100 224
103 111 147 150
128 107 105 158
103 114 117 137
109 110 176 131
105 102 156 111
116 93 162 145
97 92 152 177
114 91 129 134
121 102 154 116
120 97 122 160
121 106 110 180
109 101 92 159
95 123 101 160
110 100 148 118
98 101 201 157
101 106 236 112
113 104 169 104
116 107 157 141
106 104 139 104
113 94 124 122
130 96 104 150
103 98 121 143
114 100 148 104
110 102 129 108
89 100 136 73
100 113 133 125
114 95 138 89
104 99 143 90
108 96 156 127
81 95 159 182
98 104 156 116
112 97 122 120
100 83 104 166
97 101 176 122
108 99 141 128
118 85 173 147
93 99 103 119
119 80 141 137
110 89 148 205
109 93 156 115
99 103 158 200
100 108 136 170
107 99 120 127
103 109 156 183
109 94 131 124
101 96 103 136
108 112 120 212
121 99 118 114
105 99 159 130
115 103 170 137
112 101 114 143
125 95 165 91
97 102 110 149
99 110 139 187
113 101 133 127
117 87 123 132
121 80 156 97
113 93 134 108
110 118 149 153
95 92 122 110
108 99 143 149
103 91 190 193
106 104 174 117
