28 22 121 88
27 25 108 84
31 30 121 119
27 17 138 150
37 29 147 143
17 21 138 173
27 28 156 196
26 31 146 196
25 22 167 176
23 24 166 206
26 29 159 79
21 22 187 84
15 24 197 82
22 16 188 92
29 20 216 102
22 24 216 125
31 19 217 130
20 22 215 146
24 21 212 163
23 18 231 164
28 18 88 66
29 23 81 76
29 22 79 74
26 27 74 67
14 32 86 69
26 21 101 73
25 22 113 75
22 21 117 81
20 25 127 83
34 25 128 78
24 16 128 46
16 31 154 53
31 30 157 57
28 29 145 61
20 26 149 76
17 28 166 71
26 31 173 69
29 21 191 80
30 27 184 98
29 25 195 95
30 24 127 198
24 19 126 198
28 27 147 192
32 28 156 184
36 21 160 205
31 34 154 238
21 26 167 257
21 28 164 281
30 24 179 279
34 29 180 300
23 22 83 91
20 31 67 110
37 31 75 135
16 32 78 144
18 24 78 147
21 25 89 145
23 29 97 136
25 24 107 152
28 22 107 149
32 29 142 162
15 18 34 78
13 17 43 77
23 23 40 94
22 30 42 87
26 24 39 95
25 28 54 117
24 27 50 124
24 22 61 152
13 31 61 158
18 26 77 153
28 22 147 69
37 32 159 76
28 31 171 84
27 25 170 80
21 16 193 97
21 24 207 121
21 26 217 136
28 18 199 135
18 21 223 137
22 23 197 148
28 13 77 83
21 18 85 92
23 26 92 100
21 25 119 113
24 16 124 125
28 21 122 138
19 24 114 156
24 20 125 162
35 22 126 176
15 24 139 197
26 23 98 110
26 31 102 111
28 27 100 121
28 34 93 132
34 24 107 135
25 29 103 157
24 27 111 170
20 20 96 190
32 24 110 201
18 25 109 217
