24 27 98 70
36 26 109 73
20 31 117 86
26 24 127 96
24 21 117 84
29 22 122 86
18 23 124 113
30 26 158 143
25 27 184 150
22 32 184 141
29 32 94 193
29 25 122 215
21 38 116 234
25 26 133 216
24 32 134 225
34 20 125 227
25 31 125 263
26 25 120 272
24 24 122 291
22 31 126 286
24 17 81 144
23 28 76 145
16 21 83 152
9 21 115 132
17 25 109 138
22 20 119 178
19 16 124 188
22 25 129 218
24 21 131 202
18 21 131 216
25 23 94 85
28 26 93 75
36 32 106 76
31 36 103 82
28 31 110 74
26 25 116 68
28 39 122 78
19 26 134 91
18 31 129 115
26 22 128 104
26 21 98 67
26 27 92 60
25 30 91 61
28 20 99 62
26 22 115 62
25 19 130 51
23 25 108 63
21 24 111 73
23 24 134 96
22 27 148 97
37 24 119 44
23 24 113 37
33 32 103 46
14 21 115 51
21 29 115 65
27 20 121 58
35 21 135 61
26 20 154 79
32 26 173 87
33 34 164 108
23 23 57 164
15 21 71 183
22 17 75 190
26 26 89 153
28 23 108 170
20 21 115 223
23 23 116 242
18 22 102 243
13 23 100 248
18 30 113 261
25 23 62 68
25 25 68 76
24 22 69 58
23 38 84 75
30 20 86 79
28 38 112 94
23 25 116 91
23 20 112 100
34 20 120 77
26 27 111 86
29 32 136 117
27 16 150 94
35 25 163 89
20 28 155 92
22 27 158 109
19 25 176 124
19 32 188 138
13 26 201 133
15 16 213 134
15 32 223 148
25 25 96 100
22 31 95 119
26 23 96 127
21 21 105 127
33 19 121 131
15 21 140 140
18 23 143 152
21 28 146 149
22 26 140 155
17 25 151 154
