1 7 17 33
5 4 3 24
6 3 9 15
6 3 7 18
1 7 5 10
7 5 5 15
1 4 3 14
5 7 7 11
3 6 6 13
2 4 9 16
1 4 36 14
3 3 38 16
5 5 22 13
8 4 23 17
7 1 24 17
4 5 24 10
5 5 22 11
3 5 13 6
4 6 20 9
4 6 13 15
5 6 12 22
6 8 7 27
6 3 17 17
3 9 13 15
9 5 19 8
5 4 15 8
7 5 13 15
5 8 17 26
8 3 25 14
1 4 7 11
8 6 50 25
5 5 36 27
8 6 42 16
4 3 24 17
5 5 19 19
3 5 27 8
3 3 25 14
4 4 17 12
11 5 11 10
3 2 16 8
1 7 10 22
5 3 5 11
5 2 15 9
7 3 16 10
3 5 7 7
4 5 12 10
7 4 14 9
7 3 11 7
2 8 6 14
4 5 12 11
5 3 13 31
2 4 17 16
4 3 12 17
3 6 10 10
9 8 20 9
5 5 15 13
9 3 19 32
4 1 8 16
4 1 7 5
2 1 3 4
4 4 22 6
6 2 22 5
5 2 27 16
4 4 24 8
10 4 48 8
5 4 34 9
8 4 26 13
6 5 22 10
9 4 38 10
3 7 31 8
2 5 11 22
4 11 9 17
5 3 10 12
5 2 11 21
3 4 8 10
6 3 6 7
3 8 30 11
4 5 14 7
1 4 11 10
3 5 17 15
3 1 33 14
6 7 6 15
4 2 9 7
7 4 13 12
0 3 15 8
4 4 7 9
5 7 10 12
8 5 11 17
3 6 10 8
3 5 15 10
3 5 53 10
3 2 38 9
3 6 23 9
3 3 21 8
1 2 6 8
4 7 6 9
6 6 5 11
4 3 8 9
2 6 8 4
3 3 3 12
