6 3 15 40
2 4 13 35
2 4 16 22
4 3 15 21
4 3 14 21
1 2 11 18
4 5 18 21
3 5 34 19
5 2 41 11
5 4 33 23
3 6 15 40
5 1 13 21
4 5 16 16
6 6 11 17
1 3 20 10
1 1 22 19
3 2 25 11
2 3 19 36
2 5 26 35
5 6 28 34
6 5 30 15
6 6 24 18
6 3 24 8
1 1 16 10
4 3 20 22
2 7 18 36
6 8 27 39
9 8 29 33
5 3 21 36
3 2 29 39
1 5 33 73
2 0 18 49
2 5 14 37
3 6 16 40
6 6 25 39
1 3 23 31
3 5 27 30
6 3 28 31
4 4 25 21
8 3 24 18
5 6 52 8
6 4 54 7
5 3 55 11
5 2 55 10
12 8 41 10
5 3 31 18
5 4 28 10
4 3 33 11
3 4 43 7
4 2 25 18
2 5 20 28
6 6 23 13
3 3 13 13
9 6 15 22
4 3 20 16
3 5 14 24
8 4 17 15
5 3 25 21
1 4 27 13
1 6 33 12
7 5 34 13
4 2 24 17
6 4 40 11
6 5 37 14
4 6 39 12
5 6 43 14
3 4 32 20
4 4 27 21
3 4 20 19
5 5 26 21
1 4 32 9
2 4 20 6
2 3 16 5
7 4 13 6
7 6 12 10
9 3 13 11
8 2 16 10
0 7 15 6
5 6 6 13
7 6 19 18
3 5 44 30
5 5 28 32
4 2 17 54
4 4 20 48
2 3 8 23
6 6 19 25
3 9 20 18
3 3 21 15
1 1 24 14
4 3 31 26
7 2 39 18
11 5 37 19
4 9 46 16
2 5 31 21
5 6 39 17
2 7 34 16
4 2 18 15
5 8 46 23
11 4 60 25
3 6 56 23
