15 1 21 1
23 1 21 0
19 0 53 0
36 3 62 1
25 2 36 1
24 3 24 0
19 1 39 0
26 0 41 2
25 0 82 1
31 0 33 2
31 2 35 1
37 1 26 0
19 2 20 4
22 2 18 4
39 0 95 0
32 0 46 0
24 0 61 0
27 3 41 1
34 2 31 2
34 1 32 0
22 1 50 1
24 2 26 0
24 3 43 2
34 1 20 0
35 0 13 2
19 4 20 2
22 3 22 2
16 1 35 1
29 0 21 2
15 3 32 0
16 2 16 3
30 0 14 1
18 2 5 1
20 0 45 0
20 0 59 2
35 1 30 1
16 1 34 0
24 2 51 0
17 3 47 1
29 1 51 0
28 1 27 1
27 2 31 0
19 2 32 2
17 0 30 0
28 1 7 3
26 2 11 2
19 1 18 0
19 0 3 11
33 0 21 0
30 0 22 0
29 0 20 2
36 0 23 2
25 2 9 3
12 0 21 3
20 1 29 3
22 1 11 3
28 1 20 1
20 1 27 1
28 1 17 1
25 2 46 1
21 2 21 1
30 1 31 0
16 1 20 0
24 0 21 1
22 1 27 0
18 2 14 0
27 0 22 1
33 0 9 1
19 0 39 0
19 0 20 1
27 4 26 1
18 0 23 2
21 1 21 4
27 0 19 0
24 1 24 0
21 1 18 4
24 1 12 5
28 1 4 6
17 0 28 3
20 1 47 1
20 1 35 0
21 2 35 0
24 0 14 1
30 1 18 0
31 0 20 2
32 2 25 1
30 0 31 2
32 0 91 0
20 0 52 0
20 0 14 0
24 5 42 0
25 1 10 3
34 0 27 4
29 2 19 0
34 1 9 4
27 0 13 0
23 1 36 1
19 1 47 2
25 0 78 0
35 0 19 1
