26 20 85 35
18 19 95 34
15 27 92 31
16 27 103 30
15 21 114 19
17 18 124 14
21 32 117 17
20 20 109 18
19 18 133 18
23 18 124 15
25 23 87 34
31 20 107 38
17 22 107 46
25 25 116 46
34 24 126 38
23 17 123 38
13 30 125 39
29 24 129 33
30 29 133 33
23 14 137 25
41 23 87 55
29 32 87 56
26 22 101 52
25 33 91 67
27 22 110 66
21 28 133 54
29 25 129 48
31 23 141 51
26 23 130 57
28 20 141 46
32 24 43 92
22 16 42 88
20 20 40 91
19 22 32 86
17 23 27 100
17 20 28 101
24 18 24 114
18 21 30 115
24 27 30 139
20 17 31 150
26 23 28 82
22 23 28 74
15 19 33 93
28 26 31 110
22 23 30 99
21 28 28 106
21 22 21 124
28 19 22 121
25 14 27 130
29 29 26 135
26 32 59 68
27 21 58 62
20 34 59 67
25 18 69 73
18 25 69 83
26 27 73 72
25 31 91 75
25 26 92 77
16 20 88 68
23 30 88 57
24 22 104 36
27 39 98 35
22 27 104 38
18 36 97 45
18 34 111 49
25 36 117 60
25 31 120 58
28 25 127 60
38 35 132 53
29 31 122 62
23 20 89 39
31 15 113 40
27 35 118 40
24 27 116 47
22 20 126 42
17 24 119 49
22 24 116 43
15 14 133 32
23 25 137 38
21 24 122 46
26 20 73 45
21 24 86 39
26 32 86 48
17 29 93 35
31 14 126 25
19 29 138 24
29 24 144 25
28 13 144 35
23 27 163 34
21 20 167 30
27 28 76 38
23 24 94 29
27 34 118 25
25 25 123 17
22 23 134 13
24 25 158 16
25 20 149 28
21 32 172 22
23 22 184 27
19 27 197 27
