67 3 39 3
62 5 23 14
67 3 10 14
65 4 22 12
67 5 14 12
66 3 4 20
64 1 19 1
63 2 32 4
73 2 17 12
67 2 9 18
55 1 18 11
64 2 29 6
56 3 9 15
64 1 5 21
53 2 25 15
58 2 5 4
68 1 3 13
60 4 22 6
57 3 10 12
61 3 16 4
59 2 21 3
63 8 16 2
61 3 10 6
65 4 24 3
58 8 19 4
62 2 15 8
62 2 17 26
66 1 7 11
63 4 8 13
67 2 4 4
58 4 23 5
66 1 14 5
70 3 9 10
68 4 6 20
65 3 15 36
68 3 19 23
61 3 3 6
63 2 24 12
69 0 22 8
63 7 19 3
58 2 18 10
61 3 52 5
59 7 41 3
60 3 11 7
56 1 13 6
60 1 20 9
61 1 22 5
63 5 56 8
58 1 34 6
71 2 12 3
70 2 21 7
62 3 34 2
58 3 33 4
65 3 56 9
66 1 12 4
70 4 12 28
64 8 28 9
58 1 15 3
63 2 20 4
78 8 24 10
68 1 24 2
65 1 33 1
69 2 26 5
74 1 26 1
62 1 21 3
70 3 34 0
64 3 24 4
67 2 10 6
63 4 39 3
63 3 24 2
72 6 41 0
67 8 24 13
59 5 5 11
67 1 11 10
68 1 12 24
70 1 5 7
75 2 16 2
67 2 17 23
69 1 35 4
72 2 32 1
65 0 25 5
71 1 39 7
66 0 14 16
66 2 5 9
68 8 13 9
65 1 10 7
66 1 23 5
60 2 5 1
64 0 23 25
66 2 6 5
65 2 33 14
66 3 35 5
63 2 19 6
63 3 21 6
62 2 18 6
55 1 36 16
69 0 22 5
62 0 7 7
68 3 39 6
61 0 23 12
