76 1 219 11
90 1 263 1
78 4 343 12
34 3 350 18
61 0 420 17
32 3 426 7
83 0 469 3
69 2 505 5
57 4 524 10
59 3 542 1
70 1 121 56
37 0 178 48
69 0 193 66
40 3 181 71
95 1 202 56
52 3 247 55
27 5 219 61
83 1 274 49
57 1 316 33
59 1 399 19
53 1 201 31
71 0 243 31
42 1 256 39
109 2 272 47
83 2 272 60
117 3 353 53
82 2 407 30
46 3 423 21
47 3 456 15
98 3 505 9
76 3 185 93
52 3 204 108
83 1 255 87
45 3 236 68
66 4 263 57
79 2 277 49
80 0 279 53
69 1 288 52
26 6 319 74
56 4 318 59
54 7 142 86
64 4 159 69
35 6 183 77
38 0 215 62
50 2 191 53
23 1 214 54
157 0 267 46
61 3 291 38
63 1 343 24
50 3 365 34
123 0 178 75
90 0 222 55
52 0 192 76
58 2 251 48
74 2 265 52
21 3 283 34
91 2 295 27
65 2 339 22
36 1 331 32
98 0 385 36
34 3 130 72
64 3 127 86
33 5 131 83
57 3 168 67
37 3 150 78
56 3 189 89
91 2 213 70
63 1 230 67
59 0 233 50
31 0 242 48
61 2 153 54
30 1 135 59
61 6 128 37
47 3 175 47
51 5 194 37
43 2 220 48
100 0 253 39
69 0 299 41
53 1 313 41
53 2 353 36
59 1 132 100
71 1 174 107
103 4 217 82
23 2 231 76
64 2 264 81
44 3 250 68
35 2 272 58
35 1 272 50
87 1 319 45
55 0 328 45
52 1 148 62
49 0 158 55
93 0 204 41
83 1 250 17
81 4 261 16
39 1 277 20
13 2 244 13
39 2 273 36
65 2 311 49
33 1 300 65
