1 5 148 442
6 5 150 477
5 3 144 527
2 2 145 525
0 2 145 525
5 6 144 527
3 0 144 527
6 1 144 527
3 8 144 527
5 6 145 525
1 2 336 143
2 4 522 140
6 1 522 140
7 2 522 140
6 3 522 140
3 7 524 139
2 5 522 140
4 3 522 140
6 7 524 139
7 5 524 139
6 6 104 402
6 3 151 519
5 4 150 521
2 4 150 521
5 3 151 519
4 8 150 521
8 4 151 519
6 9 151 519
3 4 150 521
6 6 151 519
2 4 173 286
3 4 219 392
5 5 218 398
6 2 217 398
4 2 218 398
4 5 218 398
3 3 218 398
2 1 218 398
7 1 218 398
9 1 218 398
8 6 132 366
2 3 187 364
2 0 259 337
4 7 241 415
5 1 241 415
5 8 241 415
2 2 241 415
6 5 241 415
5 8 241 415
5 4 241 415
5 5 184 344
10 7 240 418
4 4 240 419
3 4 240 419
1 5 240 419
4 7 240 419
5 5 240 419
3 8 240 419
3 2 240 419
4 3 240 419
3 5 206 238
3 3 285 297
3 3 285 297
0 3 285 297
2 6 285 297
5 7 284 298
4 4 285 297
5 4 285 297
4 3 284 298
6 6 285 297
9 3 255 246
4 6 234 421
8 5 232 421
7 7 229 426
6 5 231 425
6 6 235 419
4 7 234 421
8 3 231 425
3 8 231 425
5 7 234 421
3 8 235 252
7 5 223 409
5 11 223 410
1 3 223 410
4 10 223 410
5 3 223 410
1 2 219 411
4 4 223 410
2 12 223 410
6 6 223 410
6 6 210 321
3 6 296 304
8 6 296 304
7 6 298 301
6 4 297 302
5 7 297 302
8 5 297 302
7 5 297 302
3 6 297 302
5 8 297 301
