74 0 48 0
72 0 73 15
67 0 98 12
64 1 94 1
70 1 26 9
65 1 29 10
77 0 28 12
70 0 30 11
70 0 23 25
64 0 30 17
64 0 29 21
70 0 40 23
63 1 29 19
69 1 65 13
69 0 40 0
67 0 98 0
71 4 67 1
70 0 50 23
68 0 44 2
68 0 71 0
65 1 30 74
72 0 32 25
64 0 21 33
68 1 35 28
68 5 61 53
70 1 38 28
69 1 36 31
68 0 54 4
61 0 39 12
73 0 28 30
62 0 23 17
65 0 10 27
69 0 30 27
63 0 19 36
71 0 28 15
70 1 57 2
63 1 90 19
69 1 47 21
71 1 18 43
78 0 24 13
64 0 26 24
63 1 38 30
60 6 20 38
63 5 10 21
54 0 17 31
61 0 60 15
63 0 36 9
62 7 24 29
57 1 3 30
61 1 24 27
60 0 41 31
61 0 34 26
64 0 37 27
64 0 12 35
64 1 37 36
54 0 22 25
64 0 36 39
69 0 20 29
60 0 15 62
56 7 67 32
67 1 37 21
61 0 34 2
68 0 19 29
62 0 64 28
67 0 24 9
54 0 43 30
71 0 72 3
68 4 31 10
73 1 49 8
62 2 40 7
64 0 85 36
63 0 40 25
56 0 50 34
64 1 30 21
60 0 16 26
63 1 56 37
59 0 54 0
58 0 71 8
60 1 68 4
61 0 56 55
64 0 10 37
66 0 29 14
71 0 33 16
72 0 20 2
63 1 58 0
70 0 7 13
64 0 39 24
70 0 50 24
61 0 34 43
68 0 47 22
65 0 82 18
69 0 63 11
67 0 40 19
67 1 46 10
62 1 48 1
70 0 22 8
65 1 29 21
68 2 47 16
72 0 82 10
70 5 13 16
