38 114 0 24
16 201 0 65
112 31 2 10
128 31 4 12
34 108 2 37
200 18 5 8
131 38 6 6
66 70 10 5
105 34 25 7
37 114 7 5
40 128 3 33
63 72 0 7
38 115 1 29
63 70 6 4
234 23 6 10
38 125 4 9
20 224 3 10
196 12 6 5
29 124 6 4
42 137 6 4
208 18 21 0
56 67 14 3
115 38 5 6
33 117 3 2
31 128 9 7
120 39 16 4
102 35 23 0
63 75 15 2
30 120 2 4
39 132 0 9
78 71 11 2
67 71 8 1
73 76 10 2
2 595 0 22
43 123 0 22
622 5 19 0
144 46 34 0
23 221 22 0
79 75 13 2
69 96 6 1
10 190 0 45
17 196 2 11
21 201 0 45
213 21 3 9
76 70 2 7
5 589 0 20
33 121 3 15
124 30 10 6
44 122 2 4
39 108 2 1
115 31 7 4
60 63 5 4
61 68 9 5
213 15 3 3
381 10 41 1
102 40 16 1
65 63 6 1
118 31 4 12
17 217 2 6
201 13 1 6
60 76 4 8
69 68 8 10
56 72 7 5
32 119 3 4
79 65 3 10
66 75 4 4
16 206 4 6
201 17 18 1
59 72 30 2
219 24 20 3
63 63 5 4
68 59 9 4
34 127 1 22
97 38 4 7
113 37 5 9
79 66 4 6
118 35 4 4
60 59 7 1
81 63 11 2
29 103 7 11
22 198 1 49
109 45 3 5
54 72 4 9
24 208 1 11
36 119 1 11
105 41 0 9
77 52 0 18
124 31 1 10
117 27 10 2
124 28 10 1
24 214 1 25
42 131 0 9
20 219 1 53
78 70 2 26
24 224 0 62
368 10 3 7
15 213 1 23
60 61 0 21
66 74 3 10
36 121 4 22
