5 9 7 17
4 4 1 14
3 5 1 15
5 6 5 20
3 7 5 14
6 8 2 15
7 7 7 10
6 5 2 21
6 7 1 16
8 2 3 16
3 3 6 13
8 3 2 10
5 10 1 14
7 4 3 13
7 6 3 9
5 9 2 13
6 7 2 11
3 2 1 16
3 7 3 17
3 9 3 11
8 9 15 10
8 4 14 7
4 8 10 7
8 4 10 7
1 4 7 5
5 5 6 11
4 8 5 8
7 6 2 10
5 5 6 11
3 4 8 7
8 5 13 10
3 5 12 11
9 5 11 9
3 7 10 7
8 8 12 12
4 8 6 12
4 4 8 9
5 6 7 10
4 9 6 7
10 10 9 10
6 16 11 18
8 5 10 16
9 7 7 12
8 9 7 14
7 7 7 13
6 4 5 9
5 8 9 9
9 5 11 11
2 7 8 11
6 5 4 9
9 6 5 12
12 7 13 4
9 10 8 7
8 4 11 7
8 8 7 6
5 4 9 5
3 11 2 11
3 10 5 13
7 2 7 13
8 8 2 12
10 7 6 10
8 9 11 9
9 5 8 8
6 6 1 9
6 12 7 12
5 4 3 16
9 10 2 18
9 5 5 23
8 9 4 18
13 3 7 26
5 8 11 13
9 16 5 13
5 5 9 17
8 5 5 23
7 6 6 16
4 10 4 14
4 8 3 21
9 4 6 12
6 5 4 12
2 8 1 19
3 5 8 7
5 7 6 8
3 5 6 8
4 7 6 7
8 7 2 9
9 4 9 8
5 3 9 7
8 4 6 6
5 7 4 10
5 8 5 5
5 7 9 10
6 7 5 10
9 4 4 12
10 5 8 9
6 7 7 5
5 9 2 3
6 4 5 8
3 8 7 6
5 7 10 7
7 5 5 9
