3 4 228 405
4 3 228 405
1 9 228 405
6 6 228 405
3 6 228 405
4 9 228 405
4 9 228 405
5 4 228 405
2 2 228 405
2 6 228 405
5 5 303 295
7 8 302 300
10 7 302 300
7 6 300 304
5 5 301 303
12 1 301 303
3 6 302 300
7 6 301 303
3 6 304 296
5 8 301 303
6 2 391 225
2 8 389 226
7 6 391 225
8 2 390 226
5 4 390 226
2 7 391 225
2 7 391 223
4 4 394 221
5 5 390 226
2 5 391 225
5 5 306 295
5 2 305 301
8 4 305 301
1 5 305 301
2 5 305 301
3 5 305 301
6 3 305 301
2 2 306 295
2 3 305 301
6 8 305 301
1 4 236 424
2 6 236 424
5 3 236 424
0 6 236 424
1 5 236 424
5 5 236 424
4 2 236 424
8 3 236 424
3 7 236 424
5 7 236 424
4 6 241 314
2 8 293 301
0 3 293 301
4 4 293 299
3 3 293 299
8 1 293 299
3 3 294 297
5 6 294 299
5 7 293 299
13 1 294 299
2 6 409 218
5 5 409 223
4 6 409 223
2 9 409 223
10 9 409 223
6 3 409 223
5 9 409 223
4 2 409 223
3 1 409 223
5 3 409 223
3 5 135 500
0 7 136 498
5 8 135 503
3 3 134 505
7 6 132 503
2 4 135 503
2 3 134 504
3 3 135 504
1 5 135 503
5 6 136 501
4 3 221 403
2 4 220 404
3 3 228 394
2 3 218 405
8 5 217 406
2 1 220 404
0 1 224 401
6 1 220 404
3 4 217 404
3 6 222 402
5 7 396 215
5 4 396 215
7 0 398 212
5 2 398 213
2 5 398 213
4 4 398 213
6 7 396 215
4 10 396 215
2 9 396 215
2 6 393 217
