7 4 16 4
8 8 22 6
6 6 24 2
8 10 38 6
7 3 80 2
6 5 136 0
2 11 971 0
6 5 1000 0
8 3 1000 0
4 5 1000 0
7 11 13 10
5 6 7 10
7 4 13 8
7 4 46 3
10 2 23 2
5 7 129 0
8 4 974 0
4 6 1000 0
10 2 1000 0
6 4 1000 0
3 6 3 19
8 3 2 24
6 5 5 94
8 4 0 266
12 7 0 1000
11 5 0 1000
7 7 0 1000
6 5 0 1000
3 2 0 1000
8 7 0 1000
5 9 16 9
5 5 32 6
8 8 50 2
7 11 87 2
3 5 434 0
5 6 1000 0
10 7 1000 0
4 9 1000 0
8 9 1000 0
4 8 1000 0
10 3 6 25
5 4 3 36
7 7 0 37
6 6 1 45
6 6 0 220
4 9 0 1000
5 10 0 1000
5 4 0 1000
7 4 0 1000
4 10 0 1000
7 9 19 9
4 13 9 16
5 10 6 17
6 11 4 24
6 4 1 27
10 9 6 51
8 6 2 55
7 15 1 136
6 7 0 740
10 10 0 999
6 6 7 21
5 4 8 22
9 9 13 8
7 3 22 2
4 9 38 6
13 5 69 2
6 6 144 2
9 7 912 0
3 10 999 0
6 7 999 0
3 4 16 7
11 7 13 9
9 5 15 4
6 11 9 13
7 2 5 9
7 4 4 28
3 3 3 49
6 5 1 99
2 7 0 355
7 3 0 1000
7 4 12 8
9 6 22 4
9 8 25 10
5 6 30 5
4 3 45 0
3 8 119 3
9 7 538 0
7 6 1000 0
7 7 1000 0
7 4 1000 0
8 0 7 22
7 6 6 19
6 4 4 21
3 8 2 68
7 9 0 205
8 9 0 993
5 6 0 1000
6 7 0 1000
4 4 0 1000
7 9 0 1000
