23 1 178 0
19 1 324 0
25 1 464 0
29 1 595 0
26 0 784 0
39 0 864 0
23 2 916 0
29 2 973 0
36 1 986 0
31 0 958 0
23 2 192 1
24 1 351 0
37 0 486 0
25 1 615 0
25 3 760 0
44 2 868 0
21 1 923 0
29 5 970 0
38 1 991 0
29 0 1000 0
25 0 257 0
28 2 396 0
20 3 584 0
21 0 745 0
41 0 868 0
25 0 895 0
17 0 938 0
11 1 948 0
19 0 987 0
26 0 1000 0
39 1 261 0
27 0 421 0
29 0 551 0
21 1 643 0
23 2 804 0
35 0 875 0
28 3 912 0
22 2 944 0
19 2 976 0
22 5 976 0
30 4 151 2
20 2 266 1
29 0 461 0
25 1 672 0
33 0 771 0
29 0 951 0
33 1 962 0
45 0 994 0
37 1 994 0
28 0 1000 0
24 2 227 0
35 3 477 0
32 1 613 0
25 2 742 0
29 0 811 0
30 0 825 0
35 0 945 0
24 4 957 0
27 1 972 0
29 2 972 0
18 1 158 0
24 2 247 0
33 3 446 0
29 1 504 0
34 0 716 0
46 2 788 0
37 0 903 0
37 0 972 0
29 2 984 0
28 1 984 0
28 1 164 0
36 1 351 0
27 5 603 0
35 4 716 0
32 1 885 0
26 1 946 0
22 4 967 0
30 1 979 0
30 4 976 0
17 4 985 0
38 0 412 0
27 2 651 0
29 2 754 0
27 0 907 0
26 1 971 0
33 1 984 0
42 2 1000 0
31 0 1000 0
15 2 1000 0
38 0 1000 0
23 3 198 0
32 3 381 0
27 1 641 0
44 1 781 0
23 4 901 0
21 1 958 0
25 3 976 0
34 2 993 0
25 3 1000 0
24 1 1000 0
