55 23 10 3
76 11 16 1
42 13 6 1
9 44 1 8
7 40 3 15
20 15 0 21
45 17 2 11
89 9 7 2
33 14 15 3
17 19 1 14
24 27 1 25
7 33 1 24
137 4 8 2
45 7 10 7
41 14 19 2
21 11 4 10
54 18 13 3
129 7 6 6
120 2 17 2
131 9 30 0
69 12 12 4
318 3 37 1
123 6 23 1
8 25 6 6
43 10 6 5
74 8 7 1
46 19 10 4
49 12 7 5
135 8 11 4
43 8 6 3
41 11 14 4
60 12 16 1
56 9 13 0
15 22 12 3
16 21 5 7
22 21 2 4
16 16 2 5
11 29 3 9
19 22 4 10
35 19 1 13
4 35 0 38
29 17 2 12
9 21 3 11
10 21 0 13
62 8 4 6
45 9 1 20
19 30 3 12
53 12 2 3
71 12 15 2
6 33 2 5
5 36 0 35
78 8 0 7
101 6 8 3
1 36 1 9
77 7 1 14
24 21 3 15
97 5 3 9
12 14 0 10
16 18 6 3
8 22 4 4
80 5 11 1
83 9 11 6
67 7 1 6
23 17 1 12
45 21 2 14
121 1 1 23
8 20 1 11
29 21 0 17
129 6 10 7
16 19 9 5
26 22 2 6
7 30 0 24
10 32 3 20
182 3 4 1
22 15 13 3
128 4 4 4
26 18 3 8
5 30 3 10
130 3 6 5
39 14 3 4
91 13 19 0
18 17 8 6
19 25 5 4
135 6 13 2
39 10 16 0
41 14 1 6
79 7 7 3
125 5 2 4
128 3 5 4
34 13 6 4
24 22 1 7
112 5 11 1
448 1 38 1
187 5 52 1
11 34 4 7
20 23 14 3
37 17 17 1
44 27 6 0
85 15 9 7
17 25 6 11
