15 23 51 30
24 19 48 33
20 22 44 27
19 23 46 34
22 28 47 30
25 19 36 31
25 24 41 26
26 13 36 33
18 19 29 39
15 28 18 35
29 18 45 36
22 26 45 34
28 32 43 30
10 29 36 29
20 27 30 26
25 26 33 41
33 21 38 33
29 26 49 41
29 17 58 38
23 30 63 27
21 19 43 60
26 28 40 60
24 21 36 47
22 26 29 53
22 32 34 44
17 19 31 30
14 25 34 38
23 30 23 45
18 27 25 44
32 23 29 47
29 30 55 57
28 22 28 48
27 10 31 47
31 24 41 31
19 35 32 50
15 29 30 44
27 28 37 37
22 20 37 24
22 20 35 26
19 31 52 31
25 22 40 47
24 27 30 48
28 18 46 35
27 32 29 48
24 25 24 40
25 23 24 32
27 26 20 44
30 23 28 34
21 28 35 45
25 16 39 35
24 21 50 62
26 29 62 71
25 22 45 41
20 25 42 45
22 29 32 38
27 24 46 31
19 31 31 42
22 26 27 49
30 24 40 47
23 21 49 38
23 26 34 64
19 25 26 66
20 29 25 49
22 34 25 54
28 18 21 56
26 24 22 41
24 26 26 51
21 19 29 34
17 27 22 29
34 31 28 30
25 24 50 41
18 19 37 45
20 26 36 48
16 30 31 42
27 22 31 43
25 21 27 32
29 30 28 40
27 25 37 46
28 27 33 35
17 24 36 38
22 14 55 48
18 28 56 39
35 27 50 30
15 26 33 23
25 19 28 35
25 30 38 44
23 26 37 35
30 30 40 47
28 30 37 41
22 26 42 41
19 26 25 76
30 22 34 52
25 29 40 49
23 21 29 41
19 20 28 45
21 17 23 50
30 29 34 53
27 26 48 53
36 28 30 55
32 15 33 47
