20 27 72 80
21 25 74 79
26 31 88 118
28 24 84 133
17 29 96 160
28 21 120 182
27 25 131 184
23 30 135 212
33 23 128 205
24 27 139 228
32 21 48 77
24 28 58 78
28 29 57 112
20 21 67 112
28 24 66 114
24 19 66 125
29 25 74 148
27 21 90 182
35 20 103 200
28 19 126 218
23 18 134 72
33 17 142 76
17 22 154 69
21 25 151 82
16 21 179 94
16 20 172 90
23 23 177 106
26 26 206 123
24 27 235 158
20 23 240 171
32 24 49 68
24 36 59 63
36 26 69 87
27 33 85 93
28 34 86 106
25 29 102 127
34 22 107 151
38 23 132 151
30 27 152 159
26 29 165 163
35 29 80 129
23 25 74 135
39 24 61 168
34 28 75 174
23 34 100 193
25 23 121 194
23 23 137 199
24 26 156 195
28 25 173 215
22 20 172 225
27 20 79 116
21 29 85 125
34 23 97 125
23 27 102 125
19 20 145 131
30 16 155 133
27 27 166 123
27 13 170 116
22 18 176 117
18 25 168 148
26 27 77 119
21 35 77 137
37 27 82 144
23 31 76 150
19 35 84 159
28 27 89 173
23 21 96 193
28 25 106 207
32 18 103 211
22 25 108 223
26 35 91 65
20 28 90 87
30 26 88 126
23 20 107 132
21 21 116 128
21 28 137 129
24 29 143 136
28 27 150 130
26 23 149 149
19 25 140 165
26 25 44 59
32 20 54 65
22 29 75 112
27 21 81 128
27 25 101 136
26 32 125 141
19 27 132 188
21 20 134 200
21 19 160 218
26 27 171 250
24 35 98 110
20 23 102 137
33 22 119 164
21 23 142 196
22 22 143 219
18 27 161 224
21 23 187 223
19 25 180 228
20 24 171 253
26 27 181 281
