20 24 1000 0
17 19 1000 0
22 31 1000 0
22 21 1000 0
23 26 1000 0
21 29 1000 0
20 12 1000 0
26 17 1000 0
24 13 1000 0
23 15 1000 0
20 21 839 4
23 19 999 0
23 22 999 0
21 20 999 0
17 18 999 0
22 15 999 0
18 21 999 0
20 20 999 0
26 28 999 0
29 21 999 0
25 26 409 43
18 23 999 0
27 18 999 0
22 15 1000 0
30 18 1000 0
19 18 1000 0
23 20 1000 0
27 21 1000 0
30 21 1000 0
21 27 1000 0
14 22 9 643
32 24 0 998
17 22 0 998
19 25 0 998
31 25 0 998
22 27 0 998
18 25 0 998
29 20 0 998
17 29 0 998
24 18 0 998
18 25 126 186
28 30 114 209
18 28 63 327
31 25 27 493
18 32 1 947
27 18 0 1000
22 18 0 1000
29 32 0 1000
27 22 0 1000
21 30 0 1000
23 24 0 955
32 21 0 1000
16 23 0 1000
29 20 0 1000
25 31 0 1000
24 24 0 1000
24 25 0 1000
24 31 0 1000
15 26 0 1000
31 26 0 1000
22 28 568 12
27 28 997 0
36 25 999 0
36 33 999 0
25 23 999 0
26 29 999 0
22 18 999 0
29 25 999 0
21 27 999 0
19 30 999 0
22 25 116 174
23 26 109 197
17 22 87 243
20 22 65 295
25 20 14 504
23 15 0 997
30 21 0 999
20 23 0 999
30 22 0 999
23 20 0 999
22 20 32 392
32 23 0 955
23 24 0 1000
26 24 0 1000
20 24 0 1000
24 20 0 1000
24 28 0 1000
29 27 0 1000
23 20 0 1000
19 32 0 1000
30 32 817 3
34 27 1000 0
28 22 1000 0
21 20 1000 0
30 25 1000 0
19 23 1000 0
26 24 1000 0
23 26 1000 0
28 24 1000 0
27 21 1000 0
