2 2 5 4
6 6 11 4
6 1 15 6
2 3 6 4
2 4 9 6
2 2 19 1
9 6 6 5
4 5 9 3
5 6 11 1
2 6 9 5
8 2 10 7
2 3 1 3
6 2 12 3
2 5 13 1
1 8 11 3
6 1 12 0
1 11 9 2
3 5 8 2
3 6 1 10
6 3 1 24
6 5 5 1
6 5 1 8
3 2 5 3
3 4 16 0
7 4 10 4
2 6 15 2
6 6 16 2
4 3 6 5
4 3 5 8
4 9 8 3
2 0 15 1
2 2 3 0
5 2 3 4
3 5 4 3
4 1 5 5
3 7 29 2
6 3 68 3
3 5 57 3
5 3 89 0
3 4 151 0
3 11 3 16
7 6 6 6
5 4 10 3
5 7 2 10
2 5 9 8
7 0 4 11
2 3 5 11
8 2 6 9
10 6 10 7
7 4 6 3
6 2 2 5
5 11 20 0
1 2 15 1
3 5 15 1
5 2 20 3
6 5 20 4
9 5 7 10
4 4 1 9
5 2 8 3
7 7 10 4
6 4 5 13
5 1 2 4
6 8 4 10
2 4 1 10
4 6 9 8
2 2 10 7
6 5 1 3
8 6 6 1
2 5 14 3
4 5 43 1
2 6 10 6
4 5 8 5
3 5 9 2
5 7 6 5
9 6 2 18
4 6 3 36
1 3 3 22
7 4 5 15
5 1 10 3
6 3 3 11
3 2 5 3
6 2 6 5
9 4 8 4
4 3 4 6
3 4 2 13
3 7 4 7
6 6 2 6
0 2 2 15
7 5 2 14
5 4 3 11
3 5 10 2
3 8 23 3
7 1 7 2
7 3 14 1
5 4 26 3
8 2 9 8
1 4 21 7
8 6 1 1
5 4 2 6
3 7 7 9
