196 1 78 1
14 1 50 1
16 6 18 3
19 5 33 1
242 0 58 0
27 3 31 1
43 2 14 5
99 0 30 0
369 0 30 0
41 0 62 1
63 1 72 0
27 0 116 1
87 1 184 0
93 1 125 0
63 1 111 0
212 0 122 0
39 2 82 1
104 0 99 1
56 0 97 0
243 1 145 0
139 1 134 0
154 0 146 0
176 0 119 0
36 1 117 1
84 0 75 0
173 0 56 0
55 0 40 0
268 0 58 1
30 0 43 1
160 0 63 0
26 2 21 1
285 0 68 1
29 1 101 0
92 0 113 0
240 0 99 1
91 0 119 0
16 6 90 0
51 0 66 0
248 0 60 2
63 1 35 0
61 0 21 1
84 0 47 3
16 2 23 0
101 0 40 0
87 0 73 1
78 0 93 1
27 0 50 1
18 3 34 0
219 1 75 0
63 1 50 0
77 1 97 1
49 0 70 0
60 1 34 4
14 5 18 2
82 0 34 1
136 2 49 1
69 1 61 4
268 0 102 1
128 0 68 1
31 1 74 1
58 1 88 0
77 0 93 0
123 0 66 0
43 0 58 2
24 2 25 0
21 3 12 3
59 0 16 1
170 0 45 0
135 0 33 0
123 0 47 0
133 0 220 0
44 1 144 0
24 2 121 1
37 0 56 0
20 5 31 1
171 0 99 0
251 0 141 0
133 0 262 0
156 1 242 0
97 2 260 0
96 1 69 0
132 0 98 0
144 0 106 0
56 2 81 0
56 0 71 0
124 0 112 1
250 0 119 0
168 0 159 1
59 0 50 1
126 0 41 0
28 2 24 0
289 0 87 0
124 0 69 0
91 1 119 1
32 2 102 1
24 1 29 2
38 0 16 3
10 4 19 1
252 0 43 1
67 4 43 2
