33 3 150 1
250 0 475 0
14 4 572 0
16 1 633 0
13 1 711 0
26 2 829 0
51 2 880 0
42 2 969 0
8 5 973 0
12 1 971 0
86 0 522 0
63 1 749 0
57 0 860 0
76 0 944 0
104 0 984 0
8 2 984 0
108 0 1000 0
47 0 1000 0
5 5 1000 0
20 3 1000 0
8 5 17 5
10 5 18 2
38 1 46 0
51 3 124 0
45 1 276 0
15 5 364 0
47 1 515 0
20 4 683 0
37 0 860 0
21 1 888 0
133 0 661 0
23 0 846 0
51 0 911 0
19 0 973 0
8 0 1000 0
18 3 1000 0
15 4 1000 0
19 2 1000 0
42 1 1000 0
0 6 980 0
30 0 191 1
45 0 280 0
40 1 434 0
14 4 602 0
149 0 861 0
29 0 914 0
8 8 941 0
142 0 988 0
33 1 988 0
34 3 979 0
55 0 341 0
27 2 478 0
167 0 732 0
23 1 809 0
42 2 905 0
51 2 978 0
67 1 1000 0
8 2 1000 0
26 2 1000 0
23 4 1000 0
4 7 2 7
34 1 28 4
29 2 45 1
49 1 125 0
6 3 137 1
8 3 161 0
27 1 232 0
103 0 458 0
19 4 664 0
34 2 834 0
4 9 15 9
13 7 14 4
15 2 21 2
13 2 37 3
33 2 82 1
51 1 193 0
28 1 309 0
18 3 507 0
23 2 594 1
13 4 627 1
147 1 845 0
7 8 833 0
17 2 859 0
25 3 955 0
19 7 973 0
17 3 1000 0
27 1 1000 0
76 0 1000 0
38 0 1000 0
14 3 1000 0
161 0 658 0
36 2 783 0
11 2 880 0
49 0 922 0
56 4 992 0
47 1 1000 0
20 2 1000 0
14 3 1000 0
35 1 1000 0
56 1 1000 0
