19 20 52 55
21 19 48 56
22 19 48 51
27 17 80 57
17 16 91 53
15 21 89 39
20 25 83 51
26 15 89 54
21 20 72 54
25 18 81 49
14 19 36 43
18 20 39 54
15 15 40 63
29 23 49 60
18 19 45 73
21 19 59 81
18 22 54 81
16 21 47 75
31 19 39 95
23 21 42 114
15 21 56 55
15 23 57 52
18 18 56 55
19 31 62 52
26 24 57 64
22 20 64 59
20 21 65 56
18 22 70 57
29 20 71 58
24 23 66 66
22 42 52 70
31 39 50 80
16 25 65 91
19 26 58 93
26 24 58 90
19 33 53 103
26 19 39 94
28 23 49 109
24 22 46 127
24 27 45 110
22 20 47 47
24 21 54 49
21 17 48 58
18 39 52 61
21 33 49 81
23 16 46 89
23 23 51 95
27 25 63 87
23 19 70 85
28 20 71 78
21 17 43 60
16 19 42 72
24 22 51 70
25 19 50 65
22 22 51 74
14 18 60 73
21 23 58 76
18 19 68 74
29 30 79 81
21 33 66 79
32 20 123 26
25 24 112 35
21 28 129 38
25 33 136 34
25 33 143 36
28 29 164 28
32 25 183 23
28 28 215 21
32 34 224 24
30 23 238 17
17 20 36 105
26 30 50 100
32 21 47 99
25 29 46 96
18 25 35 109
27 27 37 116
21 35 34 115
17 40 33 134
20 26 22 155
24 22 32 142
18 26 58 40
21 26 56 52
31 27 55 49
28 29 64 51
35 22 80 48
37 27 85 39
33 33 97 39
24 21 115 53
18 23 110 53
23 23 108 45
19 30 82 47
21 26 81 35
26 17 106 25
21 23 95 24
20 24 97 29
27 26 113 32
33 19 120 31
26 26 113 22
28 18 121 29
27 28 128 26
