7 6 18 14
5 2 16 10
3 4 26 24
3 4 17 32
5 9 13 27
5 3 18 25
6 5 21 27
5 3 24 29
2 6 36 32
7 9 38 39
7 4 14 22
2 5 19 22
3 5 25 20
8 5 39 23
2 6 46 25
5 3 60 15
5 7 59 27
7 6 53 32
2 8 49 39
5 2 44 16
5 5 17 21
7 3 12 14
8 2 17 18
8 5 16 26
4 8 28 44
4 6 25 45
2 5 30 44
8 3 24 36
2 5 39 55
7 6 19 78
4 7 13 10
5 3 15 6
5 7 34 8
3 4 26 5
9 2 54 20
11 3 46 13
6 0 68 10
8 5 49 11
6 5 38 10
5 6 41 10
6 9 21 13
7 6 25 17
7 2 27 15
2 6 22 19
5 3 21 10
5 3 8 9
2 8 15 18
4 4 19 17
3 5 24 28
3 3 20 27
5 0 5 12
6 1 7 8
3 4 5 5
3 5 10 16
3 7 12 16
5 6 14 12
6 5 26 11
6 2 17 13
6 3 28 27
10 3 32 33
3 4 26 16
1 4 24 8
4 3 21 8
10 1 23 15
2 6 14 12
4 3 14 9
4 3 13 7
3 4 19 8
6 7 42 15
6 5 66 21
3 8 8 6
5 2 11 11
6 1 8 11
3 6 10 5
1 4 7 11
7 3 11 11
1 8 17 18
1 6 11 35
3 10 13 24
4 5 20 21
6 4 13 6
4 10 6 11
6 3 14 10
3 7 9 16
4 4 14 31
3 3 12 17
6 5 10 12
5 5 15 16
3 6 20 24
6 1 45 35
1 7 25 12
2 6 23 20
6 5 32 19
6 3 41 29
4 8 36 22
6 3 36 13
2 0 27 14
3 4 32 20
6 3 33 24
0 4 53 14
