8 3 62 57
7 9 84 64
3 11 75 57
5 6 73 81
2 3 54 66
6 1 57 61
2 6 43 65
4 7 50 84
9 4 49 101
5 5 44 93
5 7 13 5
3 7 23 5
3 6 10 7
2 5 10 18
3 4 19 18
3 5 9 21
0 4 10 28
3 4 12 55
7 6 23 60
3 1 42 53
5 9 84 44
2 7 69 44
6 4 50 42
2 1 45 39
3 3 43 40
2 4 45 36
3 3 56 38
5 9 46 56
4 8 50 76
6 3 21 73
4 4 25 75
6 5 34 86
6 4 40 107
1 6 27 106
4 7 23 116
8 6 30 96
1 8 30 116
1 1 22 139
5 6 25 134
3 5 27 112
3 1 15 21
4 3 15 22
1 5 6 36
1 4 12 53
0 0 8 55
5 1 8 67
3 4 9 71
6 2 7 88
2 5 15 70
5 4 12 96
7 5 7 13
5 2 7 10
1 5 7 14
5 5 12 17
2 8 12 16
8 6 10 40
4 3 8 58
6 9 16 59
3 6 13 77
5 5 13 71
2 6 28 9
11 8 18 15
6 5 30 15
8 2 31 12
5 6 37 17
5 6 42 22
3 10 41 15
7 3 38 21
3 5 38 26
9 7 49 40
6 1 5 13
5 5 10 26
4 3 18 27
2 0 39 25
1 3 42 50
5 3 50 56
1 3 54 57
3 5 74 51
4 5 55 47
4 1 62 58
9 1 20 48
4 3 11 51
10 6 19 76
8 3 22 83
8 4 41 84
15 5 51 78
7 2 41 85
7 4 48 84
4 2 55 91
8 6 41 87
2 4 28 17
4 8 39 24
9 3 45 35
3 5 21 53
8 7 44 74
4 5 45 67
1 3 51 69
5 4 68 60
2 5 68 54
1 3 63 72
