145 1 12 3
128 4 12 0
136 3 8 2
129 2 14 1
125 1 18 0
129 3 35 1
132 1 12 3
127 3 27 0
133 3 17 1
134 2 53 0
126 4 11 2
122 4 11 6
128 1 8 0
128 3 11 1
125 4 10 0
129 3 6 2
132 2 41 0
127 3 1 1
136 2 6 6
128 2 0 4
148 5 20 4
129 7 13 3
142 2 25 2
135 4 12 2
138 3 20 3
144 2 11 0
133 5 13 2
133 0 10 0
144 2 8 5
142 2 2 6
125 2 9 1
130 2 15 2
136 3 10 4
140 3 25 1
136 0 25 2
139 2 10 7
144 5 16 3
148 2 31 1
137 2 20 1
137 2 26 2
150 4 30 2
138 2 31 1
140 1 18 0
143 1 9 0
139 1 21 0
145 2 44 0
139 1 23 0
138 2 41 2
134 2 24 0
139 1 28 0
135 3 27 2
135 0 25 0
131 3 20 1
133 5 18 0
139 2 10 2
135 1 15 0
134 4 36 2
129 3 38 0
140 2 18 0
123 2 15 2
122 5 25 2
146 1 21 1
133 3 9 1
140 0 11 2
138 2 11 2
141 1 9 5
148 3 8 5
136 6 8 1
136 2 12 1
132 0 22 2
144 3 12 4
148 4 35 0
135 1 33 1
142 3 54 0
140 2 133 0
148 3 91 0
136 5 15 1
139 2 25 0
147 3 14 0
142 2 21 0
145 4 8 4
131 1 8 4
135 6 8 3
142 2 4 11
133 1 6 5
125 2 14 1
141 3 32 2
144 1 28 1
148 2 8 4
136 4 25 0
133 4 8 1
135 3 22 1
137 3 21 1
134 3 20 5
141 4 16 5
140 4 4 7
137 4 22 3
133 1 38 0
136 4 18 1
122 1 73 0
