0 14 0 34
4 5 1 51
42 1 6 8
16 4 13 6
8 12 7 15
9 11 11 11
107 0 59 1
23 4 78 1
17 6 118 1
7 8 91 1
14 10 12 15
1 44 4 27
12 14 5 18
7 20 7 30
12 12 7 37
54 2 15 19
109 0 38 5
6 13 22 5
53 2 38 3
6 19 25 8
2 42 0 396
208 0 0 100
14 5 0 83
12 5 2 71
4 13 0 151
7 10 0 143
4 14 0 197
21 2 1 142
8 13 0 144
87 0 2 28
8 8 10 12
51 2 25 4
4 15 17 6
18 5 34 0
46 4 92 0
127 1 230 0
21 7 258 0
13 3 241 0
2 53 138 0
11 11 139 0
2 17 3 53
1 34 0 108
17 1 0 86
16 4 2 58
5 19 1 88
0 45 0 200
13 7 0 128
36 2 0 55
101 0 1 10
17 2 10 7
9 7 1 20
42 2 9 7
5 6 5 9
3 19 5 16
0 88 0 67
42 0 4 35
5 5 3 15
37 1 6 5
5 21 4 16
46 3 16 6
5 14 2 48
7 5 0 44
0 30 0 82
50 0 1 31
84 0 3 3
4 5 9 4
2 20 0 7
2 24 2 13
1 22 0 33
4 20 1 48
49 3 304 0
0 78 86 0
22 8 131 0
2 32 94 1
1 48 23 3
112 0 125 0
101 1 473 0
3 23 329 0
0 90 120 1
5 10 120 1
17 7 27 8
24 7 37 2
56 1 84 1
108 1 233 1
11 7 238 0
8 27 142 0
0 34 87 1
6 14 53 0
4 21 48 1
4 23 27 2
21 3 42 1
22 7 51 1
0 36 31 3
33 1 52 0
18 11 94 0
24 2 152 0
12 5 119 0
5 18 86 0
4 34 49 1
3 22 24 2
