128 0 75 0
143 0 55 0
152 1 89 0
130 1 139 0
147 0 181 0
136 0 238 0
156 0 334 0
127 1 273 0
159 1 209 0
138 0 153 0
112 0 92 0
160 0 257 0
152 0 214 0
148 0 113 0
138 0 135 0
172 0 202 2
142 0 115 0
165 0 169 0
136 0 111 0
133 0 137 0
127 0 98 0
146 0 139 0
133 1 100 0
120 0 151 1
147 0 55 1
141 0 181 0
143 0 131 0
130 0 106 0
144 0 143 0
137 0 300 0
160 0 173 0
136 0 155 0
155 0 179 0
151 0 172 0
169 0 134 0
168 0 76 0
151 0 108 0
141 0 61 0
142 0 143 0
182 0 199 0
138 0 160 0
160 0 88 0
166 0 85 0
189 0 86 1
158 2 85 0
139 0 97 0
131 0 73 1
163 0 137 0
141 0 108 0
157 1 183 0
165 0 249 0
140 0 133 0
126 0 173 0
133 0 142 0
128 0 90 0
141 0 220 0
156 0 125 0
120 0 87 0
157 0 85 0
103 0 87 0
134 1 144 0
156 0 132 1
149 0 210 0
158 0 172 1
117 0 232 0
147 0 220 0
122 1 191 0
178 0 144 0
137 1 72 0
138 1 74 1
151 0 135 0
152 2 202 0
143 1 109 0
128 1 99 0
115 0 92 0
145 0 86 1
124 0 70 2
147 0 63 1
164 0 51 2
190 0 120 0
164 0 130 0
142 0 232 0
154 1 242 0
151 0 215 0
151 1 199 0
154 0 107 1
165 0 88 1
173 1 90 0
169 0 103 0
148 0 158 0
144 1 92 0
177 1 85 1
153 0 182 2
144 0 89 0
161 0 88 0
139 1 62 1
181 0 158 0
146 0 143 0
156 0 271 0
164 0 250 0
