29 24 4 244
27 23 0 999
20 26 0 999
21 30 0 999
30 25 0 999
28 24 0 999
26 22 0 999
20 22 0 999
25 19 0 999
18 17 0 999
18 17 294 4
35 17 1000 0
23 30 1000 0
17 28 1000 0
17 20 1000 0
19 25 1000 0
16 24 1000 0
19 15 1000 0
27 14 1000 0
29 22 1000 0
26 27 514 0
19 21 999 0
22 19 1000 0
25 22 1000 0
24 26 1000 0
24 18 1000 0
25 30 1000 0
21 21 1000 0
21 31 1000 0
30 22 1000 0
17 25 10 124
17 32 0 995
24 24 0 1000
26 25 0 1000
22 24 0 1000
25 25 0 1000
27 21 0 1000
23 24 0 1000
22 24 0 1000
26 20 0 1000
24 18 258 3
25 12 1000 0
32 20 1000 0
26 25 1000 0
21 23 1000 0
22 26 1000 0
31 20 1000 0
22 26 1000 0
16 21 1000 0
22 27 1000 0
24 29 35 36
28 30 6 194
23 21 0 999
25 26 0 1000
28 28 0 1000
28 25 0 1000
26 16 0 1000
22 27 0 1000
29 21 0 1000
23 22 0 1000
24 22 21 17
23 18 1 444
24 11 0 999
17 19 0 999
19 29 0 999
31 19 0 999
23 24 0 999
25 17 0 999
21 20 0 999
31 21 0 999
31 26 37 36
26 30 33 31
24 28 18 90
27 26 0 998
28 21 0 1000
26 19 0 1000
21 25 0 1000
30 28 0 1000
27 25 0 1000
35 24 0 1000
29 26 0 971
21 28 0 999
28 23 0 999
26 20 0 999
28 19 0 999
20 29 0 999
33 21 0 999
17 29 0 999
23 19 0 999
18 21 0 999
21 16 17 68
20 31 0 979
24 21 0 1000
28 24 0 1000
23 19 0 1000
17 20 0 1000
24 27 0 1000
19 34 0 1000
22 20 0 1000
31 18 0 1000
