288 1 139 1
197 1 88 1
143 1 63 0
90 2 133 1
184 0 188 0
200 2 177 0
266 0 123 0
309 1 126 0
132 0 178 0
149 2 189 0
289 0 84 1
18 4 33 0
140 1 62 0
268 1 65 0
139 2 31 1
201 2 24 2
122 2 20 2
84 2 60 0
134 1 27 0
208 1 81 0
49 0 34 0
18 2 10 1
138 3 33 0
29 2 16 1
380 0 35 0
77 2 80 0
45 2 60 0
139 1 37 1
17 3 51 3
131 4 59 1
211 2 72 1
128 3 71 3
168 0 68 0
120 0 58 0
165 0 47 1
50 0 40 1
82 2 25 0
186 0 36 0
123 1 29 3
133 2 17 2
163 0 64 0
50 1 56 1
128 1 40 0
248 1 107 0
23 4 41 1
78 0 95 0
4 7 14 1
159 0 56 0
192 2 54 0
74 4 42 0
24 6 7 4
398 0 31 0
137 1 26 1
108 1 56 0
125 3 69 0
121 3 48 0
126 1 36 0
87 0 37 0
129 2 40 3
194 0 59 0
208 0 114 1
272 1 72 0
143 0 60 0
289 0 67 1
30 7 36 3
186 2 96 0
547 0 43 0
132 1 49 0
264 0 105 0
131 2 79 0
287 1 208 0
76 1 179 0
73 2 221 0
199 3 157 0
121 2 169 0
77 3 31 2
204 1 31 1
91 3 60 0
274 2 73 0
77 3 52 1
281 0 75 1
279 0 126 0
130 1 141 1
126 0 63 0
234 1 137 1
173 0 56 0
527 0 143 0
78 2 119 0
121 2 116 0
80 1 59 0
193 0 28 0
67 2 48 0
144 1 39 0
148 1 84 0
74 2 60 0
128 1 74 0
187 0 60 0
50 3 29 0
51 0 34 1
76 0 69 0
