4 1 34 3
7 2 41 0
6 2 43 2
8 2 87 2
6 3 108 1
4 0 121 0
1 6 126 0
8 3 138 0
4 2 173 1
5 1 248 0
3 2 50 5
7 3 63 3
7 1 82 4
6 0 114 0
5 0 108 0
7 3 138 0
4 0 172 0
3 3 287 0
5 1 364 0
5 2 386 0
5 1 13 2
11 4 21 4
7 1 44 3
0 2 40 2
9 1 56 2
6 1 129 1
8 3 150 0
7 2 182 2
9 2 234 2
6 1 259 1
4 2 42 2
5 1 47 3
2 1 58 2
4 0 51 0
7 3 67 0
5 4 95 2
3 1 107 0
7 2 173 0
9 1 231 0
9 1 330 0
8 1 75 4
9 1 86 0
5 2 91 1
8 3 94 1
7 6 122 2
6 5 178 0
7 1 208 0
5 4 227 0
3 5 320 0
6 5 381 0
9 5 14 7
13 2 16 3
10 5 11 6
11 3 22 6
12 3 47 4
13 2 83 5
7 3 99 0
5 4 111 1
7 2 156 1
6 3 173 0
4 2 19 2
9 1 26 4
5 1 62 2
2 2 78 1
10 1 127 0
4 2 137 0
8 1 169 0
5 2 195 2
8 2 217 0
4 1 327 0
2 2 40 1
2 2 56 0
10 2 48 0
12 3 63 0
3 2 64 0
3 3 116 0
4 3 102 2
6 2 147 0
5 3 157 0
4 3 200 0
6 5 38 1
5 3 56 0
6 1 84 3
4 3 145 0
5 0 220 0
2 0 280 0
11 0 345 0
8 0 424 0
8 2 468 0
7 5 432 0
5 3 11 8
12 0 10 5
6 2 17 3
10 2 30 1
9 5 39 1
6 2 69 1
1 7 55 2
11 4 94 0
5 0 130 0
9 2 120 2
