27 32 538 217
27 21 605 214
36 24 604 215
24 26 604 215
26 29 604 213
32 17 605 215
18 42 605 215
24 27 604 214
29 28 605 215
31 26 605 215
21 31 244 476
29 36 303 498
33 34 303 498
24 18 303 498
21 31 303 499
24 24 303 499
20 26 303 499
25 36 303 498
23 25 303 498
22 26 303 499
26 29 391 359
22 27 392 389
17 30 390 390
23 17 392 388
17 25 392 388
20 16 392 389
24 31 390 390
22 22 390 390
21 26 390 390
21 18 390 390
26 32 426 300
23 26 493 294
34 28 492 295
30 26 492 295
19 25 492 295
28 31 492 295
23 32 492 295
31 23 492 295
25 21 488 298
17 29 493 292
23 20 468 154
22 24 729 141
39 32 733 141
26 29 733 141
22 28 733 141
24 21 733 141
27 27 733 141
23 19 733 141
21 21 733 141
26 27 733 141
27 25 368 398
25 20 407 400
25 27 407 400
31 23 407 400
23 26 407 400
26 19 407 400
33 24 407 400
25 29 407 400
32 19 407 400
24 21 407 400
24 22 193 443
19 26 210 606
29 22 210 608
22 21 210 608
19 26 210 608
29 25 210 608
29 28 208 609
26 24 210 608
19 25 210 608
27 29 210 608
28 21 307 416
26 26 328 404
22 25 392 394
21 18 396 392
21 23 395 393
24 22 395 393
18 27 391 394
32 16 396 392
22 14 395 393
27 20 395 393
20 23 273 356
35 31 307 389
32 26 371 381
35 28 373 379
25 31 373 378
29 22 371 381
17 23 375 377
23 24 371 381
37 24 372 381
25 25 369 383
28 15 611 145
28 19 721 138
23 27 721 138
25 22 724 135
21 14 727 132
26 25 719 138
26 24 725 134
19 23 724 135
21 22 721 138
23 20 723 135
