14 3 20 1
20 2 28 0
18 2 7 2
21 2 2 7
13 2 5 7
21 2 4 2
23 2 3 1
21 1 10 2
15 1 11 1
19 1 8 1
30 5 12 2
18 0 10 3
27 4 6 6
18 0 11 0
20 1 10 1
22 2 18 2
17 2 6 4
17 2 10 2
25 0 8 2
25 4 2 5
18 3 8 2
26 3 2 1
22 2 3 1
17 0 12 0
20 1 12 1
7 1 29 0
20 4 17 1
21 1 2 2
21 3 1 4
18 3 6 1
21 1 24 1
18 2 13 2
18 2 6 2
18 1 4 2
16 3 4 3
13 1 8 1
27 1 9 1
20 1 12 0
17 1 12 1
20 4 14 0
15 1 4 4
21 0 7 2
20 5 4 3
17 1 3 2
20 4 2 5
19 5 5 12
16 1 0 3
23 4 5 11
17 4 4 9
8 5 5 4
22 3 14 1
22 1 11 0
17 1 38 0
20 1 26 0
16 1 8 1
15 3 13 2
21 2 13 0
17 0 3 1
14 3 4 3
24 1 1 6
20 4 5 10
18 1 6 6
19 2 11 2
16 3 14 1
20 2 9 2
22 3 9 1
16 2 13 1
23 0 14 3
19 1 8 1
25 1 10 2
17 1 32 0
20 2 27 2
19 6 20 3
24 2 12 1
22 4 9 4
20 2 13 1
18 4 10 2
24 3 13 0
22 1 5 2
14 2 10 5
27 0 9 3
30 3 9 3
19 1 13 1
28 0 15 2
26 1 15 0
25 5 7 3
28 2 9 2
25 2 12 3
25 3 12 2
29 1 10 1
19 5 9 2
25 2 3 4
20 1 13 1
21 4 8 1
27 3 6 0
27 3 27 0
17 2 21 0
16 1 23 2
25 2 5 3
22 2 15 0
