382 1 410 6
307 1 492 12
129 0 584 4
301 0 626 1
144 3 636 0
206 6 719 0
289 5 817 0
4 5 810 0
150 3 861 0
118 2 894 0
66 8 71 19
147 3 96 15
62 6 88 5
227 2 149 11
5 6 153 6
283 3 251 11
221 3 268 3
152 1 288 4
5 2 287 2
144 0 341 1
208 2 271 4
133 6 262 4
140 0 231 2
203 3 268 0
145 3 339 1
144 1 461 2
65 5 464 1
65 1 455 4
138 5 564 1
69 5 595 1
71 2 74 5
72 0 66 7
137 3 119 5
205 0 197 7
138 3 257 0
140 1 358 0
68 3 378 2
202 4 496 1
70 3 469 1
216 4 545 1
70 2 90 3
135 3 129 1
68 6 144 0
73 2 215 3
141 4 297 3
6 1 298 0
145 1 386 1
213 7 439 0
65 1 465 0
8 7 414 1
63 2 95 0
134 1 173 1
210 3 201 2
7 2 188 5
218 0 240 4
142 4 240 0
3 5 261 1
73 2 278 0
133 2 379 0
59 4 370 0
2 2 10 7
310 1 77 1
75 4 59 2
391 1 285 0
4 3 277 0
2 2 294 0
71 5 350 0
139 2 431 0
210 0 542 0
141 4 600 0
138 2 153 6
214 3 254 2
145 3 237 2
225 1 296 1
140 2 377 0
323 2 511 0
64 3 525 0
9 3 538 0
131 2 682 0
64 4 650 0
70 5 83 5
223 3 147 3
135 1 285 1
5 10 305 2
63 4 365 2
132 2 442 2
63 1 447 3
67 3 447 0
2 6 452 1
54 2 437 0
148 2 198 2
220 5 255 3
134 5 312 4
229 1 423 6
292 2 460 5
306 2 593 2
297 3 606 1
59 4 619 1
478 1 678 0
124 1 677 0
