22 4 96 1
7 8 102 1
15 4 123 1
14 4 187 0
21 1 290 0
9 5 318 0
7 5 425 0
15 6 545 0
18 4 633 0
6 6 728 0
5 4 12 8
20 2 24 1
5 10 15 3
12 4 34 1
6 10 28 3
4 2 52 1
6 5 39 4
8 2 70 0
11 1 149 0
8 5 141 0
11 5 42 1
12 2 50 0
8 5 50 0
6 6 53 1
1 4 44 1
5 8 37 0
20 0 88 1
20 1 142 0
8 2 234 0
5 1 249 0
13 3 22 3
35 0 49 2
28 3 67 0
24 0 134 0
20 4 235 0
24 1 316 0
37 0 425 0
10 3 448 0
10 1 573 0
25 3 733 0
22 1 158 1
4 3 184 2
10 2 219 0
24 7 324 0
11 5 425 0
9 4 540 0
4 8 651 0
16 9 692 0
10 6 823 0
6 5 899 0
10 6 8 12
7 5 7 12
9 7 12 9
17 3 22 5
2 6 15 3
10 0 38 2
4 6 35 2
27 7 66 1
10 2 46 0
20 3 104 0
9 10 5 8
17 1 14 3
11 2 27 1
7 4 22 1
8 4 34 2
10 4 37 4
5 5 43 2
13 4 55 1
5 5 68 1
17 1 101 1
16 4 22 0
5 6 22 1
5 3 29 1
11 4 30 0
11 2 42 0
5 4 40 0
6 4 48 0
34 1 115 0
7 6 144 0
6 4 161 0
8 0 11 5
13 6 19 4
4 4 26 3
18 0 50 1
3 6 47 1
5 7 54 1
12 3 72 1
15 1 122 1
18 4 203 0
15 0 306 0
3 6 9 2
10 4 12 6
14 3 11 2
27 4 22 3
5 6 12 3
5 3 22 2
11 3 44 3
3 8 44 3
3 2 44 0
11 1 62 0
