2 14 1 42
6 2 0 23
10 2 2 22
0 9 0 22
9 2 5 19
3 27 0 52
9 4 0 36
11 3 0 31
7 5 5 18
6 2 2 11
5 13 2 165
21 2 3 75
6 5 1 113
1 23 1 146
30 2 1 79
10 5 1 88
13 4 2 63
2 16 0 117
5 3 0 106
16 3 0 95
6 8 5 9
8 11 6 16
1 21 4 35
4 13 3 34
1 14 2 55
3 19 1 87
18 4 1 69
8 6 3 49
8 7 2 39
1 20 0 51
6 6 4 9
7 10 3 9
4 11 6 13
17 6 7 9
4 11 3 15
16 7 9 13
37 4 23 6
21 3 48 3
36 5 77 2
4 10 58 2
9 8 15 6
34 2 40 0
9 6 28 3
35 4 42 2
14 5 62 2
38 5 121 0
2 13 84 0
29 4 118 0
15 7 160 0
2 18 130 0
11 3 19 2
7 11 11 8
2 9 11 6
1 19 4 8
3 14 2 20
25 2 10 10
2 14 2 28
1 21 0 56
1 9 0 56
8 2 0 38
4 7 4 17
27 2 10 11
1 17 10 17
7 3 4 19
29 3 8 8
9 2 5 6
9 5 8 4
4 9 6 11
1 12 4 7
7 8 7 10
6 7 8 5
1 9 2 7
3 10 6 14
3 25 4 28
6 8 3 27
15 4 3 34
50 0 16 6
18 3 7 3
27 2 18 3
9 13 8 3
4 18 1 19
96 0 18 5
15 9 22 3
34 2 37 1
33 3 109 1
6 9 138 0
2 14 107 0
8 14 111 0
48 1 204 0
8 10 168 0
8 8 9 7
10 0 21 2
0 23 10 2
2 14 7 8
2 10 3 7
13 2 11 1
2 5 6 4
4 7 3 9
5 9 3 11
5 7 3 11
