133 5 157 13
137 0 182 10
137 2 201 11
129 3 225 7
138 3 245 2
140 0 249 3
134 2 237 2
133 1 270 4
130 3 267 3
142 3 274 3
128 6 142 8
144 5 150 6
136 6 155 11
141 2 163 7
142 1 167 5
140 3 167 15
138 0 181 9
132 7 171 7
131 4 179 12
144 3 191 4
126 3 180 7
137 5 179 4
143 1 169 3
140 1 182 2
140 4 231 2
132 4 224 4
138 2 222 4
136 6 217 4
127 7 211 4
132 1 235 4
146 7 151 16
149 1 162 20
156 5 155 24
148 6 160 22
151 3 154 18
148 4 155 17
157 1 158 17
143 5 153 30
157 5 156 24
149 3 174 22
140 7 145 9
132 5 152 5
137 1 159 9
137 3 157 10
136 3 165 6
133 1 163 3
131 5 164 3
127 4 148 4
141 5 169 10
147 0 182 4
132 0 154 4
133 0 154 1
127 2 161 2
131 2 163 7
136 5 180 5
139 1 178 5
135 2 194 3
131 1 202 4
138 4 197 2
143 2 223 0
136 3 193 2
139 2 196 7
143 1 208 1
133 2 194 1
143 2 203 1
141 4 225 0
131 2 220 1
149 5 217 5
154 3 237 3
141 3 260 1
144 1 184 5
144 5 174 0
139 4 188 1
139 4 176 7
140 4 169 5
137 5 171 18
137 3 165 20
134 2 171 18
142 6 171 17
129 6 177 30
132 0 154 2
136 3 153 3
129 6 152 6
145 4 154 10
129 1 150 9
124 0 154 3
133 3 148 13
143 3 151 13
145 1 167 5
128 1 167 10
150 0 148 4
142 2 146 7
136 3 144 11
139 1 143 12
142 2 150 6
140 2 154 2
144 2 148 5
140 3 153 2
146 0 159 1
148 2 176 4
