12 2 10 19
5 5 4 19
2 3 8 19
5 6 5 14
3 8 13 9
4 7 11 8
2 7 5 11
5 5 4 27
6 10 5 23
6 9 3 38
7 7 15 7
2 8 17 11
5 5 14 3
6 9 8 7
4 8 13 8
3 6 11 7
5 9 3 16
1 7 8 13
8 8 3 32
6 10 1 47
1 9 13 13
8 5 22 4
8 5 46 2
5 2 84 1
5 6 116 0
5 2 712 0
5 6 1000 0
6 9 1000 0
4 3 1000 0
6 3 1000 0
4 6 13 4
9 2 27 2
4 8 13 7
3 9 23 5
6 4 18 6
1 7 15 6
2 8 11 7
3 6 16 7
6 4 15 8
5 5 11 3
8 6 11 13
10 4 12 13
8 6 15 7
4 8 11 10
5 9 12 8
9 10 4 25
5 6 1 40
7 9 2 79
2 9 1 310
4 7 0 999
10 12 6 19
5 12 4 13
7 7 12 13
7 15 8 17
9 3 14 15
5 9 17 10
7 8 13 5
5 7 16 12
5 9 23 11
7 7 15 10
6 3 3 16
6 4 2 20
5 7 2 28
4 4 3 51
6 6 1 105
4 8 0 441
6 9 0 1000
5 5 0 1000
6 4 0 1000
12 4 0 1000
6 4 7 11
7 8 11 10
5 8 15 11
8 6 12 11
5 8 18 10
8 6 7 12
6 4 2 30
2 7 3 23
3 6 6 13
3 5 5 18
5 5 7 21
8 4 9 9
6 6 12 8
5 4 11 7
4 7 5 4
6 7 24 3
6 9 16 10
7 7 6 18
2 8 5 20
6 11 6 15
9 5 3 22
8 7 3 34
6 6 8 18
6 9 9 13
8 5 17 8
8 6 9 9
4 11 4 28
7 6 8 13
2 6 7 11
4 13 12 12
