38 6 4 6
7 5 3 5
7 3 4 4
3 11 10 1
2 2 3 5
13 3 8 1
11 6 6 2
84 2 21 1
3 5 5 2
19 2 18 3
63 4 18 3
18 7 7 1
6 5 5 7
4 8 4 4
21 5 4 8
5 5 1 8
5 12 5 4
5 7 2 3
25 4 4 2
8 2 2 3
27 5 4 10
26 6 18 7
17 5 27 2
27 4 14 4
32 5 16 1
42 6 29 1
54 5 52 0
7 3 15 0
3 3 4 10
53 4 17 6
72 1 28 0
4 4 12 1
17 1 15 2
22 5 20 0
17 3 16 1
34 1 26 0
19 4 4 1
5 5 3 10
3 3 10 2
41 2 3 5
1 9 3 8
17 5 1 13
22 5 2 11
51 1 4 4
34 1 1 4
25 3 10 1
49 1 10 0
22 3 6 1
16 3 11 3
50 2 5 2
53 1 27 1
5 8 10 1
4 13 7 5
12 3 8 3
48 1 18 1
22 5 7 3
117 4 15 3
7 5 19 2
21 5 31 3
8 4 16 3
5 3 7 2
18 2 1 4
7 6 1 21
6 6 3 15
22 6 7 4
65 1 10 1
24 5 16 2
44 3 5 4
17 4 11 2
22 4 24 0
18 2 18 0
1 8 7 2
32 1 3 7
24 2 5 3
22 5 18 2
43 3 28 2
28 4 19 0
40 6 19 2
55 1 28 1
35 1 8 4
25 2 7 1
135 0 9 2
26 5 8 4
7 5 6 5
6 4 8 2
72 0 15 2
21 3 20 1
87 2 28 1
28 3 4 0
83 2 10 4
46 4 18 4
126 3 33 1
53 1 13 1
23 4 4 4
6 8 1 15
22 1 3 7
23 5 1 12
39 6 11 2
6 4 21 2
4 5 8 2
