6 1 8 5
10 2 13 2
10 1 12 4
9 2 26 2
5 1 17 2
11 0 26 0
9 2 22 1
9 6 29 2
9 1 33 1
12 2 46 0
7 5 6 5
8 3 8 4
5 7 14 6
9 3 22 2
8 3 29 1
12 2 23 1
7 1 39 2
8 4 45 1
8 4 71 2
6 1 57 0
8 4 17 3
5 2 26 0
9 1 41 1
10 5 48 0
9 1 55 0
7 5 48 0
7 4 74 1
7 2 102 0
11 1 126 0
8 5 146 0
14 1 18 2
9 0 18 1
9 1 23 0
7 4 28 0
7 2 45 0
6 2 44 1
7 0 52 0
10 2 59 0
6 2 77 0
7 0 83 0
6 2 31 4
13 4 42 4
13 2 59 5
6 5 73 0
12 1 99 1
14 0 105 1
9 3 111 1
13 1 123 0
12 2 137 0
12 4 151 0
7 5 15 3
9 3 24 2
6 2 31 0
6 5 37 2
7 5 37 1
12 2 58 0
10 5 74 0
11 4 74 1
8 5 76 1
10 2 97 1
9 3 16 2
9 4 35 2
12 5 40 1
7 2 48 2
10 4 48 1
10 2 51 1
12 1 66 0
4 0 67 0
5 3 59 0
7 5 52 0
9 5 8 4
6 2 9 4
8 4 15 1
6 5 15 3
8 4 17 2
4 3 26 0
5 0 34 0
18 1 39 0
12 6 44 0
5 2 63 0
6 1 14 2
8 0 24 1
9 7 25 0
8 4 32 2
9 3 42 0
9 0 47 1
10 3 52 1
7 2 62 1
6 2 60 1
10 2 71 1
8 6 24 5
8 1 28 4
15 2 27 1
8 2 26 2
11 3 39 1
7 1 52 2
6 3 48 1
3 0 40 1
4 2 52 1
5 2 70 0
