4 5 19 14
6 3 37 14
2 3 43 18
4 5 55 25
3 4 35 29
4 9 49 32
9 2 87 19
5 5 98 24
11 3 86 35
5 7 73 42
1 3 22 8
6 3 25 25
1 7 24 46
8 4 36 44
4 2 24 55
5 3 24 48
9 4 36 58
1 5 46 55
7 7 68 67
5 5 78 67
4 6 20 31
5 7 35 27
5 2 39 38
2 5 48 57
6 5 38 77
8 1 49 66
5 3 56 56
4 3 70 84
9 5 94 59
4 6 91 82
5 5 30 4
4 8 32 9
6 5 57 8
1 4 44 15
8 6 67 18
7 1 72 11
6 5 90 14
3 1 102 13
2 5 96 18
2 4 89 24
3 4 12 15
2 9 17 29
7 4 23 18
9 3 58 25
3 1 88 47
8 4 93 50
3 5 105 51
8 2 96 57
2 5 90 78
8 3 112 73
8 6 6 44
3 9 6 39
4 5 8 52
11 5 14 45
6 8 12 44
5 3 21 54
8 5 20 77
5 6 22 97
7 10 24 124
10 4 44 133
8 3 6 49
5 6 14 67
9 3 30 48
7 3 41 84
3 3 53 112
3 5 56 106
1 2 62 124
6 7 59 110
5 2 62 133
2 6 45 136
4 4 18 18
3 3 20 20
6 2 22 24
4 4 46 25
5 8 39 23
5 2 35 28
7 5 42 30
4 5 41 50
3 5 59 53
8 5 67 44
1 5 26 21
3 5 39 24
1 2 39 22
6 3 47 17
3 5 55 26
3 5 65 26
4 1 73 23
4 6 71 17
4 2 71 24
4 2 82 19
5 2 41 7
2 3 52 3
6 2 48 8
8 5 81 6
3 8 97 13
11 7 113 14
4 2 135 16
8 6 138 14
2 5 156 16
9 5 159 20
