16 17 348 330
17 9 343 365
18 22 381 362
20 26 392 355
20 15 395 364
22 19 394 365
21 18 394 388
14 17 382 402
14 18 390 397
10 12 399 409
12 14 256 387
18 14 274 414
16 23 303 459
16 25 320 486
13 19 313 496
15 19 315 504
16 19 312 507
24 17 317 527
15 21 320 536
36 27 309 548
13 20 284 354
15 19 311 384
15 23 306 432
25 29 329 461
21 17 321 495
10 17 334 493
16 13 335 493
18 19 332 494
18 11 331 497
24 15 340 488
18 21 315 359
20 15 315 376
14 22 323 387
19 26 348 420
19 24 342 451
11 21 343 449
26 24 327 468
18 17 328 480
24 20 324 491
11 8 309 525
23 24 315 353
25 16 315 388
9 13 317 430
27 16 364 416
18 29 363 440
14 10 377 440
23 14 374 452
13 7 374 450
15 14 384 442
17 18 388 437
6 22 351 321
17 17 418 331
20 16 434 338
21 11 424 358
23 29 425 358
15 24 443 354
14 22 440 356
23 25 446 369
21 14 455 361
15 11 475 363
6 8 329 319
35 16 331 371
21 22 343 386
29 17 378 372
12 23 406 360
20 26 396 382
13 27 392 385
27 22 418 372
18 19 416 384
14 32 412 386
29 18 317 314
20 26 323 359
24 22 329 377
11 14 365 386
18 16 373 419
24 11 393 413
17 21 410 423
18 16 410 444
27 22 411 443
19 27 420 436
16 16 371 255
13 23 381 277
18 23 393 315
11 19 404 365
17 7 441 376
14 22 457 360
11 16 461 378
19 22 463 378
15 15 443 395
21 30 431 410
12 14 374 267
23 21 410 347
19 11 409 381
25 19 424 387
23 25 421 390
20 11 458 376
22 16 467 379
26 26 482 361
23 11 485 365
28 23 482 374
