5 2 70 136
2 4 55 102
2 1 73 74
0 0 52 75
5 2 57 59
0 1 41 61
3 2 55 60
2 0 56 30
2 2 92 65
2 0 76 66
0 1 45 70
7 3 54 63
0 3 52 50
4 1 32 56
0 2 55 37
1 0 63 37
2 2 57 31
2 2 78 36
2 3 66 36
1 0 92 38
1 0 79 57
0 0 54 54
6 1 64 58
1 1 93 56
1 2 101 45
3 0 107 56
3 4 88 72
4 5 66 65
0 1 74 91
1 9 63 86
3 2 107 71
2 0 84 53
4 2 92 30
3 1 69 38
1 4 83 28
5 0 96 38
2 3 52 42
0 1 73 53
0 2 55 37
0 4 68 37
0 0 81 111
0 0 53 82
0 0 71 95
0 6 71 60
0 5 72 50
2 0 47 68
3 0 48 88
0 0 32 64
1 1 57 75
0 1 68 71
4 0 112 52
1 2 101 55
0 2 101 68
7 0 92 65
2 0 82 33
1 0 74 33
4 1 81 50
1 1 81 62
2 1 91 84
0 1 80 100
1 0 43 84
1 1 37 67
4 2 38 80
2 4 30 51
2 9 23 51
3 0 42 59
4 0 64 40
1 5 72 39
1 2 84 56
3 0 102 70
2 1 88 70
5 0 91 47
5 1 85 44
1 4 88 57
1 1 77 43
4 0 100 72
1 0 95 55
0 0 75 58
5 0 101 73
2 0 70 64
0 1 87 67
4 0 39 86
0 4 42 117
2 4 36 100
1 1 50 58
2 0 54 81
1 0 38 79
2 0 43 75
1 1 63 56
1 4 73 84
0 6 143 60
5 3 122 45
1 1 123 55
0 4 125 43
1 0 99 60
3 2 86 39
1 0 115 58
2 4 119 70
0 6 106 80
0 0 109 55
