1 2 12 3
2 1 9 6
2 0 9 10
5 0 17 5
0 3 10 10
4 0 4 4
1 1 9 6
3 2 16 18
1 0 9 2
3 3 12 11
1 1 7 8
3 2 11 8
1 0 16 10
0 2 0 7
5 0 14 6
3 1 14 5
0 1 11 10
3 0 16 0
1 2 10 21
1 0 4 8
3 2 14 9
1 2 3 6
1 2 13 8
1 2 13 9
1 1 9 4
1 5 4 19
3 1 8 16
3 1 2 10
0 2 6 13
1 0 13 12
5 2 16 12
1 3 6 11
1 0 10 7
5 2 19 6
0 1 7 8
4 1 10 26
3 2 9 8
0 1 14 10
3 0 15 9
3 0 4 7
3 0 3 22
1 1 12 17
1 6 9 26
7 2 16 8
7 1 8 6
0 2 6 8
2 2 10 14
3 2 14 10
0 3 10 4
1 4 15 4
2 4 24 9
2 0 7 7
4 1 12 14
1 1 17 7
0 2 11 12
3 1 8 4
1 0 14 4
1 2 0 20
0 0 12 15
1 4 19 35
0 0 16 6
1 2 17 3
4 2 11 14
2 3 6 3
2 4 7 7
2 1 25 21
2 1 23 12
1 1 9 7
6 2 18 10
1 1 6 18
0 1 16 20
0 0 13 8
7 0 9 12
3 6 5 33
3 0 2 5
1 0 11 5
1 5 3 6
0 1 2 0
1 0 5 7
4 4 23 18
2 3 9 18
1 5 10 11
3 4 8 20
1 1 8 6
8 2 18 10
2 1 6 12
4 1 35 14
2 4 19 13
2 2 0 5
0 0 4 7
1 0 14 12
0 0 10 9
1 0 6 18
2 1 5 22
0 0 6 14
1 2 12 8
2 2 9 11
1 1 19 12
5 2 10 18
1 5 7 15
