15 20 132 143
12 16 232 201
13 17 245 256
22 19 260 280
25 29 251 329
17 15 250 338
20 29 233 350
25 13 288 400
14 13 284 451
11 11 267 493
21 15 156 87
28 18 239 122
30 20 353 153
27 12 430 177
13 17 481 190
19 15 486 164
21 21 501 194
20 22 514 182
21 23 519 210
22 16 550 209
18 17 101 108
22 26 136 233
24 20 169 327
18 29 194 389
9 18 217 428
17 13 271 396
11 19 257 424
9 19 274 420
12 18 296 457
15 18 290 481
28 17 100 188
25 21 144 254
17 21 194 282
13 18 284 295
26 25 356 350
18 16 350 357
14 23 368 419
21 19 397 425
22 23 373 429
22 20 356 408
11 18 158 139
16 12 237 209
26 25 321 210
10 20 389 237
25 15 417 252
29 12 389 257
29 24 384 268
16 24 426 265
10 25 453 281
18 19 464 262
29 14 178 128
19 8 257 189
21 25 351 225
30 24 432 231
29 16 433 216
21 20 431 278
29 19 463 251
15 17 485 255
19 18 478 282
19 21 497 263
15 7 105 139
20 26 170 222
20 11 225 302
21 24 264 342
25 24 294 336
11 16 333 364
14 22 362 366
16 23 397 357
28 14 410 364
22 25 410 348
16 18 196 176
22 10 269 197
23 22 369 183
10 9 430 207
16 21 444 224
17 11 454 239
12 15 453 247
14 16 484 234
17 18 483 264
10 19 491 269
15 19 131 168
25 19 194 260
13 24 274 310
30 18 324 326
24 9 347 368
19 13 397 365
21 17 427 392
24 19 450 356
18 17 439 396
8 15 486 375
35 10 125 168
9 10 170 247
23 29 242 282
14 16 316 344
14 6 302 370
17 20 314 371
12 12 328 406
13 26 294 386
27 20 349 393
15 16 368 390
