0 87 1 283
0 112 2 368
0 104 4 256
0 128 0 312
0 122 0 315
0 91 0 357
0 114 2 324
0 107 0 358
0 131 0 335
0 143 0 251
0 88 0 428
0 133 0 366
0 99 0 288
0 128 0 363
0 118 2 382
0 104 1 372
0 106 6 420
0 132 1 349
0 92 0 242
0 96 0 323
0 133 0 327
0 92 0 333
0 133 0 425
0 76 0 456
0 65 0 393
0 104 0 349
0 110 1 229
0 124 5 356
0 74 7 277
0 151 3 257
0 130 13 256
0 119 3 195
0 106 0 267
0 125 0 299
0 113 0 180
0 123 0 282
0 86 3 349
0 130 1 327
0 103 0 260
0 104 0 284
0 132 0 337
0 126 0 278
0 123 0 404
0 116 0 293
0 141 1 322
0 123 0 256
0 126 0 267
0 98 0 236
0 102 3 212
0 89 16 184
0 111 0 246
0 97 0 297
0 106 0 398
0 84 0 410
0 101 0 255
0 110 2 256
0 110 2 312
0 94 0 345
0 120 0 318
0 112 0 387
0 132 0 273
0 101 1 282
0 97 0 255
0 126 0 276
0 136 0 231
0 123 0 172
0 133 0 167
0 83 3 193
0 100 14 304
0 127 0 264
0 144 0 252
0 109 0 332
0 107 2 292
0 103 0 230
0 100 0 302
0 140 4 278
0 116 1 277
0 120 0 377
0 119 0 417
0 115 0 327
0 128 0 236
0 117 0 272
0 110 1 233
0 114 3 351
0 153 4 245
0 122 0 287
0 115 0 418
0 133 2 259
0 94 0 229
0 117 1 299
0 125 1 309
0 99 7 348
0 77 0 364
0 91 0 432
0 133 22 313
0 106 16 208
0 113 0 190
0 92 3 237
0 109 0 115
0 121 3 179
