0 0 29 11
1 0 13 26
2 0 60 18
3 1 15 8
0 1 41 22
1 0 22 5
3 0 38 17
1 0 24 2
3 1 24 10
1 1 30 19
1 2 21 6
1 2 39 18
2 3 33 20
0 3 7 49
0 2 30 23
1 1 13 4
5 3 100 12
0 0 37 19
2 1 63 16
1 1 24 5
0 0 43 31
2 4 42 42
0 1 40 23
4 0 32 27
1 1 14 24
1 0 18 25
5 0 10 20
1 1 17 36
2 4 8 11
4 2 29 20
4 3 10 19
1 3 52 5
1 0 65 6
1 4 22 41
0 1 2 45
2 3 16 53
2 2 35 63
1 1 17 14
4 3 20 12
1 1 7 14
4 5 14 20
8 1 11 31
3 3 32 19
2 3 72 7
4 3 64 16
2 3 49 5
2 2 11 6
0 0 33 24
1 1 20 56
1 1 21 39
2 1 35 6
0 1 60 8
2 3 34 14
0 4 12 21
3 0 15 17
2 2 14 32
3 1 46 19
4 0 10 30
1 0 16 16
2 1 13 17
0 2 19 22
2 1 23 17
2 2 10 34
3 0 44 12
3 1 70 3
2 1 29 13
1 1 27 29
5 1 40 56
6 1 75 39
1 0 35 54
1 1 24 41
1 4 12 21
6 0 2 13
3 4 13 14
1 0 8 15
1 1 23 7
0 0 41 16
2 9 21 9
1 0 37 17
5 0 35 27
1 0 19 24
0 2 23 30
1 1 25 9
0 1 39 73
1 0 45 19
2 2 20 36
3 1 23 53
0 0 44 18
2 0 28 26
1 0 13 13
0 0 41 28
0 0 47 43
1 1 14 35
4 1 83 6
2 1 66 10
1 2 65 19
2 2 34 10
1 1 12 36
0 1 19 40
3 3 30 20
