18 17 284 300
21 13 297 297
17 15 295 292
15 9 291 300
15 11 282 319
18 33 282 317
18 16 297 313
16 17 310 310
18 25 306 321
16 14 319 332
25 19 357 209
21 28 355 200
20 21 347 197
11 26 355 193
25 12 374 195
20 20 376 196
16 14 390 191
23 22 404 187
23 24 405 187
11 23 399 203
31 27 268 269
21 31 276 277
21 24 267 271
23 17 265 289
26 14 270 290
18 11 286 289
15 30 306 292
13 19 315 290
17 18 315 287
12 23 314 305
23 23 256 317
12 21 252 320
15 11 262 302
17 26 274 293
19 21 275 300
20 13 291 287
17 16 301 295
23 18 299 291
21 16 308 296
22 26 319 294
22 17 331 242
17 20 336 244
22 17 334 240
16 10 334 260
16 15 339 257
17 12 353 254
17 18 360 260
18 19 366 263
16 21 371 259
18 13 369 253
13 9 226 281
10 27 215 271
23 23 225 283
21 14 237 304
12 11 250 302
20 16 257 317
10 20 268 332
24 17 282 328
16 23 276 342
34 19 274 337
35 18 292 248
16 15 305 235
11 27 306 264
29 16 309 255
19 30 304 268
21 21 315 272
15 14 314 273
19 15 315 273
24 18 315 277
25 20 319 282
13 15 324 201
27 26 337 204
11 9 336 216
16 16 325 223
20 32 336 218
34 24 361 221
20 23 359 215
17 26 375 225
16 18 384 230
19 17 375 240
7 13 308 249
15 16 320 253
17 20 322 255
27 16 315 261
17 17 308 268
14 18 323 273
19 20 323 268
19 22 319 274
19 9 336 297
16 16 338 286
13 23 203 280
25 12 202 296
12 22 202 288
15 21 203 298
27 23 201 288
21 24 210 296
27 14 206 303
16 14 208 316
26 26 214 316
17 16 216 318
