14 28 333 252
21 15 352 328
19 32 427 332
26 25 461 323
12 15 480 334
12 21 477 339
28 19 475 365
23 34 513 353
27 16 498 382
22 22 496 396
28 23 336 265
22 16 345 345
26 22 376 386
22 24 394 386
21 25 411 393
10 22 437 392
18 11 439 391
12 23 463 387
19 22 454 394
26 25 457 391
24 18 254 311
21 12 299 350
16 13 334 404
16 17 337 434
17 21 336 420
20 20 340 455
15 20 374 492
10 12 378 507
20 20 388 495
18 18 392 511
17 23 310 292
18 24 345 352
18 7 374 374
25 29 369 395
11 10 380 399
17 12 371 426
15 14 376 427
10 17 362 440
19 18 361 447
22 17 373 457
30 24 247 358
27 29 312 386
12 9 312 410
20 26 352 388
23 15 353 409
29 20 358 407
23 21 347 427
16 9 353 434
18 26 345 462
19 20 346 474
13 8 213 329
15 19 267 387
21 18 266 454
23 15 246 494
5 18 242 545
11 20 263 523
19 22 284 541
26 16 283 537
28 12 266 590
16 18 257 608
30 20 291 335
13 18 313 376
8 21 331 407
28 18 349 408
19 13 363 415
19 33 373 410
15 16 388 430
22 25 407 456
18 26 407 453
15 11 416 445
26 27 323 298
14 19 358 346
10 8 347 374
18 18 380 407
18 16 382 410
16 14 383 414
18 22 417 411
24 27 436 418
22 14 428 429
21 14 448 421
19 22 280 345
19 24 322 412
25 12 339 412
11 19 349 429
20 16 338 440
16 19 360 458
23 19 377 445
11 12 369 468
6 13 353 475
29 17 349 485
14 23 369 269
17 12 423 302
13 18 440 346
20 24 451 341
20 16 465 341
17 25 449 375
25 11 456 413
25 16 468 423
27 21 488 414
29 10 501 402
