1 1 12 29
0 1 35 9
1 0 39 3
1 0 18 7
3 1 21 18
1 2 12 27
1 1 18 27
1 1 5 47
1 0 2 21
0 1 2 21
3 3 33 16
4 1 12 23
3 2 28 22
3 2 25 22
1 1 4 20
0 0 20 55
1 2 24 34
4 0 23 68
2 0 15 36
0 0 30 12
1 0 9 10
0 0 26 44
1 2 19 35
1 3 41 12
3 0 34 1
7 4 4 32
8 1 6 32
0 2 20 18
0 0 3 25
3 0 19 11
7 4 35 10
3 4 30 11
0 0 34 16
2 2 42 1
8 6 7 11
2 3 37 8
1 0 10 7
1 1 9 28
2 1 7 42
1 1 1 78
1 3 14 18
2 1 27 24
2 1 11 31
6 4 26 23
2 3 20 17
2 1 13 26
1 5 18 14
2 2 34 8
0 0 34 6
3 0 28 15
1 3 30 24
3 2 55 17
0 1 56 25
0 0 32 18
0 4 6 14
0 4 5 17
1 2 27 13
1 3 10 26
0 0 10 51
3 0 14 41
5 0 11 22
7 1 17 7
4 1 16 21
0 3 26 27
3 0 5 34
1 3 25 6
1 2 5 16
1 1 14 18
3 1 13 30
0 3 4 22
0 2 29 23
3 2 26 32
0 0 12 74
1 1 19 24
6 1 26 13
2 2 20 22
1 1 57 4
0 0 28 8
2 1 44 21
0 4 21 8
1 1 47 18
3 0 14 10
2 3 12 4
1 2 20 33
2 0 12 42
1 1 37 18
2 7 22 29
4 2 34 5
3 1 13 35
2 0 19 32
1 1 29 31
0 2 21 9
1 0 7 19
4 0 28 21
3 0 29 24
0 1 24 2
2 0 11 18
0 0 34 21
2 1 23 14
2 0 7 9
