15 23 38 115
26 25 24 97
21 25 18 82
20 26 36 111
12 24 29 152
11 21 41 171
24 19 90 139
17 19 50 78
19 19 61 49
14 20 55 58
24 15 66 64
24 20 89 90
17 20 63 80
30 34 73 76
14 17 79 52
18 31 81 87
14 17 63 115
19 16 46 80
21 26 83 94
19 24 67 76
15 22 58 77
20 15 61 79
11 13 28 71
16 10 36 93
15 14 45 113
21 22 85 77
8 12 89 56
12 19 108 69
21 14 98 63
10 15 124 104
25 14 97 49
16 21 95 35
10 19 106 96
19 35 59 138
17 11 58 81
28 16 79 80
22 24 54 83
25 28 45 120
12 18 73 120
22 10 56 87
19 15 53 103
19 14 86 61
28 22 63 122
16 21 49 89
17 15 114 100
15 16 79 105
19 18 87 121
16 10 96 95
13 8 83 86
24 15 74 80
18 27 43 45
13 14 37 89
17 14 88 99
25 39 112 85
12 17 140 88
21 22 72 108
13 13 97 114
18 18 53 67
24 17 77 72
13 11 55 65
26 17 60 57
9 16 41 95
14 30 74 76
18 29 50 91
21 17 70 73
25 26 26 116
15 28 45 87
18 25 48 78
16 12 78 124
22 12 90 93
13 14 57 68
12 13 58 62
18 18 55 113
13 19 49 154
14 16 64 144
16 13 60 137
21 19 76 81
17 19 12 87
19 13 44 90
11 12 57 64
21 16 49 86
26 17 61 109
11 20 77 90
19 15 78 87
13 13 77 88
11 16 140 72
29 18 130 51
16 22 74 55
31 20 131 75
22 22 84 77
11 12 89 62
18 16 74 107
17 20 84 120
17 16 58 104
22 21 73 104
26 24 40 94
21 13 38 92
26 22 44 105
12 15 94 134
11 15 70 101
