0 0 0 0
0 0 0 0
0 0 0 0
0 0 0 0
0 0 0 0
0 0 0 0
0 0 0 0
0 0 0 0
0 0 0 0
0 0 0 0
10 1 0 1
11 0 0 0
12 1 0 1
13 0 0 0
14 0 0 0
15 0 1 0
2527 81248832 80 78507424
0 21907 0 21907
43745 801 82561 67217
0 0 0 0
77486128 1568018312 71313088 78436208
21907 32629 21907 21907
73159728 1568018312 80354480 71440672
21907 32629 21907 21907
77486128 736 71313088 78436208
21907 1 21907 21907
73159728 769 80354480 71440672
21907 0 21907 21907
85245536 83396864 80824960 1
21907 21907 21907 1
1568017528 1568017528 80824976 1
32629 32629 21907 1
0 737 741 1
0 0 0 0
0 737 33 1
0 0 0 1
85245536 83396864 80824800 0
21907 21907 21907 1
1568017528 1568017528 80824576 1
32629 32629 21907 1
0 96 96 1
0 0 0 0
0 577 96 1
0 0 0 1
85245536 74062192 73421120 1
21907 21907 21907 1
1568017528 77537504 1568017528 1
32629 21907 32629 0
0 739 0 1
0 1 0 1
0 673 0 0
0 0 0 1
85245536 83396864 80824800 0
21907 21907 21907 1
1568017528 1568017528 1568017528 1
32629 32629 32629 1
0 740 32 1
0 1 0 1
0 641 32 0
0 0 0 1
85245536 83396864 80826592 1
21907 21907 21907 1
1568017528 1568017528 80826608 0
32629 32629 21907 1
0 743 738 1
0 0 0 1
0 481 577 1
0 0 0 0
85245536 74514400 83085568 1
21907 21907 21907 0
1568017528 79418976 73423808 1
32629 21907 21907 0
0 744 0 0
0 1 0 1
0 577 0 1
0 0 0 1
85245536 83396864 80826656 1
21907 21907 21907 1
1568017528 1568017528 80826672 1
32629 32629 21907 1
3489 745 739 1
0 1 0 1
961 545 225 0
0 0 0 0
85245536 83396864 80830624 0
21907 21907 21907 0
1568017528 1568017528 80820320 1
32629 32629 21907 0
3490 288 96 0
0 0 0 1
929 289 96 1
0 0 0 1
85245536 74259216 75322592 1
21907 21907 21907 1
1568017528 77545120 1568017528 0
32629 21907 32629 1
3491 747 0 1
0 21907 0 1
897 481 0 1
0 0 0 1
