3 2 27 37
0 0 30 2
1 2 27 10
0 0 51 18
7 2 45 33
0 6 28 55
0 5 26 7
1 2 28 26
0 0 76 67
1 2 30 18
1 3 44 50
1 1 28 23
5 1 9 19
2 2 46 23
0 0 33 19
1 4 13 30
2 2 12 2
2 0 38 25
1 2 38 40
1 1 37 48
3 0 18 32
0 7 14 24
4 1 58 25
0 0 13 36
1 0 24 35
1 0 15 10
1 2 16 12
0 2 27 17
2 0 17 28
4 0 27 22
1 0 17 36
4 2 50 6
2 1 25 9
0 1 30 21
2 4 26 27
0 1 31 34
0 0 16 6
3 5 20 21
0 3 33 25
0 2 19 17
2 2 13 22
1 1 16 28
5 1 13 23
0 0 13 29
2 5 11 28
0 3 53 45
0 1 45 29
2 2 41 29
2 0 29 45
3 2 15 22
0 3 42 24
1 0 51 20
4 1 50 42
1 0 29 12
0 0 2 11
0 0 26 22
3 1 15 12
5 1 25 27
0 2 31 45
3 2 23 40
1 4 21 36
1 0 58 44
0 0 59 13
1 2 40 9
3 0 35 43
2 5 13 37
7 8 33 35
1 5 56 5
1 0 55 7
4 1 12 45
0 2 13 30
1 1 39 40
0 4 57 3
1 1 28 19
12 1 22 17
0 3 21 11
9 2 17 37
3 0 4 10
2 2 31 37
1 2 24 40
0 2 14 52
0 2 48 12
7 1 24 17
1 2 33 28
0 0 19 31
0 2 38 13
0 0 18 15
0 0 22 10
0 3 22 29
1 1 35 23
2 0 13 24
4 2 12 49
1 0 10 27
0 3 37 11
0 1 43 15
1 2 33 24
0 1 41 23
2 1 41 19
2 2 30 26
4 1 37 28
