5 4 23 37
0 0 3 9
2 3 12 8
4 0 15 3
3 0 12 4
9 2 14 9
1 1 12 5
2 0 11 6
3 3 11 8
7 0 22 10
2 1 24 22
3 0 15 11
0 2 2 12
4 1 5 5
0 3 11 3
0 5 13 3
4 1 14 0
1 3 12 4
0 9 7 4
3 0 15 6
1 6 52 26
2 0 21 14
0 1 8 13
5 1 9 13
0 2 20 10
1 0 16 1
0 2 6 3
3 4 7 3
0 3 4 6
0 0 8 17
0 5 16 27
2 0 16 3
4 1 28 2
2 3 18 5
1 0 2 10
5 1 3 9
3 2 3 9
1 0 24 10
0 0 6 4
2 0 11 11
0 0 18 18
5 1 16 6
0 1 9 5
4 3 14 3
0 1 5 4
0 2 3 8
0 0 14 2
0 1 6 0
1 1 9 9
3 4 8 9
3 8 19 48
1 2 3 17
6 0 11 16
0 3 14 1
1 2 19 6
1 1 7 2
1 6 5 7
3 1 18 2
0 1 19 7
1 3 12 6
0 2 18 11
2 0 11 6
4 0 14 3
2 2 1 13
3 1 9 4
3 4 4 12
3 2 10 14
4 1 12 14
1 1 12 1
3 1 4 1
5 1 19 49
1 5 23 27
0 1 15 5
1 1 5 7
2 0 4 2
5 2 1 11
2 1 8 9
2 2 9 5
3 4 11 6
1 0 14 12
1 3 6 26
0 3 3 8
1 6 3 13
1 3 2 1
0 4 4 3
1 2 7 6
0 1 2 5
2 2 12 10
3 0 20 13
2 1 19 8
5 1 22 50
0 1 5 10
2 2 12 10
3 3 13 7
2 3 14 12
1 1 9 5
1 1 4 4
2 1 7 2
1 0 14 8
5 1 7 10
