12 13 89 79
19 18 46 42
19 17 34 32
15 16 35 34
28 14 48 31
20 17 42 25
16 19 27 25
18 18 45 13
19 29 44 38
20 9 48 38
19 16 83 67
19 26 45 35
16 25 37 36
28 17 45 23
16 13 43 26
24 28 32 27
29 17 46 20
22 19 32 39
23 15 46 36
27 21 29 41
17 23 93 63
17 25 49 61
10 11 43 22
28 27 46 46
18 21 27 67
20 17 23 34
21 11 41 26
17 13 57 40
25 16 56 22
19 29 48 28
16 19 86 96
24 31 38 77
24 22 43 52
16 19 35 40
12 29 37 45
21 18 33 37
15 24 35 35
17 20 29 48
14 17 32 33
28 22 51 42
25 19 90 111
14 15 39 53
21 8 58 15
33 17 55 33
15 17 36 24
22 14 50 22
22 13 36 29
19 25 44 48
19 19 43 37
12 7 41 31
21 18 77 64
29 18 35 30
15 13 39 26
18 21 32 43
25 15 39 37
29 28 52 52
23 21 59 49
9 16 34 46
23 21 41 30
24 21 51 46
21 15 77 98
14 16 55 35
22 15 43 40
20 12 40 19
19 13 22 37
13 13 29 27
13 24 26 34
27 15 35 35
28 17 45 13
18 17 61 33
22 10 75 55
22 27 28 51
24 15 48 44
24 31 37 46
25 19 73 45
28 22 56 43
20 17 37 29
12 17 25 28
23 34 43 53
18 29 48 59
22 15 106 101
24 22 48 71
19 23 40 38
22 18 38 32
24 17 37 9
9 12 48 28
26 19 49 30
18 23 64 54
18 20 33 42
23 16 43 37
25 24 110 81
18 16 55 51
14 14 40 52
27 26 77 27
7 12 27 46
21 21 38 41
11 21 21 60
9 12 24 44
34 25 54 33
19 13 38 43
