6 11 6 11
4 7 4 7
1 12 1 12
5 8 5 8
10 5 10 5
5 3 5 3
9 8 9 8
8 6 8 6
4 7 4 7
6 6 6 6
6 10 6 10
7 7 7 7
10 8 10 8
3 4 3 4
5 9 5 9
8 7 8 7
6 5 6 5
4 8 4 8
9 4 9 4
6 4 6 4
6 6 6 6
8 1 8 1
5 1 5 1
6 5 6 5
6 3 6 3
4 11 4 11
8 6 8 6
4 5 4 5
7 4 7 4
9 3 9 3
4 3 4 3
9 1 9 1
5 8 5 8
6 10 6 10
4 6 4 6
6 6 6 6
4 6 4 6
2 5 2 5
4 4 4 4
3 6 3 6
9 9 9 9
10 4 10 4
6 4 6 4
12 6 12 6
4 7 4 7
6 8 6 8
6 7 6 7
13 4 13 4
6 4 6 4
9 7 9 7
10 7 10 7
6 3 6 3
5 6 5 6
4 6 4 6
6 4 6 4
8 8 8 8
11 6 11 6
2 10 2 10
10 3 10 3
8 6 8 6
9 5 9 5
8 1 8 1
5 5 5 5
4 8 4 8
5 4 5 4
6 8 6 8
7 7 7 7
11 6 11 6
9 5 9 5
7 3 7 3
6 3 6 3
5 4 5 4
5 5 5 5
2 7 2 7
7 6 7 6
6 6 6 6
5 4 5 4
7 2 7 2
8 5 8 5
4 7 4 7
5 7 5 7
5 6 5 6
8 6 8 6
3 0 3 0
5 11 5 11
7 6 7 6
5 6 5 6
5 8 5 8
4 1 4 1
8 5 8 5
5 4 5 4
10 7 10 7
8 8 8 8
3 4 3 4
6 6 6 6
7 3 7 3
3 3 3 3
9 9 9 9
4 9 4 9
7 2 7 2
