6 3 13 6
5 3 16 5
3 2 5 1
4 5 10 5
3 1 9 6
7 6 9 5
7 8 7 9
2 5 5 4
4 4 8 8
4 3 6 5
3 11 17 22
5 6 12 8
2 5 14 2
6 3 11 4
1 2 11 4
2 1 9 8
8 1 8 3
3 3 7 3
4 3 8 6
6 2 10 3
5 4 9 12
1 0 2 2
7 1 7 2
5 6 5 4
4 4 4 4
4 3 5 5
1 1 5 3
3 6 5 7
4 4 3 8
3 4 11 6
5 5 14 9
3 3 13 7
6 8 4 7
5 4 6 4
2 2 6 10
4 1 2 1
2 6 3 5
4 4 9 5
4 4 14 5
8 2 14 6
3 2 5 11
5 5 5 7
6 4 6 11
1 3 5 9
4 7 4 10
6 5 12 6
5 8 9 13
5 8 5 11
4 6 8 7
1 7 10 8
4 4 6 17
9 6 7 5
10 2 13 2
1 6 1 3
2 7 2 11
6 6 10 14
3 3 6 4
4 7 5 10
5 9 10 9
8 5 13 4
2 4 8 7
9 7 5 8
7 6 6 5
3 4 4 6
4 6 6 8
8 5 9 10
5 5 9 9
2 4 10 5
4 6 11 9
7 6 12 12
5 3 12 11
7 3 8 14
2 6 5 7
4 7 4 5
9 7 12 11
8 3 7 8
6 5 9 11
6 3 7 3
5 5 8 8
6 8 5 11
3 7 11 11
7 4 10 7
4 2 5 8
2 10 3 13
2 6 3 11
9 3 7 11
3 2 3 9
5 4 8 6
6 5 10 2
3 9 5 5
1 6 4 9
1 2 5 6
5 5 6 11
1 4 5 14
5 6 7 10
4 4 8 5
6 6 11 11
3 7 8 8
2 3 15 11
4 3 7 3
