0 3 10 28
0 0 3 3
1 0 1 1
0 1 2 6
1 0 11 10
0 0 2 9
1 3 2 4
0 1 2 3
1 1 10 4
0 0 2 1
1 0 31 31
2 2 36 27
1 0 12 10
1 6 16 14
1 1 11 6
1 4 4 8
1 0 2 7
0 2 3 6
1 0 5 4
3 1 5 2
0 0 17 28
1 1 8 3
1 0 8 17
0 2 8 6
1 0 6 7
0 5 10 8
3 1 10 5
2 0 5 3
0 0 3 4
1 0 7 3
0 0 4 21
7 0 8 1
1 0 5 16
2 0 2 6
0 1 4 11
3 4 10 5
1 0 4 5
2 1 10 4
0 1 6 4
0 0 13 5
1 0 28 35
2 0 10 19
0 0 16 18
3 1 7 4
1 2 3 3
7 1 14 8
0 0 11 5
0 2 2 6
0 2 6 8
1 0 6 1
2 0 23 17
1 0 8 10
0 0 6 12
1 0 2 3
6 3 8 8
1 0 19 9
1 0 4 9
0 1 7 3
3 0 11 3
0 0 6 7
4 2 40 34
0 2 6 23
0 2 19 10
0 1 9 4
2 1 20 8
1 1 8 8
0 0 7 8
7 1 9 9
1 0 6 7
0 1 3 6
4 0 11 11
0 0 9 6
0 2 8 9
3 3 13 8
2 0 6 1
0 1 8 4
0 1 4 6
0 0 9 4
3 1 6 2
1 0 3 4
3 1 9 29
2 1 2 11
0 1 5 3
2 8 5 9
0 3 9 4
0 0 2 2
1 3 7 3
2 0 15 1
0 0 3 9
0 2 4 0
2 1 17 36
2 2 9 10
0 0 4 3
0 2 7 3
2 0 3 2
0 2 6 3
5 1 6 5
0 0 1 5
0 2 1 2
2 0 11 17
