1 0 52 60
0 3 48 59
2 0 67 73
1 3 58 97
0 1 43 80
0 0 66 103
0 2 64 85
1 9 72 123
1 1 71 127
1 0 72 142
0 0 64 61
1 2 83 58
1 1 57 71
2 1 90 67
5 0 105 84
3 0 133 84
0 1 154 78
1 2 155 82
0 2 157 88
1 1 169 91
3 0 36 73
0 0 41 84
1 2 43 102
3 0 50 131
0 1 65 103
0 0 72 110
1 3 64 123
4 0 75 107
0 9 86 131
1 1 83 146
4 1 44 52
2 1 49 59
0 1 73 84
0 0 76 92
0 0 97 93
2 6 74 103
0 1 82 138
0 1 84 148
1 3 102 138
0 0 91 156
0 1 149 40
2 2 166 29
2 0 130 34
0 1 155 34
0 0 189 24
0 0 179 40
0 0 185 43
2 0 189 39
1 1 176 41
3 0 178 62
0 2 48 75
0 0 53 80
0 0 80 68
0 0 62 110
0 0 97 109
1 0 90 125
2 0 108 134
0 0 105 133
1 0 130 166
0 0 112 175
0 1 90 73
2 1 103 87
1 1 115 93
0 3 120 88
1 2 105 87
0 0 113 89
4 0 133 122
1 3 120 152
2 1 126 135
0 1 127 135
0 0 35 69
0 0 30 87
3 3 38 104
0 0 48 108
1 2 82 97
0 2 75 118
1 1 79 158
3 2 107 156
2 6 114 162
2 2 120 162
0 1 97 36
1 1 110 41
1 0 128 53
7 0 123 62
1 1 123 81
0 1 117 101
0 0 141 75
2 0 159 79
4 0 162 87
3 2 169 97
0 1 120 40
1 2 140 41
0 1 143 48
0 0 142 54
3 0 151 49
0 0 183 55
4 0 159 64
0 1 164 90
0 0 161 102
1 0 182 122
