2 1 11 8
3 1 3 7
1 0 3 5
1 1 0 9
0 11 1 13
1 0 2 0
0 3 3 5
2 4 4 2
1 2 10 2
0 2 6 4
0 1 9 24
2 3 9 6
0 0 14 4
3 0 2 6
1 1 0 4
0 2 0 4
3 0 2 0
1 1 6 1
0 0 1 4
0 1 2 2
0 0 11 12
0 0 12 5
1 1 5 1
0 1 1 2
3 0 6 8
0 2 6 7
2 0 8 3
0 3 17 0
0 1 14 3
1 0 8 0
4 1 24 8
2 1 9 1
0 1 7 2
2 0 4 1
1 1 1 2
1 1 2 2
1 0 1 2
1 0 5 2
2 0 3 4
2 1 8 2
0 1 14 27
1 1 5 4
0 0 6 2
3 1 1 10
0 1 2 6
1 2 7 10
2 0 6 5
1 3 3 6
1 0 1 4
0 1 3 4
1 1 21 16
0 2 3 5
1 1 9 5
0 0 2 5
3 0 5 0
0 0 3 7
1 0 6 3
0 0 2 3
0 1 0 7
2 0 2 4
1 1 15 10
0 1 4 3
2 0 0 3
0 0 8 2
1 0 4 2
3 0 12 0
1 0 10 1
0 1 0 1
0 2 5 1
1 1 3 5
0 2 16 11
2 0 6 4
0 0 0 0
0 0 4 1
1 0 1 6
0 0 5 4
2 1 10 5
0 0 5 3
0 0 5 1
0 0 5 1
0 1 20 21
0 1 13 8
0 1 8 6
0 3 0 3
1 0 4 1
1 0 3 4
3 1 7 4
0 1 0 5
0 1 3 1
0 0 7 11
0 1 20 8
1 0 7 0
0 0 4 1
3 1 8 8
0 1 2 2
0 0 1 1
0 1 3 5
0 0 5 4
3 1 8 1
2 1 4 2
