4 5 2 10
7 3 6 4
3 6 8 9
7 10 6 7
5 9 11 5
8 9 10 8
4 5 8 5
5 4 9 5
9 4 5 5
3 10 2 5
10 9 16 3
8 7 16 5
10 8 11 10
8 9 10 10
8 7 6 8
6 6 10 12
9 8 14 4
8 3 12 7
4 11 3 6
7 8 6 12
7 4 7 8
10 10 11 10
5 2 9 5
7 9 10 11
8 9 9 7
7 3 5 9
7 5 8 8
4 7 6 9
2 5 11 4
3 6 10 3
8 4 6 17
11 5 8 12
6 4 9 7
3 7 7 3
8 3 6 7
10 3 12 9
2 6 6 7
14 7 8 4
6 6 3 11
7 1 7 5
6 2 23 1
3 7 5 6
9 4 4 5
12 10 8 6
9 9 6 3
11 9 6 5
4 4 7 2
3 5 8 4
6 3 4 6
4 3 5 8
9 9 7 15
8 7 10 13
6 5 6 7
4 7 3 10
10 5 8 11
9 3 7 6
10 7 13 8
4 6 11 9
6 7 10 8
9 8 7 7
10 3 9 5
11 7 9 7
7 7 11 8
9 10 8 7
13 11 10 11
6 7 9 4
10 5 9 4
4 6 7 1
3 16 8 5
9 8 12 4
8 8 9 7
12 10 7 5
3 7 7 5
6 7 8 7
5 11 6 13
4 7 5 9
3 6 2 11
12 5 5 6
6 5 3 7
7 3 4 9
9 2 11 3
2 6 10 2
5 2 9 4
10 9 7 5
2 6 10 3
5 3 13 5
4 3 6 6
5 7 7 4
4 4 6 1
5 4 4 3
12 12 8 12
9 3 14 10
5 4 9 8
7 6 6 8
8 8 6 11
7 7 9 10
6 8 3 6
4 12 8 12
12 7 8 9
6 13 5 7
