6 4 6 8
3 9 5 9
5 5 4 10
6 6 8 7
9 11 5 11
5 3 6 4
5 7 4 2
4 3 5 3
4 5 3 9
6 5 7 8
2 1 5 9
3 4 8 0
3 4 3 6
1 2 3 3
4 4 4 4
3 4 5 3
9 4 7 5
6 5 7 12
4 2 8 5
3 6 8 7
6 2 7 4
6 4 4 8
6 9 4 7
4 4 2 3
4 5 5 3
8 3 8 4
5 5 4 5
3 3 1 6
7 5 8 4
6 3 10 5
6 6 6 10
4 7 7 6
4 8 4 6
0 6 4 6
3 4 1 3
6 7 10 8
6 6 7 10
4 7 2 8
2 5 1 7
6 4 4 7
3 4 3 7
4 4 5 5
3 5 2 4
4 3 6 4
2 3 3 6
6 3 12 7
4 3 5 3
2 1 3 1
7 2 5 2
4 4 4 5
2 6 6 6
10 4 10 4
4 7 9 10
4 1 5 5
1 5 1 6
10 1 5 2
6 4 11 3
9 6 6 8
7 5 14 5
5 3 7 7
1 2 1 3
4 2 2 2
5 6 3 6
4 4 6 7
4 1 7 2
4 3 4 2
8 6 6 3
2 3 4 4
6 7 6 3
4 3 4 9
4 4 13 10
2 5 7 10
3 2 5 9
2 2 5 8
7 6 9 7
4 5 4 8
4 1 6 4
1 8 3 10
5 4 1 8
6 4 5 6
7 5 9 5
3 5 5 5
3 6 4 5
3 3 5 2
7 6 7 7
7 5 6 7
9 2 7 8
10 7 9 11
2 3 9 3
6 5 3 5
5 11 14 9
6 4 10 7
5 7 8 9
6 7 6 6
6 4 2 4
3 11 7 13
6 6 6 8
5 9 5 9
1 4 4 5
3 4 8 5
