0 141 0 177
0 138 0 158
0 121 0 175
0 143 0 112
0 153 0 182
0 156 0 211
0 135 1 153
0 137 0 167
0 133 0 108
0 142 0 142
1 119 0 229
0 146 1 237
0 150 0 119
0 139 1 130
0 158 0 146
0 144 0 140
0 155 0 145
0 152 0 200
0 122 0 140
0 151 1 161
0 122 0 104
0 134 0 174
0 126 0 100
0 139 0 132
0 145 0 178
0 129 0 115
0 124 1 124
0 107 0 143
0 136 0 112
0 114 0 159
0 132 2 131
0 133 0 170
1 165 0 185
0 140 0 201
0 134 1 123
1 149 0 95
0 121 0 93
0 113 0 125
0 144 1 124
1 140 2 130
0 157 1 158
0 124 0 94
0 136 0 159
0 141 1 80
2 132 1 184
0 134 0 118
1 138 0 106
0 137 0 169
0 141 0 102
0 128 0 77
0 129 1 176
1 153 0 172
3 126 1 145
1 133 1 215
0 141 1 116
1 154 1 92
2 144 0 173
0 128 0 82
1 140 1 123
0 140 0 113
1 117 1 136
0 135 1 127
1 117 0 137
0 125 0 100
1 152 0 114
1 147 0 159
0 112 0 104
1 146 0 134
0 124 0 119
0 152 0 123
0 113 0 184
0 133 0 198
0 128 0 101
0 125 0 78
0 135 0 150
0 115 0 90
0 136 0 156
1 118 0 114
0 133 0 137
0 127 0 96
1 118 0 263
0 134 0 152
0 139 0 83
0 136 0 298
0 147 0 136
0 108 0 163
0 126 0 167
0 128 0 73
0 141 0 84
0 130 0 132
1 139 0 100
1 131 0 92
0 133 1 191
0 137 0 228
0 131 0 154
0 129 0 152
2 143 0 139
0 145 0 95
0 151 0 112
0 130 1 162
