0 91 1 279
0 81 0 280
0 113 0 231
0 89 0 196
0 79 0 130
0 99 0 204
0 115 0 228
0 99 0 261
0 101 0 207
0 122 1 277
0 111 0 212
0 101 0 295
0 103 0 196
0 76 0 246
0 78 0 168
0 114 0 371
0 98 1 111
0 104 0 187
0 73 0 359
0 91 0 240
0 85 0 202
0 112 0 287
0 112 0 213
0 80 0 187
0 103 1 150
0 124 0 284
0 114 0 275
0 100 0 191
0 94 0 258
0 95 5 232
0 112 1 228
0 84 0 191
0 82 0 262
0 96 0 280
0 88 0 238
0 72 0 230
0 106 0 368
0 103 0 209
0 114 2 285
0 107 0 208
0 89 0 217
0 80 0 318
0 70 0 164
0 79 0 251
0 96 0 199
0 109 0 246
0 103 0 395
0 97 0 305
0 113 0 188
0 102 0 198
0 96 0 149
0 98 0 212
0 102 0 227
0 73 3 282
0 87 0 306
0 99 0 225
0 102 0 251
0 89 0 229
0 103 1 174
0 118 0 265
0 97 1 217
0 98 0 218
0 120 0 173
0 119 0 200
0 76 0 294
0 100 0 226
0 84 0 204
0 96 0 220
0 87 0 230
0 93 0 209
0 89 0 193
0 95 0 284
0 109 0 180
0 95 0 161
0 95 0 216
0 105 0 219
0 115 0 248
0 80 0 203
0 90 0 266
0 75 2 230
0 83 0 337
0 109 0 253
0 98 0 260
0 104 1 199
0 85 2 202
0 107 0 161
0 96 0 141
0 104 0 270
0 81 0 191
0 88 1 184
0 81 0 298
0 78 0 224
0 107 0 158
0 93 0 291
0 80 0 218
0 98 0 152
0 99 1 160
0 83 0 319
0 96 0 187
0 105 0 180
