0 136 0 89
0 137 0 160
1 118 0 86
1 128 0 249
0 123 2 142
0 137 0 80
0 122 0 117
0 147 1 171
1 114 0 148
0 129 0 145
0 134 0 169
0 122 0 128
0 134 0 160
0 120 0 133
1 142 0 124
0 115 0 187
0 122 0 189
0 121 0 110
0 136 2 64
0 114 0 139
0 124 0 88
0 135 0 216
0 110 0 127
0 121 0 119
0 127 0 103
0 125 0 216
0 116 0 162
0 135 0 203
0 118 0 163
0 116 0 121
0 133 0 107
0 123 0 172
0 107 0 139
0 133 0 222
0 98 0 120
1 129 0 119
0 120 0 231
0 136 0 178
0 108 0 211
1 109 0 142
1 139 0 248
1 129 1 217
1 141 1 158
1 125 1 143
1 128 0 155
0 137 2 211
2 127 0 135
1 134 1 152
0 122 1 136
1 135 0 85
1 143 0 119
0 139 0 103
0 135 0 206
0 127 1 151
0 131 0 115
0 123 0 140
0 122 0 136
0 127 0 73
0 131 0 138
0 122 2 93
0 116 0 165
0 132 0 171
1 112 2 103
0 135 0 128
1 138 1 142
0 124 1 142
0 135 0 92
0 130 0 204
0 137 0 79
0 119 2 104
0 104 1 93
1 126 1 86
1 118 1 94
0 141 0 109
0 131 0 100
0 139 1 91
0 117 0 151
0 135 0 126
1 145 1 194
0 132 0 87
0 125 1 177
0 131 0 205
0 128 1 135
0 139 0 160
0 143 1 149
0 162 0 152
0 121 0 149
0 145 0 123
0 121 0 187
0 145 0 144
0 117 0 108
0 126 0 180
0 140 0 106
0 125 1 179
0 124 0 178
0 127 0 90
0 140 0 84
1 153 0 151
0 127 0 299
2 128 0 121
