0 106 0 373
0 107 0 333
0 118 0 360
0 114 0 384
1 124 0 391
0 133 0 397
0 118 0 363
0 121 0 306
0 130 0 343
0 124 0 386
0 117 1 313
1 126 1 288
0 122 0 311
0 138 0 384
0 140 0 433
0 116 0 344
0 144 0 370
0 131 0 419
0 140 0 427
0 136 0 364
1 127 0 326
0 116 0 394
0 134 0 340
0 109 0 430
0 125 0 403
0 141 0 366
0 126 0 389
0 116 0 310
0 118 0 336
0 109 0 364
1 140 0 384
1 123 0 343
0 142 0 375
0 110 0 352
1 144 0 414
1 136 0 404
1 121 0 352
1 133 0 373
0 133 0 336
0 127 0 333
0 131 0 369
1 126 1 314
0 136 0 411
0 134 0 378
1 123 0 374
0 111 0 370
0 117 0 348
0 119 0 407
3 136 1 329
1 123 0 350
0 126 0 347
0 139 0 391
0 120 0 420
0 129 0 358
0 105 0 332
0 130 0 405
1 143 0 381
0 131 0 301
0 113 0 353
0 131 0 399
1 124 0 320
2 122 2 333
0 126 0 352
1 152 0 399
0 138 0 349
0 135 0 431
0 133 0 367
0 115 0 334
0 137 0 387
1 133 0 372
0 132 0 356
0 133 0 334
2 126 1 350
0 136 0 354
0 140 0 338
1 132 0 339
1 136 0 339
0 122 0 349
0 124 0 346
0 132 0 341
0 128 0 305
0 130 0 360
0 141 0 323
0 140 0 380
0 133 0 450
0 141 0 359
1 134 0 359
0 125 0 362
0 119 0 365
0 129 0 408
0 133 0 387
1 133 0 368
1 124 1 415
0 117 0 350
0 131 0 423
1 127 0 359
0 129 0 305
0 154 0 374
0 134 0 429
1 153 1 398
