0 123 0 582
0 130 0 597
0 110 0 559
0 127 0 629
0 104 0 567
0 101 0 595
0 104 0 583
0 110 0 692
0 130 0 631
0 122 0 577
0 111 0 574
0 130 0 547
0 118 0 577
0 96 0 657
0 96 0 635
0 117 0 671
0 92 0 623
0 122 0 683
0 118 0 578
0 105 0 632
0 113 1 558
0 104 0 512
0 105 0 591
0 97 0 604
0 102 0 605
0 110 0 625
0 139 0 631
0 118 0 579
0 107 0 671
0 120 0 601
0 120 0 597
0 138 0 548
0 148 0 598
0 114 0 626
0 106 0 605
0 107 0 604
0 121 0 561
0 94 0 585
0 115 0 526
0 87 0 640
0 163 0 632
0 132 0 588
0 144 0 615
0 119 0 629
0 121 0 650
0 130 0 617
0 102 0 561
0 115 0 661
0 106 0 600
0 94 0 677
0 118 2 600
0 103 0 565
0 133 0 549
0 141 0 640
0 125 0 592
0 135 0 585
0 116 0 722
0 122 0 543
0 102 0 668
0 120 0 635
0 77 0 570
0 124 0 607
0 103 0 511
0 87 0 609
0 99 0 563
0 126 0 645
0 113 0 661
0 99 0 641
0 148 0 616
0 104 0 631
0 94 0 605
0 97 0 586
0 116 0 571
0 126 0 656
0 123 0 595
0 107 0 634
0 107 0 629
0 126 0 690
0 102 0 579
0 136 0 594
0 101 0 592
0 116 0 585
0 94 0 565
0 122 0 554
0 117 0 634
0 113 0 611
0 96 0 631
0 134 0 659
0 103 0 587
0 115 0 573
0 112 0 560
0 77 0 503
0 119 0 591
0 147 0 619
0 102 0 613
0 96 0 570
0 132 0 615
0 91 0 615
0 108 0 597
0 98 0 652
