0 129 0 372
0 134 0 398
0 138 0 393
0 125 0 352
0 126 0 413
0 131 0 329
1 144 0 395
0 133 0 363
0 116 0 378
1 138 0 394
0 124 0 329
1 125 0 336
0 134 0 398
0 141 0 380
0 135 0 392
1 157 0 399
1 133 0 379
0 134 0 410
1 130 0 433
2 128 0 381
0 131 0 377
1 133 0 389
1 145 0 352
0 138 0 377
0 139 0 414
0 137 0 338
0 134 0 358
0 123 0 311
0 144 0 340
1 148 0 385
1 125 0 315
1 126 0 308
0 130 0 350
0 134 0 415
1 141 0 363
0 167 0 370
0 131 0 333
0 113 0 353
0 128 0 375
0 141 0 403
1 114 0 368
0 147 0 376
0 138 0 337
0 142 0 384
0 148 0 360
0 149 0 360
1 152 0 342
1 141 0 361
1 139 0 338
0 136 0 385
1 129 0 351
0 129 0 305
1 144 0 351
0 151 0 327
0 133 0 369
0 142 0 367
1 141 0 383
0 145 0 336
1 140 0 343
0 118 0 368
0 132 0 362
0 149 0 346
0 150 0 375
0 146 0 365
0 130 0 382
0 130 0 399
0 151 0 420
0 140 0 354
1 130 0 404
1 156 0 388
0 147 0 302
0 139 0 351
0 138 0 332
0 133 0 354
1 110 0 393
0 134 0 363
0 132 0 328
1 130 0 351
0 141 0 352
0 132 0 327
0 127 0 302
0 142 0 342
0 138 0 465
0 142 0 433
0 134 0 447
0 129 0 354
0 130 0 334
1 138 0 397
0 126 0 362
0 136 0 366
0 128 0 400
1 139 1 357
0 136 0 359
2 139 1 390
1 134 1 369
1 133 1 341
1 121 1 361
1 117 1 357
0 133 0 357
1 127 0 360
