0 102 0 180
0 107 0 242
0 113 0 241
0 120 0 297
0 105 0 229
0 114 0 233
0 114 0 230
0 103 0 157
0 106 0 213
0 116 0 204
0 126 0 192
0 108 0 246
0 121 0 241
0 94 0 181
0 113 0 311
0 114 0 259
0 129 0 214
0 132 0 215
0 93 0 224
0 132 0 227
0 95 0 175
0 97 0 234
0 127 0 209
0 105 0 191
0 145 0 213
0 116 0 221
0 108 2 189
0 102 0 203
0 96 0 153
0 107 0 200
0 86 0 221
0 101 0 131
0 125 0 191
0 100 0 247
0 112 0 266
0 98 0 199
0 133 0 251
0 104 0 296
0 103 0 278
0 123 0 227
0 124 0 203
0 101 0 229
0 99 0 212
0 131 0 292
0 101 0 228
0 124 0 263
0 110 0 212
0 124 0 207
0 126 0 222
0 129 0 268
0 126 1 216
0 113 0 185
0 112 0 220
0 120 0 251
0 94 0 172
0 120 0 308
0 103 0 260
0 117 0 293
0 82 1 256
0 121 1 182
0 90 0 229
0 119 1 231
0 103 0 229
0 104 0 270
0 115 0 274
0 98 0 327
0 102 0 228
0 118 0 187
0 114 0 247
0 113 0 269
0 134 2 206
0 116 0 187
0 129 0 209
0 136 0 255
0 124 0 306
0 135 0 216
0 135 0 247
0 123 0 273
0 138 0 241
0 140 7 277
0 125 0 259
0 128 0 176
0 112 0 249
0 88 0 273
0 120 1 228
0 126 0 270
0 132 0 180
0 80 0 257
0 117 0 208
0 106 0 240
0 123 0 228
0 142 0 225
0 108 0 263
0 99 0 220
0 116 0 236
0 144 1 223
0 125 0 226
0 122 3 230
0 114 0 244
0 106 0 223
