0 117 0 195
0 74 0 183
0 107 2 248
0 119 0 166
0 109 0 231
0 96 0 210
0 127 0 258
0 94 0 164
0 84 0 202
0 101 0 184
0 81 0 158
0 96 0 149
0 110 0 222
0 98 0 170
0 77 0 159
0 97 0 233
0 99 0 149
0 105 0 243
0 103 0 207
0 102 0 159
0 89 0 145
0 73 1 206
0 109 0 214
0 97 0 236
0 93 0 212
0 105 0 218
0 92 0 161
0 122 0 212
0 90 2 190
0 98 0 215
0 89 0 208
0 86 0 198
0 108 0 149
0 78 0 178
0 109 0 189
0 81 0 180
0 105 0 228
0 111 5 158
0 78 0 196
0 77 0 196
0 100 0 147
0 100 0 211
0 81 0 155
0 120 0 204
0 107 0 164
0 80 0 131
0 121 0 158
0 112 0 190
0 93 0 181
0 117 0 246
0 91 1 138
0 102 0 204
0 98 0 274
0 92 0 177
0 82 0 186
0 107 1 186
0 66 0 199
0 96 0 188
0 77 0 140
0 90 0 184
0 98 0 202
0 80 0 138
0 105 0 177
0 86 0 267
0 80 0 173
0 79 0 207
0 97 0 269
0 109 0 141
0 97 0 189
0 72 0 231
0 80 0 165
0 107 0 154
0 93 0 208
0 95 0 157
0 79 0 133
0 72 0 161
0 100 0 175
0 96 0 143
0 106 0 168
0 89 0 183
0 109 0 226
0 81 0 200
0 89 1 228
0 86 0 178
0 103 0 190
0 104 0 147
0 103 0 234
0 102 0 229
0 107 0 119
0 106 0 225
0 88 0 224
0 97 0 179
0 105 0 174
0 94 0 164
0 97 0 253
0 102 0 145
0 97 0 272
0 98 0 154
0 72 0 181
0 105 0 197
