0.19936 0.80064 7.42465e-06 7.42465e-06
0.19961 0.80039 1.58363e-05 1.58363e-05
0.19999 0.80001 2.24746e-05 2.24746e-05
0.19978 0.80022 2.89612e-05 2.89612e-05
0.20008 0.79992 4.09632e-05 4.09632e-05
0.20027 0.79973 5.00577e-05 5.00577e-05
0.20055 0.79945 5.55429e-05 5.55429e-05
0.20059 0.79941 6.41231e-05 6.41231e-05
0.20023 0.79977 7.18759e-05 7.18759e-05
0.2001 0.7999 7.44545e-05 7.44545e-05
0.19978 0.80022 8.61127e-05 8.61127e-05
0.19911 0.80089 9.95534e-05 9.95534e-05
0.19948 0.80052 0.000111101 0.000111101
0.19945 0.80055 0.000110816 0.000110816
0.19924 0.80076 0.000112265 0.000112265
0.19888 0.80112 0.000116329 0.000116329
0.1989 0.8011 0.000121485 0.000121485
0.19864 0.80136 0.000126536 0.000126536
0.19859 0.80141 0.000147517 0.000147517
0.19854 0.80146 0.000148332 0.000148332
0.19856 0.80144 0.000149542 0.000149542
0.19838 0.80162 0.000150965 0.000150965
0.19886 0.80114 0.000149758 0.000149758
0.19865 0.80135 0.000156412 0.000156412
0.19856 0.80144 0.000168431 0.000168431
0.19859 0.80141 0.000167396 0.000167396
0.19871 0.80129 0.000172955 0.000172955
0.19844 0.80156 0.0001814 0.0001814
0.19837 0.80163 0.00018171 0.00018171
0.19833 0.80167 0.000191395 0.000191395
0.19866 0.80134 0.000196611 0.000196611
0.19858 0.80142 0.00019665 0.00019665
0.1987 0.8013 0.000187606 0.000187606
0.19887 0.80113 0.000193205 0.000193205
0.19882 0.80118 0.00019922 0.00019922
0.19885 0.80115 0.000210331 0.000210331
0.1984 0.8016 0.000216424 0.000216424
0.1983 0.8017 0.000224293 0.000224293
0.19848 0.80152 0.000238555 0.000238555
0.19846 0.80154 0.00024118 0.00024118
0.19808 0.80192 0.000249024 0.000249024
0.19788 0.80212 0.000250955 0.000250955
0.19812 0.80188 0.000259581 0.000259581
0.1978 0.8022 0.000252444 0.000252444
0.19802 0.80198 0.000258868 0.000258868
0.19791 0.80209 0.000261396 0.000261396
0.19779 0.80221 0.000260713 0.000260713
0.19762 0.80238 0.000261329 0.000261329
0.19765 0.80235 0.000266614 0.000266614
0.19768 0.80232 0.000268785 0.000268785
0.19748 0.80252 0.000289686 0.000289686
0.19781 0.80219 0.000289711 0.000289711
0.19792 0.80208 0.00028464 0.00028464
0.19817 0.80183 0.00029788 0.00029788
0.19812 0.80188 0.000300006 0.000300006
0.19788 0.80212 0.000299177 0.000299177
0.19788 0.80212 0.000297965 0.000297965
0.19799 0.80201 0.000290353 0.000290353
0.19769 0.80231 0.000290398 0.000290398
0.19752 0.80248 0.000286616 0.000286616
0.19737 0.80263 0.000292761 0.000292761
0.19712 0.80288 0.000289137 0.000289137
0.19724 0.80276 0.00029576 0.00029576
0.19697 0.80303 0.000311282 0.000311282
0.19737 0.80263 0.000334054 0.000334054
0.19704 0.80296 0.000329413 0.000329413
0.19725 0.80275 0.000347301 0.000347301
0.1971 0.8029 0.000351424 0.000351424
0.19717 0.80283 0.000344143 0.000344143
0.19714 0.80286 0.000345192 0.000345192
0.19724 0.80276 0.000336487 0.000336487
0.19752 0.80248 0.000338838 0.000338838
0.19715 0.80285 0.000343179 0.000343179
0.19665 0.80335 0.000347462 0.000347462
0.19683 0.80317 0.000354284 0.000354284
0.19683 0.80317 0.000357435 0.000357435
0.19713 0.80287 0.000355488 0.000355488
0.19688 0.80312 0.000355581 0.000355581
0.19689 0.80311 0.000350543 0.000350543
0.19706 0.80294 0.000346077 0.000346077
0.19721 0.80279 0.000343319 0.000343319
0.19713 0.80287 0.000353468 0.000353468
0.19724 0.80276 0.000364427 0.000364427
0.19742 0.80258 0.000381418 0.000381418
0.19733 0.80267 0.000394668 0.000394668
0.19727 0.80273 0.000397714 0.000397714
0.19711 0.80289 0.000403816 0.000403816
0.19688 0.80312 0.000403642 0.000403642
0.19683 0.80317 0.000401678 0.000401678
0.1965 0.8035 0.000406414 0.000406414
0.19687 0.80313 0.00040072 0.00040072
0.19691 0.80309 0.000399133 0.000399133
0.19683 0.80317 0.000401334 0.000401334
0.19707 0.80293 0.000422349 0.000422349
0.19694 0.80306 0.000428926 0.000428926
0.19714 0.80286 0.000439293 0.000439293
0.19682 0.80318 0.000451543 0.000451543
0.1969 0.8031 0.000453242 0.000453242
0.19696 0.80304 0.000441109 0.000441109
0.197 0.803 0.000445192 0.000445192
0.19691 0.80309 0.000441557 0.000441557
0.19701 0.80299 0.000435687 0.000435687
0.19677 0.80323 0.00043531 0.00043531
0.19662 0.80338 0.000455895 0.000455895
0.19634 0.80366 0.000458994 0.000458994
0.19645 0.80355 0.000459523 0.000459523
0.19663 0.80337 0.00046672 0.00046672
0.19618 0.80382 0.0004492 0.0004492
0.19651 0.80349 0.000457808 0.000457808
0.19638 0.80362 0.000465753 0.000465753
0.19657 0.80343 0.000485985 0.000485985
0.19666 0.80334 0.000473398 0.000473398
0.19661 0.80339 0.000474382 0.000474382
0.19667 0.80333 0.000466991 0.000466991
0.19661 0.80339 0.000461776 0.000461776
0.19656 0.80344 0.000464128 0.000464128
0.19661 0.80339 0.000466382 0.000466382
0.19644 0.80356 0.000448835 0.000448835
0.19643 0.80357 0.000448571 0.000448571
0.19618 0.80382 0.000454897 0.000454897
0.19627 0.80373 0.000449654 0.000449654
0.19598 0.80402 0.00047208 0.00047208
0.19572 0.80428 0.000475638 0.000475638
0.1955 0.8045 0.00047902 0.00047902
0.19529 0.80471 0.000471279 0.000471279
0.19535 0.80465 0.000451179 0.000451179
0.19538 0.80462 0.000454864 0.000454864
0.19553 0.80447 0.000473928 0.000473928
0.19554 0.80446 0.000476514 0.000476514
0.19583 0.80417 0.000488526 0.000488526
0.19571 0.80429 0.000499562 0.000499562
0.19554 0.80446 0.000489988 0.000489988
0.19513 0.80487 0.000492983 0.000492983
0.19539 0.80461 0.000489614 0.000489614
0.19544 0.80456 0.000508855 0.000508855
0.19525 0.80475 0.000507078 0.000507078
0.1954 0.8046 0.000502404 0.000502404
0.19519 0.80481 0.000489994 0.000489994
0.1953 0.8047 0.000488212 0.000488212
0.19524 0.80476 0.000473275 0.000473275
0.19539 0.80461 0.000485937 0.000485937
0.19507 0.80493 0.000489318 0.000489318
0.19458 0.80542 0.000469337 0.000469337
0.19469 0.80531 0.00047664 0.00047664
0.1944 0.8056 0.000483273 0.000483273
0.1944 0.8056 0.000506364 0.000506364
0.1946 0.8054 0.000502202 0.000502202
0.1949 0.8051 0.000498576 0.000498576
0.19481 0.80519 0.000512115 0.000512115
0.19424 0.80576 0.000496891 0.000496891
0.19406 0.80594 0.000509168 0.000509168
0.19406 0.80594 0.000527754 0.000527754
0.19401 0.80599 0.000521242 0.000521242
0.19384 0.80616 0.000518095 0.000518095
0.19434 0.80566 0.000541318 0.000541318
0.19448 0.80552 0.000547282 0.000547282
0.19442 0.80558 0.000545095 0.000545095
0.19417 0.80583 0.000546143 0.000546143
0.1938 0.8062 0.000527535 0.000527535
0.19395 0.80605 0.000538917 0.000538917
0.19373 0.80627 0.000524644 0.000524644
0.1933 0.8067 0.000523747 0.000523747
0.19329 0.80671 0.000543905 0.000543905
0.19328 0.80672 0.00054386 0.00054386
0.19331 0.80669 0.000566034 0.000566034
0.19345 0.80655 0.000579745 0.000579745
0.19298 0.80702 0.000573737 0.000573737
0.1929 0.8071 0.000563566 0.000563566
0.19261 0.80739 0.000577331 0.000577331
0.19257 0.80743 0.00058845 0.00058845
0.19297 0.80703 0.000590979 0.000590979
0.19344 0.80656 0.000595784 0.000595784
0.19325 0.80675 0.000600937 0.000600937
0.19322 0.80678 0.000608295 0.000608295
0.19313 0.80687 0.000623427 0.000623427
0.19324 0.80676 0.000634063 0.000634063
0.19356 0.80644 0.000648431 0.000648431
0.19349 0.80651 0.000682192 0.000682192
0.1933 0.8067 0.000685 0.000685
0.19317 0.80683 0.000686829 0.000686829
0.19327 0.80673 0.000684967 0.000684967
0.19295 0.80705 0.000670937 0.000670937
0.19295 0.80705 0.000659462 0.000659462
0.19302 0.80698 0.000675656 0.000675656
0.1933 0.8067 0.00067799 0.00067799
0.19342 0.80658 0.000676125 0.000676125
0.19366 0.80634 0.000663217 0.000663217
0.19344 0.80656 0.000652815 0.000652815
0.19326 0.80674 0.000647083 0.000647083
0.19334 0.80666 0.000662287 0.000662287
0.19308 0.80692 0.000652983 0.000652983
0.19346 0.80654 0.00065514 0.00065514
0.19336 0.80664 0.000664354 0.000664354
0.19322 0.80678 0.000671385 0.000671385
0.19312 0.80688 0.000692006 0.000692006
0.193 0.807 0.000685374 0.000685374
0.19271 0.80729 0.000684289 0.000684289
0.19299 0.80701 0.00068397 0.00068397
0.19319 0.80681 0.000719206 0.000719206
0.19325 0.80675 0.000722836 0.000722836
0.19338 0.80662 0.00072642 0.00072642
0.19331 0.80669 0.000717772 0.000717772
0.19329 0.80671 0.000727663 0.000727663
0.19349 0.80651 0.000718576 0.000718576
0.19307 0.80693 0.000716874 0.000716874
0.19286 0.80714 0.000713798 0.000713798
0.19324 0.80676 0.000717901 0.000717901
0.19327 0.80673 0.000731209 0.000731209
0.1935 0.8065 0.000716657 0.000716657
0.19326 0.80674 0.000713709 0.000713709
0.19319 0.80681 0.000720499 0.000720499
0.19312 0.80688 0.000710066 0.000710066
0.19315 0.80685 0.000712331 0.000712331
0.19367 0.80633 0.000723112 0.000723112
0.19348 0.80652 0.000714616 0.000714616
0.19308 0.80692 0.00072563 0.00072563
0.19304 0.80696 0.000736463 0.000736463
0.1932 0.8068 0.000740687 0.000740687
0.1935 0.8065 0.000736596 0.000736596
0.19348 0.80652 0.000749363 0.000749363
0.19357 0.80643 0.00077053 0.00077053
0.19303 0.80697 0.000777161 0.000777161
0.19288 0.80712 0.000776814 0.000776814
0.19282 0.80718 0.000776513 0.000776513
0.19269 0.80731 0.000779206 0.000779206
0.19287 0.80713 0.00078771 0.00078771
0.19292 0.80708 0.000788802 0.000788802
0.19283 0.80717 0.000793678 0.000793678
0.19258 0.80742 0.000786307 0.000786307
0.19252 0.80748 0.000774818 0.000774818
0.19246 0.80754 0.000764332 0.000764332
0.19214 0.80786 0.000764021 0.000764021
0.19217 0.80783 0.000786405 0.000786405
0.1925 0.8075 0.000801424 0.000801424
0.19271 0.80729 0.00081641 0.00081641
0.19272 0.80728 0.000820385 0.000820385
0.19231 0.80769 0.000813509 0.000813509
0.19233 0.80767 0.000798122 0.000798122
0.19251 0.80749 0.000809566 0.000809566
0.19255 0.80745 0.000811119 0.000811119
0.19232 0.80768 0.000829351 0.000829351
0.19178 0.80822 0.000839769 0.000839769
0.1919 0.8081 0.000819081 0.000819081
0.19187 0.80813 0.000806114 0.000806114
0.19172 0.80828 0.000827052 0.000827052
0.19198 0.80802 0.00083505 0.00083505
0.19171 0.80829 0.000832592 0.000832592
0.19193 0.80807 0.000827702 0.000827702
0.19232 0.80768 0.000829998 0.000829998
0.19241 0.80759 0.000839174 0.000839174
0.19237 0.80763 0.000832417 0.000832417
0.19229 0.80771 0.00085639 0.00085639
0.19242 0.80758 0.000887276 0.000887276
0.19209 0.80791 0.000881598 0.000881598
0.19207 0.80793 0.000892914 0.000892914
0.19184 0.80816 0.000901954 0.000901954
0.19201 0.80799 0.000924353 0.000924353
0.19201 0.80799 0.000905343 0.000905343
0.19231 0.80769 0.000905347 0.000905347
0.19253 0.80747 0.000898332 0.000898332
0.19209 0.80791 0.000917901 0.000917901
0.19249 0.80751 0.000886959 0.000886959
0.19224 0.80776 0.00088376 0.00088376
0.19231 0.80769 0.000862256 0.000862256
0.19243 0.80757 0.000866005 0.000866005
0.19269 0.80731 0.000915024 0.000915024
0.19252 0.80748 0.000916878 0.000916878
0.19269 0.80731 0.000907792 0.000907792
0.19274 0.80726 0.000905811 0.000905811
0.19257 0.80743 0.000919682 0.000919682
0.19241 0.80759 0.000922426 0.000922426
0.19226 0.80774 0.000917245 0.000917245
0.19236 0.80764 0.000885707 0.000885707
0.19251 0.80749 0.000879303 0.000879303
0.19252 0.80748 0.00089605 0.00089605
0.1923 0.8077 0.000923202 0.000923202
0.1925 0.8075 0.000904576 0.000904576
0.19296 0.80704 0.000934261 0.000934261
0.1932 0.8068 0.000941131 0.000941131
0.19281 0.80719 0.000952236 0.000952236
0.19265 0.80735 0.000946957 0.000946957
0.19252 0.80748 0.000942151 0.000942151
0.19284 0.80716 0.000934378 0.000934378
0.19273 0.80727 0.000935229 0.000935229
0.19255 0.80745 0.000935967 0.000935967
0.19287 0.80713 0.000912983 0.000912983
0.19286 0.80714 0.000881112 0.000881112
0.19257 0.80743 0.00091148 0.00091148
0.19277 0.80723 0.00090933 0.00090933
0.19312 0.80688 0.000923642 0.000923642
0.19318 0.80682 0.000900695 0.000900695
0.19305 0.80695 0.000921806 0.000921806
0.19272 0.80728 0.000894486 0.000894486
0.19305 0.80695 0.000889462 0.000889462
0.19301 0.80699 0.000911 0.000911
0.19311 0.80689 0.000929432 0.000929432
0.19331 0.80669 0.000951287 0.000951287
0.1933 0.8067 0.000941101 0.000941101
0.193 0.807 0.000950949 0.000950949
0.1928 0.8072 0.000956949 0.000956949
0.19312 0.80688 0.000940794 0.000940794
0.19287 0.80713 0.000957407 0.000957407
0.1927 0.8073 0.000949687 0.000949687
0.19306 0.80694 0.000954097 0.000954097
0.19337 0.80663 0.000947912 0.000947912
0.19321 0.80679 0.000941885 0.000941885
0.19339 0.80661 0.000935069 0.000935069
0.19327 0.80673 0.000939957 0.000939957
0.19311 0.80689 0.000919776 0.000919776
0.19297 0.80703 0.000919282 0.000919282
0.19296 0.80704 0.000921615 0.000921615
0.19249 0.80751 0.00093597 0.00093597
0.19263 0.80737 0.00095769 0.00095769
0.19264 0.80736 0.000963202 0.000963202
0.1928 0.8072 0.000970687 0.000970687
0.19274 0.80726 0.000980881 0.000980881
0.19292 0.80708 0.000973185 0.000973185
0.19301 0.80699 0.000985303 0.000985303
0.19319 0.80681 0.00101199 0.00101199
0.1935 0.8065 0.00101449 0.00101449
0.19325 0.80675 0.000992856 0.000992856
0.19295 0.80705 0.000975543 0.000975543
0.19334 0.80666 0.00100574 0.00100574
0.19336 0.80664 0.00101088 0.00101088
0.1933 0.8067 0.000982616 0.000982616
0.1933 0.8067 0.000994212 0.000994212
0.19342 0.80658 0.000985216 0.000985216
0.19332 0.80668 0.00100711 0.00100711
0.19339 0.80661 0.00102125 0.00102125
0.19365 0.80635 0.00102009 0.00102009
0.19334 0.80666 0.00101437 0.00101437
0.19355 0.80645 0.00101633 0.00101633
0.19368 0.80632 0.00102297 0.00102297
0.1939 0.8061 0.00101991 0.00101991
0.19403 0.80597 0.00100457 0.00100457
0.19399 0.80601 0.00102003 0.00102003
0.19395 0.80605 0.0010233 0.0010233
0.19411 0.80589 0.00104101 0.00104101
0.19388 0.80612 0.00104449 0.00104449
0.19382 0.80618 0.00106441 0.00106441
0.1937 0.8063 0.0010528 0.0010528
0.19386 0.80614 0.00105941 0.00105941
0.19382 0.80618 0.00105607 0.00105607
0.19374 0.80626 0.00106167 0.00106167
0.19348 0.80652 0.00107466 0.00107466
0.19325 0.80675 0.00108362 0.00108362
0.19337 0.80663 0.00107486 0.00107486
0.19348 0.80652 0.00109605 0.00109605
0.19352 0.80648 0.00108878 0.00108878
0.19333 0.80667 0.00109495 0.00109495
0.19339 0.80661 0.00110828 0.00110828
0.19348 0.80652 0.0011472 0.0011472
0.19334 0.80666 0.00115635 0.00115635
0.19341 0.80659 0.00117534 0.00117534
0.19352 0.80648 0.00119227 0.00119227
0.19374 0.80626 0.00119896 0.00119896
0.19381 0.80619 0.00118012 0.00118012
0.19359 0.80641 0.00116982 0.00116982
0.19379 0.80621 0.00115257 0.00115257
0.19386 0.80614 0.00113968 0.00113968
0.19417 0.80583 0.00112663 0.00112663
0.19423 0.80577 0.00110699 0.00110699
0.19418 0.80582 0.00113678 0.00113678
0.1944 0.8056 0.00113448 0.00113448
0.19478 0.80522 0.00113995 0.00113995
0.19459 0.80541 0.00113717 0.00113717
0.19448 0.80552 0.00115395 0.00115395
0.19495 0.80505 0.00117946 0.00117946
0.19499 0.80501 0.00117227 0.00117227
0.19502 0.80498 0.00118406 0.00118406
0.19464 0.80536 0.00117918 0.00117918
0.19456 0.80544 0.00120683 0.00120683
0.1942 0.8058 0.00120246 0.00120246
0.19408 0.80592 0.00123218 0.00123218
0.19414 0.80586 0.00123404 0.00123404
0.1946 0.8054 0.00125909 0.00125909
0.19498 0.80502 0.00125962 0.00125962
0.19492 0.80508 0.00129951 0.00129951
0.19467 0.80533 0.00131192 0.00131192
0.19471 0.80529 0.00129982 0.00129982
0.19495 0.80505 0.00129635 0.00129635
0.19513 0.80487 0.0012924 0.0012924
0.19543 0.80457 0.00128304 0.00128304
0.1951 0.8049 0.00128421 0.00128421
0.19527 0.80473 0.0012526 0.0012526
0.19553 0.80447 0.00120973 0.00120973
0.19567 0.80433 0.00118871 0.00118871
0.19538 0.80462 0.00118652 0.00118652
0.19542 0.80458 0.00121035 0.00121035
0.19509 0.80491 0.0011942 0.0011942
0.19486 0.80514 0.00117606 0.00117606
0.19498 0.80502 0.00117533 0.00117533
0.19532 0.80468 0.00120127 0.00120127
0.19544 0.80456 0.00121106 0.00121106
0.19534 0.80466 0.00119655 0.00119655
0.19521 0.80479 0.00119047 0.00119047
0.19485 0.80515 0.00121203 0.00121203
0.19494 0.80506 0.0012208 0.0012208
0.19514 0.80486 0.0012484 0.0012484
0.19502 0.80498 0.00124079 0.00124079
0.19499 0.80501 0.00122746 0.00122746
0.19519 0.80481 0.00123735 0.00123735
0.19509 0.80491 0.00125091 0.00125091
0.19473 0.80527 0.00126028 0.00126028
0.19475 0.80525 0.0012871 0.0012871
0.19469 0.80531 0.00127167 0.00127167
0.19471 0.80529 0.00127673 0.00127673
0.19488 0.80512 0.00129879 0.00129879
0.19493 0.80507 0.00129485 0.00129485
0.1946 0.8054 0.0012821 0.0012821
0.1945 0.8055 0.00129874 0.00129874
0.19449 0.80551 0.00131021 0.00131021
0.19454 0.80546 0.00130956 0.00130956
0.19449 0.80551 0.00131777 0.00131777
0.19445 0.80555 0.00131831 0.00131831
0.1946 0.8054 0.00136796 0.00136796
0.19469 0.80531 0.00137222 0.00137222
0.19475 0.80525 0.00138231 0.00138231
0.19462 0.80538 0.00135004 0.00135004
0.19483 0.80517 0.0013334 0.0013334
0.1954 0.8046 0.00132036 0.00132036
0.19532 0.80468 0.00132056 0.00132056
0.19547 0.80453 0.00132599 0.00132599
0.19537 0.80463 0.00130492 0.00130492
0.19566 0.80434 0.0013052 0.0013052
0.19591 0.80409 0.00131075 0.00131075
0.1961 0.8039 0.00131627 0.00131627
0.19614 0.80386 0.00129881 0.00129881
0.19597 0.80403 0.00129203 0.00129203
0.19614 0.80386 0.00130644 0.00130644
0.19607 0.80393 0.00128635 0.00128635
0.19608 0.80392 0.00126371 0.00126371
0.19571 0.80429 0.00127859 0.00127859
0.19552 0.80448 0.00129122 0.00129122
0.19581 0.80419 0.0012962 0.0012962
0.19583 0.80417 0.00131002 0.00131002
0.19574 0.80426 0.00130866 0.00130866
0.19592 0.80408 0.00131959 0.00131959
0.19583 0.80417 0.00135075 0.00135075
0.19574 0.80426 0.0013347 0.0013347
0.19602 0.80398 0.00132238 0.00132238
0.19607 0.80393 0.00133001 0.00133001
0.19593 0.80407 0.00134079 0.00134079
0.19556 0.80444 0.00133972 0.00133972
0.19532 0.80468 0.00135418 0.00135418
0.19515 0.80485 0.0013611 0.0013611
0.19507 0.80493 0.00138194 0.00138194
0.1949 0.8051 0.00137825 0.00137825
0.19454 0.80546 0.00136017 0.00136017
0.19466 0.80534 0.0013758 0.0013758
0.19432 0.80568 0.00138085 0.00138085
0.19444 0.80556 0.0013751 0.0013751
0.19445 0.80555 0.00135249 0.00135249
0.19448 0.80552 0.00136045 0.00136045
0.19431 0.80569 0.0013729 0.0013729
0.19438 0.80562 0.00138353 0.00138353
0.19437 0.80563 0.0014065 0.0014065
0.19439 0.80561 0.00140685 0.00140685
0.19444 0.80556 0.00140393 0.00140393
0.19434 0.80566 0.00140629 0.00140629
0.19474 0.80526 0.00141086 0.00141086
0.19512 0.80488 0.00143293 0.00143293
0.19513 0.80487 0.00141415 0.00141415
0.19562 0.80438 0.0014203 0.0014203
0.19536 0.80464 0.00140862 0.00140862
0.19549 0.80451 0.00140284 0.00140284
0.19547 0.80453 0.00136956 0.00136956
0.19541 0.80459 0.00137101 0.00137101
0.19546 0.80454 0.00138522 0.00138522
0.19589 0.80411 0.00138812 0.00138812
0.19541 0.80459 0.00135402 0.00135402
0.19521 0.80479 0.00132669 0.00132669
0.19504 0.80496 0.00134976 0.00134976
0.19501 0.80499 0.00138724 0.00138724
0.19482 0.80518 0.00136391 0.00136391
0.19475 0.80525 0.0013788 0.0013788
0.19494 0.80506 0.00136581 0.00136581
0.19468 0.80532 0.00136749 0.00136749
0.19467 0.80533 0.00135026 0.00135026
0.19466 0.80534 0.00135138 0.00135138
0.19454 0.80546 0.00134668 0.00134668
0.19444 0.80556 0.00134397 0.00134397
0.19465 0.80535 0.0013629 0.0013629
0.19484 0.80516 0.001343 0.001343
0.19508 0.80492 0.00135773 0.00135773
0.19498 0.80502 0.00140408 0.00140408
0.19512 0.80488 0.00140089 0.00140089
0.1955 0.8045 0.0014088 0.0014088
0.1953 0.8047 0.00139684 0.00139684
0.19534 0.80466 0.00138512 0.00138512
0.19532 0.80468 0.00137666 0.00137666
0.19564 0.80436 0.00131728 0.00131728
0.19539 0.80461 0.00133786 0.00133786
0.19528 0.80472 0.00137212 0.00137212
0.1952 0.8048 0.0013564 0.0013564
0.19504 0.80496 0.00134921 0.00134921
0.1947 0.8053 0.00136288 0.00136288
0.19443 0.80557 0.00138405 0.00138405
0.19455 0.80545 0.00139605 0.00139605
0.19485 0.80515 0.00138728 0.00138728
