0.19997 0.80003 2.21102e-05 2.21102e-05
0.20032 0.79968 5.0139e-05 5.0139e-05
0.20041 0.79959 9.42443e-05 9.42443e-05
0.20069 0.79931 0.000135509 0.000135509
0.20079 0.79921 0.000197481 0.000197481
0.20113 0.79887 0.000234842 0.000234842
0.20082 0.79918 0.00028427 0.00028427
0.20058 0.79942 0.000349196 0.000349196
0.20041 0.79959 0.0004038 0.0004038
0.20084 0.79916 0.00042454 0.00042454
0.20079 0.79921 0.000461562 0.000461562
0.20108 0.79892 0.000476095 0.000476095
0.20141 0.79859 0.000494143 0.000494143
0.20129 0.79871 0.0005354 0.0005354
0.20183 0.79817 0.000563658 0.000563658
0.20197 0.79803 0.000599565 0.000599565
0.20228 0.79772 0.000604567 0.000604567
0.20246 0.79754 0.000612231 0.000612231
0.20188 0.79812 0.000643622 0.000643622
0.20256 0.79744 0.000662693 0.000662693
0.20307 0.79693 0.000717237 0.000717237
0.20239 0.79761 0.000721412 0.000721412
0.20284 0.79716 0.000726035 0.000726035
0.20346 0.79654 0.000751685 0.000751685
0.20342 0.79658 0.000774994 0.000774994
0.20379 0.79621 0.00079443 0.00079443
0.20369 0.79631 0.000755953 0.000755953
0.20355 0.79645 0.000777078 0.000777078
0.20319 0.79681 0.000835933 0.000835933
0.20265 0.79735 0.000872553 0.000872553
0.20264 0.79736 0.00091296 0.00091296
0.20243 0.79757 0.000930086 0.000930086
0.20233 0.79767 0.000950244 0.000950244
0.20249 0.79751 0.000923303 0.000923303
0.20337 0.79663 0.000876983 0.000876983
0.20315 0.79685 0.000872129 0.000872129
0.20267 0.79733 0.000886001 0.000886001
0.20229 0.79771 0.00089938 0.00089938
0.20282 0.79718 0.000914068 0.000914068
0.20318 0.79682 0.000896674 0.000896674
0.2032 0.7968 0.00088099 0.00088099
0.20387 0.79613 0.000891084 0.000891084
0.20397 0.79603 0.000897827 0.000897827
0.20394 0.79606 0.000905512 0.000905512
0.20416 0.79584 0.000911611 0.000911611
0.20473 0.79527 0.000934442 0.000934442
0.20433 0.79567 0.00093089 0.00093089
0.2044 0.7956 0.000958424 0.000958424
0.20445 0.79555 0.000978109 0.000978109
0.2046 0.7954 0.00103406 0.00103406
0.20507 0.79493 0.00104114 0.00104114
0.2048 0.7952 0.000996343 0.000996343
0.20518 0.79482 0.001007 0.001007
0.20451 0.79549 0.00106565 0.00106565
0.204 0.796 0.00106356 0.00106356
0.20374 0.79626 0.00105028 0.00105028
0.20356 0.79644 0.00104364 0.00104364
0.20383 0.79617 0.00109818 0.00109818
0.20345 0.79655 0.00112219 0.00112219
0.20357 0.79643 0.00113944 0.00113944
0.20324 0.79676 0.0011619 0.0011619
0.20308 0.79692 0.00119933 0.00119933
0.20403 0.79597 0.0011548 0.0011548
0.20323 0.79677 0.00110866 0.00110866
0.20328 0.79672 0.00109525 0.00109525
0.20384 0.79616 0.00118282 0.00118282
0.20393 0.79607 0.00117209 0.00117209
0.20339 0.79661 0.00115157 0.00115157
0.20347 0.79653 0.00114229 0.00114229
0.20326 0.79674 0.00117599 0.00117599
0.20317 0.79683 0.00120243 0.00120243
0.20322 0.79678 0.00116482 0.00116482
0.20345 0.79655 0.00119231 0.00119231
0.20268 0.79732 0.00116624 0.00116624
0.20225 0.79775 0.00111787 0.00111787
0.20257 0.79743 0.00119138 0.00119138
0.20299 0.79701 0.00119403 0.00119403
0.20277 0.79723 0.00118691 0.00118691
0.20266 0.79734 0.00121554 0.00121554
0.20268 0.79732 0.0011864 0.0011864
0.20338 0.79662 0.00118333 0.00118333
0.2032 0.7968 0.00123008 0.00123008
0.20281 0.79719 0.00117189 0.00117189
0.20271 0.79729 0.00116104 0.00116104
0.20311 0.79689 0.00114279 0.00114279
0.20322 0.79678 0.00112464 0.00112464
0.20235 0.79765 0.00109249 0.00109249
0.20185 0.79815 0.00114779 0.00114779
0.20261 0.79739 0.00116618 0.00116618
0.20286 0.79714 0.00111574 0.00111574
0.20317 0.79683 0.00109154 0.00109154
0.20253 0.79747 0.00111956 0.00111956
0.2019 0.7981 0.00115393 0.00115393
0.20214 0.79786 0.0011935 0.0011935
0.20245 0.79755 0.00118954 0.00118954
0.20259 0.79741 0.00119325 0.00119325
0.20187 0.79813 0.00121757 0.00121757
0.20174 0.79826 0.00124345 0.00124345
0.20203 0.79797 0.00124502 0.00124502
0.20225 0.79775 0.00126108 0.00126108
0.20246 0.79754 0.00131104 0.00131104
0.20321 0.79679 0.00129831 0.00129831
0.20355 0.79645 0.00123455 0.00123455
0.20365 0.79635 0.00124124 0.00124124
0.20428 0.79572 0.00124608 0.00124608
0.20495 0.79505 0.00123071 0.00123071
0.20482 0.79518 0.00126823 0.00126823
0.20546 0.79454 0.00127346 0.00127346
0.20533 0.79467 0.00129554 0.00129554
0.20528 0.79472 0.00139451 0.00139451
0.20475 0.79525 0.00137724 0.00137724
0.20438 0.79562 0.00144319 0.00144319
0.20399 0.79601 0.0014391 0.0014391
0.20446 0.79554 0.00139179 0.00139179
0.20497 0.79503 0.00136736 0.00136736
0.20513 0.79487 0.00135908 0.00135908
0.2048 0.7952 0.00133293 0.00133293
0.20413 0.79587 0.0013065 0.0013065
0.20452 0.79548 0.00133294 0.00133294
0.20383 0.79617 0.00134075 0.00134075
0.20377 0.79623 0.00132806 0.00132806
0.2041 0.7959 0.00133179 0.00133179
0.20399 0.79601 0.00134484 0.00134484
0.20324 0.79676 0.00135047 0.00135047
0.20382 0.79618 0.00131641 0.00131641
0.20435 0.79565 0.00131017 0.00131017
0.20487 0.79513 0.00137001 0.00137001
0.20513 0.79487 0.00139434 0.00139434
0.20477 0.79523 0.00142977 0.00142977
0.2048 0.7952 0.00145099 0.00145099
0.20495 0.79505 0.00144597 0.00144597
0.20517 0.79483 0.00145172 0.00145172
0.20491 0.79509 0.0015055 0.0015055
0.20406 0.79594 0.00148276 0.00148276
0.2041 0.7959 0.00150934 0.00150934
0.20466 0.79534 0.00152901 0.00152901
0.20466 0.79534 0.00159356 0.00159356
0.20386 0.79614 0.00163729 0.00163729
0.20375 0.79625 0.00163193 0.00163193
0.20344 0.79656 0.00161657 0.00161657
0.20356 0.79644 0.00163861 0.00163861
0.20286 0.79714 0.00158578 0.00158578
0.20332 0.79668 0.00160127 0.00160127
0.2035 0.7965 0.00153159 0.00153159
0.20369 0.79631 0.00150652 0.00150652
0.20411 0.79589 0.00154232 0.00154232
0.20472 0.79528 0.00155738 0.00155738
0.20525 0.79475 0.00153421 0.00153421
0.20497 0.79503 0.00151179 0.00151179
0.20455 0.79545 0.00148781 0.00148781
0.20481 0.79519 0.00152488 0.00152488
0.20499 0.79501 0.00153599 0.00153599
0.2053 0.7947 0.00154185 0.00154185
0.20487 0.79513 0.00155367 0.00155367
0.20494 0.79506 0.00155127 0.00155127
0.20527 0.79473 0.00155626 0.00155626
0.20482 0.79518 0.00151835 0.00151835
0.20478 0.79522 0.00151199 0.00151199
0.20441 0.79559 0.0015074 0.0015074
0.20415 0.79585 0.00152057 0.00152057
0.20382 0.79618 0.00155225 0.00155225
0.204 0.796 0.00152044 0.00152044
0.20376 0.79624 0.00149794 0.00149794
0.20368 0.79632 0.00150969 0.00150969
0.20391 0.79609 0.00158661 0.00158661
0.20357 0.79643 0.00155239 0.00155239
0.20305 0.79695 0.00153785 0.00153785
0.20344 0.79656 0.00153861 0.00153861
0.20361 0.79639 0.00157198 0.00157198
0.20377 0.79623 0.00158339 0.00158339
0.20317 0.79683 0.00157071 0.00157071
0.20248 0.79752 0.001623 0.001623
0.20325 0.79675 0.00163843 0.00163843
0.20321 0.79679 0.00163354 0.00163354
0.20265 0.79735 0.00161461 0.00161461
0.20266 0.79734 0.00166821 0.00166821
0.20299 0.79701 0.00167199 0.00167199
0.20317 0.79683 0.00169505 0.00169505
0.20255 0.79745 0.00162651 0.00162651
0.20246 0.79754 0.00164391 0.00164391
0.20223 0.79777 0.00164068 0.00164068
0.20305 0.79695 0.00163944 0.00163944
0.20332 0.79668 0.00160004 0.00160004
0.20363 0.79637 0.00161543 0.00161543
0.2037 0.7963 0.00165035 0.00165035
0.20421 0.79579 0.00162249 0.00162249
0.20414 0.79586 0.00170293 0.00170293
0.20381 0.79619 0.00168769 0.00168769
0.20447 0.79553 0.0017346 0.0017346
0.20505 0.79495 0.00178746 0.00178746
0.20489 0.79511 0.00178091 0.00178091
0.20504 0.79496 0.00173311 0.00173311
0.20461 0.79539 0.0017019 0.0017019
0.20465 0.79535 0.0016813 0.0016813
0.20461 0.79539 0.00165234 0.00165234
0.20419 0.79581 0.00166167 0.00166167
0.20436 0.79564 0.00168191 0.00168191
0.20443 0.79557 0.00166936 0.00166936
0.2045 0.7955 0.00169338 0.00169338
0.20478 0.79522 0.00175256 0.00175256
0.20487 0.79513 0.00176638 0.00176638
0.20542 0.79458 0.00174701 0.00174701
0.20552 0.79448 0.00175397 0.00175397
0.20593 0.79407 0.00176685 0.00176685
0.2063 0.7937 0.00172643 0.00172643
0.20603 0.79397 0.00174064 0.00174064
0.20626 0.79374 0.00174927 0.00174927
0.20665 0.79335 0.00174114 0.00174114
0.20688 0.79312 0.00172621 0.00172621
0.20685 0.79315 0.00171835 0.00171835
0.20638 0.79362 0.00169713 0.00169713
0.2056 0.7944 0.00171418 0.00171418
0.20555 0.79445 0.00171768 0.00171768
0.20625 0.79375 0.00177791 0.00177791
0.20599 0.79401 0.00180447 0.00180447
0.20641 0.79359 0.00179303 0.00179303
0.20543 0.79457 0.00177302 0.00177302
0.2056 0.7944 0.00179717 0.00179717
0.2051 0.7949 0.00175454 0.00175454
0.20499 0.79501 0.00174702 0.00174702
0.20456 0.79544 0.00172479 0.00172479
0.20463 0.79537 0.00177799 0.00177799
0.20465 0.79535 0.00176954 0.00176954
0.20466 0.79534 0.00176671 0.00176671
0.20437 0.79563 0.00176195 0.00176195
0.20409 0.79591 0.0017561 0.0017561
0.20395 0.79605 0.0017757 0.0017757
0.20423 0.79577 0.00181929 0.00181929
0.20372 0.79628 0.00183651 0.00183651
0.20439 0.79561 0.00184006 0.00184006
0.20411 0.79589 0.00182765 0.00182765
0.20406 0.79594 0.00181367 0.00181367
0.20443 0.79557 0.00176211 0.00176211
0.20471 0.79529 0.00173399 0.00173399
0.20517 0.79483 0.00176174 0.00176174
0.20514 0.79486 0.00187307 0.00187307
0.2049 0.7951 0.00186306 0.00186306
0.20482 0.79518 0.00188478 0.00188478
0.20482 0.79518 0.00188667 0.00188667
0.20517 0.79483 0.00190414 0.00190414
0.20488 0.79512 0.00192483 0.00192483
0.20423 0.79577 0.00186192 0.00186192
0.20359 0.79641 0.00185305 0.00185305
0.2031 0.7969 0.001813 0.001813
0.20306 0.79694 0.00178693 0.00178693
0.20315 0.79685 0.00179987 0.00179987
0.20311 0.79689 0.00175147 0.00175147
0.20345 0.79655 0.00178817 0.00178817
0.20332 0.79668 0.00174238 0.00174238
0.20422 0.79578 0.00179932 0.00179932
0.20475 0.79525 0.00180946 0.00180946
0.20494 0.79506 0.00180474 0.00180474
0.20452 0.79548 0.00178868 0.00178868
0.20471 0.79529 0.00182651 0.00182651
0.20454 0.79546 0.00182251 0.00182251
0.20486 0.79514 0.0018195 0.0018195
0.20431 0.79569 0.00178866 0.00178866
0.20423 0.79577 0.00174171 0.00174171
0.20448 0.79552 0.00178235 0.00178235
0.20452 0.79548 0.00179007 0.00179007
0.2046 0.7954 0.0018217 0.0018217
0.20446 0.79554 0.00177233 0.00177233
0.20426 0.79574 0.0017644 0.0017644
0.2041 0.7959 0.00173813 0.00173813
0.2042 0.7958 0.00173982 0.00173982
0.20485 0.79515 0.0017591 0.0017591
0.20587 0.79413 0.00184678 0.00184678
0.20509 0.79491 0.00185715 0.00185715
0.20494 0.79506 0.0018845 0.0018845
0.2037 0.7963 0.00183199 0.00183199
0.20386 0.79614 0.00183412 0.00183412
0.20358 0.79642 0.00181158 0.00181158
0.20379 0.79621 0.0017936 0.0017936
0.20415 0.79585 0.00178623 0.00178623
0.204 0.796 0.00173396 0.00173396
0.20403 0.79597 0.00172205 0.00172205
0.20445 0.79555 0.00177655 0.00177655
0.2056 0.7944 0.0018821 0.0018821
0.20587 0.79413 0.00189939 0.00189939
0.2055 0.7945 0.00184334 0.00184334
0.20552 0.79448 0.00184888 0.00184888
0.20592 0.79408 0.00188464 0.00188464
0.20503 0.79497 0.0018611 0.0018611
0.20535 0.79465 0.00188039 0.00188039
0.2052 0.7948 0.00188687 0.00188687
0.20581 0.79419 0.00192698 0.00192698
0.20654 0.79346 0.00194615 0.00194615
0.20683 0.79317 0.00196875 0.00196875
0.20659 0.79341 0.00200293 0.00200293
0.20619 0.79381 0.00200981 0.00200981
0.20567 0.79433 0.00200525 0.00200525
0.20554 0.79446 0.00201837 0.00201837
0.20516 0.79484 0.00198846 0.00198846
0.20476 0.79524 0.00203037 0.00203037
0.20471 0.79529 0.0021074 0.0021074
0.20519 0.79481 0.00212557 0.00212557
0.20528 0.79472 0.00210798 0.00210798
0.20495 0.79505 0.00211522 0.00211522
0.20455 0.79545 0.00208417 0.00208417
0.20491 0.79509 0.00205144 0.00205144
0.20449 0.79551 0.00200732 0.00200732
0.2055 0.7945 0.00200292 0.00200292
0.20571 0.79429 0.00206855 0.00206855
0.20606 0.79394 0.00198347 0.00198347
0.20646 0.79354 0.00199231 0.00199231
0.20675 0.79325 0.00201734 0.00201734
0.20686 0.79314 0.00200489 0.00200489
0.20711 0.79289 0.00203091 0.00203091
0.20741 0.79259 0.00206154 0.00206154
0.20691 0.79309 0.00204146 0.00204146
0.20769 0.79231 0.00200807 0.00200807
0.20751 0.79249 0.00201058 0.00201058
0.20788 0.79212 0.00199485 0.00199485
0.20775 0.79225 0.00196873 0.00196873
0.20813 0.79187 0.00198316 0.00198316
0.20751 0.79249 0.00196066 0.00196066
0.20683 0.79317 0.00197208 0.00197208
0.20629 0.79371 0.00202578 0.00202578
0.20595 0.79405 0.00208734 0.00208734
0.2065 0.7935 0.00209619 0.00209619
0.207 0.793 0.00212749 0.00212749
0.20709 0.79291 0.00211929 0.00211929
0.20717 0.79283 0.00214376 0.00214376
0.2069 0.7931 0.0020748 0.0020748
0.20718 0.79282 0.0021529 0.0021529
0.20673 0.79327 0.00218448 0.00218448
0.20724 0.79276 0.00227932 0.00227932
0.20751 0.79249 0.00227199 0.00227199
0.20768 0.79232 0.00230973 0.00230973
0.20771 0.79229 0.00226142 0.00226142
0.20757 0.79243 0.00226748 0.00226748
0.20775 0.79225 0.00227873 0.00227873
0.20739 0.79261 0.00231077 0.00231077
0.20757 0.79243 0.002311 0.002311
0.2078 0.7922 0.00235176 0.00235176
0.20806 0.79194 0.00230834 0.00230834
0.20773 0.79227 0.00231481 0.00231481
0.20805 0.79195 0.00231334 0.00231334
0.20754 0.79246 0.00233615 0.00233615
0.20669 0.79331 0.00228434 0.00228434
0.2064 0.7936 0.00236131 0.00236131
0.20662 0.79338 0.00236131 0.00236131
0.20633 0.79367 0.00233752 0.00233752
0.20681 0.79319 0.00237721 0.00237721
0.20712 0.79288 0.00237166 0.00237166
0.20707 0.79293 0.00236522 0.00236522
0.20709 0.79291 0.00234616 0.00234616
0.20664 0.79336 0.00235765 0.00235765
0.20685 0.79315 0.00233334 0.00233334
0.20699 0.79301 0.00237359 0.00237359
0.20729 0.79271 0.00242031 0.00242031
0.2067 0.7933 0.00241148 0.00241148
0.20716 0.79284 0.0024248 0.0024248
0.20768 0.79232 0.00246576 0.00246576
0.20797 0.79203 0.0025409 0.0025409
0.20768 0.79232 0.00255973 0.00255973
0.20802 0.79198 0.00253895 0.00253895
0.20798 0.79202 0.00256705 0.00256705
0.20754 0.79246 0.00252419 0.00252419
0.20785 0.79215 0.00249698 0.00249698
0.2077 0.7923 0.00244908 0.00244908
0.20706 0.79294 0.00252874 0.00252874
0.20666 0.79334 0.00251728 0.00251728
0.20674 0.79326 0.00255563 0.00255563
0.20662 0.79338 0.00258721 0.00258721
0.20597 0.79403 0.00265662 0.00265662
0.20535 0.79465 0.0026096 0.0026096
0.20524 0.79476 0.00259299 0.00259299
0.20551 0.79449 0.00261047 0.00261047
0.20606 0.79394 0.00259287 0.00259287
0.20566 0.79434 0.00257287 0.00257287
0.2058 0.7942 0.00259608 0.00259608
0.20619 0.79381 0.00253917 0.00253917
0.20632 0.79368 0.00257551 0.00257551
0.20631 0.79369 0.00257359 0.00257359
0.20675 0.79325 0.00259508 0.00259508
0.20725 0.79275 0.00262742 0.00262742
0.2073 0.7927 0.00259678 0.00259678
0.20744 0.79256 0.00258403 0.00258403
0.20826 0.79174 0.00254654 0.00254654
0.20801 0.79199 0.00260431 0.00260431
0.20808 0.79192 0.0025704 0.0025704
0.20782 0.79218 0.00254029 0.00254029
0.20682 0.79318 0.00255714 0.00255714
0.20652 0.79348 0.00254429 0.00254429
0.20592 0.79408 0.00248167 0.00248167
0.20526 0.79474 0.00242599 0.00242599
0.20471 0.79529 0.00243758 0.00243758
0.20555 0.79445 0.00247536 0.00247536
0.20552 0.79448 0.00248033 0.00248033
0.20509 0.79491 0.00246388 0.00246388
0.20506 0.79494 0.002474 0.002474
0.20441 0.79559 0.00253196 0.00253196
0.20491 0.79509 0.00251754 0.00251754
0.20492 0.79508 0.00249791 0.00249791
0.20583 0.79417 0.0025362 0.0025362
0.20584 0.79416 0.0024086 0.0024086
0.20568 0.79432 0.00240252 0.00240252
0.20501 0.79499 0.00239379 0.00239379
0.20519 0.79481 0.00241361 0.00241361
0.20532 0.79468 0.00236456 0.00236456
0.20516 0.79484 0.00236428 0.00236428
0.20526 0.79474 0.00233832 0.00233832
0.20488 0.79512 0.00231807 0.00231807
0.20482 0.79518 0.00239094 0.00239094
0.20437 0.79563 0.0023846 0.0023846
0.20442 0.79558 0.00237879 0.00237879
0.20461 0.79539 0.00246905 0.00246905
0.20442 0.79558 0.00242833 0.00242833
0.20345 0.79655 0.00241213 0.00241213
0.20371 0.79629 0.00239576 0.00239576
0.20395 0.79605 0.0022971 0.0022971
0.20315 0.79685 0.00231922 0.00231922
0.20344 0.79656 0.00232007 0.00232007
0.20308 0.79692 0.00227199 0.00227199
0.20339 0.79661 0.00226073 0.00226073
0.20311 0.79689 0.00226481 0.00226481
0.2031 0.7969 0.00224098 0.00224098
0.20325 0.79675 0.00221152 0.00221152
0.20301 0.79699 0.00220755 0.00220755
0.20208 0.79792 0.00225519 0.00225519
0.20193 0.79807 0.00229154 0.00229154
0.2019 0.7981 0.00229761 0.00229761
0.20224 0.79776 0.00233045 0.00233045
0.20243 0.79757 0.00227867 0.00227867
0.20251 0.79749 0.00229205 0.00229205
0.20278 0.79722 0.0023728 0.0023728
0.20272 0.79728 0.00241628 0.00241628
0.20308 0.79692 0.0024567 0.0024567
0.2032 0.7968 0.00240206 0.00240206
0.20315 0.79685 0.0023776 0.0023776
0.20318 0.79682 0.00233997 0.00233997
0.20303 0.79697 0.0023629 0.0023629
0.20268 0.79732 0.00228854 0.00228854
0.20265 0.79735 0.00226928 0.00226928
0.20261 0.79739 0.0022343 0.0022343
0.20266 0.79734 0.00221027 0.00221027
0.20211 0.79789 0.00215468 0.00215468
0.20158 0.79842 0.00211384 0.00211384
0.20178 0.79822 0.00213581 0.00213581
0.20262 0.79738 0.00217678 0.00217678
0.20265 0.79735 0.00224362 0.00224362
0.20319 0.79681 0.00228793 0.00228793
0.20345 0.79655 0.0023276 0.0023276
0.20339 0.79661 0.00230909 0.00230909
0.204 0.796 0.00241782 0.00241782
0.20409 0.79591 0.00239459 0.00239459
0.20405 0.79595 0.00239451 0.00239451
0.20442 0.79558 0.00237089 0.00237089
0.20397 0.79603 0.00231924 0.00231924
0.20367 0.79633 0.00225113 0.00225113
0.20351 0.79649 0.00229383 0.00229383
0.20336 0.79664 0.00230852 0.00230852
0.20371 0.79629 0.00240211 0.00240211
0.20327 0.79673 0.0024098 0.0024098
0.20381 0.79619 0.00235094 0.00235094
0.20444 0.79556 0.00238784 0.00238784
0.20497 0.79503 0.00238433 0.00238433
0.20437 0.79563 0.00231512 0.00231512
0.2043 0.7957 0.00240866 0.00240866
0.20505 0.79495 0.00240708 0.00240708
0.20466 0.79534 0.00246372 0.00246372
0.20532 0.79468 0.00247133 0.00247133
0.20425 0.79575 0.00251498 0.00251498
0.20424 0.79576 0.00250459 0.00250459
0.20399 0.79601 0.00251272 0.00251272
0.20509 0.79491 0.00255152 0.00255152
0.20466 0.79534 0.00253463 0.00253463
0.20471 0.79529 0.00258193 0.00258193
0.20439 0.79561 0.00256456 0.00256456
0.2044 0.7956 0.00258802 0.00258802
0.2048 0.7952 0.0026076 0.0026076
0.20421 0.79579 0.00264358 0.00264358
0.20466 0.79534 0.00264461 0.00264461
0.20393 0.79607 0.0026039 0.0026039
0.20388 0.79612 0.00255948 0.00255948
0.204 0.796 0.00260277 0.00260277
0.20386 0.79614 0.00263063 0.00263063
0.20357 0.79643 0.00264172 0.00264172
0.20319 0.79681 0.00262957 0.00262957
0.20355 0.79645 0.00264981 0.00264981
0.20355 0.79645 0.00259878 0.00259878
0.20304 0.79696 0.00257277 0.00257277
0.20228 0.79772 0.00256521 0.00256521
0.20211 0.79789 0.00259485 0.00259485
0.20291 0.79709 0.00263334 0.00263334
0.20258 0.79742 0.00263332 0.00263332
0.20278 0.79722 0.00259353 0.00259353
0.20291 0.79709 0.00257008 0.00257008
0.20283 0.79717 0.00259695 0.00259695
0.20304 0.79696 0.00265584 0.00265584
0.20279 0.79721 0.00264698 0.00264698
0.20305 0.79695 0.00265605 0.00265605
0.20244 0.79756 0.00259564 0.00259564
0.20261 0.79739 0.00264561 0.00264561
0.20293 0.79707 0.00268174 0.00268174
0.20222 0.79778 0.0026607 0.0026607
0.20178 0.79822 0.0026467 0.0026467
0.20151 0.79849 0.0027088 0.0027088
0.20156 0.79844 0.00275881 0.00275881
