0.19918 0.80082 1.98663e-05 1.98663e-05
0.19942 0.80058 4.94178e-05 4.94178e-05
0.19955 0.80045 8.3846e-05 8.3846e-05
0.1994 0.8006 0.000109838 0.000109838
0.19964 0.80036 0.000157485 0.000157485
0.20009 0.79991 0.000197658 0.000197658
0.19907 0.80093 0.000231258 0.000231258
0.1987 0.8013 0.000264919 0.000264919
0.19813 0.80187 0.000328094 0.000328094
0.19844 0.80156 0.000391845 0.000391845
0.19832 0.80168 0.000416664 0.000416664
0.19881 0.80119 0.000462984 0.000462984
0.19864 0.80136 0.000465182 0.000465182
0.19804 0.80196 0.000487514 0.000487514
0.19789 0.80211 0.000505614 0.000505614
0.1973 0.8027 0.000528677 0.000528677
0.19747 0.80253 0.000573524 0.000573524
0.19734 0.80266 0.000615398 0.000615398
0.19735 0.80265 0.000604634 0.000604634
0.19725 0.80275 0.000617462 0.000617462
0.19824 0.80176 0.00064079 0.00064079
0.19822 0.80178 0.000624133 0.000624133
0.19882 0.80118 0.00062021 0.00062021
0.19946 0.80054 0.000667604 0.000667604
0.19845 0.80155 0.000686553 0.000686553
0.19922 0.80078 0.000701466 0.000701466
0.19942 0.80058 0.000723802 0.000723802
0.1987 0.8013 0.000691848 0.000691848
0.19849 0.80151 0.000732434 0.000732434
0.19848 0.80152 0.00075504 0.00075504
0.19834 0.80166 0.000747722 0.000747722
0.19883 0.80117 0.000812122 0.000812122
0.199 0.801 0.000828828 0.000828828
0.19918 0.80082 0.000824775 0.000824775
0.19893 0.80107 0.000846207 0.000846207
0.1994 0.8006 0.000842222 0.000842222
0.19876 0.80124 0.000798811 0.000798811
0.19907 0.80093 0.000782308 0.000782308
0.19949 0.80051 0.000804454 0.000804454
0.19934 0.80066 0.00083958 0.00083958
0.1995 0.8005 0.000835202 0.000835202
0.20008 0.79992 0.000823105 0.000823105
0.20026 0.79974 0.000822841 0.000822841
0.2007 0.7993 0.000823667 0.000823667
0.20049 0.79951 0.000865869 0.000865869
0.20012 0.79988 0.00088344 0.00088344
0.19991 0.80009 0.000898992 0.000898992
0.19977 0.80023 0.000883472 0.000883472
0.1991 0.8009 0.000864091 0.000864091
0.19928 0.80072 0.000835375 0.000835375
0.1992 0.8008 0.000810646 0.000810646
0.19953 0.80047 0.000812353 0.000812353
0.19937 0.80063 0.00083971 0.00083971
0.19878 0.80122 0.000817002 0.000817002
0.19875 0.80125 0.000805038 0.000805038
0.1987 0.8013 0.000802838 0.000802838
0.19915 0.80085 0.000792351 0.000792351
0.1998 0.8002 0.000773394 0.000773394
0.19995 0.80005 0.00080322 0.00080322
0.19992 0.80008 0.000766357 0.000766357
0.201 0.799 0.000783919 0.000783919
0.20033 0.79967 0.000808648 0.000808648
0.20036 0.79964 0.000791344 0.000791344
0.19968 0.80032 0.000797977 0.000797977
0.19933 0.80067 0.000838951 0.000838951
0.19917 0.80083 0.000861577 0.000861577
0.19861 0.80139 0.000846523 0.000846523
0.19847 0.80153 0.000866938 0.000866938
0.19824 0.80176 0.000840002 0.000840002
0.19874 0.80126 0.000846619 0.000846619
0.19881 0.80119 0.000792923 0.000792923
0.19874 0.80126 0.000761649 0.000761649
0.19894 0.80106 0.000810118 0.000810118
0.19822 0.80178 0.000807244 0.000807244
0.19816 0.80184 0.000790237 0.000790237
0.1976 0.8024 0.000759535 0.000759535
0.19764 0.80236 0.000772697 0.000772697
0.19797 0.80203 0.000800595 0.000800595
0.19844 0.80156 0.00079132 0.00079132
0.19851 0.80149 0.000833081 0.000833081
0.19805 0.80195 0.00079126 0.00079126
0.19852 0.80148 0.000847262 0.000847262
0.1984 0.8016 0.000839313 0.000839313
0.19873 0.80127 0.000839048 0.000839048
0.1984 0.8016 0.000811576 0.000811576
0.19754 0.80246 0.00080415 0.00080415
0.19763 0.80237 0.000841953 0.000841953
0.19767 0.80233 0.000861779 0.000861779
0.19771 0.80229 0.000852794 0.000852794
0.19806 0.80194 0.000831794 0.000831794
0.19766 0.80234 0.000858449 0.000858449
0.19793 0.80207 0.000889581 0.000889581
0.19758 0.80242 0.000870165 0.000870165
0.19797 0.80203 0.000892332 0.000892332
0.19789 0.80211 0.00090323 0.00090323
0.19751 0.80249 0.000869808 0.000869808
0.19705 0.80295 0.000842836 0.000842836
0.19741 0.80259 0.00086077 0.00086077
0.19789 0.80211 0.000871149 0.000871149
0.19836 0.80164 0.000861505 0.000861505
0.19825 0.80175 0.000839664 0.000839664
0.1989 0.8011 0.000872899 0.000872899
0.19878 0.80122 0.000889264 0.000889264
0.19863 0.80137 0.000870417 0.000870417
0.19872 0.80128 0.000858224 0.000858224
0.19868 0.80132 0.000811149 0.000811149
0.19866 0.80134 0.000863318 0.000863318
0.19953 0.80047 0.000859605 0.000859605
0.19896 0.80104 0.000871352 0.000871352
0.19879 0.80121 0.000875036 0.000875036
0.19882 0.80118 0.000886634 0.000886634
0.1997 0.8003 0.000888838 0.000888838
0.19951 0.80049 0.000874515 0.000874515
0.19933 0.80067 0.000897597 0.000897597
0.20031 0.79969 0.000919933 0.000919933
0.19997 0.80003 0.000918837 0.000918837
0.20008 0.79992 0.000934398 0.000934398
0.20021 0.79979 0.000942531 0.000942531
0.1999 0.8001 0.000983667 0.000983667
0.19985 0.80015 0.000980028 0.000980028
0.20012 0.79988 0.000980551 0.000980551
0.2008 0.7992 0.000991737 0.000991737
0.20072 0.79928 0.00099883 0.00099883
0.20093 0.79907 0.00103754 0.00103754
0.20099 0.79901 0.00104009 0.00104009
0.20077 0.79923 0.00107487 0.00107487
0.19995 0.80005 0.00107017 0.00107017
0.20041 0.79959 0.00111942 0.00111942
0.19961 0.80039 0.0011364 0.0011364
0.19895 0.80105 0.00112282 0.00112282
0.19909 0.80091 0.00108695 0.00108695
0.1989 0.8011 0.00110187 0.00110187
0.19933 0.80067 0.00113344 0.00113344
0.19909 0.80091 0.00109144 0.00109144
0.19863 0.80137 0.00110696 0.00110696
0.19776 0.80224 0.00113598 0.00113598
0.19764 0.80236 0.00109088 0.00109088
0.19816 0.80184 0.00108395 0.00108395
0.19841 0.80159 0.00108469 0.00108469
0.19819 0.80181 0.00108508 0.00108508
0.19829 0.80171 0.00110534 0.00110534
0.19862 0.80138 0.00111305 0.00111305
0.19808 0.80192 0.00111977 0.00111977
0.19832 0.80168 0.00114095 0.00114095
0.19798 0.80202 0.00117628 0.00117628
0.19836 0.80164 0.00114575 0.00114575
0.19867 0.80133 0.00119392 0.00119392
0.19824 0.80176 0.00118673 0.00118673
0.19838 0.80162 0.00117583 0.00117583
0.19853 0.80147 0.001203 0.001203
0.19826 0.80174 0.00118785 0.00118785
0.19783 0.80217 0.00118651 0.00118651
0.19791 0.80209 0.00117879 0.00117879
0.19805 0.80195 0.00118764 0.00118764
0.19861 0.80139 0.00116733 0.00116733
0.19841 0.80159 0.00113513 0.00113513
0.19773 0.80227 0.00114519 0.00114519
0.19757 0.80243 0.00112366 0.00112366
0.19783 0.80217 0.00117657 0.00117657
0.19771 0.80229 0.00115439 0.00115439
0.19769 0.80231 0.00116169 0.00116169
0.19805 0.80195 0.0011629 0.0011629
0.19842 0.80158 0.00120922 0.00120922
0.19864 0.80136 0.00122898 0.00122898
0.19836 0.80164 0.00122567 0.00122567
0.19861 0.80139 0.00125283 0.00125283
0.19815 0.80185 0.00123417 0.00123417
0.19763 0.80237 0.00124908 0.00124908
0.1981 0.8019 0.00125185 0.00125185
0.1988 0.8012 0.00120422 0.00120422
0.19904 0.80096 0.00119998 0.00119998
0.19947 0.80053 0.0011949 0.0011949
0.19913 0.80087 0.00119577 0.00119577
0.19812 0.80188 0.00120651 0.00120651
0.19821 0.80179 0.00120314 0.00120314
0.19817 0.80183 0.00120923 0.00120923
0.19733 0.80267 0.00121632 0.00121632
0.19721 0.80279 0.00122429 0.00122429
0.19678 0.80322 0.00120292 0.00120292
0.19678 0.80322 0.00118745 0.00118745
0.1967 0.8033 0.00120823 0.00120823
0.19604 0.80396 0.00127212 0.00127212
0.196 0.804 0.0012564 0.0012564
0.19661 0.80339 0.00131438 0.00131438
0.19678 0.80322 0.00125341 0.00125341
0.19695 0.80305 0.00124536 0.00124536
0.19725 0.80275 0.00126084 0.00126084
0.19688 0.80312 0.00127374 0.00127374
0.19717 0.80283 0.00131247 0.00131247
0.19761 0.80239 0.00133464 0.00133464
0.1969 0.8031 0.00136876 0.00136876
0.19657 0.80343 0.00138087 0.00138087
0.19742 0.80258 0.00137669 0.00137669
0.19705 0.80295 0.00140312 0.00140312
0.19771 0.80229 0.00142154 0.00142154
0.19817 0.80183 0.00141434 0.00141434
0.19761 0.80239 0.00141584 0.00141584
0.19774 0.80226 0.00142127 0.00142127
0.19755 0.80245 0.00135647 0.00135647
0.1978 0.8022 0.00132323 0.00132323
0.19828 0.80172 0.00129475 0.00129475
0.19816 0.80184 0.00129678 0.00129678
0.19721 0.80279 0.00132795 0.00132795
0.19637 0.80363 0.00127874 0.00127874
0.19617 0.80383 0.0012842 0.0012842
0.19603 0.80397 0.00123973 0.00123973
0.19554 0.80446 0.00127253 0.00127253
0.19574 0.80426 0.00127036 0.00127036
0.19616 0.80384 0.00126408 0.00126408
0.19617 0.80383 0.0012619 0.0012619
0.19608 0.80392 0.00123302 0.00123302
0.19581 0.80419 0.00123947 0.00123947
0.19633 0.80367 0.00123834 0.00123834
0.196 0.804 0.0012457 0.0012457
0.19621 0.80379 0.0012911 0.0012911
0.19651 0.80349 0.0013212 0.0013212
0.19691 0.80309 0.00138523 0.00138523
0.19702 0.80298 0.00139317 0.00139317
0.1969 0.8031 0.00137524 0.00137524
0.19622 0.80378 0.00134248 0.00134248
0.19597 0.80403 0.00131981 0.00131981
0.19655 0.80345 0.00132356 0.00132356
0.19677 0.80323 0.00136858 0.00136858
0.19774 0.80226 0.00137165 0.00137165
0.19714 0.80286 0.00134208 0.00134208
0.1967 0.8033 0.00138882 0.00138882
0.19691 0.80309 0.00148687 0.00148687
0.19685 0.80315 0.00150292 0.00150292
0.19725 0.80275 0.00148742 0.00148742
0.19735 0.80265 0.00145742 0.00145742
0.19773 0.80227 0.001536 0.001536
0.19783 0.80217 0.00156917 0.00156917
0.19877 0.80123 0.00153307 0.00153307
0.19843 0.80157 0.00151083 0.00151083
0.19802 0.80198 0.00148319 0.00148319
0.19789 0.80211 0.00145064 0.00145064
0.19753 0.80247 0.00136823 0.00136823
0.19781 0.80219 0.00142809 0.00142809
0.19717 0.80283 0.00137861 0.00137861
0.19752 0.80248 0.00135155 0.00135155
0.1971 0.8029 0.00143074 0.00143074
0.19699 0.80301 0.00142817 0.00142817
0.19659 0.80341 0.00144115 0.00144115
0.19704 0.80296 0.00148574 0.00148574
0.19747 0.80253 0.00153506 0.00153506
0.19748 0.80252 0.00153203 0.00153203
0.19732 0.80268 0.00156822 0.00156822
0.19773 0.80227 0.00158418 0.00158418
0.1973 0.8027 0.00153884 0.00153884
0.19782 0.80218 0.00156564 0.00156564
0.19772 0.80228 0.00153453 0.00153453
0.1981 0.8019 0.00156542 0.00156542
0.19769 0.80231 0.00162733 0.00162733
0.19793 0.80207 0.00168502 0.00168502
0.19842 0.80158 0.00167093 0.00167093
0.19839 0.80161 0.00167133 0.00167133
0.19847 0.80153 0.00175837 0.00175837
0.19862 0.80138 0.00178107 0.00178107
0.19813 0.80187 0.00174302 0.00174302
0.19866 0.80134 0.00183536 0.00183536
0.19803 0.80197 0.00183712 0.00183712
0.19757 0.80243 0.00182756 0.00182756
0.19754 0.80246 0.00178482 0.00178482
0.19744 0.80256 0.00172946 0.00172946
0.19692 0.80308 0.0016804 0.0016804
0.19762 0.80238 0.00169369 0.00169369
0.19781 0.80219 0.0017223 0.0017223
0.19782 0.80218 0.00174116 0.00174116
0.19768 0.80232 0.00165345 0.00165345
0.19762 0.80238 0.00168068 0.00168068
0.19803 0.80197 0.0016967 0.0016967
0.19794 0.80206 0.001658 0.001658
0.19751 0.80249 0.00164235 0.00164235
0.19764 0.80236 0.00161654 0.00161654
0.19794 0.80206 0.00163622 0.00163622
0.19816 0.80184 0.00165739 0.00165739
0.19777 0.80223 0.00172246 0.00172246
0.19762 0.80238 0.00181012 0.00181012
0.19775 0.80225 0.00175308 0.00175308
0.19802 0.80198 0.00171093 0.00171093
0.19823 0.80177 0.00172717 0.00172717
0.19844 0.80156 0.00165496 0.00165496
0.19843 0.80157 0.00168526 0.00168526
0.19833 0.80167 0.00168368 0.00168368
0.19859 0.80141 0.00168592 0.00168592
0.19827 0.80173 0.00168264 0.00168264
0.19858 0.80142 0.00166677 0.00166677
0.19819 0.80181 0.00165434 0.00165434
0.19783 0.80217 0.00171764 0.00171764
0.19752 0.80248 0.00175205 0.00175205
0.19722 0.80278 0.00173017 0.00173017
0.19718 0.80282 0.00171924 0.00171924
0.19754 0.80246 0.00170092 0.00170092
0.19785 0.80215 0.00163296 0.00163296
0.19852 0.80148 0.00168211 0.00168211
0.19886 0.80114 0.00171891 0.00171891
0.19849 0.80151 0.00173355 0.00173355
0.19829 0.80171 0.00170883 0.00170883
0.19877 0.80123 0.00169365 0.00169365
0.19804 0.80196 0.00163675 0.00163675
0.19795 0.80205 0.00164579 0.00164579
0.19821 0.80179 0.00171079 0.00171079
0.19838 0.80162 0.00179012 0.00179012
0.19831 0.80169 0.00186088 0.00186088
0.1986 0.8014 0.00186212 0.00186212
0.19893 0.80107 0.00185704 0.00185704
0.199 0.801 0.00195857 0.00195857
0.19917 0.80083 0.00194463 0.00194463
0.2002 0.7998 0.00196646 0.00196646
0.20028 0.79972 0.00200362 0.00200362
0.1999 0.8001 0.00204041 0.00204041
0.19966 0.80034 0.00196501 0.00196501
0.19953 0.80047 0.00200245 0.00200245
0.20012 0.79988 0.00198687 0.00198687
0.19953 0.80047 0.00201694 0.00201694
0.19915 0.80085 0.00204154 0.00204154
0.1989 0.8011 0.00194193 0.00194193
0.19883 0.80117 0.00197877 0.00197877
0.19917 0.80083 0.00197578 0.00197578
0.19836 0.80164 0.00190805 0.00190805
0.19878 0.80122 0.00187862 0.00187862
0.19772 0.80228 0.00184216 0.00184216
0.19799 0.80201 0.00184241 0.00184241
0.19818 0.80182 0.00185158 0.00185158
0.19809 0.80191 0.00190182 0.00190182
0.19808 0.80192 0.00189218 0.00189218
0.19783 0.80217 0.00188529 0.00188529
0.19717 0.80283 0.0018859 0.0018859
0.1977 0.8023 0.00187252 0.00187252
0.19816 0.80184 0.00193274 0.00193274
0.1979 0.8021 0.00199262 0.00199262
0.19811 0.80189 0.00196091 0.00196091
0.19885 0.80115 0.0018815 0.0018815
0.19812 0.80188 0.00184514 0.00184514
0.19817 0.80183 0.00178012 0.00178012
0.19821 0.80179 0.00173245 0.00173245
0.19793 0.80207 0.00167681 0.00167681
0.19779 0.80221 0.00172324 0.00172324
0.19816 0.80184 0.00176476 0.00176476
0.19814 0.80186 0.00175505 0.00175505
0.19841 0.80159 0.00179929 0.00179929
0.1989 0.8011 0.00181847 0.00181847
0.19891 0.80109 0.00187111 0.00187111
0.19903 0.80097 0.00184706 0.00184706
0.19833 0.80167 0.00190923 0.00190923
0.19775 0.80225 0.00196187 0.00196187
0.19783 0.80217 0.00196915 0.00196915
0.19762 0.80238 0.00196931 0.00196931
0.19758 0.80242 0.00200986 0.00200986
0.19753 0.80247 0.00197443 0.00197443
0.19788 0.80212 0.00204459 0.00204459
0.19817 0.80183 0.00207253 0.00207253
0.19814 0.80186 0.00203218 0.00203218
0.1979 0.8021 0.0020407 0.0020407
0.19803 0.80197 0.00203251 0.00203251
0.1977 0.8023 0.00199999 0.00199999
0.19802 0.80198 0.00203723 0.00203723
0.19786 0.80214 0.00200861 0.00200861
0.19842 0.80158 0.00202823 0.00202823
0.19845 0.80155 0.0020656 0.0020656
0.19917 0.80083 0.00207182 0.00207182
0.19926 0.80074 0.00206512 0.00206512
0.19981 0.80019 0.00209173 0.00209173
0.19928 0.80072 0.00203127 0.00203127
0.19946 0.80054 0.00198554 0.00198554
0.19962 0.80038 0.00196682 0.00196682
0.19971 0.80029 0.00197869 0.00197869
0.19954 0.80046 0.0019955 0.0019955
0.19986 0.80014 0.00202689 0.00202689
0.19939 0.80061 0.00201301 0.00201301
0.19973 0.80027 0.00203085 0.00203085
0.20011 0.79989 0.00197256 0.00197256
0.2 0.8 0.00197782 0.00197782
0.19971 0.80029 0.00197199 0.00197199
0.19999 0.80001 0.00198122 0.00198122
0.20011 0.79989 0.00198268 0.00198268
0.20048 0.79952 0.00200124 0.00200124
0.20048 0.79952 0.00194001 0.00194001
0.20025 0.79975 0.00191589 0.00191589
0.19988 0.80012 0.00190746 0.00190746
0.20094 0.79906 0.00189979 0.00189979
0.20077 0.79923 0.00193228 0.00193228
0.20085 0.79915 0.00196633 0.00196633
0.20042 0.79958 0.00203071 0.00203071
0.19989 0.80011 0.00203525 0.00203525
0.19992 0.80008 0.00203343 0.00203343
0.20046 0.79954 0.0020531 0.0020531
0.19999 0.80001 0.00207856 0.00207856
0.20035 0.79965 0.00210514 0.00210514
0.20034 0.79966 0.00211742 0.00211742
0.19964 0.80036 0.00208803 0.00208803
0.20016 0.79984 0.0020785 0.0020785
0.19986 0.80014 0.00205832 0.00205832
0.19992 0.80008 0.00206676 0.00206676
0.19958 0.80042 0.00202477 0.00202477
0.19949 0.80051 0.00199336 0.00199336
0.19929 0.80071 0.00200467 0.00200467
0.1992 0.8008 0.00200667 0.00200667
0.19938 0.80062 0.0020087 0.0020087
0.19936 0.80064 0.00197041 0.00197041
0.19931 0.80069 0.0019705 0.0019705
0.19888 0.80112 0.00195441 0.00195441
0.19945 0.80055 0.00201641 0.00201641
0.19919 0.80081 0.00198272 0.00198272
0.19926 0.80074 0.00193254 0.00193254
0.19856 0.80144 0.00199995 0.00199995
0.19858 0.80142 0.00203497 0.00203497
0.19892 0.80108 0.00204733 0.00204733
0.19948 0.80052 0.00202658 0.00202658
0.19944 0.80056 0.00200451 0.00200451
0.20012 0.79988 0.00204718 0.00204718
0.19932 0.80068 0.00200727 0.00200727
0.19907 0.80093 0.0020394 0.0020394
0.19965 0.80035 0.00199714 0.00199714
0.19975 0.80025 0.0019876 0.0019876
0.19913 0.80087 0.00200759 0.00200759
0.19903 0.80097 0.00200344 0.00200344
0.19963 0.80037 0.00203864 0.00203864
0.19952 0.80048 0.0020391 0.0020391
0.1996 0.8004 0.00204762 0.00204762
0.20025 0.79975 0.00199764 0.00199764
0.20083 0.79917 0.00204313 0.00204313
0.20097 0.79903 0.00205837 0.00205837
0.19982 0.80018 0.00202799 0.00202799
0.19921 0.80079 0.0020112 0.0020112
0.19904 0.80096 0.00197927 0.00197927
0.19954 0.80046 0.00197304 0.00197304
0.20006 0.79994 0.00191272 0.00191272
0.19992 0.80008 0.00194058 0.00194058
0.19961 0.80039 0.00194691 0.00194691
0.19969 0.80031 0.00202987 0.00202987
0.19935 0.80065 0.00210423 0.00210423
0.19886 0.80114 0.00209634 0.00209634
0.1988 0.8012 0.00208614 0.00208614
0.19912 0.80088 0.00210405 0.00210405
0.19868 0.80132 0.002066 0.002066
0.19855 0.80145 0.00206049 0.00206049
0.19848 0.80152 0.00198795 0.00198795
0.19899 0.80101 0.00198284 0.00198284
0.19852 0.80148 0.00203948 0.00203948
0.19823 0.80177 0.0020502 0.0020502
0.19861 0.80139 0.00202416 0.00202416
0.19855 0.80145 0.00195372 0.00195372
0.19877 0.80123 0.00194145 0.00194145
0.19869 0.80131 0.00197284 0.00197284
0.19946 0.80054 0.00200692 0.00200692
0.19921 0.80079 0.00205631 0.00205631
0.199 0.801 0.00206406 0.00206406
0.19959 0.80041 0.00204519 0.00204519
0.19972 0.80028 0.00206279 0.00206279
0.2006 0.7994 0.00205198 0.00205198
0.20068 0.79932 0.00205511 0.00205511
0.20096 0.79904 0.0020723 0.0020723
0.20098 0.79902 0.00204551 0.00204551
0.20106 0.79894 0.0020207 0.0020207
0.20164 0.79836 0.00206561 0.00206561
0.20056 0.79944 0.00205138 0.00205138
0.20005 0.79995 0.00203708 0.00203708
0.19972 0.80028 0.00210186 0.00210186
0.19938 0.80062 0.00215022 0.00215022
0.19957 0.80043 0.00209085 0.00209085
0.2001 0.7999 0.00208441 0.00208441
0.19979 0.80021 0.00213279 0.00213279
0.19962 0.80038 0.00206167 0.00206167
0.19972 0.80028 0.00206707 0.00206707
0.20041 0.79959 0.00208261 0.00208261
0.2007 0.7993 0.002147 0.002147
0.20085 0.79915 0.00215962 0.00215962
0.2002 0.7998 0.00212602 0.00212602
0.19908 0.80092 0.00210276 0.00210276
0.19935 0.80065 0.00203898 0.00203898
0.19871 0.80129 0.00208324 0.00208324
0.1982 0.8018 0.00207984 0.00207984
0.19887 0.80113 0.00208036 0.00208036
0.19915 0.80085 0.00200708 0.00200708
0.19874 0.80126 0.00201129 0.00201129
0.19897 0.80103 0.00208686 0.00208686
0.1984 0.8016 0.00214248 0.00214248
0.1982 0.8018 0.00214117 0.00214117
0.19826 0.80174 0.00213712 0.00213712
0.19817 0.80183 0.00215479 0.00215479
0.19772 0.80228 0.00218035 0.00218035
0.19776 0.80224 0.00221564 0.00221564
0.19822 0.80178 0.00222427 0.00222427
0.19809 0.80191 0.00221441 0.00221441
0.19804 0.80196 0.00215285 0.00215285
0.19837 0.80163 0.00218858 0.00218858
0.19842 0.80158 0.0021597 0.0021597
0.1981 0.8019 0.00220872 0.00220872
0.19783 0.80217 0.00225152 0.00225152
0.19807 0.80193 0.00225875 0.00225875
0.1981 0.8019 0.00227789 0.00227789
0.19821 0.80179 0.00234653 0.00234653
0.19793 0.80207 0.00233784 0.00233784
0.19767 0.80233 0.00234729 0.00234729
0.19813 0.80187 0.00235908 0.00235908
0.19862 0.80138 0.00236355 0.00236355
0.1994 0.8006 0.00235543 0.00235543
0.19883 0.80117 0.0023343 0.0023343
0.19978 0.80022 0.00240658 0.00240658
