0.19912 0.80088 2.22077e-05 2.22077e-05
0.19883 0.80117 6.97183e-05 6.97183e-05
0.1985 0.8015 0.000102838 0.000102838
0.19792 0.80208 0.000136882 0.000136882
0.19653 0.80347 0.000167039 0.000167039
0.19667 0.80333 0.00021689 0.00021689
0.19617 0.80383 0.000259961 0.000259961
0.19563 0.80437 0.000317629 0.000317629
0.19516 0.80484 0.000335388 0.000335388
0.19544 0.80456 0.000374976 0.000374976
0.19526 0.80474 0.000414154 0.000414154
0.19488 0.80512 0.000436713 0.000436713
0.19416 0.80584 0.000470257 0.000470257
0.19421 0.80579 0.00049839 0.00049839
0.19399 0.80601 0.000524899 0.000524899
0.19389 0.80611 0.000567291 0.000567291
0.19412 0.80588 0.000580996 0.000580996
0.19424 0.80576 0.000611477 0.000611477
0.19415 0.80585 0.000604472 0.000604472
0.1944 0.8056 0.000634626 0.000634626
0.19466 0.80534 0.000652388 0.000652388
0.19508 0.80492 0.00071161 0.00071161
0.19552 0.80448 0.000713 0.000713
0.19506 0.80494 0.000746077 0.000746077
0.19494 0.80506 0.000751208 0.000751208
0.19485 0.80515 0.000734614 0.000734614
0.19466 0.80534 0.000704025 0.000704025
0.19497 0.80503 0.000716474 0.000716474
0.19386 0.80614 0.000704687 0.000704687
0.19344 0.80656 0.00068736 0.00068736
0.19287 0.80713 0.000663831 0.000663831
0.19303 0.80697 0.000664858 0.000664858
0.19339 0.80661 0.000639493 0.000639493
0.19348 0.80652 0.000644959 0.000644959
0.19347 0.80653 0.00066809 0.00066809
0.19439 0.80561 0.000712604 0.000712604
0.19396 0.80604 0.000781554 0.000781554
0.19432 0.80568 0.000810806 0.000810806
0.19437 0.80563 0.000785609 0.000785609
0.19413 0.80587 0.000762619 0.000762619
0.19486 0.80514 0.000772 0.000772
0.19481 0.80519 0.000758802 0.000758802
0.19451 0.80549 0.000751646 0.000751646
0.19446 0.80554 0.000756413 0.000756413
0.19498 0.80502 0.000733919 0.000733919
0.19532 0.80468 0.000730523 0.000730523
0.1951 0.8049 0.000743768 0.000743768
0.19463 0.80537 0.000755569 0.000755569
0.19458 0.80542 0.000782145 0.000782145
0.19448 0.80552 0.000792434 0.000792434
0.1942 0.8058 0.000794788 0.000794788
0.19397 0.80603 0.000811504 0.000811504
0.19431 0.80569 0.000802782 0.000802782
0.19518 0.80482 0.000798351 0.000798351
0.1953 0.8047 0.000783202 0.000783202
0.19482 0.80518 0.00075326 0.00075326
0.19485 0.80515 0.000789684 0.000789684
0.19464 0.80536 0.000832556 0.000832556
0.19469 0.80531 0.00082963 0.00082963
0.19403 0.80597 0.000842373 0.000842373
0.19382 0.80618 0.000850472 0.000850472
0.19354 0.80646 0.000822776 0.000822776
0.19405 0.80595 0.000824634 0.000824634
0.19366 0.80634 0.000814307 0.000814307
0.19388 0.80612 0.000797076 0.000797076
0.19383 0.80617 0.000812668 0.000812668
0.19412 0.80588 0.000829682 0.000829682
0.19457 0.80543 0.000850995 0.000850995
0.19434 0.80566 0.000871075 0.000871075
0.19433 0.80567 0.00087093 0.00087093
0.19456 0.80544 0.000878006 0.000878006
0.19474 0.80526 0.000919002 0.000919002
0.19433 0.80567 0.000923779 0.000923779
0.19404 0.80596 0.000931231 0.000931231
0.19383 0.80617 0.000939011 0.000939011
0.19371 0.80629 0.000924107 0.000924107
0.19394 0.80606 0.000905774 0.000905774
0.19369 0.80631 0.000904398 0.000904398
0.19423 0.80577 0.00087626 0.00087626
0.19404 0.80596 0.000887029 0.000887029
0.19384 0.80616 0.000913691 0.000913691
0.19404 0.80596 0.000886221 0.000886221
0.19353 0.80647 0.000873989 0.000873989
0.19454 0.80546 0.000913322 0.000913322
0.19519 0.80481 0.000957004 0.000957004
0.19513 0.80487 0.000932114 0.000932114
0.19477 0.80523 0.000919027 0.000919027
0.19545 0.80455 0.000917078 0.000917078
0.19528 0.80472 0.000937981 0.000937981
0.19479 0.80521 0.00096445 0.00096445
0.19525 0.80475 0.000940937 0.000940937
0.19508 0.80492 0.000929994 0.000929994
0.19461 0.80539 0.000953473 0.000953473
0.195 0.805 0.000964364 0.000964364
0.19421 0.80579 0.000985642 0.000985642
0.1942 0.8058 0.000995414 0.000995414
0.19414 0.80586 0.000995556 0.000995556
0.19386 0.80614 0.00103604 0.00103604
0.19419 0.80581 0.00104923 0.00104923
0.19328 0.80672 0.00102382 0.00102382
0.19305 0.80695 0.00105273 0.00105273
0.19281 0.80719 0.00106993 0.00106993
0.19266 0.80734 0.00102017 0.00102017
0.19261 0.80739 0.00106677 0.00106677
0.19247 0.80753 0.00106641 0.00106641
0.19268 0.80732 0.00112521 0.00112521
0.19261 0.80739 0.00112125 0.00112125
0.19257 0.80743 0.00110043 0.00110043
0.19329 0.80671 0.00112683 0.00112683
0.1931 0.8069 0.00112781 0.00112781
0.19335 0.80665 0.001073 0.001073
0.19378 0.80622 0.00104292 0.00104292
0.19363 0.80637 0.00104171 0.00104171
0.19396 0.80604 0.00102968 0.00102968
0.19395 0.80605 0.00103061 0.00103061
0.19473 0.80527 0.00102701 0.00102701
0.195 0.805 0.00105558 0.00105558
0.19519 0.80481 0.00106191 0.00106191
0.19489 0.80511 0.00105412 0.00105412
0.1948 0.8052 0.00108586 0.00108586
0.19477 0.80523 0.00109868 0.00109868
0.19486 0.80514 0.00109491 0.00109491
0.19495 0.80505 0.00117871 0.00117871
0.19575 0.80425 0.00117451 0.00117451
0.19624 0.80376 0.00120287 0.00120287
0.19598 0.80402 0.001188 0.001188
0.19593 0.80407 0.00121049 0.00121049
0.19571 0.80429 0.00117475 0.00117475
0.1955 0.8045 0.0011669 0.0011669
0.19598 0.80402 0.00114812 0.00114812
0.19574 0.80426 0.00117791 0.00117791
0.1959 0.8041 0.00115393 0.00115393
0.19602 0.80398 0.00115026 0.00115026
0.19642 0.80358 0.0011258 0.0011258
0.19706 0.80294 0.00108438 0.00108438
0.19662 0.80338 0.00110844 0.00110844
0.19617 0.80383 0.00113927 0.00113927
0.19609 0.80391 0.00116475 0.00116475
0.19579 0.80421 0.00121382 0.00121382
0.1956 0.8044 0.00123705 0.00123705
0.19532 0.80468 0.00118551 0.00118551
0.19602 0.80398 0.00116465 0.00116465
0.19644 0.80356 0.00114823 0.00114823
0.19535 0.80465 0.00118902 0.00118902
0.19491 0.80509 0.00118099 0.00118099
0.1952 0.8048 0.00116131 0.00116131
0.19495 0.80505 0.00117762 0.00117762
0.19519 0.80481 0.00119646 0.00119646
0.19543 0.80457 0.00123178 0.00123178
0.1954 0.8046 0.00129002 0.00129002
0.19554 0.80446 0.00129348 0.00129348
0.19594 0.80406 0.00128204 0.00128204
0.19509 0.80491 0.00126226 0.00126226
0.19453 0.80547 0.00130092 0.00130092
0.19508 0.80492 0.00132401 0.00132401
0.19572 0.80428 0.00134412 0.00134412
0.19599 0.80401 0.00133961 0.00133961
0.19593 0.80407 0.00133489 0.00133489
0.19546 0.80454 0.00129152 0.00129152
0.19609 0.80391 0.00130796 0.00130796
0.19537 0.80463 0.00125308 0.00125308
0.19457 0.80543 0.00123174 0.00123174
0.19465 0.80535 0.00124118 0.00124118
0.19447 0.80553 0.00126813 0.00126813
0.19467 0.80533 0.0012141 0.0012141
0.19425 0.80575 0.00118219 0.00118219
0.19395 0.80605 0.00117528 0.00117528
0.19435 0.80565 0.00119494 0.00119494
0.19473 0.80527 0.00116939 0.00116939
0.19452 0.80548 0.00119918 0.00119918
0.19441 0.80559 0.00117707 0.00117707
0.19374 0.80626 0.00117714 0.00117714
0.19374 0.80626 0.00117759 0.00117759
0.19311 0.80689 0.00119064 0.00119064
0.19369 0.80631 0.00122159 0.00122159
0.19333 0.80667 0.00123424 0.00123424
0.19447 0.80553 0.00126698 0.00126698
0.19412 0.80588 0.00133073 0.00133073
0.19424 0.80576 0.00132344 0.00132344
0.19404 0.80596 0.00126281 0.00126281
0.19436 0.80564 0.00126751 0.00126751
0.19413 0.80587 0.00130169 0.00130169
0.19385 0.80615 0.00127251 0.00127251
0.1943 0.8057 0.00123342 0.00123342
0.19434 0.80566 0.0012412 0.0012412
0.19375 0.80625 0.00124017 0.00124017
0.19397 0.80603 0.00126795 0.00126795
0.19402 0.80598 0.00126182 0.00126182
0.19438 0.80562 0.00124301 0.00124301
0.19372 0.80628 0.0012302 0.0012302
0.19383 0.80617 0.00122426 0.00122426
0.19394 0.80606 0.00125161 0.00125161
0.19347 0.80653 0.00120296 0.00120296
0.19356 0.80644 0.00126857 0.00126857
0.19383 0.80617 0.00129655 0.00129655
0.19434 0.80566 0.00132043 0.00132043
0.19432 0.80568 0.00135378 0.00135378
0.19459 0.80541 0.00135929 0.00135929
0.19426 0.80574 0.00139393 0.00139393
0.19394 0.80606 0.00134923 0.00134923
0.19417 0.80583 0.00136838 0.00136838
0.19452 0.80548 0.0014409 0.0014409
0.1946 0.8054 0.00144248 0.00144248
0.19444 0.80556 0.00149613 0.00149613
0.19374 0.80626 0.0014712 0.0014712
0.19454 0.80546 0.00144805 0.00144805
0.19438 0.80562 0.0014683 0.0014683
0.19407 0.80593 0.00147984 0.00147984
0.19387 0.80613 0.00148316 0.00148316
0.19463 0.80537 0.00144042 0.00144042
0.19511 0.80489 0.00146711 0.00146711
0.19501 0.80499 0.00145858 0.00145858
0.19468 0.80532 0.00144432 0.00144432
0.19441 0.80559 0.00140435 0.00140435
0.19413 0.80587 0.0013588 0.0013588
0.19432 0.80568 0.00139188 0.00139188
0.19407 0.80593 0.0014174 0.0014174
0.19404 0.80596 0.00146422 0.00146422
0.1937 0.8063 0.00144296 0.00144296
0.19363 0.80637 0.00145357 0.00145357
0.19464 0.80536 0.00144199 0.00144199
0.19431 0.80569 0.00143258 0.00143258
0.194 0.806 0.001456 0.001456
0.19446 0.80554 0.00144504 0.00144504
0.19516 0.80484 0.00144781 0.00144781
0.1962 0.8038 0.00145408 0.00145408
0.19664 0.80336 0.00139932 0.00139932
0.19679 0.80321 0.00142007 0.00142007
0.19635 0.80365 0.00139227 0.00139227
0.19573 0.80427 0.00142266 0.00142266
0.19554 0.80446 0.00142924 0.00142924
0.19515 0.80485 0.00143825 0.00143825
0.19591 0.80409 0.00148721 0.00148721
0.1962 0.8038 0.00145436 0.00145436
0.19605 0.80395 0.00144552 0.00144552
0.19534 0.80466 0.00140265 0.00140265
0.19572 0.80428 0.00143006 0.00143006
0.19569 0.80431 0.00141094 0.00141094
0.19585 0.80415 0.00139399 0.00139399
0.19629 0.80371 0.00137538 0.00137538
0.1967 0.8033 0.00145688 0.00145688
0.19628 0.80372 0.00142279 0.00142279
0.19669 0.80331 0.0014248 0.0014248
0.19652 0.80348 0.00143138 0.00143138
0.19615 0.80385 0.00135005 0.00135005
0.19596 0.80404 0.00135184 0.00135184
0.19594 0.80406 0.00130903 0.00130903
0.19568 0.80432 0.00132008 0.00132008
0.1959 0.8041 0.00134239 0.00134239
0.1966 0.8034 0.00130984 0.00130984
0.19622 0.80378 0.00136223 0.00136223
0.19635 0.80365 0.0013752 0.0013752
0.19686 0.80314 0.00139224 0.00139224
0.19697 0.80303 0.00139223 0.00139223
0.19694 0.80306 0.00139529 0.00139529
0.19675 0.80325 0.00137837 0.00137837
0.19603 0.80397 0.00141363 0.00141363
0.19614 0.80386 0.00139871 0.00139871
0.19661 0.80339 0.00144873 0.00144873
0.1967 0.8033 0.00146522 0.00146522
0.19643 0.80357 0.00146106 0.00146106
0.19663 0.80337 0.00148626 0.00148626
0.19703 0.80297 0.00150746 0.00150746
0.19722 0.80278 0.00146833 0.00146833
0.19701 0.80299 0.00144029 0.00144029
0.19607 0.80393 0.0014276 0.0014276
0.19678 0.80322 0.00145274 0.00145274
0.196 0.804 0.00145051 0.00145051
0.19567 0.80433 0.00146049 0.00146049
0.19646 0.80354 0.00151468 0.00151468
0.19547 0.80453 0.00151924 0.00151924
0.19552 0.80448 0.00148971 0.00148971
0.19555 0.80445 0.00147878 0.00147878
0.19564 0.80436 0.00152488 0.00152488
0.19562 0.80438 0.00152798 0.00152798
0.19523 0.80477 0.00154483 0.00154483
0.19572 0.80428 0.00156408 0.00156408
0.1955 0.8045 0.00155635 0.00155635
0.19491 0.80509 0.00152982 0.00152982
0.1949 0.8051 0.00154627 0.00154627
0.19517 0.80483 0.00155259 0.00155259
0.19534 0.80466 0.0015517 0.0015517
0.19512 0.80488 0.00154182 0.00154182
0.19503 0.80497 0.00152417 0.00152417
0.19515 0.80485 0.00153084 0.00153084
0.19509 0.80491 0.00151014 0.00151014
0.19551 0.80449 0.00155359 0.00155359
0.1957 0.8043 0.00155153 0.00155153
0.19569 0.80431 0.0016044 0.0016044
0.19518 0.80482 0.00153579 0.00153579
0.1957 0.8043 0.00154054 0.00154054
0.19574 0.80426 0.0015407 0.0015407
0.19519 0.80481 0.00153389 0.00153389
0.1951 0.8049 0.00151698 0.00151698
0.19564 0.80436 0.00160056 0.00160056
0.19549 0.80451 0.00161262 0.00161262
0.19511 0.80489 0.00161535 0.00161535
0.19415 0.80585 0.00159827 0.00159827
0.19435 0.80565 0.00161791 0.00161791
0.19442 0.80558 0.00157924 0.00157924
0.19421 0.80579 0.00155166 0.00155166
0.19384 0.80616 0.00160321 0.00160321
0.19356 0.80644 0.0016312 0.0016312
0.1932 0.8068 0.0016176 0.0016176
0.19292 0.80708 0.0016163 0.0016163
0.1928 0.8072 0.00158564 0.00158564
0.19295 0.80705 0.00159122 0.00159122
0.19313 0.80687 0.00157549 0.00157549
0.1936 0.8064 0.00152158 0.00152158
0.19364 0.80636 0.00154524 0.00154524
0.19362 0.80638 0.00159198 0.00159198
0.194 0.806 0.00159248 0.00159248
0.19408 0.80592 0.00157418 0.00157418
0.19494 0.80506 0.0015625 0.0015625
0.19433 0.80567 0.00156598 0.00156598
0.19388 0.80612 0.00163792 0.00163792
0.1938 0.8062 0.00163719 0.00163719
0.19333 0.80667 0.00165158 0.00165158
0.19274 0.80726 0.00170825 0.00170825
0.19256 0.80744 0.00172039 0.00172039
0.19246 0.80754 0.00181451 0.00181451
0.1927 0.8073 0.00181807 0.00181807
0.19246 0.80754 0.00175059 0.00175059
0.19239 0.80761 0.0017422 0.0017422
0.19191 0.80809 0.00174235 0.00174235
0.19219 0.80781 0.00177278 0.00177278
0.19214 0.80786 0.00176695 0.00176695
0.19267 0.80733 0.00174582 0.00174582
0.19285 0.80715 0.00172465 0.00172465
0.19298 0.80702 0.00171576 0.00171576
0.1926 0.8074 0.00174004 0.00174004
0.19217 0.80783 0.0017216 0.0017216
0.19254 0.80746 0.00170843 0.00170843
0.193 0.807 0.0017421 0.0017421
0.19305 0.80695 0.00170926 0.00170926
0.19286 0.80714 0.00172612 0.00172612
0.19267 0.80733 0.00171283 0.00171283
0.19174 0.80826 0.0016983 0.0016983
0.19167 0.80833 0.00169113 0.00169113
0.19165 0.80835 0.00169189 0.00169189
0.19164 0.80836 0.00173805 0.00173805
0.19133 0.80867 0.00165624 0.00165624
0.19125 0.80875 0.00169318 0.00169318
0.1916 0.8084 0.00163964 0.00163964
0.19234 0.80766 0.00171847 0.00171847
0.19263 0.80737 0.00174569 0.00174569
0.19188 0.80812 0.00176825 0.00176825
0.19157 0.80843 0.0017893 0.0017893
0.19153 0.80847 0.0017712 0.0017712
0.19075 0.80925 0.00177554 0.00177554
0.19048 0.80952 0.00182995 0.00182995
0.19058 0.80942 0.00186724 0.00186724
0.19055 0.80945 0.00186415 0.00186415
0.19061 0.80939 0.00192555 0.00192555
0.19052 0.80948 0.00197256 0.00197256
0.1905 0.8095 0.0019591 0.0019591
0.19096 0.80904 0.00193048 0.00193048
0.19037 0.80963 0.00192084 0.00192084
0.19006 0.80994 0.00191123 0.00191123
0.19057 0.80943 0.00194427 0.00194427
0.19111 0.80889 0.00195232 0.00195232
0.19092 0.80908 0.00194842 0.00194842
0.19006 0.80994 0.00188313 0.00188313
0.19011 0.80989 0.00185616 0.00185616
0.19031 0.80969 0.00187587 0.00187587
0.18965 0.81035 0.00184007 0.00184007
0.18942 0.81058 0.00179318 0.00179318
0.18925 0.81075 0.00176667 0.00176667
0.18953 0.81047 0.00184567 0.00184567
0.18955 0.81045 0.00185383 0.00185383
0.18956 0.81044 0.00185829 0.00185829
0.1894 0.8106 0.00187582 0.00187582
0.18955 0.81045 0.00191823 0.00191823
0.1894 0.8106 0.00189596 0.00189596
0.18949 0.81051 0.00190256 0.00190256
0.18978 0.81022 0.00194747 0.00194747
0.19044 0.80956 0.001931 0.001931
0.19031 0.80969 0.00196355 0.00196355
0.19015 0.80985 0.00197742 0.00197742
0.19007 0.80993 0.00192134 0.00192134
0.19051 0.80949 0.0019267 0.0019267
0.19035 0.80965 0.00191785 0.00191785
0.19064 0.80936 0.00192377 0.00192377
0.19116 0.80884 0.00190898 0.00190898
0.19092 0.80908 0.00191781 0.00191781
0.19078 0.80922 0.00197696 0.00197696
0.19009 0.80991 0.00193703 0.00193703
0.19 0.81 0.00191832 0.00191832
0.18976 0.81024 0.00189687 0.00189687
0.19012 0.80988 0.00192114 0.00192114
0.19021 0.80979 0.00196162 0.00196162
0.18985 0.81015 0.00192053 0.00192053
0.19014 0.80986 0.00188578 0.00188578
0.18997 0.81003 0.00185488 0.00185488
0.19004 0.80996 0.00183404 0.00183404
0.1903 0.8097 0.00185551 0.00185551
0.19071 0.80929 0.00190275 0.00190275
0.19052 0.80948 0.00189397 0.00189397
0.19077 0.80923 0.00190644 0.00190644
0.19087 0.80913 0.00199193 0.00199193
0.19057 0.80943 0.00196786 0.00196786
0.19006 0.80994 0.0019079 0.0019079
0.19023 0.80977 0.0019641 0.0019641
0.19021 0.80979 0.0019458 0.0019458
0.18993 0.81007 0.00194536 0.00194536
0.19038 0.80962 0.00195622 0.00195622
0.19053 0.80947 0.00198114 0.00198114
0.19057 0.80943 0.00202097 0.00202097
0.19029 0.80971 0.0019771 0.0019771
0.19032 0.80968 0.00197751 0.00197751
0.19024 0.80976 0.00202004 0.00202004
0.1902 0.8098 0.00196703 0.00196703
0.19064 0.80936 0.00197617 0.00197617
0.19009 0.80991 0.00198061 0.00198061
0.18963 0.81037 0.00198163 0.00198163
0.18984 0.81016 0.00197022 0.00197022
0.18999 0.81001 0.00189649 0.00189649
0.19003 0.80997 0.00190855 0.00190855
0.18971 0.81029 0.00194203 0.00194203
0.19028 0.80972 0.00198378 0.00198378
0.19047 0.80953 0.00196464 0.00196464
0.19036 0.80964 0.00194187 0.00194187
0.19045 0.80955 0.00192134 0.00192134
0.19012 0.80988 0.00198693 0.00198693
0.18978 0.81022 0.00197547 0.00197547
0.18997 0.81003 0.00200928 0.00200928
0.19034 0.80966 0.00201895 0.00201895
0.19061 0.80939 0.00201289 0.00201289
0.19063 0.80937 0.00207056 0.00207056
0.18965 0.81035 0.002041 0.002041
0.18957 0.81043 0.00204918 0.00204918
0.18904 0.81096 0.00200717 0.00200717
0.18878 0.81122 0.00197595 0.00197595
0.18902 0.81098 0.00202657 0.00202657
0.18941 0.81059 0.00199461 0.00199461
0.18926 0.81074 0.00201537 0.00201537
0.18914 0.81086 0.00198729 0.00198729
0.18926 0.81074 0.00203953 0.00203953
0.18911 0.81089 0.0020204 0.0020204
0.18887 0.81113 0.00205834 0.00205834
0.18853 0.81147 0.00205274 0.00205274
0.18859 0.81141 0.00208451 0.00208451
0.18861 0.81139 0.00209644 0.00209644
0.18879 0.81121 0.00205863 0.00205863
0.18825 0.81175 0.00201954 0.00201954
0.1885 0.8115 0.00200791 0.00200791
0.18846 0.81154 0.0020174 0.0020174
0.18853 0.81147 0.00204124 0.00204124
0.18859 0.81141 0.00207509 0.00207509
0.18864 0.81136 0.00205443 0.00205443
0.18821 0.81179 0.00203867 0.00203867
0.18797 0.81203 0.00210538 0.00210538
0.18771 0.81229 0.00214049 0.00214049
0.18822 0.81178 0.00215161 0.00215161
0.18812 0.81188 0.00218073 0.00218073
0.18777 0.81223 0.00225127 0.00225127
0.18741 0.81259 0.00223024 0.00223024
0.18766 0.81234 0.00221786 0.00221786
0.1877 0.8123 0.00222272 0.00222272
0.1878 0.8122 0.00225471 0.00225471
0.18806 0.81194 0.00230549 0.00230549
0.18807 0.81193 0.00234489 0.00234489
0.18777 0.81223 0.00230268 0.00230268
0.18679 0.81321 0.00224712 0.00224712
0.1863 0.8137 0.00220476 0.00220476
0.1863 0.8137 0.00228555 0.00228555
0.18665 0.81335 0.00227993 0.00227993
0.18695 0.81305 0.00226585 0.00226585
0.18721 0.81279 0.00224665 0.00224665
0.18736 0.81264 0.0022406 0.0022406
0.18788 0.81212 0.00225013 0.00225013
0.18832 0.81168 0.00231501 0.00231501
0.18757 0.81243 0.00229295 0.00229295
0.18689 0.81311 0.00232464 0.00232464
0.18687 0.81313 0.00233963 0.00233963
0.18639 0.81361 0.00236117 0.00236117
0.18628 0.81372 0.00231352 0.00231352
0.18634 0.81366 0.00233833 0.00233833
0.18649 0.81351 0.00233512 0.00233512
0.18604 0.81396 0.00230337 0.00230337
0.1857 0.8143 0.00237817 0.00237817
0.18565 0.81435 0.00243621 0.00243621
0.18607 0.81393 0.00240053 0.00240053
0.18631 0.81369 0.00236244 0.00236244
0.1865 0.8135 0.00235274 0.00235274
0.18625 0.81375 0.00241706 0.00241706
0.18618 0.81382 0.00236587 0.00236587
0.18652 0.81348 0.00235874 0.00235874
0.1872 0.8128 0.00240152 0.00240152
0.18704 0.81296 0.00235761 0.00235761
0.18734 0.81266 0.00234982 0.00234982
0.18768 0.81232 0.00241798 0.00241798
0.18773 0.81227 0.00238325 0.00238325
0.18781 0.81219 0.00233745 0.00233745
0.18788 0.81212 0.0023594 0.0023594
0.18793 0.81207 0.00242835 0.00242835
0.1878 0.8122 0.00238846 0.00238846
0.18808 0.81192 0.0024091 0.0024091
0.18814 0.81186 0.00242891 0.00242891
0.18863 0.81137 0.00242739 0.00242739
