0.50078 0.49922 2.0739e-05 2.0739e-05
0.50028 0.49972 4.65269e-05 4.65269e-05
0.49969 0.50031 6.71454e-05 6.71454e-05
0.49966 0.50034 0.000100934 0.000100934
0.49975 0.50025 0.000127321 0.000127321
0.49933 0.50067 0.000147839 0.000147839
0.49948 0.50052 0.000154313 0.000154313
0.49942 0.50058 0.000187256 0.000187256
0.49957 0.50043 0.000198167 0.000198167
0.4995 0.5005 0.000239747 0.000239747
0.49935 0.50065 0.000257563 0.000257563
0.49984 0.50016 0.000286035 0.000286035
0.50017 0.49983 0.000299698 0.000299698
0.49987 0.50013 0.000330074 0.000330074
0.4987 0.5013 0.000350556 0.000350556
0.49825 0.50175 0.000364311 0.000364311
0.49786 0.50214 0.000386081 0.000386081
0.49859 0.50141 0.000412285 0.000412285
0.49818 0.50182 0.00044627 0.00044627
0.49818 0.50182 0.000451886 0.000451886
0.4983 0.5017 0.000485162 0.000485162
0.4983 0.5017 0.000487182 0.000487182
0.49822 0.50178 0.000510961 0.000510961
0.49852 0.50148 0.000525626 0.000525626
0.49872 0.50128 0.000519032 0.000519032
0.49825 0.50175 0.000522593 0.000522593
0.49835 0.50165 0.000528068 0.000528068
0.49828 0.50172 0.000538567 0.000538567
0.49824 0.50176 0.000550447 0.000550447
0.49826 0.50174 0.000558033 0.000558033
0.49806 0.50194 0.000564097 0.000564097
0.49813 0.50187 0.000581448 0.000581448
0.49812 0.50188 0.000602955 0.000602955
0.49828 0.50172 0.000633476 0.000633476
0.49841 0.50159 0.000639739 0.000639739
0.49803 0.50197 0.000639221 0.000639221
0.4983 0.5017 0.000648737 0.000648737
0.49827 0.50173 0.000659189 0.000659189
0.49828 0.50172 0.000670446 0.000670446
0.49827 0.50173 0.000673472 0.000673472
0.49837 0.50163 0.000694559 0.000694559
0.49834 0.50166 0.000697479 0.000697479
0.49829 0.50171 0.000714996 0.000714996
0.4983 0.5017 0.000717707 0.000717707
0.49811 0.50189 0.000719574 0.000719574
0.49805 0.50195 0.000719381 0.000719381
0.49807 0.50193 0.000724429 0.000724429
0.49799 0.50201 0.000737202 0.000737202
0.49815 0.50185 0.000746068 0.000746068
0.49817 0.50183 0.000740446 0.000740446
0.49778 0.50222 0.000750779 0.000750779
0.49768 0.50232 0.000755068 0.000755068
0.49779 0.50221 0.000766046 0.000766046
0.49791 0.50209 0.000767881 0.000767881
0.49794 0.50206 0.000773067 0.000773067
0.49793 0.50207 0.000780066 0.000780066
0.49814 0.50186 0.000793798 0.000793798
0.49808 0.50192 0.000795428 0.000795428
0.49815 0.50185 0.000798816 0.000798816
0.49821 0.50179 0.000797056 0.000797056
0.49828 0.50172 0.000798729 0.000798729
0.49817 0.50183 0.000801637 0.000801637
0.49827 0.50173 0.000809714 0.000809714
0.49825 0.50175 0.000815523 0.000815523
0.49827 0.50173 0.000817108 0.000817108
0.49822 0.50178 0.000822093 0.000822093
0.49804 0.50196 0.000820382 0.000820382
0.4981 0.5019 0.000822636 0.000822636
0.49814 0.50186 0.000818889 0.000818889
0.49818 0.50182 0.000820917 0.000820917
0.49817 0.50183 0.000818809 0.000818809
0.49813 0.50187 0.000825932 0.000825932
0.49809 0.50191 0.000826669 0.000826669
0.49814 0.50186 0.000826849 0.000826849
0.49812 0.50188 0.000831299 0.000831299
0.49802 0.50198 0.000836 0.000836
0.49807 0.50193 0.000837076 0.000837076
0.49807 0.50193 0.000838611 0.000838611
0.49805 0.50195 0.000834694 0.000834694
0.49804 0.50196 0.000832584 0.000832584
0.49807 0.50193 0.000836611 0.000836611
0.49809 0.50191 0.000834951 0.000834951
0.4981 0.5019 0.000833242 0.000833242
0.49805 0.50195 0.000835624 0.000835624
0.49795 0.50205 0.000835503 0.000835503
0.49789 0.50211 0.000838119 0.000838119
0.49784 0.50216 0.000838944 0.000838944
0.49782 0.50218 0.000844432 0.000844432
0.49785 0.50215 0.000848432 0.000848432
0.4979 0.5021 0.000852414 0.000852414
0.49801 0.50199 0.000853727 0.000853727
0.498 0.502 0.000851737 0.000851737
0.49802 0.50198 0.000849818 0.000849818
0.49813 0.50187 0.000848599 0.000848599
0.49807 0.50193 0.000847864 0.000847864
0.49802 0.50198 0.000848303 0.000848303
0.49791 0.50209 0.000852972 0.000852972
0.49799 0.50201 0.00085298 0.00085298
0.49802 0.50198 0.000851858 0.000851858
0.49805 0.50195 0.000852896 0.000852896
0.49809 0.50191 0.000852891 0.000852891
0.49809 0.50191 0.000852285 0.000852285
0.49806 0.50194 0.000853229 0.000853229
0.49798 0.50202 0.000851818 0.000851818
0.49798 0.50202 0.000851939 0.000851939
0.49796 0.50204 0.000851756 0.000851756
0.49789 0.50211 0.000851069 0.000851069
0.49786 0.50214 0.000852505 0.000852505
0.49788 0.50212 0.000855137 0.000855137
0.49783 0.50217 0.000854951 0.000854951
0.49784 0.50216 0.000852459 0.000852459
0.49784 0.50216 0.000851671 0.000851671
0.49782 0.50218 0.000852998 0.000852998
0.49783 0.50217 0.000854728 0.000854728
0.49786 0.50214 0.000857192 0.000857192
0.49788 0.50212 0.000852592 0.000852592
0.49789 0.50211 0.000853372 0.000853372
0.49791 0.50209 0.000852547 0.000852547
0.49793 0.50207 0.000852955 0.000852955
0.49793 0.50207 0.000854046 0.000854046
0.49792 0.50208 0.00085361 0.00085361
0.49797 0.50203 0.000856151 0.000856151
0.498 0.502 0.000854182 0.000854182
0.49806 0.50194 0.000857451 0.000857451
0.49801 0.50199 0.000854131 0.000854131
0.49797 0.50203 0.000856938 0.000856938
0.49794 0.50206 0.000857895 0.000857895
0.49794 0.50206 0.000858986 0.000858986
0.4979 0.5021 0.000856475 0.000856475
0.49785 0.50215 0.00085629 0.00085629
0.49788 0.50212 0.000857177 0.000857177
0.49787 0.50213 0.000855589 0.000855589
0.49787 0.50213 0.000855589 0.000855589
0.49787 0.50213 0.000856922 0.000856922
0.49789 0.50211 0.000857917 0.000857917
0.49789 0.50211 0.000858139 0.000858139
0.49789 0.50211 0.000859008 0.000859008
0.49788 0.50212 0.000860046 0.000860046
0.49788 0.50212 0.000859097 0.000859097
0.49784 0.50216 0.000859408 0.000859408
0.49784 0.50216 0.000858964 0.000858964
0.49781 0.50219 0.000858418 0.000858418
0.49783 0.50217 0.000857132 0.000857132
0.49783 0.50217 0.000857153 0.000857153
0.49781 0.50219 0.000856964 0.000856964
0.49784 0.50216 0.000856863 0.000856863
0.49784 0.50216 0.000857105 0.000857105
0.49784 0.50216 0.000854681 0.000854681
0.49782 0.50218 0.000854775 0.000854775
0.49781 0.50219 0.000855549 0.000855549
0.4978 0.5022 0.000855778 0.000855778
0.4978 0.5022 0.000857394 0.000857394
0.49782 0.50218 0.000857705 0.000857705
0.49779 0.50221 0.000859198 0.000859198
0.4978 0.5022 0.00085899 0.00085899
0.49779 0.50221 0.000859703 0.000859703
0.49778 0.50222 0.00085985 0.00085985
0.49779 0.50221 0.000859804 0.000859804
0.4978 0.5022 0.000860343 0.000860343
0.4978 0.5022 0.000858828 0.000858828
0.4978 0.5022 0.000861131 0.000861131
0.49779 0.50221 0.000861198 0.000861198
0.49774 0.50226 0.000859124 0.000859124
0.49772 0.50228 0.000860183 0.000860183
0.49775 0.50225 0.000860553 0.000860553
0.49778 0.50222 0.00085884 0.00085884
0.49776 0.50224 0.000859194 0.000859194
0.49777 0.50223 0.000858239 0.000858239
0.49776 0.50224 0.000858265 0.000858265
0.49778 0.50222 0.000859082 0.000859082
0.49778 0.50222 0.000859082 0.000859082
0.49777 0.50223 0.000859027 0.000859027
0.49777 0.50223 0.000859027 0.000859027
0.49778 0.50222 0.000858901 0.000858901
0.49778 0.50222 0.000858901 0.000858901
0.49778 0.50222 0.000858901 0.000858901
0.49777 0.50223 0.000859532 0.000859532
0.49777 0.50223 0.000859532 0.000859532
0.49777 0.50223 0.000859532 0.000859532
0.49776 0.50224 0.000859255 0.000859255
0.49777 0.50223 0.000857755 0.000857755
0.49776 0.50224 0.00085673 0.00085673
0.49777 0.50223 0.00085626 0.00085626
0.49776 0.50224 0.00085776 0.00085776
0.49776 0.50224 0.00085776 0.00085776
0.49776 0.50224 0.00085776 0.00085776
0.49776 0.50224 0.00085776 0.00085776
0.49776 0.50224 0.00085776 0.00085776
0.49776 0.50224 0.000859619 0.000859619
0.49776 0.50224 0.000859619 0.000859619
0.49776 0.50224 0.000859619 0.000859619
0.49777 0.50223 0.000859876 0.000859876
0.49777 0.50223 0.000860179 0.000860179
0.49778 0.50222 0.000860194 0.000860194
0.49778 0.50222 0.000860194 0.000860194
0.49777 0.50223 0.000859714 0.000859714
0.49776 0.50224 0.000859699 0.000859699
0.49777 0.50223 0.000859977 0.000859977
0.49776 0.50224 0.000860548 0.000860548
0.49775 0.50225 0.000860674 0.000860674
0.49774 0.50226 0.00086175 0.00086175
0.49773 0.50227 0.000861492 0.000861492
0.49772 0.50228 0.000861214 0.000861214
0.49773 0.50227 0.000861694 0.000861694
0.49773 0.50227 0.000861694 0.000861694
0.49773 0.50227 0.000861694 0.000861694
0.49774 0.50226 0.00086173 0.00086173
0.49774 0.50226 0.00086173 0.00086173
0.49774 0.50226 0.00086173 0.00086173
0.49774 0.50226 0.00086173 0.00086173
0.49774 0.50226 0.00086173 0.00086173
0.49774 0.50226 0.00086173 0.00086173
0.49774 0.50226 0.000861972 0.000861972
0.49774 0.50226 0.000861972 0.000861972
0.49774 0.50226 0.000861972 0.000861972
0.49774 0.50226 0.000861972 0.000861972
0.49773 0.50227 0.000861694 0.000861694
0.49773 0.50227 0.00086129 0.00086129
0.49774 0.50226 0.000862477 0.000862477
0.49775 0.50225 0.000862412 0.000862412
0.49775 0.50225 0.000861846 0.000861846
0.49775 0.50225 0.000861846 0.000861846
0.49774 0.50226 0.000861709 0.000861709
0.49773 0.50227 0.00086133 0.00086133
0.49773 0.50227 0.00086133 0.00086133
0.49772 0.50228 0.000860769 0.000860769
0.49771 0.50229 0.000861339 0.000861339
0.49771 0.50229 0.000861339 0.000861339
0.49771 0.50229 0.000861339 0.000861339
0.49771 0.50229 0.000861339 0.000861339
0.49771 0.50229 0.000861339 0.000861339
0.49771 0.50229 0.000861339 0.000861339
0.4977 0.5023 0.000861404 0.000861404
0.4977 0.5023 0.000861404 0.000861404
0.4977 0.5023 0.000861404 0.000861404
0.4977 0.5023 0.000861404 0.000861404
0.4977 0.5023 0.000861404 0.000861404
0.49771 0.50229 0.000861844 0.000861844
0.49771 0.50229 0.000861844 0.000861844
0.4977 0.5023 0.000861404 0.000861404
0.49771 0.50229 0.000861339 0.000861339
0.49771 0.50229 0.000861339 0.000861339
0.49771 0.50229 0.000861339 0.000861339
0.49771 0.50229 0.000861339 0.000861339
0.49771 0.50229 0.000861339 0.000861339
0.49772 0.50228 0.000861476 0.000861476
0.49772 0.50228 0.000861476 0.000861476
0.49772 0.50228 0.000861476 0.000861476
0.49772 0.50228 0.000861476 0.000861476
0.49772 0.50228 0.000861476 0.000861476
0.49772 0.50228 0.000861476 0.000861476
0.49773 0.50227 0.000861916 0.000861916
0.49773 0.50227 0.000861916 0.000861916
0.49773 0.50227 0.000861916 0.000861916
0.49773 0.50227 0.000861916 0.000861916
0.49772 0.50228 0.000863355 0.000863355
0.49771 0.50229 0.000863683 0.000863683
0.4977 0.5023 0.000863768 0.000863768
0.4977 0.5023 0.000863768 0.000863768
0.49769 0.50231 0.000863832 0.000863832
0.4977 0.5023 0.000863747 0.000863747
0.4977 0.5023 0.000863747 0.000863747
0.49771 0.50229 0.000863582 0.000863582
0.49771 0.50229 0.000863582 0.000863582
0.49771 0.50229 0.000863582 0.000863582
0.49771 0.50229 0.000863582 0.000863582
0.4977 0.5023 0.000863667 0.000863667
0.4977 0.5023 0.000863667 0.000863667
0.4977 0.5023 0.000863667 0.000863667
0.4977 0.5023 0.000863667 0.000863667
0.4977 0.5023 0.000863667 0.000863667
0.4977 0.5023 0.000863667 0.000863667
0.4977 0.5023 0.000863667 0.000863667
0.49769 0.50231 0.000863125 0.000863125
0.49769 0.50231 0.000863125 0.000863125
0.49769 0.50231 0.000863125 0.000863125
0.4977 0.5023 0.000863667 0.000863667
0.4977 0.5023 0.000863667 0.000863667
0.4977 0.5023 0.000863667 0.000863667
0.4977 0.5023 0.000863667 0.000863667
0.49769 0.50231 0.000863691 0.000863691
0.49769 0.50231 0.000863691 0.000863691
0.4977 0.5023 0.000863667 0.000863667
0.4977 0.5023 0.000863667 0.000863667
0.4977 0.5023 0.000863667 0.000863667
0.49769 0.50231 0.000863731 0.000863731
0.49769 0.50231 0.000863731 0.000863731
0.49769 0.50231 0.000863731 0.000863731
0.49769 0.50231 0.000863731 0.000863731
0.4977 0.5023 0.000863667 0.000863667
0.4977 0.5023 0.000863667 0.000863667
0.4977 0.5023 0.000863667 0.000863667
0.4977 0.5023 0.000863667 0.000863667
0.4977 0.5023 0.000863667 0.000863667
0.4977 0.5023 0.000863667 0.000863667
0.4977 0.5023 0.000863667 0.000863667
0.4977 0.5023 0.000863667 0.000863667
0.4977 0.5023 0.000863667 0.000863667
0.4977 0.5023 0.000863667 0.000863667
0.4977 0.5023 0.000863667 0.000863667
0.4977 0.5023 0.000863667 0.000863667
0.4977 0.5023 0.000863667 0.000863667
0.4977 0.5023 0.000863667 0.000863667
0.49769 0.50231 0.000863691 0.000863691
0.4977 0.5023 0.000863667 0.000863667
0.49771 0.50229 0.000862269 0.000862269
0.49771 0.50229 0.000862269 0.000862269
0.49771 0.50229 0.000862269 0.000862269
0.49771 0.50229 0.000862269 0.000862269
0.49771 0.50229 0.000862269 0.000862269
0.49771 0.50229 0.000862269 0.000862269
0.4977 0.5023 0.000862616 0.000862616
0.4977 0.5023 0.000862616 0.000862616
0.4977 0.5023 0.000862616 0.000862616
0.4977 0.5023 0.000862616 0.000862616
0.4977 0.5023 0.000862354 0.000862354
0.4977 0.5023 0.000862354 0.000862354
0.4977 0.5023 0.000862354 0.000862354
0.4977 0.5023 0.000862354 0.000862354
0.4977 0.5023 0.000862354 0.000862354
0.4977 0.5023 0.000862354 0.000862354
0.4977 0.5023 0.000862354 0.000862354
0.4977 0.5023 0.000862354 0.000862354
0.4977 0.5023 0.000862354 0.000862354
0.4977 0.5023 0.000862354 0.000862354
0.4977 0.5023 0.000862354 0.000862354
0.4977 0.5023 0.000862354 0.000862354
0.4977 0.5023 0.000862354 0.000862354
0.4977 0.5023 0.000862354 0.000862354
0.4977 0.5023 0.000862354 0.000862354
0.49769 0.50231 0.000862378 0.000862378
0.4977 0.5023 0.000861828 0.000861828
0.4977 0.5023 0.000861828 0.000861828
0.4977 0.5023 0.000861828 0.000861828
0.4977 0.5023 0.000861828 0.000861828
0.49771 0.50229 0.000861804 0.000861804
0.49771 0.50229 0.000861804 0.000861804
0.49771 0.50229 0.000861804 0.000861804
0.49771 0.50229 0.000861804 0.000861804
0.49771 0.50229 0.000861804 0.000861804
0.49771 0.50229 0.000861804 0.000861804
0.49771 0.50229 0.000861804 0.000861804
0.49771 0.50229 0.000861804 0.000861804
0.49771 0.50229 0.000861804 0.000861804
0.49771 0.50229 0.000861804 0.000861804
0.49771 0.50229 0.000861804 0.000861804
0.49771 0.50229 0.000861804 0.000861804
0.49771 0.50229 0.000861804 0.000861804
0.49771 0.50229 0.000861804 0.000861804
0.49771 0.50229 0.000861804 0.000861804
0.49771 0.50229 0.000861804 0.000861804
0.49771 0.50229 0.000861804 0.000861804
0.49771 0.50229 0.000861804 0.000861804
0.49772 0.50228 0.000861234 0.000861234
0.49772 0.50228 0.000861234 0.000861234
0.49772 0.50228 0.000861234 0.000861234
0.49772 0.50228 0.000861234 0.000861234
0.49772 0.50228 0.000861234 0.000861234
0.49772 0.50228 0.000861234 0.000861234
0.49772 0.50228 0.000861234 0.000861234
0.49772 0.50228 0.000861234 0.000861234
0.49772 0.50228 0.000861234 0.000861234
0.49772 0.50228 0.000861234 0.000861234
0.49772 0.50228 0.000861234 0.000861234
0.49772 0.50228 0.000861234 0.000861234
0.49772 0.50228 0.000861234 0.000861234
0.49772 0.50228 0.000861234 0.000861234
0.49772 0.50228 0.000861234 0.000861234
0.49772 0.50228 0.000861234 0.000861234
0.49772 0.50228 0.000861234 0.000861234
0.49772 0.50228 0.000861234 0.000861234
0.49772 0.50228 0.000861234 0.000861234
0.49772 0.50228 0.000861234 0.000861234
0.49772 0.50228 0.000861234 0.000861234
0.49772 0.50228 0.000861234 0.000861234
0.49772 0.50228 0.000861234 0.000861234
0.49772 0.50228 0.000861234 0.000861234
0.49772 0.50228 0.000861234 0.000861234
0.49772 0.50228 0.000861234 0.000861234
0.49772 0.50228 0.000861234 0.000861234
0.49772 0.50228 0.000861234 0.000861234
0.49772 0.50228 0.000861234 0.000861234
0.49772 0.50228 0.000861234 0.000861234
0.49772 0.50228 0.000861234 0.000861234
0.49772 0.50228 0.000861234 0.000861234
0.49772 0.50228 0.000861234 0.000861234
0.49772 0.50228 0.000861234 0.000861234
0.49772 0.50228 0.000861234 0.000861234
0.49772 0.50228 0.000861234 0.000861234
0.49772 0.50228 0.000861234 0.000861234
0.49772 0.50228 0.000861234 0.000861234
0.49772 0.50228 0.000861234 0.000861234
0.49772 0.50228 0.000861234 0.000861234
0.49772 0.50228 0.000861234 0.000861234
0.49772 0.50228 0.000861234 0.000861234
0.49772 0.50228 0.000861234 0.000861234
0.49771 0.50229 0.000861097 0.000861097
0.49771 0.50229 0.000861097 0.000861097
0.49772 0.50228 0.000861234 0.000861234
0.49771 0.50229 0.000861279 0.000861279
0.49771 0.50229 0.000861279 0.000861279
0.49771 0.50229 0.000861279 0.000861279
0.49771 0.50229 0.000861279 0.000861279
0.49771 0.50229 0.000861279 0.000861279
0.49771 0.50229 0.000861279 0.000861279
0.49771 0.50229 0.000861279 0.000861279
0.4977 0.5023 0.000861303 0.000861303
0.4977 0.5023 0.000861303 0.000861303
0.4977 0.5023 0.000861303 0.000861303
0.4977 0.5023 0.000861303 0.000861303
0.49771 0.50229 0.000861258 0.000861258
0.49771 0.50229 0.000861258 0.000861258
0.49771 0.50229 0.000861258 0.000861258
0.49771 0.50229 0.000861258 0.000861258
0.49771 0.50229 0.000861258 0.000861258
0.49771 0.50229 0.000861258 0.000861258
0.49771 0.50229 0.000861258 0.000861258
0.49771 0.50229 0.000861258 0.000861258
0.49771 0.50229 0.000861258 0.000861258
0.49771 0.50229 0.000861258 0.000861258
0.49771 0.50229 0.000861258 0.000861258
0.49771 0.50229 0.000861258 0.000861258
0.49771 0.50229 0.000861258 0.000861258
0.49771 0.50229 0.000861258 0.000861258
0.4977 0.5023 0.000861303 0.000861303
0.4977 0.5023 0.000861303 0.000861303
0.4977 0.5023 0.000861303 0.000861303
0.4977 0.5023 0.000861303 0.000861303
0.4977 0.5023 0.000861303 0.000861303
0.4977 0.5023 0.000861303 0.000861303
0.4977 0.5023 0.000861303 0.000861303
0.49771 0.50229 0.000861258 0.000861258
0.49771 0.50229 0.000861258 0.000861258
0.49771 0.50229 0.000861258 0.000861258
0.49771 0.50229 0.000861258 0.000861258
0.49771 0.50229 0.000861258 0.000861258
0.49771 0.50229 0.000861258 0.000861258
0.49771 0.50229 0.000861258 0.000861258
0.49771 0.50229 0.000861258 0.000861258
0.49771 0.50229 0.000861258 0.000861258
0.49771 0.50229 0.000861258 0.000861258
0.49771 0.50229 0.000861258 0.000861258
0.49771 0.50229 0.000861258 0.000861258
0.49771 0.50229 0.000861258 0.000861258
0.49771 0.50229 0.000861258 0.000861258
0.4977 0.5023 0.000861303 0.000861303
0.4977 0.5023 0.000861303 0.000861303
0.4977 0.5023 0.000861303 0.000861303
0.49769 0.50231 0.000860842 0.000860842
0.49769 0.50231 0.000860842 0.000860842
0.49769 0.50231 0.000860842 0.000860842
0.49769 0.50231 0.000860842 0.000860842
0.49769 0.50231 0.000860842 0.000860842
0.49769 0.50231 0.000860842 0.000860842
0.49769 0.50231 0.000860842 0.000860842
0.49769 0.50231 0.000860842 0.000860842
0.49769 0.50231 0.000860842 0.000860842
0.49768 0.50232 0.000860705 0.000860705
0.49768 0.50232 0.000860705 0.000860705
0.49769 0.50231 0.000860842 0.000860842
0.49769 0.50231 0.000860842 0.000860842
0.49769 0.50231 0.000860842 0.000860842
0.49769 0.50231 0.000860842 0.000860842
0.49769 0.50231 0.000860842 0.000860842
0.49769 0.50231 0.000860842 0.000860842
0.49769 0.50231 0.000860842 0.000860842
0.49769 0.50231 0.000860842 0.000860842
0.49769 0.50231 0.000860842 0.000860842
0.49769 0.50231 0.000860842 0.000860842
0.49769 0.50231 0.000860842 0.000860842
0.49769 0.50231 0.000860842 0.000860842
0.49769 0.50231 0.000860842 0.000860842
0.49769 0.50231 0.000860842 0.000860842
0.49769 0.50231 0.000860842 0.000860842
0.49769 0.50231 0.000860842 0.000860842
0.49769 0.50231 0.000860842 0.000860842
0.49769 0.50231 0.000860842 0.000860842
0.49769 0.50231 0.000860842 0.000860842
0.49769 0.50231 0.000860842 0.000860842
0.49769 0.50231 0.000860842 0.000860842
0.49769 0.50231 0.000860842 0.000860842
0.49769 0.50231 0.000860842 0.000860842
0.49769 0.50231 0.000860842 0.000860842
0.49769 0.50231 0.000860842 0.000860842
0.49769 0.50231 0.000860842 0.000860842
0.49769 0.50231 0.000860842 0.000860842
0.49769 0.50231 0.000860842 0.000860842
0.49769 0.50231 0.000860842 0.000860842
0.49769 0.50231 0.000860842 0.000860842
0.49769 0.50231 0.000860842 0.000860842
0.49769 0.50231 0.000860842 0.000860842
0.49769 0.50231 0.000860842 0.000860842
0.49769 0.50231 0.000860842 0.000860842
0.49769 0.50231 0.000860842 0.000860842
0.49769 0.50231 0.000860842 0.000860842
0.49769 0.50231 0.000860842 0.000860842
0.49769 0.50231 0.000860842 0.000860842
0.49769 0.50231 0.000860842 0.000860842
0.49769 0.50231 0.000860842 0.000860842
0.49769 0.50231 0.000860842 0.000860842
