0.49982 0.50018 6.14909e-06 6.14909e-06
0.49971 0.50029 1.49959e-05 1.49959e-05
0.49985 0.50015 1.92803e-05 1.92803e-05
0.49966 0.50034 2.63277e-05 2.63277e-05
0.49951 0.50049 3.73433e-05 3.73433e-05
0.49896 0.50104 4.39378e-05 4.39378e-05
0.49874 0.50126 5.14267e-05 5.14267e-05
0.4992 0.5008 5.50707e-05 5.50707e-05
0.49915 0.50085 6.37854e-05 6.37854e-05
0.49886 0.50114 6.28287e-05 6.28287e-05
0.49825 0.50175 6.59672e-05 6.59672e-05
0.49799 0.50201 6.5707e-05 6.5707e-05
0.49829 0.50171 7.11373e-05 7.11373e-05
0.49823 0.50177 7.14718e-05 7.14718e-05
0.49796 0.50204 7.88469e-05 7.88469e-05
0.49818 0.50182 8.20683e-05 8.20683e-05
0.49798 0.50202 9.01208e-05 9.01208e-05
0.49782 0.50218 9.45329e-05 9.45329e-05
0.49783 0.50217 9.69708e-05 9.69708e-05
0.49775 0.50225 0.000106412 0.000106412
0.49769 0.50231 0.000109307 0.000109307
0.49761 0.50239 0.000110483 0.000110483
0.49781 0.50219 0.000115489 0.000115489
0.49812 0.50188 0.000119703 0.000119703
0.498 0.502 0.000125293 0.000125293
0.49812 0.50188 0.000132753 0.000132753
0.49819 0.50181 0.000132741 0.000132741
0.49808 0.50192 0.000134882 0.000134882
0.49766 0.50234 0.000136651 0.000136651
0.49777 0.50223 0.000139371 0.000139371
0.49757 0.50243 0.000144106 0.000144106
0.49754 0.50246 0.000148291 0.000148291
0.49738 0.50262 0.000150198 0.000150198
0.49751 0.50249 0.000145788 0.000145788
0.49731 0.50269 0.000144964 0.000144964
0.49717 0.50283 0.000151233 0.000151233
0.4973 0.5027 0.00015496 0.00015496
0.49742 0.50258 0.000155135 0.000155135
0.49736 0.50264 0.000155849 0.000155849
0.49721 0.50279 0.00015243 0.00015243
0.4973 0.5027 0.000154091 0.000154091
0.4973 0.5027 0.000151869 0.000151869
0.49726 0.50274 0.00015375 0.00015375
0.49707 0.50293 0.000153359 0.000153359
0.49717 0.50283 0.000151759 0.000151759
0.49732 0.50268 0.000150826 0.000150826
0.49734 0.50266 0.00015152 0.00015152
0.49728 0.50272 0.000153759 0.000153759
0.49743 0.50257 0.000157702 0.000157702
0.49739 0.50261 0.000157614 0.000157614
0.49747 0.50253 0.000158252 0.000158252
0.49752 0.50248 0.000157161 0.000157161
0.49754 0.50246 0.00015918 0.00015918
0.49744 0.50256 0.000158532 0.000158532
0.49742 0.50258 0.000157357 0.000157357
0.49746 0.50254 0.000158756 0.000158756
0.4974 0.5026 0.000154202 0.000154202
0.49737 0.50263 0.000159084 0.000159084
0.49732 0.50268 0.000164018 0.000164018
0.4974 0.5026 0.000164889 0.000164889
0.49732 0.50268 0.000164806 0.000164806
0.49732 0.50268 0.000167836 0.000167836
0.49733 0.50267 0.000169819 0.000169819
0.49736 0.50264 0.000169869 0.000169869
0.49732 0.50268 0.000173149 0.000173149
0.49732 0.50268 0.000174422 0.000174422
0.49735 0.50265 0.000175583 0.000175583
0.49732 0.50268 0.00017428 0.00017428
0.49737 0.50263 0.000171225 0.000171225
0.49738 0.50262 0.000170642 0.000170642
0.49746 0.50254 0.000172211 0.000172211
0.49738 0.50262 0.000173874 0.000173874
0.49742 0.50258 0.000174569 0.000174569
0.49736 0.50264 0.000172253 0.000172253
0.4973 0.5027 0.000173626 0.000173626
0.49728 0.50272 0.000172688 0.000172688
0.4973 0.5027 0.000170737 0.000170737
0.49731 0.50269 0.000168762 0.000168762
0.49721 0.50279 0.000170188 0.000170188
0.49718 0.50282 0.000170412 0.000170412
0.49722 0.50278 0.00017084 0.00017084
0.49721 0.50279 0.000172976 0.000172976
0.49717 0.50283 0.000171698 0.000171698
0.49717 0.50283 0.000174244 0.000174244
0.49718 0.50282 0.000172937 0.000172937
0.49715 0.50285 0.000176735 0.000176735
0.49721 0.50279 0.000177137 0.000177137
0.49723 0.50277 0.000178401 0.000178401
0.49724 0.50276 0.00017879 0.00017879
0.49724 0.50276 0.000178063 0.000178063
0.49723 0.50277 0.000177775 0.000177775
0.49724 0.50276 0.000177659 0.000177659
0.49721 0.50279 0.000177925 0.000177925
0.4972 0.5028 0.000177131 0.000177131
0.49722 0.50278 0.000179486 0.000179486
0.49726 0.50274 0.000179184 0.000179184
0.49721 0.50279 0.00018043 0.00018043
0.49727 0.50273 0.000181815 0.000181815
0.49726 0.50274 0.00018274 0.00018274
0.49727 0.50273 0.000181896 0.000181896
0.49734 0.50266 0.000182631 0.000182631
0.49735 0.50265 0.000182755 0.000182755
0.49736 0.50264 0.000182051 0.000182051
0.49736 0.50264 0.000182738 0.000182738
0.49739 0.50261 0.000182463 0.000182463
0.49743 0.50257 0.000181743 0.000181743
0.49742 0.50258 0.000181155 0.000181155
0.49738 0.50262 0.00018147 0.00018147
0.49739 0.50261 0.000180705 0.000180705
0.49739 0.50261 0.000180362 0.000180362
0.49737 0.50263 0.000181811 0.000181811
0.49737 0.50263 0.000181831 0.000181831
0.49732 0.50268 0.000182361 0.000182361
0.49734 0.50266 0.000181338 0.000181338
0.49737 0.50263 0.000181326 0.000181326
0.49738 0.50262 0.000180844 0.000180844
0.49734 0.50266 0.000181358 0.000181358
0.49736 0.50264 0.000181243 0.000181243
0.49737 0.50263 0.000181811 0.000181811
0.49739 0.50261 0.00018125 0.00018125
0.49743 0.50257 0.000181844 0.000181844
0.49739 0.50261 0.000182159 0.000182159
0.49735 0.50265 0.00018221 0.00018221
0.49736 0.50264 0.000182172 0.000182172
0.49735 0.50265 0.000182917 0.000182917
0.49734 0.50266 0.000182004 0.000182004
0.49734 0.50266 0.000182368 0.000182368
0.49736 0.50264 0.000183324 0.000183324
0.49738 0.50262 0.000183672 0.000183672
0.49742 0.50258 0.000182852 0.000182852
0.49739 0.50261 0.000181877 0.000181877
0.49735 0.50265 0.000182513 0.000182513
0.49735 0.50265 0.000182513 0.000182513
0.49732 0.50268 0.000182826 0.000182826
0.49732 0.50268 0.000182664 0.000182664
0.49731 0.50269 0.000183065 0.000183065
0.49729 0.50271 0.000183461 0.000183461
0.49728 0.50272 0.000183254 0.000183254
0.49727 0.50273 0.000183088 0.000183088
0.49728 0.50272 0.00018285 0.00018285
0.4973 0.5027 0.000183687 0.000183687
0.49732 0.50268 0.000184583 0.000184583
0.49733 0.50267 0.000184607 0.000184607
0.4973 0.5027 0.000184697 0.000184697
0.49729 0.50271 0.000183743 0.000183743
0.49729 0.50271 0.000183784 0.000183784
0.49729 0.50271 0.000182895 0.000182895
0.49727 0.50273 0.000183088 0.000183088
0.49727 0.50273 0.000183088 0.000183088
0.49727 0.50273 0.000183088 0.000183088
0.49728 0.50272 0.000183133 0.000183133
0.49729 0.50271 0.000183117 0.000183117
0.49731 0.50269 0.000183125 0.000183125
0.49731 0.50269 0.000183307 0.000183307
0.4973 0.5027 0.000183788 0.000183788
0.4973 0.5027 0.000184596 0.000184596
0.49731 0.50269 0.000184519 0.000184519
0.49732 0.50268 0.000184341 0.000184341
0.49732 0.50268 0.000184341 0.000184341
0.49732 0.50268 0.000183998 0.000183998
0.49732 0.50268 0.000183998 0.000183998
0.49733 0.50267 0.000183961 0.000183961
0.49736 0.50264 0.000184354 0.000184354
0.49736 0.50264 0.000185243 0.000185243
0.49736 0.50264 0.000185243 0.000185243
0.49736 0.50264 0.000184677 0.000184677
0.49738 0.50262 0.000184945 0.000184945
0.49739 0.50261 0.000184968 0.000184968
0.49739 0.50261 0.000184968 0.000184968
0.49737 0.50263 0.000184902 0.000184902
0.49738 0.50262 0.000185046 0.000185046
0.49738 0.50262 0.000185046 0.000185046
0.49739 0.50261 0.00018517 0.00018517
0.4974 0.5026 0.000185051 0.000185051
0.49741 0.50259 0.000185174 0.000185174
0.49741 0.50259 0.000185174 0.000185174
0.4974 0.5026 0.000185374 0.000185374
0.49742 0.50258 0.000185357 0.000185357
0.49743 0.50257 0.000185035 0.000185035
0.49742 0.50258 0.000185135 0.000185135
0.49743 0.50257 0.000184652 0.000184652
0.49743 0.50257 0.000184652 0.000184652
0.49741 0.50259 0.00018481 0.00018481
0.49742 0.50258 0.000184711 0.000184711
0.49743 0.50257 0.000184995 0.000184995
0.49744 0.50256 0.000185138 0.000185138
0.49744 0.50256 0.000185138 0.000185138
0.49745 0.50255 0.000185442 0.000185442
0.49746 0.50254 0.000185827 0.000185827
0.49745 0.50255 0.000185563 0.000185563
0.49746 0.50254 0.000185423 0.000185423
0.49746 0.50254 0.00018518 0.00018518
0.49746 0.50254 0.00018518 0.00018518
0.49746 0.50254 0.000185423 0.000185423
0.49745 0.50255 0.000185543 0.000185543
0.49745 0.50255 0.000185543 0.000185543
0.49745 0.50255 0.000185543 0.000185543
0.49745 0.50255 0.000185543 0.000185543
0.49745 0.50255 0.000185543 0.000185543
0.49744 0.50256 0.000185542 0.000185542
0.49744 0.50256 0.000185542 0.000185542
0.49745 0.50255 0.000186109 0.000186109
0.49744 0.50256 0.000186309 0.000186309
0.49745 0.50255 0.000186149 0.000186149
0.49745 0.50255 0.000186149 0.000186149
0.49745 0.50255 0.000186149 0.000186149
0.49746 0.50254 0.000186211 0.000186211
0.49745 0.50255 0.000186694 0.000186694
0.49745 0.50255 0.000187159 0.000187159
0.49745 0.50255 0.000187159 0.000187159
0.49745 0.50255 0.000187159 0.000187159
0.49744 0.50256 0.000187219 0.000187219
0.49744 0.50256 0.000187219 0.000187219
0.49744 0.50256 0.000187118 0.000187118
0.49745 0.50255 0.000187119 0.000187119
0.49745 0.50255 0.000187119 0.000187119
0.49744 0.50256 0.000187118 0.000187118
0.49744 0.50256 0.000187118 0.000187118
0.49745 0.50255 0.000186876 0.000186876
0.49743 0.50257 0.000186672 0.000186672
0.49742 0.50258 0.000186731 0.000186731
0.49742 0.50258 0.000186731 0.000186731
0.49741 0.50259 0.00018685 0.00018685
0.4974 0.5026 0.000186566 0.000186566
0.49741 0.50259 0.00018685 0.00018685
0.49742 0.50258 0.000187175 0.000187175
0.49742 0.50258 0.000187175 0.000187175
0.49741 0.50259 0.000187032 0.000187032
0.49742 0.50258 0.000186973 0.000186973
0.49742 0.50258 0.000186973 0.000186973
0.49742 0.50258 0.000186973 0.000186973
0.49741 0.50259 0.000186689 0.000186689
0.49741 0.50259 0.000186689 0.000186689
0.49741 0.50259 0.000186689 0.000186689
0.49741 0.50259 0.000186689 0.000186689
0.49741 0.50259 0.000186689 0.000186689
0.49739 0.50261 0.000186705 0.000186705
0.49739 0.50261 0.000186705 0.000186705
0.49739 0.50261 0.000186705 0.000186705
0.49739 0.50261 0.000186705 0.000186705
0.49741 0.50259 0.00018685 0.00018685
0.49741 0.50259 0.00018685 0.00018685
0.4974 0.5026 0.000186566 0.000186566
0.4974 0.5026 0.000186566 0.000186566
0.4974 0.5026 0.000186566 0.000186566
0.4974 0.5026 0.000186566 0.000186566
0.4974 0.5026 0.000186566 0.000186566
0.49739 0.50261 0.000186867 0.000186867
0.49738 0.50262 0.000186985 0.000186985
0.49738 0.50262 0.000186985 0.000186985
0.49739 0.50261 0.00018725 0.00018725
0.49739 0.50261 0.00018725 0.00018725
0.4974 0.5026 0.000187636 0.000187636
0.4974 0.5026 0.000187636 0.000187636
0.4974 0.5026 0.000187636 0.000187636
0.4974 0.5026 0.000187636 0.000187636
0.4974 0.5026 0.000187636 0.000187636
0.4974 0.5026 0.000187636 0.000187636
0.4974 0.5026 0.000187636 0.000187636
0.49741 0.50259 0.000187921 0.000187921
0.49741 0.50259 0.000187921 0.000187921
0.49741 0.50259 0.000187921 0.000187921
0.49741 0.50259 0.000187921 0.000187921
0.49741 0.50259 0.000187921 0.000187921
0.4974 0.5026 0.000187636 0.000187636
0.4974 0.5026 0.000187636 0.000187636
0.49741 0.50259 0.000187739 0.000187739
0.49741 0.50259 0.000187739 0.000187739
0.49741 0.50259 0.000187739 0.000187739
0.49742 0.50258 0.000187721 0.000187721
0.49741 0.50259 0.0001878 0.0001878
0.49741 0.50259 0.0001878 0.0001878
0.49741 0.50259 0.0001878 0.0001878
0.49741 0.50259 0.0001878 0.0001878
0.49741 0.50259 0.0001878 0.0001878
0.49741 0.50259 0.0001878 0.0001878
0.49741 0.50259 0.0001878 0.0001878
0.49742 0.50258 0.000187499 0.000187499
0.49743 0.50257 0.000187884 0.000187884
0.49743 0.50257 0.000187884 0.000187884
0.49743 0.50257 0.000187884 0.000187884
0.49743 0.50257 0.000187884 0.000187884
0.49743 0.50257 0.000187884 0.000187884
0.49743 0.50257 0.000187884 0.000187884
0.49744 0.50256 0.000188027 0.000188027
0.49743 0.50257 0.000188046 0.000188046
0.49744 0.50256 0.000187825 0.000187825
0.49745 0.50255 0.000187624 0.000187624
0.49744 0.50256 0.000187239 0.000187239
0.49744 0.50256 0.000187239 0.000187239
0.49744 0.50256 0.000187239 0.000187239
0.49744 0.50256 0.000187239 0.000187239
0.49746 0.50254 0.000187079 0.000187079
0.49745 0.50255 0.000187523 0.000187523
0.49744 0.50256 0.000187825 0.000187825
0.49744 0.50256 0.000187825 0.000187825
0.49743 0.50257 0.000188025 0.000188025
0.49743 0.50257 0.000188025 0.000188025
0.49743 0.50257 0.000188025 0.000188025
0.49743 0.50257 0.000188025 0.000188025
0.49743 0.50257 0.000188025 0.000188025
0.49743 0.50257 0.000188025 0.000188025
0.49743 0.50257 0.000188025 0.000188025
0.49744 0.50256 0.000188309 0.000188309
0.49745 0.50255 0.000188654 0.000188654
0.49745 0.50255 0.000188654 0.000188654
0.49746 0.50254 0.000188211 0.000188211
0.49746 0.50254 0.000188211 0.000188211
0.49746 0.50254 0.000188211 0.000188211
0.49746 0.50254 0.000188211 0.000188211
0.49746 0.50254 0.000188211 0.000188211
0.49746 0.50254 0.000188211 0.000188211
0.49746 0.50254 0.000188211 0.000188211
0.49745 0.50255 0.000188068 0.000188068
0.49745 0.50255 0.000188068 0.000188068
0.49745 0.50255 0.000188068 0.000188068
0.49745 0.50255 0.000188068 0.000188068
0.49745 0.50255 0.000188068 0.000188068
0.49745 0.50255 0.000188068 0.000188068
0.49745 0.50255 0.000188068 0.000188068
0.49745 0.50255 0.000188068 0.000188068
0.49745 0.50255 0.000188068 0.000188068
0.49745 0.50255 0.000188068 0.000188068
0.49744 0.50256 0.000187966 0.000187966
0.49744 0.50256 0.000187966 0.000187966
0.49744 0.50256 0.000187966 0.000187966
0.49744 0.50256 0.000187966 0.000187966
0.49744 0.50256 0.000187966 0.000187966
0.49744 0.50256 0.000187966 0.000187966
0.49745 0.50255 0.000188109 0.000188109
0.49745 0.50255 0.000188109 0.000188109
0.49745 0.50255 0.000188109 0.000188109
0.49746 0.50254 0.000188211 0.000188211
0.49746 0.50254 0.00018813 0.00018813
0.49746 0.50254 0.00018813 0.00018813
0.49746 0.50254 0.00018813 0.00018813
0.49746 0.50254 0.00018813 0.00018813
0.49746 0.50254 0.00018813 0.00018813
0.49746 0.50254 0.00018813 0.00018813
0.49746 0.50254 0.00018813 0.00018813
0.49746 0.50254 0.00018813 0.00018813
0.49746 0.50254 0.00018813 0.00018813
0.49746 0.50254 0.00018813 0.00018813
0.49746 0.50254 0.00018813 0.00018813
0.49745 0.50255 0.000188028 0.000188028
0.49745 0.50255 0.000188028 0.000188028
0.49745 0.50255 0.000188028 0.000188028
0.49745 0.50255 0.000188028 0.000188028
0.49745 0.50255 0.000188028 0.000188028
0.49745 0.50255 0.000188028 0.000188028
0.49745 0.50255 0.000188028 0.000188028
0.49744 0.50256 0.000187865 0.000187865
0.49744 0.50256 0.000187865 0.000187865
0.49745 0.50255 0.000188028 0.000188028
0.49745 0.50255 0.000188028 0.000188028
0.49745 0.50255 0.000188028 0.000188028
0.49745 0.50255 0.000188028 0.000188028
0.49745 0.50255 0.000188028 0.000188028
0.49745 0.50255 0.000188028 0.000188028
0.49745 0.50255 0.000188028 0.000188028
0.49745 0.50255 0.000188028 0.000188028
0.49745 0.50255 0.000188028 0.000188028
0.49745 0.50255 0.000188028 0.000188028
0.49745 0.50255 0.000188028 0.000188028
0.49745 0.50255 0.000188028 0.000188028
0.49745 0.50255 0.000188028 0.000188028
0.49745 0.50255 0.000188028 0.000188028
0.49745 0.50255 0.000188028 0.000188028
0.49745 0.50255 0.000188028 0.000188028
0.49745 0.50255 0.000188028 0.000188028
0.49744 0.50256 0.000188047 0.000188047
0.49744 0.50256 0.000188047 0.000188047
0.49744 0.50256 0.000188047 0.000188047
0.49744 0.50256 0.000188047 0.000188047
0.49744 0.50256 0.000188047 0.000188047
0.49744 0.50256 0.000188047 0.000188047
0.49744 0.50256 0.000188047 0.000188047
0.49744 0.50256 0.000188047 0.000188047
0.49744 0.50256 0.000188047 0.000188047
0.49744 0.50256 0.000188047 0.000188047
0.49744 0.50256 0.000188047 0.000188047
0.49744 0.50256 0.000188047 0.000188047
0.49744 0.50256 0.000188047 0.000188047
0.49744 0.50256 0.000188047 0.000188047
0.49744 0.50256 0.000188047 0.000188047
0.49745 0.50255 0.000188149 0.000188149
0.49745 0.50255 0.000188149 0.000188149
0.49745 0.50255 0.000188149 0.000188149
0.49745 0.50255 0.000188149 0.000188149
0.49745 0.50255 0.000188149 0.000188149
0.49745 0.50255 0.000188149 0.000188149
0.49745 0.50255 0.000188149 0.000188149
0.49745 0.50255 0.000188149 0.000188149
0.49745 0.50255 0.000188149 0.000188149
0.49745 0.50255 0.000188149 0.000188149
0.49745 0.50255 0.000188149 0.000188149
0.49745 0.50255 0.000188149 0.000188149
0.49745 0.50255 0.000188149 0.000188149
0.49745 0.50255 0.000188149 0.000188149
0.49745 0.50255 0.000188149 0.000188149
0.49745 0.50255 0.000188149 0.000188149
0.49745 0.50255 0.000188149 0.000188149
0.49745 0.50255 0.000188149 0.000188149
0.49745 0.50255 0.000188149 0.000188149
0.49745 0.50255 0.000188149 0.000188149
0.49745 0.50255 0.000188149 0.000188149
0.49745 0.50255 0.000188149 0.000188149
0.49745 0.50255 0.000188149 0.000188149
0.49744 0.50256 0.000187986 0.000187986
0.49744 0.50256 0.000187986 0.000187986
0.49744 0.50256 0.000187986 0.000187986
0.49744 0.50256 0.000187986 0.000187986
0.49744 0.50256 0.000187986 0.000187986
0.49744 0.50256 0.000187986 0.000187986
0.49744 0.50256 0.000187986 0.000187986
0.49744 0.50256 0.000187986 0.000187986
0.49744 0.50256 0.000187986 0.000187986
0.49744 0.50256 0.000187986 0.000187986
0.49744 0.50256 0.000187986 0.000187986
0.49744 0.50256 0.000187986 0.000187986
0.49744 0.50256 0.000187986 0.000187986
0.49744 0.50256 0.000187986 0.000187986
0.49744 0.50256 0.000187986 0.000187986
0.49744 0.50256 0.000187986 0.000187986
0.49744 0.50256 0.000187986 0.000187986
0.49744 0.50256 0.000187986 0.000187986
0.49744 0.50256 0.000187986 0.000187986
0.49744 0.50256 0.000187986 0.000187986
0.49744 0.50256 0.000187986 0.000187986
0.49744 0.50256 0.000187986 0.000187986
0.49745 0.50255 0.000188391 0.000188391
0.49745 0.50255 0.000188391 0.000188391
0.49745 0.50255 0.000188391 0.000188391
0.49745 0.50255 0.000188391 0.000188391
0.49745 0.50255 0.000188391 0.000188391
0.49745 0.50255 0.000188391 0.000188391
0.49745 0.50255 0.000188391 0.000188391
0.49745 0.50255 0.000188391 0.000188391
0.49745 0.50255 0.000188391 0.000188391
0.49744 0.50256 0.000188047 0.000188047
0.49744 0.50256 0.000188047 0.000188047
0.49744 0.50256 0.000188047 0.000188047
0.49744 0.50256 0.000188047 0.000188047
0.49744 0.50256 0.000188047 0.000188047
0.49744 0.50256 0.000188047 0.000188047
0.49743 0.50257 0.000187783 0.000187783
0.49744 0.50256 0.000187663 0.000187663
0.49744 0.50256 0.000187663 0.000187663
0.49744 0.50256 0.000187663 0.000187663
0.49744 0.50256 0.000187663 0.000187663
0.49744 0.50256 0.000187663 0.000187663
0.49744 0.50256 0.000187663 0.000187663
0.49744 0.50256 0.000187663 0.000187663
0.49743 0.50257 0.000187803 0.000187803
0.49743 0.50257 0.000187803 0.000187803
0.49744 0.50256 0.000188067 0.000188067
0.49744 0.50256 0.000188067 0.000188067
0.49744 0.50256 0.000188067 0.000188067
0.49744 0.50256 0.000188067 0.000188067
0.49744 0.50256 0.000188067 0.000188067
0.49744 0.50256 0.000188067 0.000188067
0.49745 0.50255 0.000188068 0.000188068
0.49745 0.50255 0.000188068 0.000188068
0.49745 0.50255 0.000188068 0.000188068
0.49745 0.50255 0.000188068 0.000188068
0.49745 0.50255 0.000188068 0.000188068
0.49745 0.50255 0.000188068 0.000188068
0.49745 0.50255 0.000188068 0.000188068
0.49745 0.50255 0.000188068 0.000188068
0.49745 0.50255 0.000188068 0.000188068
0.49745 0.50255 0.000188068 0.000188068
0.49745 0.50255 0.000188068 0.000188068
0.49745 0.50255 0.000188068 0.000188068
0.49745 0.50255 0.000188068 0.000188068
0.49745 0.50255 0.000188068 0.000188068
0.49745 0.50255 0.000188068 0.000188068
0.49745 0.50255 0.000188068 0.000188068
0.49745 0.50255 0.000188068 0.000188068
0.49745 0.50255 0.000188068 0.000188068
0.49745 0.50255 0.000188068 0.000188068
0.49745 0.50255 0.000188068 0.000188068
0.49746 0.50254 0.000187928 0.000187928
0.49746 0.50254 0.000187928 0.000187928
0.49746 0.50254 0.000187928 0.000187928
0.49746 0.50254 0.000187928 0.000187928
0.49746 0.50254 0.000187928 0.000187928
0.49746 0.50254 0.000187928 0.000187928
0.49745 0.50255 0.000187664 0.000187664
0.49745 0.50255 0.000187664 0.000187664
0.49745 0.50255 0.000187664 0.000187664
0.49745 0.50255 0.000187664 0.000187664
0.49745 0.50255 0.000187664 0.000187664
0.49745 0.50255 0.000187664 0.000187664
0.49745 0.50255 0.000187664 0.000187664
0.49745 0.50255 0.000187664 0.000187664
0.49745 0.50255 0.000187664 0.000187664
0.49745 0.50255 0.000187664 0.000187664
0.49745 0.50255 0.000187664 0.000187664
0.49745 0.50255 0.000187664 0.000187664
0.49745 0.50255 0.000187664 0.000187664
