0.49992 0.50008 2.76905e-05 2.76905e-05
0.49936 0.50064 5.38489e-05 5.38489e-05
0.49915 0.50085 8.30379e-05 8.30379e-05
0.49839 0.50161 0.000119291 0.000119291
0.49845 0.50155 0.000149604 0.000149604
0.49794 0.50206 0.000165027 0.000165027
0.49791 0.50209 0.00018683 0.00018683
0.49764 0.50236 0.000211364 0.000211364
0.49835 0.50165 0.000242957 0.000242957
0.49877 0.50123 0.000272623 0.000272623
0.49866 0.50134 0.000298611 0.000298611
0.49869 0.50131 0.000315893 0.000315893
0.49882 0.50118 0.000327179 0.000327179
0.49862 0.50138 0.000370117 0.000370117
0.49872 0.50128 0.000389699 0.000389699
0.49864 0.50136 0.000409223 0.000409223
0.49845 0.50155 0.000411705 0.000411705
0.49884 0.50116 0.000438338 0.000438338
0.49878 0.50122 0.000474335 0.000474335
0.4985 0.5015 0.00047696 0.00047696
0.49827 0.50173 0.000497593 0.000497593
0.49836 0.50164 0.000530677 0.000530677
0.49846 0.50154 0.000540837 0.000540837
0.49854 0.50146 0.00054314 0.00054314
0.49869 0.50131 0.000563509 0.000563509
0.49894 0.50106 0.000580057 0.000580057
0.49916 0.50084 0.00057357 0.00057357
0.49904 0.50096 0.000578241 0.000578241
0.49853 0.50147 0.000585524 0.000585524
0.4985 0.5015 0.000606374 0.000606374
0.4984 0.5016 0.000633636 0.000633636
0.49836 0.50164 0.000658394 0.000658394
0.49827 0.50173 0.000655088 0.000655088
0.49836 0.50164 0.000664495 0.000664495
0.49823 0.50177 0.000669734 0.000669734
0.49815 0.50185 0.000674149 0.000674149
0.49834 0.50166 0.000679762 0.000679762
0.49853 0.50147 0.000686777 0.000686777
0.49834 0.50166 0.000696873 0.000696873
0.49793 0.50207 0.000699116 0.000699116
0.49811 0.50189 0.000705937 0.000705937
0.49806 0.50194 0.000720118 0.000720118
0.49818 0.50182 0.000732614 0.000732614
0.49811 0.50189 0.000744968 0.000744968
0.49796 0.50204 0.000766544 0.000766544
0.49797 0.50203 0.000777605 0.000777605
0.49797 0.50203 0.00078811 0.00078811
0.49809 0.50191 0.00078885 0.00078885
0.49806 0.50194 0.000794986 0.000794986
0.49809 0.50191 0.000812325 0.000812325
0.49809 0.50191 0.000822063 0.000822063
0.49787 0.50213 0.000817044 0.000817044
0.49793 0.50207 0.000812874 0.000812874
0.49791 0.50209 0.000811658 0.000811658
0.49773 0.50227 0.000818482 0.000818482
0.49774 0.50226 0.000826134 0.000826134
0.49783 0.50217 0.000826769 0.000826769
0.4978 0.5022 0.000831253 0.000831253
0.49792 0.50208 0.000839731 0.000839731
0.49785 0.50215 0.000845624 0.000845624
0.49767 0.50233 0.000843153 0.000843153
0.49769 0.50231 0.000849489 0.000849489
0.49774 0.50226 0.000856861 0.000856861
0.49778 0.50222 0.000866497 0.000866497
0.49789 0.50211 0.000871473 0.000871473
0.49792 0.50208 0.000870822 0.000870822
0.49803 0.50197 0.000862696 0.000862696
0.49801 0.50199 0.000862071 0.000862071
0.49799 0.50201 0.000874111 0.000874111
0.498 0.502 0.00088002 0.00088002
0.49799 0.50201 0.000882273 0.000882273
0.49798 0.50202 0.000887838 0.000887838
0.4979 0.5021 0.000885182 0.000885182
0.49797 0.50203 0.000883565 0.000883565
0.49797 0.50203 0.000878353 0.000878353
0.49803 0.50197 0.0008791 0.0008791
0.49801 0.50199 0.000880151 0.000880151
0.49812 0.50188 0.000878874 0.000878874
0.49802 0.50198 0.00087406 0.00087406
0.4981 0.5019 0.000867909 0.000867909
0.49814 0.50186 0.000868606 0.000868606
0.49815 0.50185 0.000861927 0.000861927
0.49817 0.50183 0.000866446 0.000866446
0.49823 0.50177 0.000866219 0.000866219
0.49824 0.50176 0.000867901 0.000867901
0.49819 0.50181 0.000876135 0.000876135
0.49824 0.50176 0.000876851 0.000876851
0.49812 0.50188 0.00088148 0.00088148
0.49817 0.50183 0.000884042 0.000884042
0.49816 0.50184 0.000886318 0.000886318
0.49821 0.50179 0.000891157 0.000891157
0.49825 0.50175 0.000890593 0.000890593
0.49827 0.50173 0.00088531 0.00088531
0.49831 0.50169 0.000887933 0.000887933
0.49827 0.50173 0.000888037 0.000888037
0.49829 0.50171 0.000893663 0.000893663
0.49832 0.50168 0.00089723 0.00089723
0.49832 0.50168 0.000895169 0.000895169
0.49835 0.50165 0.000896492 0.000896492
0.49835 0.50165 0.000896371 0.000896371
0.49826 0.50174 0.000896013 0.000896013
0.49826 0.50174 0.000901689 0.000901689
0.49831 0.50169 0.000900438 0.000900438
0.49838 0.50162 0.000903127 0.000903127
0.4984 0.5016 0.000899818 0.000899818
0.49837 0.50163 0.000900134 0.000900134
0.49841 0.50159 0.000902063 0.000902063
0.4984 0.5016 0.000900808 0.000900808
0.49839 0.50161 0.000902018 0.000902018
0.49839 0.50161 0.000901755 0.000901755
0.49835 0.50165 0.000899583 0.000899583
0.49837 0.50163 0.000899306 0.000899306
0.49838 0.50162 0.000901491 0.000901491
0.49838 0.50162 0.000897248 0.000897248
0.49841 0.50159 0.000897679 0.000897679
0.49837 0.50163 0.000906639 0.000906639
0.49831 0.50169 0.00091157 0.00091157
0.4983 0.5017 0.00091096 0.00091096
0.49829 0.50171 0.000912087 0.000912087
0.49832 0.50168 0.000909876 0.000909876
0.49834 0.50166 0.000910974 0.000910974
0.49833 0.50167 0.000911213 0.000911213
0.49829 0.50171 0.00091138 0.00091138
0.49824 0.50176 0.000911336 0.000911336
0.49824 0.50176 0.000909901 0.000909901
0.49822 0.50178 0.000911082 0.000911082
0.49822 0.50178 0.000908941 0.000908941
0.49823 0.50177 0.000907977 0.000907977
0.49823 0.50177 0.000909108 0.000909108
0.49828 0.50172 0.000909355 0.000909355
0.4983 0.5017 0.000909424 0.000909424
0.49828 0.50172 0.00090986 0.00090986
0.49827 0.50173 0.000909714 0.000909714
0.49825 0.50175 0.000906593 0.000906593
0.49826 0.50174 0.000905063 0.000905063
0.49825 0.50175 0.000906816 0.000906816
0.49821 0.50179 0.000905198 0.000905198
0.49823 0.50177 0.000904118 0.000904118
0.49823 0.50177 0.000904704 0.000904704
0.49819 0.50181 0.000904479 0.000904479
0.49817 0.50183 0.000903981 0.000903981
0.49818 0.50182 0.000903624 0.000903624
0.49817 0.50183 0.000903577 0.000903577
0.49815 0.50185 0.000905624 0.000905624
0.49816 0.50184 0.000906903 0.000906903
0.49816 0.50184 0.000907853 0.000907853
0.4982 0.5018 0.000908727 0.000908727
0.49816 0.50184 0.000907368 0.000907368
0.49819 0.50181 0.000906458 0.000906458
0.49824 0.50176 0.000908164 0.000908164
0.49823 0.50177 0.000907936 0.000907936
0.49824 0.50176 0.000907336 0.000907336
0.49826 0.50174 0.000908922 0.000908922
0.49825 0.50175 0.00090922 0.00090922
0.49821 0.50179 0.000908309 0.000908309
0.49818 0.50182 0.000910331 0.000910331
0.49817 0.50183 0.000909617 0.000909617
0.49818 0.50182 0.000910109 0.000910109
0.49819 0.50181 0.000910337 0.000910337
0.49818 0.50182 0.000909402 0.000909402
0.49814 0.50186 0.000908586 0.000908586
0.49814 0.50186 0.000909213 0.000909213
0.49815 0.50185 0.000909927 0.000909927
0.49815 0.50185 0.00090924 0.00090924
0.49817 0.50183 0.000909779 0.000909779
0.49818 0.50182 0.000908189 0.000908189
0.4982 0.5018 0.000908384 0.000908384
0.4982 0.5018 0.000908606 0.000908606
0.49818 0.50182 0.000907159 0.000907159
0.49817 0.50183 0.000908021 0.000908021
0.4982 0.5018 0.000907535 0.000907535
0.49818 0.50182 0.00090726 0.00090726
0.49818 0.50182 0.000907119 0.000907119
0.49815 0.50185 0.000908735 0.000908735
0.49816 0.50184 0.000908843 0.000908843
0.49816 0.50184 0.000909408 0.000909408
0.49815 0.50185 0.000910169 0.000910169
0.49813 0.50187 0.000909932 0.000909932
0.49811 0.50189 0.000908907 0.000908907
0.49808 0.50192 0.000908196 0.000908196
0.49809 0.50191 0.000908689 0.000908689
0.49809 0.50191 0.000909275 0.000909275
0.49814 0.50186 0.000909576 0.000909576
0.49813 0.50187 0.000909569 0.000909569
0.49814 0.50186 0.000909051 0.000909051
0.49816 0.50184 0.000908762 0.000908762
0.49818 0.50182 0.000909583 0.000909583
0.49816 0.50184 0.000910681 0.000910681
0.49814 0.50186 0.000909718 0.000909718
0.49816 0.50184 0.000911065 0.000911065
0.49817 0.50183 0.000911981 0.000911981
0.49816 0.50184 0.000911509 0.000911509
0.49816 0.50184 0.000911429 0.000911429
0.49816 0.50184 0.000912015 0.000912015
0.49815 0.50185 0.000911462 0.000911462
0.49816 0.50184 0.000910055 0.000910055
0.49814 0.50186 0.000910566 0.000910566
0.49815 0.50185 0.000911321 0.000911321
0.49815 0.50185 0.000911422 0.000911422
0.49816 0.50184 0.000910984 0.000910984
0.49815 0.50185 0.000912331 0.000912331
0.49814 0.50186 0.000910869 0.000910869
0.49815 0.50185 0.000910896 0.000910896
0.49815 0.50185 0.000910896 0.000910896
0.49815 0.50185 0.000912795 0.000912795
0.49814 0.50186 0.000913273 0.000913273
0.49815 0.50185 0.000913381 0.000913381
0.49816 0.50184 0.000911974 0.000911974
0.49814 0.50186 0.000912303 0.000912303
0.49814 0.50186 0.000913899 0.000913899
0.49812 0.50188 0.000913541 0.000913541
0.4981 0.5019 0.000913768 0.000913768
0.4981 0.5019 0.000913768 0.000913768
0.4981 0.5019 0.000915121 0.000915121
0.4981 0.5019 0.000913667 0.000913667
0.49809 0.50191 0.000913133 0.000913133
0.49809 0.50191 0.000913133 0.000913133
0.4981 0.5019 0.000913 0.000913
0.49812 0.50188 0.000912066 0.000912066
0.49813 0.50187 0.000912882 0.000912882
0.49814 0.50186 0.000914425 0.000914425
0.49814 0.50186 0.000914425 0.000914425
0.49815 0.50185 0.000913078 0.000913078
0.49815 0.50185 0.000913078 0.000913078
0.49814 0.50186 0.000912303 0.000912303
0.49814 0.50186 0.000912303 0.000912303
0.49813 0.50187 0.000911811 0.000911811
0.49814 0.50186 0.000912223 0.000912223
0.49813 0.50187 0.000911811 0.000911811
0.49814 0.50186 0.000911899 0.000911899
0.49815 0.50185 0.000913098 0.000913098
0.49816 0.50184 0.000912641 0.000912641
0.49816 0.50184 0.000912641 0.000912641
0.49817 0.50183 0.000912829 0.000912829
0.49817 0.50183 0.000912829 0.000912829
0.49816 0.50184 0.000913287 0.000913287
0.49816 0.50184 0.000912499 0.000912499
0.49814 0.50186 0.000912566 0.000912566
0.49813 0.50187 0.000913044 0.000913044
0.49815 0.50185 0.000912674 0.000912674
0.49816 0.50184 0.000912843 0.000912843
0.49818 0.50182 0.000913705 0.000913705
0.4982 0.5018 0.000913172 0.000913172
0.49819 0.50181 0.000914095 0.000914095
0.4982 0.5018 0.000914505 0.000914505
0.4982 0.5018 0.000914505 0.000914505
0.4982 0.5018 0.000914586 0.000914586
0.4982 0.5018 0.000914929 0.000914929
0.49821 0.50179 0.000914168 0.000914168
0.49821 0.50179 0.000914168 0.000914168
0.4982 0.5018 0.000914283 0.000914283
0.49821 0.50179 0.000912875 0.000912875
0.49821 0.50179 0.000912875 0.000912875
0.49821 0.50179 0.000912875 0.000912875
0.49823 0.50177 0.000912866 0.000912866
0.49822 0.50178 0.000913325 0.000913325
0.49822 0.50178 0.000913527 0.000913527
0.49822 0.50178 0.000913911 0.000913911
0.49822 0.50178 0.000913911 0.000913911
0.49822 0.50178 0.000913911 0.000913911
0.49823 0.50177 0.000912239 0.000912239
0.49822 0.50178 0.000911709 0.000911709
0.49822 0.50178 0.000911709 0.000911709
0.49822 0.50178 0.000911709 0.000911709
0.49821 0.50179 0.000911279 0.000911279
0.49821 0.50179 0.000911279 0.000911279
0.4982 0.5018 0.000912626 0.000912626
0.49821 0.50179 0.000913157 0.000913157
0.4982 0.5018 0.000913919 0.000913919
0.4982 0.5018 0.000913919 0.000913919
0.49819 0.50181 0.000914842 0.000914842
0.49818 0.50182 0.000915321 0.000915321
0.49818 0.50182 0.000915826 0.000915826
0.49818 0.50182 0.000915826 0.000915826
0.49819 0.50181 0.000914903 0.000914903
0.49818 0.50182 0.000914796 0.000914796
0.49818 0.50182 0.000914796 0.000914796
0.49817 0.50183 0.00091487 0.00091487
0.49816 0.50184 0.000914358 0.000914358
0.49816 0.50184 0.000914358 0.000914358
0.49817 0.50183 0.000914789 0.000914789
0.49817 0.50183 0.000914789 0.000914789
0.49816 0.50184 0.000914984 0.000914984
0.49817 0.50183 0.000915173 0.000915173
0.49817 0.50183 0.000915173 0.000915173
0.49818 0.50182 0.000915684 0.000915684
0.49818 0.50182 0.000915684 0.000915684
0.49819 0.50181 0.000916135 0.000916135
0.49819 0.50181 0.000916135 0.000916135
0.49819 0.50181 0.000916135 0.000916135
0.49819 0.50181 0.000916135 0.000916135
0.49819 0.50181 0.000916135 0.000916135
0.4982 0.5018 0.000915657 0.000915657
0.4982 0.5018 0.000915657 0.000915657
0.4982 0.5018 0.000915657 0.000915657
0.4982 0.5018 0.000915657 0.000915657
0.4982 0.5018 0.000915657 0.000915657
0.4982 0.5018 0.000914444 0.000914444
0.49821 0.50179 0.000914551 0.000914551
0.49822 0.50178 0.000912254 0.000912254
0.49822 0.50178 0.000911891 0.000911891
0.49821 0.50179 0.000911865 0.000911865
0.4982 0.5018 0.000912343 0.000912343
0.4982 0.5018 0.000912343 0.000912343
0.4982 0.5018 0.000912343 0.000912343
0.49819 0.50181 0.000912822 0.000912822
0.49817 0.50183 0.000913072 0.000913072
0.49816 0.50184 0.000912883 0.000912883
0.49816 0.50184 0.000914116 0.000914116
0.49819 0.50181 0.000915044 0.000915044
0.49819 0.50181 0.000914822 0.000914822
0.49818 0.50182 0.000913705 0.000913705
0.49818 0.50182 0.000913705 0.000913705
0.49818 0.50182 0.000913705 0.000913705
0.49818 0.50182 0.000914573 0.000914573
0.49818 0.50182 0.000914573 0.000914573
0.49818 0.50182 0.000914573 0.000914573
0.49818 0.50182 0.000914573 0.000914573
0.49818 0.50182 0.000914573 0.000914573
0.49819 0.50181 0.000915004 0.000915004
0.49819 0.50181 0.000915004 0.000915004
0.4982 0.5018 0.000915313 0.000915313
0.4982 0.5018 0.000915313 0.000915313
0.4982 0.5018 0.000915313 0.000915313
0.4982 0.5018 0.000915313 0.000915313
0.4982 0.5018 0.000915313 0.000915313
0.49821 0.50179 0.000915764 0.000915764
0.49821 0.50179 0.000916875 0.000916875
0.49821 0.50179 0.00091544 0.00091544
0.49821 0.50179 0.00091544 0.00091544
0.4982 0.5018 0.00091499 0.00091499
0.4982 0.5018 0.00091499 0.00091499
0.49821 0.50179 0.000914996 0.000914996
0.49821 0.50179 0.000914996 0.000914996
0.49821 0.50179 0.000914996 0.000914996
0.49821 0.50179 0.000914996 0.000914996
0.4982 0.5018 0.000914667 0.000914667
0.49819 0.50181 0.000914782 0.000914782
0.49819 0.50181 0.000915085 0.000915085
0.49819 0.50181 0.000915085 0.000915085
0.49819 0.50181 0.000915085 0.000915085
0.49819 0.50181 0.000915085 0.000915085
0.49819 0.50181 0.000915085 0.000915085
0.49818 0.50182 0.000915078 0.000915078
0.49818 0.50182 0.000915078 0.000915078
0.49819 0.50181 0.000915085 0.000915085
0.49818 0.50182 0.000914977 0.000914977
0.49819 0.50181 0.000914782 0.000914782
0.49818 0.50182 0.000914977 0.000914977
0.49818 0.50182 0.000914977 0.000914977
0.49818 0.50182 0.000914977 0.000914977
0.49818 0.50182 0.000914977 0.000914977
0.49818 0.50182 0.000914977 0.000914977
0.49818 0.50182 0.000914977 0.000914977
0.49818 0.50182 0.000914977 0.000914977
0.49818 0.50182 0.000914977 0.000914977
0.49818 0.50182 0.000914977 0.000914977
0.49818 0.50182 0.000914977 0.000914977
0.49818 0.50182 0.000914977 0.000914977
0.49818 0.50182 0.000914977 0.000914977
0.49818 0.50182 0.000914977 0.000914977
0.49818 0.50182 0.000914977 0.000914977
0.49818 0.50182 0.000914977 0.000914977
0.49815 0.50185 0.000916088 0.000916088
0.49815 0.50185 0.000916088 0.000916088
0.49815 0.50185 0.000916088 0.000916088
0.49815 0.50185 0.000916088 0.000916088
0.49815 0.50185 0.000916088 0.000916088
0.49814 0.50186 0.000915899 0.000915899
0.49814 0.50186 0.000915899 0.000915899
0.49813 0.50187 0.000915468 0.000915468
0.49813 0.50187 0.000915468 0.000915468
0.49813 0.50187 0.000915468 0.000915468
0.49814 0.50186 0.00091598 0.00091598
0.49815 0.50185 0.000914553 0.000914553
0.49816 0.50184 0.000913954 0.000913954
0.49817 0.50183 0.00091485 0.00091485
0.49816 0.50184 0.000914338 0.000914338
0.49816 0.50184 0.000914338 0.000914338
0.49816 0.50184 0.000914338 0.000914338
0.49816 0.50184 0.000914338 0.000914338
0.49817 0.50183 0.000914526 0.000914526
0.49817 0.50183 0.000914526 0.000914526
0.49817 0.50183 0.000914526 0.000914526
0.49817 0.50183 0.000914526 0.000914526
0.49817 0.50183 0.000914526 0.000914526
0.49817 0.50183 0.000914526 0.000914526
0.49817 0.50183 0.000914526 0.000914526
0.49817 0.50183 0.000914526 0.000914526
0.49817 0.50183 0.000914526 0.000914526
0.49816 0.50184 0.000915611 0.000915611
0.49816 0.50184 0.000915611 0.000915611
0.49815 0.50185 0.000914755 0.000914755
0.49816 0.50184 0.000915287 0.000915287
0.49816 0.50184 0.000915287 0.000915287
0.49816 0.50184 0.000915287 0.000915287
0.49816 0.50184 0.000915287 0.000915287
0.49817 0.50183 0.000914971 0.000914971
0.49817 0.50183 0.000914971 0.000914971
0.49817 0.50183 0.000914971 0.000914971
0.49817 0.50183 0.000914971 0.000914971
0.49817 0.50183 0.000916425 0.000916425
0.49817 0.50183 0.000916425 0.000916425
0.49817 0.50183 0.000916425 0.000916425
0.49817 0.50183 0.000916425 0.000916425
0.49817 0.50183 0.000916425 0.000916425
0.49817 0.50183 0.000916425 0.000916425
0.49817 0.50183 0.000916425 0.000916425
0.49817 0.50183 0.000918183 0.000918183
0.49818 0.50182 0.000918695 0.000918695
0.49818 0.50182 0.000918695 0.000918695
0.49818 0.50182 0.000918695 0.000918695
0.49817 0.50183 0.000918365 0.000918365
0.49817 0.50183 0.000918365 0.000918365
0.49819 0.50181 0.000918802 0.000918802
0.49819 0.50181 0.000918802 0.000918802
0.49819 0.50181 0.000918802 0.000918802
0.49819 0.50181 0.000918802 0.000918802
0.49819 0.50181 0.000918802 0.000918802
0.49819 0.50181 0.000918802 0.000918802
0.49819 0.50181 0.000918802 0.000918802
0.49819 0.50181 0.000918802 0.000918802
0.49818 0.50182 0.000918371 0.000918371
0.49818 0.50182 0.000918371 0.000918371
0.49818 0.50182 0.000918371 0.000918371
0.49818 0.50182 0.000918371 0.000918371
0.49818 0.50182 0.000918371 0.000918371
0.49819 0.50181 0.000916943 0.000916943
0.49818 0.50182 0.000916533 0.000916533
0.49819 0.50181 0.000915933 0.000915933
0.49819 0.50181 0.000915933 0.000915933
0.49819 0.50181 0.000915933 0.000915933
0.49819 0.50181 0.000915933 0.000915933
0.49819 0.50181 0.000915933 0.000915933
0.49819 0.50181 0.000915933 0.000915933
0.4982 0.5018 0.000916465 0.000916465
0.4982 0.5018 0.000916465 0.000916465
0.49819 0.50181 0.000916357 0.000916357
0.49819 0.50181 0.000916357 0.000916357
0.49819 0.50181 0.000916357 0.000916357
0.49819 0.50181 0.000916984 0.000916984
0.49819 0.50181 0.000916984 0.000916984
0.49819 0.50181 0.000916984 0.000916984
0.49819 0.50181 0.000916984 0.000916984
0.49819 0.50181 0.000916984 0.000916984
0.49819 0.50181 0.000916984 0.000916984
0.49819 0.50181 0.000916984 0.000916984
0.49819 0.50181 0.000916984 0.000916984
0.49818 0.50182 0.000918412 0.000918412
0.49817 0.50183 0.000918405 0.000918405
0.49816 0.50184 0.000917994 0.000917994
0.49817 0.50183 0.000918405 0.000918405
0.49817 0.50183 0.000918405 0.000918405
0.49818 0.50182 0.000918412 0.000918412
0.49818 0.50182 0.000918412 0.000918412
0.49818 0.50182 0.000918412 0.000918412
0.49819 0.50181 0.000918519 0.000918519
0.49819 0.50181 0.000918519 0.000918519
0.49819 0.50181 0.000918519 0.000918519
0.49819 0.50181 0.000918519 0.000918519
0.4982 0.5018 0.000919051 0.000919051
0.49819 0.50181 0.00091864 0.00091864
0.49819 0.50181 0.00091864 0.00091864
0.49819 0.50181 0.000918519 0.000918519
0.49819 0.50181 0.000918519 0.000918519
0.49819 0.50181 0.000918438 0.000918438
0.4982 0.5018 0.000918465 0.000918465
0.4982 0.5018 0.000918465 0.000918465
0.4982 0.5018 0.000918465 0.000918465
0.4982 0.5018 0.000918465 0.000918465
0.4982 0.5018 0.000918465 0.000918465
0.49819 0.50181 0.000917933 0.000917933
0.49818 0.50182 0.000917927 0.000917927
0.49818 0.50182 0.000917927 0.000917927
0.49818 0.50182 0.000917927 0.000917927
0.49818 0.50182 0.000917927 0.000917927
0.49819 0.50181 0.000918458 0.000918458
0.49819 0.50181 0.000918458 0.000918458
0.49819 0.50181 0.000918458 0.000918458
0.4982 0.5018 0.00091899 0.00091899
0.4982 0.5018 0.00091899 0.00091899
0.4982 0.5018 0.00091899 0.00091899
0.4982 0.5018 0.00091899 0.00091899
0.4982 0.5018 0.00091899 0.00091899
0.4982 0.5018 0.00091899 0.00091899
0.4982 0.5018 0.00091899 0.00091899
0.4982 0.5018 0.00091899 0.00091899
0.49819 0.50181 0.000918458 0.000918458
0.4982 0.5018 0.00091899 0.00091899
0.49819 0.50181 0.000918964 0.000918964
0.4982 0.5018 0.00091899 0.00091899
0.49821 0.50179 0.000918854 0.000918854
0.4982 0.5018 0.000918828 0.000918828
0.4982 0.5018 0.000918828 0.000918828
0.4982 0.5018 0.000918828 0.000918828
0.49819 0.50181 0.000918661 0.000918661
0.49819 0.50181 0.000918661 0.000918661
0.49819 0.50181 0.000918661 0.000918661
0.49819 0.50181 0.000918661 0.000918661
0.49817 0.50183 0.000917476 0.000917476
