1506 1664 1838 1757
1558 1635 1719 1831
1547 1645 1841 1752
1525 1651 1738 1752
1604 1553 1774 1803
1583 1608 1645 1886
1584 1595 1778 1804
1609 1561 1797 1765
1581 1644 1841 1714
1575 1588 1773 1739
1553 1618 1738 1769
1659 1564 1814 1735
1563 1621 1745 1751
1554 1620 1644 1862
1522 1621 1835 1743
1623 1505 1795 1713
1622 1542 1761 1810
1576 1601 1788 1732
1587 1592 1804 1752
1612 1576 1819 1767
1537 1612 1802 1744
1539 1615 1736 1801
1562 1603 1819 1771
1489 1668 1692 1879
1479 1642 1669 1912
1613 1625 1851 1672
1571 1566 1766 1790
1608 1568 1745 1807
1598 1623 1757 1835
1571 1598 1724 1860
1601 1617 1826 1723
1582 1651 1708 1971
1435 1670 1751 1839
1602 1608 1749 1694
1595 1640 1791 1801
1639 1571 1741 1831
1641 1548 1791 1800
1608 1572 1744 1777
1651 1551 1826 1724
1602 1605 1802 1778
1596 1618 1750 1778
1636 1589 1796 1801
1581 1573 1797 1725
1549 1593 1706 1871
1661 1565 1849 1729
1653 1542 1743 1732
1567 1624 1778 1806
1605 1576 1781 1802
1556 1577 1822 1744
1588 1615 1719 1862

