380 348 1422 1139
346 352 1021 871
365 345 927 754
404 380 943 706
361 366 886 712
399 369 1326 1327
367 370 958 955
381 380 936 878
407 407 861 803
389 389 808 794
411 396 1242 1194
398 337 923 892
369 389 933 878
397 371 796 788
404 378 803 812
351 374 1248 1187
372 391 1012 899
401 382 858 840
371 386 808 752
370 339 794 727
407 374 1201 1296
391 371 945 994
350 345 822 864
373 366 849 833
399 406 803 848
401 373 1209 1200
386 364 919 848
374 351 892 747
368 335 849 735
380 355 871 706
368 384 1132 1207
399 386 918 950
401 431 866 879
398 429 757 813
370 371 812 804
354 371 1249 1100
385 367 956 819
346 356 887 759
376 346 865 712
352 371 804 758
370 363 1089 1325
364 370 848 966
375 365 792 910
364 363 748 826
365 369 806 781
360 340 1258 1217
373 387 905 921
389 371 770 853
354 342 701 866
334 395 697 842

