1579 1589 1793 1796
1604 1591 1691 1746
1585 1631 1714 1715
1598 1567 1717 1734
1568 1621 1719 1712
1513 1635 1769 1722
1623 1590 1792 1610
1547 1600 1906 1574
1612 1576 1735 1716
1494 1670 1757 1668
1590 1599 1793 1658
1624 1632 1659 1796
1599 1606 1689 1735
1552 1593 1657 1708
1659 1498 1671 1806
1539 1636 1748 1702
1611 1575 1576 1880
1602 1571 1748 1713
1550 1638 1913 1579
1543 1666 1628 1708
1564 1575 1815 1601
1658 1486 1776 1665
1567 1636 1726 1715
1618 1587 1782 1598
1578 1609 1775 1664
1527 1733 1744 1635
1610 1597 1799 1638
1654 1560 1762 1614
1518 1669 1890 1542
1606 1571 1721 1694
1574 1568 1804 1695
1576 1605 1725 1678
1593 1611 1715 1718
1633 1598 1774 1692
1641 1500 1739 1727
1611 1558 1595 1794
1608 1541 1556 1786
1570 1638 1667 1745
1626 1551 1631 1754
1617 1558 1757 1658
1586 1579 1618 1731
1595 1553 1575 1778
1516 1655 1607 1765
1554 1632 1725 1691
1618 1521 1783 1635
1610 1596 1766 1638
1501 1645 1689 1753
1612 1598 1723 1672
1586 1617 1799 1604
1609 1592 1736 1729
1580 1592 1727 1669
1626 1582 1670 1747
1638 1570 1693 1707
1611 1610 1680 1741
1609 1595 1691 1738
1588 1588 1848 1623
1573 1604 1703 1675
1552 1612 1579 1816
1555 1594 1612 1814
1523 1627 1678 1734
1617 1601 1677 1755
1626 1542 1719 1734
1598 1622 1723 1692
1578 1595 1671 1682
1616 1594 1674 1690
1530 1639 1722 1668
1600 1621 1694 1718
1599 1598 1781 1583
1568 1614 1673 1749
1594 1567 1702 1742
1589 1599 1683 1736
1635 1529 1751 1660
1579 1583 1722 1656
1574 1631 1839 1554
1607 1590 1759 1643
1622 1602 1861 1621
1603 1587 1853 1575
1574 1661 1728 1666
1624 1540 1833 1553
1584 1563 1781 1623
1523 1642 1752 1617
1559 1618 1775 1663
1524 1630 1699 1708
1532 1611 1798 1589
1615 1600 1663 1695
1600 1569 1656 1783
1566 1625 1572 1880
1609 1581 1626 1737
1605 1608 1557 1899
1563 1610 1633 1754
1581 1658 1557 1799
1621 1600 1585 1794
1542 1651 1547 1822
1616 1566 1581 1811
1583 1623 1732 1683
1591 1581 1499 1870
1635 1575 1626 1799
1553 1641 1652 1745
1621 1662 1583 1802
1553 1612 1628 1780
