345 361 893 751
379 334 758 676
366 380 741 679
371 377 652 733
352 371 781 736
380 371 744 779
359 369 692 777
376 381 681 798
362 376 830 595
413 381 775 740
332 334 709 746
365 373 772 700
362 350 722 677
350 378 694 780
347 390 708 789
355 341 774 733
375 335 674 715
413 377 700 763
370 347 667 741
370 377 735 717
377 382 722 747
388 385 776 732
358 374 692 776
398 371 841 702
364 385 826 693
395 382 749 661
361 351 704 711
396 390 839 699
393 363 682 721
411 394 744 785
341 392 744 687
365 348 736 731
362 374 679 771
402 345 720 705
385 395 666 741
364 372 786 741
372 369 743 790
383 354 693 873
392 354 681 701
351 367 781 826
355 375 725 790
371 369 701 674
382 380 700 808
389 401 675 816
370 385 675 712
356 375 791 693
416 400 701 769
370 387 699 814
348 378 843 652
354 371 833 722

