1519 1650 2172 2657
1590 1566 2144 2686
1561 1549 2188 2651
1618 1602 2193 2651
1614 1566 2236 2655
1590 1605 2249 2743
1544 1627 2123 2862
1597 1598 2128 2842
1574 1638 2094 2905
1605 1667 2151 2929
1600 1607 2123 2942
1609 1575 2082 3010
1637 1523 2147 2978
1552 1644 2119 3032
1573 1611 2115 3020
1541 1684 2107 3084
1578 1611 2069 3098
1676 1555 2120 3058
1579 1605 2116 3089
1586 1613 2200 3027
1566 1623 2180 3050
1615 1548 2160 3086
1500 1659 2155 3076
1571 1607 2156 3115
1629 1596 2120 3122
1589 1596 2136 3127
1542 1633 2150 3108
1548 1655 2149 3098
1572 1608 2184 3131
1647 1556 2181 3069
1595 1658 2186 3088
1559 1586 2169 3098
1620 1627 2171 3139
1585 1617 2168 3140
1679 1500 2180 3136
1590 1614 2209 3147
1583 1574 2159 3140
1514 1646 2187 3142
1587 1570 2183 3129
1570 1513 2142 3184
1559 1634 2192 3148
1573 1631 2190 3124
1531 1646 2155 3208
1554 1590 2187 3131
1581 1597 2231 3088
1563 1629 2177 3182
1664 1587 2173 3161
1542 1638 2186 3202
1594 1610 2158 3188
1588 1646 2204 3133
1609 1551 2181 3158
1524 1687 2200 3122
1530 1654 2175 3232
1603 1605 2185 3184
1614 1567 2238 3119
1554 1666 2191 3265
1598 1597 2194 3217
1554 1619 2152 3219
1672 1488 2210 3187
1504 1647 2136 3216
1633 1515 2197 3165
1604 1554 2168 3219
1564 1620 2179 3272
1570 1599 2127 3263
1561 1639 2102 3309
1613 1522 2110 3309
1517 1574 2118 3258
1571 1604 2071 3275
1633 1614 2055 3303
1581 1606 2065 3339
1564 1600 2157 3306
1604 1630 2124 3301
1517 1649 2139 3304
1584 1593 2164 3281
1579 1570 2104 3317
1545 1589 2119 3291
1546 1662 2081 3341
1577 1565 2122 3274
1649 1522 2122 3265
1616 1564 2125 3290
1529 1609 2109 3261
1540 1632 2078 3319
1621 1540 2095 3309
1603 1619 2081 3388
1579 1623 2056 3391
1651 1565 2044 3358
1522 1617 2082 3342
1605 1558 2085 3332
1682 1551 2085 3358
1606 1577 2047 3409
1566 1622 2075 3388
1614 1567 2065 3406
1509 1710 2039 3459
1598 1602 2018 3460
1601 1554 1979 3467
1592 1578 1962 3446
1544 1610 1991 3408
1531 1677 2033 3492
1559 1570 2018 3426
1639 1577 2054 3436
