3 10 22 7
3 6 19 6
6 5 15 8
8 8 16 12
2 5 15 10
8 8 14 9
5 11 14 5
6 6 21 4
8 7 17 4
6 1 14 5
7 3 7 11
11 7 3 20
11 4 1 11
7 5 5 23
4 8 4 18
5 6 3 26
9 4 2 26
4 4 3 19
2 9 2 27
7 5 3 26
8 7 5 13
7 6 5 19
5 7 6 15
5 5 4 9
6 2 5 13
10 7 6 12
6 10 3 15
6 3 3 13
2 12 3 12
5 6 8 9
11 9 12 7
3 3 7 9
7 5 8 6
7 5 7 6
8 7 7 6
5 2 8 10
4 7 6 16
4 5 3 5
8 7 6 7
9 8 2 13
6 5 8 10
7 1 7 10
4 7 4 6
2 6 4 7
2 3 8 13
5 6 6 10
8 1 6 6
7 5 4 9
5 7 6 12
6 3 2 12
7 8 14 8
3 7 5 4
5 6 3 7
7 8 6 5
3 4 8 6
8 7 9 6
1 6 6 2
9 5 10 7
5 10 7 11
10 6 4 6
8 4 17 8
5 9 10 5
9 10 6 8
5 8 15 2
5 11 14 7
6 13 14 5
7 8 7 5
5 7 11 6
2 17 14 10
8 5 8 11
0 2 7 6
7 8 12 3
3 7 14 3
1 7 12 2
6 10 16 2
9 5 12 3
4 8 8 3
3 7 9 5
3 5 11 1
4 2 11 6
5 6 5 9
3 3 13 7
4 6 10 11
4 3 9 4
6 4 13 6
6 2 12 5
5 4 12 6
10 4 17 9
6 1 16 8
6 6 17 12
7 7 18 4
6 7 13 2
5 9 9 7
5 12 14 6
8 5 9 3
7 6 5 3
8 10 11 2
5 5 5 5
5 10 11 5
3 3 4 6
