8 3 2 7
9 8 8 4
8 10 8 9
7 4 6 8
5 10 6 9
6 8 7 6
2 13 8 15
4 9 5 9
6 9 14 8
9 4 10 5
2 8 8 12
5 9 4 12
5 5 5 12
10 5 5 15
7 4 3 15
6 5 1 14
4 6 3 18
4 8 4 16
6 6 4 12
9 3 4 18
8 5 10 7
9 4 14 8
6 6 10 5
6 5 13 7
5 6 16 8
4 7 20 4
8 2 19 3
6 3 13 3
7 3 21 3
7 8 27 2
10 2 13 8
5 7 2 16
6 12 3 16
5 7 4 12
5 7 9 12
8 7 5 12
8 8 7 7
7 1 6 10
7 11 4 15
10 6 5 12
9 4 12 7
3 4 8 10
2 4 3 12
5 6 7 12
4 4 6 5
7 4 9 7
7 3 8 6
8 2 5 7
3 3 2 6
6 4 3 9
8 4 12 4
6 5 14 3
4 6 8 5
8 4 12 3
4 4 14 3
2 5 21 4
12 6 24 4
5 7 21 3
3 4 18 3
5 6 16 1
7 4 11 6
4 3 11 6
6 5 6 5
5 5 10 10
4 6 6 8
7 3 11 6
7 7 10 4
8 8 13 7
8 4 6 9
8 5 7 10
10 8 5 7
12 9 12 10
6 3 10 17
9 3 9 11
10 8 9 15
9 3 4 16
6 12 5 16
12 8 9 15
8 11 6 12
7 5 8 11
7 4 9 15
4 9 3 17
7 4 5 15
4 6 7 2
6 8 9 5
7 4 5 10
9 6 2 13
7 3 3 15
4 4 3 16
9 6 4 15
4 4 14 2
10 2 19 1
9 3 22 1
7 4 15 2
4 3 13 4
5 5 10 4
4 6 11 5
8 8 18 6
5 12 13 4
7 12 12 4
