0.50032 0.49968 3.12905e-05 3.12905e-05
0.5003 0.4997 7.29394e-05 7.29394e-05
0.50055 0.49945 9.68763e-05 9.68763e-05
0.50045 0.49955 0.000130614 0.000130614
0.50009 0.49991 0.000189234 0.000189234
0.50014 0.49986 0.000227475 0.000227475
0.50037 0.49963 0.00022872 0.00022872
0.5009 0.4991 0.000267485 0.000267485
0.50021 0.49979 0.00025944 0.00025944
0.49902 0.50098 0.000294949 0.000294949
0.4987 0.5013 0.000313141 0.000313141
0.49903 0.50097 0.000340292 0.000340292
0.49868 0.50132 0.000347189 0.000347189
0.49812 0.50188 0.000385662 0.000385662
0.49792 0.50208 0.000359509 0.000359509
0.49747 0.50253 0.000342757 0.000342757
0.49854 0.50146 0.000387382 0.000387382
0.49945 0.50055 0.000359321 0.000359321
0.49867 0.50133 0.000354183 0.000354183
0.5 0.5 0.000343273 0.000343273
0.49934 0.50066 0.000377661 0.000377661
0.49914 0.50086 0.000393798 0.000393798
0.50043 0.49957 0.000411763 0.000411763
0.50004 0.49996 0.000407938 0.000407938
0.50025 0.49975 0.000390391 0.000390391
0.49988 0.50012 0.000390753 0.000390753
0.50036 0.49964 0.000407808 0.000407808
0.50085 0.49915 0.000434937 0.000434937
0.50044 0.49956 0.000446229 0.000446229
0.50138 0.49862 0.000455672 0.000455672
0.50176 0.49824 0.000438709 0.000438709
0.50198 0.49802 0.000454646 0.000454646
0.50151 0.49849 0.000428677 0.000428677
0.50183 0.49817 0.000453476 0.000453476
0.50111 0.49889 0.000439392 0.000439392
0.50117 0.49883 0.000409435 0.000409435
0.50198 0.49802 0.000416949 0.000416949
0.50198 0.49802 0.000403575 0.000403575
0.50131 0.49869 0.000427004 0.000427004
0.50059 0.49941 0.000412446 0.000412446
0.50027 0.49973 0.000435169 0.000435169
0.50061 0.49939 0.000444644 0.000444644
0.49998 0.50002 0.000429192 0.000429192
0.50037 0.49963 0.000408983 0.000408983
0.50009 0.49991 0.000408285 0.000408285
0.50061 0.49939 0.000424018 0.000424018
0.50102 0.49898 0.000419575 0.000419575
0.50042 0.49958 0.000432994 0.000432994
0.50016 0.49984 0.000401691 0.000401691
0.50011 0.49989 0.000372543 0.000372543
0.4991 0.5009 0.000345545 0.000345545
0.49966 0.50034 0.000336509 0.000336509
0.49962 0.50038 0.000343895 0.000343895
0.49918 0.50082 0.000365967 0.000365967
0.4999 0.5001 0.000378455 0.000378455
0.50059 0.49941 0.000381578 0.000381578
0.50083 0.49917 0.000406627 0.000406627
0.50013 0.49987 0.00039569 0.00039569
0.49997 0.50003 0.000392999 0.000392999
0.50027 0.49973 0.000358401 0.000358401
0.50029 0.49971 0.000375077 0.000375077
0.50004 0.49996 0.000456039 0.000456039
0.50011 0.49989 0.000454745 0.000454745
0.49889 0.50111 0.000445776 0.000445776
0.49815 0.50185 0.000416755 0.000416755
0.49804 0.50196 0.000388948 0.000388948
0.49781 0.50219 0.000418903 0.000418903
0.49729 0.50271 0.000431945 0.000431945
0.49706 0.50294 0.000397249 0.000397249
0.49732 0.50268 0.000445816 0.000445816
0.4967 0.5033 0.000438131 0.000438131
0.49651 0.50349 0.000440576 0.000440576
0.49616 0.50384 0.000463045 0.000463045
0.49609 0.50391 0.000452527 0.000452527
0.49551 0.50449 0.00049001 0.00049001
0.49654 0.50346 0.000467322 0.000467322
0.49707 0.50293 0.000448308 0.000448308
0.49618 0.50382 0.000459301 0.000459301
0.4955 0.5045 0.000438556 0.000438556
0.49562 0.50438 0.000506278 0.000506278
0.49619 0.50381 0.000515267 0.000515267
0.49642 0.50358 0.000478226 0.000478226
0.49589 0.50411 0.000522261 0.000522261
0.49541 0.50459 0.000463658 0.000463658
0.4953 0.5047 0.000457 0.000457
0.49526 0.50474 0.000463528 0.000463528
0.49556 0.50444 0.000452754 0.000452754
0.49554 0.50446 0.000460998 0.000460998
0.496 0.504 0.000443859 0.000443859
0.49626 0.50374 0.000419608 0.000419608
0.49793 0.50207 0.000455763 0.000455763
0.49889 0.50111 0.000466947 0.000466947
0.49967 0.50033 0.000471052 0.000471052
0.49924 0.50076 0.000445901 0.000445901
0.49878 0.50122 0.000461466 0.000461466
0.49845 0.50155 0.000485301 0.000485301
0.49892 0.50108 0.000528721 0.000528721
0.49883 0.50117 0.000524829 0.000524829
0.49925 0.50075 0.000582755 0.000582755
0.49878 0.50122 0.00055888 0.00055888
0.49929 0.50071 0.000574491 0.000574491
0.49925 0.50075 0.000570391 0.000570391
0.49955 0.50045 0.000610513 0.000610513
0.49931 0.50069 0.000559469 0.000559469
0.49811 0.50189 0.000564402 0.000564402
0.49784 0.50216 0.000545509 0.000545509
0.4984 0.5016 0.000520646 0.000520646
0.49782 0.50218 0.000484432 0.000484432
0.49789 0.50211 0.000508887 0.000508887
0.49767 0.50233 0.000548122 0.000548122
0.49783 0.50217 0.000542728 0.000542728
0.49747 0.50253 0.000511141 0.000511141
0.4985 0.5015 0.000545202 0.000545202
0.49878 0.50122 0.000572295 0.000572295
0.49858 0.50142 0.000568771 0.000568771
0.49875 0.50125 0.000569159 0.000569159
0.49818 0.50182 0.000559664 0.000559664
0.49855 0.50145 0.000569785 0.000569785
0.49871 0.50129 0.00051245 0.00051245
0.49941 0.50059 0.000501517 0.000501517
0.49925 0.50075 0.000493058 0.000493058
0.49871 0.50129 0.00052039 0.00052039
0.49854 0.50146 0.000544049 0.000544049
0.49825 0.50175 0.000556917 0.000556917
0.49823 0.50177 0.000527654 0.000527654
0.4986 0.5014 0.000543919 0.000543919
0.49846 0.50154 0.000578554 0.000578554
0.49881 0.50119 0.000572721 0.000572721
0.49878 0.50122 0.000556517 0.000556517
0.49774 0.50226 0.000582235 0.000582235
0.4974 0.5026 0.000597717 0.000597717
0.49709 0.50291 0.000604042 0.000604042
0.49718 0.50282 0.000598856 0.000598856
0.49861 0.50139 0.000612321 0.000612321
0.49822 0.50178 0.000589204 0.000589204
0.49815 0.50185 0.000570068 0.000570068
0.49817 0.50183 0.000545759 0.000545759
0.49844 0.50156 0.000576734 0.000576734
0.49862 0.50138 0.000511814 0.000511814
0.49911 0.50089 0.000560867 0.000560867
0.49948 0.50052 0.000562737 0.000562737
0.49952 0.50048 0.000542333 0.000542333
0.49938 0.50062 0.000485612 0.000485612
0.49953 0.50047 0.000471848 0.000471848
0.50045 0.49955 0.000467381 0.000467381
0.49958 0.50042 0.000474852 0.000474852
0.49922 0.50078 0.000504779 0.000504779
0.49962 0.50038 0.000517955 0.000517955
0.49945 0.50055 0.000586008 0.000586008
0.49928 0.50072 0.000582729 0.000582729
0.49911 0.50089 0.000606503 0.000606503
0.49962 0.50038 0.000609753 0.000609753
0.49996 0.50004 0.000580544 0.000580544
0.50078 0.49922 0.000576598 0.000576598
0.50065 0.49935 0.000637179 0.000637179
0.50075 0.49925 0.000630311 0.000630311
0.50104 0.49896 0.000624019 0.000624019
0.50097 0.49903 0.000608878 0.000608878
0.50054 0.49946 0.000656736 0.000656736
0.50151 0.49849 0.000647424 0.000647424
0.50064 0.49936 0.000589627 0.000589627
0.501 0.499 0.000598606 0.000598606
0.50136 0.49864 0.000626273 0.000626273
0.50124 0.49876 0.000657114 0.000657114
0.50166 0.49834 0.00062756 0.00062756
0.50132 0.49868 0.000619735 0.000619735
0.50077 0.49923 0.00068333 0.00068333
0.50095 0.49905 0.000724452 0.000724452
0.50082 0.49918 0.000793482 0.000793482
0.50025 0.49975 0.000806715 0.000806715
0.49982 0.50018 0.000773947 0.000773947
0.5008 0.4992 0.000727515 0.000727515
0.50091 0.49909 0.000715153 0.000715153
0.50048 0.49952 0.000729141 0.000729141
0.49959 0.50041 0.000733517 0.000733517
0.49987 0.50013 0.000695104 0.000695104
0.50029 0.49971 0.000698248 0.000698248
0.50045 0.49955 0.000710492 0.000710492
0.499 0.501 0.000741778 0.000741778
0.4996 0.5004 0.000709919 0.000709919
0.49894 0.50106 0.000672885 0.000672885
0.49863 0.50137 0.000664579 0.000664579
0.49911 0.50089 0.000647917 0.000647917
0.50038 0.49962 0.00063046 0.00063046
0.50059 0.49941 0.000639921 0.000639921
0.49943 0.50057 0.000593177 0.000593177
0.50038 0.49962 0.000574864 0.000574864
0.50026 0.49974 0.000577669 0.000577669
0.50057 0.49943 0.000555541 0.000555541
0.50013 0.49987 0.000569185 0.000569185
0.50022 0.49978 0.000554638 0.000554638
0.49973 0.50027 0.000546482 0.000546482
0.49962 0.50038 0.000525955 0.000525955
0.49947 0.50053 0.0005431 0.0005431
0.49976 0.50024 0.000608992 0.000608992
0.49955 0.50045 0.000627462 0.000627462
0.49999 0.50001 0.000640919 0.000640919
0.50124 0.49876 0.000624184 0.000624184
0.50179 0.49821 0.000629824 0.000629824
0.50172 0.49828 0.000619032 0.000619032
0.50242 0.49758 0.000580509 0.000580509
0.50235 0.49765 0.000587886 0.000587886
0.50265 0.49735 0.000611543 0.000611543
0.50175 0.49825 0.000626129 0.000626129
0.50175 0.49825 0.000619462 0.000619462
0.50175 0.49825 0.000614513 0.000614513
0.50159 0.49841 0.000629477 0.000629477
0.5019 0.4981 0.000635747 0.000635747
0.50159 0.49841 0.000625962 0.000625962
0.50142 0.49858 0.000635196 0.000635196
0.50024 0.49976 0.000620992 0.000620992
0.50072 0.49928 0.000614042 0.000614042
0.50101 0.49899 0.000621747 0.000621747
0.50116 0.49884 0.000628722 0.000628722
0.5012 0.4988 0.000652323 0.000652323
0.50148 0.49852 0.000626212 0.000626212
0.50139 0.49861 0.000551452 0.000551452
0.50059 0.49941 0.000592164 0.000592164
0.5003 0.4997 0.000575667 0.000575667
0.50073 0.49927 0.000559674 0.000559674
0.50081 0.49919 0.000567731 0.000567731
0.50042 0.49958 0.000589115 0.000589115
0.50016 0.49984 0.000563671 0.000563671
0.49998 0.50002 0.000554141 0.000554141
0.49996 0.50004 0.00055717 0.00055717
0.50056 0.49944 0.000586512 0.000586512
0.50097 0.49903 0.000612757 0.000612757
0.50022 0.49978 0.000630113 0.000630113
0.50037 0.49963 0.000648013 0.000648013
0.50066 0.49934 0.000631136 0.000631136
0.50126 0.49874 0.000659023 0.000659023
0.50153 0.49847 0.000662797 0.000662797
0.50167 0.49833 0.000696648 0.000696648
0.50083 0.49917 0.000724324 0.000724324
0.50094 0.49906 0.000760683 0.000760683
0.50132 0.49868 0.000740826 0.000740826
0.50164 0.49836 0.000721748 0.000721748
0.50221 0.49779 0.000684531 0.000684531
0.50118 0.49882 0.000686533 0.000686533
0.50097 0.49903 0.000651383 0.000651383
0.5006 0.4994 0.000564545 0.000564545
0.50071 0.49929 0.000567481 0.000567481
0.50056 0.49944 0.000523986 0.000523986
0.50091 0.49909 0.000578648 0.000578648
0.50084 0.49916 0.000611893 0.000611893
0.50065 0.49935 0.000581846 0.000581846
0.50048 0.49952 0.000571282 0.000571282
0.50123 0.49877 0.000611209 0.000611209
0.50161 0.49839 0.00062721 0.00062721
0.50204 0.49796 0.000593473 0.000593473
0.50126 0.49874 0.000583285 0.000583285
0.5015 0.4985 0.00062601 0.00062601
0.50104 0.49896 0.000627433 0.000627433
0.50058 0.49942 0.00063168 0.00063168
0.50034 0.49966 0.000637924 0.000637924
0.5001 0.4999 0.000643384 0.000643384
0.49992 0.50008 0.000666458 0.000666458
0.50024 0.49976 0.000640831 0.000640831
0.50029 0.49971 0.000627622 0.000627622
0.50026 0.49974 0.000658396 0.000658396
0.50045 0.49955 0.000608553 0.000608553
0.49925 0.50075 0.000626189 0.000626189
0.49971 0.50029 0.000669117 0.000669117
0.49955 0.50045 0.000650472 0.000650472
0.49994 0.50006 0.000639208 0.000639208
0.49945 0.50055 0.000650129 0.000650129
0.49968 0.50032 0.000636846 0.000636846
0.49939 0.50061 0.000596604 0.000596604
0.49947 0.50053 0.000612373 0.000612373
0.49934 0.50066 0.000615439 0.000615439
0.49925 0.50075 0.00062227 0.00062227
0.49946 0.50054 0.000608271 0.000608271
0.5001 0.4999 0.000578919 0.000578919
0.50017 0.49983 0.000587254 0.000587254
0.50045 0.49955 0.000574634 0.000574634
0.50078 0.49922 0.000571911 0.000571911
0.50097 0.49903 0.00059411 0.00059411
0.50149 0.49851 0.000616414 0.000616414
0.5013 0.4987 0.000611646 0.000611646
0.50186 0.49814 0.000619798 0.000619798
0.50161 0.49839 0.000577048 0.000577048
0.50198 0.49802 0.000574606 0.000574606
0.50296 0.49704 0.000611089 0.000611089
0.50244 0.49756 0.000628572 0.000628572
0.50313 0.49687 0.000599427 0.000599427
0.5023 0.4977 0.000657788 0.000657788
0.50131 0.49869 0.000678539 0.000678539
0.50167 0.49833 0.000682223 0.000682223
0.50117 0.49883 0.000661274 0.000661274
0.50085 0.49915 0.000632694 0.000632694
0.50168 0.49832 0.000562886 0.000562886
0.50093 0.49907 0.00058845 0.00058845
0.50058 0.49942 0.000635761 0.000635761
0.49934 0.50066 0.000661419 0.000661419
0.49982 0.50018 0.000704169 0.000704169
0.49925 0.50075 0.000742553 0.000742553
0.49899 0.50101 0.000715061 0.000715061
0.50002 0.49998 0.000706666 0.000706666
0.50037 0.49963 0.00068866 0.00068866
0.49999 0.50001 0.000731667 0.000731667
0.49995 0.50005 0.000709402 0.000709402
0.501 0.499 0.000650303 0.000650303
0.50054 0.49946 0.000703988 0.000703988
0.50048 0.49952 0.000741282 0.000741282
0.50079 0.49921 0.000722955 0.000722955
0.50123 0.49877 0.000759876 0.000759876
0.50042 0.49958 0.00076162 0.00076162
0.50009 0.49991 0.000744083 0.000744083
0.50001 0.49999 0.000763101 0.000763101
0.50048 0.49952 0.000767707 0.000767707
0.50076 0.49924 0.000739073 0.000739073
0.50097 0.49903 0.000701848 0.000701848
0.5012 0.4988 0.000693273 0.000693273
0.5011 0.4989 0.000670455 0.000670455
0.50193 0.49807 0.00063748 0.00063748
0.50162 0.49838 0.000648703 0.000648703
0.50193 0.49807 0.000621197 0.000621197
0.50218 0.49782 0.000601624 0.000601624
0.50148 0.49852 0.000605989 0.000605989
0.50248 0.49752 0.000639909 0.000639909
0.50196 0.49804 0.0006242 0.0006242
0.50208 0.49792 0.000635125 0.000635125
0.50212 0.49788 0.000618874 0.000618874
0.50248 0.49752 0.000639707 0.000639707
0.50205 0.49795 0.000660553 0.000660553
0.50078 0.49922 0.000694234 0.000694234
0.50034 0.49966 0.000665681 0.000665681
0.50033 0.49967 0.000689799 0.000689799
0.50085 0.49915 0.000698068 0.000698068
0.50107 0.49893 0.000663844 0.000663844
0.50156 0.49844 0.000670734 0.000670734
0.502 0.498 0.000679616 0.000679616
0.50181 0.49819 0.000641549 0.000641549
0.50181 0.49819 0.000638661 0.000638661
0.50197 0.49803 0.000608393 0.000608393
0.50143 0.49857 0.000630874 0.000630874
0.5004 0.4996 0.000642687 0.000642687
0.50105 0.49895 0.000702351 0.000702351
0.50133 0.49867 0.000739557 0.000739557
0.50204 0.49796 0.000740827 0.000740827
0.50214 0.49786 0.000763819 0.000763819
0.50141 0.49859 0.000761335 0.000761335
0.50209 0.49791 0.000749982 0.000749982
0.50187 0.49813 0.000781225 0.000781225
0.50191 0.49809 0.000865699 0.000865699
0.50136 0.49864 0.000877425 0.000877425
0.50101 0.49899 0.000879061 0.000879061
0.50063 0.49937 0.000880397 0.000880397
0.50061 0.49939 0.000911553 0.000911553
0.50056 0.49944 0.000949683 0.000949683
0.50027 0.49973 0.000912886 0.000912886
0.50104 0.49896 0.000894887 0.000894887
0.50094 0.49906 0.000887794 0.000887794
0.5012 0.4988 0.000892263 0.000892263
0.49998 0.50002 0.000905798 0.000905798
0.49987 0.50013 0.00091266 0.00091266
0.5001 0.4999 0.000901586 0.000901586
0.4995 0.5005 0.000866212 0.000866212
0.50003 0.49997 0.000873928 0.000873928
0.49978 0.50022 0.00091888 0.00091888
0.49935 0.50065 0.000956836 0.000956836
0.49898 0.50102 0.000921616 0.000921616
0.49907 0.50093 0.000931682 0.000931682
0.5001 0.4999 0.000892616 0.000892616
0.49967 0.50033 0.000900829 0.000900829
0.49913 0.50087 0.000909589 0.000909589
0.49916 0.50084 0.000933287 0.000933287
0.49969 0.50031 0.000887065 0.000887065
0.4993 0.5007 0.000817949 0.000817949
0.49902 0.50098 0.000830626 0.000830626
0.49879 0.50121 0.000750753 0.000750753
0.49842 0.50158 0.000813741 0.000813741
0.49821 0.50179 0.000860592 0.000860592
0.49855 0.50145 0.000881199 0.000881199
0.49923 0.50077 0.000860644 0.000860644
0.49961 0.50039 0.00088719 0.00088719
0.49966 0.50034 0.000891196 0.000891196
0.49952 0.50048 0.000901242 0.000901242
0.50021 0.49979 0.000861279 0.000861279
0.49998 0.50002 0.00082404 0.00082404
0.49988 0.50012 0.000797602 0.000797602
0.49926 0.50074 0.000816194 0.000816194
0.50006 0.49994 0.000801855 0.000801855
0.49998 0.50002 0.00079402 0.00079402
0.49914 0.50086 0.000755455 0.000755455
0.49882 0.50118 0.000756977 0.000756977
0.49903 0.50097 0.000798474 0.000798474
0.49855 0.50145 0.000840957 0.000840957
0.49866 0.50134 0.00075057 0.00075057
0.49883 0.50117 0.000767132 0.000767132
0.49943 0.50057 0.000739985 0.000739985
0.50034 0.49966 0.000745116 0.000745116
0.50022 0.49978 0.000732194 0.000732194
0.50063 0.49937 0.000740599 0.000740599
0.4994 0.5006 0.000710061 0.000710061
0.49977 0.50023 0.000703856 0.000703856
0.49973 0.50027 0.000739027 0.000739027
0.49979 0.50021 0.000729319 0.000729319
0.49995 0.50005 0.000712896 0.000712896
0.49992 0.50008 0.000697084 0.000697084
0.50011 0.49989 0.000748806 0.000748806
0.50055 0.49945 0.000715442 0.000715442
0.5011 0.4989 0.000758212 0.000758212
0.50117 0.49883 0.000754446 0.000754446
0.50094 0.49906 0.000723835 0.000723835
0.50111 0.49889 0.000733957 0.000733957
0.50126 0.49874 0.000733063 0.000733063
0.50088 0.49912 0.000720895 0.000720895
0.50027 0.49973 0.000737108 0.000737108
0.49946 0.50054 0.000753524 0.000753524
0.49912 0.50088 0.000796086 0.000796086
0.4997 0.5003 0.000804859 0.000804859
0.49966 0.50034 0.000845176 0.000845176
0.49914 0.50086 0.000796748 0.000796748
0.4983 0.5017 0.000724616 0.000724616
0.49905 0.50095 0.000740775 0.000740775
0.49894 0.50106 0.000726905 0.000726905
0.49856 0.50144 0.000715299 0.000715299
0.49864 0.50136 0.000701384 0.000701384
0.49783 0.50217 0.000710001 0.000710001
0.49822 0.50178 0.00071684 0.00071684
0.49841 0.50159 0.000736083 0.000736083
0.49872 0.50128 0.000745456 0.000745456
0.49923 0.50077 0.000723654 0.000723654
0.49967 0.50033 0.000750163 0.000750163
0.50003 0.49997 0.000743928 0.000743928
0.499 0.501 0.000701778 0.000701778
0.49877 0.50123 0.000714825 0.000714825
0.49892 0.50108 0.000707852 0.000707852
0.49897 0.50103 0.000689605 0.000689605
0.4989 0.5011 0.000686293 0.000686293
0.49948 0.50052 0.000665323 0.000665323
0.50006 0.49994 0.000662158 0.000662158
0.5 0.5 0.000650788 0.000650788
0.49929 0.50071 0.00064243 0.00064243
0.49985 0.50015 0.000674492 0.000674492
0.49994 0.50006 0.000647027 0.000647027
0.50045 0.49955 0.00066924 0.00066924
0.5009 0.4991 0.000640172 0.000640172
0.50047 0.49953 0.000668171 0.000668171
0.50074 0.49926 0.000669811 0.000669811
0.50049 0.49951 0.000705566 0.000705566
0.50036 0.49964 0.000677505 0.000677505
0.49923 0.50077 0.000700886 0.000700886
0.49951 0.50049 0.000692232 0.000692232
0.49986 0.50014 0.000712748 0.000712748
0.50005 0.49995 0.000735038 0.000735038
0.49986 0.50014 0.000706425 0.000706425
0.50011 0.49989 0.000700725 0.000700725
0.50031 0.49969 0.000716903 0.000716903
0.50005 0.49995 0.000725179 0.000725179
0.49955 0.50045 0.000707442 0.000707442
0.49952 0.50048 0.00075007 0.00075007
0.49993 0.50007 0.000716914 0.000716914
0.49946 0.50054 0.000727544 0.000727544
0.49911 0.50089 0.000752927 0.000752927
0.49816 0.50184 0.000803065 0.000803065
0.49781 0.50219 0.000812378 0.000812378
0.49789 0.50211 0.000778422 0.000778422
0.49834 0.50166 0.000759823 0.000759823
0.49911 0.50089 0.000778442 0.000778442
0.49955 0.50045 0.000762149 0.000762149
0.49948 0.50052 0.000800333 0.000800333
0.4997 0.5003 0.000785404 0.000785404
0.49984 0.50016 0.000735429 0.000735429
0.49923 0.50077 0.000783472 0.000783472
0.49926 0.50074 0.000769305 0.000769305
0.49912 0.50088 0.000780086 0.000780086
0.5 0.5 0.000790808 0.000790808
0.50024 0.49976 0.000797336 0.000797336
0.49957 0.50043 0.000837419 0.000837419
0.49881 0.50119 0.000813145 0.000813145
0.49915 0.50085 0.000843442 0.000843442
0.49935 0.50065 0.000863119 0.000863119
0.4998 0.5002 0.000874869 0.000874869
0.49984 0.50016 0.000841328 0.000841328
0.49969 0.50031 0.000775873 0.000775873
0.49987 0.50013 0.000771084 0.000771084
0.49984 0.50016 0.000762782 0.000762782
0.49926 0.50074 0.000776114 0.000776114
0.49936 0.50064 0.000738839 0.000738839
0.49933 0.50067 0.000761274 0.000761274
0.49928 0.50072 0.000770446 0.000770446
0.49875 0.50125 0.000736795 0.000736795
0.49923 0.50077 0.000748765 0.000748765
0.49904 0.50096 0.000789109 0.000789109
0.49811 0.50189 0.000763392 0.000763392
0.49911 0.50089 0.000736867 0.000736867
0.49858 0.50142 0.000754246 0.000754246
0.49959 0.50041 0.000766164 0.000766164
0.49926 0.50074 0.00077377 0.00077377
0.49964 0.50036 0.000758233 0.000758233
0.49995 0.50005 0.000749664 0.000749664
0.50027 0.49973 0.000729633 0.000729633
0.50076 0.49924 0.000722063 0.000722063
0.50048 0.49952 0.000738313 0.000738313
0.50069 0.49931 0.000749953 0.000749953
0.50013 0.49987 0.000826074 0.000826074
0.50083 0.49917 0.000789254 0.000789254
0.5003 0.4997 0.000772333 0.000772333
