0.49967 0.50033 1.96779e-05 1.96779e-05
0.50064 0.49936 3.8657e-05 3.8657e-05
0.50034 0.49966 4.95802e-05 4.95802e-05
0.49988 0.50012 5.79248e-05 5.79248e-05
0.5004 0.4996 5.59192e-05 5.59192e-05
0.49991 0.50009 8.07292e-05 8.07292e-05
0.49988 0.50012 8.85511e-05 8.85511e-05
0.49974 0.50026 8.8962e-05 8.8962e-05
0.49888 0.50112 0.000106046 0.000106046
0.49889 0.50111 0.000102685 0.000102685
0.49843 0.50157 0.000109844 0.000109844
0.49882 0.50118 0.000124331 0.000124331
0.49901 0.50099 0.000133182 0.000133182
0.49947 0.50053 0.000131242 0.000131242
0.49988 0.50012 0.000131521 0.000131521
0.49978 0.50022 0.000135345 0.000135345
0.49976 0.50024 0.000143053 0.000143053
0.50074 0.49926 0.000154013 0.000154013
0.50097 0.49903 0.000157686 0.000157686
0.50001 0.49999 0.000176475 0.000176475
0.50005 0.49995 0.000170149 0.000170149
0.49997 0.50003 0.000181868 0.000181868
0.50026 0.49974 0.000214982 0.000214982
0.50069 0.49931 0.000219347 0.000219347
0.50076 0.49924 0.00021677 0.00021677
0.50084 0.49916 0.00020856 0.00020856
0.50106 0.49894 0.000195673 0.000195673
0.50101 0.49899 0.000185545 0.000185545
0.49999 0.50001 0.000200778 0.000200778
0.49991 0.50009 0.000222891 0.000222891
0.50067 0.49933 0.000219395 0.000219395
0.50063 0.49937 0.000213528 0.000213528
0.50085 0.49915 0.000207422 0.000207422
0.50017 0.49983 0.000197819 0.000197819
0.49946 0.50054 0.000209423 0.000209423
0.50007 0.49993 0.000217662 0.000217662
0.50054 0.49946 0.00021419 0.00021419
0.50046 0.49954 0.000217423 0.000217423
0.50114 0.49886 0.000204728 0.000204728
0.50123 0.49877 0.000199654 0.000199654
0.50064 0.49936 0.000189122 0.000189122
0.50097 0.49903 0.000194393 0.000194393
0.50144 0.49856 0.000206047 0.000206047
0.50075 0.49925 0.000214553 0.000214553
0.50076 0.49924 0.000209316 0.000209316
0.50016 0.49984 0.000202762 0.000202762
0.49994 0.50006 0.00021032 0.00021032
0.50049 0.49951 0.000214434 0.000214434
0.50097 0.49903 0.000197565 0.000197565
0.501 0.499 0.000213212 0.000213212
0.50097 0.49903 0.000214635 0.000214635
0.50116 0.49884 0.000206358 0.000206358
0.50146 0.49854 0.000195564 0.000195564
0.50104 0.49896 0.00020214 0.00020214
0.50116 0.49884 0.00020856 0.00020856
0.50138 0.49862 0.000195652 0.000195652
0.50152 0.49848 0.000197787 0.000197787
0.50196 0.49804 0.000230625 0.000230625
0.50246 0.49754 0.000235584 0.000235584
0.50203 0.49797 0.000253989 0.000253989
0.50166 0.49834 0.00025255 0.00025255
0.50275 0.49725 0.000245826 0.000245826
0.50222 0.49778 0.00025082 0.00025082
0.50156 0.49844 0.000238047 0.000238047
0.50159 0.49841 0.000227133 0.000227133
0.50167 0.49833 0.000243718 0.000243718
0.50183 0.49817 0.000253092 0.000253092
0.5014 0.4986 0.000250808 0.000250808
0.50169 0.49831 0.000257246 0.000257246
0.50066 0.49934 0.000254206 0.000254206
0.50082 0.49918 0.000262008 0.000262008
0.50005 0.49995 0.000268735 0.000268735
0.50036 0.49964 0.000272415 0.000272415
0.50034 0.49966 0.00029057 0.00029057
0.49979 0.50021 0.000301844 0.000301844
0.50054 0.49946 0.000268594 0.000268594
0.50105 0.49895 0.000267038 0.000267038
0.50097 0.49903 0.000276231 0.000276231
0.50064 0.49936 0.000266859 0.000266859
0.50025 0.49975 0.000263482 0.000263482
0.50032 0.49968 0.000262826 0.000262826
0.50052 0.49948 0.000264858 0.000264858
0.5002 0.4998 0.000280586 0.000280586
0.49988 0.50012 0.000305985 0.000305985
0.50074 0.49926 0.000349811 0.000349811
0.50024 0.49976 0.000337235 0.000337235
0.5004 0.4996 0.000307616 0.000307616
0.50014 0.49986 0.000287556 0.000287556
0.49961 0.50039 0.000298927 0.000298927
0.49996 0.50004 0.000294301 0.000294301
0.50027 0.49973 0.000276078 0.000276078
0.50024 0.49976 0.000273538 0.000273538
0.50043 0.49957 0.000263985 0.000263985
0.50031 0.49969 0.000254479 0.000254479
0.50025 0.49975 0.000283058 0.000283058
0.5005 0.4995 0.000273788 0.000273788
0.50021 0.49979 0.000273602 0.000273602
0.5007 0.4993 0.00025896 0.00025896
0.50118 0.49882 0.000264937 0.000264937
0.50085 0.49915 0.000251927 0.000251927
0.50051 0.49949 0.000263162 0.000263162
0.50032 0.49968 0.000269412 0.000269412
0.50118 0.49882 0.000264856 0.000264856
0.50142 0.49858 0.000275579 0.000275579
0.50227 0.49773 0.000270118 0.000270118
0.50283 0.49717 0.000295435 0.000295435
0.50257 0.49743 0.000294571 0.000294571
0.50196 0.49804 0.000303231 0.000303231
0.5018 0.4982 0.000307556 0.000307556
0.50211 0.49789 0.000279776 0.000279776
0.50182 0.49818 0.000279301 0.000279301
0.5013 0.4987 0.000279828 0.000279828
0.5014 0.4986 0.000275798 0.000275798
0.50075 0.49925 0.000267119 0.000267119
0.50085 0.49915 0.000268513 0.000268513
0.50068 0.49932 0.000254341 0.000254341
0.5014 0.4986 0.000311111 0.000311111
0.50128 0.49872 0.00029083 0.00029083
0.5017 0.4983 0.00029698 0.00029698
0.50203 0.49797 0.000280777 0.000280777
0.5023 0.4977 0.000274455 0.000274455
0.50254 0.49746 0.000273786 0.000273786
0.50291 0.49709 0.000301578 0.000301578
0.50219 0.49781 0.00029765 0.00029765
0.50098 0.49902 0.000312666 0.000312666
0.50075 0.49925 0.000330795 0.000330795
0.50091 0.49909 0.000306325 0.000306325
0.50086 0.49914 0.000312283 0.000312283
0.50106 0.49894 0.00028939 0.00028939
0.5009 0.4991 0.000293242 0.000293242
0.5007 0.4993 0.000291404 0.000291404
0.50047 0.49953 0.000321343 0.000321343
0.50007 0.49993 0.000333985 0.000333985
0.50046 0.49954 0.00033215 0.00033215
0.50013 0.49987 0.000362639 0.000362639
0.50002 0.49998 0.00033301 0.00033301
0.49997 0.50003 0.000332231 0.000332231
0.49983 0.50017 0.000318446 0.000318446
0.5002 0.4998 0.000312263 0.000312263
0.50062 0.49938 0.000311571 0.000311571
0.50054 0.49946 0.000310978 0.000310978
0.50003 0.49997 0.000317585 0.000317585
0.49988 0.50012 0.000349884 0.000349884
0.50014 0.49986 0.000338849 0.000338849
0.50008 0.49992 0.00034967 0.00034967
0.50066 0.49934 0.000342934 0.000342934
0.50131 0.49869 0.000329974 0.000329974
0.50139 0.49861 0.000361634 0.000361634
0.50094 0.49906 0.000362097 0.000362097
0.50172 0.49828 0.000371194 0.000371194
0.50175 0.49825 0.000357664 0.000357664
0.50091 0.49909 0.00034984 0.00034984
0.50055 0.49945 0.000358351 0.000358351
0.50017 0.49983 0.000380365 0.000380365
0.50027 0.49973 0.000371593 0.000371593
0.50064 0.49936 0.000388495 0.000388495
0.50096 0.49904 0.000401695 0.000401695
0.50127 0.49873 0.000389936 0.000389936
0.50112 0.49888 0.000396733 0.000396733
0.50111 0.49889 0.000403675 0.000403675
0.50093 0.49907 0.000394571 0.000394571
0.50161 0.49839 0.000382139 0.000382139
0.50195 0.49805 0.000379604 0.000379604
0.50264 0.49736 0.000382819 0.000382819
0.5029 0.4971 0.000381343 0.000381343
0.50224 0.49776 0.000360245 0.000360245
0.50215 0.49785 0.000367967 0.000367967
0.50252 0.49748 0.000363363 0.000363363
0.50234 0.49766 0.000371944 0.000371944
0.50238 0.49762 0.000383066 0.000383066
0.5032 0.4968 0.000356202 0.000356202
0.50343 0.49657 0.00034247 0.00034247
0.50383 0.49617 0.000344425 0.000344425
0.50346 0.49654 0.000341746 0.000341746
0.50329 0.49671 0.000348592 0.000348592
0.50293 0.49707 0.000328086 0.000328086
0.50301 0.49699 0.000345566 0.000345566
0.5025 0.4975 0.000358596 0.000358596
0.50251 0.49749 0.000347828 0.000347828
0.50284 0.49716 0.000357328 0.000357328
0.50382 0.49618 0.000335078 0.000335078
0.50402 0.49598 0.000342444 0.000342444
0.50345 0.49655 0.000361119 0.000361119
0.50316 0.49684 0.000363449 0.000363449
0.5022 0.4978 0.000343838 0.000343838
0.50185 0.49815 0.000367644 0.000367644
0.50181 0.49819 0.000355186 0.000355186
0.50195 0.49805 0.000379361 0.000379361
0.50262 0.49738 0.000388177 0.000388177
0.50234 0.49766 0.000389419 0.000389419
0.50235 0.49765 0.000386553 0.000386553
0.50187 0.49813 0.000354256 0.000354256
0.5013 0.4987 0.000376232 0.000376232
0.50132 0.49868 0.000372664 0.000372664
0.50076 0.49924 0.000350326 0.000350326
0.50129 0.49871 0.000356774 0.000356774
0.50098 0.49902 0.000364121 0.000364121
0.50054 0.49946 0.000336594 0.000336594
0.50078 0.49922 0.000336941 0.000336941
0.50095 0.49905 0.000347967 0.000347967
0.50079 0.49921 0.000340147 0.000340147
0.50128 0.49872 0.000345901 0.000345901
0.50084 0.49916 0.000333045 0.000333045
0.50036 0.49964 0.000355162 0.000355162
0.49978 0.50022 0.00034781 0.00034781
0.49946 0.50054 0.000339423 0.000339423
0.49936 0.50064 0.00034096 0.00034096
0.49933 0.50067 0.000340749 0.000340749
0.49958 0.50042 0.000389398 0.000389398
0.5003 0.4997 0.000386939 0.000386939
0.5006 0.4994 0.000389374 0.000389374
0.50117 0.49883 0.000375031 0.000375031
0.50125 0.49875 0.000368028 0.000368028
0.50104 0.49896 0.000376867 0.000376867
0.50102 0.49898 0.000368747 0.000368747
0.50103 0.49897 0.000378878 0.000378878
0.50074 0.49926 0.000360982 0.000360982
0.50046 0.49954 0.000350796 0.000350796
0.50042 0.49958 0.000356913 0.000356913
0.49981 0.50019 0.000358863 0.000358863
0.49952 0.50048 0.000372434 0.000372434
0.49904 0.50096 0.000362099 0.000362099
0.49983 0.50017 0.000360789 0.000360789
0.50008 0.49992 0.00035268 0.00035268
0.50001 0.49999 0.000347545 0.000347545
0.49968 0.50032 0.000340099 0.000340099
0.49983 0.50017 0.000361112 0.000361112
0.50084 0.49916 0.000359025 0.000359025
0.50148 0.49852 0.000352798 0.000352798
0.5016 0.4984 0.000358687 0.000358687
0.50045 0.49955 0.000356412 0.000356412
0.50044 0.49956 0.000344976 0.000344976
0.50031 0.49969 0.00035361 0.00035361
0.49991 0.50009 0.00037679 0.00037679
0.49956 0.50044 0.000352613 0.000352613
0.4988 0.5012 0.000347374 0.000347374
0.49879 0.50121 0.000334592 0.000334592
0.49931 0.50069 0.000308701 0.000308701
0.49995 0.50005 0.000348634 0.000348634
0.50021 0.49979 0.000358895 0.000358895
0.50053 0.49947 0.000339928 0.000339928
0.5011 0.4989 0.000318434 0.000318434
0.5008 0.4992 0.000345515 0.000345515
0.50089 0.49911 0.00033117 0.00033117
0.50129 0.49871 0.000318854 0.000318854
0.50106 0.49894 0.000328885 0.000328885
0.50104 0.49896 0.00033218 0.00033218
0.50092 0.49908 0.000345933 0.000345933
0.50099 0.49901 0.000341202 0.000341202
0.50069 0.49931 0.000336479 0.000336479
0.50049 0.49951 0.000319545 0.000319545
0.50062 0.49938 0.000310097 0.000310097
0.50023 0.49977 0.000314361 0.000314361
0.49967 0.50033 0.000332446 0.000332446
0.50015 0.49985 0.000347139 0.000347139
0.50085 0.49915 0.000344533 0.000344533
0.50105 0.49895 0.000340008 0.000340008
0.50067 0.49933 0.000314749 0.000314749
0.50047 0.49953 0.000311605 0.000311605
0.50083 0.49917 0.000315193 0.000315193
0.50072 0.49928 0.000295981 0.000295981
0.50117 0.49883 0.000285637 0.000285637
0.5022 0.4978 0.000295394 0.000295394
0.503 0.497 0.000287131 0.000287131
0.50266 0.49734 0.000305075 0.000305075
0.50273 0.49727 0.00032232 0.00032232
0.50199 0.49801 0.000298576 0.000298576
0.50213 0.49787 0.000311528 0.000311528
0.50159 0.49841 0.000308406 0.000308406
0.5015 0.4985 0.00030201 0.00030201
0.50164 0.49836 0.00031294 0.00031294
0.50196 0.49804 0.000299756 0.000299756
0.50183 0.49817 0.000305759 0.000305759
0.50195 0.49805 0.000307705 0.000307705
0.50168 0.49832 0.000303876 0.000303876
0.50105 0.49895 0.000300412 0.000300412
0.50046 0.49954 0.000303968 0.000303968
0.50108 0.49892 0.000301206 0.000301206
0.50077 0.49923 0.00033729 0.00033729
0.50093 0.49907 0.000310167 0.000310167
0.50055 0.49945 0.000312573 0.000312573
0.50039 0.49961 0.000307695 0.000307695
0.50025 0.49975 0.000296553 0.000296553
0.5 0.5 0.000301172 0.000301172
0.5003 0.4997 0.000319566 0.000319566
0.49986 0.50014 0.000321354 0.000321354
0.49986 0.50014 0.000306849 0.000306849
0.49931 0.50069 0.000303145 0.000303145
0.49944 0.50056 0.000297239 0.000297239
0.49968 0.50032 0.000289109 0.000289109
0.49956 0.50044 0.000307077 0.000307077
0.49943 0.50057 0.000333015 0.000333015
0.49921 0.50079 0.000332228 0.000332228
0.49893 0.50107 0.000335722 0.000335722
0.49971 0.50029 0.00033039 0.00033039
0.49954 0.50046 0.00030712 0.00030712
0.49932 0.50068 0.000305149 0.000305149
0.49948 0.50052 0.000303909 0.000303909
0.50011 0.49989 0.000307372 0.000307372
0.50054 0.49946 0.00028916 0.00028916
0.50012 0.49988 0.000286551 0.000286551
0.49972 0.50028 0.00029083 0.00029083
0.49951 0.50049 0.000289202 0.000289202
0.4998 0.5002 0.000298525 0.000298525
0.50011 0.49989 0.000291917 0.000291917
0.50023 0.49977 0.000283633 0.000283633
0.50034 0.49966 0.000267701 0.000267701
0.50015 0.49985 0.000280674 0.000280674
0.50006 0.49994 0.000284097 0.000284097
0.50062 0.49938 0.000279935 0.000279935
0.50029 0.49971 0.000306814 0.000306814
0.49988 0.50012 0.000297622 0.000297622
0.50051 0.49949 0.000309869 0.000309869
0.50033 0.49967 0.000301799 0.000301799
0.49936 0.50064 0.000306677 0.000306677
0.49975 0.50025 0.00028724 0.00028724
0.49979 0.50021 0.000290147 0.000290147
0.49986 0.50014 0.000297576 0.000297576
0.49929 0.50071 0.000288753 0.000288753
0.50012 0.49988 0.000314107 0.000314107
0.49949 0.50051 0.000314697 0.000314697
0.50057 0.49943 0.000303136 0.000303136
0.50067 0.49933 0.000303779 0.000303779
0.50129 0.49871 0.000282753 0.000282753
0.50158 0.49842 0.00029067 0.00029067
0.50189 0.49811 0.000279331 0.000279331
0.50202 0.49798 0.000285555 0.000285555
0.50234 0.49766 0.00029752 0.00029752
0.50279 0.49721 0.000323784 0.000323784
0.50327 0.49673 0.000347633 0.000347633
0.5032 0.4968 0.000332101 0.000332101
0.50319 0.49681 0.000349772 0.000349772
0.50326 0.49674 0.000358073 0.000358073
0.50362 0.49638 0.000346561 0.000346561
0.50345 0.49655 0.000329705 0.000329705
0.50317 0.49683 0.000332244 0.000332244
0.50286 0.49714 0.000321718 0.000321718
0.50304 0.49696 0.00030515 0.00030515
0.5025 0.4975 0.000321323 0.000321323
0.50231 0.49769 0.000319267 0.000319267
0.50224 0.49776 0.000297922 0.000297922
0.50248 0.49752 0.000290454 0.000290454
0.50259 0.49741 0.000288325 0.000288325
0.50194 0.49806 0.000297208 0.000297208
0.50177 0.49823 0.000313229 0.000313229
0.50157 0.49843 0.000329015 0.000329015
0.50139 0.49861 0.00031923 0.00031923
0.5005 0.4995 0.000306838 0.000306838
0.50073 0.49927 0.0002983 0.0002983
0.50119 0.49881 0.000304903 0.000304903
0.50026 0.49974 0.000298639 0.000298639
0.50067 0.49933 0.00027491 0.00027491
0.50097 0.49903 0.000280292 0.000280292
0.50122 0.49878 0.000249507 0.000249507
0.50124 0.49876 0.000247558 0.000247558
0.50184 0.49816 0.000264742 0.000264742
0.50182 0.49818 0.000256008 0.000256008
0.50201 0.49799 0.000235061 0.000235061
0.50173 0.49827 0.000253957 0.000253957
0.50176 0.49824 0.000244305 0.000244305
0.5017 0.4983 0.000250576 0.000250576
0.50161 0.49839 0.000253028 0.000253028
0.50131 0.49869 0.000255347 0.000255347
0.50174 0.49826 0.000261992 0.000261992
0.50159 0.49841 0.000246608 0.000246608
0.5017 0.4983 0.000241545 0.000241545
0.50156 0.49844 0.000249158 0.000249158
0.50184 0.49816 0.000253206 0.000253206
0.50158 0.49842 0.000250953 0.000250953
0.50126 0.49874 0.000270497 0.000270497
0.5021 0.4979 0.000281101 0.000281101
0.50185 0.49815 0.000292614 0.000292614
0.50166 0.49834 0.000286631 0.000286631
0.50114 0.49886 0.000282869 0.000282869
0.50063 0.49937 0.00031472 0.00031472
0.50165 0.49835 0.000334533 0.000334533
0.50221 0.49779 0.000334329 0.000334329
0.5022 0.4978 0.000343172 0.000343172
0.50227 0.49773 0.000326199 0.000326199
0.50177 0.49823 0.00030531 0.00030531
0.50085 0.49915 0.000303402 0.000303402
0.50108 0.49892 0.000306721 0.000306721
0.50085 0.49915 0.000322775 0.000322775
0.50065 0.49935 0.000308311 0.000308311
0.50059 0.49941 0.000301093 0.000301093
0.501 0.499 0.000293232 0.000293232
0.50082 0.49918 0.000305402 0.000305402
0.50114 0.49886 0.000320445 0.000320445
0.50128 0.49872 0.000325537 0.000325537
0.50159 0.49841 0.000313396 0.000313396
0.50129 0.49871 0.000298915 0.000298915
0.5011 0.4989 0.000295788 0.000295788
0.50142 0.49858 0.000324428 0.000324428
0.50145 0.49855 0.000327199 0.000327199
0.50027 0.49973 0.000316623 0.000316623
0.50065 0.49935 0.000314937 0.000314937
0.50005 0.49995 0.000318068 0.000318068
0.49979 0.50021 0.000311137 0.000311137
0.49968 0.50032 0.000289371 0.000289371
0.49945 0.50055 0.000287422 0.000287422
0.49966 0.50034 0.000281863 0.000281863
0.49968 0.50032 0.000285937 0.000285937
0.49927 0.50073 0.000263088 0.000263088
0.49961 0.50039 0.000271917 0.000271917
0.49983 0.50017 0.000264506 0.000264506
0.4999 0.5001 0.000275323 0.000275323
0.49986 0.50014 0.000298425 0.000298425
0.50004 0.49996 0.000272584 0.000272584
0.49949 0.50051 0.00026405 0.00026405
0.49996 0.50004 0.000298483 0.000298483
0.50038 0.49962 0.000301006 0.000301006
0.50091 0.49909 0.000333133 0.000333133
0.50121 0.49879 0.000337582 0.000337582
0.5015 0.4985 0.000323081 0.000323081
0.501 0.499 0.000311758 0.000311758
0.50055 0.49945 0.000313159 0.000313159
0.50022 0.49978 0.00030987 0.00030987
0.50069 0.49931 0.000305085 0.000305085
0.50059 0.49941 0.000303477 0.000303477
0.50139 0.49861 0.000309069 0.000309069
0.50167 0.49833 0.000287496 0.000287496
0.50139 0.49861 0.000283594 0.000283594
0.5014 0.4986 0.000296 0.000296
0.50112 0.49888 0.000297379 0.000297379
0.50073 0.49927 0.000295472 0.000295472
0.50054 0.49946 0.000289503 0.000289503
0.49996 0.50004 0.000273594 0.000273594
0.49976 0.50024 0.000276912 0.000276912
0.50009 0.49991 0.00029184 0.00029184
0.50066 0.49934 0.000293964 0.000293964
0.50081 0.49919 0.000310054 0.000310054
0.50132 0.49868 0.000331311 0.000331311
0.50091 0.49909 0.000331618 0.000331618
0.50128 0.49872 0.00032281 0.00032281
0.50153 0.49847 0.000342272 0.000342272
0.50133 0.49867 0.000334365 0.000334365
0.50129 0.49871 0.000312107 0.000312107
0.50118 0.49882 0.00030425 0.00030425
0.50087 0.49913 0.00030373 0.00030373
0.49995 0.50005 0.000318836 0.000318836
0.49983 0.50017 0.000322951 0.000322951
0.49965 0.50035 0.000314755 0.000314755
0.49958 0.50042 0.000303903 0.000303903
0.49998 0.50002 0.000314767 0.000314767
0.50032 0.49968 0.000325715 0.000325715
0.50018 0.49982 0.000317159 0.000317159
0.49993 0.50007 0.000295136 0.000295136
0.49961 0.50039 0.000292503 0.000292503
0.49958 0.50042 0.000292387 0.000292387
0.49943 0.50057 0.000275157 0.000275157
0.49962 0.50038 0.000266945 0.000266945
0.50026 0.49974 0.000276013 0.000276013
0.50021 0.49979 0.000290834 0.000290834
0.49976 0.50024 0.000289215 0.000289215
0.49923 0.50077 0.000308017 0.000308017
0.49934 0.50066 0.000295722 0.000295722
0.49912 0.50088 0.000295541 0.000295541
0.49907 0.50093 0.000285076 0.000285076
0.4993 0.5007 0.00029102 0.00029102
0.49972 0.50028 0.000264971 0.000264971
0.50002 0.49998 0.000281656 0.000281656
0.50003 0.49997 0.000288393 0.000288393
0.50057 0.49943 0.000313884 0.000313884
0.49978 0.50022 0.000297244 0.000297244
0.49958 0.50042 0.000289559 0.000289559
0.49997 0.50003 0.000279868 0.000279868
0.49961 0.50039 0.000281695 0.000281695
0.49985 0.50015 0.000288654 0.000288654
0.49985 0.50015 0.000314008 0.000314008
0.50013 0.49987 0.000321347 0.000321347
0.5003 0.4997 0.000311384 0.000311384
0.50079 0.49921 0.000338955 0.000338955
0.50115 0.49885 0.000310674 0.000310674
0.50111 0.49889 0.000301957 0.000301957
0.50072 0.49928 0.000298123 0.000298123
0.50133 0.49867 0.000328163 0.000328163
0.50206 0.49794 0.000337572 0.000337572
0.50262 0.49738 0.000339753 0.000339753
0.5026 0.4974 0.000336889 0.000336889
0.50199 0.49801 0.000344192 0.000344192
0.50181 0.49819 0.0003466 0.0003466
0.50243 0.49757 0.000305136 0.000305136
0.50334 0.49666 0.00029354 0.00029354
0.50306 0.49694 0.000296077 0.000296077
0.50267 0.49733 0.000292001 0.000292001
0.50196 0.49804 0.000282039 0.000282039
0.50198 0.49802 0.00029901 0.00029901
0.50184 0.49816 0.00029759 0.00029759
0.5021 0.4979 0.000322737 0.000322737
0.50182 0.49818 0.000298432 0.000298432
0.50152 0.49848 0.000326656 0.000326656
0.5011 0.4989 0.000290798 0.000290798
0.50093 0.49907 0.000284672 0.000284672
0.50074 0.49926 0.000281831 0.000281831
0.50076 0.49924 0.000288992 0.000288992
0.50044 0.49956 0.000297461 0.000297461
0.50089 0.49911 0.000288887 0.000288887
0.50172 0.49828 0.00029988 0.00029988
0.50112 0.49888 0.000294773 0.000294773
0.50111 0.49889 0.00030919 0.00030919
