0.49967 0.50033 8.30414e-06 8.30414e-06
0.4987 0.5013 2.26566e-05 2.26566e-05
0.49856 0.50144 2.74206e-05 2.74206e-05
0.4981 0.5019 3.94242e-05 3.94242e-05
0.49781 0.50219 4.45191e-05 4.45191e-05
0.49754 0.50246 5.08772e-05 5.08772e-05
0.49744 0.50256 5.45721e-05 5.45721e-05
0.49738 0.50262 5.56117e-05 5.56117e-05
0.4974 0.5026 5.78586e-05 5.78586e-05
0.49756 0.50244 5.88549e-05 5.88549e-05
0.49738 0.50262 6.18137e-05 6.18137e-05
0.49747 0.50253 6.33627e-05 6.33627e-05
0.49729 0.50271 6.59252e-05 6.59252e-05
0.49731 0.50269 6.62161e-05 6.62161e-05
0.49735 0.50265 6.57045e-05 6.57045e-05
0.49727 0.50273 6.75728e-05 6.75728e-05
0.49724 0.50276 6.9659e-05 6.9659e-05
0.49714 0.50286 7.08893e-05 7.08893e-05
0.49714 0.50286 7.12125e-05 7.12125e-05
0.49702 0.50298 7.57976e-05 7.57976e-05
0.49694 0.50306 7.67842e-05 7.67842e-05
0.49702 0.50298 7.64238e-05 7.64238e-05
0.49707 0.50293 7.57425e-05 7.57425e-05
0.49698 0.50302 7.72319e-05 7.72319e-05
0.49699 0.50301 7.93433e-05 7.93433e-05
0.49698 0.50302 8.02824e-05 8.02824e-05
0.49699 0.50301 8.24948e-05 8.24948e-05
0.497 0.503 8.30707e-05 8.30707e-05
0.497 0.503 8.1899e-05 8.1899e-05
0.49697 0.50303 8.3888e-05 8.3888e-05
0.49696 0.50304 8.54125e-05 8.54125e-05
0.49695 0.50305 8.63308e-05 8.63308e-05
0.49692 0.50308 8.8337e-05 8.8337e-05
0.497 0.503 9.29495e-05 9.29495e-05
0.4971 0.5029 9.26162e-05 9.26162e-05
0.49713 0.50287 9.18718e-05 9.18718e-05
0.49716 0.50284 9.33883e-05 9.33883e-05
0.4971 0.5029 9.41313e-05 9.41313e-05
0.49711 0.50289 9.40585e-05 9.40585e-05
0.49715 0.50285 9.33611e-05 9.33611e-05
0.49718 0.50282 9.36036e-05 9.36036e-05
0.49716 0.50284 9.52267e-05 9.52267e-05
0.49719 0.50281 9.48625e-05 9.48625e-05
0.49715 0.50285 9.68157e-05 9.68157e-05
0.4971 0.5029 9.71818e-05 9.71818e-05
0.49705 0.50295 9.89571e-05 9.89571e-05
0.49701 0.50299 9.81716e-05 9.81716e-05
0.49697 0.50303 9.92617e-05 9.92617e-05
0.497 0.503 0.000101091 0.000101091
0.49689 0.50311 0.00010123 0.00010123
0.49689 0.50311 0.000103069 0.000103069
0.49684 0.50316 0.000103691 0.000103691
0.49684 0.50316 0.000104459 0.000104459
0.4968 0.5032 0.000106505 0.000106505
0.49678 0.50322 0.000105385 0.000105385
0.49675 0.50325 0.000104856 0.000104856
0.49673 0.50327 0.000105633 0.000105633
0.49668 0.50332 0.000107755 0.000107755
0.49666 0.50334 0.000108085 0.000108085
0.49672 0.50328 0.000109436 0.000109436
0.49675 0.50325 0.000112088 0.000112088
0.49665 0.50335 0.00011126 0.00011126
0.4967 0.5033 0.000114697 0.000114697
0.49666 0.50334 0.000115419 0.000115419
0.49665 0.50335 0.000116189 0.000116189
0.49662 0.50338 0.000117915 0.000117915
0.49656 0.50344 0.000119986 0.000119986
0.49654 0.50346 0.00012112 0.00012112
0.49642 0.50358 0.000121317 0.000121317
0.4963 0.5037 0.000121404 0.000121404
0.49626 0.50374 0.000123528 0.000123528
0.49631 0.50369 0.000124681 0.000124681
0.49623 0.50377 0.000125128 0.000125128
0.49636 0.50364 0.000124112 0.000124112
0.49637 0.50363 0.000123286 0.000123286
0.49637 0.50363 0.000125387 0.000125387
0.49635 0.50365 0.000127119 0.000127119
0.49632 0.50368 0.000129998 0.000129998
0.49636 0.50364 0.000132051 0.000132051
0.49625 0.50375 0.000134311 0.000134311
0.49637 0.50363 0.00013468 0.00013468
0.49639 0.50361 0.000134523 0.000134523
0.49639 0.50361 0.000135917 0.000135917
0.49634 0.50366 0.000135479 0.000135479
0.49627 0.50373 0.000136159 0.000136159
0.49624 0.50376 0.000135901 0.000135901
0.49635 0.50365 0.000137866 0.000137866
0.49638 0.50362 0.000139672 0.000139672
0.49635 0.50365 0.000140593 0.000140593
0.49645 0.50355 0.000138957 0.000138957
0.49644 0.50356 0.000139441 0.000139441
0.49636 0.50364 0.000140718 0.000140718
0.49636 0.50364 0.000141364 0.000141364
0.49633 0.50367 0.000141233 0.000141233
0.49634 0.50366 0.000140954 0.000140954
0.49632 0.50368 0.000143533 0.000143533
0.49626 0.50374 0.00014379 0.00014379
0.49634 0.50366 0.000145843 0.000145843
0.49635 0.50365 0.000146553 0.000146553
0.49639 0.50361 0.000148402 0.000148402
0.49635 0.50365 0.000148048 0.000148048
0.49634 0.50366 0.000148146 0.000148146
0.49635 0.50365 0.000150513 0.000150513
0.49638 0.50362 0.000151874 0.000151874
0.49632 0.50368 0.000154018 0.000154018
0.49638 0.50362 0.00015642 0.00015642
0.49643 0.50357 0.000157884 0.000157884
0.49648 0.50352 0.000159 0.000159
0.49655 0.50345 0.000158028 0.000158028
0.49655 0.50345 0.000159785 0.000159785
0.49645 0.50355 0.000158715 0.000158715
0.49648 0.50352 0.00016007 0.00016007
0.49645 0.50355 0.000159321 0.000159321
0.4964 0.5036 0.000160283 0.000160283
0.49644 0.50356 0.000159825 0.000159825
0.49641 0.50359 0.000161133 0.000161133
0.49637 0.50363 0.000161549 0.000161549
0.49639 0.50361 0.0001602 0.0001602
0.49632 0.50368 0.000162927 0.000162927
0.49636 0.50364 0.000161768 0.000161768
0.49629 0.50371 0.000163481 0.000163481
0.49631 0.50369 0.00016365 0.00016365
0.49634 0.50366 0.000164732 0.000164732
0.49629 0.50371 0.00016441 0.00016441
0.49621 0.50379 0.000163945 0.000163945
0.49618 0.50382 0.000166715 0.000166715
0.49617 0.50383 0.000167718 0.000167718
0.49603 0.50397 0.000166757 0.000166757
0.496 0.504 0.000166909 0.000166909
0.49593 0.50407 0.000166409 0.000166409
0.49588 0.50412 0.000166632 0.000166632
0.49584 0.50416 0.000167287 0.000167287
0.49588 0.50412 0.000171541 0.000171541
0.49584 0.50416 0.000172116 0.000172116
0.49578 0.50422 0.000171789 0.000171789
0.49578 0.50422 0.000171002 0.000171002
0.49568 0.50432 0.000170523 0.000170523
0.49559 0.50441 0.00017085 0.00017085
0.49568 0.50432 0.000171149 0.000171149
0.49581 0.50419 0.000169792 0.000169792
0.49582 0.50418 0.000171664 0.000171664
0.49574 0.50426 0.000171932 0.000171932
0.4957 0.5043 0.000171444 0.000171444
0.49559 0.50441 0.000173719 0.000173719
0.49557 0.50443 0.000174833 0.000174833
0.49555 0.50445 0.000175422 0.000175422
0.49556 0.50444 0.000178653 0.000178653
0.49556 0.50444 0.000179097 0.000179097
0.49556 0.50444 0.000181562 0.000181562
0.49559 0.50441 0.000182265 0.000182265
0.49567 0.50433 0.000181678 0.000181678
0.49575 0.50425 0.000181705 0.000181705
0.4958 0.5042 0.00018499 0.00018499
0.49578 0.50422 0.000185183 0.000185183
0.49584 0.50416 0.000184924 0.000184924
0.49582 0.50418 0.000186977 0.000186977
0.49588 0.50412 0.000186349 0.000186349
0.49593 0.50407 0.000185642 0.000185642
0.4959 0.5041 0.000185 0.000185
0.49582 0.50418 0.000186715 0.000186715
0.49582 0.50418 0.000190008 0.000190008
0.49576 0.50424 0.000190689 0.000190689
0.49566 0.50434 0.000190974 0.000190974
0.49563 0.50437 0.000194478 0.000194478
0.49562 0.50438 0.000198541 0.000198541
0.4956 0.5044 0.000199051 0.000199051
0.49565 0.50435 0.000199664 0.000199664
0.49561 0.50439 0.000202604 0.000202604
0.4956 0.5044 0.000204242 0.000204242
0.49559 0.50441 0.000204709 0.000204709
0.49565 0.50435 0.000204311 0.000204311
0.49575 0.50425 0.000203301 0.000203301
0.49578 0.50422 0.000203486 0.000203486
0.49579 0.50421 0.000204248 0.000204248
0.49589 0.50411 0.000204099 0.000204099
0.49583 0.50417 0.000204324 0.000204324
0.49586 0.50414 0.000204404 0.000204404
0.49585 0.50415 0.000204816 0.000204816
0.49577 0.50423 0.000204684 0.000204684
0.49575 0.50425 0.000205624 0.000205624
0.49571 0.50429 0.000206955 0.000206955
0.49577 0.50423 0.00020931 0.00020931
0.49579 0.50421 0.00021037 0.00021037
0.49577 0.50423 0.000209775 0.000209775
0.49572 0.50428 0.000209638 0.000209638
0.49563 0.50437 0.000209246 0.000209246
0.49559 0.50441 0.000209315 0.000209315
0.4956 0.5044 0.000211657 0.000211657
0.49561 0.50439 0.000212564 0.000212564
0.49558 0.50442 0.000212488 0.000212488
0.49559 0.50441 0.000214345 0.000214345
0.49558 0.50442 0.000214792 0.000214792
0.49562 0.50438 0.000214561 0.000214561
0.49561 0.50439 0.000214362 0.000214362
0.49558 0.50442 0.000215357 0.000215357
0.49556 0.50444 0.000216956 0.000216956
0.49558 0.50442 0.000215903 0.000215903
0.49559 0.50441 0.000217861 0.000217861
0.4956 0.5044 0.000216566 0.000216566
0.49568 0.50432 0.000216543 0.000216543
0.49566 0.50434 0.000217499 0.000217499
0.49563 0.50437 0.000217367 0.000217367
0.49561 0.50439 0.000217311 0.000217311
0.49564 0.50436 0.000216758 0.000216758
0.49563 0.50437 0.000215448 0.000215448
0.49562 0.50438 0.000215309 0.000215309
0.49556 0.50444 0.00021633 0.00021633
0.49551 0.50449 0.000217162 0.000217162
0.49549 0.50451 0.000218616 0.000218616
0.49546 0.50454 0.000217382 0.000217382
0.49544 0.50456 0.000214168 0.000214168
0.49539 0.50461 0.000219008 0.000219008
0.49533 0.50467 0.000221718 0.000221718
0.49531 0.50469 0.000222499 0.000222499
0.49528 0.50472 0.000221315 0.000221315
0.49529 0.50471 0.000219764 0.000219764
0.49524 0.50476 0.000219396 0.000219396
0.49523 0.50477 0.000219027 0.000219027
0.49518 0.50482 0.000218149 0.000218149
0.49515 0.50485 0.000221765 0.000221765
0.49518 0.50482 0.000221927 0.000221927
0.4952 0.5048 0.000222364 0.000222364
0.49518 0.50482 0.0002232 0.0002232
0.49523 0.50477 0.000224765 0.000224765
0.4952 0.5048 0.000227899 0.000227899
0.49516 0.50484 0.000228621 0.000228621
0.49513 0.50487 0.000230175 0.000230175
0.49505 0.50495 0.00022928 0.00022928
0.49511 0.50489 0.000229715 0.000229715
0.49504 0.50496 0.000228463 0.000228463
0.49511 0.50489 0.000228806 0.000228806
0.49512 0.50488 0.000228329 0.000228329
0.49505 0.50495 0.000229098 0.000229098
0.49507 0.50493 0.00023045 0.00023045
0.49506 0.50494 0.000233047 0.000233047
0.49504 0.50496 0.000234645 0.000234645
0.495 0.505 0.000235919 0.000235919
0.495 0.505 0.000236687 0.000236687
0.49515 0.50485 0.000236856 0.000236856
0.49515 0.50485 0.000238755 0.000238755
0.4952 0.5048 0.000238747 0.000238747
0.49518 0.50482 0.000240008 0.000240008
0.49511 0.50489 0.000239776 0.000239776
0.49508 0.50492 0.000240337 0.000240337
0.49508 0.50492 0.000238398 0.000238398
0.49498 0.50502 0.00023907 0.00023907
0.49496 0.50504 0.000240382 0.000240382
0.49504 0.50496 0.000239695 0.000239695
0.49499 0.50501 0.000241081 0.000241081
0.495 0.505 0.000242646 0.000242646
0.49506 0.50494 0.000241835 0.000241835
0.4951 0.5049 0.000241081 0.000241081
0.49515 0.50485 0.000239523 0.000239523
0.49521 0.50479 0.000239966 0.000239966
0.49523 0.50477 0.000240522 0.000240522
0.49525 0.50475 0.000240472 0.000240472
0.49523 0.50477 0.000242644 0.000242644
0.49521 0.50479 0.000243602 0.000243602
0.49518 0.50482 0.000246897 0.000246897
0.49517 0.50483 0.000248345 0.000248345
0.49511 0.50489 0.000249412 0.000249412
0.49513 0.50487 0.000250559 0.000250559
0.49503 0.50497 0.000253969 0.000253969
0.49503 0.50497 0.000253969 0.000253969
0.49505 0.50495 0.000253442 0.000253442
0.49499 0.50501 0.000254798 0.000254798
0.49496 0.50504 0.000253695 0.000253695
0.49493 0.50507 0.000254389 0.000254389
0.49488 0.50512 0.000256187 0.000256187
0.49488 0.50512 0.000255036 0.000255036
0.49491 0.50509 0.000256406 0.000256406
0.49492 0.50508 0.000254155 0.000254155
0.49492 0.50508 0.000254822 0.000254822
0.49491 0.50509 0.000254305 0.000254305
0.49487 0.50513 0.000255246 0.000255246
0.49484 0.50516 0.000255893 0.000255893
0.4949 0.5051 0.000256232 0.000256232
0.49493 0.50507 0.000256712 0.000256712
0.4948 0.5052 0.000255697 0.000255697
0.49486 0.50514 0.000259819 0.000259819
0.49485 0.50515 0.000259442 0.000259442
0.49485 0.50515 0.000259886 0.000259886
0.49484 0.50516 0.000259853 0.000259853
0.49484 0.50516 0.000260479 0.000260479
0.4948 0.5052 0.000260566 0.000260566
0.4948 0.5052 0.000262222 0.000262222
0.49483 0.50517 0.000261375 0.000261375
0.49481 0.50519 0.000261832 0.000261832
0.49474 0.50526 0.000260821 0.000260821
0.49473 0.50527 0.000261088 0.000261088
0.49473 0.50527 0.000259835 0.000259835
0.49477 0.50523 0.000259997 0.000259997
0.49483 0.50517 0.000260223 0.000260223
0.49481 0.50519 0.000262378 0.000262378
0.49481 0.50519 0.000262176 0.000262176
0.49472 0.50528 0.000266082 0.000266082
0.49463 0.50537 0.000264902 0.000264902
0.49459 0.50541 0.000267032 0.000267032
0.49457 0.50543 0.000266652 0.000266652
0.49458 0.50542 0.00026762 0.00026762
0.49457 0.50543 0.000267419 0.000267419
0.49458 0.50542 0.00026467 0.00026467
0.49459 0.50541 0.000263962 0.000263962
0.49461 0.50539 0.000263574 0.000263574
0.49463 0.50537 0.000264175 0.000264175
0.49461 0.50539 0.000261897 0.000261897
0.49463 0.50537 0.000261852 0.000261852
0.49463 0.50537 0.000260579 0.000260579
0.49467 0.50533 0.000261233 0.000261233
0.49465 0.50535 0.000261462 0.000261462
0.49466 0.50534 0.000261297 0.000261297
0.49463 0.50537 0.000262478 0.000262478
0.49463 0.50537 0.000263023 0.000263023
0.49463 0.50537 0.000262498 0.000262498
0.49462 0.50538 0.00026248 0.00026248
0.4946 0.5054 0.000263414 0.000263414
0.49456 0.50544 0.000263845 0.000263845
0.49464 0.50536 0.000262617 0.000262617
0.49459 0.50541 0.00026477 0.00026477
0.49449 0.50551 0.000264232 0.000264232
0.49442 0.50558 0.000265519 0.000265519
0.49444 0.50556 0.000267138 0.000267138
0.49444 0.50556 0.000267542 0.000267542
0.4945 0.5055 0.000267121 0.000267121
0.49454 0.50546 0.000268574 0.000268574
0.49453 0.50547 0.000267504 0.000267504
0.49459 0.50541 0.000266507 0.000266507
0.49455 0.50545 0.000268008 0.000268008
0.49462 0.50538 0.000267672 0.000267672
0.49463 0.50537 0.000268417 0.000268417
0.49459 0.50541 0.000268386 0.000268386
0.49461 0.50539 0.000271877 0.000271877
0.49461 0.50539 0.000273048 0.000273048
0.49453 0.50547 0.000273262 0.000273262
0.49456 0.50544 0.000272289 0.000272289
0.49456 0.50544 0.000273784 0.000273784
0.49447 0.50553 0.000272555 0.000272555
0.49446 0.50554 0.000274554 0.000274554
0.49445 0.50555 0.000275018 0.000275018
0.49441 0.50559 0.000274527 0.000274527
0.4944 0.5056 0.000275838 0.000275838
0.49442 0.50558 0.000276812 0.000276812
0.49434 0.50566 0.00027758 0.00027758
0.49439 0.50561 0.000277392 0.000277392
0.49436 0.50564 0.00027892 0.00027892
0.49436 0.50564 0.000281101 0.000281101
0.49436 0.50564 0.000281768 0.000281768
0.4943 0.5057 0.000283909 0.000283909
0.4943 0.5057 0.000287121 0.000287121
0.4943 0.5057 0.000287444 0.000287444
0.49423 0.50577 0.000285209 0.000285209
0.49422 0.50578 0.000286153 0.000286153
0.49422 0.50578 0.000285608 0.000285608
0.49422 0.50578 0.000287426 0.000287426
0.49423 0.50577 0.000289633 0.000289633
0.49425 0.50575 0.000289119 0.000289119
0.49426 0.50574 0.000289427 0.000289427
0.49428 0.50572 0.000290608 0.000290608
0.49435 0.50565 0.000291826 0.000291826
0.4943 0.5057 0.000292717 0.000292717
0.49435 0.50565 0.000293886 0.000293886
0.49434 0.50566 0.000293843 0.000293843
0.4943 0.5057 0.000292172 0.000292172
0.49434 0.50566 0.000291621 0.000291621
0.49428 0.50572 0.000293194 0.000293194
0.49431 0.50569 0.000293893 0.000293893
0.49437 0.50563 0.000295912 0.000295912
0.49443 0.50557 0.000293561 0.000293561
0.49449 0.50551 0.000291929 0.000291929
0.49444 0.50556 0.000290431 0.000290431
0.49448 0.50552 0.000292333 0.000292333
0.49444 0.50556 0.000292006 0.000292006
0.49439 0.50561 0.000292685 0.000292685
0.49435 0.50565 0.000294674 0.000294674
0.4943 0.5057 0.000295202 0.000295202
0.49428 0.50572 0.000295436 0.000295436
0.49423 0.50577 0.000297027 0.000297027
0.49422 0.50578 0.000298456 0.000298456
0.49419 0.50581 0.00029957 0.00029957
0.4942 0.5058 0.000300182 0.000300182
0.49418 0.50582 0.00030227 0.00030227
0.49412 0.50588 0.000303581 0.000303581
0.49414 0.50586 0.000304404 0.000304404
0.49412 0.50588 0.000305884 0.000305884
0.49414 0.50586 0.000307071 0.000307071
0.49416 0.50584 0.000305873 0.000305873
0.49416 0.50584 0.000304823 0.000304823
0.49416 0.50584 0.000304318 0.000304318
0.49409 0.50591 0.000305557 0.000305557
0.49408 0.50592 0.000307367 0.000307367
0.49406 0.50594 0.000307309 0.000307309
0.49404 0.50596 0.000307291 0.000307291
0.49404 0.50596 0.000306382 0.000306382
0.49404 0.50596 0.000307271 0.000307271
0.49397 0.50603 0.000310555 0.000310555
0.49393 0.50607 0.000308955 0.000308955
0.49392 0.50608 0.000308781 0.000308781
0.4939 0.5061 0.00031098 0.00031098
0.49388 0.50612 0.000310773 0.000310773
0.49391 0.50609 0.000311275 0.000311275
0.49387 0.50613 0.000314639 0.000314639
0.49379 0.50621 0.000315299 0.000315299
0.49379 0.50621 0.000315481 0.000315481
0.49381 0.50619 0.000316903 0.000316903
0.49382 0.50618 0.000314634 0.000314634
0.49376 0.50624 0.000315639 0.000315639
0.49371 0.50629 0.000317036 0.000317036
0.49371 0.50629 0.00031845 0.00031845
0.49376 0.50624 0.000320528 0.000320528
0.49376 0.50624 0.000320305 0.000320305
0.49371 0.50629 0.000321198 0.000321198
0.49371 0.50629 0.000322127 0.000322127
0.4937 0.5063 0.000324636 0.000324636
0.4937 0.5063 0.000323101 0.000323101
0.49371 0.50629 0.000322794 0.000322794
0.49376 0.50624 0.00032475 0.00032475
0.49375 0.50625 0.000326189 0.000326189
0.49375 0.50625 0.000327523 0.000327523
0.49378 0.50622 0.000326598 0.000326598
0.49376 0.50624 0.000326406 0.000326406
0.4937 0.5063 0.000326434 0.000326434
0.49368 0.50632 0.000326785 0.000326785
0.49364 0.50636 0.000325162 0.000325162
0.49359 0.50641 0.000327739 0.000327739
0.49356 0.50644 0.000328976 0.000328976
0.49359 0.50641 0.00032978 0.00032978
0.49354 0.50646 0.000330332 0.000330332
0.49353 0.50647 0.000329605 0.000329605
0.49358 0.50642 0.000330266 0.000330266
0.49358 0.50642 0.000330953 0.000330953
0.4936 0.5064 0.000329394 0.000329394
0.49358 0.50642 0.000328751 0.000328751
0.49361 0.50639 0.000330261 0.000330261
0.49367 0.50633 0.000330345 0.000330345
0.49369 0.50631 0.000329812 0.000329812
0.49368 0.50632 0.000329291 0.000329291
0.49373 0.50627 0.000333068 0.000333068
0.49373 0.50627 0.000333694 0.000333694
0.49376 0.50624 0.000334932 0.000334932
0.49376 0.50624 0.000337457 0.000337457
0.49375 0.50625 0.000335846 0.000335846
0.49375 0.50625 0.000335947 0.000335947
0.49368 0.50632 0.000336078 0.000336078
0.49369 0.50631 0.000337489 0.000337489
0.49366 0.50634 0.000340146 0.000340146
0.49371 0.50629 0.000338551 0.000338551
0.49372 0.50628 0.000337214 0.000337214
0.4937 0.5063 0.000340273 0.000340273
0.49368 0.50632 0.000341977 0.000341977
0.49375 0.50625 0.000342917 0.000342917
0.4937 0.5063 0.000343465 0.000343465
0.4937 0.5063 0.000347727 0.000347727
0.49374 0.50626 0.000349023 0.000349023
0.49375 0.50625 0.000349927 0.000349927
0.4938 0.5062 0.00035101 0.00035101
0.49378 0.50622 0.000353769 0.000353769
0.49378 0.50622 0.000353567 0.000353567
0.49382 0.50618 0.000355745 0.000355745
0.49379 0.50621 0.000359541 0.000359541
0.49378 0.50622 0.000362072 0.000362072
0.49375 0.50625 0.000360816 0.000360816
0.49377 0.50623 0.000361613 0.000361613
0.49381 0.50619 0.000361448 0.000361448
0.49383 0.50617 0.000361698 0.000361698
0.49383 0.50617 0.000360062 0.000360062
0.49378 0.50622 0.000359789 0.000359789
0.49379 0.50621 0.000361157 0.000361157
0.49379 0.50621 0.000361683 0.000361683
0.49384 0.50616 0.000362217 0.000362217
0.49384 0.50616 0.000362742 0.000362742
0.49379 0.50621 0.000363622 0.000363622
0.49369 0.50631 0.000363772 0.000363772
0.49367 0.50633 0.000365314 0.000365314
0.49369 0.50631 0.000367267 0.000367267
0.49368 0.50632 0.000366725 0.000366725
0.49368 0.50632 0.000364664 0.000364664
0.49367 0.50633 0.000366163 0.000366163
0.49371 0.50629 0.000363582 0.000363582
0.49376 0.50624 0.000362871 0.000362871
0.49376 0.50624 0.000362083 0.000362083
0.49378 0.50622 0.000361547 0.000361547
0.49386 0.50614 0.000360041 0.000360041
0.49384 0.50616 0.000362136 0.000362136
0.49381 0.50619 0.000361388 0.000361388
0.49377 0.50623 0.000363411 0.000363411
0.49371 0.50629 0.000361703 0.000361703
0.49372 0.50628 0.000360284 0.000360284
0.49372 0.50628 0.000356224 0.000356224
0.49372 0.50628 0.000357194 0.000357194
0.49371 0.50629 0.000356854 0.000356854
0.49366 0.50634 0.000357035 0.000357035
0.49367 0.50633 0.000358567 0.000358567
0.49366 0.50634 0.000362307 0.000362307
0.4937 0.5063 0.000360899 0.000360899
0.49366 0.50634 0.000361156 0.000361156
0.49367 0.50633 0.000361759 0.000361759
0.49368 0.50632 0.000362684 0.000362684
0.49365 0.50635 0.000363523 0.000363523
0.49359 0.50641 0.000365699 0.000365699
0.49366 0.50634 0.000365378 0.000365378
