0.49264 0.50736 0.000161849 0.000161849
0.48638 0.51362 0.000524743 0.000524743
0.48073 0.51927 0.00100765 0.00100765
0.47679 0.52321 0.00156116 0.00156116
0.47152 0.52848 0.00219342 0.00219342
0.46788 0.53212 0.0028411 0.0028411
0.46356 0.53644 0.00339279 0.00339279
0.45973 0.54027 0.00400537 0.00400537
0.45609 0.54391 0.00457439 0.00457439
0.45483 0.54517 0.0051716 0.0051716
0.4523 0.5477 0.00568845 0.00568845
0.4498 0.5502 0.00620651 0.00620651
0.44774 0.55226 0.00665215 0.00665215
0.44593 0.55407 0.00709194 0.00709194
0.44507 0.55493 0.00747506 0.00747506
0.44434 0.55566 0.00796568 0.00796568
0.44312 0.55688 0.00826291 0.00826291
0.44167 0.55833 0.00865026 0.00865026
0.44025 0.55975 0.00890649 0.00890649
0.43864 0.56136 0.0091313 0.0091313
0.43765 0.56235 0.00935764 0.00935764
0.43705 0.56295 0.00962692 0.00962692
0.43655 0.56345 0.00987694 0.00987694
0.43576 0.56424 0.010136 0.010136
0.43531 0.56469 0.0102953 0.0102953
0.43483 0.56517 0.0104309 0.0104309
0.43418 0.56582 0.0105289 0.0105289
0.43367 0.56633 0.0106733 0.0106733
0.43337 0.56663 0.0107732 0.0107732
0.43306 0.56694 0.0108756 0.0108756
0.43293 0.56707 0.0109741 0.0109741
0.43254 0.56746 0.011052 0.011052
0.43209 0.56791 0.0111801 0.0111801
0.43198 0.56802 0.0112342 0.0112342
0.43154 0.56846 0.0112488 0.0112488
0.43139 0.56861 0.0113745 0.0113745
0.43115 0.56885 0.0114299 0.0114299
0.43081 0.56919 0.0114987 0.0114987
0.4308 0.5692 0.0115545 0.0115545
0.43066 0.56934 0.0115992 0.0115992
0.43077 0.56923 0.0116269 0.0116269
0.43065 0.56935 0.0116513 0.0116513
0.4303 0.5697 0.0116721 0.0116721
0.43028 0.56972 0.011722 0.011722
0.43017 0.56983 0.0117976 0.0117976
0.43012 0.56988 0.0118331 0.0118331
0.42996 0.57004 0.0118653 0.0118653
0.42997 0.57003 0.0119091 0.0119091
0.42992 0.57008 0.0119516 0.0119516
0.42969 0.57031 0.0119418 0.0119418
0.42962 0.57038 0.0119833 0.0119833
0.4295 0.5705 0.012021 0.012021
0.42945 0.57055 0.0120275 0.0120275
0.42928 0.57072 0.0120723 0.0120723
0.42932 0.57068 0.0120725 0.0120725
0.42923 0.57077 0.0120963 0.0120963
0.42914 0.57086 0.0121064 0.0121064
0.42914 0.57086 0.0121224 0.0121224
0.42915 0.57085 0.0121404 0.0121404
0.4292 0.5708 0.0121355 0.0121355
0.42904 0.57096 0.0121526 0.0121526
0.42907 0.57093 0.0121719 0.0121719
0.42905 0.57095 0.0121717 0.0121717
0.42892 0.57108 0.0121923 0.0121923
0.42892 0.57108 0.0121818 0.0121818
0.42884 0.57116 0.0121578 0.0121578
0.42876 0.57124 0.0121591 0.0121591
0.42882 0.57118 0.0121982 0.0121982
0.42888 0.57112 0.0122257 0.0122257
0.42883 0.57117 0.0122411 0.0122411
0.42877 0.57123 0.0122463 0.0122463
0.42885 0.57115 0.0122584 0.0122584
0.42885 0.57115 0.0122765 0.0122765
0.42883 0.57117 0.0122867 0.0122867
0.42868 0.57132 0.0122761 0.0122761
0.42863 0.57137 0.0122759 0.0122759
0.42863 0.57137 0.0122821 0.0122821
0.42868 0.57132 0.0122904 0.0122904
0.42858 0.57142 0.0122997 0.0122997
0.42855 0.57145 0.0123049 0.0123049
0.42853 0.57147 0.0123053 0.0123053
0.42848 0.57152 0.0122955 0.0122955
0.42851 0.57149 0.0122982 0.0122982
0.42859 0.57141 0.012319 0.012319
0.42866 0.57134 0.0123138 0.0123138
0.42863 0.57137 0.0123163 0.0123163
0.42865 0.57135 0.0123095 0.0123095
0.4287 0.5713 0.0123261 0.0123261
0.4288 0.5712 0.0123387 0.0123387
0.42878 0.57122 0.0123356 0.0123356
0.42876 0.57124 0.0123385 0.0123385
0.42876 0.57124 0.0123541 0.0123541
0.42869 0.57131 0.0123608 0.0123608
0.42867 0.57133 0.012353 0.012353
0.4286 0.5714 0.0123655 0.0123655
0.42862 0.57138 0.0123608 0.0123608
0.42862 0.57138 0.0123545 0.0123545
0.42869 0.57131 0.0123646 0.0123646
0.42874 0.57126 0.0123648 0.0123648
0.4286 0.5714 0.0123672 0.0123672
0.42855 0.57145 0.0123786 0.0123786
0.42848 0.57152 0.0123799 0.0123799
0.42841 0.57159 0.0123959 0.0123959
0.42837 0.57163 0.0124053 0.0124053
0.42836 0.57164 0.0124044 0.0124044
0.42825 0.57175 0.0124096 0.0124096
0.42816 0.57184 0.0124097 0.0124097
0.42807 0.57193 0.0124168 0.0124168
0.42803 0.57197 0.0124205 0.0124205
0.428 0.572 0.0124081 0.0124081
0.42801 0.57199 0.0124186 0.0124186
0.42794 0.57206 0.0124214 0.0124214
0.42792 0.57208 0.0124336 0.0124336
0.42788 0.57212 0.0124498 0.0124498
0.42784 0.57216 0.0124409 0.0124409
0.42786 0.57214 0.0124579 0.0124579
0.42789 0.57211 0.0124891 0.0124891
0.42789 0.57211 0.0124888 0.0124888
0.42786 0.57214 0.0124899 0.0124899
0.42783 0.57217 0.012506 0.012506
0.42777 0.57223 0.0125054 0.0125054
0.42766 0.57234 0.0125069 0.0125069
0.42757 0.57243 0.012495 0.012495
0.42754 0.57246 0.0125049 0.0125049
0.4276 0.5724 0.0125071 0.0125071
0.42771 0.57229 0.0125295 0.0125295
0.42773 0.57227 0.0125444 0.0125444
0.4276 0.5724 0.0125441 0.0125441
0.42768 0.57232 0.01256 0.01256
0.42765 0.57235 0.0125619 0.0125619
0.42764 0.57236 0.0125659 0.0125659
0.42763 0.57237 0.0125659 0.0125659
0.42764 0.57236 0.0125686 0.0125686
0.42765 0.57235 0.0125745 0.0125745
0.42763 0.57237 0.0125868 0.0125868
0.42766 0.57234 0.0126044 0.0126044
0.42763 0.57237 0.0125944 0.0125944
0.4275 0.5725 0.012622 0.012622
0.42751 0.57249 0.0126172 0.0126172
0.42754 0.57246 0.0126151 0.0126151
0.42762 0.57238 0.0126383 0.0126383
0.42763 0.57237 0.0126485 0.0126485
0.42758 0.57242 0.0126396 0.0126396
0.42764 0.57236 0.0126487 0.0126487
0.42762 0.57238 0.0126564 0.0126564
0.42768 0.57232 0.0126543 0.0126543
0.42763 0.57237 0.0126454 0.0126454
0.42756 0.57244 0.0126473 0.0126473
0.42766 0.57234 0.0126662 0.0126662
0.42769 0.57231 0.01267 0.01267
0.42764 0.57236 0.0126717 0.0126717
0.42758 0.57242 0.0126646 0.0126646
0.42757 0.57243 0.0126906 0.0126906
0.42757 0.57243 0.0126816 0.0126816
0.42761 0.57239 0.0126751 0.0126751
0.42758 0.57242 0.012676 0.012676
0.42749 0.57251 0.0126804 0.0126804
0.42744 0.57256 0.0126871 0.0126871
0.42737 0.57263 0.0126946 0.0126946
0.42735 0.57265 0.0127109 0.0127109
0.42732 0.57268 0.0127223 0.0127223
0.42738 0.57262 0.0127427 0.0127427
0.42736 0.57264 0.012741 0.012741
0.4273 0.5727 0.0127323 0.0127323
0.4273 0.5727 0.0127541 0.0127541
0.42733 0.57267 0.0127604 0.0127604
0.4274 0.5726 0.0127402 0.0127402
0.42742 0.57258 0.0127443 0.0127443
0.42736 0.57264 0.0127468 0.0127468
0.42735 0.57265 0.0127485 0.0127485
0.42733 0.57267 0.0127507 0.0127507
0.42724 0.57276 0.0127542 0.0127542
0.4272 0.5728 0.0127647 0.0127647
0.42714 0.57286 0.0127558 0.0127558
0.42714 0.57286 0.0127589 0.0127589
0.42712 0.57288 0.0127557 0.0127557
0.42708 0.57292 0.01275 0.01275
0.42703 0.57297 0.0127655 0.0127655
0.42706 0.57294 0.0127678 0.0127678
0.42703 0.57297 0.0127587 0.0127587
0.42698 0.57302 0.0127596 0.0127596
0.42698 0.57302 0.0127785 0.0127785
0.42697 0.57303 0.0127943 0.0127943
0.427 0.573 0.0128006 0.0128006
0.42706 0.57294 0.0128125 0.0128125
0.42702 0.57298 0.0128295 0.0128295
0.42696 0.57304 0.0128316 0.0128316
0.42697 0.57303 0.0128323 0.0128323
0.42692 0.57308 0.0128295 0.0128295
0.42685 0.57315 0.0128152 0.0128152
0.42685 0.57315 0.0128145 0.0128145
0.42682 0.57318 0.0128093 0.0128093
0.4268 0.5732 0.0128118 0.0128118
0.42673 0.57327 0.0128085 0.0128085
0.42676 0.57324 0.0128182 0.0128182
0.42665 0.57335 0.0128124 0.0128124
0.42663 0.57337 0.0128143 0.0128143
0.42648 0.57352 0.0127954 0.0127954
0.42654 0.57346 0.0127932 0.0127932
0.42664 0.57336 0.0128004 0.0128004
0.42661 0.57339 0.0128131 0.0128131
0.42661 0.57339 0.0128109 0.0128109
0.42658 0.57342 0.0128183 0.0128183
0.42659 0.57341 0.0128103 0.0128103
0.42658 0.57342 0.0128147 0.0128147
0.42661 0.57339 0.0128304 0.0128304
0.42653 0.57347 0.0128294 0.0128294
0.42649 0.57351 0.0128424 0.0128424
0.42641 0.57359 0.0128392 0.0128392
0.42635 0.57365 0.0128245 0.0128245
0.42629 0.57371 0.0128327 0.0128327
0.42632 0.57368 0.0128325 0.0128325
0.42627 0.57373 0.0128326 0.0128326
0.42626 0.57374 0.0128359 0.0128359
0.42628 0.57372 0.0128517 0.0128517
0.42628 0.57372 0.0128456 0.0128456
0.42625 0.57375 0.0128722 0.0128722
0.42615 0.57385 0.0128639 0.0128639
0.42618 0.57382 0.0128829 0.0128829
0.42621 0.57379 0.0128881 0.0128881
0.42618 0.57382 0.0129029 0.0129029
0.42615 0.57385 0.0128916 0.0128916
0.42611 0.57389 0.0128752 0.0128752
0.42606 0.57394 0.0128831 0.0128831
0.42603 0.57397 0.0128872 0.0128872
0.42609 0.57391 0.0129077 0.0129077
0.42606 0.57394 0.0129227 0.0129227
0.42599 0.57401 0.0129106 0.0129106
0.426 0.574 0.0129219 0.0129219
0.4259 0.5741 0.0129275 0.0129275
0.42581 0.57419 0.0129428 0.0129428
0.42581 0.57419 0.0129504 0.0129504
0.42577 0.57423 0.0129756 0.0129756
0.42562 0.57438 0.0129761 0.0129761
0.42567 0.57433 0.0129889 0.0129889
0.42559 0.57441 0.0129813 0.0129813
0.42553 0.57447 0.012987 0.012987
0.42555 0.57445 0.0129887 0.0129887
0.42555 0.57445 0.0129869 0.0129869
0.42552 0.57448 0.0129862 0.0129862
0.4255 0.5745 0.012987 0.012987
0.42552 0.57448 0.0130095 0.0130095
0.42549 0.57451 0.0130126 0.0130126
0.42549 0.57451 0.0130396 0.0130396
0.42542 0.57458 0.0130609 0.0130609
0.42545 0.57455 0.0130598 0.0130598
0.42545 0.57455 0.0130637 0.0130637
0.42547 0.57453 0.0130618 0.0130618
0.42546 0.57454 0.0130534 0.0130534
0.42546 0.57454 0.0130696 0.0130696
0.42549 0.57451 0.0130974 0.0130974
0.42556 0.57444 0.013085 0.013085
0.42548 0.57452 0.0130854 0.0130854
0.42548 0.57452 0.0130849 0.0130849
0.42546 0.57454 0.0130964 0.0130964
0.42542 0.57458 0.0131017 0.0131017
0.42546 0.57454 0.0131244 0.0131244
0.42554 0.57446 0.0131235 0.0131235
0.42551 0.57449 0.0131139 0.0131139
0.42541 0.57459 0.0131157 0.0131157
0.42538 0.57462 0.0131105 0.0131105
0.42529 0.57471 0.0131107 0.0131107
0.42522 0.57478 0.0131086 0.0131086
0.42517 0.57483 0.0130986 0.0130986
0.42507 0.57493 0.0131183 0.0131183
0.42497 0.57503 0.0131195 0.0131195
0.42492 0.57508 0.0131078 0.0131078
0.42489 0.57511 0.0131005 0.0131005
0.42494 0.57506 0.0131091 0.0131091
0.42493 0.57507 0.0131139 0.0131139
0.42487 0.57513 0.0131182 0.0131182
0.42484 0.57516 0.0131275 0.0131275
0.42489 0.57511 0.0131341 0.0131341
0.42492 0.57508 0.013137 0.013137
0.42493 0.57507 0.0131247 0.0131247
0.42492 0.57508 0.0131134 0.0131134
0.42494 0.57506 0.0131109 0.0131109
0.42496 0.57504 0.0131104 0.0131104
0.42493 0.57507 0.0131225 0.0131225
0.42492 0.57508 0.0131275 0.0131275
0.42486 0.57514 0.0131285 0.0131285
0.42493 0.57507 0.0131443 0.0131443
0.42489 0.57511 0.0131467 0.0131467
0.42488 0.57512 0.0131656 0.0131656
0.42489 0.57511 0.0131731 0.0131731
0.42487 0.57513 0.0131696 0.0131696
0.42481 0.57519 0.0131717 0.0131717
0.42487 0.57513 0.0131834 0.0131834
0.42475 0.57525 0.0131801 0.0131801
0.42469 0.57531 0.0131701 0.0131701
0.42469 0.57531 0.0131785 0.0131785
0.42475 0.57525 0.0131884 0.0131884
0.42458 0.57542 0.0131923 0.0131923
0.42456 0.57544 0.0131812 0.0131812
0.42451 0.57549 0.0131792 0.0131792
0.42444 0.57556 0.0131856 0.0131856
0.42443 0.57557 0.013175 0.013175
0.42436 0.57564 0.0131824 0.0131824
0.42435 0.57565 0.0131717 0.0131717
0.42428 0.57572 0.0131773 0.0131773
0.42419 0.57581 0.0131628 0.0131628
0.4243 0.5757 0.0131552 0.0131552
0.42431 0.57569 0.0131632 0.0131632
0.42426 0.57574 0.0131633 0.0131633
0.42426 0.57574 0.0131776 0.0131776
0.42422 0.57578 0.0131838 0.0131838
0.42422 0.57578 0.0131868 0.0131868
0.42427 0.57573 0.0131962 0.0131962
0.42423 0.57577 0.0132086 0.0132086
0.42406 0.57594 0.0132035 0.0132035
0.42402 0.57598 0.0131854 0.0131854
0.424 0.576 0.0131824 0.0131824
0.42398 0.57602 0.0131798 0.0131798
0.42395 0.57605 0.0131803 0.0131803
0.42396 0.57604 0.0131869 0.0131869
0.42398 0.57602 0.0131992 0.0131992
0.42391 0.57609 0.0132087 0.0132087
0.42387 0.57613 0.0132132 0.0132132
0.42384 0.57616 0.0131989 0.0131989
0.42387 0.57613 0.0132285 0.0132285
0.42378 0.57622 0.0132358 0.0132358
0.42371 0.57629 0.0132505 0.0132505
0.42381 0.57619 0.0132529 0.0132529
0.42372 0.57628 0.0132591 0.0132591
0.42372 0.57628 0.0132614 0.0132614
0.42369 0.57631 0.013263 0.013263
0.42368 0.57632 0.0132609 0.0132609
0.42361 0.57639 0.0132449 0.0132449
0.42357 0.57643 0.0132581 0.0132581
0.4236 0.5764 0.0132714 0.0132714
0.42365 0.57635 0.0132602 0.0132602
0.42365 0.57635 0.0132604 0.0132604
0.42362 0.57638 0.0132496 0.0132496
0.42365 0.57635 0.0132716 0.0132716
0.42366 0.57634 0.0132708 0.0132708
0.42365 0.57635 0.0132872 0.0132872
0.42367 0.57633 0.0132923 0.0132923
0.42364 0.57636 0.0132929 0.0132929
0.42361 0.57639 0.0133003 0.0133003
0.42357 0.57643 0.0132966 0.0132966
0.42355 0.57645 0.0132894 0.0132894
0.42352 0.57648 0.013265 0.013265
0.42354 0.57646 0.0132848 0.0132848
0.42357 0.57643 0.0132813 0.0132813
0.42362 0.57638 0.0132838 0.0132838
0.42356 0.57644 0.0132876 0.0132876
0.42358 0.57642 0.0132969 0.0132969
0.42362 0.57638 0.0132987 0.0132987
0.42368 0.57632 0.013302 0.013302
0.42362 0.57638 0.0133048 0.0133048
0.42371 0.57629 0.013301 0.013301
0.42384 0.57616 0.0133164 0.0133164
0.42378 0.57622 0.0133022 0.0133022
0.42379 0.57621 0.0133099 0.0133099
0.42379 0.57621 0.0133122 0.0133122
0.42374 0.57626 0.0133062 0.0133062
0.42367 0.57633 0.0133026 0.0133026
0.42373 0.57627 0.0132935 0.0132935
0.42363 0.57637 0.0132956 0.0132956
0.42369 0.57631 0.0132987 0.0132987
0.42373 0.57627 0.0132918 0.0132918
0.42374 0.57626 0.013294 0.013294
0.42371 0.57629 0.0133285 0.0133285
0.42373 0.57627 0.0133229 0.0133229
0.42368 0.57632 0.0133273 0.0133273
0.42358 0.57642 0.0133223 0.0133223
0.42354 0.57646 0.013324 0.013324
0.42357 0.57643 0.0133183 0.0133183
0.42361 0.57639 0.0133276 0.0133276
0.42362 0.57638 0.013322 0.013322
0.4236 0.5764 0.0133184 0.0133184
0.42367 0.57633 0.0133333 0.0133333
0.42356 0.57644 0.0133286 0.0133286
0.42354 0.57646 0.0133517 0.0133517
0.42339 0.57661 0.0133607 0.0133607
0.42336 0.57664 0.0133335 0.0133335
0.42328 0.57672 0.0133425 0.0133425
0.42323 0.57677 0.0133472 0.0133472
0.42321 0.57679 0.0133443 0.0133443
0.42311 0.57689 0.0133543 0.0133543
0.42311 0.57689 0.0133527 0.0133527
0.42304 0.57696 0.0133851 0.0133851
0.42299 0.57701 0.0133972 0.0133972
0.42297 0.57703 0.0133929 0.0133929
0.42292 0.57708 0.0134069 0.0134069
0.4229 0.5771 0.0134132 0.0134132
0.42294 0.57706 0.013404 0.013404
0.42298 0.57702 0.0134037 0.0134037
0.42293 0.57707 0.0134046 0.0134046
0.42294 0.57706 0.0134027 0.0134027
0.42298 0.57702 0.0134116 0.0134116
0.42298 0.57702 0.013417 0.013417
0.42297 0.57703 0.0134066 0.0134066
0.42292 0.57708 0.0134041 0.0134041
0.4229 0.5771 0.0134001 0.0134001
0.4229 0.5771 0.0133979 0.0133979
0.42279 0.57721 0.013405 0.013405
0.42275 0.57725 0.0133997 0.0133997
0.42269 0.57731 0.0133948 0.0133948
0.42266 0.57734 0.0133961 0.0133961
0.42255 0.57745 0.0133808 0.0133808
0.42254 0.57746 0.0133891 0.0133891
0.42251 0.57749 0.0133831 0.0133831
0.42247 0.57753 0.0133644 0.0133644
0.42242 0.57758 0.0133702 0.0133702
0.42241 0.57759 0.0133682 0.0133682
0.42234 0.57766 0.0133578 0.0133578
0.42234 0.57766 0.0133814 0.0133814
0.42241 0.57759 0.0133798 0.0133798
0.42239 0.57761 0.013377 0.013377
0.42242 0.57758 0.0133846 0.0133846
0.4224 0.5776 0.0134059 0.0134059
0.4223 0.5777 0.0134115 0.0134115
0.42226 0.57774 0.0134258 0.0134258
0.42229 0.57771 0.0134329 0.0134329
0.42237 0.57763 0.0134413 0.0134413
0.4223 0.5777 0.0134317 0.0134317
0.42223 0.57777 0.0134345 0.0134345
0.4222 0.5778 0.0134279 0.0134279
0.4222 0.5778 0.0134226 0.0134226
0.42219 0.57781 0.0134214 0.0134214
0.42225 0.57775 0.0134227 0.0134227
0.4222 0.5778 0.0134353 0.0134353
0.42215 0.57785 0.0134431 0.0134431
0.42205 0.57795 0.0134478 0.0134478
0.42204 0.57796 0.0134485 0.0134485
0.42206 0.57794 0.013445 0.013445
0.4221 0.5779 0.0134289 0.0134289
0.42216 0.57784 0.0134082 0.0134082
0.42219 0.57781 0.0134216 0.0134216
0.42215 0.57785 0.013431 0.013431
0.42213 0.57787 0.0134515 0.0134515
0.4221 0.5779 0.0134446 0.0134446
0.42196 0.57804 0.0134392 0.0134392
0.42192 0.57808 0.0134468 0.0134468
0.42181 0.57819 0.0134441 0.0134441
0.42178 0.57822 0.0134484 0.0134484
0.42172 0.57828 0.0134458 0.0134458
0.42174 0.57826 0.0134483 0.0134483
0.4217 0.5783 0.0134527 0.0134527
0.4218 0.5782 0.0134662 0.0134662
0.42185 0.57815 0.0134782 0.0134782
0.42191 0.57809 0.0134858 0.0134858
0.42186 0.57814 0.0134944 0.0134944
0.4219 0.5781 0.0134939 0.0134939
0.4219 0.5781 0.0134934 0.0134934
0.42184 0.57816 0.0135002 0.0135002
0.42194 0.57806 0.0135093 0.0135093
0.42196 0.57804 0.0135046 0.0135046
0.42198 0.57802 0.0135138 0.0135138
0.42198 0.57802 0.0135148 0.0135148
0.42199 0.57801 0.0135252 0.0135252
0.42199 0.57801 0.0135179 0.0135179
0.42196 0.57804 0.0135106 0.0135106
0.42191 0.57809 0.0134989 0.0134989
0.4218 0.5782 0.0135174 0.0135174
0.42174 0.57826 0.0135164 0.0135164
0.42179 0.57821 0.0135309 0.0135309
0.42187 0.57813 0.0135346 0.0135346
0.42184 0.57816 0.0135364 0.0135364
0.42179 0.57821 0.0135283 0.0135283
0.42179 0.57821 0.0135454 0.0135454
0.42179 0.57821 0.0135422 0.0135422
0.42173 0.57827 0.0135768 0.0135768
0.42165 0.57835 0.0135678 0.0135678
0.42162 0.57838 0.0135619 0.0135619
0.42157 0.57843 0.0135706 0.0135706
0.42151 0.57849 0.0135635 0.0135635
0.4214 0.5786 0.0135515 0.0135515
0.42139 0.57861 0.0135458 0.0135458
0.42144 0.57856 0.0135509 0.0135509
0.42153 0.57847 0.013547 0.013547
0.42153 0.57847 0.0135507 0.0135507
0.42157 0.57843 0.0135496 0.0135496
0.42165 0.57835 0.0135872 0.0135872
0.4216 0.5784 0.0136011 0.0136011
0.42164 0.57836 0.0136015 0.0136015
0.42163 0.57837 0.0135984 0.0135984
0.42162 0.57838 0.0136032 0.0136032
0.42155 0.57845 0.0136287 0.0136287
0.42153 0.57847 0.0136323 0.0136323
0.42148 0.57852 0.0136423 0.0136423
0.42151 0.57849 0.0136488 0.0136488
0.42154 0.57846 0.0136472 0.0136472
0.42149 0.57851 0.0136297 0.0136297
0.42149 0.57851 0.0136233 0.0136233
0.42148 0.57852 0.0136304 0.0136304
0.42144 0.57856 0.0136501 0.0136501
0.42148 0.57852 0.0136518 0.0136518
0.42142 0.57858 0.0136487 0.0136487
0.4214 0.5786 0.0136643 0.0136643
0.42145 0.57855 0.0136765 0.0136765
0.42139 0.57861 0.0136821 0.0136821
0.42128 0.57872 0.0136782 0.0136782
0.4213 0.5787 0.0136861 0.0136861
0.42131 0.57869 0.0136826 0.0136826
0.42122 0.57878 0.0136752 0.0136752
0.42125 0.57875 0.0136844 0.0136844
0.42127 0.57873 0.0136854 0.0136854
0.42132 0.57868 0.0136762 0.0136762
