0.49859 0.50141 5.54161e-05 5.54161e-05
0.49585 0.50415 0.000122109 0.000122109
0.49332 0.50668 0.00018424 0.00018424
0.49129 0.50871 0.000273986 0.000273986
0.48931 0.51069 0.000347731 0.000347731
0.48672 0.51328 0.000422042 0.000422042
0.48556 0.51444 0.000510128 0.000510128
0.48425 0.51575 0.000553503 0.000553503
0.48285 0.51715 0.00064023 0.00064023
0.48142 0.51858 0.000695276 0.000695276
0.48093 0.51907 0.000765904 0.000765904
0.47984 0.52016 0.000837206 0.000837206
0.47883 0.52117 0.000897334 0.000897334
0.47733 0.52267 0.000985072 0.000985072
0.47713 0.52287 0.00101781 0.00101781
0.4764 0.5236 0.00105172 0.00105172
0.47613 0.52387 0.00111151 0.00111151
0.47573 0.52427 0.0011798 0.0011798
0.47555 0.52445 0.00120789 0.00120789
0.47521 0.52479 0.0012494 0.0012494
0.47513 0.52487 0.00126466 0.00126466
0.47489 0.52511 0.00127085 0.00127085
0.47444 0.52556 0.00129667 0.00129667
0.47411 0.52589 0.00132743 0.00132743
0.47381 0.52619 0.00137385 0.00137385
0.47363 0.52637 0.00141007 0.00141007
0.47334 0.52666 0.00144031 0.00144031
0.47331 0.52669 0.00145268 0.00145268
0.47322 0.52678 0.00146829 0.00146829
0.47315 0.52685 0.00148047 0.00148047
0.47307 0.52693 0.00148451 0.00148451
0.47297 0.52703 0.00149577 0.00149577
0.473 0.527 0.00149347 0.00149347
0.47293 0.52707 0.00149562 0.00149562
0.47282 0.52718 0.00149869 0.00149869
0.47279 0.52721 0.00150126 0.00150126
0.47286 0.52714 0.00150929 0.00150929
0.47285 0.52715 0.00151694 0.00151694
0.47278 0.52722 0.00151502 0.00151502
0.47275 0.52725 0.0015309 0.0015309
0.47263 0.52737 0.00153571 0.00153571
0.47262 0.52738 0.00153381 0.00153381
0.47256 0.52744 0.00153397 0.00153397
0.47257 0.52743 0.00154148 0.00154148
0.47257 0.52743 0.00153566 0.00153566
0.47257 0.52743 0.00153596 0.00153596
0.4726 0.5274 0.00153899 0.00153899
0.4726 0.5274 0.00154446 0.00154446
0.4726 0.5274 0.00154386 0.00154386
0.47257 0.52743 0.00154063 0.00154063
0.47258 0.52742 0.00154281 0.00154281
0.47258 0.52742 0.0015432 0.0015432
0.4726 0.5274 0.00154273 0.00154273
0.47259 0.52741 0.00153948 0.00153948
0.4726 0.5274 0.00153931 0.00153931
0.47263 0.52737 0.00153923 0.00153923
0.47264 0.52736 0.00154114 0.00154114
0.47264 0.52736 0.00154294 0.00154294
0.47269 0.52731 0.00154533 0.00154533
0.47271 0.52729 0.00154403 0.00154403
0.47272 0.52728 0.00154408 0.00154408
0.4727 0.5273 0.00154332 0.00154332
0.47271 0.52729 0.00154673 0.00154673
0.47272 0.52728 0.00154653 0.00154653
0.47271 0.52729 0.00154673 0.00154673
0.47272 0.52728 0.00154689 0.00154689
0.4727 0.5273 0.00154773 0.00154773
0.47269 0.52731 0.00154759 0.00154759
0.47269 0.52731 0.00154759 0.00154759
0.47267 0.52733 0.00155049 0.00155049
0.47267 0.52733 0.00155049 0.00155049
0.47267 0.52733 0.00155049 0.00155049
0.47267 0.52733 0.00155049 0.00155049
0.47265 0.52735 0.00155009 0.00155009
0.47266 0.52734 0.00154992 0.00154992
0.47266 0.52734 0.00154992 0.00154992
0.47267 0.52733 0.00155083 0.00155083
0.47267 0.52733 0.00155083 0.00155083
0.47267 0.52733 0.00155083 0.00155083
0.47268 0.52732 0.00155087 0.00155087
0.47268 0.52732 0.00155087 0.00155087
0.47268 0.52732 0.00155087 0.00155087
0.47268 0.52732 0.00155087 0.00155087
0.47268 0.52732 0.00155087 0.00155087
0.47268 0.52732 0.00155087 0.00155087
0.47268 0.52732 0.00155087 0.00155087
0.47268 0.52732 0.00155087 0.00155087
0.47268 0.52732 0.00155087 0.00155087
0.47267 0.52733 0.00155111 0.00155111
0.47267 0.52733 0.00155111 0.00155111
0.47267 0.52733 0.00155111 0.00155111
0.47267 0.52733 0.00155111 0.00155111
0.47267 0.52733 0.00155111 0.00155111
0.47267 0.52733 0.00155111 0.00155111
0.47267 0.52733 0.00155111 0.00155111
0.47267 0.52733 0.00155111 0.00155111
0.47267 0.52733 0.00155111 0.00155111
0.47267 0.52733 0.00155111 0.00155111
0.47267 0.52733 0.00155111 0.00155111
0.47267 0.52733 0.00155111 0.00155111
0.47267 0.52733 0.00155111 0.00155111
0.47267 0.52733 0.00155111 0.00155111
0.47267 0.52733 0.00155111 0.00155111
0.47267 0.52733 0.00155111 0.00155111
0.47267 0.52733 0.00155111 0.00155111
0.47267 0.52733 0.00155111 0.00155111
0.47267 0.52733 0.00155111 0.00155111
0.47267 0.52733 0.00155111 0.00155111
0.47267 0.52733 0.00155111 0.00155111
0.47267 0.52733 0.00155111 0.00155111
0.47267 0.52733 0.00155111 0.00155111
0.47267 0.52733 0.00155111 0.00155111
0.47267 0.52733 0.00155111 0.00155111
0.47267 0.52733 0.00155111 0.00155111
0.47267 0.52733 0.00155111 0.00155111
0.47267 0.52733 0.00155111 0.00155111
0.47267 0.52733 0.00155111 0.00155111
0.47267 0.52733 0.00155111 0.00155111
0.47267 0.52733 0.00155111 0.00155111
0.47267 0.52733 0.00155111 0.00155111
0.47267 0.52733 0.00155111 0.00155111
0.47267 0.52733 0.00155111 0.00155111
0.47267 0.52733 0.00155111 0.00155111
0.47267 0.52733 0.00155111 0.00155111
0.47267 0.52733 0.00155111 0.00155111
0.47267 0.52733 0.00155111 0.00155111
0.47267 0.52733 0.00155111 0.00155111
0.47267 0.52733 0.00155111 0.00155111
0.47267 0.52733 0.00155111 0.00155111
0.47267 0.52733 0.00155111 0.00155111
0.47267 0.52733 0.00155111 0.00155111
0.47267 0.52733 0.00155111 0.00155111
0.47267 0.52733 0.00155111 0.00155111
0.47267 0.52733 0.00155111 0.00155111
0.47267 0.52733 0.00155111 0.00155111
0.47267 0.52733 0.00155111 0.00155111
0.47267 0.52733 0.00155111 0.00155111
0.47267 0.52733 0.00155111 0.00155111
0.47267 0.52733 0.00155111 0.00155111
0.47267 0.52733 0.00155111 0.00155111
0.47267 0.52733 0.00155111 0.00155111
0.47267 0.52733 0.00155111 0.00155111
0.47267 0.52733 0.00155111 0.00155111
0.47267 0.52733 0.00155111 0.00155111
0.47267 0.52733 0.00155111 0.00155111
0.47267 0.52733 0.00155111 0.00155111
0.47267 0.52733 0.00155111 0.00155111
0.47267 0.52733 0.00155111 0.00155111
0.47267 0.52733 0.00155111 0.00155111
0.47267 0.52733 0.00155111 0.00155111
0.47267 0.52733 0.00155111 0.00155111
0.47267 0.52733 0.00155111 0.00155111
0.47267 0.52733 0.00155111 0.00155111
0.47267 0.52733 0.00155111 0.00155111
0.47267 0.52733 0.00155111 0.00155111
0.47267 0.52733 0.00155111 0.00155111
0.47267 0.52733 0.00155111 0.00155111
0.47267 0.52733 0.00155111 0.00155111
0.47267 0.52733 0.00155111 0.00155111
0.47267 0.52733 0.00155111 0.00155111
0.47267 0.52733 0.00155111 0.00155111
0.47267 0.52733 0.00155111 0.00155111
0.47267 0.52733 0.00155111 0.00155111
0.47267 0.52733 0.00155111 0.00155111
0.47267 0.52733 0.00155111 0.00155111
0.47267 0.52733 0.00155111 0.00155111
0.47267 0.52733 0.00155111 0.00155111
0.47267 0.52733 0.00155111 0.00155111
0.47267 0.52733 0.00155111 0.00155111
0.47267 0.52733 0.00155111 0.00155111
0.47267 0.52733 0.00155111 0.00155111
0.47267 0.52733 0.00155111 0.00155111
0.47267 0.52733 0.00155111 0.00155111
0.47267 0.52733 0.00155111 0.00155111
0.47267 0.52733 0.00155111 0.00155111
0.47267 0.52733 0.00155111 0.00155111
0.47267 0.52733 0.00155111 0.00155111
0.47267 0.52733 0.00155111 0.00155111
0.47267 0.52733 0.00155111 0.00155111
0.47267 0.52733 0.00155111 0.00155111
0.47267 0.52733 0.00155111 0.00155111
0.47267 0.52733 0.00155111 0.00155111
0.47267 0.52733 0.00155111 0.00155111
0.47267 0.52733 0.00155111 0.00155111
0.47267 0.52733 0.00155111 0.00155111
0.47267 0.52733 0.00155111 0.00155111
0.47267 0.52733 0.00155111 0.00155111
0.47267 0.52733 0.00155111 0.00155111
0.47267 0.52733 0.00155111 0.00155111
0.47267 0.52733 0.00155111 0.00155111
0.47267 0.52733 0.00155111 0.00155111
0.47267 0.52733 0.00155111 0.00155111
0.47267 0.52733 0.00155111 0.00155111
0.47267 0.52733 0.00155111 0.00155111
0.47267 0.52733 0.00155111 0.00155111
0.47267 0.52733 0.00155111 0.00155111
0.47267 0.52733 0.00155111 0.00155111
0.47267 0.52733 0.00155111 0.00155111
0.47267 0.52733 0.00155111 0.00155111
0.47267 0.52733 0.00155111 0.00155111
0.47267 0.52733 0.00155111 0.00155111
0.47267 0.52733 0.00155111 0.00155111
0.47267 0.52733 0.00155111 0.00155111
0.47267 0.52733 0.00155111 0.00155111
0.47267 0.52733 0.00155111 0.00155111
0.47267 0.52733 0.00155111 0.00155111
0.47267 0.52733 0.00155111 0.00155111
0.47267 0.52733 0.00155111 0.00155111
0.47267 0.52733 0.00155111 0.00155111
0.47267 0.52733 0.00155111 0.00155111
0.47267 0.52733 0.00155111 0.00155111
0.47267 0.52733 0.00155111 0.00155111
0.47267 0.52733 0.00155111 0.00155111
0.47267 0.52733 0.00155111 0.00155111
0.47267 0.52733 0.00155111 0.00155111
0.47267 0.52733 0.00155111 0.00155111
0.47267 0.52733 0.00155111 0.00155111
0.47267 0.52733 0.00155111 0.00155111
0.47267 0.52733 0.00155111 0.00155111
0.47267 0.52733 0.00155111 0.00155111
0.47267 0.52733 0.00155111 0.00155111
0.47267 0.52733 0.00155111 0.00155111
0.47267 0.52733 0.00155111 0.00155111
0.47267 0.52733 0.00155111 0.00155111
0.47267 0.52733 0.00155111 0.00155111
0.47267 0.52733 0.00155111 0.00155111
0.47267 0.52733 0.00155111 0.00155111
0.47267 0.52733 0.00155111 0.00155111
0.47267 0.52733 0.00155111 0.00155111
0.47267 0.52733 0.00155111 0.00155111
0.47267 0.52733 0.00155111 0.00155111
0.47267 0.52733 0.00155111 0.00155111
0.47267 0.52733 0.00155111 0.00155111
0.47267 0.52733 0.00155111 0.00155111
0.47267 0.52733 0.00155111 0.00155111
0.47267 0.52733 0.00155111 0.00155111
0.47267 0.52733 0.00155111 0.00155111
0.47267 0.52733 0.00155111 0.00155111
0.47267 0.52733 0.00155111 0.00155111
0.47267 0.52733 0.00155111 0.00155111
0.47267 0.52733 0.00155111 0.00155111
0.47267 0.52733 0.00155111 0.00155111
0.47267 0.52733 0.00155111 0.00155111
0.47267 0.52733 0.00155111 0.00155111
0.47267 0.52733 0.00155111 0.00155111
0.47267 0.52733 0.00155111 0.00155111
0.47267 0.52733 0.00155111 0.00155111
0.47267 0.52733 0.00155111 0.00155111
0.47267 0.52733 0.00155111 0.00155111
0.47267 0.52733 0.00155111 0.00155111
0.47267 0.52733 0.00155111 0.00155111
0.47267 0.52733 0.00155111 0.00155111
0.47267 0.52733 0.00155111 0.00155111
0.47267 0.52733 0.00155111 0.00155111
0.47267 0.52733 0.00155111 0.00155111
0.47267 0.52733 0.00155111 0.00155111
0.47267 0.52733 0.00155111 0.00155111
0.47267 0.52733 0.00155111 0.00155111
0.47267 0.52733 0.00155111 0.00155111
0.47267 0.52733 0.00155111 0.00155111
0.47267 0.52733 0.00155111 0.00155111
0.47267 0.52733 0.00155111 0.00155111
0.47267 0.52733 0.00155111 0.00155111
0.47267 0.52733 0.00155111 0.00155111
0.47267 0.52733 0.00155111 0.00155111
0.47267 0.52733 0.00155111 0.00155111
0.47267 0.52733 0.00155111 0.00155111
0.47267 0.52733 0.00155111 0.00155111
0.47267 0.52733 0.00155111 0.00155111
0.47267 0.52733 0.00155111 0.00155111
0.47267 0.52733 0.00155111 0.00155111
0.47267 0.52733 0.00155111 0.00155111
0.47267 0.52733 0.00155111 0.00155111
0.47267 0.52733 0.00155111 0.00155111
0.47267 0.52733 0.00155111 0.00155111
0.47267 0.52733 0.00155111 0.00155111
0.47267 0.52733 0.00155111 0.00155111
0.47267 0.52733 0.00155111 0.00155111
0.47267 0.52733 0.00155111 0.00155111
0.47267 0.52733 0.00155111 0.00155111
0.47267 0.52733 0.00155111 0.00155111
0.47267 0.52733 0.00155111 0.00155111
0.47267 0.52733 0.00155111 0.00155111
0.47267 0.52733 0.00155111 0.00155111
0.47267 0.52733 0.00155111 0.00155111
0.47267 0.52733 0.00155111 0.00155111
0.47267 0.52733 0.00155111 0.00155111
0.47267 0.52733 0.00155111 0.00155111
0.47267 0.52733 0.00155111 0.00155111
0.47267 0.52733 0.00155111 0.00155111
0.47267 0.52733 0.00155111 0.00155111
0.47267 0.52733 0.00155111 0.00155111
0.47267 0.52733 0.00155111 0.00155111
0.47267 0.52733 0.00155111 0.00155111
0.47267 0.52733 0.00155111 0.00155111
0.47267 0.52733 0.00155111 0.00155111
0.47267 0.52733 0.00155111 0.00155111
0.47267 0.52733 0.00155111 0.00155111
0.47267 0.52733 0.00155111 0.00155111
0.47267 0.52733 0.00155111 0.00155111
0.47267 0.52733 0.00155111 0.00155111
0.47267 0.52733 0.00155111 0.00155111
0.47267 0.52733 0.00155111 0.00155111
0.47267 0.52733 0.00155111 0.00155111
0.47267 0.52733 0.00155111 0.00155111
0.47267 0.52733 0.00155111 0.00155111
0.47267 0.52733 0.00155111 0.00155111
0.47267 0.52733 0.00155111 0.00155111
0.47267 0.52733 0.00155111 0.00155111
0.47267 0.52733 0.00155111 0.00155111
0.47267 0.52733 0.00155111 0.00155111
0.47267 0.52733 0.00155111 0.00155111
0.47267 0.52733 0.00155111 0.00155111
0.47267 0.52733 0.00155111 0.00155111
0.47267 0.52733 0.00155111 0.00155111
0.47267 0.52733 0.00155111 0.00155111
0.47267 0.52733 0.00155111 0.00155111
0.47267 0.52733 0.00155111 0.00155111
0.47267 0.52733 0.00155111 0.00155111
0.47267 0.52733 0.00155111 0.00155111
0.47267 0.52733 0.00155111 0.00155111
0.47267 0.52733 0.00155111 0.00155111
0.47267 0.52733 0.00155111 0.00155111
0.47267 0.52733 0.00155111 0.00155111
0.47267 0.52733 0.00155111 0.00155111
0.47267 0.52733 0.00155111 0.00155111
0.47267 0.52733 0.00155111 0.00155111
0.47267 0.52733 0.00155111 0.00155111
0.47267 0.52733 0.00155111 0.00155111
0.47267 0.52733 0.00155111 0.00155111
0.47267 0.52733 0.00155111 0.00155111
0.47267 0.52733 0.00155111 0.00155111
0.47267 0.52733 0.00155111 0.00155111
0.47267 0.52733 0.00155111 0.00155111
0.47267 0.52733 0.00155111 0.00155111
0.47267 0.52733 0.00155111 0.00155111
0.47267 0.52733 0.00155111 0.00155111
0.47267 0.52733 0.00155111 0.00155111
0.47267 0.52733 0.00155111 0.00155111
0.47267 0.52733 0.00155111 0.00155111
0.47267 0.52733 0.00155111 0.00155111
0.47267 0.52733 0.00155111 0.00155111
0.47267 0.52733 0.00155111 0.00155111
0.47267 0.52733 0.00155111 0.00155111
0.47267 0.52733 0.00155111 0.00155111
0.47267 0.52733 0.00155111 0.00155111
0.47267 0.52733 0.00155111 0.00155111
0.47267 0.52733 0.00155111 0.00155111
0.47267 0.52733 0.00155111 0.00155111
0.47267 0.52733 0.00155111 0.00155111
0.47267 0.52733 0.00155111 0.00155111
0.47267 0.52733 0.00155111 0.00155111
0.47267 0.52733 0.00155111 0.00155111
0.47267 0.52733 0.00155111 0.00155111
0.47267 0.52733 0.00155111 0.00155111
0.47267 0.52733 0.00155111 0.00155111
0.47267 0.52733 0.00155111 0.00155111
0.47267 0.52733 0.00155111 0.00155111
0.47267 0.52733 0.00155111 0.00155111
0.47267 0.52733 0.00155111 0.00155111
0.47267 0.52733 0.00155111 0.00155111
0.47267 0.52733 0.00155111 0.00155111
0.47267 0.52733 0.00155111 0.00155111
0.47267 0.52733 0.00155111 0.00155111
0.47267 0.52733 0.00155111 0.00155111
0.47267 0.52733 0.00155111 0.00155111
0.47267 0.52733 0.00155111 0.00155111
0.47267 0.52733 0.00155111 0.00155111
0.47267 0.52733 0.00155111 0.00155111
0.47267 0.52733 0.00155111 0.00155111
0.47267 0.52733 0.00155111 0.00155111
0.47267 0.52733 0.00155111 0.00155111
0.47267 0.52733 0.00155111 0.00155111
0.47267 0.52733 0.00155111 0.00155111
0.47267 0.52733 0.00155111 0.00155111
0.47267 0.52733 0.00155111 0.00155111
0.47267 0.52733 0.00155111 0.00155111
0.47267 0.52733 0.00155111 0.00155111
0.47267 0.52733 0.00155111 0.00155111
0.47267 0.52733 0.00155111 0.00155111
0.47267 0.52733 0.00155111 0.00155111
0.47267 0.52733 0.00155111 0.00155111
0.47267 0.52733 0.00155111 0.00155111
0.47267 0.52733 0.00155111 0.00155111
0.47267 0.52733 0.00155111 0.00155111
0.47267 0.52733 0.00155111 0.00155111
0.47267 0.52733 0.00155111 0.00155111
0.47267 0.52733 0.00155111 0.00155111
0.47267 0.52733 0.00155111 0.00155111
0.47267 0.52733 0.00155111 0.00155111
0.47267 0.52733 0.00155111 0.00155111
0.47267 0.52733 0.00155111 0.00155111
0.47267 0.52733 0.00155111 0.00155111
0.47267 0.52733 0.00155111 0.00155111
0.47267 0.52733 0.00155111 0.00155111
0.47267 0.52733 0.00155111 0.00155111
0.47267 0.52733 0.00155111 0.00155111
0.47267 0.52733 0.00155111 0.00155111
0.47267 0.52733 0.00155111 0.00155111
0.47267 0.52733 0.00155111 0.00155111
0.47267 0.52733 0.00155111 0.00155111
0.47267 0.52733 0.00155111 0.00155111
0.47267 0.52733 0.00155111 0.00155111
0.47267 0.52733 0.00155111 0.00155111
0.47267 0.52733 0.00155111 0.00155111
0.47267 0.52733 0.00155111 0.00155111
0.47267 0.52733 0.00155111 0.00155111
0.47267 0.52733 0.00155111 0.00155111
0.47267 0.52733 0.00155111 0.00155111
0.47267 0.52733 0.00155111 0.00155111
0.47267 0.52733 0.00155111 0.00155111
0.47267 0.52733 0.00155111 0.00155111
0.47267 0.52733 0.00155111 0.00155111
0.47267 0.52733 0.00155111 0.00155111
0.47267 0.52733 0.00155111 0.00155111
0.47267 0.52733 0.00155111 0.00155111
0.47267 0.52733 0.00155111 0.00155111
0.47267 0.52733 0.00155111 0.00155111
0.47267 0.52733 0.00155111 0.00155111
0.47267 0.52733 0.00155111 0.00155111
0.47267 0.52733 0.00155111 0.00155111
0.47267 0.52733 0.00155111 0.00155111
0.47267 0.52733 0.00155111 0.00155111
0.47267 0.52733 0.00155111 0.00155111
0.47267 0.52733 0.00155111 0.00155111
0.47267 0.52733 0.00155111 0.00155111
0.47267 0.52733 0.00155111 0.00155111
0.47267 0.52733 0.00155111 0.00155111
0.47267 0.52733 0.00155111 0.00155111
0.47267 0.52733 0.00155111 0.00155111
0.47267 0.52733 0.00155111 0.00155111
0.47267 0.52733 0.00155111 0.00155111
0.47267 0.52733 0.00155111 0.00155111
0.47267 0.52733 0.00155111 0.00155111
0.47267 0.52733 0.00155111 0.00155111
0.47267 0.52733 0.00155111 0.00155111
0.47267 0.52733 0.00155111 0.00155111
0.47267 0.52733 0.00155111 0.00155111
0.47267 0.52733 0.00155111 0.00155111
0.47267 0.52733 0.00155111 0.00155111
0.47267 0.52733 0.00155111 0.00155111
0.47267 0.52733 0.00155111 0.00155111
0.47267 0.52733 0.00155111 0.00155111
0.47267 0.52733 0.00155111 0.00155111
0.47267 0.52733 0.00155111 0.00155111
0.47267 0.52733 0.00155111 0.00155111
0.47267 0.52733 0.00155111 0.00155111
0.47267 0.52733 0.00155111 0.00155111
0.47267 0.52733 0.00155111 0.00155111
0.47267 0.52733 0.00155111 0.00155111
0.47267 0.52733 0.00155111 0.00155111
0.47267 0.52733 0.00155111 0.00155111
0.47267 0.52733 0.00155111 0.00155111
0.47267 0.52733 0.00155111 0.00155111
0.47267 0.52733 0.00155111 0.00155111
0.47267 0.52733 0.00155111 0.00155111
0.47267 0.52733 0.00155111 0.00155111
0.47267 0.52733 0.00155111 0.00155111
0.47267 0.52733 0.00155111 0.00155111
0.47267 0.52733 0.00155111 0.00155111
0.47267 0.52733 0.00155111 0.00155111
0.47267 0.52733 0.00155111 0.00155111
0.47267 0.52733 0.00155111 0.00155111
0.47267 0.52733 0.00155111 0.00155111
0.47267 0.52733 0.00155111 0.00155111
0.47267 0.52733 0.00155111 0.00155111
0.47267 0.52733 0.00155111 0.00155111
0.47267 0.52733 0.00155111 0.00155111
0.47267 0.52733 0.00155111 0.00155111
0.47267 0.52733 0.00155111 0.00155111
0.47267 0.52733 0.00155111 0.00155111
0.47267 0.52733 0.00155111 0.00155111
0.47267 0.52733 0.00155111 0.00155111
0.47267 0.52733 0.00155111 0.00155111
0.47267 0.52733 0.00155111 0.00155111
0.47267 0.52733 0.00155111 0.00155111
0.47267 0.52733 0.00155111 0.00155111
0.47267 0.52733 0.00155111 0.00155111
0.47267 0.52733 0.00155111 0.00155111
0.47267 0.52733 0.00155111 0.00155111
0.47267 0.52733 0.00155111 0.00155111
0.47267 0.52733 0.00155111 0.00155111
0.47267 0.52733 0.00155111 0.00155111
0.47267 0.52733 0.00155111 0.00155111
0.47267 0.52733 0.00155111 0.00155111
0.47267 0.52733 0.00155111 0.00155111
0.47267 0.52733 0.00155111 0.00155111
0.47267 0.52733 0.00155111 0.00155111
0.47267 0.52733 0.00155111 0.00155111
0.47267 0.52733 0.00155111 0.00155111
0.47267 0.52733 0.00155111 0.00155111
0.47267 0.52733 0.00155111 0.00155111
0.47267 0.52733 0.00155111 0.00155111
0.47267 0.52733 0.00155111 0.00155111
0.47267 0.52733 0.00155111 0.00155111
0.47267 0.52733 0.00155111 0.00155111
0.47267 0.52733 0.00155111 0.00155111
0.47267 0.52733 0.00155111 0.00155111
0.47267 0.52733 0.00155111 0.00155111
0.47267 0.52733 0.00155111 0.00155111
