0.5001 0.4999 2.36667e-05 2.36667e-05
0.50133 0.49867 4.89102e-05 4.89102e-05
0.50061 0.49939 6.08666e-05 6.08666e-05
0.50008 0.49992 8.34481e-05 8.34481e-05
0.49982 0.50018 0.000101523 0.000101523
0.49913 0.50087 0.000136417 0.000136417
0.49949 0.50051 0.000151646 0.000151646
0.50034 0.49966 0.000152914 0.000152914
0.49997 0.50003 0.000159848 0.000159848
0.49951 0.50049 0.000157747 0.000157747
0.49974 0.50026 0.000174861 0.000174861
0.49906 0.50094 0.00019434 0.00019434
0.49857 0.50143 0.000208995 0.000208995
0.49872 0.50128 0.000178668 0.000178668
0.49993 0.50007 0.000173823 0.000173823
0.49994 0.50006 0.000175673 0.000175673
0.49933 0.50067 0.000195294 0.000195294
0.49862 0.50138 0.000215309 0.000215309
0.4984 0.5016 0.000234323 0.000234323
0.49862 0.50138 0.000227167 0.000227167
0.49926 0.50074 0.000223043 0.000223043
0.49904 0.50096 0.000242847 0.000242847
0.49914 0.50086 0.000269213 0.000269213
0.4996 0.5004 0.000261697 0.000261697
0.49987 0.50013 0.000267003 0.000267003
0.49967 0.50033 0.000273435 0.000273435
0.49915 0.50085 0.000242836 0.000242836
0.50023 0.49977 0.0002583 0.0002583
0.50064 0.49936 0.000275808 0.000275808
0.50142 0.49858 0.000284953 0.000284953
0.50216 0.49784 0.000279732 0.000279732
0.50154 0.49846 0.000294332 0.000294332
0.50112 0.49888 0.000287097 0.000287097
0.50031 0.49969 0.000286135 0.000286135
0.50075 0.49925 0.000310957 0.000310957
0.50109 0.49891 0.000323901 0.000323901
0.50132 0.49868 0.000321614 0.000321614
0.50179 0.49821 0.000312652 0.000312652
0.50102 0.49898 0.000308545 0.000308545
0.50118 0.49882 0.000303886 0.000303886
0.50051 0.49949 0.000350939 0.000350939
0.50094 0.49906 0.000329249 0.000329249
0.50121 0.49879 0.000318632 0.000318632
0.50114 0.49886 0.000327334 0.000327334
0.50146 0.49854 0.000356918 0.000356918
0.50198 0.49802 0.000331798 0.000331798
0.50161 0.49839 0.000307109 0.000307109
0.5017 0.4983 0.000294677 0.000294677
0.50174 0.49826 0.000301669 0.000301669
0.50118 0.49882 0.000301543 0.000301543
0.50086 0.49914 0.000303293 0.000303293
0.49942 0.50058 0.000289216 0.000289216
0.5004 0.4996 0.00029303 0.00029303
0.50087 0.49913 0.000285367 0.000285367
0.50105 0.49895 0.000299361 0.000299361
0.50081 0.49919 0.00031165 0.00031165
0.50086 0.49914 0.000321435 0.000321435
0.50092 0.49908 0.000322539 0.000322539
0.50009 0.49991 0.000307113 0.000307113
0.49997 0.50003 0.000312514 0.000312514
0.50023 0.49977 0.000303492 0.000303492
0.50023 0.49977 0.000341714 0.000341714
0.50088 0.49912 0.000346511 0.000346511
0.50127 0.49873 0.000365492 0.000365492
0.50124 0.49876 0.000361275 0.000361275
0.50125 0.49875 0.000376977 0.000376977
0.50154 0.49846 0.000346554 0.000346554
0.50162 0.49838 0.00035246 0.00035246
0.5015 0.4985 0.000325808 0.000325808
0.50112 0.49888 0.000373521 0.000373521
0.50159 0.49841 0.000355275 0.000355275
0.50134 0.49866 0.000353964 0.000353964
0.5011 0.4989 0.000332232 0.000332232
0.50124 0.49876 0.000349033 0.000349033
0.5009 0.4991 0.000360495 0.000360495
0.50112 0.49888 0.000361581 0.000361581
0.50077 0.49923 0.000333532 0.000333532
0.50021 0.49979 0.000338551 0.000338551
0.49997 0.50003 0.000344898 0.000344898
0.49983 0.50017 0.000327334 0.000327334
0.49985 0.50015 0.000323583 0.000323583
0.50021 0.49979 0.00032441 0.00032441
0.50049 0.49951 0.000330374 0.000330374
0.50169 0.49831 0.000318741 0.000318741
0.50134 0.49866 0.000315742 0.000315742
0.50124 0.49876 0.0002918 0.0002918
0.501 0.499 0.00029202 0.00029202
0.50085 0.49915 0.000308977 0.000308977
0.50058 0.49942 0.000303721 0.000303721
0.50067 0.49933 0.000303314 0.000303314
0.50078 0.49922 0.000293426 0.000293426
0.50024 0.49976 0.000297457 0.000297457
0.50068 0.49932 0.000323674 0.000323674
0.50106 0.49894 0.000323693 0.000323693
0.50071 0.49929 0.000341844 0.000341844
0.50042 0.49958 0.000377034 0.000377034
0.50055 0.49945 0.000377947 0.000377947
0.50032 0.49968 0.000367371 0.000367371
0.50108 0.49892 0.000349286 0.000349286
0.50137 0.49863 0.000335892 0.000335892
0.50237 0.49763 0.00036466 0.00036466
0.50216 0.49784 0.000350984 0.000350984
0.5017 0.4983 0.000323444 0.000323444
0.50158 0.49842 0.000322286 0.000322286
0.50209 0.49791 0.000348204 0.000348204
0.50269 0.49731 0.000374863 0.000374863
0.50286 0.49714 0.000387819 0.000387819
0.50297 0.49703 0.000398858 0.000398858
0.50197 0.49803 0.000392696 0.000392696
0.50184 0.49816 0.00039755 0.00039755
0.50214 0.49786 0.000372829 0.000372829
0.50184 0.49816 0.000368681 0.000368681
0.50156 0.49844 0.000382309 0.000382309
0.50105 0.49895 0.000391785 0.000391785
0.50254 0.49746 0.000393604 0.000393604
0.50251 0.49749 0.000384212 0.000384212
0.5027 0.4973 0.00036999 0.00036999
0.50221 0.49779 0.000360511 0.000360511
0.50255 0.49745 0.000397583 0.000397583
0.50357 0.49643 0.000379985 0.000379985
0.50209 0.49791 0.000380103 0.000380103
0.50178 0.49822 0.000385123 0.000385123
0.50133 0.49867 0.000395395 0.000395395
0.50211 0.49789 0.00042317 0.00042317
0.50181 0.49819 0.000416196 0.000416196
0.50125 0.49875 0.00039829 0.00039829
0.50131 0.49869 0.000394863 0.000394863
0.50137 0.49863 0.000393427 0.000393427
0.50028 0.49972 0.000398769 0.000398769
0.50039 0.49961 0.000429937 0.000429937
0.50068 0.49932 0.000447836 0.000447836
0.50051 0.49949 0.000440838 0.000440838
0.50041 0.49959 0.000432002 0.000432002
0.50099 0.49901 0.000447404 0.000447404
0.50119 0.49881 0.000462863 0.000462863
0.50122 0.49878 0.000471042 0.000471042
0.5015 0.4985 0.000461182 0.000461182
0.50085 0.49915 0.000455947 0.000455947
0.50102 0.49898 0.000421636 0.000421636
0.50152 0.49848 0.00043003 0.00043003
0.5021 0.4979 0.000414394 0.000414394
0.50244 0.49756 0.000438451 0.000438451
0.50271 0.49729 0.000460551 0.000460551
0.50224 0.49776 0.000459013 0.000459013
0.50162 0.49838 0.000464703 0.000464703
0.50197 0.49803 0.000450615 0.000450615
0.50183 0.49817 0.000439052 0.000439052
0.50079 0.49921 0.000436976 0.000436976
0.50099 0.49901 0.00044601 0.00044601
0.50155 0.49845 0.000452533 0.000452533
0.50091 0.49909 0.000435739 0.000435739
0.50126 0.49874 0.000435447 0.000435447
0.501 0.499 0.000431192 0.000431192
0.50055 0.49945 0.000454735 0.000454735
0.50082 0.49918 0.000449523 0.000449523
0.50126 0.49874 0.000454356 0.000454356
0.50191 0.49809 0.000471881 0.000471881
0.50223 0.49777 0.000483573 0.000483573
0.50204 0.49796 0.000440766 0.000440766
0.50203 0.49797 0.000428575 0.000428575
0.5025 0.4975 0.000445162 0.000445162
0.50277 0.49723 0.000448219 0.000448219
0.50183 0.49817 0.000461839 0.000461839
0.50199 0.49801 0.000469283 0.000469283
0.50182 0.49818 0.000446755 0.000446755
0.50206 0.49794 0.000435976 0.000435976
0.50206 0.49794 0.000457208 0.000457208
0.50217 0.49783 0.000450829 0.000450829
0.50187 0.49813 0.000435973 0.000435973
0.50188 0.49812 0.000420955 0.000420955
0.50239 0.49761 0.000436119 0.000436119
0.50252 0.49748 0.00042704 0.00042704
0.50264 0.49736 0.000408415 0.000408415
0.50313 0.49687 0.000405811 0.000405811
0.50353 0.49647 0.000394494 0.000394494
0.50333 0.49667 0.000428183 0.000428183
0.50336 0.49664 0.000413324 0.000413324
0.50338 0.49662 0.000431329 0.000431329
0.50401 0.49599 0.000403384 0.000403384
0.50295 0.49705 0.000401563 0.000401563
0.50312 0.49688 0.000399581 0.000399581
0.50294 0.49706 0.000391027 0.000391027
0.50245 0.49755 0.000406189 0.000406189
0.50171 0.49829 0.000430976 0.000430976
0.50168 0.49832 0.000417695 0.000417695
0.5024 0.4976 0.000412808 0.000412808
0.50193 0.49807 0.00045746 0.00045746
0.50188 0.49812 0.000466066 0.000466066
0.5019 0.4981 0.000469465 0.000469465
0.50234 0.49766 0.000439398 0.000439398
0.50295 0.49705 0.000425846 0.000425846
0.50379 0.49621 0.00037041 0.00037041
0.50351 0.49649 0.000362374 0.000362374
0.50343 0.49657 0.000387904 0.000387904
0.50346 0.49654 0.000402635 0.000402635
0.50366 0.49634 0.000413358 0.000413358
0.50329 0.49671 0.000423663 0.000423663
0.50283 0.49717 0.000447173 0.000447173
0.50233 0.49767 0.000455254 0.000455254
0.50272 0.49728 0.000434406 0.000434406
0.50228 0.49772 0.00042782 0.00042782
0.50239 0.49761 0.00045018 0.00045018
0.50316 0.49684 0.0004386 0.0004386
0.50313 0.49687 0.00044567 0.00044567
0.50267 0.49733 0.000456668 0.000456668
0.50191 0.49809 0.000487618 0.000487618
0.50209 0.49791 0.00051178 0.00051178
0.50285 0.49715 0.000544917 0.000544917
0.50218 0.49782 0.000532109 0.000532109
0.50226 0.49774 0.000517871 0.000517871
0.50279 0.49721 0.000517804 0.000517804
0.50218 0.49782 0.000517866 0.000517866
0.50206 0.49794 0.000518501 0.000518501
0.50338 0.49662 0.000479329 0.000479329
0.50264 0.49736 0.000474899 0.000474899
0.50324 0.49676 0.000507336 0.000507336
0.50296 0.49704 0.000501514 0.000501514
0.503 0.497 0.000481455 0.000481455
0.50285 0.49715 0.000483927 0.000483927
0.50334 0.49666 0.000461621 0.000461621
0.50343 0.49657 0.00048453 0.00048453
0.50326 0.49674 0.000460417 0.000460417
0.50344 0.49656 0.000470673 0.000470673
0.50373 0.49627 0.000491714 0.000491714
0.50418 0.49582 0.000454897 0.000454897
0.50424 0.49576 0.000452932 0.000452932
0.50332 0.49668 0.000480462 0.000480462
0.50402 0.49598 0.000505919 0.000505919
0.50415 0.49585 0.000495866 0.000495866
0.50405 0.49595 0.000507361 0.000507361
0.50379 0.49621 0.000544572 0.000544572
0.50421 0.49579 0.000514895 0.000514895
0.5032 0.4968 0.000517677 0.000517677
0.50359 0.49641 0.000529396 0.000529396
0.50331 0.49669 0.00049157 0.00049157
0.50279 0.49721 0.0004974 0.0004974
0.50266 0.49734 0.000516631 0.000516631
0.5029 0.4971 0.000504939 0.000504939
0.50241 0.49759 0.000484083 0.000484083
0.50265 0.49735 0.000474169 0.000474169
0.50277 0.49723 0.000474118 0.000474118
0.50299 0.49701 0.000494677 0.000494677
0.50259 0.49741 0.000520406 0.000520406
0.50265 0.49735 0.000498351 0.000498351
0.50207 0.49793 0.000527076 0.000527076
0.50166 0.49834 0.000546671 0.000546671
0.50172 0.49828 0.00055687 0.00055687
0.50074 0.49926 0.000554376 0.000554376
0.50069 0.49931 0.000553731 0.000553731
0.4998 0.5002 0.000562566 0.000562566
0.50007 0.49993 0.000546025 0.000546025
0.5001 0.4999 0.000547343 0.000547343
0.50064 0.49936 0.000558859 0.000558859
0.50141 0.49859 0.000583921 0.000583921
0.50104 0.49896 0.000582322 0.000582322
0.50028 0.49972 0.000594608 0.000594608
0.50045 0.49955 0.000594492 0.000594492
0.50065 0.49935 0.000578492 0.000578492
0.50115 0.49885 0.00060627 0.00060627
0.50092 0.49908 0.000540256 0.000540256
0.50125 0.49875 0.000542614 0.000542614
0.50176 0.49824 0.000540225 0.000540225
0.50159 0.49841 0.000525456 0.000525456
0.50149 0.49851 0.000521566 0.000521566
0.50078 0.49922 0.000499284 0.000499284
0.50022 0.49978 0.000509931 0.000509931
0.49916 0.50084 0.000522035 0.000522035
0.49922 0.50078 0.000542456 0.000542456
0.49933 0.50067 0.000529375 0.000529375
0.50026 0.49974 0.000544356 0.000544356
0.49942 0.50058 0.000500872 0.000500872
0.4994 0.5006 0.000485717 0.000485717
0.49907 0.50093 0.00048146 0.00048146
0.49964 0.50036 0.000465061 0.000465061
0.49978 0.50022 0.000497103 0.000497103
0.49965 0.50035 0.000480391 0.000480391
0.4991 0.5009 0.000492798 0.000492798
0.49855 0.50145 0.000462957 0.000462957
0.49867 0.50133 0.00046493 0.00046493
0.49888 0.50112 0.000475682 0.000475682
0.49846 0.50154 0.000495645 0.000495645
0.49824 0.50176 0.000469922 0.000469922
0.49824 0.50176 0.000479073 0.000479073
0.49797 0.50203 0.000502292 0.000502292
0.49844 0.50156 0.000483966 0.000483966
0.49864 0.50136 0.000453728 0.000453728
0.49795 0.50205 0.000483503 0.000483503
0.4983 0.5017 0.000473768 0.000473768
0.49834 0.50166 0.000501196 0.000501196
0.49853 0.50147 0.000491706 0.000491706
0.49899 0.50101 0.000492899 0.000492899
0.49986 0.50014 0.000509475 0.000509475
0.49997 0.50003 0.000529706 0.000529706
0.49963 0.50037 0.000509872 0.000509872
0.49979 0.50021 0.000470471 0.000470471
0.49949 0.50051 0.000461505 0.000461505
0.49995 0.50005 0.000460715 0.000460715
0.4997 0.5003 0.000487323 0.000487323
0.50044 0.49956 0.000465582 0.000465582
0.50082 0.49918 0.000459826 0.000459826
0.50041 0.49959 0.000430911 0.000430911
0.50005 0.49995 0.000450109 0.000450109
0.49969 0.50031 0.000469751 0.000469751
0.49917 0.50083 0.00047188 0.00047188
0.49899 0.50101 0.000463848 0.000463848
0.49888 0.50112 0.000463682 0.000463682
0.49887 0.50113 0.00045573 0.00045573
0.49852 0.50148 0.000446434 0.000446434
0.49904 0.50096 0.000454221 0.000454221
0.49878 0.50122 0.000459567 0.000459567
0.49917 0.50083 0.000475557 0.000475557
0.49919 0.50081 0.000475388 0.000475388
0.49904 0.50096 0.000468443 0.000468443
0.49952 0.50048 0.00045506 0.00045506
0.49994 0.50006 0.000503006 0.000503006
0.50028 0.49972 0.000501093 0.000501093
0.50018 0.49982 0.000466897 0.000466897
0.49966 0.50034 0.000452186 0.000452186
0.49961 0.50039 0.000487392 0.000487392
0.49961 0.50039 0.000469776 0.000469776
0.49981 0.50019 0.000486155 0.000486155
0.49997 0.50003 0.000480979 0.000480979
0.49993 0.50007 0.000498207 0.000498207
0.49957 0.50043 0.000488995 0.000488995
0.50056 0.49944 0.00047936 0.00047936
0.50028 0.49972 0.000456769 0.000456769
0.49993 0.50007 0.000461904 0.000461904
0.4997 0.5003 0.000456919 0.000456919
0.49949 0.50051 0.000475141 0.000475141
0.50009 0.49991 0.000470325 0.000470325
0.50032 0.49968 0.00047428 0.00047428
0.50058 0.49942 0.000478448 0.000478448
0.5004 0.4996 0.000495495 0.000495495
0.50097 0.49903 0.00051613 0.00051613
0.50036 0.49964 0.000494637 0.000494637
0.50126 0.49874 0.000491811 0.000491811
0.50134 0.49866 0.000490974 0.000490974
0.50195 0.49805 0.00047322 0.00047322
0.50164 0.49836 0.000503909 0.000503909
0.50154 0.49846 0.000499281 0.000499281
0.50153 0.49847 0.000505908 0.000505908
0.50206 0.49794 0.000541249 0.000541249
0.50213 0.49787 0.00054672 0.00054672
0.50249 0.49751 0.000523889 0.000523889
0.50164 0.49836 0.000510899 0.000510899
0.50107 0.49893 0.000527965 0.000527965
0.50095 0.49905 0.000485826 0.000485826
0.50147 0.49853 0.000468959 0.000468959
0.5017 0.4983 0.000483586 0.000483586
0.50172 0.49828 0.000496163 0.000496163
0.50159 0.49841 0.00047683 0.00047683
0.50164 0.49836 0.000465586 0.000465586
0.50106 0.49894 0.000489653 0.000489653
0.50117 0.49883 0.000469678 0.000469678
0.50155 0.49845 0.000429745 0.000429745
0.50184 0.49816 0.00043458 0.00043458
0.50207 0.49793 0.000453561 0.000453561
0.50178 0.49822 0.000416658 0.000416658
0.50232 0.49768 0.000432563 0.000432563
0.50186 0.49814 0.000436586 0.000436586
0.50169 0.49831 0.000449549 0.000449549
0.50185 0.49815 0.000418694 0.000418694
0.5015 0.4985 0.000458455 0.000458455
0.50147 0.49853 0.000418413 0.000418413
0.50101 0.49899 0.000424535 0.000424535
0.50131 0.49869 0.000425428 0.000425428
0.50152 0.49848 0.000422252 0.000422252
0.50182 0.49818 0.000423402 0.000423402
0.50116 0.49884 0.000390621 0.000390621
0.50072 0.49928 0.000414527 0.000414527
0.50141 0.49859 0.000435416 0.000435416
0.50128 0.49872 0.000422891 0.000422891
0.50148 0.49852 0.000422474 0.000422474
0.50045 0.49955 0.000406654 0.000406654
0.50045 0.49955 0.000379159 0.000379159
0.50116 0.49884 0.00037757 0.00037757
0.50164 0.49836 0.000391808 0.000391808
0.50204 0.49796 0.000428463 0.000428463
0.50227 0.49773 0.000429391 0.000429391
0.50202 0.49798 0.000421293 0.000421293
0.50203 0.49797 0.000405423 0.000405423
0.50195 0.49805 0.000389866 0.000389866
0.50207 0.49793 0.000377157 0.000377157
0.50159 0.49841 0.000376608 0.000376608
0.50158 0.49842 0.000403882 0.000403882
0.50164 0.49836 0.000411263 0.000411263
0.50108 0.49892 0.000427347 0.000427347
0.50111 0.49889 0.000432382 0.000432382
0.50125 0.49875 0.000421684 0.000421684
0.50061 0.49939 0.000427109 0.000427109
0.50133 0.49867 0.000410466 0.000410466
0.50101 0.49899 0.000396555 0.000396555
0.50106 0.49894 0.000393693 0.000393693
0.50113 0.49887 0.000391266 0.000391266
0.50045 0.49955 0.000408755 0.000408755
0.50084 0.49916 0.000404944 0.000404944
0.50123 0.49877 0.000396239 0.000396239
0.50028 0.49972 0.000389537 0.000389537
0.50032 0.49968 0.000414563 0.000414563
0.50088 0.49912 0.000435824 0.000435824
0.50111 0.49889 0.000456826 0.000456826
0.50145 0.49855 0.00048128 0.00048128
0.50177 0.49823 0.00048327 0.00048327
0.50266 0.49734 0.00049259 0.00049259
0.5014 0.4986 0.000493838 0.000493838
0.50121 0.49879 0.000478854 0.000478854
0.50055 0.49945 0.000451523 0.000451523
0.5014 0.4986 0.000465192 0.000465192
0.50162 0.49838 0.000419955 0.000419955
0.50257 0.49743 0.000394308 0.000394308
0.50296 0.49704 0.000389352 0.000389352
0.50229 0.49771 0.0003634 0.0003634
0.50145 0.49855 0.000376472 0.000376472
0.50191 0.49809 0.00038683 0.00038683
0.50142 0.49858 0.000404367 0.000404367
0.50161 0.49839 0.000404846 0.000404846
0.50084 0.49916 0.000423772 0.000423772
0.50042 0.49958 0.00046461 0.00046461
0.50113 0.49887 0.000440922 0.000440922
0.50145 0.49855 0.000477866 0.000477866
0.5024 0.4976 0.000474162 0.000474162
0.50266 0.49734 0.000489984 0.000489984
0.50233 0.49767 0.000474587 0.000474587
0.50258 0.49742 0.000465398 0.000465398
0.50343 0.49657 0.000470591 0.000470591
0.50347 0.49653 0.000477666 0.000477666
0.50482 0.49518 0.000469402 0.000469402
0.50436 0.49564 0.000492819 0.000492819
0.50446 0.49554 0.000465503 0.000465503
0.50377 0.49623 0.000466179 0.000466179
0.50411 0.49589 0.000451008 0.000451008
0.50419 0.49581 0.000451186 0.000451186
0.50416 0.49584 0.000465025 0.000465025
0.50414 0.49586 0.000449011 0.000449011
0.50453 0.49547 0.000442211 0.000442211
0.50389 0.49611 0.000435715 0.000435715
0.50307 0.49693 0.000428914 0.000428914
0.50383 0.49617 0.000473415 0.000473415
0.50458 0.49542 0.000514024 0.000514024
0.50403 0.49597 0.00051007 0.00051007
0.50422 0.49578 0.000448618 0.000448618
0.50411 0.49589 0.000441816 0.000441816
0.50435 0.49565 0.000456715 0.000456715
0.50452 0.49548 0.000455424 0.000455424
0.50452 0.49548 0.000444353 0.000444353
0.5048 0.4952 0.000431414 0.000431414
0.50438 0.49562 0.000447773 0.000447773
0.50398 0.49602 0.000474909 0.000474909
0.50374 0.49626 0.000477144 0.000477144
0.50383 0.49617 0.000483052 0.000483052
0.50376 0.49624 0.000470326 0.000470326
0.50425 0.49575 0.000495967 0.000495967
0.50371 0.49629 0.000505319 0.000505319
0.50356 0.49644 0.000522956 0.000522956
0.50419 0.49581 0.000530964 0.000530964
0.50425 0.49575 0.000514694 0.000514694
0.50358 0.49642 0.000514832 0.000514832
0.50392 0.49608 0.000491004 0.000491004
0.50388 0.49612 0.000490268 0.000490268
0.50461 0.49539 0.000485735 0.000485735
0.50412 0.49588 0.000512935 0.000512935
0.50353 0.49647 0.000506716 0.000506716
0.50383 0.49617 0.000507759 0.000507759
0.50362 0.49638 0.000485147 0.000485147
0.50313 0.49687 0.000491932 0.000491932
0.50341 0.49659 0.000485133 0.000485133
0.50375 0.49625 0.000480149 0.000480149
0.5036 0.4964 0.000433333 0.000433333
0.50362 0.49638 0.000450864 0.000450864
0.50399 0.49601 0.000446717 0.000446717
0.5037 0.4963 0.000444212 0.000444212
0.50319 0.49681 0.000436095 0.000436095
0.50272 0.49728 0.000467214 0.000467214
0.50217 0.49783 0.000466728 0.000466728
0.50254 0.49746 0.000495705 0.000495705
0.50227 0.49773 0.000471775 0.000471775
0.50274 0.49726 0.000461709 0.000461709
0.50294 0.49706 0.000448784 0.000448784
0.50303 0.49697 0.000427686 0.000427686
0.5037 0.4963 0.000438212 0.000438212
0.50421 0.49579 0.000443824 0.000443824
0.50366 0.49634 0.000449641 0.000449641
0.50417 0.49583 0.000476971 0.000476971
0.50368 0.49632 0.000472826 0.000472826
0.50373 0.49627 0.000458017 0.000458017
0.50326 0.49674 0.000464497 0.000464497
0.50282 0.49718 0.000441846 0.000441846
0.50255 0.49745 0.000457301 0.000457301
0.50261 0.49739 0.000449675 0.000449675
0.50265 0.49735 0.000445806 0.000445806
0.5027 0.4973 0.000430071 0.000430071
0.50233 0.49767 0.000422304 0.000422304
0.5027 0.4973 0.000397424 0.000397424
0.5029 0.4971 0.000397667 0.000397667
0.50283 0.49717 0.000401314 0.000401314
0.50258 0.49742 0.000423579 0.000423579
0.50233 0.49767 0.000402183 0.000402183
0.50217 0.49783 0.000404042 0.000404042
0.5021 0.4979 0.000430051 0.000430051
0.50121 0.49879 0.000448329 0.000448329
