0.50277 0.49723 0.000273472 0.000273472
0.50588 0.49412 0.000897662 0.000897662
0.5095 0.4905 0.0018227 0.0018227
0.51218 0.48782 0.00298924 0.00298924
0.51481 0.48519 0.00423304 0.00423304
0.51603 0.48397 0.00553472 0.00553472
0.51822 0.48178 0.00696836 0.00696836
0.52 0.48 0.00848135 0.00848135
0.52186 0.47814 0.0097363 0.0097363
0.523 0.477 0.0110015 0.0110015
0.52446 0.47554 0.0122 0.0122
0.52632 0.47368 0.0133219 0.0133219
0.52696 0.47304 0.0143221 0.0143221
0.52767 0.47233 0.0153356 0.0153356
0.52816 0.47184 0.0163648 0.0163648
0.52872 0.47128 0.0172854 0.0172854
0.52905 0.47095 0.0180091 0.0180091
0.53028 0.46972 0.0187207 0.0187207
0.53067 0.46933 0.0193985 0.0193985
0.53132 0.46868 0.019994 0.019994
0.53203 0.46797 0.0204748 0.0204748
0.53248 0.46752 0.0209827 0.0209827
0.53296 0.46704 0.0214597 0.0214597
0.53337 0.46663 0.0220051 0.0220051
0.53387 0.46613 0.0224836 0.0224836
0.5342 0.4658 0.0227863 0.0227863
0.53472 0.46528 0.0233008 0.0233008
0.53497 0.46503 0.0236787 0.0236787
0.53525 0.46475 0.0239187 0.0239187
0.53543 0.46457 0.0241625 0.0241625
0.53589 0.46411 0.024373 0.024373
0.53617 0.46383 0.0246235 0.0246235
0.53636 0.46364 0.0247995 0.0247995
0.5363 0.4637 0.0249481 0.0249481
0.53646 0.46354 0.0251665 0.0251665
0.53639 0.46361 0.0252871 0.0252871
0.53621 0.46379 0.0254639 0.0254639
0.53623 0.46377 0.0255978 0.0255978
0.53627 0.46373 0.0256935 0.0256935
0.5363 0.4637 0.0257906 0.0257906
0.53622 0.46378 0.0258848 0.0258848
0.53637 0.46363 0.0259738 0.0259738
0.53648 0.46352 0.0260426 0.0260426
0.53683 0.46317 0.0261044 0.0261044
0.5369 0.4631 0.0261412 0.0261412
0.53688 0.46312 0.0262726 0.0262726
0.53706 0.46294 0.0263115 0.0263115
0.53706 0.46294 0.0263666 0.0263666
0.53705 0.46295 0.0264767 0.0264767
0.53709 0.46291 0.0265218 0.0265218
0.53717 0.46283 0.0265899 0.0265899
0.53717 0.46283 0.0266459 0.0266459
0.53726 0.46274 0.026726 0.026726
0.53727 0.46273 0.0267756 0.0267756
0.5373 0.4627 0.0268291 0.0268291
0.53736 0.46264 0.0268589 0.0268589
0.53747 0.46253 0.0269478 0.0269478
0.53742 0.46258 0.0269622 0.0269622
0.53736 0.46264 0.0269887 0.0269887
0.53742 0.46258 0.0269855 0.0269855
0.53755 0.46245 0.0270635 0.0270635
0.53755 0.46245 0.0271174 0.0271174
0.53759 0.46241 0.0271254 0.0271254
0.53754 0.46246 0.027133 0.027133
0.53763 0.46237 0.0271275 0.0271275
0.53765 0.46235 0.0271678 0.0271678
0.53765 0.46235 0.027214 0.027214
0.53763 0.46237 0.0272393 0.0272393
0.53763 0.46237 0.0272682 0.0272682
0.53769 0.46231 0.0273167 0.0273167
0.5377 0.4623 0.027312 0.027312
0.5378 0.4622 0.0273475 0.0273475
0.53779 0.46221 0.0273473 0.0273473
0.53772 0.46228 0.0273537 0.0273537
0.53785 0.46215 0.0273695 0.0273695
0.53784 0.46216 0.0273959 0.0273959
0.53783 0.46217 0.0273952 0.0273952
0.53776 0.46224 0.0274077 0.0274077
0.53777 0.46223 0.0274179 0.0274179
0.53772 0.46228 0.0274135 0.0274135
0.53785 0.46215 0.027448 0.027448
0.53784 0.46216 0.0274627 0.0274627
0.5378 0.4622 0.027474 0.027474
0.53787 0.46213 0.0274648 0.0274648
0.53788 0.46212 0.0274614 0.0274614
0.53781 0.46219 0.0274658 0.0274658
0.53776 0.46224 0.0274664 0.0274664
0.53777 0.46223 0.0274568 0.0274568
0.53778 0.46222 0.0274763 0.0274763
0.53789 0.46211 0.0274974 0.0274974
0.53788 0.46212 0.027509 0.027509
0.53786 0.46214 0.027549 0.027549
0.53795 0.46205 0.027546 0.027546
0.53798 0.46202 0.0275419 0.0275419
0.53804 0.46196 0.0275848 0.0275848
0.53806 0.46194 0.0276176 0.0276176
0.53799 0.46201 0.0276513 0.0276513
0.53797 0.46203 0.0276673 0.0276673
0.53802 0.46198 0.0277074 0.0277074
0.53813 0.46187 0.0277074 0.0277074
0.53817 0.46183 0.0277464 0.0277464
0.53809 0.46191 0.0277591 0.0277591
0.53814 0.46186 0.0277716 0.0277716
0.53819 0.46181 0.0277589 0.0277589
0.53825 0.46175 0.027758 0.027758
0.53829 0.46171 0.0277907 0.0277907
0.53831 0.46169 0.0278084 0.0278084
0.53832 0.46168 0.02779 0.02779
0.53835 0.46165 0.0277886 0.0277886
0.53833 0.46167 0.0277901 0.0277901
0.53824 0.46176 0.0278346 0.0278346
0.5382 0.4618 0.0278204 0.0278204
0.53817 0.46183 0.0278412 0.0278412
0.53808 0.46192 0.0278657 0.0278657
0.53809 0.46191 0.0278798 0.0278798
0.53816 0.46184 0.0279375 0.0279375
0.53825 0.46175 0.027935 0.027935
0.53835 0.46165 0.0279602 0.0279602
0.53835 0.46165 0.0279967 0.0279967
0.53836 0.46164 0.0280164 0.0280164
0.53832 0.46168 0.0279988 0.0279988
0.53831 0.46169 0.0280208 0.0280208
0.53838 0.46162 0.0280287 0.0280287
0.53848 0.46152 0.0280445 0.0280445
0.53849 0.46151 0.0280374 0.0280374
0.53846 0.46154 0.0280322 0.0280322
0.53856 0.46144 0.0280429 0.0280429
0.53855 0.46145 0.0280259 0.0280259
0.53852 0.46148 0.0280532 0.0280532
0.53859 0.46141 0.028045 0.028045
0.53858 0.46142 0.0280474 0.0280474
0.53859 0.46141 0.028047 0.028047
0.53854 0.46146 0.0280425 0.0280425
0.5386 0.4614 0.0280446 0.0280446
0.53862 0.46138 0.0280485 0.0280485
0.53858 0.46142 0.0280709 0.0280709
0.53859 0.46141 0.0280825 0.0280825
0.53857 0.46143 0.0280946 0.0280946
0.53858 0.46142 0.0281072 0.0281072
0.5387 0.4613 0.0280966 0.0280966
0.53871 0.46129 0.0281212 0.0281212
0.53874 0.46126 0.0281351 0.0281351
0.53883 0.46117 0.0281519 0.0281519
0.53888 0.46112 0.0281398 0.0281398
0.5389 0.4611 0.0281363 0.0281363
0.53889 0.46111 0.0281436 0.0281436
0.53894 0.46106 0.0281453 0.0281453
0.53903 0.46097 0.0281543 0.0281543
0.53901 0.46099 0.0281665 0.0281665
0.53905 0.46095 0.0281953 0.0281953
0.53903 0.46097 0.0282079 0.0282079
0.53909 0.46091 0.0282196 0.0282196
0.53913 0.46087 0.0282352 0.0282352
0.53911 0.46089 0.0282561 0.0282561
0.53918 0.46082 0.0282547 0.0282547
0.53921 0.46079 0.0283039 0.0283039
0.5392 0.4608 0.0283203 0.0283203
0.53923 0.46077 0.0283419 0.0283419
0.53915 0.46085 0.0283387 0.0283387
0.53918 0.46082 0.0283312 0.0283312
0.53918 0.46082 0.0283332 0.0283332
0.53909 0.46091 0.028345 0.028345
0.53918 0.46082 0.02831 0.02831
0.53919 0.46081 0.0283237 0.0283237
0.53915 0.46085 0.0283629 0.0283629
0.5391 0.4609 0.0284006 0.0284006
0.53911 0.46089 0.0284076 0.0284076
0.53921 0.46079 0.0284008 0.0284008
0.53926 0.46074 0.0284292 0.0284292
0.53916 0.46084 0.0284197 0.0284197
0.53916 0.46084 0.0284374 0.0284374
0.53918 0.46082 0.0284282 0.0284282
0.53916 0.46084 0.028451 0.028451
0.53916 0.46084 0.0284542 0.0284542
0.53909 0.46091 0.028453 0.028453
0.53917 0.46083 0.0284651 0.0284651
0.53917 0.46083 0.0284883 0.0284883
0.53914 0.46086 0.0284971 0.0284971
0.53921 0.46079 0.0285239 0.0285239
0.53923 0.46077 0.0285383 0.0285383
0.53925 0.46075 0.0285365 0.0285365
0.53922 0.46078 0.0285431 0.0285431
0.53924 0.46076 0.0285426 0.0285426
0.53923 0.46077 0.028572 0.028572
0.53918 0.46082 0.0286027 0.0286027
0.5392 0.4608 0.0285949 0.0285949
0.53928 0.46072 0.0285995 0.0285995
0.53935 0.46065 0.0286022 0.0286022
0.53934 0.46066 0.0286038 0.0286038
0.53929 0.46071 0.0286296 0.0286296
0.53925 0.46075 0.0286276 0.0286276
0.53921 0.46079 0.0286605 0.0286605
0.53918 0.46082 0.0286801 0.0286801
0.53927 0.46073 0.0287089 0.0287089
0.53925 0.46075 0.0287055 0.0287055
0.53924 0.46076 0.0287017 0.0287017
0.53929 0.46071 0.0287349 0.0287349
0.53932 0.46068 0.0287503 0.0287503
0.53935 0.46065 0.0287511 0.0287511
0.53934 0.46066 0.0287264 0.0287264
0.53943 0.46057 0.0287415 0.0287415
0.53936 0.46064 0.0287679 0.0287679
0.53937 0.46063 0.0287628 0.0287628
0.53945 0.46055 0.0287916 0.0287916
0.5394 0.4606 0.0288182 0.0288182
0.53938 0.46062 0.0288454 0.0288454
0.53944 0.46056 0.0288591 0.0288591
0.53941 0.46059 0.0288692 0.0288692
0.53952 0.46048 0.0288775 0.0288775
0.53953 0.46047 0.028903 0.028903
0.5396 0.4604 0.0289248 0.0289248
0.53962 0.46038 0.0289474 0.0289474
0.53965 0.46035 0.0289297 0.0289297
0.53972 0.46028 0.0289419 0.0289419
0.53973 0.46027 0.0289574 0.0289574
0.53962 0.46038 0.0289603 0.0289603
0.53958 0.46042 0.028973 0.028973
0.53964 0.46036 0.0290016 0.0290016
0.53971 0.46029 0.0290003 0.0290003
0.53975 0.46025 0.0290015 0.0290015
0.53969 0.46031 0.029003 0.029003
0.53973 0.46027 0.0290099 0.0290099
0.5398 0.4602 0.0290415 0.0290415
0.53976 0.46024 0.0290573 0.0290573
0.53973 0.46027 0.0290478 0.0290478
0.53969 0.46031 0.0290795 0.0290795
0.53974 0.46026 0.029102 0.029102
0.53977 0.46023 0.0291119 0.0291119
0.53987 0.46013 0.0291184 0.0291184
0.5399 0.4601 0.0291499 0.0291499
0.53987 0.46013 0.0291654 0.0291654
0.53981 0.46019 0.0291744 0.0291744
0.53985 0.46015 0.0292045 0.0292045
0.53991 0.46009 0.0292078 0.0292078
0.53988 0.46012 0.0292032 0.0292032
0.53977 0.46023 0.0292289 0.0292289
0.53978 0.46022 0.0292594 0.0292594
0.53972 0.46028 0.0292535 0.0292535
0.53975 0.46025 0.0292746 0.0292746
0.53973 0.46027 0.0292878 0.0292878
0.53981 0.46019 0.0292894 0.0292894
0.53994 0.46006 0.0293022 0.0293022
0.54001 0.45999 0.0293257 0.0293257
0.54002 0.45998 0.0293432 0.0293432
0.54011 0.45989 0.0293805 0.0293805
0.54021 0.45979 0.0294049 0.0294049
0.5402 0.4598 0.0294267 0.0294267
0.5403 0.4597 0.0294303 0.0294303
0.54039 0.45961 0.0294298 0.0294298
0.54032 0.45968 0.0294148 0.0294148
0.54037 0.45963 0.0294352 0.0294352
0.54038 0.45962 0.0294583 0.0294583
0.5404 0.4596 0.0294794 0.0294794
0.54046 0.45954 0.0294601 0.0294601
0.54054 0.45946 0.0294927 0.0294927
0.54058 0.45942 0.0295119 0.0295119
0.54056 0.45944 0.0295424 0.0295424
0.54053 0.45947 0.0296074 0.0296074
0.5406 0.4594 0.0296166 0.0296166
0.54055 0.45945 0.0296375 0.0296375
0.54053 0.45947 0.0296556 0.0296556
0.54061 0.45939 0.0296868 0.0296868
0.54063 0.45937 0.0296944 0.0296944
0.54059 0.45941 0.0297037 0.0297037
0.54056 0.45944 0.0297007 0.0297007
0.54054 0.45946 0.0297309 0.0297309
0.54053 0.45947 0.029728 0.029728
0.54055 0.45945 0.0297428 0.0297428
0.54058 0.45942 0.0297512 0.0297512
0.54062 0.45938 0.0297545 0.0297545
0.5406 0.4594 0.0297621 0.0297621
0.54054 0.45946 0.0297873 0.0297873
0.54044 0.45956 0.0298106 0.0298106
0.5405 0.4595 0.0298158 0.0298158
0.54054 0.45946 0.0298671 0.0298671
0.54061 0.45939 0.0298802 0.0298802
0.54059 0.45941 0.0298968 0.0298968
0.54068 0.45932 0.0299083 0.0299083
0.54068 0.45932 0.0299017 0.0299017
0.54073 0.45927 0.0299351 0.0299351
0.54073 0.45927 0.0299482 0.0299482
0.54073 0.45927 0.0299489 0.0299489
0.54073 0.45927 0.0299424 0.0299424
0.54068 0.45932 0.0299505 0.0299505
0.54067 0.45933 0.029955 0.029955
0.54065 0.45935 0.0299694 0.0299694
0.54056 0.45944 0.0299412 0.0299412
0.54051 0.45949 0.0299438 0.0299438
0.54059 0.45941 0.0299482 0.0299482
0.5406 0.4594 0.0299916 0.0299916
0.54059 0.45941 0.0300125 0.0300125
0.54063 0.45937 0.0300495 0.0300495
0.54067 0.45933 0.0300639 0.0300639
0.54066 0.45934 0.0300753 0.0300753
0.54062 0.45938 0.0300955 0.0300955
0.54067 0.45933 0.0301108 0.0301108
0.54075 0.45925 0.0301109 0.0301109
0.54085 0.45915 0.0300992 0.0300992
0.54081 0.45919 0.0300958 0.0300958
0.54081 0.45919 0.0301367 0.0301367
0.54068 0.45932 0.0301109 0.0301109
0.54066 0.45934 0.0301274 0.0301274
0.54074 0.45926 0.0301365 0.0301365
0.54073 0.45927 0.0301411 0.0301411
0.54077 0.45923 0.0301363 0.0301363
0.5408 0.4592 0.0301248 0.0301248
0.54084 0.45916 0.0301158 0.0301158
0.54074 0.45926 0.0301225 0.0301225
0.54064 0.45936 0.0301133 0.0301133
0.54066 0.45934 0.0300937 0.0300937
0.54072 0.45928 0.0300905 0.0300905
0.54074 0.45926 0.0301064 0.0301064
0.54075 0.45925 0.0301138 0.0301138
0.54079 0.45921 0.0301278 0.0301278
0.54087 0.45913 0.0301223 0.0301223
0.54087 0.45913 0.030131 0.030131
0.54102 0.45898 0.0301299 0.0301299
0.54104 0.45896 0.0301287 0.0301287
0.54104 0.45896 0.030151 0.030151
0.54104 0.45896 0.0301744 0.0301744
0.54106 0.45894 0.0302077 0.0302077
0.54112 0.45888 0.0302027 0.0302027
0.54107 0.45893 0.0302357 0.0302357
0.5411 0.4589 0.0302137 0.0302137
0.54111 0.45889 0.030228 0.030228
0.5411 0.4589 0.0302407 0.0302407
0.54109 0.45891 0.0302319 0.0302319
0.54118 0.45882 0.0302515 0.0302515
0.54119 0.45881 0.0302705 0.0302705
0.5412 0.4588 0.030279 0.030279
0.54125 0.45875 0.0302783 0.0302783
0.54124 0.45876 0.0303051 0.0303051
0.54133 0.45867 0.0303156 0.0303156
0.5414 0.4586 0.0303371 0.0303371
0.5415 0.4585 0.0303488 0.0303488
0.54146 0.45854 0.0303628 0.0303628
0.54146 0.45854 0.030385 0.030385
0.54163 0.45837 0.0304349 0.0304349
0.54167 0.45833 0.0304273 0.0304273
0.54173 0.45827 0.03043 0.03043
0.54176 0.45824 0.0304281 0.0304281
0.54182 0.45818 0.0304457 0.0304457
0.54185 0.45815 0.0304667 0.0304667
0.54188 0.45812 0.030505 0.030505
0.54188 0.45812 0.0305161 0.0305161
0.5419 0.4581 0.0305277 0.0305277
0.54197 0.45803 0.0305286 0.0305286
0.54199 0.45801 0.0305386 0.0305386
0.54201 0.45799 0.0305284 0.0305284
0.54209 0.45791 0.0305225 0.0305225
0.54225 0.45775 0.0305506 0.0305506
0.54227 0.45773 0.030564 0.030564
0.54228 0.45772 0.0305679 0.0305679
0.54237 0.45763 0.0305868 0.0305868
0.54233 0.45767 0.0305789 0.0305789
0.54228 0.45772 0.0305817 0.0305817
0.54229 0.45771 0.0305891 0.0305891
0.54233 0.45767 0.0306212 0.0306212
0.54224 0.45776 0.030636 0.030636
0.54232 0.45768 0.0306266 0.0306266
0.54233 0.45767 0.0306088 0.0306088
0.54236 0.45764 0.0306247 0.0306247
0.54245 0.45755 0.0306402 0.0306402
0.54245 0.45755 0.0306296 0.0306296
0.5424 0.4576 0.0306521 0.0306521
0.54237 0.45763 0.0306749 0.0306749
0.54242 0.45758 0.0306674 0.0306674
0.54243 0.45757 0.0306642 0.0306642
0.54242 0.45758 0.0306667 0.0306667
0.54241 0.45759 0.0306808 0.0306808
0.54243 0.45757 0.0306944 0.0306944
0.5424 0.4576 0.0306969 0.0306969
0.54237 0.45763 0.0307136 0.0307136
0.54235 0.45765 0.0307062 0.0307062
0.54236 0.45764 0.0307157 0.0307157
0.54246 0.45754 0.0307225 0.0307225
0.54247 0.45753 0.0307221 0.0307221
0.54243 0.45757 0.0307373 0.0307373
0.54242 0.45758 0.0307593 0.0307593
0.54252 0.45748 0.0307456 0.0307456
0.54257 0.45743 0.0307482 0.0307482
0.5426 0.4574 0.0307641 0.0307641
0.54256 0.45744 0.0307697 0.0307697
0.54257 0.45743 0.0307591 0.0307591
0.54256 0.45744 0.0307978 0.0307978
0.54256 0.45744 0.0308041 0.0308041
0.54264 0.45736 0.030801 0.030801
0.54266 0.45734 0.0308013 0.0308013
0.54273 0.45727 0.0308105 0.0308105
0.54279 0.45721 0.0308238 0.0308238
0.54284 0.45716 0.0308352 0.0308352
0.54299 0.45701 0.0308384 0.0308384
0.54299 0.45701 0.0308226 0.0308226
0.54299 0.45701 0.0308296 0.0308296
0.54309 0.45691 0.0308214 0.0308214
0.54317 0.45683 0.0308574 0.0308574
0.54315 0.45685 0.0308837 0.0308837
0.54319 0.45681 0.0309116 0.0309116
0.54313 0.45687 0.0309027 0.0309027
0.5431 0.4569 0.030923 0.030923
0.54311 0.45689 0.0309379 0.0309379
0.54307 0.45693 0.0309529 0.0309529
0.54304 0.45696 0.0309487 0.0309487
0.54305 0.45695 0.0309649 0.0309649
0.5431 0.4569 0.0309677 0.0309677
0.54306 0.45694 0.0309891 0.0309891
0.54309 0.45691 0.0309922 0.0309922
0.54319 0.45681 0.0310229 0.0310229
0.5432 0.4568 0.0310065 0.0310065
0.54321 0.45679 0.0310366 0.0310366
0.5432 0.4568 0.031033 0.031033
0.54317 0.45683 0.0310215 0.0310215
0.54327 0.45673 0.0310248 0.0310248
0.54323 0.45677 0.0310305 0.0310305
0.54324 0.45676 0.0310149 0.0310149
0.54333 0.45667 0.0310142 0.0310142
0.54343 0.45657 0.0310255 0.0310255
0.5435 0.4565 0.0310245 0.0310245
0.5436 0.4564 0.031013 0.031013
0.54357 0.45643 0.0310195 0.0310195
0.5436 0.4564 0.0310202 0.0310202
0.54361 0.45639 0.0310288 0.0310288
0.54359 0.45641 0.0310259 0.0310259
0.54356 0.45644 0.0310303 0.0310303
0.54368 0.45632 0.0310536 0.0310536
0.54366 0.45634 0.0310547 0.0310547
0.54372 0.45628 0.0310685 0.0310685
0.54382 0.45618 0.0311153 0.0311153
0.54391 0.45609 0.0311493 0.0311493
0.54385 0.45615 0.0311767 0.0311767
0.54389 0.45611 0.0311912 0.0311912
0.54388 0.45612 0.0312194 0.0312194
0.54389 0.45611 0.0312489 0.0312489
0.54391 0.45609 0.0312609 0.0312609
0.54391 0.45609 0.0312617 0.0312617
0.54387 0.45613 0.0313029 0.0313029
0.54389 0.45611 0.0312909 0.0312909
0.54384 0.45616 0.0313075 0.0313075
0.54389 0.45611 0.0313168 0.0313168
0.5439 0.4561 0.0313184 0.0313184
0.54407 0.45593 0.0313175 0.0313175
0.544 0.456 0.0313313 0.0313313
0.54406 0.45594 0.0313557 0.0313557
0.54414 0.45586 0.0313564 0.0313564
0.54423 0.45577 0.0313653 0.0313653
0.54425 0.45575 0.0313811 0.0313811
0.54435 0.45565 0.0314019 0.0314019
0.54434 0.45566 0.0314198 0.0314198
0.54438 0.45562 0.0314372 0.0314372
0.54441 0.45559 0.0314742 0.0314742
0.54446 0.45554 0.0314942 0.0314942
0.54451 0.45549 0.0314946 0.0314946
0.54456 0.45544 0.0315285 0.0315285
0.54458 0.45542 0.0315294 0.0315294
0.54463 0.45537 0.0315506 0.0315506
0.54463 0.45537 0.0315598 0.0315598
0.5446 0.4554 0.0315736 0.0315736
0.54456 0.45544 0.0315878 0.0315878
0.54452 0.45548 0.0316029 0.0316029
0.54444 0.45556 0.031634 0.031634
0.54446 0.45554 0.0316846 0.0316846
0.54438 0.45562 0.0316814 0.0316814
0.54439 0.45561 0.0316951 0.0316951
0.54431 0.45569 0.0316942 0.0316942
0.54431 0.45569 0.0317017 0.0317017
0.54433 0.45567 0.0317179 0.0317179
0.5443 0.4557 0.0317286 0.0317286
0.54422 0.45578 0.031756 0.031756
0.54415 0.45585 0.0317661 0.0317661
0.54412 0.45588 0.0317723 0.0317723
0.54409 0.45591 0.0317756 0.0317756
0.54406 0.45594 0.0317651 0.0317651
0.54401 0.45599 0.0317532 0.0317532
0.54397 0.45603 0.0317568 0.0317568
0.54401 0.45599 0.0317559 0.0317559
0.54399 0.45601 0.0317825 0.0317825
0.54409 0.45591 0.0318143 0.0318143
0.5441 0.4559 0.0318316 0.0318316
0.54408 0.45592 0.0318611 0.0318611
0.54407 0.45593 0.0318806 0.0318806
0.54411 0.45589 0.0318988 0.0318988
0.54418 0.45582 0.0319164 0.0319164
0.54417 0.45583 0.0319177 0.0319177
0.54412 0.45588 0.0319341 0.0319341
0.54416 0.45584 0.0319264 0.0319264
0.54425 0.45575 0.0319192 0.0319192
0.54427 0.45573 0.0319384 0.0319384
0.54421 0.45579 0.0319577 0.0319577
0.54426 0.45574 0.0319812 0.0319812
0.5443 0.4557 0.031981 0.031981
0.54426 0.45574 0.031993 0.031993
0.54424 0.45576 0.0320041 0.0320041
0.54428 0.45572 0.031988 0.031988
0.54423 0.45577 0.0320099 0.0320099
0.54431 0.45569 0.0320454 0.0320454
0.54429 0.45571 0.0320701 0.0320701
0.54433 0.45567 0.0320886 0.0320886
0.54432 0.45568 0.032108 0.032108
0.54437 0.45563 0.0320862 0.0320862
0.54433 0.45567 0.0320955 0.0320955
