0.50146 0.49854 4.5564e-05 4.5564e-05
0.50267 0.49733 0.000112223 0.000112223
0.5034 0.4966 0.00019701 0.00019701
0.5042 0.4958 0.000282848 0.000282848
0.50449 0.49551 0.00035005 0.00035005
0.50537 0.49463 0.00040373 0.00040373
0.50565 0.49435 0.000482553 0.000482553
0.50566 0.49434 0.000557439 0.000557439
0.50569 0.49431 0.000615145 0.000615145
0.50678 0.49322 0.00065981 0.00065981
0.5076 0.4924 0.000752424 0.000752424
0.50782 0.49218 0.000807543 0.000807543
0.50852 0.49148 0.000881787 0.000881787
0.50842 0.49158 0.000907519 0.000907519
0.50864 0.49136 0.00094894 0.00094894
0.50871 0.49129 0.000989521 0.000989521
0.50918 0.49082 0.00102377 0.00102377
0.50969 0.49031 0.0010722 0.0010722
0.5097 0.4903 0.00112728 0.00112728
0.51001 0.48999 0.00113043 0.00113043
0.51042 0.48958 0.00117168 0.00117168
0.51037 0.48963 0.00118175 0.00118175
0.51034 0.48966 0.00120289 0.00120289
0.51031 0.48969 0.00122224 0.00122224
0.51027 0.48973 0.00125064 0.00125064
0.51058 0.48942 0.00127788 0.00127788
0.51071 0.48929 0.00129902 0.00129902
0.51084 0.48916 0.00130648 0.00130648
0.51087 0.48913 0.00131502 0.00131502
0.51112 0.48888 0.00133473 0.00133473
0.51116 0.48884 0.00134682 0.00134682
0.5111 0.4889 0.00134827 0.00134827
0.51124 0.48876 0.00134325 0.00134325
0.51129 0.48871 0.00135306 0.00135306
0.51137 0.48863 0.00135999 0.00135999
0.51135 0.48865 0.00136484 0.00136484
0.51134 0.48866 0.00137734 0.00137734
0.5114 0.4886 0.00137491 0.00137491
0.51145 0.48855 0.00138421 0.00138421
0.51154 0.48846 0.00139023 0.00139023
0.51148 0.48852 0.00139177 0.00139177
0.5115 0.4885 0.00139601 0.00139601
0.51158 0.48842 0.00140229 0.00140229
0.51161 0.48839 0.00140826 0.00140826
0.51154 0.48846 0.00140807 0.00140807
0.51153 0.48847 0.00141379 0.00141379
0.51152 0.48848 0.00141676 0.00141676
0.51156 0.48844 0.00141869 0.00141869
0.51157 0.48843 0.00141401 0.00141401
0.51158 0.48842 0.00141604 0.00141604
0.51158 0.48842 0.00141471 0.00141471
0.51149 0.48851 0.00141753 0.00141753
0.5115 0.4885 0.0014168 0.0014168
0.51145 0.48855 0.00142013 0.00142013
0.51146 0.48854 0.00142399 0.00142399
0.51145 0.48855 0.00142478 0.00142478
0.51142 0.48858 0.00142469 0.00142469
0.51143 0.48857 0.00142417 0.00142417
0.51144 0.48856 0.00142445 0.00142445
0.51142 0.48858 0.00142546 0.00142546
0.51141 0.48859 0.00142366 0.00142366
0.51139 0.48861 0.00142517 0.00142517
0.51141 0.48859 0.00142534 0.00142534
0.51141 0.48859 0.00142534 0.00142534
0.51141 0.48859 0.00142673 0.00142673
0.51143 0.48857 0.00142891 0.00142891
0.51142 0.48858 0.00142972 0.00142972
0.51142 0.48858 0.00142972 0.00142972
0.51141 0.48859 0.00143123 0.00143123
0.51142 0.48858 0.00143103 0.00143103
0.51142 0.48858 0.00143103 0.00143103
0.51143 0.48857 0.00143089 0.00143089
0.51144 0.48856 0.00143251 0.00143251
0.51144 0.48856 0.00143251 0.00143251
0.51144 0.48856 0.00143251 0.00143251
0.51143 0.48857 0.00143316 0.00143316
0.51143 0.48857 0.00143316 0.00143316
0.51143 0.48857 0.00143316 0.00143316
0.51142 0.48858 0.00143368 0.00143368
0.51142 0.48858 0.00143368 0.00143368
0.51141 0.48859 0.00143307 0.00143307
0.51141 0.48859 0.00143307 0.00143307
0.5114 0.4886 0.00143378 0.00143378
0.5114 0.4886 0.00143378 0.00143378
0.5114 0.4886 0.00143378 0.00143378
0.5114 0.4886 0.00143378 0.00143378
0.51139 0.48861 0.0014345 0.0014345
0.51139 0.48861 0.0014345 0.0014345
0.51139 0.48861 0.0014345 0.0014345
0.51139 0.48861 0.0014345 0.0014345
0.5114 0.4886 0.00143438 0.00143438
0.5114 0.4886 0.00143438 0.00143438
0.5114 0.4886 0.00143438 0.00143438
0.5114 0.4886 0.00143438 0.00143438
0.5114 0.4886 0.00143438 0.00143438
0.5114 0.4886 0.00143438 0.00143438
0.5114 0.4886 0.00143438 0.00143438
0.5114 0.4886 0.00143438 0.00143438
0.51141 0.48859 0.00143457 0.00143457
0.51141 0.48859 0.00143457 0.00143457
0.51141 0.48859 0.00143457 0.00143457
0.51141 0.48859 0.00143457 0.00143457
0.51142 0.48858 0.00143463 0.00143463
0.51142 0.48858 0.00143463 0.00143463
0.51142 0.48858 0.00143463 0.00143463
0.51142 0.48858 0.00143463 0.00143463
0.51142 0.48858 0.00143463 0.00143463
0.51142 0.48858 0.00143463 0.00143463
0.51142 0.48858 0.00143463 0.00143463
0.51142 0.48858 0.00143463 0.00143463
0.51142 0.48858 0.00143463 0.00143463
0.51142 0.48858 0.00143463 0.00143463
0.51142 0.48858 0.00143463 0.00143463
0.51142 0.48858 0.00143463 0.00143463
0.51142 0.48858 0.00143463 0.00143463
0.51142 0.48858 0.00143463 0.00143463
0.51142 0.48858 0.00143463 0.00143463
0.51142 0.48858 0.00143463 0.00143463
0.51142 0.48858 0.00143463 0.00143463
0.51142 0.48858 0.00143463 0.00143463
0.51142 0.48858 0.00143463 0.00143463
0.51142 0.48858 0.00143463 0.00143463
0.51142 0.48858 0.00143463 0.00143463
0.51142 0.48858 0.00143463 0.00143463
0.51142 0.48858 0.00143463 0.00143463
0.51142 0.48858 0.00143463 0.00143463
0.51142 0.48858 0.00143463 0.00143463
0.51142 0.48858 0.00143463 0.00143463
0.51142 0.48858 0.00143463 0.00143463
0.51142 0.48858 0.00143463 0.00143463
0.51142 0.48858 0.00143463 0.00143463
0.51142 0.48858 0.00143463 0.00143463
0.51142 0.48858 0.00143463 0.00143463
0.51142 0.48858 0.00143463 0.00143463
0.51142 0.48858 0.00143463 0.00143463
0.51142 0.48858 0.00143463 0.00143463
0.51142 0.48858 0.00143463 0.00143463
0.51142 0.48858 0.00143463 0.00143463
0.51142 0.48858 0.00143463 0.00143463
0.51142 0.48858 0.00143463 0.00143463
0.51142 0.48858 0.00143463 0.00143463
0.51142 0.48858 0.00143463 0.00143463
0.51142 0.48858 0.00143463 0.00143463
0.51142 0.48858 0.00143463 0.00143463
0.51142 0.48858 0.00143463 0.00143463
0.51142 0.48858 0.00143463 0.00143463
0.51142 0.48858 0.00143463 0.00143463
0.51142 0.48858 0.00143463 0.00143463
0.51142 0.48858 0.00143463 0.00143463
0.51142 0.48858 0.00143463 0.00143463
0.51142 0.48858 0.00143463 0.00143463
0.51142 0.48858 0.00143463 0.00143463
0.51142 0.48858 0.00143463 0.00143463
0.51142 0.48858 0.00143463 0.00143463
0.51142 0.48858 0.00143463 0.00143463
0.51142 0.48858 0.00143463 0.00143463
0.51142 0.48858 0.00143463 0.00143463
0.51142 0.48858 0.00143463 0.00143463
0.51142 0.48858 0.00143463 0.00143463
0.51142 0.48858 0.00143463 0.00143463
0.51142 0.48858 0.00143463 0.00143463
0.51142 0.48858 0.00143463 0.00143463
0.51142 0.48858 0.00143463 0.00143463
0.51142 0.48858 0.00143463 0.00143463
0.51142 0.48858 0.00143463 0.00143463
0.51142 0.48858 0.00143463 0.00143463
0.51142 0.48858 0.00143463 0.00143463
0.51142 0.48858 0.00143463 0.00143463
0.51142 0.48858 0.00143463 0.00143463
0.51142 0.48858 0.00143463 0.00143463
0.51142 0.48858 0.00143463 0.00143463
0.51142 0.48858 0.00143463 0.00143463
0.51142 0.48858 0.00143463 0.00143463
0.51142 0.48858 0.00143463 0.00143463
0.51142 0.48858 0.00143463 0.00143463
0.51142 0.48858 0.00143463 0.00143463
0.51142 0.48858 0.00143463 0.00143463
0.51142 0.48858 0.00143463 0.00143463
0.51142 0.48858 0.00143463 0.00143463
0.51142 0.48858 0.00143463 0.00143463
0.51142 0.48858 0.00143463 0.00143463
0.51142 0.48858 0.00143463 0.00143463
0.51142 0.48858 0.00143463 0.00143463
0.51142 0.48858 0.00143463 0.00143463
0.51142 0.48858 0.00143463 0.00143463
0.51142 0.48858 0.00143463 0.00143463
0.51142 0.48858 0.00143463 0.00143463
0.51142 0.48858 0.00143463 0.00143463
0.51142 0.48858 0.00143463 0.00143463
0.51142 0.48858 0.00143463 0.00143463
0.51142 0.48858 0.00143463 0.00143463
0.51142 0.48858 0.00143463 0.00143463
0.51142 0.48858 0.00143463 0.00143463
0.51142 0.48858 0.00143463 0.00143463
0.51142 0.48858 0.00143463 0.00143463
0.51142 0.48858 0.00143463 0.00143463
0.51142 0.48858 0.00143463 0.00143463
0.51142 0.48858 0.00143463 0.00143463
0.51142 0.48858 0.00143463 0.00143463
0.51142 0.48858 0.00143463 0.00143463
0.51142 0.48858 0.00143463 0.00143463
0.51142 0.48858 0.00143463 0.00143463
0.51142 0.48858 0.00143463 0.00143463
0.51142 0.48858 0.00143463 0.00143463
0.51142 0.48858 0.00143463 0.00143463
0.51142 0.48858 0.00143463 0.00143463
0.51142 0.48858 0.00143463 0.00143463
0.51142 0.48858 0.00143463 0.00143463
0.51142 0.48858 0.00143463 0.00143463
0.51142 0.48858 0.00143463 0.00143463
0.51142 0.48858 0.00143463 0.00143463
0.51142 0.48858 0.00143463 0.00143463
0.51142 0.48858 0.00143463 0.00143463
0.51142 0.48858 0.00143463 0.00143463
0.51142 0.48858 0.00143463 0.00143463
0.51142 0.48858 0.00143463 0.00143463
0.51142 0.48858 0.00143463 0.00143463
0.51142 0.48858 0.00143463 0.00143463
0.51142 0.48858 0.00143463 0.00143463
0.51142 0.48858 0.00143463 0.00143463
0.51142 0.48858 0.00143463 0.00143463
0.51142 0.48858 0.00143463 0.00143463
0.51142 0.48858 0.00143463 0.00143463
0.51142 0.48858 0.00143463 0.00143463
0.51142 0.48858 0.00143463 0.00143463
0.51142 0.48858 0.00143463 0.00143463
0.51142 0.48858 0.00143463 0.00143463
0.51142 0.48858 0.00143463 0.00143463
0.51142 0.48858 0.00143463 0.00143463
0.51142 0.48858 0.00143463 0.00143463
0.51142 0.48858 0.00143463 0.00143463
0.51142 0.48858 0.00143463 0.00143463
0.51142 0.48858 0.00143463 0.00143463
0.51142 0.48858 0.00143463 0.00143463
0.51142 0.48858 0.00143463 0.00143463
0.51142 0.48858 0.00143463 0.00143463
0.51142 0.48858 0.00143463 0.00143463
0.51142 0.48858 0.00143463 0.00143463
0.51142 0.48858 0.00143463 0.00143463
0.51142 0.48858 0.00143463 0.00143463
0.51142 0.48858 0.00143463 0.00143463
0.51142 0.48858 0.00143463 0.00143463
0.51142 0.48858 0.00143463 0.00143463
0.51142 0.48858 0.00143463 0.00143463
0.51142 0.48858 0.00143463 0.00143463
0.51142 0.48858 0.00143463 0.00143463
0.51142 0.48858 0.00143463 0.00143463
0.51142 0.48858 0.00143463 0.00143463
0.51142 0.48858 0.00143463 0.00143463
0.51142 0.48858 0.00143463 0.00143463
0.51142 0.48858 0.00143463 0.00143463
0.51142 0.48858 0.00143463 0.00143463
0.51142 0.48858 0.00143463 0.00143463
0.51142 0.48858 0.00143463 0.00143463
0.51142 0.48858 0.00143463 0.00143463
0.51142 0.48858 0.00143463 0.00143463
0.51142 0.48858 0.00143463 0.00143463
0.51142 0.48858 0.00143463 0.00143463
0.51142 0.48858 0.00143463 0.00143463
0.51142 0.48858 0.00143463 0.00143463
0.51142 0.48858 0.00143463 0.00143463
0.51142 0.48858 0.00143463 0.00143463
0.51142 0.48858 0.00143463 0.00143463
0.51142 0.48858 0.00143463 0.00143463
0.51142 0.48858 0.00143463 0.00143463
0.51142 0.48858 0.00143463 0.00143463
0.51142 0.48858 0.00143463 0.00143463
0.51142 0.48858 0.00143463 0.00143463
0.51142 0.48858 0.00143463 0.00143463
0.51142 0.48858 0.00143463 0.00143463
0.51142 0.48858 0.00143463 0.00143463
0.51142 0.48858 0.00143463 0.00143463
0.51142 0.48858 0.00143463 0.00143463
0.51142 0.48858 0.00143463 0.00143463
0.51142 0.48858 0.00143463 0.00143463
0.51142 0.48858 0.00143463 0.00143463
0.51142 0.48858 0.00143463 0.00143463
0.51142 0.48858 0.00143463 0.00143463
0.51142 0.48858 0.00143463 0.00143463
0.51142 0.48858 0.00143463 0.00143463
0.51142 0.48858 0.00143463 0.00143463
0.51142 0.48858 0.00143463 0.00143463
0.51142 0.48858 0.00143463 0.00143463
0.51142 0.48858 0.00143463 0.00143463
0.51142 0.48858 0.00143463 0.00143463
0.51142 0.48858 0.00143463 0.00143463
0.51142 0.48858 0.00143463 0.00143463
0.51142 0.48858 0.00143463 0.00143463
0.51142 0.48858 0.00143463 0.00143463
0.51142 0.48858 0.00143463 0.00143463
0.51142 0.48858 0.00143463 0.00143463
0.51142 0.48858 0.00143463 0.00143463
0.51142 0.48858 0.00143463 0.00143463
0.51142 0.48858 0.00143463 0.00143463
0.51142 0.48858 0.00143463 0.00143463
0.51142 0.48858 0.00143463 0.00143463
0.51142 0.48858 0.00143463 0.00143463
0.51142 0.48858 0.00143463 0.00143463
0.51142 0.48858 0.00143463 0.00143463
0.51142 0.48858 0.00143463 0.00143463
0.51142 0.48858 0.00143463 0.00143463
0.51142 0.48858 0.00143463 0.00143463
0.51142 0.48858 0.00143463 0.00143463
0.51142 0.48858 0.00143463 0.00143463
0.51142 0.48858 0.00143463 0.00143463
0.51142 0.48858 0.00143463 0.00143463
0.51142 0.48858 0.00143463 0.00143463
0.51142 0.48858 0.00143463 0.00143463
0.51142 0.48858 0.00143463 0.00143463
0.51142 0.48858 0.00143463 0.00143463
0.51142 0.48858 0.00143463 0.00143463
0.51142 0.48858 0.00143463 0.00143463
0.51142 0.48858 0.00143463 0.00143463
0.51142 0.48858 0.00143463 0.00143463
0.51142 0.48858 0.00143463 0.00143463
0.51142 0.48858 0.00143463 0.00143463
0.51142 0.48858 0.00143463 0.00143463
0.51142 0.48858 0.00143463 0.00143463
0.51142 0.48858 0.00143463 0.00143463
0.51142 0.48858 0.00143463 0.00143463
0.51142 0.48858 0.00143463 0.00143463
0.51142 0.48858 0.00143463 0.00143463
0.51142 0.48858 0.00143463 0.00143463
0.51142 0.48858 0.00143463 0.00143463
0.51142 0.48858 0.00143463 0.00143463
0.51142 0.48858 0.00143463 0.00143463
0.51142 0.48858 0.00143463 0.00143463
0.51142 0.48858 0.00143463 0.00143463
0.51142 0.48858 0.00143463 0.00143463
0.51142 0.48858 0.00143463 0.00143463
0.51142 0.48858 0.00143463 0.00143463
0.51142 0.48858 0.00143463 0.00143463
0.51142 0.48858 0.00143463 0.00143463
0.51142 0.48858 0.00143463 0.00143463
0.51142 0.48858 0.00143463 0.00143463
0.51142 0.48858 0.00143463 0.00143463
0.51142 0.48858 0.00143463 0.00143463
0.51142 0.48858 0.00143463 0.00143463
0.51142 0.48858 0.00143463 0.00143463
0.51142 0.48858 0.00143463 0.00143463
0.51142 0.48858 0.00143463 0.00143463
0.51142 0.48858 0.00143463 0.00143463
0.51142 0.48858 0.00143463 0.00143463
0.51142 0.48858 0.00143463 0.00143463
0.51142 0.48858 0.00143463 0.00143463
0.51142 0.48858 0.00143463 0.00143463
0.51142 0.48858 0.00143463 0.00143463
0.51142 0.48858 0.00143463 0.00143463
0.51142 0.48858 0.00143463 0.00143463
0.51142 0.48858 0.00143463 0.00143463
0.51142 0.48858 0.00143463 0.00143463
0.51142 0.48858 0.00143463 0.00143463
0.51142 0.48858 0.00143463 0.00143463
0.51142 0.48858 0.00143463 0.00143463
0.51142 0.48858 0.00143463 0.00143463
0.51142 0.48858 0.00143463 0.00143463
0.51142 0.48858 0.00143463 0.00143463
0.51142 0.48858 0.00143463 0.00143463
0.51142 0.48858 0.00143463 0.00143463
0.51142 0.48858 0.00143463 0.00143463
0.51142 0.48858 0.00143463 0.00143463
0.51142 0.48858 0.00143463 0.00143463
0.51142 0.48858 0.00143463 0.00143463
0.51142 0.48858 0.00143463 0.00143463
0.51142 0.48858 0.00143463 0.00143463
0.51142 0.48858 0.00143463 0.00143463
0.51142 0.48858 0.00143463 0.00143463
0.51142 0.48858 0.00143463 0.00143463
0.51142 0.48858 0.00143463 0.00143463
0.51142 0.48858 0.00143463 0.00143463
0.51142 0.48858 0.00143463 0.00143463
0.51142 0.48858 0.00143463 0.00143463
0.51142 0.48858 0.00143463 0.00143463
0.51142 0.48858 0.00143463 0.00143463
0.51142 0.48858 0.00143463 0.00143463
0.51142 0.48858 0.00143463 0.00143463
0.51142 0.48858 0.00143463 0.00143463
0.51142 0.48858 0.00143463 0.00143463
0.51142 0.48858 0.00143463 0.00143463
0.51142 0.48858 0.00143463 0.00143463
0.51142 0.48858 0.00143463 0.00143463
0.51142 0.48858 0.00143463 0.00143463
0.51142 0.48858 0.00143463 0.00143463
0.51142 0.48858 0.00143463 0.00143463
0.51142 0.48858 0.00143463 0.00143463
0.51142 0.48858 0.00143463 0.00143463
0.51142 0.48858 0.00143463 0.00143463
0.51142 0.48858 0.00143463 0.00143463
0.51142 0.48858 0.00143463 0.00143463
0.51142 0.48858 0.00143463 0.00143463
0.51142 0.48858 0.00143463 0.00143463
0.51142 0.48858 0.00143463 0.00143463
0.51142 0.48858 0.00143463 0.00143463
0.51142 0.48858 0.00143463 0.00143463
0.51142 0.48858 0.00143463 0.00143463
0.51142 0.48858 0.00143463 0.00143463
0.51142 0.48858 0.00143463 0.00143463
0.51142 0.48858 0.00143463 0.00143463
0.51142 0.48858 0.00143463 0.00143463
0.51142 0.48858 0.00143463 0.00143463
0.51142 0.48858 0.00143463 0.00143463
0.51142 0.48858 0.00143463 0.00143463
0.51142 0.48858 0.00143463 0.00143463
0.51142 0.48858 0.00143463 0.00143463
0.51142 0.48858 0.00143463 0.00143463
0.51142 0.48858 0.00143463 0.00143463
0.51142 0.48858 0.00143463 0.00143463
0.51142 0.48858 0.00143463 0.00143463
0.51142 0.48858 0.00143463 0.00143463
0.51142 0.48858 0.00143463 0.00143463
0.51142 0.48858 0.00143463 0.00143463
0.51142 0.48858 0.00143463 0.00143463
0.51142 0.48858 0.00143463 0.00143463
0.51142 0.48858 0.00143463 0.00143463
0.51142 0.48858 0.00143463 0.00143463
0.51142 0.48858 0.00143463 0.00143463
0.51142 0.48858 0.00143463 0.00143463
0.51142 0.48858 0.00143463 0.00143463
0.51142 0.48858 0.00143463 0.00143463
0.51142 0.48858 0.00143463 0.00143463
0.51142 0.48858 0.00143463 0.00143463
0.51142 0.48858 0.00143463 0.00143463
0.51142 0.48858 0.00143463 0.00143463
0.51142 0.48858 0.00143463 0.00143463
0.51142 0.48858 0.00143463 0.00143463
0.51142 0.48858 0.00143463 0.00143463
0.51142 0.48858 0.00143463 0.00143463
0.51142 0.48858 0.00143463 0.00143463
0.51142 0.48858 0.00143463 0.00143463
0.51142 0.48858 0.00143463 0.00143463
0.51142 0.48858 0.00143463 0.00143463
0.51142 0.48858 0.00143463 0.00143463
0.51142 0.48858 0.00143463 0.00143463
0.51142 0.48858 0.00143463 0.00143463
0.51142 0.48858 0.00143463 0.00143463
0.51142 0.48858 0.00143463 0.00143463
0.51142 0.48858 0.00143463 0.00143463
0.51142 0.48858 0.00143463 0.00143463
0.51142 0.48858 0.00143463 0.00143463
0.51142 0.48858 0.00143463 0.00143463
0.51142 0.48858 0.00143463 0.00143463
0.51142 0.48858 0.00143463 0.00143463
0.51142 0.48858 0.00143463 0.00143463
0.51142 0.48858 0.00143463 0.00143463
0.51142 0.48858 0.00143463 0.00143463
0.51142 0.48858 0.00143463 0.00143463
0.51142 0.48858 0.00143463 0.00143463
0.51142 0.48858 0.00143463 0.00143463
0.51142 0.48858 0.00143463 0.00143463
0.51142 0.48858 0.00143463 0.00143463
0.51142 0.48858 0.00143463 0.00143463
0.51142 0.48858 0.00143463 0.00143463
0.51142 0.48858 0.00143463 0.00143463
0.51142 0.48858 0.00143463 0.00143463
0.51142 0.48858 0.00143463 0.00143463
0.51142 0.48858 0.00143463 0.00143463
0.51142 0.48858 0.00143463 0.00143463
0.51142 0.48858 0.00143463 0.00143463
0.51142 0.48858 0.00143463 0.00143463
0.51142 0.48858 0.00143463 0.00143463
0.51142 0.48858 0.00143463 0.00143463
0.51142 0.48858 0.00143463 0.00143463
0.51142 0.48858 0.00143463 0.00143463
0.51142 0.48858 0.00143463 0.00143463
0.51142 0.48858 0.00143463 0.00143463
0.51142 0.48858 0.00143463 0.00143463
0.51142 0.48858 0.00143463 0.00143463
0.51142 0.48858 0.00143463 0.00143463
0.51142 0.48858 0.00143463 0.00143463
0.51142 0.48858 0.00143463 0.00143463
0.51142 0.48858 0.00143463 0.00143463
0.51142 0.48858 0.00143463 0.00143463
0.51142 0.48858 0.00143463 0.00143463
0.51142 0.48858 0.00143463 0.00143463
0.51142 0.48858 0.00143463 0.00143463
0.51142 0.48858 0.00143463 0.00143463
0.51142 0.48858 0.00143463 0.00143463
0.51142 0.48858 0.00143463 0.00143463
0.51142 0.48858 0.00143463 0.00143463
0.51142 0.48858 0.00143463 0.00143463
0.51142 0.48858 0.00143463 0.00143463
0.51142 0.48858 0.00143463 0.00143463
0.51142 0.48858 0.00143463 0.00143463
0.51142 0.48858 0.00143463 0.00143463
0.51142 0.48858 0.00143463 0.00143463
0.51142 0.48858 0.00143463 0.00143463
0.51142 0.48858 0.00143463 0.00143463
0.51142 0.48858 0.00143463 0.00143463
0.51142 0.48858 0.00143463 0.00143463
0.51142 0.48858 0.00143463 0.00143463
0.51142 0.48858 0.00143463 0.00143463
0.51142 0.48858 0.00143463 0.00143463
0.51142 0.48858 0.00143463 0.00143463
0.51142 0.48858 0.00143463 0.00143463
0.51142 0.48858 0.00143463 0.00143463
0.51142 0.48858 0.00143463 0.00143463
0.51142 0.48858 0.00143463 0.00143463
0.51142 0.48858 0.00143463 0.00143463
0.51142 0.48858 0.00143463 0.00143463
0.51142 0.48858 0.00143463 0.00143463
