0.50013 0.49987 1.75688e-05 1.75688e-05
0.50026 0.49974 3.12651e-05 3.12651e-05
0.50044 0.49956 3.80671e-05 3.80671e-05
0.50068 0.49932 5.77754e-05 5.77754e-05
0.50043 0.49957 7.16617e-05 7.16617e-05
0.50047 0.49953 9.39284e-05 9.39284e-05
0.50132 0.49868 9.4139e-05 9.4139e-05
0.50085 0.49915 0.000103139 0.000103139
0.50144 0.49856 0.000103663 0.000103663
0.5014 0.4986 0.000104606 0.000104606
0.50192 0.49808 0.000118398 0.000118398
0.50167 0.49833 0.000130324 0.000130324
0.50189 0.49811 0.000135937 0.000135937
0.50151 0.49849 0.000132778 0.000132778
0.50188 0.49812 0.000131965 0.000131965
0.50184 0.49816 0.000138297 0.000138297
0.50134 0.49866 0.000135035 0.000135035
0.50164 0.49836 0.000149526 0.000149526
0.50172 0.49828 0.000153295 0.000153295
0.50132 0.49868 0.000155695 0.000155695
0.50152 0.49848 0.000153888 0.000153888
0.50152 0.49848 0.000144838 0.000144838
0.50186 0.49814 0.00014394 0.00014394
0.50224 0.49776 0.000145275 0.000145275
0.50159 0.49841 0.000146871 0.000146871
0.50121 0.49879 0.000148289 0.000148289
0.50125 0.49875 0.000146896 0.000146896
0.501 0.499 0.000149838 0.000149838
0.50063 0.49937 0.000145751 0.000145751
0.50096 0.49904 0.000152746 0.000152746
0.50137 0.49863 0.000172599 0.000172599
0.50109 0.49891 0.000201962 0.000201962
0.50141 0.49859 0.000195194 0.000195194
0.50228 0.49772 0.000192951 0.000192951
0.50229 0.49771 0.000182289 0.000182289
0.50169 0.49831 0.000194176 0.000194176
0.5016 0.4984 0.000205879 0.000205879
0.50186 0.49814 0.000197374 0.000197374
0.50185 0.49815 0.000178816 0.000178816
0.50172 0.49828 0.000190507 0.000190507
0.50194 0.49806 0.000189532 0.000189532
0.50232 0.49768 0.000196826 0.000196826
0.50201 0.49799 0.000200252 0.000200252
0.50285 0.49715 0.000202634 0.000202634
0.50344 0.49656 0.000188996 0.000188996
0.50305 0.49695 0.000204715 0.000204715
0.50311 0.49689 0.000202038 0.000202038
0.50297 0.49703 0.00019407 0.00019407
0.50279 0.49721 0.000194168 0.000194168
0.50246 0.49754 0.000185079 0.000185079
0.50219 0.49781 0.000193933 0.000193933
0.50243 0.49757 0.000204652 0.000204652
0.50218 0.49782 0.000211785 0.000211785
0.50249 0.49751 0.000208616 0.000208616
0.50272 0.49728 0.00020681 0.00020681
0.50276 0.49724 0.000214366 0.000214366
0.50295 0.49705 0.000214795 0.000214795
0.50332 0.49668 0.000198785 0.000198785
0.50312 0.49688 0.000208672 0.000208672
0.50263 0.49737 0.00019567 0.00019567
0.50301 0.49699 0.000192555 0.000192555
0.50219 0.49781 0.000182438 0.000182438
0.50202 0.49798 0.000194484 0.000194484
0.50195 0.49805 0.000201604 0.000201604
0.50171 0.49829 0.000198107 0.000198107
0.50206 0.49794 0.000203027 0.000203027
0.50266 0.49734 0.000198085 0.000198085
0.5027 0.4973 0.000200798 0.000200798
0.50247 0.49753 0.000206494 0.000206494
0.50254 0.49746 0.000201726 0.000201726
0.50217 0.49783 0.000228648 0.000228648
0.5022 0.4978 0.000224263 0.000224263
0.50275 0.49725 0.000225987 0.000225987
0.5027 0.4973 0.000226939 0.000226939
0.50281 0.49719 0.000220802 0.000220802
0.50298 0.49702 0.000212666 0.000212666
0.50317 0.49683 0.000225759 0.000225759
0.50305 0.49695 0.000225381 0.000225381
0.50301 0.49699 0.000245 0.000245
0.50277 0.49723 0.000256563 0.000256563
0.50311 0.49689 0.000265553 0.000265553
0.50293 0.49707 0.000252409 0.000252409
0.50314 0.49686 0.000240182 0.000240182
0.5022 0.4978 0.000255556 0.000255556
0.50271 0.49729 0.000245925 0.000245925
0.50253 0.49747 0.000235545 0.000235545
0.50233 0.49767 0.000243799 0.000243799
0.50266 0.49734 0.000237318 0.000237318
0.50202 0.49798 0.000233495 0.000233495
0.5025 0.4975 0.000252313 0.000252313
0.5028 0.4972 0.000260323 0.000260323
0.5028 0.4972 0.000267333 0.000267333
0.50246 0.49754 0.000273685 0.000273685
0.50189 0.49811 0.00029018 0.00029018
0.50176 0.49824 0.000287114 0.000287114
0.50176 0.49824 0.000290709 0.000290709
0.50198 0.49802 0.000277656 0.000277656
0.50173 0.49827 0.0002823 0.0002823
0.50231 0.49769 0.000270681 0.000270681
0.50258 0.49742 0.000247196 0.000247196
0.50215 0.49785 0.000249927 0.000249927
0.50171 0.49829 0.00025544 0.00025544
0.50205 0.49795 0.000251725 0.000251725
0.50271 0.49729 0.000243622 0.000243622
0.50263 0.49737 0.000244215 0.000244215
0.5024 0.4976 0.000243051 0.000243051
0.5024 0.4976 0.000255273 0.000255273
0.50214 0.49786 0.000250606 0.000250606
0.50169 0.49831 0.000257125 0.000257125
0.5017 0.4983 0.000249626 0.000249626
0.50126 0.49874 0.000235568 0.000235568
0.50137 0.49863 0.000245205 0.000245205
0.50217 0.49783 0.000254506 0.000254506
0.50141 0.49859 0.000268608 0.000268608
0.50134 0.49866 0.000238408 0.000238408
0.50191 0.49809 0.00022085 0.00022085
0.50179 0.49821 0.000236854 0.000236854
0.50176 0.49824 0.000238588 0.000238588
0.50157 0.49843 0.000233217 0.000233217
0.50179 0.49821 0.000245339 0.000245339
0.50127 0.49873 0.000234947 0.000234947
0.50088 0.49912 0.000225097 0.000225097
0.50131 0.49869 0.000217873 0.000217873
0.50128 0.49872 0.000232749 0.000232749
0.501 0.499 0.000243677 0.000243677
0.5012 0.4988 0.000255495 0.000255495
0.50093 0.49907 0.000256288 0.000256288
0.50166 0.49834 0.000260489 0.000260489
0.50196 0.49804 0.000242746 0.000242746
0.50203 0.49797 0.000237666 0.000237666
0.50171 0.49829 0.000232511 0.000232511
0.50175 0.49825 0.000230513 0.000230513
0.5019 0.4981 0.000219465 0.000219465
0.50236 0.49764 0.000217909 0.000217909
0.50239 0.49761 0.000205149 0.000205149
0.5029 0.4971 0.000212374 0.000212374
0.50222 0.49778 0.000213143 0.000213143
0.50249 0.49751 0.000195687 0.000195687
0.50208 0.49792 0.000203266 0.000203266
0.50214 0.49786 0.000210081 0.000210081
0.50174 0.49826 0.000205528 0.000205528
0.50213 0.49787 0.000195205 0.000195205
0.50244 0.49756 0.000212451 0.000212451
0.50252 0.49748 0.000220394 0.000220394
0.5029 0.4971 0.000222515 0.000222515
0.50177 0.49823 0.000217068 0.000217068
0.50146 0.49854 0.000215423 0.000215423
0.5017 0.4983 0.000221525 0.000221525
0.50087 0.49913 0.000222276 0.000222276
0.50128 0.49872 0.000229254 0.000229254
0.50125 0.49875 0.000244371 0.000244371
0.50156 0.49844 0.000258996 0.000258996
0.50157 0.49843 0.000254248 0.000254248
0.50118 0.49882 0.000260412 0.000260412
0.50095 0.49905 0.000251523 0.000251523
0.50004 0.49996 0.000280059 0.000280059
0.49983 0.50017 0.000285011 0.000285011
0.50065 0.49935 0.000278432 0.000278432
0.50043 0.49957 0.000272268 0.000272268
0.50068 0.49932 0.000267493 0.000267493
0.5005 0.4995 0.000291141 0.000291141
0.50019 0.49981 0.000289448 0.000289448
0.50038 0.49962 0.000293026 0.000293026
0.50034 0.49966 0.000288348 0.000288348
0.50076 0.49924 0.000274002 0.000274002
0.50159 0.49841 0.000254042 0.000254042
0.50169 0.49831 0.000264661 0.000264661
0.50156 0.49844 0.000266754 0.000266754
0.50195 0.49805 0.000254149 0.000254149
0.50154 0.49846 0.000262453 0.000262453
0.5021 0.4979 0.000254596 0.000254596
0.50213 0.49787 0.000236862 0.000236862
0.50234 0.49766 0.000249196 0.000249196
0.50204 0.49796 0.000236806 0.000236806
0.50222 0.49778 0.000246618 0.000246618
0.50193 0.49807 0.000254086 0.000254086
0.50196 0.49804 0.000250261 0.000250261
0.50192 0.49808 0.000233044 0.000233044
0.50196 0.49804 0.000231514 0.000231514
0.50221 0.49779 0.000245622 0.000245622
0.50211 0.49789 0.000251109 0.000251109
0.5019 0.4981 0.000243828 0.000243828
0.50152 0.49848 0.000229989 0.000229989
0.50179 0.49821 0.000210976 0.000210976
0.50228 0.49772 0.000212992 0.000212992
0.50226 0.49774 0.000213972 0.000213972
0.50243 0.49757 0.000228813 0.000228813
0.5025 0.4975 0.000221848 0.000221848
0.50242 0.49758 0.000229761 0.000229761
0.50271 0.49729 0.000229804 0.000229804
0.50255 0.49745 0.000244634 0.000244634
0.50229 0.49771 0.000250652 0.000250652
0.50216 0.49784 0.000235247 0.000235247
0.50238 0.49762 0.000239187 0.000239187
0.50269 0.49731 0.000222398 0.000222398
0.5027 0.4973 0.000229525 0.000229525
0.50257 0.49743 0.000230046 0.000230046
0.50228 0.49772 0.000239658 0.000239658
0.50231 0.49769 0.000259994 0.000259994
0.50252 0.49748 0.00026803 0.00026803
0.50183 0.49817 0.000236203 0.000236203
0.50154 0.49846 0.00022312 0.00022312
0.50143 0.49857 0.000219056 0.000219056
0.50193 0.49807 0.000221237 0.000221237
0.50199 0.49801 0.000220131 0.000220131
0.50193 0.49807 0.00023447 0.00023447
0.50235 0.49765 0.000235543 0.000235543
0.50189 0.49811 0.000230766 0.000230766
0.5021 0.4979 0.000225404 0.000225404
0.50146 0.49854 0.000222594 0.000222594
0.5013 0.4987 0.000226091 0.000226091
0.50112 0.49888 0.000217339 0.000217339
0.50127 0.49873 0.000210563 0.000210563
0.5012 0.4988 0.000203697 0.000203697
0.50088 0.49912 0.000203602 0.000203602
0.50121 0.49879 0.000200733 0.000200733
0.50094 0.49906 0.00019539 0.00019539
0.50105 0.49895 0.000203119 0.000203119
0.50065 0.49935 0.00019724 0.00019724
0.50029 0.49971 0.000179319 0.000179319
0.49958 0.50042 0.000177862 0.000177862
0.49972 0.50028 0.000184345 0.000184345
0.50024 0.49976 0.000185033 0.000185033
0.5002 0.4998 0.000183697 0.000183697
0.50049 0.49951 0.000201263 0.000201263
0.50071 0.49929 0.000215218 0.000215218
0.50073 0.49927 0.000215916 0.000215916
0.50045 0.49955 0.000237967 0.000237967
0.50051 0.49949 0.000240939 0.000240939
0.50053 0.49947 0.000222999 0.000222999
0.50067 0.49933 0.000212324 0.000212324
0.50105 0.49895 0.000207846 0.000207846
0.50072 0.49928 0.000221194 0.000221194
0.50073 0.49927 0.000237371 0.000237371
0.50067 0.49933 0.000230486 0.000230486
0.50025 0.49975 0.000228028 0.000228028
0.50065 0.49935 0.000229139 0.000229139
0.501 0.499 0.000221394 0.000221394
0.50109 0.49891 0.00022281 0.00022281
0.50153 0.49847 0.000213807 0.000213807
0.50168 0.49832 0.000213008 0.000213008
0.50147 0.49853 0.000220837 0.000220837
0.50163 0.49837 0.000219912 0.000219912
0.50209 0.49791 0.000216467 0.000216467
0.50208 0.49792 0.000204256 0.000204256
0.50235 0.49765 0.000193018 0.000193018
0.5023 0.4977 0.000216253 0.000216253
0.50215 0.49785 0.000243907 0.000243907
0.50191 0.49809 0.000252749 0.000252749
0.50152 0.49848 0.000253323 0.000253323
0.50116 0.49884 0.000231752 0.000231752
0.5012 0.4988 0.000236061 0.000236061
0.50104 0.49896 0.000226039 0.000226039
0.50105 0.49895 0.000223503 0.000223503
0.5016 0.4984 0.000233677 0.000233677
0.50103 0.49897 0.000234716 0.000234716
0.50123 0.49877 0.000221209 0.000221209
0.50175 0.49825 0.000212068 0.000212068
0.50104 0.49896 0.000213514 0.000213514
0.50127 0.49873 0.000219048 0.000219048
0.50118 0.49882 0.000224998 0.000224998
0.50188 0.49812 0.000207561 0.000207561
0.50218 0.49782 0.000203543 0.000203543
0.50258 0.49742 0.000194711 0.000194711
0.503 0.497 0.000193455 0.000193455
0.50292 0.49708 0.000202236 0.000202236
0.50316 0.49684 0.000197752 0.000197752
0.50262 0.49738 0.000195491 0.000195491
0.50258 0.49742 0.000218953 0.000218953
0.50219 0.49781 0.000216095 0.000216095
0.5022 0.4978 0.000225879 0.000225879
0.5024 0.4976 0.000232263 0.000232263
0.50263 0.49737 0.000240579 0.000240579
0.50207 0.49793 0.000227237 0.000227237
0.50178 0.49822 0.00023987 0.00023987
0.50177 0.49823 0.000235674 0.000235674
0.50206 0.49794 0.000231794 0.000231794
0.50208 0.49792 0.000254741 0.000254741
0.50196 0.49804 0.000273049 0.000273049
0.50143 0.49857 0.000280934 0.000280934
0.50118 0.49882 0.000275684 0.000275684
0.50136 0.49864 0.000275728 0.000275728
0.5017 0.4983 0.000273606 0.000273606
0.50244 0.49756 0.000292107 0.000292107
0.50218 0.49782 0.000279624 0.000279624
0.50226 0.49774 0.000264093 0.000264093
0.50162 0.49838 0.000281127 0.000281127
0.50163 0.49837 0.00027565 0.00027565
0.50169 0.49831 0.000279004 0.000279004
0.50226 0.49774 0.000270336 0.000270336
0.5024 0.4976 0.000245717 0.000245717
0.50193 0.49807 0.000242611 0.000242611
0.5017 0.4983 0.00024597 0.00024597
0.50134 0.49866 0.000258166 0.000258166
0.50145 0.49855 0.000267684 0.000267684
0.50189 0.49811 0.000256422 0.000256422
0.50213 0.49787 0.000268518 0.000268518
0.50182 0.49818 0.000274775 0.000274775
0.5019 0.4981 0.000280313 0.000280313
0.50185 0.49815 0.000275078 0.000275078
0.50198 0.49802 0.000265232 0.000265232
0.50157 0.49843 0.000264732 0.000264732
0.50189 0.49811 0.000265372 0.000265372
0.50247 0.49753 0.00026813 0.00026813
0.50192 0.49808 0.000263953 0.000263953
0.50148 0.49852 0.000247666 0.000247666
0.50163 0.49837 0.000259629 0.000259629
0.50156 0.49844 0.000253643 0.000253643
0.50133 0.49867 0.000261536 0.000261536
0.50156 0.49844 0.000262976 0.000262976
0.50172 0.49828 0.000282163 0.000282163
0.50149 0.49851 0.000294616 0.000294616
0.50193 0.49807 0.000274308 0.000274308
0.50159 0.49841 0.000249315 0.000249315
0.50151 0.49849 0.000240212 0.000240212
0.5015 0.4985 0.000258838 0.000258838
0.50105 0.49895 0.000263604 0.000263604
0.50167 0.49833 0.000278547 0.000278547
0.50132 0.49868 0.000272987 0.000272987
0.50041 0.49959 0.000265254 0.000265254
0.50045 0.49955 0.000256735 0.000256735
0.50088 0.49912 0.000238329 0.000238329
0.50063 0.49937 0.000248377 0.000248377
0.50024 0.49976 0.000258689 0.000258689
0.50093 0.49907 0.000271177 0.000271177
0.50098 0.49902 0.000257818 0.000257818
0.50037 0.49963 0.000240478 0.000240478
0.49996 0.50004 0.000226059 0.000226059
0.50031 0.49969 0.000231469 0.000231469
0.50057 0.49943 0.000243056 0.000243056
0.50043 0.49957 0.000247783 0.000247783
0.4998 0.5002 0.000258586 0.000258586
0.50004 0.49996 0.000240827 0.000240827
0.50017 0.49983 0.000224446 0.000224446
0.50025 0.49975 0.000247018 0.000247018
0.50089 0.49911 0.00025719 0.00025719
0.50123 0.49877 0.000242502 0.000242502
0.50073 0.49927 0.000250138 0.000250138
0.5003 0.4997 0.000234414 0.000234414
0.50033 0.49967 0.000217011 0.000217011
0.50028 0.49972 0.000215254 0.000215254
0.50053 0.49947 0.000227605 0.000227605
0.50021 0.49979 0.000215945 0.000215945
0.49981 0.50019 0.000217671 0.000217671
0.49972 0.50028 0.000226486 0.000226486
0.49895 0.50105 0.000238816 0.000238816
0.4991 0.5009 0.000247202 0.000247202
0.49895 0.50105 0.000253866 0.000253866
0.49955 0.50045 0.000253442 0.000253442
0.49984 0.50016 0.000241449 0.000241449
0.49912 0.50088 0.000237379 0.000237379
0.4997 0.5003 0.000238071 0.000238071
0.49958 0.50042 0.000220933 0.000220933
0.49954 0.50046 0.000216897 0.000216897
0.50022 0.49978 0.000208234 0.000208234
0.50039 0.49961 0.000220766 0.000220766
0.50089 0.49911 0.000218846 0.000218846
0.5005 0.4995 0.000232333 0.000232333
0.50075 0.49925 0.000241523 0.000241523
0.50027 0.49973 0.000228704 0.000228704
0.4998 0.5002 0.000222404 0.000222404
0.50003 0.49997 0.000217787 0.000217787
0.50005 0.49995 0.000203624 0.000203624
0.49991 0.50009 0.00021277 0.00021277
0.50028 0.49972 0.00022788 0.00022788
0.50069 0.49931 0.000223913 0.000223913
0.50051 0.49949 0.000228313 0.000228313
0.50053 0.49947 0.000223444 0.000223444
0.50059 0.49941 0.000216123 0.000216123
0.50042 0.49958 0.0002256 0.0002256
0.50071 0.49929 0.000224006 0.000224006
0.50126 0.49874 0.000236174 0.000236174
0.50148 0.49852 0.000221484 0.000221484
0.50161 0.49839 0.00024125 0.00024125
0.50138 0.49862 0.000227854 0.000227854
0.50187 0.49813 0.000238155 0.000238155
0.50214 0.49786 0.000242162 0.000242162
0.50224 0.49776 0.000254124 0.000254124
0.50229 0.49771 0.000248248 0.000248248
0.50157 0.49843 0.000252854 0.000252854
0.50222 0.49778 0.000267547 0.000267547
0.50155 0.49845 0.000256169 0.000256169
0.50141 0.49859 0.000266063 0.000266063
0.5011 0.4989 0.000273485 0.000273485
0.50138 0.49862 0.000261975 0.000261975
0.50141 0.49859 0.000263012 0.000263012
0.50107 0.49893 0.000254631 0.000254631
0.50094 0.49906 0.000250562 0.000250562
0.50123 0.49877 0.000233027 0.000233027
0.50143 0.49857 0.000244833 0.000244833
0.50123 0.49877 0.000256138 0.000256138
0.50156 0.49844 0.000256592 0.000256592
0.50179 0.49821 0.00024538 0.00024538
0.50158 0.49842 0.000239842 0.000239842
0.50163 0.49837 0.000231609 0.000231609
0.50153 0.49847 0.000222858 0.000222858
0.50135 0.49865 0.000218452 0.000218452
0.50137 0.49863 0.00021567 0.00021567
0.50076 0.49924 0.000236649 0.000236649
0.50135 0.49865 0.000248654 0.000248654
0.50156 0.49844 0.000249461 0.000249461
0.50203 0.49797 0.00024805 0.00024805
0.50237 0.49763 0.000256377 0.000256377
0.50294 0.49706 0.000242966 0.000242966
0.50343 0.49657 0.000244753 0.000244753
0.50336 0.49664 0.000242455 0.000242455
0.50378 0.49622 0.000248577 0.000248577
0.5035 0.4965 0.000250253 0.000250253
0.50262 0.49738 0.000253915 0.000253915
0.50291 0.49709 0.000242648 0.000242648
0.50261 0.49739 0.000225957 0.000225957
0.5027 0.4973 0.000238374 0.000238374
0.5022 0.4978 0.000213737 0.000213737
0.50202 0.49798 0.000212686 0.000212686
0.50172 0.49828 0.000208587 0.000208587
0.50207 0.49793 0.000231924 0.000231924
0.50206 0.49794 0.00023739 0.00023739
0.50237 0.49763 0.000221508 0.000221508
0.50277 0.49723 0.000227027 0.000227027
0.50289 0.49711 0.000219412 0.000219412
0.50269 0.49731 0.000219671 0.000219671
0.50235 0.49765 0.000227098 0.000227098
0.50193 0.49807 0.000231884 0.000231884
0.50201 0.49799 0.000222212 0.000222212
0.50208 0.49792 0.000246276 0.000246276
0.50177 0.49823 0.000238846 0.000238846
0.50128 0.49872 0.000230931 0.000230931
0.50177 0.49823 0.000232805 0.000232805
0.5015 0.4985 0.000227889 0.000227889
0.50151 0.49849 0.000227162 0.000227162
0.50132 0.49868 0.000238725 0.000238725
0.50154 0.49846 0.000230978 0.000230978
0.50195 0.49805 0.000250028 0.000250028
0.50175 0.49825 0.000235987 0.000235987
0.50185 0.49815 0.000203705 0.000203705
0.50145 0.49855 0.000202109 0.000202109
0.50143 0.49857 0.000204914 0.000204914
0.50115 0.49885 0.00022223 0.00022223
0.50155 0.49845 0.000234088 0.000234088
0.50173 0.49827 0.000229674 0.000229674
0.5017 0.4983 0.000232253 0.000232253
0.50148 0.49852 0.000238858 0.000238858
0.50114 0.49886 0.000255637 0.000255637
0.50104 0.49896 0.00025212 0.00025212
0.50135 0.49865 0.000265503 0.000265503
0.50165 0.49835 0.000260694 0.000260694
0.50124 0.49876 0.000260709 0.000260709
0.50121 0.49879 0.00027241 0.00027241
0.5014 0.4986 0.000262525 0.000262525
0.5016 0.4984 0.000256283 0.000256283
0.50133 0.49867 0.000239415 0.000239415
0.50129 0.49871 0.000237582 0.000237582
0.50123 0.49877 0.00023628 0.00023628
0.50104 0.49896 0.000234665 0.000234665
0.50123 0.49877 0.000244684 0.000244684
0.50128 0.49872 0.000215517 0.000215517
0.50142 0.49858 0.000236751 0.000236751
0.50129 0.49871 0.00024037 0.00024037
0.50138 0.49862 0.000239935 0.000239935
0.50166 0.49834 0.000227358 0.000227358
0.50191 0.49809 0.000249315 0.000249315
0.50096 0.49904 0.000231837 0.000231837
0.50079 0.49921 0.000227461 0.000227461
0.50061 0.49939 0.000235089 0.000235089
0.50092 0.49908 0.000226074 0.000226074
0.50123 0.49877 0.00022929 0.00022929
0.50149 0.49851 0.000227283 0.000227283
0.50167 0.49833 0.00023487 0.00023487
0.50163 0.49837 0.000233771 0.000233771
0.50206 0.49794 0.00024335 0.00024335
0.50197 0.49803 0.000243423 0.000243423
0.50182 0.49818 0.000233523 0.000233523
0.50229 0.49771 0.000238107 0.000238107
0.50209 0.49791 0.000238265 0.000238265
0.50213 0.49787 0.000237347 0.000237347
0.50172 0.49828 0.000240749 0.000240749
0.50136 0.49864 0.000231829 0.000231829
0.50107 0.49893 0.000236975 0.000236975
0.50123 0.49877 0.00022232 0.00022232
0.50092 0.49908 0.000221529 0.000221529
0.50042 0.49958 0.000223115 0.000223115
0.50036 0.49964 0.000207647 0.000207647
0.4999 0.5001 0.000210636 0.000210636
0.50051 0.49949 0.000218111 0.000218111
0.50074 0.49926 0.000208518 0.000208518
0.50026 0.49974 0.000225245 0.000225245
0.50121 0.49879 0.000222309 0.000222309
0.50105 0.49895 0.000219967 0.000219967
0.50115 0.49885 0.00022423 0.00022423
0.50077 0.49923 0.000273593 0.000273593
0.50069 0.49931 0.000266256 0.000266256
0.50085 0.49915 0.000243967 0.000243967
0.5007 0.4993 0.00025496 0.00025496
0.50104 0.49896 0.000259756 0.000259756
0.5012 0.4988 0.000260485 0.000260485
0.50162 0.49838 0.000245773 0.000245773
0.5021 0.4979 0.000252636 0.000252636
0.50211 0.49789 0.000264705 0.000264705
0.50145 0.49855 0.000244169 0.000244169
0.50158 0.49842 0.000249357 0.000249357
