0.49629 0.50371 7.10363e-05 7.10363e-05
0.49234 0.50766 0.000185297 0.000185297
0.49049 0.50951 0.000328353 0.000328353
0.48767 0.51233 0.000476203 0.000476203
0.48494 0.51506 0.000680522 0.000680522
0.48282 0.51718 0.000831139 0.000831139
0.48152 0.51848 0.000931464 0.000931464
0.47993 0.52007 0.0011077 0.0011077
0.47783 0.52217 0.00127022 0.00127022
0.47643 0.52357 0.0013912 0.0013912
0.47483 0.52517 0.0015742 0.0015742
0.47351 0.52649 0.00170334 0.00170334
0.47244 0.52756 0.00185795 0.00185795
0.47108 0.52892 0.00196399 0.00196399
0.46979 0.53021 0.00205944 0.00205944
0.46857 0.53143 0.00220203 0.00220203
0.46784 0.53216 0.0022989 0.0022989
0.46727 0.53273 0.00237313 0.00237313
0.46666 0.53334 0.00245647 0.00245647
0.46618 0.53382 0.00251492 0.00251492
0.46591 0.53409 0.00260388 0.00260388
0.46543 0.53457 0.00263601 0.00263601
0.46507 0.53493 0.00267621 0.00267621
0.46472 0.53528 0.00269073 0.00269073
0.46439 0.53561 0.00271256 0.00271256
0.46414 0.53586 0.00278998 0.00278998
0.4639 0.5361 0.00279957 0.00279957
0.46368 0.53632 0.00281567 0.00281567
0.46324 0.53676 0.00286424 0.00286424
0.46338 0.53662 0.0028786 0.0028786
0.46289 0.53711 0.00290584 0.00290584
0.46265 0.53735 0.00293187 0.00293187
0.46247 0.53753 0.00292805 0.00292805
0.46266 0.53734 0.00295386 0.00295386
0.46238 0.53762 0.0029687 0.0029687
0.46214 0.53786 0.00297709 0.00297709
0.46194 0.53806 0.00298341 0.00298341
0.46194 0.53806 0.00300327 0.00300327
0.4619 0.5381 0.00301302 0.00301302
0.46171 0.53829 0.00302298 0.00302298
0.46179 0.53821 0.00302514 0.00302514
0.46183 0.53817 0.0030297 0.0030297
0.46159 0.53841 0.00305439 0.00305439
0.46153 0.53847 0.00306389 0.00306389
0.46135 0.53865 0.00306896 0.00306896
0.46114 0.53886 0.00307851 0.00307851
0.46106 0.53894 0.00307272 0.00307272
0.46093 0.53907 0.00307879 0.00307879
0.46092 0.53908 0.00309921 0.00309921
0.46103 0.53897 0.00310332 0.00310332
0.46111 0.53889 0.00309188 0.00309188
0.46105 0.53895 0.00309096 0.00309096
0.46083 0.53917 0.00307299 0.00307299
0.46059 0.53941 0.00308529 0.00308529
0.46049 0.53951 0.00310256 0.00310256
0.46024 0.53976 0.00312079 0.00312079
0.46026 0.53974 0.00313597 0.00313597
0.46025 0.53975 0.00313092 0.00313092
0.46015 0.53985 0.00314906 0.00314906
0.46006 0.53994 0.00315313 0.00315313
0.46005 0.53995 0.00314383 0.00314383
0.45995 0.54005 0.00314217 0.00314217
0.45997 0.54003 0.0031435 0.0031435
0.45993 0.54007 0.00314546 0.00314546
0.45998 0.54002 0.00314281 0.00314281
0.45987 0.54013 0.00314793 0.00314793
0.45972 0.54028 0.00314182 0.00314182
0.45967 0.54033 0.00314305 0.00314305
0.45972 0.54028 0.00315261 0.00315261
0.45976 0.54024 0.00316427 0.00316427
0.45988 0.54012 0.00316847 0.00316847
0.4599 0.5401 0.00317122 0.00317122
0.45986 0.54014 0.00317164 0.00317164
0.4599 0.5401 0.00318328 0.00318328
0.45988 0.54012 0.0031797 0.0031797
0.4599 0.5401 0.00316803 0.00316803
0.45985 0.54015 0.00317276 0.00317276
0.45988 0.54012 0.00318017 0.00318017
0.45978 0.54022 0.00318431 0.00318431
0.45979 0.54021 0.00319186 0.00319186
0.45987 0.54013 0.00321139 0.00321139
0.45988 0.54012 0.00321281 0.00321281
0.45986 0.54014 0.00321497 0.00321497
0.4598 0.5402 0.00321321 0.00321321
0.45972 0.54028 0.00321109 0.00321109
0.45974 0.54026 0.00320866 0.00320866
0.45972 0.54028 0.00320917 0.00320917
0.45967 0.54033 0.00321257 0.00321257
0.45954 0.54046 0.00321465 0.00321465
0.45947 0.54053 0.0032109 0.0032109
0.45948 0.54052 0.00321565 0.00321565
0.4595 0.5405 0.0032246 0.0032246
0.45943 0.54057 0.0032218 0.0032218
0.45945 0.54055 0.00322954 0.00322954
0.4594 0.5406 0.00322507 0.00322507
0.45941 0.54059 0.00323037 0.00323037
0.45947 0.54053 0.00322765 0.00322765
0.45947 0.54053 0.00322813 0.00322813
0.45957 0.54043 0.0032334 0.0032334
0.45956 0.54044 0.00323964 0.00323964
0.45955 0.54045 0.00323865 0.00323865
0.45963 0.54037 0.00323555 0.00323555
0.45962 0.54038 0.00323426 0.00323426
0.45954 0.54046 0.00323655 0.00323655
0.45951 0.54049 0.00323391 0.00323391
0.45955 0.54045 0.00322502 0.00322502
0.45961 0.54039 0.003228 0.003228
0.45956 0.54044 0.0032217 0.0032217
0.45952 0.54048 0.00321801 0.00321801
0.45953 0.54047 0.00321894 0.00321894
0.45951 0.54049 0.00321302 0.00321302
0.45955 0.54045 0.00321261 0.00321261
0.45959 0.54041 0.00320675 0.00320675
0.4596 0.5404 0.00320879 0.00320879
0.45954 0.54046 0.00321209 0.00321209
0.45954 0.54046 0.00321223 0.00321223
0.45954 0.54046 0.00320805 0.00320805
0.45951 0.54049 0.00320708 0.00320708
0.45954 0.54046 0.00321001 0.00321001
0.45954 0.54046 0.0032128 0.0032128
0.45964 0.54036 0.0032187 0.0032187
0.45958 0.54042 0.00321835 0.00321835
0.45963 0.54037 0.00322209 0.00322209
0.4596 0.5404 0.00322461 0.00322461
0.45959 0.54041 0.00323093 0.00323093
0.45956 0.54044 0.00323166 0.00323166
0.45957 0.54043 0.00323261 0.00323261
0.45951 0.54049 0.0032326 0.0032326
0.45951 0.54049 0.00323536 0.00323536
0.45958 0.54042 0.00323643 0.00323643
0.45958 0.54042 0.00324845 0.00324845
0.45959 0.54041 0.00324705 0.00324705
0.45963 0.54037 0.00324959 0.00324959
0.45968 0.54032 0.00324691 0.00324691
0.45966 0.54034 0.00324813 0.00324813
0.45967 0.54033 0.00324386 0.00324386
0.45967 0.54033 0.00324899 0.00324899
0.4596 0.5404 0.00324859 0.00324859
0.45962 0.54038 0.00325432 0.00325432
0.45959 0.54041 0.00325905 0.00325905
0.45959 0.54041 0.00326142 0.00326142
0.45959 0.54041 0.0032676 0.0032676
0.45959 0.54041 0.00326881 0.00326881
0.45954 0.54046 0.00327344 0.00327344
0.45954 0.54046 0.00327094 0.00327094
0.45949 0.54051 0.00326906 0.00326906
0.45943 0.54057 0.00327534 0.00327534
0.45946 0.54054 0.00327029 0.00327029
0.4594 0.5406 0.00327004 0.00327004
0.45933 0.54067 0.0032734 0.0032734
0.45931 0.54069 0.00326785 0.00326785
0.45934 0.54066 0.00327257 0.00327257
0.45935 0.54065 0.00327132 0.00327132
0.45929 0.54071 0.00327045 0.00327045
0.4593 0.5407 0.00326864 0.00326864
0.45933 0.54067 0.00327453 0.00327453
0.45932 0.54068 0.00327252 0.00327252
0.45929 0.54071 0.00327267 0.00327267
0.45925 0.54075 0.0032696 0.0032696
0.45926 0.54074 0.0032788 0.0032788
0.4592 0.5408 0.00328032 0.00328032
0.45924 0.54076 0.00328158 0.00328158
0.45925 0.54075 0.00327863 0.00327863
0.4592 0.5408 0.00327479 0.00327479
0.45919 0.54081 0.00327517 0.00327517
0.45919 0.54081 0.00327787 0.00327787
0.45925 0.54075 0.00328215 0.00328215
0.45923 0.54077 0.0032903 0.0032903
0.45919 0.54081 0.00329007 0.00329007
0.45915 0.54085 0.00328781 0.00328781
0.45911 0.54089 0.00328883 0.00328883
0.45908 0.54092 0.00328589 0.00328589
0.45908 0.54092 0.00328521 0.00328521
0.45907 0.54093 0.00328455 0.00328455
0.45908 0.54092 0.00328729 0.00328729
0.45906 0.54094 0.00328695 0.00328695
0.45908 0.54092 0.00329317 0.00329317
0.45911 0.54089 0.00329953 0.00329953
0.45911 0.54089 0.00329462 0.00329462
0.4591 0.5409 0.00329825 0.00329825
0.45904 0.54096 0.00329919 0.00329919
0.45905 0.54095 0.00329904 0.00329904
0.45904 0.54096 0.00329937 0.00329937
0.45902 0.54098 0.00330016 0.00330016
0.45893 0.54107 0.00331031 0.00331031
0.45894 0.54106 0.00330753 0.00330753
0.45895 0.54105 0.00331334 0.00331334
0.45895 0.54105 0.00330692 0.00330692
0.45889 0.54111 0.00330978 0.00330978
0.45883 0.54117 0.00331188 0.00331188
0.45882 0.54118 0.00332138 0.00332138
0.45891 0.54109 0.00332525 0.00332525
0.45889 0.54111 0.0033184 0.0033184
0.45883 0.54117 0.00331628 0.00331628
0.45881 0.54119 0.00331599 0.00331599
0.45882 0.54118 0.00331502 0.00331502
0.45882 0.54118 0.00332114 0.00332114
0.45885 0.54115 0.00332201 0.00332201
0.45883 0.54117 0.00332289 0.00332289
0.45875 0.54125 0.00331987 0.00331987
0.45872 0.54128 0.00332091 0.00332091
0.45879 0.54121 0.00332431 0.00332431
0.45874 0.54126 0.00332694 0.00332694
0.45875 0.54125 0.0033275 0.0033275
0.45871 0.54129 0.00332504 0.00332504
0.45868 0.54132 0.00332042 0.00332042
0.4587 0.5413 0.00332128 0.00332128
0.45873 0.54127 0.00331616 0.00331616
0.45872 0.54128 0.00331695 0.00331695
0.45872 0.54128 0.00331859 0.00331859
0.45872 0.54128 0.00331489 0.00331489
0.45863 0.54137 0.00331339 0.00331339
0.45855 0.54145 0.00330896 0.00330896
0.45859 0.54141 0.00331586 0.00331586
0.45862 0.54138 0.0033163 0.0033163
0.45859 0.54141 0.00331869 0.00331869
0.45859 0.54141 0.00331934 0.00331934
0.45859 0.54141 0.00332467 0.00332467
0.45856 0.54144 0.00332445 0.00332445
0.45852 0.54148 0.00332696 0.00332696
0.45856 0.54144 0.00332251 0.00332251
0.45858 0.54142 0.00332465 0.00332465
0.45854 0.54146 0.00332179 0.00332179
0.45856 0.54144 0.00331873 0.00331873
0.45854 0.54146 0.00331595 0.00331595
0.45852 0.54148 0.00331983 0.00331983
0.45852 0.54148 0.00332003 0.00332003
0.45845 0.54155 0.00332166 0.00332166
0.45843 0.54157 0.00332182 0.00332182
0.45838 0.54162 0.00332549 0.00332549
0.45841 0.54159 0.00332697 0.00332697
0.45837 0.54163 0.00332407 0.00332407
0.45842 0.54158 0.00332043 0.00332043
0.45841 0.54159 0.00331285 0.00331285
0.45844 0.54156 0.0033133 0.0033133
0.45845 0.54155 0.00331453 0.00331453
0.45842 0.54158 0.00331154 0.00331154
0.45842 0.54158 0.00331017 0.00331017
0.45848 0.54152 0.00330975 0.00330975
0.45847 0.54153 0.00330942 0.00330942
0.45851 0.54149 0.00331045 0.00331045
0.45857 0.54143 0.00331142 0.00331142
0.45859 0.54141 0.00330889 0.00330889
0.45865 0.54135 0.00330817 0.00330817
0.45859 0.54141 0.00330447 0.00330447
0.4586 0.5414 0.00330521 0.00330521
0.45858 0.54142 0.00330651 0.00330651
0.45854 0.54146 0.00330868 0.00330868
0.45854 0.54146 0.00330619 0.00330619
0.45853 0.54147 0.00330565 0.00330565
0.45857 0.54143 0.00330906 0.00330906
0.45857 0.54143 0.00330312 0.00330312
0.45854 0.54146 0.00330514 0.00330514
0.45855 0.54145 0.00330011 0.00330011
0.45854 0.54146 0.00329526 0.00329526
0.4585 0.5415 0.00329555 0.00329555
0.45855 0.54145 0.00330104 0.00330104
0.45858 0.54142 0.00330035 0.00330035
0.45857 0.54143 0.00329263 0.00329263
0.4586 0.5414 0.00329246 0.00329246
0.45864 0.54136 0.00329407 0.00329407
0.45866 0.54134 0.00329273 0.00329273
0.45858 0.54142 0.00329558 0.00329558
0.45859 0.54141 0.00329554 0.00329554
0.45862 0.54138 0.00329295 0.00329295
0.45863 0.54137 0.00329381 0.00329381
0.45865 0.54135 0.00329374 0.00329374
0.45866 0.54134 0.00329667 0.00329667
0.4587 0.5413 0.00329878 0.00329878
0.45869 0.54131 0.00329951 0.00329951
0.45872 0.54128 0.00330174 0.00330174
0.45867 0.54133 0.00330319 0.00330319
0.45868 0.54132 0.0032978 0.0032978
0.45874 0.54126 0.0033026 0.0033026
0.45879 0.54121 0.00330463 0.00330463
0.45878 0.54122 0.00330238 0.00330238
0.45881 0.54119 0.00330565 0.00330565
0.45878 0.54122 0.00331019 0.00331019
0.4588 0.5412 0.00331164 0.00331164
0.45872 0.54128 0.00331649 0.00331649
0.45868 0.54132 0.00331971 0.00331971
0.45868 0.54132 0.00331826 0.00331826
0.45866 0.54134 0.00331671 0.00331671
0.45864 0.54136 0.0033151 0.0033151
0.45862 0.54138 0.00331329 0.00331329
0.45862 0.54138 0.00331295 0.00331295
0.45864 0.54136 0.00331494 0.00331494
0.45865 0.54135 0.00331284 0.00331284
0.45868 0.54132 0.00331293 0.00331293
0.45867 0.54133 0.00331384 0.00331384
0.45865 0.54135 0.00331502 0.00331502
0.45864 0.54136 0.0033169 0.0033169
0.45864 0.54136 0.00331567 0.00331567
0.45866 0.54134 0.00332017 0.00332017
0.4587 0.5413 0.00332126 0.00332126
0.45863 0.54137 0.00332949 0.00332949
0.45868 0.54132 0.00333852 0.00333852
0.4587 0.5413 0.00334173 0.00334173
0.4587 0.5413 0.00334243 0.00334243
0.45873 0.54127 0.00334319 0.00334319
0.45877 0.54123 0.00334167 0.00334167
0.45875 0.54125 0.00334015 0.00334015
0.45879 0.54121 0.00334221 0.00334221
0.45879 0.54121 0.00334235 0.00334235
0.4588 0.5412 0.00334055 0.00334055
0.4588 0.5412 0.00333766 0.00333766
0.45883 0.54117 0.00333992 0.00333992
0.4589 0.5411 0.00334029 0.00334029
0.45889 0.54111 0.00334178 0.00334178
0.45889 0.54111 0.00334014 0.00334014
0.45889 0.54111 0.00334462 0.00334462
0.45885 0.54115 0.00334498 0.00334498
0.45887 0.54113 0.0033426 0.0033426
0.45887 0.54113 0.00334496 0.00334496
0.45888 0.54112 0.00334685 0.00334685
0.45888 0.54112 0.0033475 0.0033475
0.45889 0.54111 0.00335016 0.00335016
0.45887 0.54113 0.00334729 0.00334729
0.45886 0.54114 0.00334552 0.00334552
0.45886 0.54114 0.00334812 0.00334812
0.45886 0.54114 0.0033475 0.0033475
0.45885 0.54115 0.00334558 0.00334558
0.45884 0.54116 0.00334927 0.00334927
0.45885 0.54115 0.00334724 0.00334724
0.45883 0.54117 0.00335002 0.00335002
0.45884 0.54116 0.00334953 0.00334953
0.45886 0.54114 0.00334838 0.00334838
0.45888 0.54112 0.00335197 0.00335197
0.45886 0.54114 0.00335301 0.00335301
0.45889 0.54111 0.00335036 0.00335036
0.45891 0.54109 0.00335261 0.00335261
0.45892 0.54108 0.00335052 0.00335052
0.45891 0.54109 0.00334748 0.00334748
0.45889 0.54111 0.00335311 0.00335311
0.4589 0.5411 0.00335662 0.00335662
0.45892 0.54108 0.00335286 0.00335286
0.45891 0.54109 0.00335024 0.00335024
0.4589 0.5411 0.00335231 0.00335231
0.45891 0.54109 0.00335491 0.00335491
0.45894 0.54106 0.00335713 0.00335713
0.45893 0.54107 0.00335718 0.00335718
0.45894 0.54106 0.00336078 0.00336078
0.45891 0.54109 0.00336123 0.00336123
0.45888 0.54112 0.00336324 0.00336324
0.45888 0.54112 0.00336067 0.00336067
0.45888 0.54112 0.00336112 0.00336112
0.45889 0.54111 0.00336382 0.00336382
0.45886 0.54114 0.00336675 0.00336675
0.45892 0.54108 0.00336854 0.00336854
0.45892 0.54108 0.00336312 0.00336312
0.45891 0.54109 0.00336216 0.00336216
0.45891 0.54109 0.00336129 0.00336129
0.45896 0.54104 0.0033619 0.0033619
0.45894 0.54106 0.00336464 0.00336464
0.45895 0.54105 0.00336364 0.00336364
0.45893 0.54107 0.00336431 0.00336431
0.4589 0.5411 0.00336338 0.00336338
0.45893 0.54107 0.00336269 0.00336269
0.45894 0.54106 0.00336284 0.00336284
0.45891 0.54109 0.00336532 0.00336532
0.45891 0.54109 0.00336905 0.00336905
0.45894 0.54106 0.00336862 0.00336862
0.45895 0.54105 0.00337108 0.00337108
0.4589 0.5411 0.00337405 0.00337405
0.45887 0.54113 0.00337723 0.00337723
0.45883 0.54117 0.00337596 0.00337596
0.45884 0.54116 0.00337385 0.00337385
0.45882 0.54118 0.00337385 0.00337385
0.45879 0.54121 0.00337358 0.00337358
0.45879 0.54121 0.00337504 0.00337504
0.45881 0.54119 0.00337745 0.00337745
0.45878 0.54122 0.00338199 0.00338199
0.45877 0.54123 0.00338281 0.00338281
0.45877 0.54123 0.00338121 0.00338121
0.45881 0.54119 0.00337953 0.00337953
0.45884 0.54116 0.00338086 0.00338086
0.45882 0.54118 0.00338302 0.00338302
0.4588 0.5412 0.00338568 0.00338568
0.45875 0.54125 0.00339007 0.00339007
0.45877 0.54123 0.00339359 0.00339359
0.45874 0.54126 0.00339634 0.00339634
0.45874 0.54126 0.003395 0.003395
0.45876 0.54124 0.0033959 0.0033959
0.45874 0.54126 0.00339696 0.00339696
0.45878 0.54122 0.00339949 0.00339949
0.45878 0.54122 0.00340013 0.00340013
0.45875 0.54125 0.00340581 0.00340581
0.45874 0.54126 0.00340327 0.00340327
0.45868 0.54132 0.00340038 0.00340038
0.45868 0.54132 0.00339646 0.00339646
0.45867 0.54133 0.00339301 0.00339301
0.45867 0.54133 0.00339808 0.00339808
0.45864 0.54136 0.00339542 0.00339542
0.45862 0.54138 0.00339589 0.00339589
0.45861 0.54139 0.00339592 0.00339592
0.45865 0.54135 0.00340035 0.00340035
0.45866 0.54134 0.00340182 0.00340182
0.45862 0.54138 0.0034022 0.0034022
0.45862 0.54138 0.00340248 0.00340248
0.4586 0.5414 0.00340438 0.00340438
0.45859 0.54141 0.00340778 0.00340778
0.45863 0.54137 0.00340531 0.00340531
0.45861 0.54139 0.00340275 0.00340275
0.45863 0.54137 0.00340504 0.00340504
0.45869 0.54131 0.00340882 0.00340882
0.45869 0.54131 0.00340864 0.00340864
0.45868 0.54132 0.00340824 0.00340824
0.45873 0.54127 0.00340931 0.00340931
0.45869 0.54131 0.00341102 0.00341102
0.45869 0.54131 0.0034127 0.0034127
0.4587 0.5413 0.00341114 0.00341114
0.45873 0.54127 0.00341365 0.00341365
0.45871 0.54129 0.00341269 0.00341269
0.45869 0.54131 0.00341333 0.00341333
0.45871 0.54129 0.00341277 0.00341277
0.45876 0.54124 0.00340503 0.00340503
0.45877 0.54123 0.00340341 0.00340341
0.45876 0.54124 0.00340443 0.00340443
0.45878 0.54122 0.00340306 0.00340306
0.45877 0.54123 0.00340323 0.00340323
0.45874 0.54126 0.00340553 0.00340553
0.45876 0.54124 0.00340406 0.00340406
0.45877 0.54123 0.00340604 0.00340604
0.45874 0.54126 0.00340793 0.00340793
0.45873 0.54127 0.00340751 0.00340751
0.45874 0.54126 0.00340664 0.00340664
0.45877 0.54123 0.00340901 0.00340901
0.4588 0.5412 0.00341 0.00341
0.4588 0.5412 0.0034079 0.0034079
0.45882 0.54118 0.00340619 0.00340619
0.45882 0.54118 0.0034029 0.0034029
0.45885 0.54115 0.00340259 0.00340259
0.4588 0.5412 0.00339689 0.00339689
0.4588 0.5412 0.00339689 0.00339689
0.4588 0.5412 0.00339939 0.00339939
0.4588 0.5412 0.00339919 0.00339919
0.4588 0.5412 0.00339642 0.00339642
0.45881 0.54119 0.00339729 0.00339729
0.45879 0.54121 0.00339526 0.00339526
0.45878 0.54122 0.00339557 0.00339557
0.45883 0.54117 0.00339537 0.00339537
0.4588 0.5412 0.00339521 0.00339521
0.45878 0.54122 0.00339874 0.00339874
0.45877 0.54123 0.00340315 0.00340315
0.45876 0.54124 0.00340348 0.00340348
0.45879 0.54121 0.00340948 0.00340948
0.45881 0.54119 0.00340775 0.00340775
0.45883 0.54117 0.00340671 0.00340671
0.45887 0.54113 0.00340834 0.00340834
0.45889 0.54111 0.00340866 0.00340866
0.45892 0.54108 0.00340688 0.00340688
0.45887 0.54113 0.00340371 0.00340371
0.45887 0.54113 0.00340466 0.00340466
0.45884 0.54116 0.00340337 0.00340337
0.45884 0.54116 0.00340484 0.00340484
0.45883 0.54117 0.00341113 0.00341113
0.45882 0.54118 0.00341492 0.00341492
0.45884 0.54116 0.00341951 0.00341951
0.45884 0.54116 0.00341957 0.00341957
0.45887 0.54113 0.00342052 0.00342052
0.45886 0.54114 0.00342113 0.00342113
0.45887 0.54113 0.00342217 0.00342217
0.45888 0.54112 0.00341673 0.00341673
0.45891 0.54109 0.00341517 0.00341517
0.45887 0.54113 0.00341547 0.00341547
0.45886 0.54114 0.00341507 0.00341507
0.45886 0.54114 0.00341659 0.00341659
0.45887 0.54113 0.00341302 0.00341302
0.45881 0.54119 0.00341082 0.00341082
0.45879 0.54121 0.00341243 0.00341243
0.45881 0.54119 0.00341856 0.00341856
0.45879 0.54121 0.00342053 0.00342053
0.45878 0.54122 0.00342088 0.00342088
0.45876 0.54124 0.00342117 0.00342117
0.45876 0.54124 0.00341984 0.00341984
0.45877 0.54123 0.00341967 0.00341967
0.45875 0.54125 0.00342094 0.00342094
0.45872 0.54128 0.00342432 0.00342432
0.45872 0.54128 0.00342471 0.00342471
0.45874 0.54126 0.0034308 0.0034308
0.45874 0.54126 0.0034304 0.0034304
0.45876 0.54124 0.00343164 0.00343164
0.45873 0.54127 0.00342394 0.00342394
0.45873 0.54127 0.0034221 0.0034221
0.45872 0.54128 0.00342123 0.00342123
0.45873 0.54127 0.00341955 0.00341955
0.4587 0.5413 0.00342336 0.00342336
0.45871 0.54129 0.00342235 0.00342235
0.4587 0.5413 0.00341981 0.00341981
0.45871 0.54129 0.00342172 0.00342172
0.45871 0.54129 0.00342479 0.00342479
0.45872 0.54128 0.00342527 0.00342527
0.45873 0.54127 0.00342402 0.00342402
0.45875 0.54125 0.00342473 0.00342473
0.45873 0.54127 0.00342681 0.00342681
0.4587 0.5413 0.00342751 0.00342751
0.45866 0.54134 0.00342758 0.00342758
0.45869 0.54131 0.00343365 0.00343365
0.45867 0.54133 0.00343501 0.00343501
0.45869 0.54131 0.00344234 0.00344234
