0.20022 0.79978 2.43552e-05 2.43552e-05
0.1999 0.8001 5.10808e-05 5.10808e-05
0.1992 0.8008 8.68283e-05 8.68283e-05
0.19956 0.80044 0.00010538 0.00010538
0.1991 0.8009 0.000128758 0.000128758
0.19916 0.80084 0.000168398 0.000168398
0.19944 0.80056 0.000198269 0.000198269
0.19984 0.80016 0.00022559 0.00022559
0.20013 0.79987 0.000221629 0.000221629
0.2002 0.7998 0.000245475 0.000245475
0.19982 0.80018 0.000243058 0.000243058
0.20029 0.79971 0.000240673 0.000240673
0.19982 0.80018 0.000253644 0.000253644
0.20036 0.79964 0.000241021 0.000241021
0.20031 0.79969 0.000246903 0.000246903
0.20021 0.79979 0.000249461 0.000249461
0.2009 0.7991 0.000258333 0.000258333
0.2005 0.7995 0.000274818 0.000274818
0.20013 0.79987 0.000261549 0.000261549
0.20071 0.79929 0.000277925 0.000277925
0.2004 0.7996 0.000285091 0.000285091
0.19944 0.80056 0.000280431 0.000280431
0.19944 0.80056 0.000291905 0.000291905
0.19921 0.80079 0.000274491 0.000274491
0.19886 0.80114 0.000279374 0.000279374
0.19924 0.80076 0.000285881 0.000285881
0.19892 0.80108 0.000316539 0.000316539
0.19931 0.80069 0.000324539 0.000324539
0.2 0.8 0.000319434 0.000319434
0.20005 0.79995 0.000329078 0.000329078
0.20027 0.79973 0.000338098 0.000338098
0.20015 0.79985 0.000297785 0.000297785
0.20058 0.79942 0.000334024 0.000334024
0.19975 0.80025 0.000323806 0.000323806
0.2006 0.7994 0.000339616 0.000339616
0.20007 0.79993 0.000314268 0.000314268
0.19999 0.80001 0.000346495 0.000346495
0.20102 0.79898 0.00033501 0.00033501
0.20025 0.79975 0.000321583 0.000321583
0.20043 0.79957 0.000324147 0.000324147
0.20007 0.79993 0.000311035 0.000311035
0.19988 0.80012 0.000299157 0.000299157
0.19947 0.80053 0.000296736 0.000296736
0.20032 0.79968 0.000310321 0.000310321
0.19974 0.80026 0.000317285 0.000317285
0.19948 0.80052 0.000300596 0.000300596
0.19938 0.80062 0.000338521 0.000338521
0.20012 0.79988 0.000307884 0.000307884
0.20059 0.79941 0.000314184 0.000314184
0.2005 0.7995 0.000326838 0.000326838
0.20068 0.79932 0.000325008 0.000325008
0.20096 0.79904 0.000317756 0.000317756
0.20078 0.79922 0.000345527 0.000345527
0.20057 0.79943 0.000336187 0.000336187
0.20017 0.79983 0.000327456 0.000327456
0.19948 0.80052 0.000330838 0.000330838
0.19952 0.80048 0.000311323 0.000311323
0.19952 0.80048 0.000291828 0.000291828
0.19931 0.80069 0.000279751 0.000279751
0.19825 0.80175 0.000268795 0.000268795
0.19914 0.80086 0.000275758 0.000275758
0.1991 0.8009 0.000306051 0.000306051
0.19906 0.80094 0.000292259 0.000292259
0.19962 0.80038 0.000313935 0.000313935
0.19987 0.80013 0.000326195 0.000326195
0.20006 0.79994 0.000363532 0.000363532
0.20007 0.79993 0.000361318 0.000361318
0.20084 0.79916 0.000373328 0.000373328
0.20159 0.79841 0.000375335 0.000375335
0.20031 0.79969 0.00038458 0.00038458
0.20095 0.79905 0.000408513 0.000408513
0.20091 0.79909 0.000386386 0.000386386
0.19995 0.80005 0.000375018 0.000375018
0.20016 0.79984 0.000391227 0.000391227
0.1992 0.8008 0.000398606 0.000398606
0.19947 0.80053 0.000402433 0.000402433
0.19946 0.80054 0.000377483 0.000377483
0.19827 0.80173 0.000333351 0.000333351
0.19831 0.80169 0.000344075 0.000344075
0.19832 0.80168 0.000356967 0.000356967
0.19846 0.80154 0.000360534 0.000360534
0.19784 0.80216 0.00036454 0.00036454
0.1979 0.8021 0.000361283 0.000361283
0.19805 0.80195 0.000377159 0.000377159
0.19806 0.80194 0.000357734 0.000357734
0.19867 0.80133 0.000381456 0.000381456
0.19913 0.80087 0.000385629 0.000385629
0.19965 0.80035 0.000404513 0.000404513
0.19922 0.80078 0.000401729 0.000401729
0.19972 0.80028 0.00041685 0.00041685
0.19915 0.80085 0.000427543 0.000427543
0.19993 0.80007 0.000408793 0.000408793
0.19915 0.80085 0.000390876 0.000390876
0.19869 0.80131 0.000360075 0.000360075
0.19761 0.80239 0.000378119 0.000378119
0.19796 0.80204 0.000405514 0.000405514
0.19808 0.80192 0.00038967 0.00038967
0.19746 0.80254 0.000410817 0.000410817
0.19723 0.80277 0.000400906 0.000400906
0.19659 0.80341 0.000382042 0.000382042
0.19803 0.80197 0.000374696 0.000374696
0.19831 0.80169 0.000386458 0.000386458
0.19777 0.80223 0.00038133 0.00038133
0.19831 0.80169 0.000421347 0.000421347
0.1986 0.8014 0.000409232 0.000409232
0.19875 0.80125 0.000388593 0.000388593
0.19781 0.80219 0.00041963 0.00041963
0.19701 0.80299 0.000421667 0.000421667
0.19669 0.80331 0.000408337 0.000408337
0.19643 0.80357 0.000425318 0.000425318
0.19667 0.80333 0.000400749 0.000400749
0.19667 0.80333 0.000396567 0.000396567
0.19677 0.80323 0.000389149 0.000389149
0.19705 0.80295 0.000406371 0.000406371
0.19729 0.80271 0.000401056 0.000401056
0.19725 0.80275 0.000436492 0.000436492
0.19631 0.80369 0.000455246 0.000455246
0.19713 0.80287 0.000455326 0.000455326
0.19713 0.80287 0.000448134 0.000448134
0.19751 0.80249 0.000466515 0.000466515
0.19712 0.80288 0.000481359 0.000481359
0.19739 0.80261 0.000451917 0.000451917
0.19701 0.80299 0.000457545 0.000457545
0.19678 0.80322 0.000435466 0.000435466
0.19712 0.80288 0.000457723 0.000457723
0.19689 0.80311 0.000451675 0.000451675
0.19651 0.80349 0.000445303 0.000445303
0.19701 0.80299 0.000424111 0.000424111
0.19654 0.80346 0.000405847 0.000405847
0.19671 0.80329 0.000408046 0.000408046
0.19698 0.80302 0.000431777 0.000431777
0.19665 0.80335 0.000463159 0.000463159
0.19749 0.80251 0.000456414 0.000456414
0.19736 0.80264 0.000439223 0.000439223
0.19704 0.80296 0.000441514 0.000441514
0.19786 0.80214 0.000460768 0.000460768
0.19707 0.80293 0.000473076 0.000473076
0.19654 0.80346 0.000471564 0.000471564
0.19683 0.80317 0.000482506 0.000482506
0.19646 0.80354 0.000486796 0.000486796
0.1966 0.8034 0.000493919 0.000493919
0.19703 0.80297 0.000470979 0.000470979
0.19667 0.80333 0.000460688 0.000460688
0.1962 0.8038 0.000431475 0.000431475
0.19661 0.80339 0.000475129 0.000475129
0.19689 0.80311 0.000497675 0.000497675
0.19668 0.80332 0.000517189 0.000517189
0.19665 0.80335 0.000480412 0.000480412
0.19739 0.80261 0.00050717 0.00050717
0.198 0.802 0.000503677 0.000503677
0.19863 0.80137 0.000510741 0.000510741
0.19854 0.80146 0.00051518 0.00051518
0.19812 0.80188 0.000562874 0.000562874
0.1985 0.8015 0.000557404 0.000557404
0.1983 0.8017 0.000516495 0.000516495
0.1981 0.8019 0.000513606 0.000513606
0.19774 0.80226 0.000458073 0.000458073
0.19784 0.80216 0.000487247 0.000487247
0.19709 0.80291 0.000475962 0.000475962
0.19698 0.80302 0.000502343 0.000502343
0.19671 0.80329 0.000517077 0.000517077
0.19736 0.80264 0.000501748 0.000501748
0.19759 0.80241 0.000487537 0.000487537
0.19792 0.80208 0.000463792 0.000463792
0.19754 0.80246 0.000456453 0.000456453
0.19725 0.80275 0.000468391 0.000468391
0.19768 0.80232 0.000418038 0.000418038
0.19765 0.80235 0.000438311 0.000438311
0.19834 0.80166 0.00044558 0.00044558
0.19762 0.80238 0.00042147 0.00042147
0.19718 0.80282 0.000438331 0.000438331
0.19724 0.80276 0.000456992 0.000456992
0.19702 0.80298 0.000463858 0.000463858
0.19708 0.80292 0.000474963 0.000474963
0.19746 0.80254 0.00046819 0.00046819
0.19709 0.80291 0.000448204 0.000448204
0.19702 0.80298 0.000474101 0.000474101
0.19704 0.80296 0.000482907 0.000482907
0.19684 0.80316 0.000466136 0.000466136
0.19612 0.80388 0.000502632 0.000502632
0.19636 0.80364 0.000468718 0.000468718
0.19533 0.80467 0.000482001 0.000482001
0.19542 0.80458 0.000515054 0.000515054
0.19575 0.80425 0.000523604 0.000523604
0.19615 0.80385 0.000515381 0.000515381
0.19659 0.80341 0.000515436 0.000515436
0.19696 0.80304 0.000498887 0.000498887
0.19696 0.80304 0.00051014 0.00051014
0.19694 0.80306 0.000532683 0.000532683
0.19681 0.80319 0.00050462 0.00050462
0.19631 0.80369 0.000519489 0.000519489
0.1972 0.8028 0.00052899 0.00052899
0.19635 0.80365 0.000519583 0.000519583
0.19603 0.80397 0.000528797 0.000528797
0.19612 0.80388 0.000484208 0.000484208
0.19652 0.80348 0.000489868 0.000489868
0.19627 0.80373 0.000497411 0.000497411
0.1967 0.8033 0.000521828 0.000521828
0.19654 0.80346 0.000538736 0.000538736
0.19584 0.80416 0.000515388 0.000515388
0.19579 0.80421 0.00048942 0.00048942
0.19496 0.80504 0.000536019 0.000536019
0.1947 0.8053 0.000566556 0.000566556
0.19554 0.80446 0.000554534 0.000554534
0.19547 0.80453 0.000581666 0.000581666
0.19543 0.80457 0.00055245 0.00055245
0.19499 0.80501 0.00057001 0.00057001
0.19614 0.80386 0.000556142 0.000556142
0.19604 0.80396 0.00056418 0.00056418
0.19627 0.80373 0.000595694 0.000595694
0.19687 0.80313 0.000573811 0.000573811
0.19612 0.80388 0.000538006 0.000538006
0.19637 0.80363 0.000575528 0.000575528
0.19633 0.80367 0.000576062 0.000576062
0.19629 0.80371 0.000569319 0.000569319
0.19637 0.80363 0.000571185 0.000571185
0.19605 0.80395 0.000555725 0.000555725
0.1962 0.8038 0.000563778 0.000563778
0.19586 0.80414 0.000570465 0.000570465
0.19691 0.80309 0.00062081 0.00062081
0.19636 0.80364 0.000621485 0.000621485
0.19642 0.80358 0.000618185 0.000618185
0.19638 0.80362 0.00058941 0.00058941
0.19658 0.80342 0.000579095 0.000579095
0.19669 0.80331 0.000595368 0.000595368
0.19725 0.80275 0.000627442 0.000627442
0.19689 0.80311 0.000594119 0.000594119
0.19675 0.80325 0.00064425 0.00064425
0.19687 0.80313 0.000630256 0.000630256
0.19641 0.80359 0.000615719 0.000615719
0.19635 0.80365 0.000621624 0.000621624
0.1963 0.8037 0.00061403 0.00061403
0.19558 0.80442 0.000588064 0.000588064
0.19581 0.80419 0.000607125 0.000607125
0.19619 0.80381 0.000598135 0.000598135
0.19577 0.80423 0.000583128 0.000583128
0.1952 0.8048 0.000575172 0.000575172
0.1953 0.8047 0.000616778 0.000616778
0.19475 0.80525 0.000591098 0.000591098
0.19552 0.80448 0.000611181 0.000611181
0.19551 0.80449 0.000615323 0.000615323
0.19531 0.80469 0.000609246 0.000609246
0.19535 0.80465 0.000568755 0.000568755
0.19512 0.80488 0.000566955 0.000566955
0.19566 0.80434 0.000567863 0.000567863
0.19596 0.80404 0.000597594 0.000597594
0.19606 0.80394 0.00058337 0.00058337
0.19585 0.80415 0.000598391 0.000598391
0.19608 0.80392 0.000621812 0.000621812
0.19599 0.80401 0.000612656 0.000612656
0.19622 0.80378 0.000663608 0.000663608
0.19681 0.80319 0.000688762 0.000688762
0.19678 0.80322 0.000716497 0.000716497
0.19688 0.80312 0.000734672 0.000734672
0.19675 0.80325 0.000707785 0.000707785
0.19689 0.80311 0.000712382 0.000712382
0.19673 0.80327 0.000685108 0.000685108
0.19675 0.80325 0.000708694 0.000708694
0.19571 0.80429 0.000744026 0.000744026
0.19626 0.80374 0.000729447 0.000729447
0.19609 0.80391 0.000708709 0.000708709
0.19609 0.80391 0.000704972 0.000704972
0.19607 0.80393 0.000732147 0.000732147
0.19658 0.80342 0.000725458 0.000725458
0.19616 0.80384 0.000707671 0.000707671
0.19567 0.80433 0.000737092 0.000737092
0.19591 0.80409 0.000699295 0.000699295
0.19696 0.80304 0.000727695 0.000727695
0.19695 0.80305 0.000750593 0.000750593
0.19683 0.80317 0.000739435 0.000739435
0.19736 0.80264 0.000723808 0.000723808
0.19656 0.80344 0.000751724 0.000751724
0.19609 0.80391 0.000732911 0.000732911
0.19559 0.80441 0.000718911 0.000718911
0.19493 0.80507 0.000732409 0.000732409
0.19573 0.80427 0.000758058 0.000758058
0.19528 0.80472 0.000769214 0.000769214
0.19517 0.80483 0.0007899 0.0007899
0.19656 0.80344 0.000854188 0.000854188
0.19723 0.80277 0.000889654 0.000889654
0.197 0.803 0.000829051 0.000829051
0.19631 0.80369 0.00082064 0.00082064
0.19593 0.80407 0.000833985 0.000833985
0.19639 0.80361 0.000809432 0.000809432
0.19596 0.80404 0.000767716 0.000767716
0.19604 0.80396 0.000748887 0.000748887
0.19565 0.80435 0.000733886 0.000733886
0.19622 0.80378 0.000745345 0.000745345
0.19643 0.80357 0.000751035 0.000751035
0.19631 0.80369 0.000718398 0.000718398
0.19617 0.80383 0.000759052 0.000759052
0.19711 0.80289 0.000756624 0.000756624
0.19677 0.80323 0.000763775 0.000763775
0.19683 0.80317 0.000766587 0.000766587
0.19759 0.80241 0.000757517 0.000757517
0.19754 0.80246 0.000757503 0.000757503
0.19696 0.80304 0.000701534 0.000701534
0.19694 0.80306 0.000709411 0.000709411
0.19697 0.80303 0.000759302 0.000759302
0.19642 0.80358 0.000749903 0.000749903
0.19675 0.80325 0.000750715 0.000750715
0.19738 0.80262 0.000765592 0.000765592
0.19685 0.80315 0.000740109 0.000740109
0.19714 0.80286 0.000740142 0.000740142
0.19724 0.80276 0.000766608 0.000766608
0.19625 0.80375 0.000774088 0.000774088
0.19687 0.80313 0.000784559 0.000784559
0.19712 0.80288 0.000750713 0.000750713
0.1985 0.8015 0.000794354 0.000794354
0.19973 0.80027 0.000837512 0.000837512
0.19965 0.80035 0.000826553 0.000826553
0.19934 0.80066 0.000852833 0.000852833
0.19902 0.80098 0.000900727 0.000900727
0.19883 0.80117 0.000931395 0.000931395
0.19963 0.80037 0.000897367 0.000897367
0.19947 0.80053 0.000849484 0.000849484
0.19951 0.80049 0.000866192 0.000866192
0.19933 0.80067 0.000793395 0.000793395
0.19865 0.80135 0.000800876 0.000800876
0.19879 0.80121 0.000792551 0.000792551
0.19748 0.80252 0.000770111 0.000770111
0.19744 0.80256 0.000780613 0.000780613
0.19722 0.80278 0.000752497 0.000752497
0.19673 0.80327 0.000753351 0.000753351
0.19648 0.80352 0.000719202 0.000719202
0.19614 0.80386 0.000718101 0.000718101
0.1963 0.8037 0.00073304 0.00073304
0.19654 0.80346 0.000742251 0.000742251
0.19706 0.80294 0.000735006 0.000735006
0.19775 0.80225 0.000752088 0.000752088
0.19737 0.80263 0.000760235 0.000760235
0.19738 0.80262 0.000808238 0.000808238
0.19746 0.80254 0.000827221 0.000827221
0.19666 0.80334 0.000845843 0.000845843
0.19631 0.80369 0.000858438 0.000858438
0.19671 0.80329 0.000878289 0.000878289
0.19713 0.80287 0.000891427 0.000891427
0.19686 0.80314 0.000878586 0.000878586
0.19619 0.80381 0.000838741 0.000838741
0.19654 0.80346 0.000846857 0.000846857
0.19659 0.80341 0.000830042 0.000830042
0.19734 0.80266 0.000819075 0.000819075
0.19747 0.80253 0.000778191 0.000778191
0.19827 0.80173 0.000830765 0.000830765
0.19777 0.80223 0.000858603 0.000858603
0.19716 0.80284 0.000864075 0.000864075
0.19683 0.80317 0.000850587 0.000850587
0.19759 0.80241 0.000865012 0.000865012
0.19712 0.80288 0.000918147 0.000918147
0.197 0.803 0.000917798 0.000917798
0.19674 0.80326 0.00097074 0.00097074
0.19629 0.80371 0.000954693 0.000954693
0.19622 0.80378 0.000938476 0.000938476
0.19559 0.80441 0.000905436 0.000905436
0.19619 0.80381 0.000894155 0.000894155
0.19697 0.80303 0.00084906 0.00084906
0.1965 0.8035 0.000854414 0.000854414
0.19734 0.80266 0.000837277 0.000837277
0.19651 0.80349 0.000827182 0.000827182
0.19618 0.80382 0.00081724 0.00081724
0.19581 0.80419 0.000835731 0.000835731
0.19661 0.80339 0.000874846 0.000874846
0.19634 0.80366 0.000863863 0.000863863
0.19723 0.80277 0.00086133 0.00086133
0.19831 0.80169 0.000879044 0.000879044
0.19802 0.80198 0.000798404 0.000798404
0.19763 0.80237 0.000800155 0.000800155
0.19705 0.80295 0.000794311 0.000794311
0.19647 0.80353 0.000798777 0.000798777
0.19689 0.80311 0.000773392 0.000773392
0.19799 0.80201 0.000802353 0.000802353
0.19821 0.80179 0.000804915 0.000804915
0.19848 0.80152 0.000806131 0.000806131
0.19885 0.80115 0.000840957 0.000840957
0.19807 0.80193 0.000798753 0.000798753
0.19786 0.80214 0.000791697 0.000791697
0.19829 0.80171 0.000827885 0.000827885
0.19812 0.80188 0.000798915 0.000798915
0.19807 0.80193 0.000839076 0.000839076
0.19813 0.80187 0.000871791 0.000871791
0.19801 0.80199 0.000849808 0.000849808
0.19781 0.80219 0.000849347 0.000849347
0.1982 0.8018 0.000854626 0.000854626
0.19826 0.80174 0.000844679 0.000844679
0.19866 0.80134 0.000899924 0.000899924
0.19905 0.80095 0.000937503 0.000937503
0.19949 0.80051 0.000904939 0.000904939
0.19985 0.80015 0.000896957 0.000896957
0.19934 0.80066 0.000854025 0.000854025
0.19927 0.80073 0.000856603 0.000856603
0.19932 0.80068 0.000825129 0.000825129
0.19904 0.80096 0.000850746 0.000850746
0.19886 0.80114 0.000885394 0.000885394
0.19899 0.80101 0.000879747 0.000879747
0.19872 0.80128 0.000897012 0.000897012
0.19898 0.80102 0.000914747 0.000914747
0.19919 0.80081 0.000929873 0.000929873
0.19919 0.80081 0.000917529 0.000917529
0.19904 0.80096 0.000933211 0.000933211
0.19974 0.80026 0.000924942 0.000924942
0.19925 0.80075 0.000931341 0.000931341
0.19924 0.80076 0.00094879 0.00094879
0.19869 0.80131 0.000886054 0.000886054
0.19902 0.80098 0.000882888 0.000882888
0.19914 0.80086 0.000891677 0.000891677
0.19896 0.80104 0.000891291 0.000891291
0.19863 0.80137 0.000858357 0.000858357
0.19892 0.80108 0.000859731 0.000859731
0.19916 0.80084 0.000835085 0.000835085
0.19852 0.80148 0.000880757 0.000880757
0.19847 0.80153 0.000919403 0.000919403
0.19928 0.80072 0.000915032 0.000915032
0.19901 0.80099 0.000928899 0.000928899
0.1992 0.8008 0.000923737 0.000923737
0.19889 0.80111 0.000944523 0.000944523
0.19826 0.80174 0.000893225 0.000893225
0.19844 0.80156 0.000900552 0.000900552
0.19882 0.80118 0.000930432 0.000930432
0.19807 0.80193 0.000912187 0.000912187
0.19821 0.80179 0.000939117 0.000939117
0.19778 0.80222 0.000931103 0.000931103
0.19816 0.80184 0.000940297 0.000940297
0.19792 0.80208 0.000868034 0.000868034
0.19768 0.80232 0.000894119 0.000894119
0.198 0.802 0.000894263 0.000894263
0.19752 0.80248 0.000904333 0.000904333
0.19755 0.80245 0.000901058 0.000901058
0.19725 0.80275 0.000934775 0.000934775
0.1971 0.8029 0.000949869 0.000949869
0.19768 0.80232 0.000945695 0.000945695
0.19864 0.80136 0.000928859 0.000928859
0.19785 0.80215 0.000912452 0.000912452
0.19731 0.80269 0.000881347 0.000881347
0.19652 0.80348 0.000897888 0.000897888
0.19724 0.80276 0.000911073 0.000911073
0.19645 0.80355 0.000914028 0.000914028
0.19607 0.80393 0.000938308 0.000938308
0.19648 0.80352 0.000958212 0.000958212
0.19669 0.80331 0.000983145 0.000983145
0.19609 0.80391 0.000954063 0.000954063
0.19593 0.80407 0.000912409 0.000912409
0.19574 0.80426 0.000935507 0.000935507
0.19644 0.80356 0.000917643 0.000917643
0.19702 0.80298 0.000919798 0.000919798
0.19713 0.80287 0.000935831 0.000935831
0.19606 0.80394 0.000982663 0.000982663
0.19646 0.80354 0.000916574 0.000916574
0.19552 0.80448 0.000926272 0.000926272
0.19458 0.80542 0.000939701 0.000939701
0.19505 0.80495 0.00094324 0.00094324
0.19537 0.80463 0.000936781 0.000936781
0.19507 0.80493 0.000955965 0.000955965
0.19534 0.80466 0.000939823 0.000939823
0.1959 0.8041 0.000893202 0.000893202
0.19654 0.80346 0.000914413 0.000914413
0.1963 0.8037 0.000935485 0.000935485
0.19651 0.80349 0.000953101 0.000953101
0.19668 0.80332 0.000963169 0.000963169
0.19751 0.80249 0.000974879 0.000974879
0.19776 0.80224 0.000897356 0.000897356
0.19748 0.80252 0.000889141 0.000889141
0.19701 0.80299 0.000905081 0.000905081
0.19746 0.80254 0.000908796 0.000908796
0.19785 0.80215 0.000909705 0.000909705
0.19757 0.80243 0.000899722 0.000899722
0.19821 0.80179 0.000937258 0.000937258
0.19806 0.80194 0.00093537 0.00093537
0.19792 0.80208 0.000956135 0.000956135
0.19822 0.80178 0.000961466 0.000961466
0.19852 0.80148 0.000924353 0.000924353
0.19852 0.80148 0.000890838 0.000890838
0.19827 0.80173 0.000877835 0.000877835
0.19887 0.80113 0.00090767 0.00090767
0.19848 0.80152 0.000956151 0.000956151
0.19803 0.80197 0.000949262 0.000949262
0.19756 0.80244 0.000906714 0.000906714
0.19698 0.80302 0.000876585 0.000876585
0.19793 0.80207 0.000881945 0.000881945
0.19824 0.80176 0.00089374 0.00089374
0.19774 0.80226 0.000902901 0.000902901
0.19779 0.80221 0.000853703 0.000853703
0.19702 0.80298 0.000851212 0.000851212
0.19759 0.80241 0.000888143 0.000888143
0.19633 0.80367 0.00084889 0.00084889
0.19631 0.80369 0.000850398 0.000850398
0.19651 0.80349 0.000887788 0.000887788
0.19759 0.80241 0.000920083 0.000920083
0.19767 0.80233 0.000948809 0.000948809
0.19795 0.80205 0.000978008 0.000978008
0.19748 0.80252 0.000984798 0.000984798
0.19731 0.80269 0.00101397 0.00101397
0.19756 0.80244 0.00106544 0.00106544
0.19816 0.80184 0.00107181 0.00107181
0.1988 0.8012 0.00100984 0.00100984
0.19828 0.80172 0.000996648 0.000996648
0.19891 0.80109 0.00103222 0.00103222
0.19828 0.80172 0.00103184 0.00103184
0.1983 0.8017 0.00103801 0.00103801
0.19909 0.80091 0.00107041 0.00107041
0.19785 0.80215 0.000947967 0.000947967
