0.4997 0.5003 5.68687e-06 5.68687e-06
0.49977 0.50023 1.49264e-05 1.49264e-05
0.49969 0.50031 2.04383e-05 2.04383e-05
0.49967 0.50033 2.43849e-05 2.43849e-05
0.50004 0.49996 2.32509e-05 2.32509e-05
0.49974 0.50026 3.02145e-05 3.02145e-05
0.49968 0.50032 3.63006e-05 3.63006e-05
0.49965 0.50035 4.31591e-05 4.31591e-05
0.49969 0.50031 4.30443e-05 4.30443e-05
0.49964 0.50036 4.76873e-05 4.76873e-05
0.49961 0.50039 5.28262e-05 5.28262e-05
0.49964 0.50036 5.77681e-05 5.77681e-05
0.49977 0.50023 6.60981e-05 6.60981e-05
0.4998 0.5002 6.9697e-05 6.9697e-05
0.50005 0.49995 6.60682e-05 6.60682e-05
0.50021 0.49979 6.58241e-05 6.58241e-05
0.50061 0.49939 6.721e-05 6.721e-05
0.50069 0.49931 6.98726e-05 6.98726e-05
0.50074 0.49926 7.53661e-05 7.53661e-05
0.50062 0.49938 7.54905e-05 7.54905e-05
0.50085 0.49915 7.8351e-05 7.8351e-05
0.50078 0.49922 8.7042e-05 8.7042e-05
0.50084 0.49916 9.25196e-05 9.25196e-05
0.50082 0.49918 9.68158e-05 9.68158e-05
0.50055 0.49945 9.69571e-05 9.69571e-05
0.50043 0.49957 0.000102833 0.000102833
0.50082 0.49918 0.00010825 0.00010825
0.50074 0.49926 0.000114841 0.000114841
0.50076 0.49924 0.000120406 0.000120406
0.50076 0.49924 0.000122326 0.000122326
0.50081 0.49919 0.000123287 0.000123287
0.50084 0.49916 0.000126075 0.000126075
0.50069 0.49931 0.000126277 0.000126277
0.50073 0.49927 0.000126543 0.000126543
0.50079 0.49921 0.000130592 0.000130592
0.50075 0.49925 0.000130492 0.000130492
0.50064 0.49936 0.000134738 0.000134738
0.50074 0.49926 0.000135689 0.000135689
0.50073 0.49927 0.00013628 0.00013628
0.50072 0.49928 0.00013782 0.00013782
0.50067 0.49933 0.000139678 0.000139678
0.5006 0.4994 0.000138929 0.000138929
0.50069 0.49931 0.000140903 0.000140903
0.50073 0.49927 0.000140118 0.000140118
0.50074 0.49926 0.000140417 0.000140417
0.50083 0.49917 0.000139941 0.000139941
0.50073 0.49927 0.000137593 0.000137593
0.50081 0.49919 0.00013858 0.00013858
0.50079 0.49921 0.000137804 0.000137804
0.50087 0.49913 0.000138417 0.000138417
0.50071 0.49929 0.000138228 0.000138228
0.50074 0.49926 0.00013773 0.00013773
0.50071 0.49929 0.000139481 0.000139481
0.5007 0.4993 0.000139828 0.000139828
0.50074 0.49926 0.000140477 0.000140477
0.50075 0.49925 0.000141684 0.000141684
0.50073 0.49927 0.000140502 0.000140502
0.50068 0.49932 0.000138442 0.000138442
0.50073 0.49927 0.000138947 0.000138947
0.50075 0.49925 0.000139139 0.000139139
0.50079 0.49921 0.000139137 0.000139137
0.50077 0.49923 0.000137795 0.000137795
0.50079 0.49921 0.000137683 0.000137683
0.50087 0.49913 0.000136943 0.000136943
0.50088 0.49912 0.000138672 0.000138672
0.5009 0.4991 0.000138778 0.000138778
0.50089 0.49911 0.000139574 0.000139574
0.5009 0.4991 0.000139485 0.000139485
0.50084 0.49916 0.000140196 0.000140196
0.50083 0.49917 0.00014087 0.00014087
0.50079 0.49921 0.00014043 0.00014043
0.50071 0.49929 0.000139804 0.000139804
0.50071 0.49929 0.000141157 0.000141157
0.50068 0.49932 0.000141068 0.000141068
0.50064 0.49936 0.000140394 0.000140394
0.50065 0.49935 0.000141058 0.000141058
0.50063 0.49937 0.000140276 0.000140276
0.50068 0.49932 0.000139008 0.000139008
0.50066 0.49934 0.000138227 0.000138227
0.50069 0.49931 0.000137691 0.000137691
0.50065 0.49935 0.000138068 0.000138068
0.50063 0.49937 0.000137508 0.000137508
0.50061 0.49939 0.000138321 0.000138321
0.50062 0.49938 0.000139107 0.000139107
0.5006 0.4994 0.000136949 0.000136949
0.50057 0.49943 0.000136288 0.000136288
0.50054 0.49946 0.000136372 0.000136372
0.50057 0.49943 0.000135945 0.000135945
0.50057 0.49943 0.000136207 0.000136207
0.50059 0.49941 0.00013685 0.00013685
0.50059 0.49941 0.000137537 0.000137537
0.5006 0.4994 0.000138384 0.000138384
0.50059 0.49941 0.000137881 0.000137881
0.50058 0.49942 0.000137337 0.000137337
0.50059 0.49941 0.000138426 0.000138426
0.50061 0.49939 0.000137028 0.000137028
0.50062 0.49938 0.000136198 0.000136198
0.50065 0.49935 0.000138129 0.000138129
0.50063 0.49937 0.000139064 0.000139064
0.5006 0.4994 0.000140303 0.000140303
0.50059 0.49941 0.000140487 0.000140487
0.5006 0.4994 0.000140263 0.000140263
0.5006 0.4994 0.000140263 0.000140263
0.5006 0.4994 0.000140707 0.000140707
0.50062 0.49938 0.000141187 0.000141187
0.5006 0.4994 0.000141354 0.000141354
0.50059 0.49941 0.000140891 0.000140891
0.50059 0.49941 0.000140891 0.000140891
0.50061 0.49939 0.00014117 0.00014117
0.5006 0.4994 0.000141091 0.000141091
0.5006 0.4994 0.000141434 0.000141434
0.50058 0.49942 0.000140994 0.000140994
0.5006 0.4994 0.000141394 0.000141394
0.5006 0.4994 0.00014097 0.00014097
0.50062 0.49938 0.000141309 0.000141309
0.50064 0.49936 0.000141041 0.000141041
0.50067 0.49933 0.000141213 0.000141213
0.50068 0.49932 0.000141331 0.000141331
0.50069 0.49931 0.000141428 0.000141428
0.5007 0.4993 0.000141 0.000141
0.50067 0.49933 0.000140486 0.000140486
0.50068 0.49932 0.000140664 0.000140664
0.50066 0.49934 0.000140853 0.000140853
0.50065 0.49935 0.000141058 0.000141058
0.50066 0.49934 0.000141419 0.000141419
0.50065 0.49935 0.00014221 0.00014221
0.50066 0.49934 0.000142388 0.000142388
0.50066 0.49934 0.000142691 0.000142691
0.50064 0.49936 0.000142677 0.000142677
0.50063 0.49937 0.000143306 0.000143306
0.50063 0.49937 0.000142902 0.000142902
0.50067 0.49933 0.000143274 0.000143274
0.50069 0.49931 0.000143226 0.000143226
0.50067 0.49933 0.000142587 0.000142587
0.50065 0.49935 0.000142109 0.000142109
0.50067 0.49933 0.000142425 0.000142425
0.50065 0.49935 0.000142452 0.000142452
0.50065 0.49935 0.000142452 0.000142452
0.50066 0.49934 0.000142267 0.000142267
0.50065 0.49935 0.000141907 0.000141907
0.50065 0.49935 0.00014126 0.00014126
0.50067 0.49933 0.000141516 0.000141516
0.50067 0.49933 0.000140971 0.000140971
0.50066 0.49934 0.000140833 0.000140833
0.50066 0.49934 0.000140792 0.000140792
0.50064 0.49936 0.000140112 0.000140112
0.50064 0.49936 0.000140112 0.000140112
0.50062 0.49938 0.00014042 0.00014042
0.50061 0.49939 0.000140564 0.000140564
0.50062 0.49938 0.000140238 0.000140238
0.50062 0.49938 0.000140238 0.000140238
0.50061 0.49939 0.000139978 0.000139978
0.50062 0.49938 0.000140299 0.000140299
0.50063 0.49937 0.000139912 0.000139912
0.50063 0.49937 0.000139912 0.000139912
0.50062 0.49938 0.000139874 0.000139874
0.50061 0.49939 0.000139594 0.000139594
0.50061 0.49939 0.000139594 0.000139594
0.50061 0.49939 0.000139594 0.000139594
0.50062 0.49938 0.000139874 0.000139874
0.50062 0.49938 0.000139874 0.000139874
0.50062 0.49938 0.000139874 0.000139874
0.50064 0.49936 0.000139627 0.000139627
0.50063 0.49937 0.000139751 0.000139751
0.50063 0.49937 0.00013971 0.00013971
0.50062 0.49938 0.000140319 0.000140319
0.50063 0.49937 0.000140478 0.000140478
0.50064 0.49936 0.000140778 0.000140778
0.50065 0.49935 0.000140715 0.000140715
0.50065 0.49935 0.000140715 0.000140715
0.50065 0.49935 0.000140715 0.000140715
0.50067 0.49933 0.000141173 0.000141173
0.50067 0.49933 0.000141173 0.000141173
0.50066 0.49934 0.000141237 0.000141237
0.50067 0.49933 0.000141678 0.000141678
0.50066 0.49934 0.000141499 0.000141499
0.50066 0.49934 0.000141499 0.000141499
0.50066 0.49934 0.000141499 0.000141499
0.50066 0.49934 0.000141802 0.000141802
0.50066 0.49934 0.000141802 0.000141802
0.50066 0.49934 0.000141802 0.000141802
0.50066 0.49934 0.000141802 0.000141802
0.50066 0.49934 0.000141802 0.000141802
0.50066 0.49934 0.000141802 0.000141802
0.50066 0.49934 0.000141802 0.000141802
0.50066 0.49934 0.000141802 0.000141802
0.50064 0.49936 0.000141768 0.000141768
0.50064 0.49936 0.000141768 0.000141768
0.50065 0.49935 0.000142008 0.000142008
0.50066 0.49934 0.000141621 0.000141621
0.50066 0.49934 0.000141621 0.000141621
0.50065 0.49935 0.000141482 0.000141482
0.50065 0.49935 0.000141482 0.000141482
0.50064 0.49936 0.000141667 0.000141667
0.50064 0.49936 0.000141667 0.000141667
0.50064 0.49936 0.000141667 0.000141667
0.50064 0.49936 0.000141667 0.000141667
0.50064 0.49936 0.000141667 0.000141667
0.50064 0.49936 0.000141667 0.000141667
0.50063 0.49937 0.000141953 0.000141953
0.50064 0.49936 0.000142091 0.000142091
0.50065 0.49935 0.000142412 0.000142412
0.50065 0.49935 0.000142412 0.000142412
0.50065 0.49935 0.000142412 0.000142412
0.50065 0.49935 0.000142412 0.000142412
0.50065 0.49935 0.000142412 0.000142412
0.50065 0.49935 0.000142412 0.000142412
0.50065 0.49935 0.000142412 0.000142412
0.50065 0.49935 0.000142412 0.000142412
0.50065 0.49935 0.000142412 0.000142412
0.50065 0.49935 0.000142412 0.000142412
0.50065 0.49935 0.000142412 0.000142412
0.50065 0.49935 0.000142412 0.000142412
0.50065 0.49935 0.000142412 0.000142412
0.50065 0.49935 0.000142412 0.000142412
0.50065 0.49935 0.000142412 0.000142412
0.50064 0.49936 0.000142495 0.000142495
0.50064 0.49936 0.000142495 0.000142495
0.50064 0.49936 0.000142495 0.000142495
0.50064 0.49936 0.000142495 0.000142495
0.50064 0.49936 0.000142495 0.000142495
0.50065 0.49935 0.000142997 0.000142997
0.50065 0.49935 0.000142997 0.000142997
0.50066 0.49934 0.000143176 0.000143176
0.50066 0.49934 0.000143176 0.000143176
0.50066 0.49934 0.000143176 0.000143176
0.50067 0.49933 0.000143314 0.000143314
0.50066 0.49934 0.00014354 0.00014354
0.50066 0.49934 0.00014354 0.00014354
0.50067 0.49933 0.000143738 0.000143738
0.50067 0.49933 0.000143738 0.000143738
0.50067 0.49933 0.000143738 0.000143738
0.50068 0.49932 0.000143109 0.000143109
0.50068 0.49932 0.000143109 0.000143109
0.50068 0.49932 0.000143109 0.000143109
0.50068 0.49932 0.000143109 0.000143109
0.50067 0.49933 0.000143395 0.000143395
0.50067 0.49933 0.000143395 0.000143395
0.50067 0.49933 0.000143395 0.000143395
0.50067 0.49933 0.000143395 0.000143395
0.50067 0.49933 0.000143395 0.000143395
0.50067 0.49933 0.000143395 0.000143395
0.50067 0.49933 0.000143395 0.000143395
0.50067 0.49933 0.000143395 0.000143395
0.50067 0.49933 0.000143395 0.000143395
0.50067 0.49933 0.000143395 0.000143395
0.50067 0.49933 0.000143031 0.000143031
0.50067 0.49933 0.000143031 0.000143031
0.50067 0.49933 0.000143031 0.000143031
0.50067 0.49933 0.000143031 0.000143031
0.50067 0.49933 0.000143031 0.000143031
0.50067 0.49933 0.000143031 0.000143031
0.50067 0.49933 0.000143031 0.000143031
0.50066 0.49934 0.000143257 0.000143257
0.50066 0.49934 0.000143257 0.000143257
0.50066 0.49934 0.000143257 0.000143257
0.50066 0.49934 0.000143257 0.000143257
0.50066 0.49934 0.000143257 0.000143257
0.50066 0.49934 0.000143257 0.000143257
0.50066 0.49934 0.000143257 0.000143257
0.50066 0.49934 0.000143257 0.000143257
0.50066 0.49934 0.000143257 0.000143257
0.50066 0.49934 0.000143257 0.000143257
0.50066 0.49934 0.000143257 0.000143257
0.50066 0.49934 0.000143257 0.000143257
0.50066 0.49934 0.000143257 0.000143257
0.50066 0.49934 0.000143257 0.000143257
0.50066 0.49934 0.000143257 0.000143257
0.50066 0.49934 0.000143257 0.000143257
0.50066 0.49934 0.000143257 0.000143257
0.50067 0.49933 0.000143395 0.000143395
0.50067 0.49933 0.000143395 0.000143395
0.50067 0.49933 0.000143395 0.000143395
0.50066 0.49934 0.000143257 0.000143257
0.50066 0.49934 0.000143257 0.000143257
0.50066 0.49934 0.000143257 0.000143257
0.50066 0.49934 0.000143257 0.000143257
0.50066 0.49934 0.000143257 0.000143257
0.50065 0.49935 0.000143038 0.000143038
0.50065 0.49935 0.000143038 0.000143038
0.50065 0.49935 0.000143038 0.000143038
0.50065 0.49935 0.000143038 0.000143038
0.50066 0.49934 0.000143277 0.000143277
0.50066 0.49934 0.000143277 0.000143277
0.50067 0.49933 0.000143496 0.000143496
0.50067 0.49933 0.000143496 0.000143496
0.50067 0.49933 0.000143496 0.000143496
0.50067 0.49933 0.000143496 0.000143496
0.50067 0.49933 0.000143496 0.000143496
0.50067 0.49933 0.000143496 0.000143496
0.50067 0.49933 0.000143496 0.000143496
0.50067 0.49933 0.000143496 0.000143496
0.50067 0.49933 0.000143496 0.000143496
0.50067 0.49933 0.000143496 0.000143496
0.50067 0.49933 0.000143496 0.000143496
0.50067 0.49933 0.000143496 0.000143496
0.50067 0.49933 0.000143496 0.000143496
0.50067 0.49933 0.000143496 0.000143496
0.50067 0.49933 0.000143496 0.000143496
0.50067 0.49933 0.000143496 0.000143496
0.50067 0.49933 0.000143496 0.000143496
0.50067 0.49933 0.000143496 0.000143496
0.50067 0.49933 0.000143496 0.000143496
0.50067 0.49933 0.000143496 0.000143496
0.50066 0.49934 0.000144126 0.000144126
0.50066 0.49934 0.000144126 0.000144126
0.50066 0.49934 0.000144126 0.000144126
0.50066 0.49934 0.000144126 0.000144126
0.50066 0.49934 0.000144126 0.000144126
0.50066 0.49934 0.000144126 0.000144126
0.50066 0.49934 0.000144126 0.000144126
0.50066 0.49934 0.000144126 0.000144126
0.50066 0.49934 0.000144126 0.000144126
0.50066 0.49934 0.000144126 0.000144126
0.50067 0.49933 0.000144223 0.000144223
0.50067 0.49933 0.000144223 0.000144223
0.50067 0.49933 0.000144223 0.000144223
0.50067 0.49933 0.000144223 0.000144223
0.50067 0.49933 0.000144223 0.000144223
0.50067 0.49933 0.000144223 0.000144223
0.50067 0.49933 0.000144223 0.000144223
0.50067 0.49933 0.000144223 0.000144223
0.50067 0.49933 0.000144223 0.000144223
0.50068 0.49932 0.000144402 0.000144402
0.50068 0.49932 0.000144402 0.000144402
0.50068 0.49932 0.000144402 0.000144402
0.50068 0.49932 0.000144402 0.000144402
0.50068 0.49932 0.000144402 0.000144402
0.50068 0.49932 0.000144402 0.000144402
0.50068 0.49932 0.000144402 0.000144402
0.50068 0.49932 0.000144402 0.000144402
0.50068 0.49932 0.000144402 0.000144402
0.50068 0.49932 0.000144402 0.000144402
0.50068 0.49932 0.000144402 0.000144402
0.50068 0.49932 0.000144402 0.000144402
0.50068 0.49932 0.000144402 0.000144402
0.50068 0.49932 0.000144402 0.000144402
0.50068 0.49932 0.000144402 0.000144402
0.50068 0.49932 0.000144402 0.000144402
0.50068 0.49932 0.000144402 0.000144402
0.50068 0.49932 0.000144402 0.000144402
0.50068 0.49932 0.000144402 0.000144402
0.50068 0.49932 0.000144402 0.000144402
0.50068 0.49932 0.000144402 0.000144402
0.50068 0.49932 0.000144402 0.000144402
0.50068 0.49932 0.000144402 0.000144402
0.50067 0.49933 0.000144829 0.000144829
0.50067 0.49933 0.000144829 0.000144829
0.50067 0.49933 0.000144829 0.000144829
0.50067 0.49933 0.000144829 0.000144829
0.50067 0.49933 0.000144829 0.000144829
0.50067 0.49933 0.000144829 0.000144829
0.50067 0.49933 0.000144829 0.000144829
0.50067 0.49933 0.000144829 0.000144829
0.50067 0.49933 0.000144829 0.000144829
0.50067 0.49933 0.000144829 0.000144829
0.50068 0.49932 0.000145291 0.000145291
0.50068 0.49932 0.000145291 0.000145291
0.50068 0.49932 0.000145291 0.000145291
0.50068 0.49932 0.000145291 0.000145291
0.50068 0.49932 0.000145291 0.000145291
0.50068 0.49932 0.000145291 0.000145291
0.50068 0.49932 0.000145291 0.000145291
0.50068 0.49932 0.000145291 0.000145291
0.50068 0.49932 0.000145291 0.000145291
0.50068 0.49932 0.000145291 0.000145291
0.50068 0.49932 0.000145291 0.000145291
0.50068 0.49932 0.000145291 0.000145291
0.50068 0.49932 0.000145291 0.000145291
0.50068 0.49932 0.000145291 0.000145291
0.50068 0.49932 0.000145291 0.000145291
0.50068 0.49932 0.000145291 0.000145291
0.50067 0.49933 0.000145294 0.000145294
0.50067 0.49933 0.000145294 0.000145294
0.50067 0.49933 0.000145294 0.000145294
0.50067 0.49933 0.000145294 0.000145294
0.50067 0.49933 0.000145294 0.000145294
0.50067 0.49933 0.000145294 0.000145294
0.50067 0.49933 0.000145294 0.000145294
0.50067 0.49933 0.000145294 0.000145294
0.50067 0.49933 0.000145294 0.000145294
0.50067 0.49933 0.000145294 0.000145294
0.50067 0.49933 0.000145294 0.000145294
0.50067 0.49933 0.000145294 0.000145294
0.50067 0.49933 0.000145294 0.000145294
0.50067 0.49933 0.000145294 0.000145294
0.50067 0.49933 0.000145294 0.000145294
0.50067 0.49933 0.000145294 0.000145294
0.50067 0.49933 0.000145294 0.000145294
0.50066 0.49934 0.000145479 0.000145479
0.50066 0.49934 0.000145479 0.000145479
0.50066 0.49934 0.000145479 0.000145479
0.50066 0.49934 0.000145479 0.000145479
0.50066 0.49934 0.000145479 0.000145479
0.50066 0.49934 0.000145479 0.000145479
0.50066 0.49934 0.000145479 0.000145479
0.50066 0.49934 0.000145479 0.000145479
0.50065 0.49935 0.000144977 0.000144977
0.50065 0.49935 0.000144977 0.000144977
0.50065 0.49935 0.000144977 0.000144977
0.50065 0.49935 0.000144977 0.000144977
0.50064 0.49936 0.000145202 0.000145202
0.50064 0.49936 0.000145202 0.000145202
0.50064 0.49936 0.000145202 0.000145202
0.50064 0.49936 0.000145202 0.000145202
0.50064 0.49936 0.000145202 0.000145202
0.50064 0.49936 0.000145202 0.000145202
0.50064 0.49936 0.000145202 0.000145202
0.50064 0.49936 0.000145202 0.000145202
0.50064 0.49936 0.000145202 0.000145202
0.50064 0.49936 0.000145202 0.000145202
0.50064 0.49936 0.000145202 0.000145202
0.50064 0.49936 0.000145202 0.000145202
0.50064 0.49936 0.000145202 0.000145202
0.50064 0.49936 0.000145202 0.000145202
0.50064 0.49936 0.000145202 0.000145202
0.50064 0.49936 0.000145202 0.000145202
0.50064 0.49936 0.000145202 0.000145202
0.50064 0.49936 0.000145202 0.000145202
0.50064 0.49936 0.000145202 0.000145202
0.50064 0.49936 0.000145202 0.000145202
0.50064 0.49936 0.000145202 0.000145202
0.50064 0.49936 0.000145202 0.000145202
0.50064 0.49936 0.000145202 0.000145202
0.50064 0.49936 0.000145202 0.000145202
0.50064 0.49936 0.000145202 0.000145202
0.50064 0.49936 0.000145202 0.000145202
0.50064 0.49936 0.000145202 0.000145202
0.50064 0.49936 0.000145202 0.000145202
0.50064 0.49936 0.000145202 0.000145202
0.50064 0.49936 0.000145202 0.000145202
0.50064 0.49936 0.000145202 0.000145202
0.50064 0.49936 0.000145202 0.000145202
0.50064 0.49936 0.000145202 0.000145202
0.50064 0.49936 0.000145202 0.000145202
0.50064 0.49936 0.000145202 0.000145202
0.50064 0.49936 0.000145202 0.000145202
0.50064 0.49936 0.000145202 0.000145202
0.50064 0.49936 0.000145202 0.000145202
0.50064 0.49936 0.000145202 0.000145202
0.50064 0.49936 0.000145202 0.000145202
0.50064 0.49936 0.000145202 0.000145202
0.50064 0.49936 0.000145202 0.000145202
0.50064 0.49936 0.000145202 0.000145202
0.50063 0.49937 0.000145326 0.000145326
0.50063 0.49937 0.000145326 0.000145326
0.50063 0.49937 0.000145326 0.000145326
0.50063 0.49937 0.000145326 0.000145326
0.50063 0.49937 0.000145326 0.000145326
0.50063 0.49937 0.000145326 0.000145326
0.50063 0.49937 0.000145326 0.000145326
0.50063 0.49937 0.000145326 0.000145326
0.50063 0.49937 0.000145326 0.000145326
0.50063 0.49937 0.000145326 0.000145326
0.50063 0.49937 0.000145326 0.000145326
0.50063 0.49937 0.000145326 0.000145326
0.50063 0.49937 0.000145326 0.000145326
0.50063 0.49937 0.000145326 0.000145326
0.50063 0.49937 0.000145326 0.000145326
0.50063 0.49937 0.000145326 0.000145326
0.50063 0.49937 0.000145326 0.000145326
0.50063 0.49937 0.000145326 0.000145326
0.50063 0.49937 0.000145326 0.000145326
0.50063 0.49937 0.000145326 0.000145326
0.50063 0.49937 0.000145326 0.000145326
0.50063 0.49937 0.000145326 0.000145326
0.50063 0.49937 0.000145326 0.000145326
0.50063 0.49937 0.000145326 0.000145326
0.50063 0.49937 0.000145326 0.000145326
0.50063 0.49937 0.000145326 0.000145326
0.50063 0.49937 0.000145326 0.000145326
0.50063 0.49937 0.000145326 0.000145326
0.50063 0.49937 0.000145326 0.000145326
0.50063 0.49937 0.000145326 0.000145326
0.50063 0.49937 0.000145326 0.000145326
0.50063 0.49937 0.000145326 0.000145326
0.50063 0.49937 0.000145326 0.000145326
0.50063 0.49937 0.000145326 0.000145326
0.50063 0.49937 0.000145326 0.000145326
0.50063 0.49937 0.000145326 0.000145326
0.50063 0.49937 0.000145326 0.000145326
0.50063 0.49937 0.000145326 0.000145326
0.50063 0.49937 0.000145326 0.000145326
0.50063 0.49937 0.000145326 0.000145326
0.50063 0.49937 0.000145326 0.000145326
0.50063 0.49937 0.000145326 0.000145326
0.50063 0.49937 0.000145326 0.000145326
0.50063 0.49937 0.000145326 0.000145326
0.50063 0.49937 0.000145326 0.000145326
0.50063 0.49937 0.000145326 0.000145326
0.50063 0.49937 0.000145326 0.000145326
0.50063 0.49937 0.000145326 0.000145326
0.50063 0.49937 0.000145326 0.000145326
0.50063 0.49937 0.000145326 0.000145326
0.50063 0.49937 0.000145326 0.000145326
0.50063 0.49937 0.000145326 0.000145326
0.50063 0.49937 0.000145326 0.000145326
0.50063 0.49937 0.000145326 0.000145326
0.50063 0.49937 0.000145326 0.000145326
0.50063 0.49937 0.000145326 0.000145326
