0.49901 0.50099 5.12423e-05 5.12423e-05
0.49757 0.50243 0.000148955 0.000148955
0.49613 0.50387 0.000276134 0.000276134
0.49526 0.50474 0.000412154 0.000412154
0.49495 0.50505 0.000596553 0.000596553
0.49327 0.50673 0.000778583 0.000778583
0.49364 0.50636 0.000946596 0.000946596
0.49344 0.50656 0.00111427 0.00111427
0.49232 0.50768 0.00122648 0.00122648
0.49169 0.50831 0.00139496 0.00139496
0.49121 0.50879 0.00151867 0.00151867
0.49067 0.50933 0.00165695 0.00165695
0.49025 0.50975 0.0017469 0.0017469
0.49003 0.50997 0.00186294 0.00186294
0.48944 0.51056 0.00201065 0.00201065
0.48932 0.51068 0.0021047 0.0021047
0.48909 0.51091 0.00219344 0.00219344
0.48903 0.51097 0.00232051 0.00232051
0.48885 0.51115 0.0023989 0.0023989
0.48827 0.51173 0.00247386 0.00247386
0.48834 0.51166 0.00255017 0.00255017
0.48782 0.51218 0.0025856 0.0025856
0.48758 0.51242 0.00261265 0.00261265
0.4875 0.5125 0.00261112 0.00261112
0.48715 0.51285 0.00266362 0.00266362
0.487 0.513 0.00269762 0.00269762
0.48697 0.51303 0.00272231 0.00272231
0.48692 0.51308 0.0027526 0.0027526
0.4869 0.5131 0.00278633 0.00278633
0.48683 0.51317 0.0028178 0.0028178
0.48667 0.51333 0.00283366 0.00283366
0.4865 0.5135 0.00284765 0.00284765
0.48626 0.51374 0.00285397 0.00285397
0.48632 0.51368 0.0028641 0.0028641
0.48631 0.51369 0.0028883 0.0028883
0.48625 0.51375 0.00290265 0.00290265
0.48617 0.51383 0.00289802 0.00289802
0.48616 0.51384 0.00290408 0.00290408
0.48609 0.51391 0.00291075 0.00291075
0.48611 0.51389 0.00292626 0.00292626
0.48606 0.51394 0.00292616 0.00292616
0.48597 0.51403 0.00293249 0.00293249
0.48605 0.51395 0.00294001 0.00294001
0.486 0.514 0.00294691 0.00294691
0.48597 0.51403 0.00294845 0.00294845
0.48593 0.51407 0.00295316 0.00295316
0.48591 0.51409 0.00296192 0.00296192
0.4859 0.5141 0.00297167 0.00297167
0.48591 0.51409 0.00297683 0.00297683
0.48592 0.51408 0.00297636 0.00297636
0.4859 0.5141 0.00298159 0.00298159
0.48585 0.51415 0.00298393 0.00298393
0.48587 0.51413 0.00298632 0.00298632
0.48591 0.51409 0.00298913 0.00298913
0.48592 0.51408 0.00298801 0.00298801
0.48594 0.51406 0.00298897 0.00298897
0.48595 0.51405 0.00298882 0.00298882
0.48593 0.51407 0.00299556 0.00299556
0.48593 0.51407 0.0029954 0.0029954
0.48596 0.51404 0.00300042 0.00300042
0.48597 0.51403 0.003001 0.003001
0.48597 0.51403 0.003001 0.003001
0.48595 0.51405 0.00300071 0.00300071
0.48596 0.51404 0.00300069 0.00300069
0.48598 0.51402 0.00300147 0.00300147
0.48598 0.51402 0.00300147 0.00300147
0.48598 0.51402 0.00300147 0.00300147
0.48598 0.51402 0.00300147 0.00300147
0.48597 0.51403 0.00300195 0.00300195
0.48597 0.51403 0.00300195 0.00300195
0.48598 0.51402 0.00300372 0.00300372
0.48598 0.51402 0.00300426 0.00300426
0.48598 0.51402 0.00300426 0.00300426
0.48598 0.51402 0.00300353 0.00300353
0.48598 0.51402 0.00300353 0.00300353
0.48598 0.51402 0.00300353 0.00300353
0.48598 0.51402 0.00300353 0.00300353
0.48598 0.51402 0.00300353 0.00300353
0.48598 0.51402 0.00300353 0.00300353
0.48597 0.51403 0.00300403 0.00300403
0.48597 0.51403 0.00300403 0.00300403
0.48597 0.51403 0.00300403 0.00300403
0.48597 0.51403 0.00300403 0.00300403
0.48597 0.51403 0.00300403 0.00300403
0.48597 0.51403 0.00300403 0.00300403
0.48597 0.51403 0.00300403 0.00300403
0.48597 0.51403 0.00300403 0.00300403
0.48597 0.51403 0.00300403 0.00300403
0.48597 0.51403 0.00300403 0.00300403
0.48597 0.51403 0.00300403 0.00300403
0.48597 0.51403 0.00300403 0.00300403
0.48597 0.51403 0.00300403 0.00300403
0.48597 0.51403 0.00300403 0.00300403
0.48597 0.51403 0.00300403 0.00300403
0.48597 0.51403 0.00300403 0.00300403
0.48596 0.51404 0.00300406 0.00300406
0.48596 0.51404 0.00300406 0.00300406
0.48596 0.51404 0.00300406 0.00300406
0.48596 0.51404 0.00300406 0.00300406
0.48596 0.51404 0.00300406 0.00300406
0.48596 0.51404 0.00300406 0.00300406
0.48596 0.51404 0.00300406 0.00300406
0.48596 0.51404 0.00300406 0.00300406
0.48596 0.51404 0.00300406 0.00300406
0.48596 0.51404 0.00300406 0.00300406
0.48596 0.51404 0.00300406 0.00300406
0.48596 0.51404 0.00300406 0.00300406
0.48596 0.51404 0.00300406 0.00300406
0.48596 0.51404 0.00300406 0.00300406
0.48596 0.51404 0.00300406 0.00300406
0.48596 0.51404 0.00300406 0.00300406
0.48596 0.51404 0.00300406 0.00300406
0.48596 0.51404 0.00300406 0.00300406
0.48596 0.51404 0.00300406 0.00300406
0.48596 0.51404 0.00300406 0.00300406
0.48596 0.51404 0.00300406 0.00300406
0.48596 0.51404 0.00300406 0.00300406
0.48596 0.51404 0.00300406 0.00300406
0.48596 0.51404 0.00300406 0.00300406
0.48596 0.51404 0.00300406 0.00300406
0.48596 0.51404 0.00300406 0.00300406
0.48596 0.51404 0.00300406 0.00300406
0.48596 0.51404 0.00300406 0.00300406
0.48596 0.51404 0.00300406 0.00300406
0.48596 0.51404 0.00300406 0.00300406
0.48596 0.51404 0.00300406 0.00300406
0.48596 0.51404 0.00300406 0.00300406
0.48596 0.51404 0.00300406 0.00300406
0.48596 0.51404 0.00300406 0.00300406
0.48596 0.51404 0.00300406 0.00300406
0.48596 0.51404 0.00300406 0.00300406
0.48596 0.51404 0.00300406 0.00300406
0.48596 0.51404 0.00300406 0.00300406
0.48596 0.51404 0.00300406 0.00300406
0.48596 0.51404 0.00300406 0.00300406
0.48596 0.51404 0.00300406 0.00300406
0.48596 0.51404 0.00300406 0.00300406
0.48596 0.51404 0.00300406 0.00300406
0.48596 0.51404 0.00300406 0.00300406
0.48596 0.51404 0.00300406 0.00300406
0.48596 0.51404 0.00300406 0.00300406
0.48596 0.51404 0.00300406 0.00300406
0.48596 0.51404 0.00300406 0.00300406
0.48596 0.51404 0.00300406 0.00300406
0.48596 0.51404 0.00300406 0.00300406
0.48596 0.51404 0.00300406 0.00300406
0.48596 0.51404 0.00300406 0.00300406
0.48596 0.51404 0.00300406 0.00300406
0.48596 0.51404 0.00300406 0.00300406
0.48596 0.51404 0.00300406 0.00300406
0.48596 0.51404 0.00300406 0.00300406
0.48596 0.51404 0.00300406 0.00300406
0.48596 0.51404 0.00300406 0.00300406
0.48596 0.51404 0.00300406 0.00300406
0.48596 0.51404 0.00300406 0.00300406
0.48596 0.51404 0.00300406 0.00300406
0.48596 0.51404 0.00300406 0.00300406
0.48596 0.51404 0.00300406 0.00300406
0.48596 0.51404 0.00300406 0.00300406
0.48596 0.51404 0.00300406 0.00300406
0.48596 0.51404 0.00300406 0.00300406
0.48596 0.51404 0.00300406 0.00300406
0.48596 0.51404 0.00300406 0.00300406
0.48596 0.51404 0.00300406 0.00300406
0.48596 0.51404 0.00300406 0.00300406
0.48596 0.51404 0.00300406 0.00300406
0.48596 0.51404 0.00300406 0.00300406
0.48596 0.51404 0.00300406 0.00300406
0.48596 0.51404 0.00300406 0.00300406
0.48596 0.51404 0.00300406 0.00300406
0.48596 0.51404 0.00300406 0.00300406
0.48596 0.51404 0.00300406 0.00300406
0.48596 0.51404 0.00300406 0.00300406
0.48596 0.51404 0.00300406 0.00300406
0.48596 0.51404 0.00300406 0.00300406
0.48596 0.51404 0.00300406 0.00300406
0.48596 0.51404 0.00300406 0.00300406
0.48596 0.51404 0.00300406 0.00300406
0.48596 0.51404 0.00300406 0.00300406
0.48596 0.51404 0.00300406 0.00300406
0.48596 0.51404 0.00300406 0.00300406
0.48596 0.51404 0.00300406 0.00300406
0.48596 0.51404 0.00300406 0.00300406
0.48596 0.51404 0.00300406 0.00300406
0.48596 0.51404 0.00300406 0.00300406
0.48596 0.51404 0.00300406 0.00300406
0.48596 0.51404 0.00300406 0.00300406
0.48596 0.51404 0.00300406 0.00300406
0.48596 0.51404 0.00300406 0.00300406
0.48596 0.51404 0.00300406 0.00300406
0.48596 0.51404 0.00300406 0.00300406
0.48596 0.51404 0.00300406 0.00300406
0.48596 0.51404 0.00300406 0.00300406
0.48596 0.51404 0.00300406 0.00300406
0.48596 0.51404 0.00300406 0.00300406
0.48596 0.51404 0.00300406 0.00300406
0.48596 0.51404 0.00300406 0.00300406
0.48596 0.51404 0.00300406 0.00300406
0.48596 0.51404 0.00300406 0.00300406
0.48596 0.51404 0.00300406 0.00300406
0.48596 0.51404 0.00300406 0.00300406
0.48596 0.51404 0.00300406 0.00300406
0.48596 0.51404 0.00300406 0.00300406
0.48596 0.51404 0.00300406 0.00300406
0.48596 0.51404 0.00300406 0.00300406
0.48596 0.51404 0.00300406 0.00300406
0.48596 0.51404 0.00300406 0.00300406
0.48596 0.51404 0.00300406 0.00300406
0.48596 0.51404 0.00300406 0.00300406
0.48596 0.51404 0.00300406 0.00300406
0.48596 0.51404 0.00300406 0.00300406
0.48596 0.51404 0.00300406 0.00300406
0.48596 0.51404 0.00300406 0.00300406
0.48596 0.51404 0.00300406 0.00300406
0.48596 0.51404 0.00300406 0.00300406
0.48596 0.51404 0.00300406 0.00300406
0.48596 0.51404 0.00300406 0.00300406
0.48596 0.51404 0.00300406 0.00300406
0.48596 0.51404 0.00300406 0.00300406
0.48596 0.51404 0.00300406 0.00300406
0.48596 0.51404 0.00300406 0.00300406
0.48596 0.51404 0.00300406 0.00300406
0.48596 0.51404 0.00300406 0.00300406
0.48596 0.51404 0.00300406 0.00300406
0.48596 0.51404 0.00300406 0.00300406
0.48596 0.51404 0.00300406 0.00300406
0.48596 0.51404 0.00300406 0.00300406
0.48596 0.51404 0.00300406 0.00300406
0.48596 0.51404 0.00300406 0.00300406
0.48596 0.51404 0.00300406 0.00300406
0.48596 0.51404 0.00300406 0.00300406
0.48596 0.51404 0.00300406 0.00300406
0.48596 0.51404 0.00300406 0.00300406
0.48596 0.51404 0.00300406 0.00300406
0.48596 0.51404 0.00300406 0.00300406
0.48596 0.51404 0.00300406 0.00300406
0.48596 0.51404 0.00300406 0.00300406
0.48596 0.51404 0.00300406 0.00300406
0.48596 0.51404 0.00300406 0.00300406
0.48596 0.51404 0.00300406 0.00300406
0.48596 0.51404 0.00300406 0.00300406
0.48596 0.51404 0.00300406 0.00300406
0.48596 0.51404 0.00300406 0.00300406
0.48596 0.51404 0.00300406 0.00300406
0.48596 0.51404 0.00300406 0.00300406
0.48596 0.51404 0.00300406 0.00300406
0.48596 0.51404 0.00300406 0.00300406
0.48596 0.51404 0.00300406 0.00300406
0.48596 0.51404 0.00300406 0.00300406
0.48596 0.51404 0.00300406 0.00300406
0.48596 0.51404 0.00300406 0.00300406
0.48596 0.51404 0.00300406 0.00300406
0.48596 0.51404 0.00300406 0.00300406
0.48596 0.51404 0.00300406 0.00300406
0.48596 0.51404 0.00300406 0.00300406
0.48596 0.51404 0.00300406 0.00300406
0.48596 0.51404 0.00300406 0.00300406
0.48596 0.51404 0.00300406 0.00300406
0.48596 0.51404 0.00300406 0.00300406
0.48596 0.51404 0.00300406 0.00300406
0.48596 0.51404 0.00300406 0.00300406
0.48596 0.51404 0.00300406 0.00300406
0.48596 0.51404 0.00300406 0.00300406
0.48596 0.51404 0.00300406 0.00300406
0.48596 0.51404 0.00300406 0.00300406
0.48596 0.51404 0.00300406 0.00300406
0.48596 0.51404 0.00300406 0.00300406
0.48596 0.51404 0.00300406 0.00300406
0.48596 0.51404 0.00300406 0.00300406
0.48596 0.51404 0.00300406 0.00300406
0.48596 0.51404 0.00300406 0.00300406
0.48596 0.51404 0.00300406 0.00300406
0.48596 0.51404 0.00300406 0.00300406
0.48596 0.51404 0.00300406 0.00300406
0.48596 0.51404 0.00300406 0.00300406
0.48596 0.51404 0.00300406 0.00300406
0.48596 0.51404 0.00300406 0.00300406
0.48596 0.51404 0.00300406 0.00300406
0.48596 0.51404 0.00300406 0.00300406
0.48596 0.51404 0.00300406 0.00300406
0.48596 0.51404 0.00300406 0.00300406
0.48596 0.51404 0.00300406 0.00300406
0.48596 0.51404 0.00300406 0.00300406
0.48596 0.51404 0.00300406 0.00300406
0.48596 0.51404 0.00300406 0.00300406
0.48596 0.51404 0.00300406 0.00300406
0.48596 0.51404 0.00300406 0.00300406
0.48596 0.51404 0.00300406 0.00300406
0.48596 0.51404 0.00300406 0.00300406
0.48596 0.51404 0.00300406 0.00300406
0.48596 0.51404 0.00300406 0.00300406
0.48596 0.51404 0.00300406 0.00300406
0.48596 0.51404 0.00300406 0.00300406
0.48596 0.51404 0.00300406 0.00300406
0.48596 0.51404 0.00300406 0.00300406
0.48596 0.51404 0.00300406 0.00300406
0.48596 0.51404 0.00300406 0.00300406
0.48596 0.51404 0.00300406 0.00300406
0.48596 0.51404 0.00300406 0.00300406
0.48596 0.51404 0.00300406 0.00300406
0.48596 0.51404 0.00300406 0.00300406
0.48596 0.51404 0.00300406 0.00300406
0.48596 0.51404 0.00300406 0.00300406
0.48596 0.51404 0.00300406 0.00300406
0.48596 0.51404 0.00300406 0.00300406
0.48596 0.51404 0.00300406 0.00300406
0.48596 0.51404 0.00300406 0.00300406
0.48596 0.51404 0.00300406 0.00300406
0.48596 0.51404 0.00300406 0.00300406
0.48596 0.51404 0.00300406 0.00300406
0.48596 0.51404 0.00300406 0.00300406
0.48596 0.51404 0.00300406 0.00300406
0.48596 0.51404 0.00300406 0.00300406
0.48596 0.51404 0.00300406 0.00300406
0.48596 0.51404 0.00300406 0.00300406
0.48596 0.51404 0.00300406 0.00300406
0.48596 0.51404 0.00300406 0.00300406
0.48596 0.51404 0.00300406 0.00300406
0.48596 0.51404 0.00300406 0.00300406
0.48596 0.51404 0.00300406 0.00300406
0.48596 0.51404 0.00300406 0.00300406
0.48596 0.51404 0.00300406 0.00300406
0.48596 0.51404 0.00300406 0.00300406
0.48596 0.51404 0.00300406 0.00300406
0.48596 0.51404 0.00300406 0.00300406
0.48596 0.51404 0.00300406 0.00300406
0.48596 0.51404 0.00300406 0.00300406
0.48596 0.51404 0.00300406 0.00300406
0.48596 0.51404 0.00300406 0.00300406
0.48596 0.51404 0.00300406 0.00300406
0.48596 0.51404 0.00300406 0.00300406
0.48596 0.51404 0.00300406 0.00300406
0.48596 0.51404 0.00300406 0.00300406
0.48596 0.51404 0.00300406 0.00300406
0.48596 0.51404 0.00300406 0.00300406
0.48596 0.51404 0.00300406 0.00300406
0.48596 0.51404 0.00300406 0.00300406
0.48596 0.51404 0.00300406 0.00300406
0.48596 0.51404 0.00300406 0.00300406
0.48596 0.51404 0.00300406 0.00300406
0.48596 0.51404 0.00300406 0.00300406
0.48596 0.51404 0.00300406 0.00300406
0.48596 0.51404 0.00300406 0.00300406
0.48596 0.51404 0.00300406 0.00300406
0.48596 0.51404 0.00300406 0.00300406
0.48596 0.51404 0.00300406 0.00300406
0.48596 0.51404 0.00300406 0.00300406
0.48596 0.51404 0.00300406 0.00300406
0.48596 0.51404 0.00300406 0.00300406
0.48596 0.51404 0.00300406 0.00300406
0.48596 0.51404 0.00300406 0.00300406
0.48596 0.51404 0.00300406 0.00300406
0.48596 0.51404 0.00300406 0.00300406
0.48596 0.51404 0.00300406 0.00300406
0.48596 0.51404 0.00300406 0.00300406
0.48596 0.51404 0.00300406 0.00300406
0.48596 0.51404 0.00300406 0.00300406
0.48596 0.51404 0.00300406 0.00300406
0.48596 0.51404 0.00300406 0.00300406
0.48596 0.51404 0.00300406 0.00300406
0.48596 0.51404 0.00300406 0.00300406
0.48596 0.51404 0.00300406 0.00300406
0.48596 0.51404 0.00300406 0.00300406
0.48596 0.51404 0.00300406 0.00300406
0.48596 0.51404 0.00300406 0.00300406
0.48596 0.51404 0.00300406 0.00300406
0.48596 0.51404 0.00300406 0.00300406
0.48596 0.51404 0.00300406 0.00300406
0.48596 0.51404 0.00300406 0.00300406
0.48596 0.51404 0.00300406 0.00300406
0.48596 0.51404 0.00300406 0.00300406
0.48596 0.51404 0.00300406 0.00300406
0.48596 0.51404 0.00300406 0.00300406
0.48596 0.51404 0.00300406 0.00300406
0.48596 0.51404 0.00300406 0.00300406
0.48596 0.51404 0.00300406 0.00300406
0.48596 0.51404 0.00300406 0.00300406
0.48596 0.51404 0.00300406 0.00300406
0.48596 0.51404 0.00300406 0.00300406
0.48596 0.51404 0.00300406 0.00300406
0.48596 0.51404 0.00300406 0.00300406
0.48596 0.51404 0.00300406 0.00300406
0.48596 0.51404 0.00300406 0.00300406
0.48596 0.51404 0.00300406 0.00300406
0.48596 0.51404 0.00300406 0.00300406
0.48596 0.51404 0.00300406 0.00300406
0.48596 0.51404 0.00300406 0.00300406
0.48596 0.51404 0.00300406 0.00300406
0.48596 0.51404 0.00300406 0.00300406
0.48596 0.51404 0.00300406 0.00300406
0.48596 0.51404 0.00300406 0.00300406
0.48596 0.51404 0.00300406 0.00300406
0.48596 0.51404 0.00300406 0.00300406
0.48596 0.51404 0.00300406 0.00300406
0.48596 0.51404 0.00300406 0.00300406
0.48596 0.51404 0.00300406 0.00300406
0.48596 0.51404 0.00300406 0.00300406
0.48596 0.51404 0.00300406 0.00300406
0.48596 0.51404 0.00300406 0.00300406
0.48596 0.51404 0.00300406 0.00300406
0.48596 0.51404 0.00300406 0.00300406
0.48596 0.51404 0.00300406 0.00300406
0.48596 0.51404 0.00300406 0.00300406
0.48596 0.51404 0.00300406 0.00300406
0.48596 0.51404 0.00300406 0.00300406
0.48596 0.51404 0.00300406 0.00300406
0.48596 0.51404 0.00300406 0.00300406
0.48596 0.51404 0.00300406 0.00300406
0.48596 0.51404 0.00300406 0.00300406
0.48596 0.51404 0.00300406 0.00300406
0.48596 0.51404 0.00300406 0.00300406
0.48596 0.51404 0.00300406 0.00300406
0.48596 0.51404 0.00300406 0.00300406
0.48596 0.51404 0.00300406 0.00300406
0.48596 0.51404 0.00300406 0.00300406
0.48596 0.51404 0.00300406 0.00300406
0.48596 0.51404 0.00300406 0.00300406
0.48596 0.51404 0.00300406 0.00300406
0.48596 0.51404 0.00300406 0.00300406
0.48596 0.51404 0.00300406 0.00300406
0.48596 0.51404 0.00300406 0.00300406
0.48596 0.51404 0.00300406 0.00300406
0.48596 0.51404 0.00300406 0.00300406
0.48596 0.51404 0.00300406 0.00300406
0.48596 0.51404 0.00300406 0.00300406
0.48596 0.51404 0.00300406 0.00300406
0.48596 0.51404 0.00300406 0.00300406
0.48596 0.51404 0.00300406 0.00300406
0.48596 0.51404 0.00300406 0.00300406
0.48596 0.51404 0.00300406 0.00300406
0.48596 0.51404 0.00300406 0.00300406
0.48596 0.51404 0.00300406 0.00300406
0.48596 0.51404 0.00300406 0.00300406
0.48596 0.51404 0.00300406 0.00300406
0.48596 0.51404 0.00300406 0.00300406
0.48596 0.51404 0.00300406 0.00300406
0.48596 0.51404 0.00300406 0.00300406
0.48596 0.51404 0.00300406 0.00300406
0.48596 0.51404 0.00300406 0.00300406
0.48596 0.51404 0.00300406 0.00300406
0.48596 0.51404 0.00300406 0.00300406
0.48596 0.51404 0.00300406 0.00300406
0.48596 0.51404 0.00300406 0.00300406
0.48596 0.51404 0.00300406 0.00300406
0.48596 0.51404 0.00300406 0.00300406
0.48596 0.51404 0.00300406 0.00300406
0.48596 0.51404 0.00300406 0.00300406
0.48596 0.51404 0.00300406 0.00300406
0.48596 0.51404 0.00300406 0.00300406
0.48596 0.51404 0.00300406 0.00300406
0.48596 0.51404 0.00300406 0.00300406
0.48596 0.51404 0.00300406 0.00300406
0.48596 0.51404 0.00300406 0.00300406
0.48596 0.51404 0.00300406 0.00300406
0.48596 0.51404 0.00300406 0.00300406
0.48596 0.51404 0.00300406 0.00300406
0.48596 0.51404 0.00300406 0.00300406
0.48596 0.51404 0.00300406 0.00300406
0.48596 0.51404 0.00300406 0.00300406
0.48596 0.51404 0.00300406 0.00300406
0.48596 0.51404 0.00300406 0.00300406
0.48596 0.51404 0.00300406 0.00300406
0.48596 0.51404 0.00300406 0.00300406
0.48596 0.51404 0.00300406 0.00300406
0.48596 0.51404 0.00300406 0.00300406
0.48596 0.51404 0.00300406 0.00300406
0.48596 0.51404 0.00300406 0.00300406
0.48596 0.51404 0.00300406 0.00300406
0.48596 0.51404 0.00300406 0.00300406
0.48596 0.51404 0.00300406 0.00300406
0.48596 0.51404 0.00300406 0.00300406
0.48596 0.51404 0.00300406 0.00300406
0.48596 0.51404 0.00300406 0.00300406
0.48596 0.51404 0.00300406 0.00300406
0.48596 0.51404 0.00300406 0.00300406
0.48596 0.51404 0.00300406 0.00300406
0.48596 0.51404 0.00300406 0.00300406
0.48596 0.51404 0.00300406 0.00300406
0.48596 0.51404 0.00300406 0.00300406
0.48596 0.51404 0.00300406 0.00300406
0.48596 0.51404 0.00300406 0.00300406
0.48596 0.51404 0.00300406 0.00300406
0.48596 0.51404 0.00300406 0.00300406
0.48596 0.51404 0.00300406 0.00300406
0.48596 0.51404 0.00300406 0.00300406
0.48596 0.51404 0.00300406 0.00300406
0.48596 0.51404 0.00300406 0.00300406
0.48596 0.51404 0.00300406 0.00300406
0.48596 0.51404 0.00300406 0.00300406
0.48596 0.51404 0.00300406 0.00300406
0.48596 0.51404 0.00300406 0.00300406
0.48596 0.51404 0.00300406 0.00300406
0.48596 0.51404 0.00300406 0.00300406
0.48596 0.51404 0.00300406 0.00300406
0.48596 0.51404 0.00300406 0.00300406
0.48596 0.51404 0.00300406 0.00300406
0.48596 0.51404 0.00300406 0.00300406
0.48596 0.51404 0.00300406 0.00300406
0.48596 0.51404 0.00300406 0.00300406
0.48596 0.51404 0.00300406 0.00300406
