0.50036 0.49964 2.13236e-05 2.13236e-05
0.50065 0.49935 4.49167e-05 4.49167e-05
0.50106 0.49894 7.18145e-05 7.18145e-05
0.5014 0.4986 0.000101535 0.000101535
0.50181 0.49819 0.000153489 0.000153489
0.50255 0.49745 0.00019225 0.00019225
0.50283 0.49717 0.000199173 0.000199173
0.50265 0.49735 0.00024027 0.00024027
0.50332 0.49668 0.00027028 0.00027028
0.50354 0.49646 0.000299746 0.000299746
0.50345 0.49655 0.000350149 0.000350149
0.50321 0.49679 0.000369966 0.000369966
0.50366 0.49634 0.000426469 0.000426469
0.50336 0.49664 0.000456132 0.000456132
0.50297 0.49703 0.000501221 0.000501221
0.50402 0.49598 0.000525192 0.000525192
0.50414 0.49586 0.00054792 0.00054792
0.5035 0.4965 0.00055999 0.00055999
0.50383 0.49617 0.000601698 0.000601698
0.50414 0.49586 0.000574768 0.000574768
0.50476 0.49524 0.000651477 0.000651477
0.50529 0.49471 0.000658127 0.000658127
0.50477 0.49523 0.000699229 0.000699229
0.50468 0.49532 0.000693513 0.000693513
0.50522 0.49478 0.000711608 0.000711608
0.50514 0.49486 0.000714788 0.000714788
0.5046 0.4954 0.000776929 0.000776929
0.50496 0.49504 0.00081113 0.00081113
0.50492 0.49508 0.000814579 0.000814579
0.50507 0.49493 0.000787823 0.000787823
0.5044 0.4956 0.000791434 0.000791434
0.50396 0.49604 0.000765271 0.000765271
0.50391 0.49609 0.000795456 0.000795456
0.50379 0.49621 0.000786471 0.000786471
0.50365 0.49635 0.000786129 0.000786129
0.50398 0.49602 0.000784464 0.000784464
0.50355 0.49645 0.00077126 0.00077126
0.50319 0.49681 0.000744559 0.000744559
0.50339 0.49661 0.000767755 0.000767755
0.50366 0.49634 0.000759338 0.000759338
0.50425 0.49575 0.000805604 0.000805604
0.50472 0.49528 0.000812749 0.000812749
0.50475 0.49525 0.000804997 0.000804997
0.50467 0.49533 0.000841496 0.000841496
0.5047 0.4953 0.000850899 0.000850899
0.50457 0.49543 0.000843581 0.000843581
0.50464 0.49536 0.000844394 0.000844394
0.50513 0.49487 0.000824437 0.000824437
0.5045 0.4955 0.000822495 0.000822495
0.50453 0.49547 0.000816534 0.000816534
0.50432 0.49568 0.000832806 0.000832806
0.50373 0.49627 0.000893694 0.000893694
0.50351 0.49649 0.000921525 0.000921525
0.50393 0.49607 0.000957217 0.000957217
0.50416 0.49584 0.000983974 0.000983974
0.50496 0.49504 0.000960968 0.000960968
0.50487 0.49513 0.000949246 0.000949246
0.50497 0.49503 0.000945504 0.000945504
0.50466 0.49534 0.000921358 0.000921358
0.50486 0.49514 0.000883031 0.000883031
0.50493 0.49507 0.000877338 0.000877338
0.50468 0.49532 0.000889816 0.000889816
0.50546 0.49454 0.000892958 0.000892958
0.50509 0.49491 0.000900507 0.000900507
0.50478 0.49522 0.000916012 0.000916012
0.50458 0.49542 0.000890468 0.000890468
0.5046 0.4954 0.000894747 0.000894747
0.5043 0.4957 0.000954354 0.000954354
0.50387 0.49613 0.000935508 0.000935508
0.50358 0.49642 0.000910933 0.000910933
0.50317 0.49683 0.000934829 0.000934829
0.50298 0.49702 0.000908464 0.000908464
0.50308 0.49692 0.000953286 0.000953286
0.50386 0.49614 0.000934303 0.000934303
0.50384 0.49616 0.000901388 0.000901388
0.50378 0.49622 0.000883385 0.000883385
0.50368 0.49632 0.000935088 0.000935088
0.50376 0.49624 0.000919255 0.000919255
0.5039 0.4961 0.00091896 0.00091896
0.50338 0.49662 0.000928137 0.000928137
0.50356 0.49644 0.000968148 0.000968148
0.50361 0.49639 0.00101456 0.00101456
0.5037 0.4963 0.0010392 0.0010392
0.50394 0.49606 0.0010162 0.0010162
0.50411 0.49589 0.00102828 0.00102828
0.50379 0.49621 0.000988693 0.000988693
0.50372 0.49628 0.000983497 0.000983497
0.50403 0.49597 0.000956555 0.000956555
0.50343 0.49657 0.000964025 0.000964025
0.5033 0.4967 0.000966313 0.000966313
0.5034 0.4966 0.00102853 0.00102853
0.5037 0.4963 0.00104005 0.00104005
0.50408 0.49592 0.00104908 0.00104908
0.50375 0.49625 0.00102463 0.00102463
0.50389 0.49611 0.00100927 0.00100927
0.50386 0.49614 0.00101206 0.00101206
0.50398 0.49602 0.00101208 0.00101208
0.50383 0.49617 0.00100069 0.00100069
0.50363 0.49637 0.000989932 0.000989932
0.50368 0.49632 0.00100737 0.00100737
0.50405 0.49595 0.00100787 0.00100787
0.50449 0.49551 0.00104187 0.00104187
0.50414 0.49586 0.00106471 0.00106471
0.50412 0.49588 0.00111007 0.00111007
0.50427 0.49573 0.00114115 0.00114115
0.50387 0.49613 0.00119498 0.00119498
0.5039 0.4961 0.00120985 0.00120985
0.5038 0.4962 0.00122489 0.00122489
0.5039 0.4961 0.00119591 0.00119591
0.50441 0.49559 0.00121109 0.00121109
0.50426 0.49574 0.00121949 0.00121949
0.50413 0.49587 0.00122436 0.00122436
0.50485 0.49515 0.00121924 0.00121924
0.50503 0.49497 0.0011851 0.0011851
0.50435 0.49565 0.00120482 0.00120482
0.5045 0.4955 0.00118104 0.00118104
0.50437 0.49563 0.00118387 0.00118387
0.50435 0.49565 0.00120112 0.00120112
0.50453 0.49547 0.00116882 0.00116882
0.50439 0.49561 0.00115988 0.00115988
0.50454 0.49546 0.00115787 0.00115787
0.50454 0.49546 0.00119799 0.00119799
0.50408 0.49592 0.00120484 0.00120484
0.50372 0.49628 0.00117305 0.00117305
0.50347 0.49653 0.00118621 0.00118621
0.50375 0.49625 0.00116076 0.00116076
0.50379 0.49621 0.00118249 0.00118249
0.50321 0.49679 0.00118089 0.00118089
0.50269 0.49731 0.00120268 0.00120268
0.50272 0.49728 0.00118408 0.00118408
0.50241 0.49759 0.00117839 0.00117839
0.50302 0.49698 0.00113705 0.00113705
0.50311 0.49689 0.00116594 0.00116594
0.50344 0.49656 0.00114199 0.00114199
0.50306 0.49694 0.00116703 0.00116703
0.50302 0.49698 0.00119784 0.00119784
0.50339 0.49661 0.00123002 0.00123002
0.50227 0.49773 0.00122931 0.00122931
0.50182 0.49818 0.00125132 0.00125132
0.50079 0.49921 0.00119635 0.00119635
0.50024 0.49976 0.0011333 0.0011333
0.49938 0.50062 0.001158 0.001158
0.49959 0.50041 0.00116129 0.00116129
0.4998 0.5002 0.00116889 0.00116889
0.49965 0.50035 0.00118728 0.00118728
0.49995 0.50005 0.00121471 0.00121471
0.50021 0.49979 0.00129538 0.00129538
0.50086 0.49914 0.00129273 0.00129273
0.50029 0.49971 0.00129831 0.00129831
0.49966 0.50034 0.00130705 0.00130705
0.49994 0.50006 0.00131636 0.00131636
0.50008 0.49992 0.00130678 0.00130678
0.50091 0.49909 0.00130168 0.00130168
0.50097 0.49903 0.00128387 0.00128387
0.50133 0.49867 0.00134059 0.00134059
0.50077 0.49923 0.00138305 0.00138305
0.50011 0.49989 0.00138206 0.00138206
0.49958 0.50042 0.00142722 0.00142722
0.49994 0.50006 0.00136917 0.00136917
0.49996 0.50004 0.00142226 0.00142226
0.49988 0.50012 0.00139356 0.00139356
0.4998 0.5002 0.00137044 0.00137044
0.50033 0.49967 0.00134766 0.00134766
0.50034 0.49966 0.0013472 0.0013472
0.50007 0.49993 0.00139005 0.00139005
0.50027 0.49973 0.00142992 0.00142992
0.49957 0.50043 0.00146158 0.00146158
0.49923 0.50077 0.00146755 0.00146755
0.49971 0.50029 0.00141094 0.00141094
0.49982 0.50018 0.00139134 0.00139134
0.50025 0.49975 0.00141627 0.00141627
0.49985 0.50015 0.00140692 0.00140692
0.49978 0.50022 0.00140595 0.00140595
0.49974 0.50026 0.00136702 0.00136702
0.49964 0.50036 0.00136245 0.00136245
0.50037 0.49963 0.00137157 0.00137157
0.50144 0.49856 0.00141017 0.00141017
0.50156 0.49844 0.00145037 0.00145037
0.50224 0.49776 0.00146701 0.00146701
0.50237 0.49763 0.001407 0.001407
0.50309 0.49691 0.00142633 0.00142633
0.50283 0.49717 0.00142608 0.00142608
0.50221 0.49779 0.00140485 0.00140485
0.5017 0.4983 0.00141981 0.00141981
0.50185 0.49815 0.00143457 0.00143457
0.50158 0.49842 0.00140513 0.00140513
0.5014 0.4986 0.0014177 0.0014177
0.5016 0.4984 0.00141838 0.00141838
0.50095 0.49905 0.00143423 0.00143423
0.50044 0.49956 0.00145189 0.00145189
0.49971 0.50029 0.00145067 0.00145067
0.4994 0.5006 0.00148414 0.00148414
0.50021 0.49979 0.00148275 0.00148275
0.49981 0.50019 0.00148191 0.00148191
0.49996 0.50004 0.00151729 0.00151729
0.50046 0.49954 0.00152811 0.00152811
0.50008 0.49992 0.00150717 0.00150717
0.50052 0.49948 0.00149722 0.00149722
0.50028 0.49972 0.00146824 0.00146824
0.49988 0.50012 0.00152407 0.00152407
0.50014 0.49986 0.00156608 0.00156608
0.50021 0.49979 0.00153069 0.00153069
0.50049 0.49951 0.00148932 0.00148932
0.50047 0.49953 0.00148167 0.00148167
0.50069 0.49931 0.00145036 0.00145036
0.50117 0.49883 0.00144374 0.00144374
0.50115 0.49885 0.00137673 0.00137673
0.50085 0.49915 0.00142787 0.00142787
0.50053 0.49947 0.00137435 0.00137435
0.50096 0.49904 0.00137131 0.00137131
0.50116 0.49884 0.00134401 0.00134401
0.50091 0.49909 0.00137576 0.00137576
0.50048 0.49952 0.00139649 0.00139649
0.5008 0.4992 0.00140236 0.00140236
0.50139 0.49861 0.00148309 0.00148309
0.50163 0.49837 0.00145329 0.00145329
0.5019 0.4981 0.00146845 0.00146845
0.50164 0.49836 0.00148538 0.00148538
0.50189 0.49811 0.00155172 0.00155172
0.50194 0.49806 0.00156689 0.00156689
0.50251 0.49749 0.00158116 0.00158116
0.50313 0.49687 0.00159191 0.00159191
0.50219 0.49781 0.00164351 0.00164351
0.50284 0.49716 0.00164836 0.00164836
0.50253 0.49747 0.00165029 0.00165029
0.5022 0.4978 0.00168315 0.00168315
0.50219 0.49781 0.00173797 0.00173797
0.50262 0.49738 0.00175589 0.00175589
0.50287 0.49713 0.00175345 0.00175345
0.50334 0.49666 0.00174378 0.00174378
0.50266 0.49734 0.00169754 0.00169754
0.50255 0.49745 0.00165399 0.00165399
0.50273 0.49727 0.00173274 0.00173274
0.50286 0.49714 0.00173093 0.00173093
0.50304 0.49696 0.00174347 0.00174347
0.50301 0.49699 0.00165252 0.00165252
0.5033 0.4967 0.0016511 0.0016511
0.50295 0.49705 0.00171615 0.00171615
0.50299 0.49701 0.00170759 0.00170759
0.50293 0.49707 0.00171506 0.00171506
0.50265 0.49735 0.00179397 0.00179397
0.50207 0.49793 0.00179635 0.00179635
0.50235 0.49765 0.0018177 0.0018177
0.50275 0.49725 0.00183389 0.00183389
0.50263 0.49737 0.00187559 0.00187559
0.50273 0.49727 0.00185359 0.00185359
0.50374 0.49626 0.00187583 0.00187583
0.50413 0.49587 0.00184838 0.00184838
0.50351 0.49649 0.00182227 0.00182227
0.50351 0.49649 0.00173017 0.00173017
0.50366 0.49634 0.0017199 0.0017199
0.50428 0.49572 0.00174006 0.00174006
0.50445 0.49555 0.00177284 0.00177284
0.50431 0.49569 0.00176508 0.00176508
0.50417 0.49583 0.00178156 0.00178156
0.50393 0.49607 0.00181259 0.00181259
0.50406 0.49594 0.00180951 0.00180951
0.5051 0.4949 0.00177569 0.00177569
0.50392 0.49608 0.00181112 0.00181112
0.50417 0.49583 0.00186616 0.00186616
0.50448 0.49552 0.00182472 0.00182472
0.50439 0.49561 0.00183703 0.00183703
0.50468 0.49532 0.00183525 0.00183525
0.50548 0.49452 0.00186611 0.00186611
0.50577 0.49423 0.00182998 0.00182998
0.50538 0.49462 0.00185612 0.00185612
0.50489 0.49511 0.00188798 0.00188798
0.50452 0.49548 0.00185664 0.00185664
0.50423 0.49577 0.00181278 0.00181278
0.50469 0.49531 0.00179498 0.00179498
0.50497 0.49503 0.00182247 0.00182247
0.50431 0.49569 0.00173987 0.00173987
0.50425 0.49575 0.00176908 0.00176908
0.50413 0.49587 0.00176565 0.00176565
0.5047 0.4953 0.00182829 0.00182829
0.50356 0.49644 0.00187128 0.00187128
0.50394 0.49606 0.00185218 0.00185218
0.5043 0.4957 0.00187169 0.00187169
0.50434 0.49566 0.00188986 0.00188986
0.50356 0.49644 0.00187574 0.00187574
0.50369 0.49631 0.00187444 0.00187444
0.50401 0.49599 0.00187835 0.00187835
0.50379 0.49621 0.00192817 0.00192817
0.50448 0.49552 0.00192884 0.00192884
0.50509 0.49491 0.00187024 0.00187024
0.50526 0.49474 0.00185351 0.00185351
0.50497 0.49503 0.00190405 0.00190405
0.50541 0.49459 0.0019339 0.0019339
0.5056 0.4944 0.00195061 0.00195061
0.50493 0.49507 0.00193192 0.00193192
0.50528 0.49472 0.00197394 0.00197394
0.50528 0.49472 0.00194237 0.00194237
0.5053 0.4947 0.00188043 0.00188043
0.50493 0.49507 0.0018838 0.0018838
0.50476 0.49524 0.00192776 0.00192776
0.50492 0.49508 0.0019245 0.0019245
0.50474 0.49526 0.00191092 0.00191092
0.50512 0.49488 0.00196722 0.00196722
0.50493 0.49507 0.00200942 0.00200942
0.50481 0.49519 0.00197165 0.00197165
0.50464 0.49536 0.00196561 0.00196561
0.50462 0.49538 0.00200557 0.00200557
0.50438 0.49562 0.00202373 0.00202373
0.50461 0.49539 0.00202194 0.00202194
0.50453 0.49547 0.00200476 0.00200476
0.50412 0.49588 0.00197091 0.00197091
0.50423 0.49577 0.00193521 0.00193521
0.50447 0.49553 0.00191262 0.00191262
0.50502 0.49498 0.00194204 0.00194204
0.50519 0.49481 0.00191034 0.00191034
0.50514 0.49486 0.00192533 0.00192533
0.50505 0.49495 0.00191435 0.00191435
0.50512 0.49488 0.00193465 0.00193465
0.50498 0.49502 0.00193974 0.00193974
0.50506 0.49494 0.0019547 0.0019547
0.50492 0.49508 0.00200789 0.00200789
0.50536 0.49464 0.00202563 0.00202563
0.50515 0.49485 0.00203146 0.00203146
0.5048 0.4952 0.00198483 0.00198483
0.50432 0.49568 0.00204525 0.00204525
0.50441 0.49559 0.00198362 0.00198362
0.50435 0.49565 0.00200294 0.00200294
0.50458 0.49542 0.00207574 0.00207574
0.50452 0.49548 0.00207777 0.00207777
0.50448 0.49552 0.00203961 0.00203961
0.50401 0.49599 0.00204904 0.00204904
0.50377 0.49623 0.00209878 0.00209878
0.50429 0.49571 0.00207287 0.00207287
0.50409 0.49591 0.00210014 0.00210014
0.50411 0.49589 0.00208646 0.00208646
0.50469 0.49531 0.00203216 0.00203216
0.50499 0.49501 0.00205591 0.00205591
0.5054 0.4946 0.00208687 0.00208687
0.50517 0.49483 0.00207255 0.00207255
0.505 0.495 0.0020603 0.0020603
0.50485 0.49515 0.00210377 0.00210377
0.50464 0.49536 0.00209312 0.00209312
0.50419 0.49581 0.00214401 0.00214401
0.50484 0.49516 0.00216864 0.00216864
0.5055 0.4945 0.00218627 0.00218627
0.50526 0.49474 0.00219775 0.00219775
0.50541 0.49459 0.00217909 0.00217909
0.50512 0.49488 0.00220261 0.00220261
0.50474 0.49526 0.00220197 0.00220197
0.50376 0.49624 0.00219008 0.00219008
0.50364 0.49636 0.0021505 0.0021505
0.50319 0.49681 0.00216044 0.00216044
0.50349 0.49651 0.00213603 0.00213603
0.50402 0.49598 0.00213366 0.00213366
0.50377 0.49623 0.00218713 0.00218713
0.50421 0.49579 0.00224126 0.00224126
0.50324 0.49676 0.00223675 0.00223675
0.50293 0.49707 0.002227 0.002227
0.50296 0.49704 0.00220901 0.00220901
0.50269 0.49731 0.00217906 0.00217906
0.50231 0.49769 0.00215789 0.00215789
0.50324 0.49676 0.00210578 0.00210578
0.50273 0.49727 0.00208408 0.00208408
0.50277 0.49723 0.00210715 0.00210715
0.50218 0.49782 0.00214076 0.00214076
0.502 0.498 0.00215731 0.00215731
0.50268 0.49732 0.00215782 0.00215782
0.50292 0.49708 0.00211115 0.00211115
0.50351 0.49649 0.00210928 0.00210928
0.50368 0.49632 0.00222109 0.00222109
0.50274 0.49726 0.00223409 0.00223409
0.50251 0.49749 0.00216557 0.00216557
0.50272 0.49728 0.00219113 0.00219113
0.50312 0.49688 0.00217338 0.00217338
0.50329 0.49671 0.00219936 0.00219936
0.5037 0.4963 0.00215633 0.00215633
0.50372 0.49628 0.00217208 0.00217208
0.50352 0.49648 0.00215955 0.00215955
0.50343 0.49657 0.00215465 0.00215465
0.50364 0.49636 0.00216718 0.00216718
0.50367 0.49633 0.00216671 0.00216671
0.50304 0.49696 0.00228446 0.00228446
0.50333 0.49667 0.00226804 0.00226804
0.50252 0.49748 0.00230359 0.00230359
0.50257 0.49743 0.00221536 0.00221536
0.50313 0.49687 0.00218512 0.00218512
0.50257 0.49743 0.00217504 0.00217504
0.50223 0.49777 0.00221753 0.00221753
0.50229 0.49771 0.00220667 0.00220667
0.50223 0.49777 0.00220083 0.00220083
0.5022 0.4978 0.00220853 0.00220853
0.50225 0.49775 0.00215453 0.00215453
0.50285 0.49715 0.00218011 0.00218011
0.50267 0.49733 0.00212746 0.00212746
0.50267 0.49733 0.00211952 0.00211952
0.50329 0.49671 0.00212809 0.00212809
0.50332 0.49668 0.0021422 0.0021422
0.50318 0.49682 0.00221261 0.00221261
0.50305 0.49695 0.00225088 0.00225088
0.50275 0.49725 0.00234744 0.00234744
0.50329 0.49671 0.00233809 0.00233809
0.50328 0.49672 0.00235271 0.00235271
0.5033 0.4967 0.0023429 0.0023429
0.50361 0.49639 0.00233866 0.00233866
0.5036 0.4964 0.00232311 0.00232311
0.50294 0.49706 0.00233907 0.00233907
0.50252 0.49748 0.00234783 0.00234783
0.50239 0.49761 0.00235761 0.00235761
0.50255 0.49745 0.00240195 0.00240195
0.50208 0.49792 0.00244929 0.00244929
0.50188 0.49812 0.00248548 0.00248548
0.50232 0.49768 0.00251666 0.00251666
0.5028 0.4972 0.00242836 0.00242836
0.50271 0.49729 0.00243481 0.00243481
0.50274 0.49726 0.00239704 0.00239704
0.502 0.498 0.00243442 0.00243442
0.5019 0.4981 0.00248472 0.00248472
0.50209 0.49791 0.00253628 0.00253628
0.50216 0.49784 0.00255074 0.00255074
0.50239 0.49761 0.00250493 0.00250493
0.50269 0.49731 0.00245547 0.00245547
0.5031 0.4969 0.00245175 0.00245175
0.50357 0.49643 0.00246728 0.00246728
0.50333 0.49667 0.00250788 0.00250788
0.50347 0.49653 0.0025368 0.0025368
0.50353 0.49647 0.00254427 0.00254427
0.50275 0.49725 0.00252447 0.00252447
0.50273 0.49727 0.00247529 0.00247529
0.50239 0.49761 0.00251343 0.00251343
0.50249 0.49751 0.00249823 0.00249823
0.50288 0.49712 0.00244239 0.00244239
0.50246 0.49754 0.00240787 0.00240787
0.50248 0.49752 0.00238458 0.00238458
0.50288 0.49712 0.00231764 0.00231764
0.50264 0.49736 0.00223938 0.00223938
0.50273 0.49727 0.00222462 0.00222462
0.50245 0.49755 0.00226158 0.00226158
0.50212 0.49788 0.00224005 0.00224005
0.5019 0.4981 0.00226314 0.00226314
0.50163 0.49837 0.00229702 0.00229702
0.50138 0.49862 0.00232387 0.00232387
0.50196 0.49804 0.0024178 0.0024178
0.50218 0.49782 0.00243413 0.00243413
0.50229 0.49771 0.00241898 0.00241898
0.50206 0.49794 0.00241363 0.00241363
0.50287 0.49713 0.00236727 0.00236727
0.50296 0.49704 0.00237729 0.00237729
0.50349 0.49651 0.00238268 0.00238268
0.50386 0.49614 0.00237925 0.00237925
0.50433 0.49567 0.00235386 0.00235386
0.50459 0.49541 0.00241168 0.00241168
0.50488 0.49512 0.00241362 0.00241362
0.50526 0.49474 0.0023969 0.0023969
0.50529 0.49471 0.00243273 0.00243273
0.50558 0.49442 0.00245831 0.00245831
0.50616 0.49384 0.00246711 0.00246711
0.50661 0.49339 0.00245339 0.00245339
0.50676 0.49324 0.00247194 0.00247194
0.50713 0.49287 0.00251464 0.00251464
0.50586 0.49414 0.00252996 0.00252996
0.50641 0.49359 0.00246402 0.00246402
0.50613 0.49387 0.00236981 0.00236981
0.50644 0.49356 0.00243354 0.00243354
0.50637 0.49363 0.00244803 0.00244803
0.50664 0.49336 0.00247391 0.00247391
0.50639 0.49361 0.00248325 0.00248325
0.5075 0.4925 0.00242389 0.00242389
0.50797 0.49203 0.00247126 0.00247126
0.50831 0.49169 0.00247296 0.00247296
0.50922 0.49078 0.00248038 0.00248038
0.50895 0.49105 0.0024112 0.0024112
0.50925 0.49075 0.00241027 0.00241027
0.50896 0.49104 0.00236034 0.00236034
0.50919 0.49081 0.00237733 0.00237733
0.50921 0.49079 0.00238698 0.00238698
0.50928 0.49072 0.00237091 0.00237091
0.50893 0.49107 0.00236952 0.00236952
0.50841 0.49159 0.00233097 0.00233097
0.50853 0.49147 0.00236518 0.00236518
0.50807 0.49193 0.00236287 0.00236287
0.50826 0.49174 0.00237676 0.00237676
0.50816 0.49184 0.00235086 0.00235086
0.50796 0.49204 0.00236741 0.00236741
0.50785 0.49215 0.00237156 0.00237156
0.50722 0.49278 0.00244997 0.00244997
0.50691 0.49309 0.00248934 0.00248934
0.50678 0.49322 0.00248575 0.00248575
0.50701 0.49299 0.00252961 0.00252961
0.50688 0.49312 0.00249982 0.00249982
0.50754 0.49246 0.00250381 0.00250381
0.50737 0.49263 0.00255432 0.00255432
0.50704 0.49296 0.00246818 0.00246818
0.50659 0.49341 0.00252275 0.00252275
0.50685 0.49315 0.00253494 0.00253494
0.50745 0.49255 0.00254649 0.00254649
0.50704 0.49296 0.00256515 0.00256515
0.50728 0.49272 0.00258303 0.00258303
0.50736 0.49264 0.00264009 0.00264009
0.50807 0.49193 0.00266053 0.00266053
0.50808 0.49192 0.00257165 0.00257165
0.50791 0.49209 0.00260645 0.00260645
0.50782 0.49218 0.00268766 0.00268766
0.50748 0.49252 0.00266314 0.00266314
0.5077 0.4923 0.00267452 0.00267452
0.50807 0.49193 0.00267544 0.00267544
