0.49919 0.50081 6.54686e-05 6.54686e-05
0.49864 0.50136 0.000172677 0.000172677
0.49838 0.50162 0.000258076 0.000258076
0.49835 0.50165 0.00036229 0.00036229
0.49911 0.50089 0.000443392 0.000443392
0.49915 0.50085 0.000574735 0.000574735
0.49952 0.50048 0.000645161 0.000645161
0.49899 0.50101 0.000724151 0.000724151
0.49856 0.50144 0.000824512 0.000824512
0.49847 0.50153 0.000881161 0.000881161
0.49729 0.50271 0.000955764 0.000955764
0.49774 0.50226 0.000945871 0.000945871
0.4979 0.5021 0.00107409 0.00107409
0.49765 0.50235 0.00106728 0.00106728
0.49879 0.50121 0.00109801 0.00109801
0.50012 0.49988 0.0011719 0.0011719
0.4998 0.5002 0.00115127 0.00115127
0.49974 0.50026 0.00114745 0.00114745
0.49869 0.50131 0.00115967 0.00115967
0.49839 0.50161 0.00119836 0.00119836
0.49772 0.50228 0.00118364 0.00118364
0.49733 0.50267 0.00114681 0.00114681
0.49652 0.50348 0.0011507 0.0011507
0.49693 0.50307 0.0011133 0.0011133
0.498 0.502 0.00110966 0.00110966
0.4978 0.5022 0.00112156 0.00112156
0.49892 0.50108 0.00109957 0.00109957
0.49852 0.50148 0.00116243 0.00116243
0.49826 0.50174 0.00117941 0.00117941
0.49709 0.50291 0.00122839 0.00122839
0.49669 0.50331 0.00118377 0.00118377
0.49663 0.50337 0.00119484 0.00119484
0.49681 0.50319 0.00123149 0.00123149
0.49676 0.50324 0.00115954 0.00115954
0.49621 0.50379 0.00109914 0.00109914
0.49773 0.50227 0.00107333 0.00107333
0.49759 0.50241 0.00108144 0.00108144
0.49705 0.50295 0.0010748 0.0010748
0.49827 0.50173 0.00111371 0.00111371
0.49819 0.50181 0.00111947 0.00111947
0.4978 0.5022 0.00115055 0.00115055
0.49805 0.50195 0.00111415 0.00111415
0.49859 0.50141 0.00115719 0.00115719
0.4988 0.5012 0.00113927 0.00113927
0.49774 0.50226 0.00107872 0.00107872
0.49714 0.50286 0.00105073 0.00105073
0.49669 0.50331 0.00109595 0.00109595
0.49804 0.50196 0.00113018 0.00113018
0.49836 0.50164 0.00109478 0.00109478
0.49956 0.50044 0.00108209 0.00108209
0.49914 0.50086 0.00108386 0.00108386
0.49861 0.50139 0.00108121 0.00108121
0.49867 0.50133 0.00116451 0.00116451
0.49801 0.50199 0.00115866 0.00115866
0.49783 0.50217 0.00114566 0.00114566
0.49729 0.50271 0.00117281 0.00117281
0.49708 0.50292 0.00115353 0.00115353
0.49728 0.50272 0.00121075 0.00121075
0.49584 0.50416 0.0012127 0.0012127
0.49574 0.50426 0.00117036 0.00117036
0.49582 0.50418 0.00117364 0.00117364
0.49617 0.50383 0.0011396 0.0011396
0.49644 0.50356 0.00115603 0.00115603
0.4971 0.5029 0.00119371 0.00119371
0.49858 0.50142 0.00119992 0.00119992
0.49911 0.50089 0.00118444 0.00118444
0.49974 0.50026 0.00117939 0.00117939
0.49901 0.50099 0.00125759 0.00125759
0.49861 0.50139 0.00127662 0.00127662
0.49837 0.50163 0.00131422 0.00131422
0.49808 0.50192 0.00126807 0.00126807
0.49811 0.50189 0.00130165 0.00130165
0.49769 0.50231 0.00135422 0.00135422
0.49869 0.50131 0.00138003 0.00138003
0.50041 0.49959 0.00139087 0.00139087
0.4995 0.5005 0.00134009 0.00134009
0.50017 0.49983 0.00129519 0.00129519
0.50008 0.49992 0.00125127 0.00125127
0.50053 0.49947 0.00120825 0.00120825
0.49988 0.50012 0.00120633 0.00120633
0.50016 0.49984 0.00122963 0.00122963
0.49962 0.50038 0.00121343 0.00121343
0.49905 0.50095 0.00140027 0.00140027
0.49907 0.50093 0.00135627 0.00135627
0.49874 0.50126 0.00129141 0.00129141
0.49765 0.50235 0.00130296 0.00130296
0.49689 0.50311 0.00129323 0.00129323
0.49834 0.50166 0.00130635 0.00130635
0.49857 0.50143 0.00133811 0.00133811
0.49936 0.50064 0.00133755 0.00133755
0.49939 0.50061 0.00123759 0.00123759
0.50032 0.49968 0.00124432 0.00124432
0.50078 0.49922 0.00125347 0.00125347
0.49983 0.50017 0.00129016 0.00129016
0.49953 0.50047 0.00130692 0.00130692
0.49954 0.50046 0.00129837 0.00129837
0.4995 0.5005 0.00131702 0.00131702
0.49965 0.50035 0.00129673 0.00129673
0.49877 0.50123 0.00126822 0.00126822
0.49943 0.50057 0.0012717 0.0012717
0.50034 0.49966 0.0013134 0.0013134
0.50017 0.49983 0.00127624 0.00127624
0.50068 0.49932 0.00128555 0.00128555
0.50057 0.49943 0.00127249 0.00127249
0.49967 0.50033 0.00127045 0.00127045
0.49927 0.50073 0.00123321 0.00123321
0.49971 0.50029 0.00122089 0.00122089
0.49852 0.50148 0.00120882 0.00120882
0.49818 0.50182 0.00118354 0.00118354
0.49878 0.50122 0.00116425 0.00116425
0.49928 0.50072 0.00120956 0.00120956
0.49928 0.50072 0.0012295 0.0012295
0.49883 0.50117 0.0013294 0.0013294
0.49772 0.50228 0.00135994 0.00135994
0.49765 0.50235 0.00132403 0.00132403
0.49872 0.50128 0.00128774 0.00128774
0.49969 0.50031 0.00132696 0.00132696
0.50049 0.49951 0.00138241 0.00138241
0.50132 0.49868 0.00135038 0.00135038
0.5012 0.4988 0.00134669 0.00134669
0.50133 0.49867 0.00129113 0.00129113
0.50146 0.49854 0.00137635 0.00137635
0.5013 0.4987 0.00134112 0.00134112
0.50049 0.49951 0.00138722 0.00138722
0.50135 0.49865 0.00133623 0.00133623
0.50019 0.49981 0.0014111 0.0014111
0.4997 0.5003 0.00144058 0.00144058
0.50084 0.49916 0.00149723 0.00149723
0.50083 0.49917 0.00152907 0.00152907
0.50105 0.49895 0.00148179 0.00148179
0.50087 0.49913 0.00146658 0.00146658
0.50179 0.49821 0.00145348 0.00145348
0.50197 0.49803 0.00140676 0.00140676
0.50256 0.49744 0.00131584 0.00131584
0.50307 0.49693 0.00132239 0.00132239
0.50262 0.49738 0.00131727 0.00131727
0.50258 0.49742 0.001256 0.001256
0.50165 0.49835 0.00127195 0.00127195
0.50216 0.49784 0.00121961 0.00121961
0.50168 0.49832 0.00124875 0.00124875
0.5021 0.4979 0.00137716 0.00137716
0.5022 0.4978 0.00132592 0.00132592
0.50244 0.49756 0.00134813 0.00134813
0.50152 0.49848 0.00145399 0.00145399
0.50099 0.49901 0.00150765 0.00150765
0.50077 0.49923 0.0015742 0.0015742
0.50046 0.49954 0.00165989 0.00165989
0.49922 0.50078 0.0016246 0.0016246
0.49951 0.50049 0.00153221 0.00153221
0.49922 0.50078 0.00151999 0.00151999
0.50049 0.49951 0.00156532 0.00156532
0.5005 0.4995 0.00155104 0.00155104
0.50097 0.49903 0.00157403 0.00157403
0.50104 0.49896 0.00151101 0.00151101
0.50173 0.49827 0.00146392 0.00146392
0.50174 0.49826 0.00154765 0.00154765
0.50263 0.49737 0.00165672 0.00165672
0.5035 0.4965 0.00159231 0.00159231
0.50276 0.49724 0.00162915 0.00162915
0.5027 0.4973 0.00154407 0.00154407
0.50296 0.49704 0.00162176 0.00162176
0.50348 0.49652 0.0016187 0.0016187
0.50372 0.49628 0.00152697 0.00152697
0.50369 0.49631 0.00160351 0.00160351
0.5037 0.4963 0.00160645 0.00160645
0.50339 0.49661 0.00166638 0.00166638
0.50334 0.49666 0.00170029 0.00170029
0.50333 0.49667 0.00170212 0.00170212
0.50236 0.49764 0.00164207 0.00164207
0.50168 0.49832 0.00169355 0.00169355
0.50088 0.49912 0.00168564 0.00168564
0.50098 0.49902 0.00164382 0.00164382
0.50241 0.49759 0.00159736 0.00159736
0.50212 0.49788 0.00157841 0.00157841
0.5031 0.4969 0.00154498 0.00154498
0.5037 0.4963 0.00151062 0.00151062
0.50273 0.49727 0.00150274 0.00150274
0.50189 0.49811 0.0015565 0.0015565
0.50039 0.49961 0.00149941 0.00149941
0.50123 0.49877 0.00161567 0.00161567
0.50105 0.49895 0.00160118 0.00160118
0.50127 0.49873 0.00161438 0.00161438
0.50108 0.49892 0.00158266 0.00158266
0.50044 0.49956 0.00164625 0.00164625
0.50041 0.49959 0.00155348 0.00155348
0.50056 0.49944 0.00167138 0.00167138
0.50032 0.49968 0.00167446 0.00167446
0.49975 0.50025 0.00168114 0.00168114
0.50006 0.49994 0.00161666 0.00161666
0.50095 0.49905 0.00173356 0.00173356
0.50026 0.49974 0.00171042 0.00171042
0.50131 0.49869 0.00169818 0.00169818
0.50099 0.49901 0.00162468 0.00162468
0.50208 0.49792 0.00159131 0.00159131
0.50126 0.49874 0.00152933 0.00152933
0.50162 0.49838 0.00159173 0.00159173
0.50288 0.49712 0.00154691 0.00154691
0.50317 0.49683 0.00155453 0.00155453
0.50341 0.49659 0.00156915 0.00156915
0.50242 0.49758 0.00164778 0.00164778
0.50178 0.49822 0.00165575 0.00165575
0.50158 0.49842 0.00151847 0.00151847
0.50229 0.49771 0.00152342 0.00152342
0.50396 0.49604 0.00154315 0.00154315
0.50376 0.49624 0.00154168 0.00154168
0.50351 0.49649 0.00159142 0.00159142
0.50345 0.49655 0.00166445 0.00166445
0.5035 0.4965 0.00166447 0.00166447
0.5037 0.4963 0.00167645 0.00167645
0.5027 0.4973 0.00159003 0.00159003
0.50101 0.49899 0.00165635 0.00165635
0.50138 0.49862 0.00161695 0.00161695
0.50173 0.49827 0.00161749 0.00161749
0.50185 0.49815 0.00158138 0.00158138
0.5013 0.4987 0.00168748 0.00168748
0.50154 0.49846 0.00172676 0.00172676
0.50098 0.49902 0.00170356 0.00170356
0.50123 0.49877 0.00174555 0.00174555
0.50152 0.49848 0.00172458 0.00172458
0.5011 0.4989 0.00168231 0.00168231
0.50172 0.49828 0.00171804 0.00171804
0.50278 0.49722 0.00170476 0.00170476
0.50374 0.49626 0.00164312 0.00164312
0.50214 0.49786 0.00155396 0.00155396
0.50062 0.49938 0.00156307 0.00156307
0.50142 0.49858 0.00160281 0.00160281
0.50176 0.49824 0.00161111 0.00161111
0.50253 0.49747 0.00160425 0.00160425
0.50207 0.49793 0.00157617 0.00157617
0.50215 0.49785 0.00153366 0.00153366
0.50159 0.49841 0.00155269 0.00155269
0.50255 0.49745 0.00165738 0.00165738
0.50221 0.49779 0.00174574 0.00174574
0.50182 0.49818 0.00174065 0.00174065
0.50195 0.49805 0.00178362 0.00178362
0.50185 0.49815 0.00177488 0.00177488
0.50222 0.49778 0.00178741 0.00178741
0.5019 0.4981 0.00175367 0.00175367
0.50078 0.49922 0.00169122 0.00169122
0.50021 0.49979 0.00172401 0.00172401
0.49975 0.50025 0.00169492 0.00169492
0.50014 0.49986 0.00174582 0.00174582
0.49971 0.50029 0.001733 0.001733
0.49957 0.50043 0.00173932 0.00173932
0.49989 0.50011 0.00176113 0.00176113
0.50036 0.49964 0.00182041 0.00182041
0.50064 0.49936 0.0016832 0.0016832
0.50081 0.49919 0.00169816 0.00169816
0.50118 0.49882 0.00172492 0.00172492
0.50216 0.49784 0.00165698 0.00165698
0.50203 0.49797 0.00174251 0.00174251
0.5015 0.4985 0.00175603 0.00175603
0.50106 0.49894 0.00178351 0.00178351
0.50071 0.49929 0.00167821 0.00167821
0.50138 0.49862 0.00167327 0.00167327
0.50119 0.49881 0.00167779 0.00167779
0.50089 0.49911 0.0016166 0.0016166
0.4995 0.5005 0.0016188 0.0016188
0.49871 0.50129 0.00161207 0.00161207
0.49881 0.50119 0.00159355 0.00159355
0.49884 0.50116 0.00163072 0.00163072
0.49906 0.50094 0.00157826 0.00157826
0.49944 0.50056 0.00169035 0.00169035
0.50027 0.49973 0.00167796 0.00167796
0.49997 0.50003 0.00160051 0.00160051
0.49978 0.50022 0.00157728 0.00157728
0.50101 0.49899 0.00166183 0.00166183
0.50089 0.49911 0.00161139 0.00161139
0.50072 0.49928 0.0016679 0.0016679
0.5013 0.4987 0.00166643 0.00166643
0.50086 0.49914 0.00168681 0.00168681
0.50208 0.49792 0.00163775 0.00163775
0.50156 0.49844 0.00163958 0.00163958
0.50083 0.49917 0.00170859 0.00170859
0.50088 0.49912 0.00176922 0.00176922
0.50056 0.49944 0.00177265 0.00177265
0.50168 0.49832 0.00171204 0.00171204
0.50131 0.49869 0.00167209 0.00167209
0.50113 0.49887 0.00172282 0.00172282
0.50055 0.49945 0.00174833 0.00174833
0.50074 0.49926 0.00167567 0.00167567
0.50016 0.49984 0.00165743 0.00165743
0.50064 0.49936 0.00161118 0.00161118
0.50042 0.49958 0.00165713 0.00165713
0.50187 0.49813 0.00174935 0.00174935
0.50192 0.49808 0.00174167 0.00174167
0.50295 0.49705 0.00177886 0.00177886
0.50173 0.49827 0.00175551 0.00175551
0.50149 0.49851 0.00171868 0.00171868
0.5004 0.4996 0.00179315 0.00179315
0.50025 0.49975 0.00184172 0.00184172
0.50004 0.49996 0.00187549 0.00187549
0.49968 0.50032 0.00177165 0.00177165
0.49969 0.50031 0.00171123 0.00171123
0.50053 0.49947 0.00175017 0.00175017
0.4998 0.5002 0.00171543 0.00171543
0.49981 0.50019 0.00169169 0.00169169
0.4993 0.5007 0.00165676 0.00165676
0.49995 0.50005 0.00170673 0.00170673
0.50008 0.49992 0.00173779 0.00173779
0.50075 0.49925 0.00163968 0.00163968
0.50113 0.49887 0.00169339 0.00169339
0.50175 0.49825 0.00160409 0.00160409
0.50171 0.49829 0.00162657 0.00162657
0.50233 0.49767 0.00162182 0.00162182
0.50241 0.49759 0.00170123 0.00170123
0.50279 0.49721 0.00175498 0.00175498
0.50268 0.49732 0.00169026 0.00169026
0.5026 0.4974 0.00167877 0.00167877
0.50283 0.49717 0.00173786 0.00173786
0.50328 0.49672 0.0017455 0.0017455
0.50314 0.49686 0.00181861 0.00181861
0.50398 0.49602 0.00175889 0.00175889
0.50452 0.49548 0.0018435 0.0018435
0.50337 0.49663 0.0019511 0.0019511
0.50282 0.49718 0.00196007 0.00196007
0.50357 0.49643 0.00204081 0.00204081
0.50466 0.49534 0.00201384 0.00201384
0.50342 0.49658 0.00190994 0.00190994
0.50318 0.49682 0.00188154 0.00188154
0.50348 0.49652 0.00186906 0.00186906
0.5036 0.4964 0.00187788 0.00187788
0.50346 0.49654 0.0018856 0.0018856
0.50291 0.49709 0.00185384 0.00185384
0.50181 0.49819 0.001901 0.001901
0.50194 0.49806 0.00185291 0.00185291
0.50222 0.49778 0.00192284 0.00192284
0.50241 0.49759 0.00191158 0.00191158
0.5017 0.4983 0.00178856 0.00178856
0.5007 0.4993 0.0018613 0.0018613
0.50093 0.49907 0.00192138 0.00192138
0.50059 0.49941 0.00181768 0.00181768
0.5004 0.4996 0.00177505 0.00177505
0.49993 0.50007 0.00177277 0.00177277
0.50207 0.49793 0.00182336 0.00182336
0.50254 0.49746 0.00180223 0.00180223
0.50277 0.49723 0.00184806 0.00184806
0.50201 0.49799 0.00187454 0.00187454
0.50269 0.49731 0.00188383 0.00188383
0.50165 0.49835 0.00180067 0.00180067
0.50187 0.49813 0.0018163 0.0018163
0.50123 0.49877 0.00177466 0.00177466
0.50168 0.49832 0.0017538 0.0017538
0.50206 0.49794 0.00177759 0.00177759
0.50232 0.49768 0.00180561 0.00180561
0.50209 0.49791 0.00180358 0.00180358
0.50198 0.49802 0.00172331 0.00172331
0.50143 0.49857 0.00165512 0.00165512
0.50171 0.49829 0.00166999 0.00166999
0.50113 0.49887 0.00171365 0.00171365
0.50162 0.49838 0.00168715 0.00168715
0.50267 0.49733 0.00173764 0.00173764
0.50285 0.49715 0.00174857 0.00174857
0.50159 0.49841 0.00181921 0.00181921
0.50159 0.49841 0.00177808 0.00177808
0.50052 0.49948 0.00177967 0.00177967
0.50047 0.49953 0.00173952 0.00173952
0.49964 0.50036 0.00178245 0.00178245
0.49961 0.50039 0.00183588 0.00183588
0.49933 0.50067 0.00190085 0.00190085
0.49929 0.50071 0.00188025 0.00188025
0.49941 0.50059 0.00196041 0.00196041
0.49999 0.50001 0.00201411 0.00201411
0.50112 0.49888 0.00213437 0.00213437
0.50087 0.49913 0.00209436 0.00209436
0.50058 0.49942 0.0020933 0.0020933
0.49963 0.50037 0.00207048 0.00207048
0.49931 0.50069 0.00205179 0.00205179
0.49962 0.50038 0.00198804 0.00198804
0.49923 0.50077 0.00201414 0.00201414
0.49894 0.50106 0.00206484 0.00206484
0.49971 0.50029 0.00202797 0.00202797
0.50016 0.49984 0.00201872 0.00201872
0.49954 0.50046 0.00204205 0.00204205
0.49859 0.50141 0.00211364 0.00211364
0.49852 0.50148 0.00211587 0.00211587
0.49916 0.50084 0.00210488 0.00210488
0.49981 0.50019 0.00209822 0.00209822
0.5006 0.4994 0.00219164 0.00219164
0.49989 0.50011 0.00216521 0.00216521
0.5006 0.4994 0.00217705 0.00217705
0.5009 0.4991 0.00227573 0.00227573
0.50037 0.49963 0.00230615 0.00230615
0.50124 0.49876 0.00217887 0.00217887
0.50109 0.49891 0.0022883 0.0022883
0.50014 0.49986 0.00215283 0.00215283
0.49971 0.50029 0.002115 0.002115
0.50007 0.49993 0.0021315 0.0021315
0.50064 0.49936 0.00217918 0.00217918
0.501 0.499 0.00215244 0.00215244
0.50105 0.49895 0.00205564 0.00205564
0.50161 0.49839 0.00214062 0.00214062
0.50158 0.49842 0.00216679 0.00216679
0.50124 0.49876 0.00219723 0.00219723
0.50116 0.49884 0.00220989 0.00220989
0.50119 0.49881 0.00226442 0.00226442
0.50066 0.49934 0.00221437 0.00221437
0.50063 0.49937 0.00222262 0.00222262
0.50063 0.49937 0.00225242 0.00225242
0.50176 0.49824 0.00221069 0.00221069
0.50193 0.49807 0.00222162 0.00222162
0.50208 0.49792 0.00223137 0.00223137
0.50174 0.49826 0.00231896 0.00231896
0.50119 0.49881 0.00236482 0.00236482
0.5013 0.4987 0.0022991 0.0022991
0.50117 0.49883 0.00225602 0.00225602
0.50108 0.49892 0.00233319 0.00233319
0.50031 0.49969 0.00232141 0.00232141
0.49982 0.50018 0.00222168 0.00222168
0.50051 0.49949 0.00218961 0.00218961
0.50112 0.49888 0.00227168 0.00227168
0.50141 0.49859 0.00225645 0.00225645
0.50099 0.49901 0.00235827 0.00235827
0.50136 0.49864 0.00233938 0.00233938
0.50163 0.49837 0.0024143 0.0024143
0.50153 0.49847 0.0024451 0.0024451
0.50181 0.49819 0.00242494 0.00242494
0.50084 0.49916 0.00239808 0.00239808
0.50037 0.49963 0.00231133 0.00231133
0.50111 0.49889 0.00235331 0.00235331
0.50219 0.49781 0.00238007 0.00238007
0.50195 0.49805 0.00232884 0.00232884
0.50257 0.49743 0.00234576 0.00234576
0.50295 0.49705 0.00229342 0.00229342
0.50287 0.49713 0.00228983 0.00228983
0.50171 0.49829 0.00236669 0.00236669
0.50073 0.49927 0.00243171 0.00243171
0.50083 0.49917 0.002516 0.002516
0.50185 0.49815 0.00260722 0.00260722
0.50182 0.49818 0.00259783 0.00259783
0.50095 0.49905 0.002653 0.002653
0.50101 0.49899 0.00257009 0.00257009
0.50189 0.49811 0.00247733 0.00247733
0.50133 0.49867 0.00239299 0.00239299
0.50108 0.49892 0.00244298 0.00244298
0.49946 0.50054 0.00247249 0.00247249
0.49886 0.50114 0.00247079 0.00247079
0.49927 0.50073 0.00251818 0.00251818
0.4999 0.5001 0.00266478 0.00266478
0.50023 0.49977 0.00256681 0.00256681
0.50122 0.49878 0.00263114 0.00263114
0.50134 0.49866 0.00262057 0.00262057
0.50119 0.49881 0.00266244 0.00266244
0.50172 0.49828 0.0026478 0.0026478
0.50208 0.49792 0.00260018 0.00260018
0.50247 0.49753 0.00253011 0.00253011
0.50398 0.49602 0.00248503 0.00248503
0.50438 0.49562 0.00255545 0.00255545
0.50261 0.49739 0.00249196 0.00249196
0.50207 0.49793 0.00245079 0.00245079
0.50131 0.49869 0.00247733 0.00247733
0.50175 0.49825 0.00237847 0.00237847
0.50098 0.49902 0.00239933 0.00239933
0.50047 0.49953 0.002443 0.002443
0.50077 0.49923 0.00234662 0.00234662
0.50145 0.49855 0.00241867 0.00241867
0.50071 0.49929 0.00238603 0.00238603
0.5012 0.4988 0.00243444 0.00243444
0.50033 0.49967 0.00252344 0.00252344
0.49984 0.50016 0.0025805 0.0025805
0.49927 0.50073 0.00246012 0.00246012
0.49931 0.50069 0.00248018 0.00248018
0.49819 0.50181 0.00243801 0.00243801
0.49865 0.50135 0.00241821 0.00241821
0.49778 0.50222 0.00239706 0.00239706
0.49831 0.50169 0.0023622 0.0023622
0.499 0.501 0.00238172 0.00238172
0.49923 0.50077 0.00252652 0.00252652
0.49961 0.50039 0.00265515 0.00265515
0.5002 0.4998 0.00262426 0.00262426
0.49998 0.50002 0.00260753 0.00260753
0.49948 0.50052 0.00259615 0.00259615
0.49889 0.50111 0.00259574 0.00259574
0.49863 0.50137 0.00257203 0.00257203
0.49997 0.50003 0.00259213 0.00259213
0.49973 0.50027 0.00257705 0.00257705
0.49941 0.50059 0.00273437 0.00273437
0.49916 0.50084 0.00263177 0.00263177
0.49946 0.50054 0.00270278 0.00270278
0.49919 0.50081 0.00267317 0.00267317
0.49933 0.50067 0.00258564 0.00258564
0.49909 0.50091 0.0027117 0.0027117
0.49888 0.50112 0.00278922 0.00278922
0.49961 0.50039 0.00273533 0.00273533
0.5005 0.4995 0.00271336 0.00271336
0.50036 0.49964 0.00270043 0.00270043
0.50134 0.49866 0.0027216 0.0027216
0.50043 0.49957 0.00272304 0.00272304
0.49991 0.50009 0.0027378 0.0027378
0.50047 0.49953 0.00271605 0.00271605
0.50064 0.49936 0.00266769 0.00266769
0.50032 0.49968 0.00271058 0.00271058
0.50019 0.49981 0.00265939 0.00265939
0.50018 0.49982 0.00256096 0.00256096
0.49969 0.50031 0.00255816 0.00255816
0.49841 0.50159 0.00255024 0.00255024
0.49823 0.50177 0.00255113 0.00255113
0.49881 0.50119 0.00254393 0.00254393
0.49875 0.50125 0.00252241 0.00252241
0.49866 0.50134 0.00257946 0.00257946
