0.50075 0.49925 3.11187e-05 3.11187e-05
0.49997 0.50003 7.85748e-05 7.85748e-05
0.49994 0.50006 0.000105633 0.000105633
0.49886 0.50114 0.000144202 0.000144202
0.49841 0.50159 0.000167881 0.000167881
0.49829 0.50171 0.000208572 0.000208572
0.49817 0.50183 0.000249193 0.000249193
0.49867 0.50133 0.000302708 0.000302708
0.4986 0.5014 0.000335737 0.000335737
0.49833 0.50167 0.000372991 0.000372991
0.49799 0.50201 0.000395404 0.000395404
0.49773 0.50227 0.000407411 0.000407411
0.49782 0.50218 0.000437402 0.000437402
0.49789 0.50211 0.000451432 0.000451432
0.49791 0.50209 0.000463052 0.000463052
0.49809 0.50191 0.000472568 0.000472568
0.49813 0.50187 0.000475872 0.000475872
0.49819 0.50181 0.000492458 0.000492458
0.49814 0.50186 0.000505011 0.000505011
0.49818 0.50182 0.000519482 0.000519482
0.49829 0.50171 0.000520733 0.000520733
0.49829 0.50171 0.000527541 0.000527541
0.49825 0.50175 0.000538896 0.000538896
0.49829 0.50171 0.000547016 0.000547016
0.49839 0.50161 0.000551311 0.000551311
0.49837 0.50163 0.000553589 0.000553589
0.49839 0.50161 0.000548463 0.000548463
0.49847 0.50153 0.000553423 0.000553423
0.49844 0.50156 0.000555239 0.000555239
0.49856 0.50144 0.00055435 0.00055435
0.49859 0.50141 0.000556547 0.000556547
0.49861 0.50139 0.000557735 0.000557735
0.49864 0.50136 0.000559546 0.000559546
0.49868 0.50132 0.000560725 0.000560725
0.4987 0.5013 0.000563606 0.000563606
0.4987 0.5013 0.000563343 0.000563343
0.49867 0.50133 0.000562688 0.000562688
0.49867 0.50133 0.000561779 0.000561779
0.49873 0.50127 0.000559755 0.000559755
0.49873 0.50127 0.000561876 0.000561876
0.49873 0.50127 0.000565391 0.000565391
0.4987 0.5013 0.000565626 0.000565626
0.49871 0.50129 0.000566955 0.000566955
0.49869 0.50131 0.000567711 0.000567711
0.49869 0.50131 0.000566155 0.000566155
0.49867 0.50133 0.000565819 0.000565819
0.49869 0.50131 0.000566236 0.000566236
0.4987 0.5013 0.000566414 0.000566414
0.4987 0.5013 0.000566414 0.000566414
0.49868 0.50132 0.00056525 0.00056525
0.49868 0.50132 0.000564583 0.000564583
0.49867 0.50133 0.000565011 0.000565011
0.49867 0.50133 0.000565011 0.000565011
0.49865 0.50135 0.000565987 0.000565987
0.49864 0.50136 0.000565849 0.000565849
0.49865 0.50135 0.000566109 0.000566109
0.49864 0.50136 0.00056694 0.00056694
0.49864 0.50136 0.00056694 0.00056694
0.49864 0.50136 0.00056694 0.00056694
0.49864 0.50136 0.00056694 0.00056694
0.49863 0.50137 0.000567367 0.000567367
0.49864 0.50136 0.000566697 0.000566697
0.49864 0.50136 0.000566697 0.000566697
0.49865 0.50135 0.000566371 0.000566371
0.49867 0.50133 0.000567839 0.000567839
0.49867 0.50133 0.000567839 0.000567839
0.49868 0.50132 0.000567573 0.000567573
0.49868 0.50132 0.000567573 0.000567573
0.49868 0.50132 0.000567573 0.000567573
0.49868 0.50132 0.000567573 0.000567573
0.49868 0.50132 0.000567573 0.000567573
0.49868 0.50132 0.000567573 0.000567573
0.49868 0.50132 0.000567573 0.000567573
0.49868 0.50132 0.000567573 0.000567573
0.49868 0.50132 0.000567573 0.000567573
0.49868 0.50132 0.000567573 0.000567573
0.49868 0.50132 0.000567573 0.000567573
0.49868 0.50132 0.000567573 0.000567573
0.49867 0.50133 0.000566547 0.000566547
0.49867 0.50133 0.000566547 0.000566547
0.49867 0.50133 0.000566547 0.000566547
0.49867 0.50133 0.000566547 0.000566547
0.49867 0.50133 0.000566547 0.000566547
0.49867 0.50133 0.000566547 0.000566547
0.49867 0.50133 0.000566547 0.000566547
0.49867 0.50133 0.000566547 0.000566547
0.49867 0.50133 0.000566547 0.000566547
0.49867 0.50133 0.000566547 0.000566547
0.49867 0.50133 0.000566547 0.000566547
0.49867 0.50133 0.000566547 0.000566547
0.49867 0.50133 0.000566547 0.000566547
0.49867 0.50133 0.000566547 0.000566547
0.49867 0.50133 0.000566547 0.000566547
0.49867 0.50133 0.000566547 0.000566547
0.49867 0.50133 0.000566547 0.000566547
0.49867 0.50133 0.000566547 0.000566547
0.49867 0.50133 0.000566547 0.000566547
0.49867 0.50133 0.000566547 0.000566547
0.49867 0.50133 0.000566547 0.000566547
0.49867 0.50133 0.000566547 0.000566547
0.49867 0.50133 0.000566547 0.000566547
0.49867 0.50133 0.000566547 0.000566547
0.49867 0.50133 0.000566547 0.000566547
0.49867 0.50133 0.000566547 0.000566547
0.49867 0.50133 0.000566547 0.000566547
0.49867 0.50133 0.000566547 0.000566547
0.49867 0.50133 0.000566547 0.000566547
0.49867 0.50133 0.000566547 0.000566547
0.49867 0.50133 0.000566547 0.000566547
0.49867 0.50133 0.000566547 0.000566547
0.49867 0.50133 0.000566547 0.000566547
0.49867 0.50133 0.000566547 0.000566547
0.49867 0.50133 0.000566547 0.000566547
0.49867 0.50133 0.000566547 0.000566547
0.49867 0.50133 0.000566547 0.000566547
0.49867 0.50133 0.000566547 0.000566547
0.49867 0.50133 0.000566547 0.000566547
0.49867 0.50133 0.000566547 0.000566547
0.49867 0.50133 0.000566547 0.000566547
0.49867 0.50133 0.000566547 0.000566547
0.49867 0.50133 0.000566547 0.000566547
0.49867 0.50133 0.000566547 0.000566547
0.49867 0.50133 0.000566547 0.000566547
0.49867 0.50133 0.000566547 0.000566547
0.49867 0.50133 0.000566547 0.000566547
0.49867 0.50133 0.000566547 0.000566547
0.49867 0.50133 0.000566547 0.000566547
0.49867 0.50133 0.000566547 0.000566547
0.49867 0.50133 0.000566547 0.000566547
0.49867 0.50133 0.000566547 0.000566547
0.49867 0.50133 0.000566547 0.000566547
0.49867 0.50133 0.000566547 0.000566547
0.49867 0.50133 0.000566547 0.000566547
0.49867 0.50133 0.000566547 0.000566547
0.49867 0.50133 0.000566547 0.000566547
0.49867 0.50133 0.000566547 0.000566547
0.49867 0.50133 0.000566547 0.000566547
0.49867 0.50133 0.000566547 0.000566547
0.49867 0.50133 0.000566547 0.000566547
0.49867 0.50133 0.000566547 0.000566547
0.49867 0.50133 0.000566547 0.000566547
0.49867 0.50133 0.000566547 0.000566547
0.49867 0.50133 0.000566547 0.000566547
0.49867 0.50133 0.000566547 0.000566547
0.49867 0.50133 0.000566547 0.000566547
0.49867 0.50133 0.000566547 0.000566547
0.49867 0.50133 0.000566547 0.000566547
0.49867 0.50133 0.000566547 0.000566547
0.49867 0.50133 0.000566547 0.000566547
0.49867 0.50133 0.000566547 0.000566547
0.49867 0.50133 0.000566547 0.000566547
0.49867 0.50133 0.000566547 0.000566547
0.49867 0.50133 0.000566547 0.000566547
0.49867 0.50133 0.000566547 0.000566547
0.49867 0.50133 0.000566547 0.000566547
0.49867 0.50133 0.000566547 0.000566547
0.49867 0.50133 0.000566547 0.000566547
0.49867 0.50133 0.000566547 0.000566547
0.49867 0.50133 0.000566547 0.000566547
0.49867 0.50133 0.000566547 0.000566547
0.49867 0.50133 0.000566547 0.000566547
0.49867 0.50133 0.000566547 0.000566547
0.49867 0.50133 0.000566547 0.000566547
0.49867 0.50133 0.000566547 0.000566547
0.49867 0.50133 0.000566547 0.000566547
0.49867 0.50133 0.000566547 0.000566547
0.49867 0.50133 0.000566547 0.000566547
0.49867 0.50133 0.000566547 0.000566547
0.49867 0.50133 0.000566547 0.000566547
0.49867 0.50133 0.000566547 0.000566547
0.49867 0.50133 0.000566547 0.000566547
0.49867 0.50133 0.000566547 0.000566547
0.49867 0.50133 0.000566547 0.000566547
0.49867 0.50133 0.000566547 0.000566547
0.49867 0.50133 0.000566547 0.000566547
0.49867 0.50133 0.000566547 0.000566547
0.49867 0.50133 0.000566547 0.000566547
0.49867 0.50133 0.000566547 0.000566547
0.49867 0.50133 0.000566547 0.000566547
0.49867 0.50133 0.000566547 0.000566547
0.49867 0.50133 0.000566547 0.000566547
0.49867 0.50133 0.000566547 0.000566547
0.49867 0.50133 0.000566547 0.000566547
0.49867 0.50133 0.000566547 0.000566547
0.49867 0.50133 0.000566547 0.000566547
0.49867 0.50133 0.000566547 0.000566547
0.49867 0.50133 0.000566547 0.000566547
0.49867 0.50133 0.000566547 0.000566547
0.49867 0.50133 0.000566547 0.000566547
0.49867 0.50133 0.000566547 0.000566547
0.49867 0.50133 0.000566547 0.000566547
0.49867 0.50133 0.000566547 0.000566547
0.49867 0.50133 0.000566547 0.000566547
0.49867 0.50133 0.000566547 0.000566547
0.49867 0.50133 0.000566547 0.000566547
0.49867 0.50133 0.000566547 0.000566547
0.49867 0.50133 0.000566547 0.000566547
0.49867 0.50133 0.000566547 0.000566547
0.49867 0.50133 0.000566547 0.000566547
0.49867 0.50133 0.000566547 0.000566547
0.49867 0.50133 0.000566547 0.000566547
0.49867 0.50133 0.000566547 0.000566547
0.49867 0.50133 0.000566547 0.000566547
0.49867 0.50133 0.000566547 0.000566547
0.49867 0.50133 0.000566547 0.000566547
0.49867 0.50133 0.000566547 0.000566547
0.49867 0.50133 0.000566547 0.000566547
0.49867 0.50133 0.000566547 0.000566547
0.49867 0.50133 0.000566547 0.000566547
0.49867 0.50133 0.000566547 0.000566547
0.49867 0.50133 0.000566547 0.000566547
0.49867 0.50133 0.000566547 0.000566547
0.49867 0.50133 0.000566547 0.000566547
0.49867 0.50133 0.000566547 0.000566547
0.49867 0.50133 0.000566547 0.000566547
0.49867 0.50133 0.000566547 0.000566547
0.49867 0.50133 0.000566547 0.000566547
0.49867 0.50133 0.000566547 0.000566547
0.49867 0.50133 0.000566547 0.000566547
0.49867 0.50133 0.000566547 0.000566547
0.49867 0.50133 0.000566547 0.000566547
0.49867 0.50133 0.000566547 0.000566547
0.49867 0.50133 0.000566547 0.000566547
0.49867 0.50133 0.000566547 0.000566547
0.49867 0.50133 0.000566547 0.000566547
0.49867 0.50133 0.000566547 0.000566547
0.49867 0.50133 0.000566547 0.000566547
0.49867 0.50133 0.000566547 0.000566547
0.49867 0.50133 0.000566547 0.000566547
0.49867 0.50133 0.000566547 0.000566547
0.49867 0.50133 0.000566547 0.000566547
0.49867 0.50133 0.000566547 0.000566547
0.49867 0.50133 0.000566547 0.000566547
0.49867 0.50133 0.000566547 0.000566547
0.49867 0.50133 0.000566547 0.000566547
0.49867 0.50133 0.000566547 0.000566547
0.49867 0.50133 0.000566547 0.000566547
0.49867 0.50133 0.000566547 0.000566547
0.49867 0.50133 0.000566547 0.000566547
0.49867 0.50133 0.000566547 0.000566547
0.49867 0.50133 0.000566547 0.000566547
0.49867 0.50133 0.000566547 0.000566547
0.49867 0.50133 0.000566547 0.000566547
0.49867 0.50133 0.000566547 0.000566547
0.49867 0.50133 0.000566547 0.000566547
0.49867 0.50133 0.000566547 0.000566547
0.49867 0.50133 0.000566547 0.000566547
0.49867 0.50133 0.000566547 0.000566547
0.49867 0.50133 0.000566547 0.000566547
0.49867 0.50133 0.000566547 0.000566547
0.49867 0.50133 0.000566547 0.000566547
0.49867 0.50133 0.000566547 0.000566547
0.49867 0.50133 0.000566547 0.000566547
0.49867 0.50133 0.000566547 0.000566547
0.49867 0.50133 0.000566547 0.000566547
0.49867 0.50133 0.000566547 0.000566547
0.49867 0.50133 0.000566547 0.000566547
0.49867 0.50133 0.000566547 0.000566547
0.49867 0.50133 0.000566547 0.000566547
0.49867 0.50133 0.000566547 0.000566547
0.49867 0.50133 0.000566547 0.000566547
0.49867 0.50133 0.000566547 0.000566547
0.49867 0.50133 0.000566547 0.000566547
0.49867 0.50133 0.000566547 0.000566547
0.49867 0.50133 0.000566547 0.000566547
0.49867 0.50133 0.000566547 0.000566547
0.49867 0.50133 0.000566547 0.000566547
0.49867 0.50133 0.000566547 0.000566547
0.49867 0.50133 0.000566547 0.000566547
0.49867 0.50133 0.000566547 0.000566547
0.49867 0.50133 0.000566547 0.000566547
0.49867 0.50133 0.000566547 0.000566547
0.49867 0.50133 0.000566547 0.000566547
0.49867 0.50133 0.000566547 0.000566547
0.49867 0.50133 0.000566547 0.000566547
0.49867 0.50133 0.000566547 0.000566547
0.49867 0.50133 0.000566547 0.000566547
0.49867 0.50133 0.000566547 0.000566547
0.49867 0.50133 0.000566547 0.000566547
0.49867 0.50133 0.000566547 0.000566547
0.49867 0.50133 0.000566547 0.000566547
0.49867 0.50133 0.000566547 0.000566547
0.49867 0.50133 0.000566547 0.000566547
0.49867 0.50133 0.000566547 0.000566547
0.49867 0.50133 0.000566547 0.000566547
0.49867 0.50133 0.000566547 0.000566547
0.49867 0.50133 0.000566547 0.000566547
0.49867 0.50133 0.000566547 0.000566547
0.49867 0.50133 0.000566547 0.000566547
0.49867 0.50133 0.000566547 0.000566547
0.49867 0.50133 0.000566547 0.000566547
0.49867 0.50133 0.000566547 0.000566547
0.49867 0.50133 0.000566547 0.000566547
0.49867 0.50133 0.000566547 0.000566547
0.49867 0.50133 0.000566547 0.000566547
0.49867 0.50133 0.000566547 0.000566547
0.49867 0.50133 0.000566547 0.000566547
0.49867 0.50133 0.000566547 0.000566547
0.49867 0.50133 0.000566547 0.000566547
0.49867 0.50133 0.000566547 0.000566547
0.49867 0.50133 0.000566547 0.000566547
0.49867 0.50133 0.000566547 0.000566547
0.49867 0.50133 0.000566547 0.000566547
0.49867 0.50133 0.000566547 0.000566547
0.49867 0.50133 0.000566547 0.000566547
0.49867 0.50133 0.000566547 0.000566547
0.49867 0.50133 0.000566547 0.000566547
0.49867 0.50133 0.000566547 0.000566547
0.49867 0.50133 0.000566547 0.000566547
0.49867 0.50133 0.000566547 0.000566547
0.49867 0.50133 0.000566547 0.000566547
0.49867 0.50133 0.000566547 0.000566547
0.49867 0.50133 0.000566547 0.000566547
0.49867 0.50133 0.000566547 0.000566547
0.49867 0.50133 0.000566547 0.000566547
0.49867 0.50133 0.000566547 0.000566547
0.49867 0.50133 0.000566547 0.000566547
0.49867 0.50133 0.000566547 0.000566547
0.49867 0.50133 0.000566547 0.000566547
0.49867 0.50133 0.000566547 0.000566547
0.49867 0.50133 0.000566547 0.000566547
0.49867 0.50133 0.000566547 0.000566547
0.49867 0.50133 0.000566547 0.000566547
0.49867 0.50133 0.000566547 0.000566547
0.49867 0.50133 0.000566547 0.000566547
0.49867 0.50133 0.000566547 0.000566547
0.49867 0.50133 0.000566547 0.000566547
0.49867 0.50133 0.000566547 0.000566547
0.49867 0.50133 0.000566547 0.000566547
0.49867 0.50133 0.000566547 0.000566547
0.49867 0.50133 0.000566547 0.000566547
0.49867 0.50133 0.000566547 0.000566547
0.49867 0.50133 0.000566547 0.000566547
0.49867 0.50133 0.000566547 0.000566547
0.49867 0.50133 0.000566547 0.000566547
0.49867 0.50133 0.000566547 0.000566547
0.49867 0.50133 0.000566547 0.000566547
0.49867 0.50133 0.000566547 0.000566547
0.49867 0.50133 0.000566547 0.000566547
0.49867 0.50133 0.000566547 0.000566547
0.49867 0.50133 0.000566547 0.000566547
0.49867 0.50133 0.000566547 0.000566547
0.49867 0.50133 0.000566547 0.000566547
0.49867 0.50133 0.000566547 0.000566547
0.49867 0.50133 0.000566547 0.000566547
0.49867 0.50133 0.000566547 0.000566547
0.49867 0.50133 0.000566547 0.000566547
0.49867 0.50133 0.000566547 0.000566547
0.49867 0.50133 0.000566547 0.000566547
0.49867 0.50133 0.000566547 0.000566547
0.49867 0.50133 0.000566547 0.000566547
0.49867 0.50133 0.000566547 0.000566547
0.49867 0.50133 0.000566547 0.000566547
0.49867 0.50133 0.000566547 0.000566547
0.49867 0.50133 0.000566547 0.000566547
0.49867 0.50133 0.000566547 0.000566547
0.49867 0.50133 0.000566547 0.000566547
0.49867 0.50133 0.000566547 0.000566547
0.49867 0.50133 0.000566547 0.000566547
0.49867 0.50133 0.000566547 0.000566547
0.49867 0.50133 0.000566547 0.000566547
0.49867 0.50133 0.000566547 0.000566547
0.49867 0.50133 0.000566547 0.000566547
0.49867 0.50133 0.000566547 0.000566547
0.49867 0.50133 0.000566547 0.000566547
0.49867 0.50133 0.000566547 0.000566547
0.49867 0.50133 0.000566547 0.000566547
0.49867 0.50133 0.000566547 0.000566547
0.49867 0.50133 0.000566547 0.000566547
0.49867 0.50133 0.000566547 0.000566547
0.49867 0.50133 0.000566547 0.000566547
0.49867 0.50133 0.000566547 0.000566547
0.49867 0.50133 0.000566547 0.000566547
0.49867 0.50133 0.000566547 0.000566547
0.49867 0.50133 0.000566547 0.000566547
0.49867 0.50133 0.000566547 0.000566547
0.49867 0.50133 0.000566547 0.000566547
0.49867 0.50133 0.000566547 0.000566547
0.49867 0.50133 0.000566547 0.000566547
0.49867 0.50133 0.000566547 0.000566547
0.49867 0.50133 0.000566547 0.000566547
0.49867 0.50133 0.000566547 0.000566547
0.49867 0.50133 0.000566547 0.000566547
0.49867 0.50133 0.000566547 0.000566547
0.49867 0.50133 0.000566547 0.000566547
0.49867 0.50133 0.000566547 0.000566547
0.49867 0.50133 0.000566547 0.000566547
0.49867 0.50133 0.000566547 0.000566547
0.49867 0.50133 0.000566547 0.000566547
0.49867 0.50133 0.000566547 0.000566547
0.49867 0.50133 0.000566547 0.000566547
0.49867 0.50133 0.000566547 0.000566547
0.49867 0.50133 0.000566547 0.000566547
0.49867 0.50133 0.000566547 0.000566547
0.49867 0.50133 0.000566547 0.000566547
0.49867 0.50133 0.000566547 0.000566547
0.49867 0.50133 0.000566547 0.000566547
0.49867 0.50133 0.000566547 0.000566547
0.49867 0.50133 0.000566547 0.000566547
0.49867 0.50133 0.000566547 0.000566547
0.49867 0.50133 0.000566547 0.000566547
0.49867 0.50133 0.000566547 0.000566547
0.49867 0.50133 0.000566547 0.000566547
0.49867 0.50133 0.000566547 0.000566547
0.49867 0.50133 0.000566547 0.000566547
0.49867 0.50133 0.000566547 0.000566547
0.49867 0.50133 0.000566547 0.000566547
0.49867 0.50133 0.000566547 0.000566547
0.49867 0.50133 0.000566547 0.000566547
0.49867 0.50133 0.000566547 0.000566547
0.49867 0.50133 0.000566547 0.000566547
0.49867 0.50133 0.000566547 0.000566547
0.49867 0.50133 0.000566547 0.000566547
0.49867 0.50133 0.000566547 0.000566547
0.49867 0.50133 0.000566547 0.000566547
0.49867 0.50133 0.000566547 0.000566547
0.49867 0.50133 0.000566547 0.000566547
0.49867 0.50133 0.000566547 0.000566547
0.49867 0.50133 0.000566547 0.000566547
0.49867 0.50133 0.000566547 0.000566547
0.49867 0.50133 0.000566547 0.000566547
0.49867 0.50133 0.000566547 0.000566547
0.49867 0.50133 0.000566547 0.000566547
0.49867 0.50133 0.000566547 0.000566547
0.49867 0.50133 0.000566547 0.000566547
0.49867 0.50133 0.000566547 0.000566547
0.49867 0.50133 0.000566547 0.000566547
0.49867 0.50133 0.000566547 0.000566547
0.49867 0.50133 0.000566547 0.000566547
0.49867 0.50133 0.000566547 0.000566547
0.49867 0.50133 0.000566547 0.000566547
0.49867 0.50133 0.000566547 0.000566547
0.49867 0.50133 0.000566547 0.000566547
0.49867 0.50133 0.000566547 0.000566547
0.49867 0.50133 0.000566547 0.000566547
0.49867 0.50133 0.000566547 0.000566547
0.49867 0.50133 0.000566547 0.000566547
0.49867 0.50133 0.000566547 0.000566547
0.49867 0.50133 0.000566547 0.000566547
0.49867 0.50133 0.000566547 0.000566547
0.49867 0.50133 0.000566547 0.000566547
0.49867 0.50133 0.000566547 0.000566547
0.49867 0.50133 0.000566547 0.000566547
0.49867 0.50133 0.000566547 0.000566547
0.49867 0.50133 0.000566547 0.000566547
0.49867 0.50133 0.000566547 0.000566547
0.49867 0.50133 0.000566547 0.000566547
0.49867 0.50133 0.000566547 0.000566547
0.49867 0.50133 0.000566547 0.000566547
0.49867 0.50133 0.000566547 0.000566547
0.49867 0.50133 0.000566547 0.000566547
0.49867 0.50133 0.000566547 0.000566547
0.49867 0.50133 0.000566547 0.000566547
0.49867 0.50133 0.000566547 0.000566547
0.49867 0.50133 0.000566547 0.000566547
0.49867 0.50133 0.000566547 0.000566547
0.49867 0.50133 0.000566547 0.000566547
0.49867 0.50133 0.000566547 0.000566547
0.49867 0.50133 0.000566547 0.000566547
0.49867 0.50133 0.000566547 0.000566547
0.49867 0.50133 0.000566547 0.000566547
0.49867 0.50133 0.000566547 0.000566547
0.49867 0.50133 0.000566547 0.000566547
0.49867 0.50133 0.000566547 0.000566547
0.49867 0.50133 0.000566547 0.000566547
0.49867 0.50133 0.000566547 0.000566547
0.49867 0.50133 0.000566547 0.000566547
0.49867 0.50133 0.000566547 0.000566547
0.49867 0.50133 0.000566547 0.000566547
0.49867 0.50133 0.000566547 0.000566547
0.49867 0.50133 0.000566547 0.000566547
0.49867 0.50133 0.000566547 0.000566547
0.49867 0.50133 0.000566547 0.000566547
0.49867 0.50133 0.000566547 0.000566547
0.49867 0.50133 0.000566547 0.000566547
0.49867 0.50133 0.000566547 0.000566547
0.49867 0.50133 0.000566547 0.000566547
0.49867 0.50133 0.000566547 0.000566547
0.49867 0.50133 0.000566547 0.000566547
0.49867 0.50133 0.000566547 0.000566547
0.49867 0.50133 0.000566547 0.000566547
0.49867 0.50133 0.000566547 0.000566547
0.49867 0.50133 0.000566547 0.000566547
0.49867 0.50133 0.000566547 0.000566547
0.49867 0.50133 0.000566547 0.000566547
0.49867 0.50133 0.000566547 0.000566547
0.49867 0.50133 0.000566547 0.000566547
0.49867 0.50133 0.000566547 0.000566547
0.49867 0.50133 0.000566547 0.000566547
0.49867 0.50133 0.000566547 0.000566547
0.49867 0.50133 0.000566547 0.000566547
0.49867 0.50133 0.000566547 0.000566547
0.49867 0.50133 0.000566547 0.000566547
0.49867 0.50133 0.000566547 0.000566547
0.49867 0.50133 0.000566547 0.000566547
0.49867 0.50133 0.000566547 0.000566547
0.49867 0.50133 0.000566547 0.000566547
0.49867 0.50133 0.000566547 0.000566547
0.49867 0.50133 0.000566547 0.000566547
0.49867 0.50133 0.000566547 0.000566547
