0.49658 0.50342 0.000292569 0.000292569
0.4934 0.5066 0.000949051 0.000949051
0.49158 0.50842 0.00183152 0.00183152
0.48966 0.51034 0.00289116 0.00289116
0.48821 0.51179 0.00413098 0.00413098
0.4868 0.5132 0.00542051 0.00542051
0.48437 0.51563 0.006657 0.006657
0.48289 0.51711 0.00792537 0.00792537
0.48096 0.51904 0.00928537 0.00928537
0.47928 0.52072 0.0105763 0.0105763
0.47831 0.52169 0.0118927 0.0118927
0.47759 0.52241 0.0130456 0.0130456
0.47662 0.52338 0.0141277 0.0141277
0.47565 0.52435 0.0152764 0.0152764
0.47533 0.52467 0.0161493 0.0161493
0.47506 0.52494 0.0170298 0.0170298
0.47405 0.52595 0.0177547 0.0177547
0.47364 0.52636 0.0184189 0.0184189
0.47299 0.52701 0.0191744 0.0191744
0.4724 0.5276 0.0197506 0.0197506
0.47198 0.52802 0.0202451 0.0202451
0.47181 0.52819 0.0206978 0.0206978
0.47133 0.52867 0.021235 0.021235
0.47133 0.52867 0.0215778 0.0215778
0.47126 0.52874 0.021956 0.021956
0.47113 0.52887 0.0223103 0.0223103
0.47098 0.52902 0.0226788 0.0226788
0.4705 0.5295 0.0229434 0.0229434
0.47046 0.52954 0.0232117 0.0232117
0.47019 0.52981 0.0234775 0.0234775
0.46979 0.53021 0.0237033 0.0237033
0.46929 0.53071 0.0238494 0.0238494
0.46901 0.53099 0.0240467 0.0240467
0.46887 0.53113 0.0243204 0.0243204
0.46874 0.53126 0.0244631 0.0244631
0.46852 0.53148 0.024577 0.024577
0.46854 0.53146 0.024712 0.024712
0.46833 0.53167 0.0248979 0.0248979
0.46792 0.53208 0.0250281 0.0250281
0.46795 0.53205 0.0250792 0.0250792
0.46799 0.53201 0.0251281 0.0251281
0.46776 0.53224 0.025158 0.025158
0.46783 0.53217 0.0252727 0.0252727
0.46785 0.53215 0.02533 0.02533
0.46784 0.53216 0.02544 0.02544
0.46786 0.53214 0.0254461 0.0254461
0.46801 0.53199 0.0254449 0.0254449
0.46792 0.53208 0.0254475 0.0254475
0.46783 0.53217 0.0255054 0.0255054
0.46771 0.53229 0.0255234 0.0255234
0.46785 0.53215 0.0255881 0.0255881
0.46776 0.53224 0.0256286 0.0256286
0.46765 0.53235 0.025658 0.025658
0.46767 0.53233 0.0257244 0.0257244
0.46768 0.53232 0.0257714 0.0257714
0.46774 0.53226 0.0258046 0.0258046
0.46782 0.53218 0.025853 0.025853
0.46789 0.53211 0.0258858 0.0258858
0.46788 0.53212 0.0259066 0.0259066
0.468 0.532 0.0259218 0.0259218
0.46789 0.53211 0.0259417 0.0259417
0.46804 0.53196 0.0260015 0.0260015
0.4679 0.5321 0.0260446 0.0260446
0.46791 0.53209 0.0260446 0.0260446
0.46789 0.53211 0.0260529 0.0260529
0.46789 0.53211 0.0260951 0.0260951
0.46783 0.53217 0.0261166 0.0261166
0.46785 0.53215 0.0261397 0.0261397
0.46778 0.53222 0.0261265 0.0261265
0.46789 0.53211 0.0261944 0.0261944
0.46776 0.53224 0.026209 0.026209
0.4678 0.5322 0.0262201 0.0262201
0.46781 0.53219 0.0262261 0.0262261
0.46762 0.53238 0.0262639 0.0262639
0.46743 0.53257 0.0262691 0.0262691
0.46743 0.53257 0.0262592 0.0262592
0.46727 0.53273 0.0262754 0.0262754
0.46726 0.53274 0.0262745 0.0262745
0.46728 0.53272 0.0262996 0.0262996
0.46735 0.53265 0.0263321 0.0263321
0.46722 0.53278 0.0263665 0.0263665
0.46716 0.53284 0.0263549 0.0263549
0.46709 0.53291 0.0263919 0.0263919
0.46693 0.53307 0.0263873 0.0263873
0.46677 0.53323 0.026378 0.026378
0.4667 0.5333 0.0264264 0.0264264
0.46662 0.53338 0.0264036 0.0264036
0.46646 0.53354 0.0264072 0.0264072
0.46667 0.53333 0.0264277 0.0264277
0.46666 0.53334 0.0264304 0.0264304
0.46666 0.53334 0.0264468 0.0264468
0.46668 0.53332 0.0264446 0.0264446
0.46667 0.53333 0.0264454 0.0264454
0.46672 0.53328 0.0264322 0.0264322
0.46662 0.53338 0.0264721 0.0264721
0.46662 0.53338 0.026456 0.026456
0.46659 0.53341 0.026485 0.026485
0.4665 0.5335 0.0264833 0.0264833
0.46647 0.53353 0.0265267 0.0265267
0.46643 0.53357 0.0265212 0.0265212
0.46638 0.53362 0.0265087 0.0265087
0.46627 0.53373 0.0265022 0.0265022
0.46634 0.53366 0.0265261 0.0265261
0.46639 0.53361 0.0265465 0.0265465
0.46654 0.53346 0.0266008 0.0266008
0.46656 0.53344 0.0265704 0.0265704
0.4665 0.5335 0.0265692 0.0265692
0.4665 0.5335 0.0265611 0.0265611
0.46646 0.53354 0.026536 0.026536
0.46632 0.53368 0.0265748 0.0265748
0.46623 0.53377 0.0265581 0.0265581
0.46619 0.53381 0.0265528 0.0265528
0.46635 0.53365 0.0265124 0.0265124
0.46639 0.53361 0.0264775 0.0264775
0.46645 0.53355 0.0264406 0.0264406
0.46642 0.53358 0.0264564 0.0264564
0.46651 0.53349 0.0264715 0.0264715
0.46646 0.53354 0.0264705 0.0264705
0.46652 0.53348 0.0264985 0.0264985
0.46654 0.53346 0.0265218 0.0265218
0.46648 0.53352 0.0265033 0.0265033
0.46633 0.53367 0.0265152 0.0265152
0.46635 0.53365 0.0265457 0.0265457
0.46641 0.53359 0.0265745 0.0265745
0.46648 0.53352 0.0265585 0.0265585
0.46649 0.53351 0.0265457 0.0265457
0.46653 0.53347 0.0265686 0.0265686
0.46665 0.53335 0.0266194 0.0266194
0.4667 0.5333 0.0266285 0.0266285
0.46667 0.53333 0.0266721 0.0266721
0.46655 0.53345 0.0266765 0.0266765
0.46654 0.53346 0.0266761 0.0266761
0.46665 0.53335 0.0266924 0.0266924
0.46661 0.53339 0.0267093 0.0267093
0.46657 0.53343 0.0267216 0.0267216
0.46668 0.53332 0.026742 0.026742
0.46677 0.53323 0.0267522 0.0267522
0.46693 0.53307 0.0267367 0.0267367
0.46698 0.53302 0.0267134 0.0267134
0.4668 0.5332 0.0267427 0.0267427
0.46677 0.53323 0.0267119 0.0267119
0.4667 0.5333 0.0267203 0.0267203
0.46677 0.53323 0.0267591 0.0267591
0.46683 0.53317 0.0267636 0.0267636
0.46695 0.53305 0.0267792 0.0267792
0.46694 0.53306 0.0268213 0.0268213
0.4669 0.5331 0.0268112 0.0268112
0.46699 0.53301 0.026787 0.026787
0.46694 0.53306 0.0268151 0.0268151
0.46678 0.53322 0.0267874 0.0267874
0.4667 0.5333 0.0268204 0.0268204
0.46675 0.53325 0.0268212 0.0268212
0.46676 0.53324 0.0268325 0.0268325
0.46665 0.53335 0.026877 0.026877
0.46678 0.53322 0.0268799 0.0268799
0.46678 0.53322 0.0268788 0.0268788
0.46669 0.53331 0.0268932 0.0268932
0.46656 0.53344 0.0269378 0.0269378
0.46648 0.53352 0.0269748 0.0269748
0.46637 0.53363 0.0270132 0.0270132
0.46636 0.53364 0.0270052 0.0270052
0.46649 0.53351 0.0270225 0.0270225
0.46649 0.53351 0.0270438 0.0270438
0.46647 0.53353 0.0270403 0.0270403
0.46648 0.53352 0.0270702 0.0270702
0.46645 0.53355 0.0270957 0.0270957
0.4665 0.5335 0.0271076 0.0271076
0.46642 0.53358 0.0271327 0.0271327
0.46644 0.53356 0.0271164 0.0271164
0.46643 0.53357 0.0271471 0.0271471
0.46632 0.53368 0.0272077 0.0272077
0.46626 0.53374 0.0271814 0.0271814
0.46617 0.53383 0.0272386 0.0272386
0.46622 0.53378 0.0272707 0.0272707
0.46612 0.53388 0.0272862 0.0272862
0.46611 0.53389 0.0272811 0.0272811
0.46605 0.53395 0.0273036 0.0273036
0.46605 0.53395 0.027291 0.027291
0.46611 0.53389 0.0273101 0.0273101
0.4661 0.5339 0.0272978 0.0272978
0.46599 0.53401 0.0272667 0.0272667
0.46585 0.53415 0.0272994 0.0272994
0.46584 0.53416 0.0272879 0.0272879
0.46579 0.53421 0.0272903 0.0272903
0.46593 0.53407 0.0273101 0.0273101
0.46595 0.53405 0.0273178 0.0273178
0.46592 0.53408 0.0273397 0.0273397
0.46594 0.53406 0.027345 0.027345
0.46601 0.53399 0.0273992 0.0273992
0.466 0.534 0.0274236 0.0274236
0.46598 0.53402 0.0274156 0.0274156
0.46603 0.53397 0.0274191 0.0274191
0.466 0.534 0.0273866 0.0273866
0.46586 0.53414 0.0273995 0.0273995
0.46603 0.53397 0.0273932 0.0273932
0.46599 0.53401 0.0274364 0.0274364
0.46593 0.53407 0.0274272 0.0274272
0.46588 0.53412 0.0274288 0.0274288
0.46581 0.53419 0.0274522 0.0274522
0.46573 0.53427 0.0274335 0.0274335
0.46582 0.53418 0.0274118 0.0274118
0.46583 0.53417 0.0274475 0.0274475
0.46587 0.53413 0.027474 0.027474
0.46594 0.53406 0.027468 0.027468
0.46592 0.53408 0.0275543 0.0275543
0.46591 0.53409 0.0275292 0.0275292
0.46585 0.53415 0.0275349 0.0275349
0.46584 0.53416 0.0275487 0.0275487
0.46593 0.53407 0.027557 0.027557
0.46608 0.53392 0.0275493 0.0275493
0.4661 0.5339 0.027604 0.027604
0.46595 0.53405 0.0276371 0.0276371
0.46588 0.53412 0.0276441 0.0276441
0.46595 0.53405 0.027676 0.027676
0.46599 0.53401 0.0276843 0.0276843
0.46593 0.53407 0.0276773 0.0276773
0.466 0.534 0.0277371 0.0277371
0.46586 0.53414 0.0277503 0.0277503
0.46595 0.53405 0.027731 0.027731
0.46585 0.53415 0.0277291 0.0277291
0.46584 0.53416 0.0277335 0.0277335
0.46585 0.53415 0.0277108 0.0277108
0.46593 0.53407 0.0277119 0.0277119
0.46581 0.53419 0.0276925 0.0276925
0.46569 0.53431 0.0276863 0.0276863
0.46569 0.53431 0.0277395 0.0277395
0.46571 0.53429 0.0277329 0.0277329
0.46568 0.53432 0.0277281 0.0277281
0.46577 0.53423 0.0277155 0.0277155
0.46567 0.53433 0.02771 0.02771
0.46575 0.53425 0.0277464 0.0277464
0.46563 0.53437 0.0277503 0.0277503
0.46558 0.53442 0.0277645 0.0277645
0.46554 0.53446 0.0277746 0.0277746
0.46544 0.53456 0.0277803 0.0277803
0.46535 0.53465 0.0277883 0.0277883
0.46544 0.53456 0.0277431 0.0277431
0.46547 0.53453 0.0277752 0.0277752
0.46559 0.53441 0.0277712 0.0277712
0.46555 0.53445 0.0277888 0.0277888
0.46562 0.53438 0.0277856 0.0277856
0.46574 0.53426 0.0277891 0.0277891
0.46574 0.53426 0.0277971 0.0277971
0.46561 0.53439 0.0278283 0.0278283
0.4655 0.5345 0.0278596 0.0278596
0.46548 0.53452 0.0278817 0.0278817
0.46551 0.53449 0.0279107 0.0279107
0.46548 0.53452 0.027907 0.027907
0.46559 0.53441 0.0279465 0.0279465
0.46549 0.53451 0.0279434 0.0279434
0.46541 0.53459 0.0279492 0.0279492
0.46548 0.53452 0.0279587 0.0279587
0.46565 0.53435 0.0279756 0.0279756
0.46556 0.53444 0.0279689 0.0279689
0.46542 0.53458 0.0279633 0.0279633
0.46536 0.53464 0.0280001 0.0280001
0.46535 0.53465 0.0280269 0.0280269
0.46524 0.53476 0.0280185 0.0280185
0.46516 0.53484 0.0280562 0.0280562
0.46509 0.53491 0.0280729 0.0280729
0.46512 0.53488 0.0280607 0.0280607
0.4651 0.5349 0.0280484 0.0280484
0.4651 0.5349 0.0280645 0.0280645
0.46498 0.53502 0.0280898 0.0280898
0.46514 0.53486 0.0281262 0.0281262
0.46516 0.53484 0.0281159 0.0281159
0.46518 0.53482 0.0281084 0.0281084
0.46512 0.53488 0.0280855 0.0280855
0.46506 0.53494 0.0280788 0.0280788
0.46517 0.53483 0.0280834 0.0280834
0.46522 0.53478 0.0281139 0.0281139
0.46531 0.53469 0.0281194 0.0281194
0.46526 0.53474 0.0280848 0.0280848
0.46518 0.53482 0.0280815 0.0280815
0.46527 0.53473 0.0280855 0.0280855
0.46544 0.53456 0.0281096 0.0281096
0.4654 0.5346 0.0281177 0.0281177
0.46538 0.53462 0.0281484 0.0281484
0.46532 0.53468 0.0281291 0.0281291
0.46514 0.53486 0.0281301 0.0281301
0.46518 0.53482 0.0281509 0.0281509
0.46504 0.53496 0.0281644 0.0281644
0.465 0.535 0.0281933 0.0281933
0.46486 0.53514 0.0281836 0.0281836
0.4649 0.5351 0.0281835 0.0281835
0.46492 0.53508 0.028196 0.028196
0.46478 0.53522 0.028171 0.028171
0.46486 0.53514 0.0281603 0.0281603
0.46497 0.53503 0.028189 0.028189
0.46497 0.53503 0.0281895 0.0281895
0.46492 0.53508 0.0281941 0.0281941
0.46476 0.53524 0.0281587 0.0281587
0.46482 0.53518 0.0281705 0.0281705
0.46479 0.53521 0.0281993 0.0281993
0.46486 0.53514 0.0282456 0.0282456
0.46498 0.53502 0.0282343 0.0282343
0.46485 0.53515 0.0282539 0.0282539
0.46481 0.53519 0.0282389 0.0282389
0.46477 0.53523 0.0282591 0.0282591
0.46478 0.53522 0.028323 0.028323
0.46465 0.53535 0.028332 0.028332
0.46461 0.53539 0.0283351 0.0283351
0.46466 0.53534 0.0283431 0.0283431
0.46463 0.53537 0.0283869 0.0283869
0.46469 0.53531 0.0284169 0.0284169
0.46482 0.53518 0.0284453 0.0284453
0.46482 0.53518 0.0284825 0.0284825
0.46464 0.53536 0.0284675 0.0284675
0.46471 0.53529 0.0285479 0.0285479
0.46483 0.53517 0.0286057 0.0286057
0.46499 0.53501 0.0286086 0.0286086
0.46486 0.53514 0.0286477 0.0286477
0.46482 0.53518 0.0286686 0.0286686
0.46484 0.53516 0.0286779 0.0286779
0.46485 0.53515 0.0286973 0.0286973
0.46489 0.53511 0.0286864 0.0286864
0.46497 0.53503 0.0287173 0.0287173
0.46494 0.53506 0.0287719 0.0287719
0.46495 0.53505 0.0287983 0.0287983
0.46505 0.53495 0.0287642 0.0287642
0.46496 0.53504 0.028788 0.028788
0.46495 0.53505 0.0287873 0.0287873
0.46495 0.53505 0.0287313 0.0287313
0.46492 0.53508 0.0287247 0.0287247
0.46493 0.53507 0.0287213 0.0287213
0.46495 0.53505 0.028708 0.028708
0.46513 0.53487 0.0287161 0.0287161
0.4651 0.5349 0.0287687 0.0287687
0.46502 0.53498 0.0287868 0.0287868
0.46508 0.53492 0.0288412 0.0288412
0.46498 0.53502 0.0288122 0.0288122
0.46504 0.53496 0.0288084 0.0288084
0.46509 0.53491 0.0288144 0.0288144
0.4649 0.5351 0.0288469 0.0288469
0.46481 0.53519 0.0288114 0.0288114
0.46468 0.53532 0.028835 0.028835
0.46465 0.53535 0.0288725 0.0288725
0.4646 0.5354 0.0288857 0.0288857
0.46456 0.53544 0.0288944 0.0288944
0.46449 0.53551 0.0288765 0.0288765
0.46445 0.53555 0.0288555 0.0288555
0.46447 0.53553 0.0288682 0.0288682
0.46444 0.53556 0.0288493 0.0288493
0.46437 0.53563 0.0288865 0.0288865
0.46441 0.53559 0.0289014 0.0289014
0.46449 0.53551 0.0289135 0.0289135
0.46456 0.53544 0.0289451 0.0289451
0.46448 0.53552 0.0289345 0.0289345
0.46444 0.53556 0.0289352 0.0289352
0.46444 0.53556 0.0289539 0.0289539
0.4644 0.5356 0.0289788 0.0289788
0.46459 0.53541 0.0290085 0.0290085
0.46475 0.53525 0.029045 0.029045
0.46478 0.53522 0.0290346 0.0290346
0.46488 0.53512 0.0291087 0.0291087
0.46485 0.53515 0.0291423 0.0291423
0.46482 0.53518 0.0291271 0.0291271
0.46473 0.53527 0.0291432 0.0291432
0.46488 0.53512 0.0291562 0.0291562
0.46482 0.53518 0.0291558 0.0291558
0.46487 0.53513 0.0291523 0.0291523
0.46485 0.53515 0.0291683 0.0291683
0.46469 0.53531 0.0291739 0.0291739
0.46465 0.53535 0.0291871 0.0291871
0.46467 0.53533 0.0292221 0.0292221
0.4647 0.5353 0.0292472 0.0292472
0.46463 0.53537 0.029246 0.029246
0.46452 0.53548 0.0292487 0.0292487
0.46449 0.53551 0.0292838 0.0292838
0.46439 0.53561 0.0292893 0.0292893
0.46433 0.53567 0.0293075 0.0293075
0.46443 0.53557 0.0292846 0.0292846
0.46439 0.53561 0.029319 0.029319
0.46428 0.53572 0.0293417 0.0293417
0.46444 0.53556 0.0293596 0.0293596
0.4645 0.5355 0.0293947 0.0293947
0.46451 0.53549 0.029426 0.029426
0.46464 0.53536 0.0294419 0.0294419
0.4648 0.5352 0.0294529 0.0294529
0.4648 0.5352 0.0295179 0.0295179
0.46456 0.53544 0.0294941 0.0294941
0.46453 0.53547 0.0294778 0.0294778
0.46455 0.53545 0.0295064 0.0295064
0.46453 0.53547 0.0295121 0.0295121
0.4645 0.5355 0.0295301 0.0295301
0.46444 0.53556 0.0295499 0.0295499
0.46427 0.53573 0.0295951 0.0295951
0.46413 0.53587 0.0295756 0.0295756
0.46402 0.53598 0.0295959 0.0295959
0.46414 0.53586 0.0295885 0.0295885
0.46392 0.53608 0.0296057 0.0296057
0.46397 0.53603 0.0296319 0.0296319
0.4639 0.5361 0.0296122 0.0296122
0.46401 0.53599 0.0296189 0.0296189
0.464 0.536 0.0296152 0.0296152
0.46406 0.53594 0.0296078 0.0296078
0.464 0.536 0.0296339 0.0296339
0.46399 0.53601 0.0296756 0.0296756
0.46411 0.53589 0.0296715 0.0296715
0.46399 0.53601 0.0297061 0.0297061
0.46404 0.53596 0.0297106 0.0297106
0.46396 0.53604 0.0297172 0.0297172
0.46398 0.53602 0.0297339 0.0297339
0.46398 0.53602 0.0297238 0.0297238
0.46401 0.53599 0.0296929 0.0296929
0.46413 0.53587 0.0296759 0.0296759
0.46411 0.53589 0.0296749 0.0296749
0.46419 0.53581 0.0297355 0.0297355
0.46424 0.53576 0.0297511 0.0297511
0.46426 0.53574 0.0297357 0.0297357
0.46426 0.53574 0.0297164 0.0297164
0.46411 0.53589 0.029718 0.029718
0.46419 0.53581 0.02972 0.02972
0.46419 0.53581 0.0297198 0.0297198
0.46413 0.53587 0.0296876 0.0296876
0.46404 0.53596 0.0296943 0.0296943
0.46404 0.53596 0.0297232 0.0297232
0.46408 0.53592 0.0297511 0.0297511
0.46401 0.53599 0.0297476 0.0297476
0.46407 0.53593 0.0297635 0.0297635
0.46413 0.53587 0.0297938 0.0297938
0.46421 0.53579 0.0298099 0.0298099
0.46418 0.53582 0.029827 0.029827
0.46411 0.53589 0.0298268 0.0298268
0.46429 0.53571 0.0298515 0.0298515
0.46432 0.53568 0.0298851 0.0298851
0.46433 0.53567 0.0299384 0.0299384
0.46422 0.53578 0.0299483 0.0299483
0.46421 0.53579 0.029949 0.029949
0.46419 0.53581 0.0299396 0.0299396
0.4641 0.5359 0.0299759 0.0299759
0.46387 0.53613 0.0300001 0.0300001
0.46385 0.53615 0.0300284 0.0300284
0.46378 0.53622 0.0300353 0.0300353
0.4638 0.5362 0.0301188 0.0301188
0.4638 0.5362 0.0300673 0.0300673
0.46377 0.53623 0.0300872 0.0300872
0.46384 0.53616 0.030062 0.030062
0.46378 0.53622 0.0300949 0.0300949
0.46372 0.53628 0.0300978 0.0300978
0.46381 0.53619 0.0301408 0.0301408
0.46384 0.53616 0.0301199 0.0301199
0.46378 0.53622 0.0301315 0.0301315
0.46375 0.53625 0.0301364 0.0301364
0.46372 0.53628 0.0301717 0.0301717
0.46358 0.53642 0.0302212 0.0302212
0.46357 0.53643 0.0302135 0.0302135
0.46358 0.53642 0.0302239 0.0302239
0.46368 0.53632 0.0302323 0.0302323
0.46376 0.53624 0.0302123 0.0302123
0.4637 0.5363 0.0302521 0.0302521
0.46372 0.53628 0.0302674 0.0302674
0.46377 0.53623 0.0302957 0.0302957
0.46373 0.53627 0.0303019 0.0303019
0.46368 0.53632 0.0303145 0.0303145
0.46368 0.53632 0.0302622 0.0302622
0.46376 0.53624 0.0302345 0.0302345
0.4636 0.5364 0.0302243 0.0302243
0.46359 0.53641 0.0302591 0.0302591
0.46358 0.53642 0.0302491 0.0302491
0.4637 0.5363 0.0302588 0.0302588
0.46358 0.53642 0.0303208 0.0303208
0.46363 0.53637 0.0303212 0.0303212
0.46355 0.53645 0.0303292 0.0303292
0.46361 0.53639 0.0303333 0.0303333
0.46348 0.53652 0.0303333 0.0303333
0.46339 0.53661 0.03034 0.03034
0.46339 0.53661 0.030359 0.030359
0.46337 0.53663 0.0303417 0.0303417
0.4634 0.5366 0.0303735 0.0303735
0.46333 0.53667 0.0303907 0.0303907
0.46345 0.53655 0.0303848 0.0303848
0.46334 0.53666 0.0304051 0.0304051
0.46326 0.53674 0.0303993 0.0303993
0.46329 0.53671 0.0304225 0.0304225
0.46325 0.53675 0.0304188 0.0304188
0.46319 0.53681 0.0304483 0.0304483
0.46293 0.53707 0.030386 0.030386
0.46294 0.53706 0.0304256 0.0304256
0.46279 0.53721 0.0304557 0.0304557
0.46268 0.53732 0.0305142 0.0305142
0.4627 0.5373 0.0305053 0.0305053
0.46271 0.53729 0.030563 0.030563
0.46277 0.53723 0.0305668 0.0305668
0.46272 0.53728 0.0305895 0.0305895
0.46281 0.53719 0.0305798 0.0305798
0.46283 0.53717 0.0305592 0.0305592
0.4627 0.5373 0.0305542 0.0305542
0.46266 0.53734 0.0305701 0.0305701
0.46264 0.53736 0.0305678 0.0305678
0.46271 0.53729 0.030559 0.030559
0.46268 0.53732 0.0305665 0.0305665
0.46267 0.53733 0.0305048 0.0305048
0.46277 0.53723 0.0305301 0.0305301
0.46273 0.53727 0.0305178 0.0305178
0.46264 0.53736 0.030506 0.030506
0.46258 0.53742 0.0304865 0.0304865
0.46273 0.53727 0.0304965 0.0304965
0.46264 0.53736 0.0305227 0.0305227
0.46284 0.53716 0.0305203 0.0305203
