0.50006 0.49994 6.14711e-05 6.14711e-05
0.50039 0.49961 0.000196079 0.000196079
0.50073 0.49927 0.000350199 0.000350199
0.50134 0.49866 0.000541661 0.000541661
0.50124 0.49876 0.000730023 0.000730023
0.50159 0.49841 0.000912305 0.000912305
0.50085 0.49915 0.00108284 0.00108284
0.5011 0.4989 0.00121615 0.00121615
0.50087 0.49913 0.00141765 0.00141765
0.50065 0.49935 0.00154841 0.00154841
0.50076 0.49924 0.00172398 0.00172398
0.50037 0.49963 0.00186094 0.00186094
0.50029 0.49971 0.00198944 0.00198944
0.50026 0.49974 0.00211383 0.00211383
0.50025 0.49975 0.00221948 0.00221948
0.50007 0.49993 0.00232445 0.00232445
0.49969 0.50031 0.00242416 0.00242416
0.49973 0.50027 0.00254571 0.00254571
0.50004 0.49996 0.00267394 0.00267394
0.49999 0.50001 0.00277266 0.00277266
0.49999 0.50001 0.00286433 0.00286433
0.49956 0.50044 0.00296281 0.00296281
0.4998 0.5002 0.00303291 0.00303291
0.49959 0.50041 0.00309788 0.00309788
0.49949 0.50051 0.00318233 0.00318233
0.49965 0.50035 0.00322318 0.00322318
0.4997 0.5003 0.00327009 0.00327009
0.49957 0.50043 0.00332394 0.00332394
0.49957 0.50043 0.00336213 0.00336213
0.49947 0.50053 0.00341405 0.00341405
0.49946 0.50054 0.00345952 0.00345952
0.49958 0.50042 0.00347679 0.00347679
0.49947 0.50053 0.00352518 0.00352518
0.49951 0.50049 0.00355569 0.00355569
0.49963 0.50037 0.00359468 0.00359468
0.49959 0.50041 0.00364309 0.00364309
0.49974 0.50026 0.00365939 0.00365939
0.49988 0.50012 0.00369362 0.00369362
0.49977 0.50023 0.00371268 0.00371268
0.49976 0.50024 0.00372665 0.00372665
0.50009 0.49991 0.00375839 0.00375839
0.5003 0.4997 0.00379888 0.00379888
0.50021 0.49979 0.00379463 0.00379463
0.50015 0.49985 0.00381581 0.00381581
0.5002 0.4998 0.00386226 0.00386226
0.50017 0.49983 0.00389049 0.00389049
0.49996 0.50004 0.00392968 0.00392968
0.50005 0.49995 0.00395922 0.00395922
0.50006 0.49994 0.0039844 0.0039844
0.50008 0.49992 0.00400062 0.00400062
0.49998 0.50002 0.00399358 0.00399358
0.50003 0.49997 0.00399647 0.00399647
0.50021 0.49979 0.00400799 0.00400799
0.5002 0.4998 0.00401721 0.00401721
0.50032 0.49968 0.00402592 0.00402592
0.50036 0.49964 0.00401508 0.00401508
0.50028 0.49972 0.00402804 0.00402804
0.50036 0.49964 0.00403175 0.00403175
0.50039 0.49961 0.00403929 0.00403929
0.50044 0.49956 0.00403146 0.00403146
0.50057 0.49943 0.00405439 0.00405439
0.50061 0.49939 0.00404957 0.00404957
0.50071 0.49929 0.00405352 0.00405352
0.50083 0.49917 0.00406895 0.00406895
0.50087 0.49913 0.00409349 0.00409349
0.50088 0.49912 0.00410576 0.00410576
0.50099 0.49901 0.00409862 0.00409862
0.50091 0.49909 0.00411491 0.00411491
0.5008 0.4992 0.00412693 0.00412693
0.50087 0.49913 0.00413595 0.00413595
0.5009 0.4991 0.00414371 0.00414371
0.50101 0.49899 0.00415189 0.00415189
0.50107 0.49893 0.00415786 0.00415786
0.50108 0.49892 0.00418001 0.00418001
0.50104 0.49896 0.00420281 0.00420281
0.50094 0.49906 0.00420038 0.00420038
0.50097 0.49903 0.00419692 0.00419692
0.5009 0.4991 0.00420961 0.00420961
0.50093 0.49907 0.00418829 0.00418829
0.50095 0.49905 0.00421009 0.00421009
0.50092 0.49908 0.00421838 0.00421838
0.50096 0.49904 0.00423085 0.00423085
0.50101 0.49899 0.00424199 0.00424199
0.50098 0.49902 0.0042505 0.0042505
0.50096 0.49904 0.00424337 0.00424337
0.50091 0.49909 0.00426055 0.00426055
0.50081 0.49919 0.00425264 0.00425264
0.50076 0.49924 0.00426299 0.00426299
0.50071 0.49929 0.00426176 0.00426176
0.50077 0.49923 0.00428214 0.00428214
0.50074 0.49926 0.00430581 0.00430581
0.50075 0.49925 0.00431621 0.00431621
0.5007 0.4993 0.00431969 0.00431969
0.50077 0.49923 0.00434424 0.00434424
0.50076 0.49924 0.00434588 0.00434588
0.50068 0.49932 0.00435131 0.00435131
0.50061 0.49939 0.00436895 0.00436895
0.50056 0.49944 0.00436128 0.00436128
0.50063 0.49937 0.00434668 0.00434668
0.50058 0.49942 0.00435641 0.00435641
0.5006 0.4994 0.00435808 0.00435808
0.50064 0.49936 0.00437035 0.00437035
0.50077 0.49923 0.00438474 0.00438474
0.50078 0.49922 0.00437971 0.00437971
0.50083 0.49917 0.00439358 0.00439358
0.50079 0.49921 0.00439851 0.00439851
0.50078 0.49922 0.00438997 0.00438997
0.50078 0.49922 0.0043967 0.0043967
0.5008 0.4992 0.00439436 0.00439436
0.50084 0.49916 0.00441036 0.00441036
0.50074 0.49926 0.00442274 0.00442274
0.5007 0.4993 0.00443512 0.00443512
0.50071 0.49929 0.00443833 0.00443833
0.50071 0.49929 0.00444799 0.00444799
0.50069 0.49931 0.00446282 0.00446282
0.50069 0.49931 0.00445898 0.00445898
0.50077 0.49923 0.00447278 0.00447278
0.50074 0.49926 0.0044827 0.0044827
0.5008 0.4992 0.00447679 0.00447679
0.50079 0.49921 0.00448477 0.00448477
0.50061 0.49939 0.00448165 0.00448165
0.50054 0.49946 0.0044835 0.0044835
0.50056 0.49944 0.00447716 0.00447716
0.50058 0.49942 0.0044881 0.0044881
0.50057 0.49943 0.00449471 0.00449471
0.50052 0.49948 0.00450399 0.00450399
0.50052 0.49948 0.00449112 0.00449112
0.50052 0.49948 0.00449656 0.00449656
0.50044 0.49956 0.00449071 0.00449071
0.50052 0.49948 0.00450676 0.00450676
0.50049 0.49951 0.00450118 0.00450118
0.50048 0.49952 0.00448876 0.00448876
0.50049 0.49951 0.00449567 0.00449567
0.50053 0.49947 0.00449102 0.00449102
0.50047 0.49953 0.00448965 0.00448965
0.50045 0.49955 0.00450433 0.00450433
0.50039 0.49961 0.00449321 0.00449321
0.50038 0.49962 0.00450333 0.00450333
0.50034 0.49966 0.00450675 0.00450675
0.50034 0.49966 0.0045195 0.0045195
0.50035 0.49965 0.00452009 0.00452009
0.50036 0.49964 0.00451468 0.00451468
0.50029 0.49971 0.00451687 0.00451687
0.50024 0.49976 0.00451907 0.00451907
0.50021 0.49979 0.00452368 0.00452368
0.5003 0.4997 0.00452274 0.00452274
0.50027 0.49973 0.00453913 0.00453913
0.50021 0.49979 0.00454061 0.00454061
0.50036 0.49964 0.00453326 0.00453326
0.50038 0.49962 0.00453151 0.00453151
0.50031 0.49969 0.00454222 0.00454222
0.50034 0.49966 0.00454982 0.00454982
0.50033 0.49967 0.00453546 0.00453546
0.50033 0.49967 0.00453388 0.00453388
0.50023 0.49977 0.00454301 0.00454301
0.50016 0.49984 0.0045548 0.0045548
0.50013 0.49987 0.00455609 0.00455609
0.50015 0.49985 0.00455241 0.00455241
0.50005 0.49995 0.00455461 0.00455461
0.50006 0.49994 0.00454884 0.00454884
0.50011 0.49989 0.0045499 0.0045499
0.50012 0.49988 0.00455811 0.00455811
0.50009 0.49991 0.00456142 0.00456142
0.5002 0.4998 0.00456218 0.00456218
0.50021 0.49979 0.00455823 0.00455823
0.50019 0.49981 0.00456163 0.00456163
0.50012 0.49988 0.00457221 0.00457221
0.5001 0.4999 0.00457872 0.00457872
0.50012 0.49988 0.00457475 0.00457475
0.50019 0.49981 0.00457379 0.00457379
0.50012 0.49988 0.00457156 0.00457156
0.50012 0.49988 0.00457378 0.00457378
0.50018 0.49982 0.00457736 0.00457736
0.5002 0.4998 0.00456618 0.00456618
0.50019 0.49981 0.00456438 0.00456438
0.50021 0.49979 0.00456263 0.00456263
0.50023 0.49977 0.00455238 0.00455238
0.50022 0.49978 0.00454965 0.00454965
0.50021 0.49979 0.00455758 0.00455758
0.50021 0.49979 0.00456089 0.00456089
0.50021 0.49979 0.00456366 0.00456366
0.50022 0.49978 0.00455646 0.00455646
0.50018 0.49982 0.00456425 0.00456425
0.50014 0.49986 0.00457012 0.00457012
0.50018 0.49982 0.00457314 0.00457314
0.50018 0.49982 0.00457884 0.00457884
0.5002 0.4998 0.00458283 0.00458283
0.5002 0.4998 0.00457988 0.00457988
0.50011 0.49989 0.00458658 0.00458658
0.50017 0.49983 0.00459325 0.00459325
0.50002 0.49998 0.00459982 0.00459982
0.49995 0.50005 0.00460411 0.00460411
0.49998 0.50002 0.00460151 0.00460151
0.5 0.5 0.00460061 0.00460061
0.50003 0.49997 0.00460528 0.00460528
0.50007 0.49993 0.0046034 0.0046034
0.50002 0.49998 0.00460459 0.00460459
0.5 0.5 0.00460756 0.00460756
0.50003 0.49997 0.00461062 0.00461062
0.49999 0.50001 0.00461569 0.00461569
0.50004 0.49996 0.00461353 0.00461353
0.50007 0.49993 0.00461407 0.00461407
0.50007 0.49993 0.00461483 0.00461483
0.50007 0.49993 0.00461366 0.00461366
0.50013 0.49987 0.00461121 0.00461121
0.50008 0.49992 0.00460925 0.00460925
0.50009 0.49991 0.00460758 0.00460758
0.5001 0.4999 0.00461278 0.00461278
0.50011 0.49989 0.00459957 0.00459957
0.50014 0.49986 0.00460442 0.00460442
0.50013 0.49987 0.00460365 0.00460365
0.50011 0.49989 0.00459723 0.00459723
0.50012 0.49988 0.0045999 0.0045999
0.50013 0.49987 0.00460282 0.00460282
0.5001 0.4999 0.00459918 0.00459918
0.50014 0.49986 0.00460034 0.00460034
0.50018 0.49982 0.00459342 0.00459342
0.50017 0.49983 0.00458952 0.00458952
0.50024 0.49976 0.00458695 0.00458695
0.50021 0.49979 0.00458332 0.00458332
0.50019 0.49981 0.00458341 0.00458341
0.50014 0.49986 0.00457903 0.00457903
0.50015 0.49985 0.0045795 0.0045795
0.50019 0.49981 0.00457836 0.00457836
0.5002 0.4998 0.00458345 0.00458345
0.50021 0.49979 0.00457976 0.00457976
0.50026 0.49974 0.00457704 0.00457704
0.50024 0.49976 0.00458002 0.00458002
0.5002 0.4998 0.00458081 0.00458081
0.50022 0.49978 0.00458132 0.00458132
0.50023 0.49977 0.00458416 0.00458416
0.50027 0.49973 0.00457161 0.00457161
0.50033 0.49967 0.00457885 0.00457885
0.5003 0.4997 0.00457587 0.00457587
0.50025 0.49975 0.00457415 0.00457415
0.50031 0.49969 0.00457345 0.00457345
0.50025 0.49975 0.00457728 0.00457728
0.50022 0.49978 0.00457666 0.00457666
0.50027 0.49973 0.00457626 0.00457626
0.50031 0.49969 0.00457735 0.00457735
0.50035 0.49965 0.00458334 0.00458334
0.50034 0.49966 0.00457879 0.00457879
0.50037 0.49963 0.00458468 0.00458468
0.50039 0.49961 0.00457349 0.00457349
0.50042 0.49958 0.00457071 0.00457071
0.50041 0.49959 0.00457239 0.00457239
0.50042 0.49958 0.00456837 0.00456837
0.50044 0.49956 0.00456958 0.00456958
0.50046 0.49954 0.00457132 0.00457132
0.50045 0.49955 0.00457298 0.00457298
0.50047 0.49953 0.00457407 0.00457407
0.50039 0.49961 0.00458612 0.00458612
0.50029 0.49971 0.00458552 0.00458552
0.50029 0.49971 0.00459087 0.00459087
0.50031 0.49969 0.0045965 0.0045965
0.50028 0.49972 0.00460677 0.00460677
0.50023 0.49977 0.00460761 0.00460761
0.50022 0.49978 0.00460801 0.00460801
0.50018 0.49982 0.00460849 0.00460849
0.5002 0.4998 0.00460665 0.00460665
0.50019 0.49981 0.00460482 0.00460482
0.50022 0.49978 0.00461312 0.00461312
0.50023 0.49977 0.00461333 0.00461333
0.50023 0.49977 0.00461691 0.00461691
0.50025 0.49975 0.00462033 0.00462033
0.50028 0.49972 0.00463251 0.00463251
0.50024 0.49976 0.00463974 0.00463974
0.50019 0.49981 0.00463444 0.00463444
0.50017 0.49983 0.00463802 0.00463802
0.50017 0.49983 0.00464006 0.00464006
0.50018 0.49982 0.00463944 0.00463944
0.50014 0.49986 0.00463705 0.00463705
0.50016 0.49984 0.0046367 0.0046367
0.50013 0.49987 0.00463506 0.00463506
0.50011 0.49989 0.004638 0.004638
0.5001 0.4999 0.00463775 0.00463775
0.50009 0.49991 0.00463784 0.00463784
0.50009 0.49991 0.00463754 0.00463754
0.50008 0.49992 0.00463892 0.00463892
0.50011 0.49989 0.00463883 0.00463883
0.50008 0.49992 0.00464383 0.00464383
0.50008 0.49992 0.00464607 0.00464607
0.50006 0.49994 0.00463832 0.00463832
0.5 0.5 0.00464299 0.00464299
0.5 0.5 0.00463501 0.00463501
0.50002 0.49998 0.00463735 0.00463735
0.50004 0.49996 0.00463768 0.00463768
0.50001 0.49999 0.00465155 0.00465155
0.50001 0.49999 0.00465603 0.00465603
0.50003 0.49997 0.00466233 0.00466233
0.50006 0.49994 0.00466909 0.00466909
0.50004 0.49996 0.00467163 0.00467163
0.50008 0.49992 0.00466937 0.00466937
0.50012 0.49988 0.00467508 0.00467508
0.50012 0.49988 0.00466992 0.00466992
0.5001 0.4999 0.0046714 0.0046714
0.50013 0.49987 0.00467215 0.00467215
0.50015 0.49985 0.00466932 0.00466932
0.50012 0.49988 0.00467079 0.00467079
0.50014 0.49986 0.00466998 0.00466998
0.50016 0.49984 0.00467024 0.00467024
0.50019 0.49981 0.00466628 0.00466628
0.50016 0.49984 0.00466692 0.00466692
0.50014 0.49986 0.00466436 0.00466436
0.5002 0.4998 0.00466943 0.00466943
0.50017 0.49983 0.0046694 0.0046694
0.50019 0.49981 0.00466733 0.00466733
0.50016 0.49984 0.00466749 0.00466749
0.50018 0.49982 0.00467292 0.00467292
0.50016 0.49984 0.00467036 0.00467036
0.50016 0.49984 0.00467034 0.00467034
0.50015 0.49985 0.00467322 0.00467322
0.50017 0.49983 0.00468063 0.00468063
0.50012 0.49988 0.0046753 0.0046753
0.50016 0.49984 0.00467991 0.00467991
0.50015 0.49985 0.00468031 0.00468031
0.50016 0.49984 0.00468169 0.00468169
0.50013 0.49987 0.00468082 0.00468082
0.50012 0.49988 0.00469009 0.00469009
0.50015 0.49985 0.00468734 0.00468734
0.50013 0.49987 0.0046923 0.0046923
0.50008 0.49992 0.00469531 0.00469531
0.50005 0.49995 0.00469467 0.00469467
0.50007 0.49993 0.00469374 0.00469374
0.50005 0.49995 0.00469888 0.00469888
0.50002 0.49998 0.00470125 0.00470125
0.50004 0.49996 0.00470271 0.00470271
0.49999 0.50001 0.00470456 0.00470456
0.49997 0.50003 0.00471213 0.00471213
0.49997 0.50003 0.00471682 0.00471682
0.49995 0.50005 0.0047171 0.0047171
0.5 0.5 0.00471933 0.00471933
0.50004 0.49996 0.0047242 0.0047242
0.50002 0.49998 0.00471842 0.00471842
0.50003 0.49997 0.00471908 0.00471908
0.50005 0.49995 0.00471706 0.00471706
0.50006 0.49994 0.00471775 0.00471775
0.50003 0.49997 0.0047153 0.0047153
0.50007 0.49993 0.00471718 0.00471718
0.50007 0.49993 0.0047153 0.0047153
0.50007 0.49993 0.00470887 0.00470887
0.50005 0.49995 0.00470928 0.00470928
0.5001 0.4999 0.00470938 0.00470938
0.50008 0.49992 0.00470787 0.00470787
0.50008 0.49992 0.00471628 0.00471628
0.50008 0.49992 0.00471902 0.00471902
0.50006 0.49994 0.00472185 0.00472185
0.50011 0.49989 0.00472594 0.00472594
0.50014 0.49986 0.00473186 0.00473186
0.50012 0.49988 0.00474017 0.00474017
0.50014 0.49986 0.00474331 0.00474331
0.50017 0.49983 0.00474402 0.00474402
0.50017 0.49983 0.00475008 0.00475008
0.50019 0.49981 0.00475042 0.00475042
0.50018 0.49982 0.00475476 0.00475476
0.50017 0.49983 0.00475715 0.00475715
0.50016 0.49984 0.0047566 0.0047566
0.50019 0.49981 0.00476054 0.00476054
0.50021 0.49979 0.00476269 0.00476269
0.50019 0.49981 0.00476216 0.00476216
0.50018 0.49982 0.00475924 0.00475924
0.5002 0.4998 0.00475606 0.00475606
0.50021 0.49979 0.0047539 0.0047539
0.50022 0.49978 0.00475819 0.00475819
0.50023 0.49977 0.0047565 0.0047565
0.50023 0.49977 0.00475414 0.00475414
0.5002 0.4998 0.00475606 0.00475606
0.50019 0.49981 0.00475793 0.00475793
0.50023 0.49977 0.00476066 0.00476066
0.50025 0.49975 0.00476233 0.00476233
0.50022 0.49978 0.00475522 0.00475522
0.50026 0.49974 0.00475787 0.00475787
0.50022 0.49978 0.00476231 0.00476231
0.50026 0.49974 0.00476797 0.00476797
0.50026 0.49974 0.00477139 0.00477139
0.5003 0.4997 0.00477407 0.00477407
0.50027 0.49973 0.0047781 0.0047781
0.50025 0.49975 0.00477906 0.00477906
0.50027 0.49973 0.00478228 0.00478228
0.50025 0.49975 0.0047857 0.0047857
0.50024 0.49976 0.00478075 0.00478075
0.50022 0.49978 0.00478137 0.00478137
0.50021 0.49979 0.00478118 0.00478118
0.50021 0.49979 0.00478728 0.00478728
0.50019 0.49981 0.00478458 0.00478458
0.50022 0.49978 0.00479233 0.00479233
0.50022 0.49978 0.00479141 0.00479141
0.50017 0.49983 0.00479267 0.00479267
0.50017 0.49983 0.00479477 0.00479477
0.50017 0.49983 0.0047939 0.0047939
0.50018 0.49982 0.00479496 0.00479496
0.5002 0.4998 0.00480111 0.00480111
0.50019 0.49981 0.00479937 0.00479937
0.50021 0.49979 0.00480059 0.00480059
0.50023 0.49977 0.00479909 0.00479909
0.50027 0.49973 0.00479592 0.00479592
0.50026 0.49974 0.00479575 0.00479575
0.50025 0.49975 0.00479292 0.00479292
0.50024 0.49976 0.00479029 0.00479029
0.50023 0.49977 0.00478943 0.00478943
0.50023 0.49977 0.00479056 0.00479056
0.50021 0.49979 0.00479362 0.00479362
0.50024 0.49976 0.00479039 0.00479039
0.5003 0.4997 0.00479213 0.00479213
0.50031 0.49969 0.00479268 0.00479268
0.50034 0.49966 0.00479992 0.00479992
0.50034 0.49966 0.00480776 0.00480776
0.50036 0.49964 0.00480785 0.00480785
0.50038 0.49962 0.00481254 0.00481254
0.50037 0.49963 0.00480961 0.00480961
0.50036 0.49964 0.00480773 0.00480773
0.50033 0.49967 0.00480628 0.00480628
0.50029 0.49971 0.00481007 0.00481007
0.5003 0.4997 0.0048091 0.0048091
0.50035 0.49965 0.00480981 0.00480981
0.50033 0.49967 0.00480929 0.00480929
0.50039 0.49961 0.00481309 0.00481309
0.50042 0.49958 0.00481716 0.00481716
0.50039 0.49961 0.00481503 0.00481503
0.50033 0.49967 0.00482234 0.00482234
0.50035 0.49965 0.00482049 0.00482049
0.50033 0.49967 0.00482558 0.00482558
0.50033 0.49967 0.00482503 0.00482503
0.50035 0.49965 0.00482318 0.00482318
0.50037 0.49963 0.00482345 0.00482345
0.50035 0.49965 0.00482144 0.00482144
0.50035 0.49965 0.00482021 0.00482021
0.50033 0.49967 0.00481693 0.00481693
0.50032 0.49968 0.00481658 0.00481658
0.50032 0.49968 0.00481573 0.00481573
0.50032 0.49968 0.00481576 0.00481576
0.50033 0.49967 0.00481243 0.00481243
0.50032 0.49968 0.00480907 0.00480907
0.50033 0.49967 0.00481247 0.00481247
0.50036 0.49964 0.00481417 0.00481417
0.50034 0.49966 0.00481758 0.00481758
0.50036 0.49964 0.00481902 0.00481902
0.50033 0.49967 0.00481717 0.00481717
0.50032 0.49968 0.00481729 0.00481729
0.5003 0.4997 0.00481906 0.00481906
0.50029 0.49971 0.00481875 0.00481875
0.50032 0.49968 0.004824 0.004824
0.50033 0.49967 0.00482388 0.00482388
0.50033 0.49967 0.00482764 0.00482764
0.50034 0.49966 0.00482835 0.00482835
0.50034 0.49966 0.00482532 0.00482532
0.50037 0.49963 0.00482781 0.00482781
0.50037 0.49963 0.00482854 0.00482854
0.50036 0.49964 0.00482811 0.00482811
0.50037 0.49963 0.00483256 0.00483256
0.50035 0.49965 0.00482795 0.00482795
0.50035 0.49965 0.00482841 0.00482841
0.50035 0.49965 0.00482706 0.00482706
0.50032 0.49968 0.00482953 0.00482953
0.50034 0.49966 0.00482918 0.00482918
0.50035 0.49965 0.00483055 0.00483055
0.50034 0.49966 0.00483017 0.00483017
0.50036 0.49964 0.00483003 0.00483003
0.50033 0.49967 0.00482826 0.00482826
0.50034 0.49966 0.00482558 0.00482558
0.50035 0.49965 0.0048254 0.0048254
0.50033 0.49967 0.00482647 0.00482647
0.5003 0.4997 0.0048273 0.0048273
0.50028 0.49972 0.00481877 0.00481877
0.50028 0.49972 0.00482285 0.00482285
0.5003 0.4997 0.00482306 0.00482306
0.5003 0.4997 0.00482555 0.00482555
0.5003 0.4997 0.00482793 0.00482793
0.50029 0.49971 0.00482758 0.00482758
0.50031 0.49969 0.00482842 0.00482842
0.50032 0.49968 0.00482741 0.00482741
0.50031 0.49969 0.00483515 0.00483515
0.50033 0.49967 0.00483505 0.00483505
0.50034 0.49966 0.00483782 0.00483782
0.50033 0.49967 0.00483905 0.00483905
0.50036 0.49964 0.00483975 0.00483975
0.50036 0.49964 0.00484058 0.00484058
0.5004 0.4996 0.00484257 0.00484257
0.50039 0.49961 0.00484458 0.00484458
0.50039 0.49961 0.00484774 0.00484774
0.50037 0.49963 0.00485074 0.00485074
0.50036 0.49964 0.00485086 0.00485086
0.50032 0.49968 0.00485258 0.00485258
0.50032 0.49968 0.00485248 0.00485248
0.50032 0.49968 0.00485002 0.00485002
0.50035 0.49965 0.00484686 0.00484686
0.50036 0.49964 0.00485254 0.00485254
0.50037 0.49963 0.00485549 0.00485549
0.50037 0.49963 0.00485904 0.00485904
0.50038 0.49962 0.0048563 0.0048563
0.5004 0.4996 0.00485814 0.00485814
0.50036 0.49964 0.00485807 0.00485807
0.50034 0.49966 0.0048576 0.0048576
0.50031 0.49969 0.00486042 0.00486042
0.50033 0.49967 0.00486164 0.00486164
0.50032 0.49968 0.00486151 0.00486151
0.50034 0.49966 0.00486261 0.00486261
0.5003 0.4997 0.00486928 0.00486928
0.50031 0.49969 0.00487191 0.00487191
0.50033 0.49967 0.00487261 0.00487261
