0.49287 0.50713 0.000375831 0.000375831
0.4871 0.5129 0.00126785 0.00126785
0.48279 0.51721 0.00270995 0.00270995
0.47797 0.52203 0.00429464 0.00429464
0.47296 0.52704 0.00614844 0.00614844
0.47025 0.52975 0.00799754 0.00799754
0.46785 0.53215 0.00998498 0.00998498
0.46503 0.53497 0.0121222 0.0121222
0.46225 0.53775 0.0141192 0.0141192
0.45915 0.54085 0.0159133 0.0159133
0.45721 0.54279 0.0176123 0.0176123
0.45521 0.54479 0.0190571 0.0190571
0.45329 0.54671 0.0204593 0.0204593
0.45157 0.54843 0.0219359 0.0219359
0.45051 0.54949 0.0233255 0.0233255
0.44894 0.55106 0.0244668 0.0244668
0.44802 0.55198 0.0254271 0.0254271
0.44712 0.55288 0.0264488 0.0264488
0.44631 0.55369 0.027442 0.027442
0.44603 0.55397 0.0283778 0.0283778
0.44486 0.55514 0.0292476 0.0292476
0.4444 0.5556 0.0299692 0.0299692
0.4434 0.5566 0.0306961 0.0306961
0.44302 0.55698 0.0314384 0.0314384
0.4423 0.5577 0.0319349 0.0319349
0.44195 0.55805 0.0324623 0.0324623
0.44156 0.55844 0.0329358 0.0329358
0.441 0.559 0.0332414 0.0332414
0.44057 0.55943 0.0335625 0.0335625
0.43992 0.56008 0.0338365 0.0338365
0.4393 0.5607 0.0341092 0.0341092
0.43922 0.56078 0.0343288 0.0343288
0.43906 0.56094 0.0345429 0.0345429
0.43887 0.56113 0.0348167 0.0348167
0.43872 0.56128 0.0350561 0.0350561
0.43836 0.56164 0.0352297 0.0352297
0.43841 0.56159 0.0353796 0.0353796
0.43818 0.56182 0.035577 0.035577
0.43807 0.56193 0.0357681 0.0357681
0.43802 0.56198 0.0359178 0.0359178
0.43808 0.56192 0.0359854 0.0359854
0.43784 0.56216 0.0360835 0.0360835
0.43763 0.56237 0.0361929 0.0361929
0.43737 0.56263 0.0361931 0.0361931
0.43713 0.56287 0.0362838 0.0362838
0.43724 0.56276 0.0363733 0.0363733
0.43689 0.56311 0.0363965 0.0363965
0.43691 0.56309 0.0364648 0.0364648
0.43678 0.56322 0.036559 0.036559
0.4368 0.5632 0.0366707 0.0366707
0.43673 0.56327 0.0367399 0.0367399
0.43665 0.56335 0.0367974 0.0367974
0.43649 0.56351 0.0368587 0.0368587
0.43663 0.56337 0.0369431 0.0369431
0.43671 0.56329 0.0369553 0.0369553
0.43648 0.56352 0.0370074 0.0370074
0.43654 0.56346 0.0369779 0.0369779
0.43643 0.56357 0.0370103 0.0370103
0.43639 0.56361 0.037028 0.037028
0.43635 0.56365 0.0370135 0.0370135
0.43651 0.56349 0.0370718 0.0370718
0.43665 0.56335 0.0370524 0.0370524
0.43652 0.56348 0.0371655 0.0371655
0.4366 0.5634 0.0372547 0.0372547
0.43674 0.56326 0.0372784 0.0372784
0.43686 0.56314 0.0373186 0.0373186
0.4368 0.5632 0.0373774 0.0373774
0.43676 0.56324 0.0373925 0.0373925
0.43675 0.56325 0.0374077 0.0374077
0.43661 0.56339 0.0374235 0.0374235
0.43656 0.56344 0.0374503 0.0374503
0.43655 0.56345 0.0375057 0.0375057
0.43658 0.56342 0.0375409 0.0375409
0.43643 0.56357 0.037556 0.037556
0.4363 0.5637 0.0376462 0.0376462
0.43638 0.56362 0.037669 0.037669
0.43612 0.56388 0.0376897 0.0376897
0.43609 0.56391 0.0377115 0.0377115
0.43594 0.56406 0.037731 0.037731
0.43603 0.56397 0.0377729 0.0377729
0.43602 0.56398 0.0377981 0.0377981
0.43594 0.56406 0.0378525 0.0378525
0.43598 0.56402 0.0378401 0.0378401
0.43619 0.56381 0.0378478 0.0378478
0.43637 0.56363 0.0378804 0.0378804
0.43616 0.56384 0.0379207 0.0379207
0.43634 0.56366 0.0379561 0.0379561
0.43635 0.56365 0.0379756 0.0379756
0.43633 0.56367 0.0379998 0.0379998
0.43626 0.56374 0.0379969 0.0379969
0.43615 0.56385 0.0380144 0.0380144
0.43607 0.56393 0.0380789 0.0380789
0.436 0.564 0.0380714 0.0380714
0.43587 0.56413 0.0380304 0.0380304
0.43584 0.56416 0.038076 0.038076
0.43589 0.56411 0.0381419 0.0381419
0.43582 0.56418 0.0381961 0.0381961
0.43591 0.56409 0.038201 0.038201
0.43576 0.56424 0.0382109 0.0382109
0.43579 0.56421 0.0382129 0.0382129
0.4356 0.5644 0.0382286 0.0382286
0.43569 0.56431 0.0382526 0.0382526
0.43582 0.56418 0.0382916 0.0382916
0.43561 0.56439 0.0383142 0.0383142
0.43561 0.56439 0.0383381 0.0383381
0.43553 0.56447 0.0383719 0.0383719
0.4355 0.5645 0.0384509 0.0384509
0.43539 0.56461 0.0384688 0.0384688
0.43536 0.56464 0.0385164 0.0385164
0.43524 0.56476 0.038461 0.038461
0.43527 0.56473 0.0384391 0.0384391
0.43519 0.56481 0.0384828 0.0384828
0.43518 0.56482 0.0385068 0.0385068
0.43527 0.56473 0.0385426 0.0385426
0.43519 0.56481 0.0385758 0.0385758
0.43525 0.56475 0.038541 0.038541
0.43533 0.56467 0.0385885 0.0385885
0.43528 0.56472 0.0386229 0.0386229
0.43535 0.56465 0.0386601 0.0386601
0.4354 0.5646 0.0386724 0.0386724
0.4354 0.5646 0.0386947 0.0386947
0.4353 0.5647 0.0387474 0.0387474
0.43545 0.56455 0.03878 0.03878
0.43534 0.56466 0.0387652 0.0387652
0.43535 0.56465 0.0387444 0.0387444
0.43541 0.56459 0.0387566 0.0387566
0.43547 0.56453 0.0388134 0.0388134
0.43549 0.56451 0.038814 0.038814
0.4355 0.5645 0.038845 0.038845
0.43541 0.56459 0.0388839 0.0388839
0.43527 0.56473 0.0388753 0.0388753
0.43511 0.56489 0.0389022 0.0389022
0.43503 0.56497 0.0389088 0.0389088
0.43499 0.56501 0.0389767 0.0389767
0.43492 0.56508 0.0389971 0.0389971
0.43482 0.56518 0.0390508 0.0390508
0.43472 0.56528 0.0390567 0.0390567
0.43489 0.56511 0.039089 0.039089
0.4347 0.5653 0.0391148 0.0391148
0.43476 0.56524 0.0391416 0.0391416
0.43459 0.56541 0.0390999 0.0390999
0.43464 0.56536 0.0390874 0.0390874
0.43451 0.56549 0.0390598 0.0390598
0.43448 0.56552 0.0390384 0.0390384
0.43452 0.56548 0.039002 0.039002
0.43451 0.56549 0.0390041 0.0390041
0.43465 0.56535 0.039076 0.039076
0.43452 0.56548 0.0390865 0.0390865
0.43444 0.56556 0.0391407 0.0391407
0.43439 0.56561 0.0391837 0.0391837
0.43448 0.56552 0.0392524 0.0392524
0.43448 0.56552 0.0392905 0.0392905
0.43437 0.56563 0.0393176 0.0393176
0.43422 0.56578 0.0392838 0.0392838
0.43412 0.56588 0.0393278 0.0393278
0.4341 0.5659 0.0393626 0.0393626
0.43404 0.56596 0.0394074 0.0394074
0.43391 0.56609 0.0393852 0.0393852
0.434 0.566 0.0394059 0.0394059
0.43392 0.56608 0.0393687 0.0393687
0.43395 0.56605 0.0393561 0.0393561
0.43386 0.56614 0.0393962 0.0393962
0.43391 0.56609 0.0394282 0.0394282
0.43388 0.56612 0.0394421 0.0394421
0.43377 0.56623 0.039443 0.039443
0.43377 0.56623 0.0394646 0.0394646
0.43377 0.56623 0.0395099 0.0395099
0.43377 0.56623 0.0394918 0.0394918
0.43382 0.56618 0.0395033 0.0395033
0.43384 0.56616 0.0395315 0.0395315
0.43389 0.56611 0.039585 0.039585
0.43394 0.56606 0.0396047 0.0396047
0.43406 0.56594 0.0396225 0.0396225
0.43405 0.56595 0.0396731 0.0396731
0.43391 0.56609 0.0396561 0.0396561
0.43403 0.56597 0.0396727 0.0396727
0.43405 0.56595 0.0396817 0.0396817
0.43398 0.56602 0.0397326 0.0397326
0.43396 0.56604 0.0397408 0.0397408
0.4339 0.5661 0.0397659 0.0397659
0.4337 0.5663 0.0397687 0.0397687
0.43362 0.56638 0.039799 0.039799
0.43361 0.56639 0.0398285 0.0398285
0.43352 0.56648 0.0398432 0.0398432
0.43351 0.56649 0.0399036 0.0399036
0.43353 0.56647 0.0398739 0.0398739
0.43353 0.56647 0.0398622 0.0398622
0.43356 0.56644 0.0398886 0.0398886
0.4336 0.5664 0.0398977 0.0398977
0.43358 0.56642 0.0398996 0.0398996
0.43365 0.56635 0.0399174 0.0399174
0.43375 0.56625 0.0399482 0.0399482
0.43381 0.56619 0.039951 0.039951
0.43385 0.56615 0.0399525 0.0399525
0.43386 0.56614 0.0399521 0.0399521
0.43385 0.56615 0.039983 0.039983
0.43382 0.56618 0.0400313 0.0400313
0.43398 0.56602 0.0400643 0.0400643
0.43407 0.56593 0.0400626 0.0400626
0.43403 0.56597 0.0401011 0.0401011
0.43398 0.56602 0.0401078 0.0401078
0.43396 0.56604 0.0401274 0.0401274
0.43394 0.56606 0.0401444 0.0401444
0.43387 0.56613 0.0401602 0.0401602
0.43392 0.56608 0.0401085 0.0401085
0.43387 0.56613 0.0401118 0.0401118
0.4338 0.5662 0.0401196 0.0401196
0.43376 0.56624 0.040138 0.040138
0.43385 0.56615 0.0401832 0.0401832
0.43391 0.56609 0.040211 0.040211
0.43401 0.56599 0.0402083 0.0402083
0.43408 0.56592 0.0401789 0.0401789
0.43405 0.56595 0.0402276 0.0402276
0.43417 0.56583 0.040228 0.040228
0.43393 0.56607 0.040212 0.040212
0.43392 0.56608 0.0402294 0.0402294
0.43385 0.56615 0.0401659 0.0401659
0.43392 0.56608 0.0401252 0.0401252
0.43388 0.56612 0.0402157 0.0402157
0.43395 0.56605 0.0402045 0.0402045
0.43398 0.56602 0.040259 0.040259
0.43382 0.56618 0.0403055 0.0403055
0.43373 0.56627 0.0403507 0.0403507
0.43385 0.56615 0.0404054 0.0404054
0.43376 0.56624 0.0404407 0.0404407
0.43371 0.56629 0.0404447 0.0404447
0.4337 0.5663 0.0404982 0.0404982
0.43359 0.56641 0.0405178 0.0405178
0.43354 0.56646 0.0405206 0.0405206
0.43329 0.56671 0.040548 0.040548
0.43322 0.56678 0.040572 0.040572
0.4332 0.5668 0.0405631 0.0405631
0.4331 0.5669 0.040563 0.040563
0.43296 0.56704 0.0405471 0.0405471
0.43297 0.56703 0.0405635 0.0405635
0.43307 0.56693 0.0406646 0.0406646
0.43314 0.56686 0.0407488 0.0407488
0.43314 0.56686 0.0408022 0.0408022
0.43316 0.56684 0.0408532 0.0408532
0.43299 0.56701 0.0408782 0.0408782
0.43297 0.56703 0.0408979 0.0408979
0.43287 0.56713 0.0409382 0.0409382
0.43278 0.56722 0.0409581 0.0409581
0.4326 0.5674 0.0409829 0.0409829
0.43253 0.56747 0.0409983 0.0409983
0.4325 0.5675 0.0410303 0.0410303
0.43267 0.56733 0.0410419 0.0410419
0.4326 0.5674 0.0410225 0.0410225
0.43245 0.56755 0.0410614 0.0410614
0.43246 0.56754 0.0410961 0.0410961
0.4325 0.5675 0.0411145 0.0411145
0.43253 0.56747 0.0411084 0.0411084
0.43234 0.56766 0.0410977 0.0410977
0.43211 0.56789 0.0411182 0.0411182
0.43211 0.56789 0.0411358 0.0411358
0.43205 0.56795 0.0411446 0.0411446
0.43198 0.56802 0.0411775 0.0411775
0.43211 0.56789 0.0411873 0.0411873
0.43218 0.56782 0.0411977 0.0411977
0.43219 0.56781 0.0412173 0.0412173
0.43214 0.56786 0.0412749 0.0412749
0.43209 0.56791 0.0413234 0.0413234
0.43223 0.56777 0.0413649 0.0413649
0.43228 0.56772 0.0414027 0.0414027
0.43213 0.56787 0.0414847 0.0414847
0.43207 0.56793 0.041528 0.041528
0.43206 0.56794 0.0414883 0.0414883
0.4321 0.5679 0.041555 0.041555
0.43225 0.56775 0.0415525 0.0415525
0.43215 0.56785 0.041625 0.041625
0.43198 0.56802 0.04166 0.04166
0.43207 0.56793 0.0416982 0.0416982
0.43225 0.56775 0.041629 0.041629
0.4322 0.5678 0.0416596 0.0416596
0.43224 0.56776 0.041682 0.041682
0.43227 0.56773 0.0417264 0.0417264
0.43217 0.56783 0.0417077 0.0417077
0.43219 0.56781 0.041692 0.041692
0.43213 0.56787 0.0417555 0.0417555
0.43221 0.56779 0.0417254 0.0417254
0.43216 0.56784 0.041712 0.041712
0.43216 0.56784 0.0417243 0.0417243
0.4322 0.5678 0.0417877 0.0417877
0.43214 0.56786 0.0417715 0.0417715
0.43215 0.56785 0.041766 0.041766
0.43218 0.56782 0.0417596 0.0417596
0.43218 0.56782 0.0417933 0.0417933
0.43219 0.56781 0.0418296 0.0418296
0.43213 0.56787 0.0418558 0.0418558
0.43215 0.56785 0.0418782 0.0418782
0.43212 0.56788 0.0419358 0.0419358
0.43202 0.56798 0.0419361 0.0419361
0.43198 0.56802 0.0419584 0.0419584
0.43201 0.56799 0.0419661 0.0419661
0.43203 0.56797 0.0420247 0.0420247
0.43196 0.56804 0.0420624 0.0420624
0.43186 0.56814 0.0420374 0.0420374
0.43176 0.56824 0.0420279 0.0420279
0.43162 0.56838 0.0420465 0.0420465
0.43155 0.56845 0.042087 0.042087
0.43146 0.56854 0.0421603 0.0421603
0.43155 0.56845 0.0421845 0.0421845
0.43151 0.56849 0.0422052 0.0422052
0.43145 0.56855 0.0422476 0.0422476
0.43146 0.56854 0.0422771 0.0422771
0.43141 0.56859 0.0423056 0.0423056
0.4315 0.5685 0.0422564 0.0422564
0.43149 0.56851 0.0422751 0.0422751
0.43136 0.56864 0.0422914 0.0422914
0.43118 0.56882 0.0422713 0.0422713
0.43117 0.56883 0.0422536 0.0422536
0.43108 0.56892 0.0423003 0.0423003
0.43103 0.56897 0.0423114 0.0423114
0.43105 0.56895 0.0423317 0.0423317
0.43099 0.56901 0.042377 0.042377
0.43102 0.56898 0.0423419 0.0423419
0.43103 0.56897 0.0423746 0.0423746
0.43103 0.56897 0.0424191 0.0424191
0.43103 0.56897 0.0424315 0.0424315
0.43111 0.56889 0.0424025 0.0424025
0.43104 0.56896 0.0424218 0.0424218
0.43106 0.56894 0.0424782 0.0424782
0.43098 0.56902 0.042457 0.042457
0.4309 0.5691 0.0424795 0.0424795
0.43093 0.56907 0.0425069 0.0425069
0.431 0.569 0.0425483 0.0425483
0.43095 0.56905 0.0425457 0.0425457
0.43088 0.56912 0.0424966 0.0424966
0.43081 0.56919 0.0425046 0.0425046
0.43072 0.56928 0.0425225 0.0425225
0.43058 0.56942 0.0425839 0.0425839
0.43065 0.56935 0.0425842 0.0425843
0.43057 0.56943 0.0425707 0.0425707
0.43056 0.56944 0.0426295 0.0426295
0.43044 0.56956 0.042682 0.042682
0.43031 0.56969 0.0426842 0.0426842
0.43031 0.56969 0.0427343 0.0427343
0.43035 0.56965 0.0427702 0.0427702
0.43032 0.56968 0.0428036 0.0428036
0.43026 0.56974 0.0428783 0.0428783
0.43018 0.56982 0.0428706 0.0428706
0.4302 0.5698 0.0429389 0.0429389
0.4303 0.5697 0.0429557 0.0429557
0.43038 0.56962 0.0429662 0.0429662
0.4303 0.5697 0.0429466 0.0429466
0.43024 0.56976 0.0429486 0.0429486
0.43019 0.56981 0.0429763 0.0429763
0.43015 0.56985 0.0429291 0.0429291
0.43006 0.56994 0.0430202 0.0430202
0.43 0.57 0.0430293 0.0430293
0.43007 0.56993 0.0430482 0.0430482
0.4302 0.5698 0.0430831 0.0430831
0.43036 0.56964 0.043142 0.043142
0.43037 0.56963 0.0431813 0.0431813
0.43046 0.56954 0.0432362 0.0432362
0.4304 0.5696 0.0432481 0.0432481
0.43039 0.56961 0.0432452 0.0432452
0.43022 0.56978 0.0432224 0.0432224
0.43024 0.56976 0.043292 0.043292
0.4303 0.5697 0.0433016 0.0433016
0.43023 0.56977 0.0433362 0.0433362
0.43013 0.56987 0.0433034 0.0433034
0.43008 0.56992 0.0433487 0.0433487
0.43022 0.56978 0.0433062 0.0433062
0.43016 0.56984 0.0432926 0.0432926
0.43028 0.56972 0.0433245 0.0433245
0.43021 0.56979 0.0433197 0.0433197
0.43012 0.56988 0.0433123 0.0433123
0.43006 0.56994 0.0433143 0.0433143
0.42994 0.57006 0.0433229 0.0433229
0.42993 0.57007 0.043322 0.043322
0.43007 0.56993 0.0433903 0.0433903
0.43002 0.56998 0.0433922 0.0433922
0.4299 0.5701 0.0434151 0.0434151
0.43004 0.56996 0.0434314 0.0434314
0.43001 0.56999 0.0434782 0.0434782
0.4299 0.5701 0.0435341 0.0435341
0.43004 0.56996 0.0435344 0.0435344
0.43018 0.56982 0.0435573 0.0435573
0.4302 0.5698 0.0435484 0.0435484
0.4302 0.5698 0.0435569 0.0435569
0.43006 0.56994 0.0435684 0.0435684
0.43025 0.56975 0.0435843 0.0435843
0.43016 0.56984 0.0435831 0.0435831
0.42988 0.57012 0.0435758 0.0435758
0.42995 0.57005 0.0435569 0.0435569
0.42991 0.57009 0.0435883 0.0435883
0.42978 0.57022 0.0436312 0.0436312
0.42978 0.57022 0.0437044 0.0437044
0.42977 0.57023 0.0437084 0.0437084
0.42964 0.57036 0.0437201 0.0437201
0.42948 0.57052 0.0437449 0.0437449
0.42946 0.57054 0.0438193 0.0438193
0.42934 0.57066 0.0438425 0.0438425
0.42924 0.57076 0.0438189 0.0438189
0.42916 0.57084 0.0438355 0.0438355
0.42902 0.57098 0.0438532 0.0438532
0.42902 0.57098 0.0438896 0.0438896
0.42907 0.57093 0.0438828 0.0438828
0.42911 0.57089 0.0439006 0.0439006
0.42912 0.57088 0.0439559 0.0439559
0.42907 0.57093 0.043963 0.043963
0.42914 0.57086 0.0439123 0.0439123
0.42917 0.57083 0.0439273 0.0439273
0.42921 0.57079 0.0439414 0.0439414
0.42932 0.57068 0.044016 0.044016
0.42938 0.57062 0.0440659 0.0440659
0.42937 0.57063 0.0441143 0.0441143
0.42918 0.57082 0.0441027 0.0441027
0.42902 0.57098 0.0441525 0.0441525
0.4291 0.5709 0.0441759 0.0441759
0.42907 0.57093 0.0441876 0.0441876
0.42906 0.57094 0.0442005 0.0442005
0.42917 0.57083 0.0442305 0.0442305
0.42914 0.57086 0.0443275 0.0443275
0.42913 0.57087 0.0443476 0.0443476
0.42897 0.57103 0.0443615 0.0443615
0.42892 0.57108 0.0443941 0.0443941
0.42874 0.57126 0.0444154 0.0444154
0.42892 0.57108 0.0444674 0.0444674
0.42894 0.57106 0.0445137 0.0445137
0.42898 0.57102 0.0445399 0.0445399
0.42894 0.57106 0.044545 0.044545
0.42895 0.57105 0.0446409 0.0446409
0.42898 0.57102 0.0446905 0.0446905
0.42901 0.57099 0.0447062 0.0447062
0.42903 0.57097 0.0447624 0.0447624
0.42909 0.57091 0.0447348 0.0447348
0.42904 0.57096 0.0447568 0.0447568
0.42906 0.57094 0.0447129 0.0447129
0.42912 0.57088 0.0447472 0.0447472
0.42887 0.57113 0.0447562 0.0447562
0.42883 0.57117 0.0447739 0.0447739
0.42858 0.57142 0.0448282 0.0448282
0.42868 0.57132 0.0448529 0.0448529
0.42868 0.57132 0.0448712 0.0448712
0.42875 0.57125 0.0449311 0.0449311
0.42893 0.57107 0.0449943 0.0449943
0.42893 0.57107 0.0449605 0.0449605
0.4288 0.5712 0.0449793 0.0449793
0.4288 0.5712 0.0449689 0.0449689
0.42871 0.57129 0.0449344 0.0449344
0.4288 0.5712 0.0449325 0.0449325
0.429 0.571 0.0449518 0.0449518
0.42915 0.57085 0.045007 0.045007
0.42922 0.57078 0.0449536 0.0449536
0.42914 0.57086 0.0449594 0.0449594
0.42926 0.57074 0.0449642 0.0449642
0.42921 0.57079 0.0449827 0.0449827
0.42927 0.57073 0.044999 0.044999
0.42913 0.57087 0.0449801 0.0449801
0.4289 0.5711 0.0449665 0.0449665
0.42896 0.57104 0.0450449 0.0450449
0.42868 0.57132 0.0450126 0.0450126
0.42862 0.57138 0.0450216 0.0450216
0.42861 0.57139 0.0450422 0.0450422
0.42877 0.57123 0.0450785 0.0450785
0.42876 0.57124 0.0451226 0.0451226
0.42879 0.57121 0.0451442 0.0451442
0.42881 0.57119 0.0451864 0.0451864
0.4286 0.5714 0.0451711 0.0451711
0.42871 0.57129 0.0452322 0.0452322
0.4286 0.5714 0.0452765 0.0452765
0.4286 0.5714 0.0452885 0.0452885
0.4286 0.5714 0.0452618 0.0452618
0.42844 0.57156 0.0452679 0.0452679
0.42842 0.57158 0.0452894 0.0452894
0.42835 0.57165 0.0452905 0.0452905
0.42819 0.57181 0.0453553 0.0453553
0.4282 0.5718 0.0453911 0.0453911
0.42827 0.57173 0.0453969 0.0453969
0.42847 0.57153 0.0454165 0.0454165
0.42845 0.57155 0.0454237 0.0454237
0.42849 0.57151 0.0453752 0.0453752
0.42838 0.57162 0.0453833 0.0453833
0.42825 0.57175 0.0453661 0.0453661
0.42828 0.57172 0.0453927 0.0453927
0.42831 0.57169 0.0454424 0.0454424
0.42831 0.57169 0.0454843 0.0454843
0.42827 0.57173 0.0455145 0.0455145
0.42817 0.57183 0.0455492 0.0455492
0.42826 0.57174 0.0456195 0.0456195
0.42804 0.57196 0.0456756 0.0456756
0.42807 0.57193 0.0456883 0.0456883
0.4281 0.5719 0.0457141 0.0457141
0.4281 0.5719 0.0457678 0.0457678
0.42801 0.57199 0.0457845 0.0457845
0.42797 0.57203 0.045822 0.045822
0.4279 0.5721 0.0458037 0.0458037
0.42783 0.57217 0.0458908 0.0458908
0.42794 0.57206 0.0459091 0.0459091
0.42796 0.57204 0.0458959 0.0458959
0.42794 0.57206 0.0459238 0.0459238
0.42808 0.57192 0.0459508 0.0459508
0.428 0.572 0.0459217 0.0459217
0.42795 0.57205 0.0459493 0.0459493
0.42785 0.57215 0.0460059 0.0460059
0.42781 0.57219 0.0460813 0.0460813
0.42763 0.57237 0.0461165 0.0461165
0.42764 0.57236 0.0461686 0.0461686
