0.50006 0.49994 4.57539e-05 4.57539e-05
0.49987 0.50013 0.000106215 0.000106215
0.50007 0.49993 0.000161318 0.000161318
0.49974 0.50026 0.000232457 0.000232457
0.50067 0.49933 0.000319132 0.000319132
0.50003 0.49997 0.000409524 0.000409524
0.49981 0.50019 0.000438721 0.000438721
0.49988 0.50012 0.000473682 0.000473682
0.49985 0.50015 0.000494492 0.000494492
0.49982 0.50018 0.000539785 0.000539785
0.4994 0.5006 0.000633616 0.000633616
0.49982 0.50018 0.000685826 0.000685826
0.49976 0.50024 0.00069673 0.00069673
0.49932 0.50068 0.000780684 0.000780684
0.49955 0.50045 0.000820391 0.000820391
0.50018 0.49982 0.000881038 0.000881038
0.50014 0.49986 0.00085299 0.00085299
0.49951 0.50049 0.000827465 0.000827465
0.50087 0.49913 0.000797306 0.000797306
0.50068 0.49932 0.000828361 0.000828361
0.50018 0.49982 0.000823604 0.000823604
0.50005 0.49995 0.000820492 0.000820492
0.50056 0.49944 0.000813966 0.000813966
0.49967 0.50033 0.000848708 0.000848708
0.49963 0.50037 0.00097068 0.00097068
0.50054 0.49946 0.000989766 0.000989766
0.50138 0.49862 0.00104204 0.00104204
0.50097 0.49903 0.00104377 0.00104377
0.50043 0.49957 0.00105304 0.00105304
0.50123 0.49877 0.00115165 0.00115165
0.50024 0.49976 0.00115911 0.00115911
0.49981 0.50019 0.00107296 0.00107296
0.50035 0.49965 0.00108342 0.00108342
0.50099 0.49901 0.00113856 0.00113856
0.50117 0.49883 0.00105245 0.00105245
0.50063 0.49937 0.000989225 0.000989225
0.5009 0.4991 0.00100936 0.00100936
0.50108 0.49892 0.00101886 0.00101886
0.50071 0.49929 0.00106995 0.00106995
0.50108 0.49892 0.00104656 0.00104656
0.50178 0.49822 0.00109854 0.00109854
0.50216 0.49784 0.00113783 0.00113783
0.50175 0.49825 0.00109332 0.00109332
0.50191 0.49809 0.00108861 0.00108861
0.50239 0.49761 0.00108798 0.00108798
0.50163 0.49837 0.00110672 0.00110672
0.50181 0.49819 0.00106438 0.00106438
0.50283 0.49717 0.00108362 0.00108362
0.5039 0.4961 0.00111033 0.00111033
0.50303 0.49697 0.00113637 0.00113637
0.50159 0.49841 0.00117012 0.00117012
0.5014 0.4986 0.00120648 0.00120648
0.50147 0.49853 0.00121472 0.00121472
0.5002 0.4998 0.00118919 0.00118919
0.49967 0.50033 0.00120701 0.00120701
0.50036 0.49964 0.00129749 0.00129749
0.50122 0.49878 0.00127672 0.00127672
0.50132 0.49868 0.00133731 0.00133731
0.50081 0.49919 0.00135365 0.00135365
0.50035 0.49965 0.0013657 0.0013657
0.50149 0.49851 0.00131177 0.00131177
0.50212 0.49788 0.00131613 0.00131613
0.50249 0.49751 0.00125312 0.00125312
0.50281 0.49719 0.00119304 0.00119304
0.50167 0.49833 0.00118798 0.00118798
0.50128 0.49872 0.00117697 0.00117697
0.50118 0.49882 0.00113744 0.00113744
0.50096 0.49904 0.00119477 0.00119477
0.50124 0.49876 0.00127121 0.00127121
0.50205 0.49795 0.00131011 0.00131011
0.50108 0.49892 0.0013411 0.0013411
0.50101 0.49899 0.00126407 0.00126407
0.50093 0.49907 0.00124437 0.00124437
0.50137 0.49863 0.00124244 0.00124244
0.50142 0.49858 0.00128291 0.00128291
0.50196 0.49804 0.00127073 0.00127073
0.50168 0.49832 0.00127438 0.00127438
0.50217 0.49783 0.00119661 0.00119661
0.50177 0.49823 0.0012283 0.0012283
0.50212 0.49788 0.00121089 0.00121089
0.50191 0.49809 0.00111614 0.00111614
0.50161 0.49839 0.00112967 0.00112967
0.50121 0.49879 0.00118122 0.00118122
0.50127 0.49873 0.00127345 0.00127345
0.50048 0.49952 0.00125884 0.00125884
0.50016 0.49984 0.0012823 0.0012823
0.4999 0.5001 0.00125474 0.00125474
0.50015 0.49985 0.00126631 0.00126631
0.49914 0.50086 0.00133604 0.00133604
0.49878 0.50122 0.00133829 0.00133829
0.49981 0.50019 0.00137224 0.00137224
0.49994 0.50006 0.00132973 0.00132973
0.5004 0.4996 0.00131566 0.00131566
0.5013 0.4987 0.00134613 0.00134613
0.50118 0.49882 0.00136884 0.00136884
0.50124 0.49876 0.00137115 0.00137115
0.50188 0.49812 0.00143847 0.00143847
0.50151 0.49849 0.0013955 0.0013955
0.50135 0.49865 0.00138138 0.00138138
0.50041 0.49959 0.00134653 0.00134653
0.49994 0.50006 0.00133709 0.00133709
0.50058 0.49942 0.00135505 0.00135505
0.50162 0.49838 0.00135357 0.00135357
0.50091 0.49909 0.00135992 0.00135992
0.50265 0.49735 0.00134409 0.00134409
0.50211 0.49789 0.00130046 0.00130046
0.50164 0.49836 0.00130773 0.00130773
0.5012 0.4988 0.00136172 0.00136172
0.50012 0.49988 0.00137938 0.00137938
0.49999 0.50001 0.00140999 0.00140999
0.4993 0.5007 0.00142346 0.00142346
0.49875 0.50125 0.00142587 0.00142587
0.50007 0.49993 0.00137522 0.00137522
0.49989 0.50011 0.00137529 0.00137529
0.50013 0.49987 0.00136541 0.00136541
0.50018 0.49982 0.00136843 0.00136843
0.50013 0.49987 0.00137242 0.00137242
0.49978 0.50022 0.0013329 0.0013329
0.49914 0.50086 0.00134671 0.00134671
0.49914 0.50086 0.00130226 0.00130226
0.49949 0.50051 0.00127344 0.00127344
0.49949 0.50051 0.00128765 0.00128765
0.49977 0.50023 0.00129535 0.00129535
0.50033 0.49967 0.00124675 0.00124675
0.50087 0.49913 0.00122749 0.00122749
0.50144 0.49856 0.00120799 0.00120799
0.50118 0.49882 0.00119504 0.00119504
0.50162 0.49838 0.00117204 0.00117204
0.50035 0.49965 0.00123447 0.00123447
0.50115 0.49885 0.00129857 0.00129857
0.5014 0.4986 0.00129113 0.00129113
0.50174 0.49826 0.00133518 0.00133518
0.5012 0.4988 0.00135343 0.00135343
0.50139 0.49861 0.00132982 0.00132982
0.50212 0.49788 0.00127893 0.00127893
0.50208 0.49792 0.00133191 0.00133191
0.5016 0.4984 0.00136582 0.00136582
0.50131 0.49869 0.00133341 0.00133341
0.50019 0.49981 0.00126842 0.00126842
0.50033 0.49967 0.00130994 0.00130994
0.50048 0.49952 0.00139272 0.00139272
0.49938 0.50062 0.00139808 0.00139808
0.49945 0.50055 0.0013755 0.0013755
0.49922 0.50078 0.00138965 0.00138965
0.49841 0.50159 0.00143475 0.00143475
0.49867 0.50133 0.00144647 0.00144647
0.49886 0.50114 0.00142711 0.00142711
0.49983 0.50017 0.00151184 0.00151184
0.4991 0.5009 0.00151728 0.00151728
0.49938 0.50062 0.00154864 0.00154864
0.49949 0.50051 0.00152393 0.00152393
0.4995 0.5005 0.00150338 0.00150338
0.49937 0.50063 0.0015246 0.0015246
0.50031 0.49969 0.00151535 0.00151535
0.50008 0.49992 0.00152401 0.00152401
0.50019 0.49981 0.00153034 0.00153034
0.4992 0.5008 0.0015336 0.0015336
0.49904 0.50096 0.00164271 0.00164271
0.49808 0.50192 0.00152551 0.00152551
0.49686 0.50314 0.00156206 0.00156206
0.49635 0.50365 0.00156985 0.00156985
0.49672 0.50328 0.00155523 0.00155523
0.49643 0.50357 0.00148124 0.00148124
0.49684 0.50316 0.00142664 0.00142664
0.49702 0.50298 0.00141509 0.00141509
0.49785 0.50215 0.00150855 0.00150855
0.49786 0.50214 0.00149929 0.00149929
0.498 0.502 0.00146291 0.00146291
0.49883 0.50117 0.00140505 0.00140505
0.49872 0.50128 0.00141622 0.00141622
0.49853 0.50147 0.00142884 0.00142884
0.49786 0.50214 0.00144709 0.00144709
0.49801 0.50199 0.00146308 0.00146308
0.49764 0.50236 0.0015187 0.0015187
0.49781 0.50219 0.00155282 0.00155282
0.49745 0.50255 0.00159078 0.00159078
0.498 0.502 0.00162232 0.00162232
0.49827 0.50173 0.0016184 0.0016184
0.49804 0.50196 0.00161545 0.00161545
0.49788 0.50212 0.00158413 0.00158413
0.49855 0.50145 0.00166116 0.00166116
0.49875 0.50125 0.00162267 0.00162267
0.49796 0.50204 0.00171458 0.00171458
0.49835 0.50165 0.00169876 0.00169876
0.49889 0.50111 0.00166883 0.00166883
0.49855 0.50145 0.00162661 0.00162661
0.49861 0.50139 0.00169262 0.00169262
0.49872 0.50128 0.00174392 0.00174392
0.49865 0.50135 0.00177124 0.00177124
0.49922 0.50078 0.00171373 0.00171373
0.49918 0.50082 0.0016929 0.0016929
0.49907 0.50093 0.00164423 0.00164423
0.50002 0.49998 0.00159923 0.00159923
0.50045 0.49955 0.00155999 0.00155999
0.50055 0.49945 0.00151229 0.00151229
0.49916 0.50084 0.00154201 0.00154201
0.49937 0.50063 0.00163706 0.00163706
0.49994 0.50006 0.0016426 0.0016426
0.50007 0.49993 0.00159671 0.00159671
0.49917 0.50083 0.00165267 0.00165267
0.49941 0.50059 0.00172287 0.00172287
0.49864 0.50136 0.00176104 0.00176104
0.49973 0.50027 0.00174709 0.00174709
0.49868 0.50132 0.0018765 0.0018765
0.49754 0.50246 0.00188354 0.00188354
0.49671 0.50329 0.00188498 0.00188498
0.49747 0.50253 0.00188599 0.00188599
0.4969 0.5031 0.00184047 0.00184047
0.49856 0.50144 0.00191191 0.00191191
0.49938 0.50062 0.00190137 0.00190137
0.49949 0.50051 0.0019406 0.0019406
0.49917 0.50083 0.00197261 0.00197261
0.49908 0.50092 0.00195486 0.00195486
0.49949 0.50051 0.00198631 0.00198631
0.49938 0.50062 0.00197042 0.00197042
0.49833 0.50167 0.00200535 0.00200535
0.4987 0.5013 0.00193963 0.00193963
0.49848 0.50152 0.00186698 0.00186698
0.49817 0.50183 0.0019082 0.0019082
0.49761 0.50239 0.00188511 0.00188511
0.49816 0.50184 0.0019484 0.0019484
0.499 0.501 0.0019242 0.0019242
0.49763 0.50237 0.00196753 0.00196753
0.49732 0.50268 0.00191982 0.00191982
0.49693 0.50307 0.00190821 0.00190821
0.49835 0.50165 0.00195021 0.00195021
0.49923 0.50077 0.00194066 0.00194066
0.49832 0.50168 0.00194616 0.00194616
0.49794 0.50206 0.00205097 0.00205097
0.49792 0.50208 0.0020769 0.0020769
0.49697 0.50303 0.00194817 0.00194817
0.4965 0.5035 0.00193991 0.00193991
0.49577 0.50423 0.00192533 0.00192533
0.49623 0.50377 0.00189515 0.00189515
0.49618 0.50382 0.00189983 0.00189983
0.49745 0.50255 0.00187453 0.00187453
0.49713 0.50287 0.00185832 0.00185832
0.49812 0.50188 0.00186665 0.00186665
0.49816 0.50184 0.00187325 0.00187325
0.49832 0.50168 0.00190586 0.00190586
0.49766 0.50234 0.00188639 0.00188639
0.49822 0.50178 0.00186898 0.00186898
0.49915 0.50085 0.00186407 0.00186407
0.49831 0.50169 0.00187218 0.00187218
0.49743 0.50257 0.0018698 0.0018698
0.49743 0.50257 0.00188936 0.00188936
0.49706 0.50294 0.00190812 0.00190812
0.49717 0.50283 0.00191742 0.00191742
0.49711 0.50289 0.00196612 0.00196612
0.49841 0.50159 0.00188136 0.00188136
0.49874 0.50126 0.00188858 0.00188858
0.49987 0.50013 0.00183925 0.00183925
0.49878 0.50122 0.00187395 0.00187395
0.49799 0.50201 0.00189464 0.00189464
0.49798 0.50202 0.00189634 0.00189634
0.49816 0.50184 0.00193852 0.00193852
0.49757 0.50243 0.00197104 0.00197104
0.49749 0.50251 0.0019453 0.0019453
0.49763 0.50237 0.00186716 0.00186716
0.49758 0.50242 0.00178968 0.00178968
0.4974 0.5026 0.00180883 0.00180883
0.49682 0.50318 0.00175261 0.00175261
0.49687 0.50313 0.00179763 0.00179763
0.49788 0.50212 0.00179239 0.00179239
0.49766 0.50234 0.00183465 0.00183465
0.49681 0.50319 0.00186834 0.00186834
0.49706 0.50294 0.00192834 0.00192834
0.49752 0.50248 0.00187983 0.00187983
0.49753 0.50247 0.00191934 0.00191934
0.4975 0.5025 0.00188419 0.00188419
0.4968 0.5032 0.0019397 0.0019397
0.49717 0.50283 0.00197236 0.00197236
0.49732 0.50268 0.00191307 0.00191307
0.49738 0.50262 0.00195743 0.00195743
0.49727 0.50273 0.00193317 0.00193317
0.49693 0.50307 0.00190398 0.00190398
0.49726 0.50274 0.0019668 0.0019668
0.49648 0.50352 0.00202068 0.00202068
0.49697 0.50303 0.00195039 0.00195039
0.49649 0.50351 0.00190411 0.00190411
0.49682 0.50318 0.00192758 0.00192758
0.49691 0.50309 0.00188267 0.00188267
0.49834 0.50166 0.00187419 0.00187419
0.49826 0.50174 0.00186708 0.00186708
0.49828 0.50172 0.00187871 0.00187871
0.4973 0.5027 0.00175215 0.00175215
0.49694 0.50306 0.00181691 0.00181691
0.49691 0.50309 0.00187665 0.00187665
0.4973 0.5027 0.00181967 0.00181967
0.49749 0.50251 0.00178098 0.00178098
0.4985 0.5015 0.00177215 0.00177215
0.49906 0.50094 0.00176678 0.00176678
0.49808 0.50192 0.001843 0.001843
0.49779 0.50221 0.00181892 0.00181892
0.4977 0.5023 0.00179106 0.00179106
0.49679 0.50321 0.00169813 0.00169813
0.49603 0.50397 0.00167599 0.00167599
0.49633 0.50367 0.00169857 0.00169857
0.49583 0.50417 0.0017003 0.0017003
0.49645 0.50355 0.00169599 0.00169599
0.49544 0.50456 0.00179421 0.00179421
0.49621 0.50379 0.00180021 0.00180021
0.49692 0.50308 0.00179298 0.00179298
0.49687 0.50313 0.00181272 0.00181272
0.49653 0.50347 0.00180817 0.00180817
0.49698 0.50302 0.00176602 0.00176602
0.49654 0.50346 0.00181944 0.00181944
0.49582 0.50418 0.00188082 0.00188082
0.49566 0.50434 0.00185526 0.00185526
0.49637 0.50363 0.00189203 0.00189203
0.49573 0.50427 0.00197909 0.00197909
0.49563 0.50437 0.00202397 0.00202397
0.49569 0.50431 0.00210549 0.00210549
0.49516 0.50484 0.00213466 0.00213466
0.49568 0.50432 0.00214325 0.00214325
0.49639 0.50361 0.00223769 0.00223769
0.49695 0.50305 0.00219619 0.00219619
0.4965 0.5035 0.00217447 0.00217447
0.49665 0.50335 0.00216518 0.00216518
0.49738 0.50262 0.00217123 0.00217123
0.49708 0.50292 0.00218611 0.00218611
0.49693 0.50307 0.00222239 0.00222239
0.49742 0.50258 0.00212439 0.00212439
0.49711 0.50289 0.0021479 0.0021479
0.49729 0.50271 0.00208782 0.00208782
0.49797 0.50203 0.00195546 0.00195546
0.49759 0.50241 0.00198584 0.00198584
0.49716 0.50284 0.00196783 0.00196783
0.49799 0.50201 0.00189833 0.00189833
0.49883 0.50117 0.00191057 0.00191057
0.49851 0.50149 0.00190005 0.00190005
0.49848 0.50152 0.0018789 0.0018789
0.49795 0.50205 0.00187017 0.00187017
0.49772 0.50228 0.00183772 0.00183772
0.49759 0.50241 0.00180251 0.00180251
0.4975 0.5025 0.00190161 0.00190161
0.49697 0.50303 0.00194361 0.00194361
0.49676 0.50324 0.00199521 0.00199521
0.4962 0.5038 0.00188442 0.00188442
0.49571 0.50429 0.00192308 0.00192308
0.49576 0.50424 0.00188695 0.00188695
0.49643 0.50357 0.00193762 0.00193762
0.49683 0.50317 0.00185093 0.00185093
0.49634 0.50366 0.00178303 0.00178303
0.49634 0.50366 0.00179437 0.00179437
0.49716 0.50284 0.00192515 0.00192515
0.49775 0.50225 0.00188476 0.00188476
0.49829 0.50171 0.00194823 0.00194823
0.49802 0.50198 0.00194174 0.00194174
0.49831 0.50169 0.00189224 0.00189224
0.49861 0.50139 0.00186727 0.00186727
0.49858 0.50142 0.0018361 0.0018361
0.49907 0.50093 0.00177792 0.00177792
0.49775 0.50225 0.00175558 0.00175558
0.49712 0.50288 0.00174948 0.00174948
0.49805 0.50195 0.00178257 0.00178257
0.49731 0.50269 0.00175886 0.00175886
0.49845 0.50155 0.0017756 0.0017756
0.49787 0.50213 0.00183478 0.00183478
0.4978 0.5022 0.00197368 0.00197368
0.49782 0.50218 0.00194995 0.00194995
0.49856 0.50144 0.00194457 0.00194457
0.49872 0.50128 0.00205527 0.00205527
0.49799 0.50201 0.00206967 0.00206967
0.49859 0.50141 0.00199796 0.00199796
0.49804 0.50196 0.00195709 0.00195709
0.49782 0.50218 0.00196669 0.00196669
0.49699 0.50301 0.00204417 0.00204417
0.49813 0.50187 0.00205353 0.00205353
0.49777 0.50223 0.00204897 0.00204897
0.49802 0.50198 0.00204612 0.00204612
0.49829 0.50171 0.00202314 0.00202314
0.49855 0.50145 0.00200467 0.00200467
0.49733 0.50267 0.00202348 0.00202348
0.49902 0.50098 0.00206368 0.00206368
0.4999 0.5001 0.00209183 0.00209183
0.49976 0.50024 0.00204105 0.00204105
0.49884 0.50116 0.0019768 0.0019768
0.49872 0.50128 0.00210101 0.00210101
0.49955 0.50045 0.00223461 0.00223461
0.49986 0.50014 0.00215584 0.00215584
0.49983 0.50017 0.0021156 0.0021156
0.50018 0.49982 0.00208292 0.00208292
0.5005 0.4995 0.00207662 0.00207662
0.50148 0.49852 0.00202314 0.00202314
0.50021 0.49979 0.00199496 0.00199496
0.5007 0.4993 0.00201201 0.00201201
0.50093 0.49907 0.00204661 0.00204661
0.49916 0.50084 0.00210422 0.00210422
0.49815 0.50185 0.00207039 0.00207039
0.49812 0.50188 0.00205502 0.00205502
0.49924 0.50076 0.00199885 0.00199885
0.50076 0.49924 0.00207148 0.00207148
0.50054 0.49946 0.00199682 0.00199682
0.50139 0.49861 0.00200551 0.00200551
0.50088 0.49912 0.00204849 0.00204849
0.50115 0.49885 0.00200215 0.00200215
0.50214 0.49786 0.00203176 0.00203176
0.50181 0.49819 0.00206147 0.00206147
0.50143 0.49857 0.00202621 0.00202621
0.50183 0.49817 0.002116 0.002116
0.50193 0.49807 0.00206017 0.00206017
0.50125 0.49875 0.00204247 0.00204247
0.50114 0.49886 0.00205887 0.00205887
0.50081 0.49919 0.00203682 0.00203682
0.50042 0.49958 0.00196354 0.00196354
0.50024 0.49976 0.00215045 0.00215045
0.49926 0.50074 0.00218991 0.00218991
0.49925 0.50075 0.00218033 0.00218033
0.49931 0.50069 0.00220343 0.00220343
0.49949 0.50051 0.00225793 0.00225793
0.49972 0.50028 0.00218432 0.00218432
0.50033 0.49967 0.00221566 0.00221566
0.50054 0.49946 0.00221405 0.00221405
0.50087 0.49913 0.00237056 0.00237056
0.50065 0.49935 0.00238502 0.00238502
0.50042 0.49958 0.00232433 0.00232433
0.50044 0.49956 0.00227261 0.00227261
0.49968 0.50032 0.00231155 0.00231155
0.50103 0.49897 0.00232924 0.00232924
0.50028 0.49972 0.00242784 0.00242784
0.49872 0.50128 0.00244622 0.00244622
0.49957 0.50043 0.00239637 0.00239637
0.49992 0.50008 0.0025368 0.0025368
0.49914 0.50086 0.00242115 0.00242115
0.49951 0.50049 0.00243553 0.00243553
0.4999 0.5001 0.00250023 0.00250023
0.50043 0.49957 0.00253564 0.00253564
0.4999 0.5001 0.00252676 0.00252676
0.49972 0.50028 0.00248495 0.00248495
0.50043 0.49957 0.00246447 0.00246447
0.49977 0.50023 0.00242858 0.00242858
0.50109 0.49891 0.00248061 0.00248061
0.50147 0.49853 0.00256696 0.00256696
0.50101 0.49899 0.00262708 0.00262708
0.50122 0.49878 0.00264229 0.00264229
0.50053 0.49947 0.00262827 0.00262827
0.50118 0.49882 0.00265528 0.00265528
0.5004 0.4996 0.00261188 0.00261188
0.5004 0.4996 0.00248089 0.00248089
0.50093 0.49907 0.0025855 0.0025855
0.50095 0.49905 0.00267071 0.00267071
0.50008 0.49992 0.00273137 0.00273137
0.50087 0.49913 0.00273121 0.00273121
0.50171 0.49829 0.00266552 0.00266552
0.50111 0.49889 0.00266331 0.00266331
0.50111 0.49889 0.0027098 0.0027098
0.49974 0.50026 0.00269343 0.00269343
0.49893 0.50107 0.00271348 0.00271348
0.49913 0.50087 0.00260692 0.00260692
0.49995 0.50005 0.00271177 0.00271177
0.49986 0.50014 0.00268691 0.00268691
0.49984 0.50016 0.00266535 0.00266535
0.49949 0.50051 0.00270478 0.00270478
0.49945 0.50055 0.00274641 0.00274641
0.49973 0.50027 0.00270541 0.00270541
0.49985 0.50015 0.0026228 0.0026228
0.5004 0.4996 0.00264182 0.00264182
0.50081 0.49919 0.00264997 0.00264997
0.50149 0.49851 0.00265928 0.00265928
0.50151 0.49849 0.00256179 0.00256179
0.50067 0.49933 0.00251224 0.00251224
0.49996 0.50004 0.00252014 0.00252014
0.49983 0.50017 0.00246742 0.00246742
0.50086 0.49914 0.00247178 0.00247178
0.50072 0.49928 0.00248208 0.00248208
0.50023 0.49977 0.0024325 0.0024325
0.49999 0.50001 0.00238789 0.00238789
0.49999 0.50001 0.00238187 0.00238187
0.50023 0.49977 0.00234626 0.00234626
0.50109 0.49891 0.00235388 0.00235388
0.5004 0.4996 0.00236737 0.00236737
0.50022 0.49978 0.00232567 0.00232567
0.50068 0.49932 0.00240234 0.00240234
0.5009 0.4991 0.00247084 0.00247084
0.50181 0.49819 0.00248244 0.00248244
0.50096 0.49904 0.00249519 0.00249519
0.50097 0.49903 0.00256999 0.00256999
0.50055 0.49945 0.00249104 0.00249104
0.49983 0.50017 0.00250705 0.00250705
0.49936 0.50064 0.00246211 0.00246211
0.49912 0.50088 0.00252415 0.00252415
0.50018 0.49982 0.00243734 0.00243734
0.49949 0.50051 0.00237916 0.00237916
0.49925 0.50075 0.00233437 0.00233437
0.49939 0.50061 0.00231729 0.00231729
0.50013 0.49987 0.00225927 0.00225927
0.50034 0.49966 0.00237657 0.00237657
0.50064 0.49936 0.00238231 0.00238231
0.50066 0.49934 0.00238178 0.00238178
0.50179 0.49821 0.00233831 0.00233831
0.50189 0.49811 0.00233299 0.00233299
0.50192 0.49808 0.00235717 0.00235717
0.50196 0.49804 0.00241644 0.00241644
0.50224 0.49776 0.00255247 0.00255247
0.50121 0.49879 0.00244207 0.00244207
0.50093 0.49907 0.00250831 0.00250831
0.50077 0.49923 0.0024682 0.0024682
0.50126 0.49874 0.00241825 0.00241825
0.50224 0.49776 0.00240396 0.00240396
