0 131 0 142
0 123 0 303
0 127 0 157
0 114 0 190
0 126 0 123
0 143 0 113
0 127 3 49
0 114 0 146
0 116 0 95
0 137 0 118
0 118 2 123
0 123 2 122
2 123 0 129
0 133 2 204
1 109 0 182
1 120 1 327
0 122 0 236
0 121 0 47
0 114 0 116
0 126 0 163
0 126 0 81
0 139 0 191
0 119 0 228
0 104 0 284
0 130 0 258
0 153 0 240
0 125 0 97
0 113 0 222
0 117 0 217
0 131 0 202
0 98 1 158
0 127 0 104
0 118 0 86
0 119 0 78
0 118 0 184
0 121 0 196
0 141 0 218
0 114 0 250
0 118 0 110
0 122 0 128
0 131 0 227
0 137 0 239
0 116 0 91
0 126 0 147
0 141 0 116
0 124 0 84
0 123 0 115
0 112 0 164
0 131 0 148
0 139 1 148
0 138 0 263
1 141 0 190
0 154 0 138
0 120 0 106
0 135 2 54
0 149 0 123
0 137 0 53
0 135 1 66
0 150 3 33
0 142 0 94
1 128 0 124
0 136 0 118
0 124 1 118
0 143 2 227
0 137 0 136
1 130 0 124
0 124 0 178
0 132 0 283
1 136 0 251
1 135 0 97
0 147 1 69
0 129 0 110
0 128 0 197
0 122 1 142
0 129 0 51
0 124 0 49
0 138 0 83
1 137 0 114
0 125 1 69
0 119 0 186
0 121 1 154
0 127 0 112
0 123 0 106
0 131 0 177
1 110 0 92
0 123 0 293
0 126 0 197
0 135 0 141
1 134 0 252
0 118 1 90
0 125 0 127
0 116 0 57
0 111 0 79
0 134 0 170
2 118 0 252
0 136 1 247
0 109 0 115
0 102 1 95
1 101 0 226
1 133 0 178
