0 105 0 495
0 116 0 533
0 111 0 569
0 75 0 596
0 97 0 568
0 93 0 633
0 97 0 558
0 71 0 690
0 65 0 668
0 82 0 692
0 96 0 543
0 102 0 555
0 89 0 636
0 115 0 693
0 91 0 598
0 106 0 653
0 100 0 620
0 110 0 629
0 97 0 525
0 73 0 588
0 118 0 501
0 105 0 526
0 119 0 550
0 69 0 572
0 113 0 612
0 73 0 655
0 85 0 727
0 69 0 701
0 87 0 714
0 95 0 649
0 105 0 496
0 81 0 651
0 83 0 626
0 78 0 622
0 114 0 604
0 69 0 605
0 77 0 578
0 81 0 582
0 85 0 618
0 93 0 610
0 98 0 556
0 92 0 645
0 76 0 697
0 80 0 575
0 109 0 618
0 99 0 645
0 103 0 692
0 110 0 647
0 93 0 673
0 113 0 604
0 97 0 484
0 85 0 587
0 121 0 541
0 113 0 541
0 93 0 546
0 87 0 630
0 124 0 648
0 118 0 631
0 94 0 682
0 73 0 720
0 94 0 446
0 95 0 556
0 80 0 576
0 90 0 577
0 117 0 546
0 111 0 640
0 108 0 627
0 90 0 611
0 98 0 583
0 89 0 713
0 84 0 516
0 121 0 563
0 81 0 602
0 111 0 554
0 69 0 671
0 124 0 714
0 112 0 730
0 66 0 695
0 81 0 611
0 89 0 520
0 99 0 541
0 100 0 549
0 119 0 575
0 90 0 631
0 89 0 749
0 73 0 661
0 85 0 684
0 92 0 655
0 91 0 582
0 88 0 618
0 115 0 356
0 94 0 460
0 115 0 500
0 83 0 645
0 104 0 526
0 70 0 613
0 76 0 563
0 105 0 652
0 72 0 658
0 118 0 653
