0 113 1 355
0 109 1 164
0 118 4 228
0 87 0 399
0 124 13 431
0 128 2 376
0 118 0 309
0 119 8 366
0 96 0 286
0 140 2 245
0 109 2 259
0 99 0 347
0 124 2 247
0 98 0 281
0 114 0 469
0 116 1 329
0 106 0 372
0 112 0 374
0 108 0 312
0 87 1 260
0 104 0 320
0 106 0 501
0 118 0 364
0 97 4 296
0 101 1 435
0 151 0 455
0 136 0 446
0 106 0 367
0 122 1 311
0 124 5 320
0 108 0 431
0 107 0 548
0 101 2 236
0 110 0 247
0 116 0 340
0 108 2 433
0 100 0 301
0 120 0 350
0 107 0 541
0 128 0 307
0 96 8 200
0 116 1 214
0 115 0 279
0 126 0 352
0 118 2 207
0 127 0 280
0 102 0 192
0 110 1 274
0 112 4 250
0 124 0 288
0 104 0 229
0 114 3 346
0 135 0 314
0 80 0 186
0 114 1 266
0 94 5 275
0 105 0 410
0 80 0 313
0 110 1 314
0 126 3 334
0 88 1 376
0 123 6 311
0 99 2 418
0 93 0 384
0 96 1 239
0 109 0 285
0 101 13 254
0 122 2 326
0 111 2 347
0 145 3 231
0 125 0 301
0 140 7 238
0 102 0 298
0 112 6 289
0 112 1 270
0 136 0 183
0 90 7 160
0 129 0 389
0 133 0 251
0 118 1 236
0 114 0 227
0 114 2 342
0 148 1 340
0 101 0 267
0 80 2 327
0 135 2 180
0 140 3 185
0 138 8 227
0 122 0 322
0 118 0 231
0 109 0 443
0 99 0 212
0 131 0 219
0 102 0 267
0 108 0 244
0 117 0 373
0 94 0 256
0 129 1 301
0 97 8 190
0 105 0 260
