0 106 0 208
0 86 0 368
0 82 0 155
0 82 0 174
0 87 2 240
0 72 1 225
0 86 0 370
0 93 0 205
0 81 0 161
0 89 1 306
0 88 0 191
0 91 0 284
0 103 0 368
0 98 0 177
0 67 4 73
0 98 1 66
0 91 0 155
0 110 0 99
0 90 5 144
0 81 0 278
0 84 0 212
0 98 0 196
0 113 0 161
0 110 0 94
0 113 0 169
0 123 0 250
0 105 1 282
0 98 0 141
0 87 0 133
0 102 0 232
0 117 0 308
0 124 0 212
0 93 0 194
0 107 0 200
0 107 0 231
0 141 0 356
0 90 1 266
0 81 0 334
0 107 0 182
0 105 0 151
0 87 0 191
0 87 2 183
0 96 0 153
0 101 0 153
0 104 0 317
0 98 0 210
0 90 0 175
0 105 0 148
0 93 1 187
0 101 0 241
0 109 0 114
0 95 0 142
0 67 0 83
0 115 3 83
0 96 0 137
0 101 0 112
0 94 0 175
0 83 0 252
0 104 1 193
0 114 0 371
0 106 0 185
0 89 0 128
0 102 0 51
0 102 5 169
0 102 0 124
0 105 0 138
0 87 0 224
0 117 0 238
0 102 0 295
0 82 0 175
0 100 0 202
0 87 0 280
0 93 0 198
0 95 0 280
0 61 0 320
0 95 0 213
0 81 2 143
0 100 0 152
0 70 0 75
0 104 4 158
0 71 0 135
0 75 0 155
0 87 5 229
0 108 0 182
0 100 0 80
0 101 1 253
0 107 2 256
0 103 0 209
0 115 1 227
0 90 0 90
0 93 0 273
0 88 0 475
0 91 1 148
0 103 0 241
0 64 0 469
0 105 0 188
0 112 0 296
0 106 0 281
0 77 0 175
0 92 0 73
