0 98 0 651
0 87 0 785
0 80 0 927
0 131 0 978
0 91 0 981
0 113 0 967
0 98 0 959
0 83 0 981
0 101 0 982
0 95 0 978
0 107 0 687
0 101 0 870
0 89 0 918
0 92 0 970
0 104 0 970
0 99 0 988
0 82 0 1000
0 98 0 1000
0 70 0 1000
0 88 0 1000
0 76 0 678
0 92 0 811
0 76 0 880
0 96 0 920
0 99 0 969
0 83 0 984
0 117 0 990
0 91 0 990
0 89 0 980
0 85 0 1000
0 77 0 682
0 101 0 811
0 71 0 852
0 103 0 932
0 75 0 1000
0 111 0 1000
0 81 0 1000
0 75 0 1000
0 96 0 1000
0 86 0 1000
0 101 0 741
0 112 0 819
0 99 0 883
0 87 0 951
0 90 0 990
0 95 0 984
0 91 0 990
0 91 0 1000
0 109 0 975
0 84 0 1000
0 87 0 762
0 70 0 858
0 114 0 931
0 92 0 952
0 74 0 955
0 96 0 965
0 88 0 975
0 84 0 970
0 98 0 987
0 89 0 1000
0 90 0 752
0 101 0 903
0 74 0 943
0 101 0 966
0 68 0 979
0 114 0 978
0 111 0 989
0 85 0 1000
0 102 0 1000
0 87 0 989
0 86 0 699
0 109 0 830
0 99 0 899
0 73 0 974
0 112 0 968
0 101 0 970
0 101 0 981
0 92 0 981
0 98 0 1000
0 90 0 1000
0 113 0 746
0 75 0 837
0 77 0 934
0 72 0 958
0 103 0 960
0 88 0 966
0 80 0 991
0 109 0 1000
0 89 0 1000
0 90 0 1000
0 89 0 653
0 106 0 769
0 119 0 827
0 129 0 913
0 76 0 969
0 98 0 967
0 99 0 983
0 91 0 977
0 89 0 973
0 94 0 989
