0 116 0 99
0 125 1 70
0 121 1 140
0 138 0 172
0 126 0 184
0 140 0 134
0 142 0 108
0 117 0 146
0 147 0 84
0 129 0 151
0 142 0 158
0 127 1 153
0 121 1 218
0 102 0 221
0 139 0 141
0 108 0 59
0 122 0 185
0 123 0 225
0 125 0 151
0 107 0 71
1 131 0 228
0 132 0 90
1 124 0 140
0 136 0 134
0 145 2 124
0 120 0 154
0 136 0 166
1 124 0 121
0 122 0 180
0 130 0 180
0 95 0 72
0 117 0 92
0 129 0 113
0 107 0 157
1 117 1 120
0 130 0 308
0 121 0 132
0 130 0 151
0 113 0 112
0 131 0 101
0 113 0 279
0 126 0 214
0 124 0 212
1 137 0 89
0 113 1 116
0 143 0 98
0 139 1 185
0 135 0 145
0 124 0 78
0 125 0 93
0 108 2 116
0 140 0 74
0 134 0 173
0 119 0 83
0 130 0 82
0 141 2 94
1 119 3 102
1 111 1 75
0 131 0 146
0 132 0 122
1 124 1 135
0 126 0 159
0 140 0 97
0 128 0 260
1 132 0 78
0 138 0 61
1 151 3 40
0 139 0 235
0 136 0 253
1 125 0 202
0 113 1 103
1 126 0 179
0 119 0 223
0 121 0 148
0 128 0 143
2 134 0 126
0 128 0 212
0 126 0 109
0 131 0 121
0 139 0 88
0 116 2 74
0 106 0 128
0 124 0 195
0 116 0 70
0 105 0 153
1 124 0 112
0 113 0 117
0 112 0 157
0 123 0 197
0 140 0 126
0 115 1 122
2 120 0 117
0 104 0 69
0 109 1 167
1 127 1 136
0 132 0 112
0 112 1 83
0 131 0 156
1 112 0 184
0 133 0 207
