0 101 0 242
0 88 0 520
0 96 0 356
0 111 1 246
0 83 0 364
0 97 0 283
0 86 0 332
0 72 1 171
0 87 0 219
0 93 0 274
0 112 0 154
0 95 0 101
0 102 0 242
0 91 1 368
0 88 0 316
0 95 0 243
0 90 0 199
0 69 0 236
0 77 1 165
0 91 0 205
0 130 0 377
0 88 0 303
0 83 0 334
0 106 0 282
0 88 2 182
0 82 0 228
0 83 0 266
0 89 2 240
0 100 0 216
0 128 2 230
0 79 0 302
0 81 0 208
0 101 0 255
0 69 0 245
0 100 0 257
0 101 0 268
0 79 0 224
0 98 0 277
0 110 2 289
0 76 9 118
0 96 0 221
0 82 1 248
0 104 0 282
0 68 0 164
0 87 14 130
0 84 0 148
0 98 3 171
0 104 0 148
0 90 0 297
0 102 0 232
0 88 5 189
0 108 2 217
0 78 0 271
0 103 0 211
0 118 0 238
0 85 0 301
0 68 0 312
0 109 0 210
0 88 0 352
0 86 0 465
0 100 3 238
0 91 0 227
0 85 0 190
0 101 6 190
0 101 0 377
0 83 0 281
0 95 0 348
0 114 0 318
0 87 0 633
0 97 4 245
0 104 1 138
0 90 0 206
0 106 0 219
0 96 0 424
0 65 2 88
0 81 0 135
0 105 0 244
0 78 0 280
0 66 0 323
0 83 0 294
0 98 0 176
0 105 0 415
0 113 0 351
0 125 5 367
0 70 1 441
0 99 5 373
0 101 0 243
0 94 0 149
0 93 0 299
0 97 0 303
0 94 0 226
0 81 0 260
0 101 1 222
0 82 4 111
0 88 0 101
0 105 0 369
0 121 0 360
0 108 0 362
0 81 0 204
0 92 0 229
