808 823 1174 1296
824 834 1270 1308
855 799 1301 1368
825 825 1334 1457
815 796 1335 1512
829 805 1377 1557
851 801 1373 1599
851 820 1387 1635
811 825 1419 1676
811 815 1453 1728
872 862 1236 1330
842 882 1229 1391
890 856 1273 1462
900 867 1315 1479
858 835 1337 1545
844 862 1381 1537
830 876 1391 1564
855 862 1431 1601
866 874 1459 1643
894 907 1497 1692
861 874 1428 1302
878 858 1432 1360
863 873 1491 1375
912 811 1499 1427
835 847 1523 1484
879 879 1595 1477
800 870 1579 1542
893 825 1624 1573
920 843 1688 1627
829 897 1691 1672
868 894 1438 1254
872 826 1426 1331
856 868 1472 1382
910 838 1493 1424
866 857 1525 1442
825 866 1561 1474
893 859 1592 1495
846 907 1647 1537
870 871 1658 1570
856 861 1682 1623
880 887 1414 1224
861 937 1456 1239
867 891 1524 1283
892 837 1562 1303
880 891 1595 1302
836 879 1651 1298
920 912 1708 1338
860 892 1747 1366
846 887 1784 1377
851 837 1789 1388
875 831 1366 1180
841 831 1360 1221
866 876 1348 1309
836 877 1423 1335
881 888 1462 1361
866 856 1466 1418
856 828 1489 1431
876 826 1513 1498
839 857 1517 1532
876 853 1543 1547
858 852 1286 1363
899 887 1308 1413
899 910 1321 1513
842 888 1343 1545
869 922 1388 1588
850 853 1413 1626
883 890 1422 1683
878 867 1459 1709
906 840 1482 1738
852 869 1464 1780
891 869 1429 1200
881 878 1475 1224
876 844 1501 1235
876 832 1565 1254
920 833 1609 1276
877 833 1667 1267
871 843 1727 1297
819 827 1762 1307
861 842 1822 1324
874 889 1879 1315
852 873 1408 1245
818 918 1492 1268
850 911 1540 1283
866 831 1602 1356
886 861 1617 1373
872 920 1627 1414
902 866 1664 1432
863 905 1687 1470
868 880 1711 1490
843 878 1793 1461
852 853 1457 1217
832 866 1512 1264
825 893 1547 1292
866 842 1625 1305
865 844 1641 1338
847 819 1675 1357
898 847 1699 1382
852 856 1746 1415
907 820 1738 1439
851 883 1744 1463
