0 93 0 476
0 126 0 575
0 114 0 622
0 99 0 637
0 105 0 673
0 98 0 682
0 113 0 735
0 120 0 743
0 115 0 758
0 93 0 756
0 120 0 506
0 85 0 627
0 100 0 727
0 90 0 662
0 116 0 688
0 121 0 674
0 112 0 713
0 130 0 689
0 129 0 664
0 111 0 634
0 107 0 566
0 113 0 590
0 147 0 630
0 131 0 702
0 124 0 681
0 132 0 685
0 108 0 681
0 131 0 663
0 96 0 690
0 97 0 703
0 146 0 578
0 102 0 599
0 110 0 661
0 117 0 693
0 116 0 593
0 106 0 640
0 122 0 640
0 123 0 713
0 77 0 683
0 134 0 677
0 98 0 584
0 149 0 619
0 99 0 625
0 167 0 628
0 120 0 613
0 123 0 663
0 126 0 683
0 94 0 733
0 134 0 703
0 116 0 639
0 101 0 550
0 139 0 617
0 164 0 641
0 106 0 688
0 109 0 727
0 115 0 725
0 132 0 737
0 137 0 711
0 122 0 731
0 144 0 749
0 115 0 464
0 110 0 597
0 100 0 623
0 152 0 649
0 141 0 687
0 96 0 674
0 133 0 637
0 133 0 614
0 140 0 658
0 96 0 698
0 129 0 530
0 117 0 638
0 104 0 681
0 107 0 703
0 108 0 772
0 110 0 724
0 93 0 709
0 141 0 622
0 81 0 670
0 135 0 736
0 116 0 575
0 119 0 667
0 121 0 699
0 127 0 708
0 110 0 631
0 104 0 655
0 100 0 677
0 112 0 648
0 141 0 658
0 106 0 709
0 130 0 648
0 89 0 658
0 138 0 682
0 106 0 663
0 103 0 635
0 122 0 749
0 100 0 781
0 112 0 743
0 107 0 761
0 134 0 716
