0 136 0 965
0 146 0 1000
0 133 0 1000
0 116 0 1000
0 129 0 1000
0 146 0 1000
0 131 0 1000
0 129 0 1000
0 128 0 1000
0 140 0 1000
0 134 0 855
0 136 0 945
0 147 0 956
0 118 0 1000
0 135 0 1000
1 135 0 1000
0 132 0 1000
0 130 0 1000
0 139 0 1000
0 143 0 1000
0 134 0 767
0 140 0 934
0 136 0 983
0 123 0 1000
0 140 0 1000
1 134 0 1000
0 135 0 1000
0 138 0 1000
1 142 0 1000
0 139 0 1000
0 135 0 875
2 129 0 976
0 127 0 1000
0 127 0 1000
0 141 0 1000
1 111 0 1000
1 143 0 1000
1 137 0 1000
1 145 0 1000
0 157 0 1000
0 132 0 906
0 128 0 974
1 144 0 1000
0 145 0 1000
1 142 0 1000
0 126 0 1000
0 119 0 1000
2 140 0 1000
2 128 0 1000
0 119 0 1000
2 118 0 823
0 137 0 924
2 143 0 991
2 133 0 991
0 151 0 998
2 164 0 1000
2 130 0 1000
0 150 0 1000
0 134 0 1000
0 149 0 1000
0 120 0 764
0 119 0 949
0 120 0 963
0 122 0 986
0 119 0 1000
0 120 0 1000
0 143 0 1000
0 113 0 1000
0 111 0 1000
0 138 0 1000
0 117 0 656
0 132 0 864
0 135 0 952
0 133 0 963
1 123 0 973
0 134 0 988
0 149 0 988
0 123 0 998
0 126 0 998
1 115 0 1000
1 140 0 711
0 137 0 893
0 154 0 982
0 135 0 991
0 139 0 1000
0 144 0 1000
2 142 0 1000
0 134 0 1000
0 140 0 1000
0 125 0 1000
0 151 0 852
0 156 0 944
0 138 0 963
0 145 0 1000
0 130 0 1000
1 146 0 1000
0 164 0 1000
0 130 0 1000
0 130 0 1000
0 136 0 1000
