1 118 0 182
0 137 0 198
0 123 0 251
0 126 1 173
0 123 0 117
0 115 0 94
0 139 1 103
0 132 0 139
0 130 0 143
0 137 0 130
0 119 0 177
0 124 0 166
0 142 0 324
0 144 0 259
2 142 0 221
0 138 0 162
1 163 0 206
0 150 0 125
2 137 0 94
0 129 0 203
0 131 1 148
1 147 1 116
0 134 1 146
1 155 0 152
0 137 2 201
0 140 0 196
2 156 1 164
0 134 1 228
1 145 1 221
1 119 0 209
0 137 0 82
0 129 1 114
1 136 0 143
0 130 1 221
0 123 0 238
0 132 1 138
0 139 0 166
0 126 0 153
0 114 0 192
0 133 0 146
0 132 0 139
0 133 0 75
1 127 0 215
0 154 0 161
0 152 0 221
0 126 0 116
0 132 0 259
0 118 0 122
0 159 0 199
1 162 1 114
0 124 0 51
1 133 0 124
1 140 0 161
0 132 0 97
0 144 0 153
0 126 0 75
0 130 0 78
0 125 0 153
0 126 0 75
0 135 0 148
0 146 0 148
0 133 0 281
0 126 1 82
0 129 0 137
0 141 0 196
0 112 0 106
0 143 0 239
0 130 1 82
0 153 1 155
0 143 0 184
1 133 0 149
0 142 1 206
0 139 0 194
0 129 0 96
0 135 0 179
0 147 0 163
1 125 1 166
0 122 1 75
0 122 0 106
0 131 0 119
0 140 1 74
0 140 0 168
0 122 1 175
1 131 0 154
0 112 0 124
0 148 0 195
0 121 0 257
0 119 0 159
1 125 0 187
1 122 1 158
0 130 0 185
0 133 1 111
0 124 0 130
0 135 0 150
1 148 1 138
0 136 0 317
0 138 0 145
1 137 0 150
1 113 2 62
0 134 0 112
