0 140 0 104
0 125 0 190
1 114 1 166
0 124 0 154
0 122 0 109
1 120 0 211
1 101 2 256
0 120 0 182
1 119 0 181
0 110 0 220
0 124 0 127
1 105 0 118
0 93 2 126
0 114 0 161
0 99 0 240
1 103 0 219
0 119 0 116
0 117 0 231
0 125 1 112
1 114 0 231
1 137 0 149
0 113 0 152
0 107 0 235
2 137 0 178
0 113 0 175
0 124 0 306
0 152 0 241
0 132 0 128
0 98 0 260
0 115 0 156
0 139 0 145
0 115 0 171
0 123 1 113
0 124 0 114
0 124 1 92
0 115 1 117
0 157 1 71
0 125 0 219
0 119 1 100
0 122 0 117
0 126 0 158
0 124 0 181
0 104 0 157
0 93 1 250
0 122 0 233
1 123 0 335
0 129 1 114
0 110 0 131
0 121 0 234
0 112 1 359
0 131 0 156
0 128 0 65
0 96 0 194
1 114 2 29
0 109 0 96
0 84 0 29
0 117 0 187
0 110 0 284
0 105 0 135
0 108 0 101
0 113 0 117
0 116 0 116
0 93 0 154
2 117 0 225
0 102 0 171
0 105 0 135
0 102 0 162
0 118 0 136
1 106 0 151
0 115 1 96
0 121 0 240
0 132 0 275
0 125 0 147
0 121 0 209
0 105 1 185
0 112 0 183
0 99 0 155
0 130 0 286
0 106 0 320
0 111 0 155
0 112 0 120
0 109 0 210
0 108 0 114
0 121 0 127
0 93 0 222
0 104 1 171
0 111 0 127
0 112 0 173
0 110 0 299
0 113 1 77
1 120 0 147
1 102 0 320
0 120 0 379
0 109 0 310
0 104 0 279
0 131 0 200
0 133 0 233
0 117 0 178
0 116 0 248
0 135 0 269
