0 143 0 495
0 151 0 682
0 137 0 908
2 141 0 951
1 136 0 919
0 123 0 924
0 131 0 926
0 132 0 931
0 137 0 932
0 169 0 932
0 161 0 495
0 140 0 693
0 152 0 853
0 130 0 877
0 139 0 918
0 147 0 902
0 136 0 885
1 148 0 936
1 131 0 976
1 140 0 970
0 138 0 497
0 135 0 668
1 127 0 690
0 131 0 782
0 129 0 924
1 143 0 931
0 129 0 911
0 132 0 973
1 141 0 950
1 136 0 927
0 143 0 466
0 146 0 694
0 135 0 830
0 112 0 911
1 128 0 874
1 150 0 858
0 130 0 899
0 140 0 960
2 146 0 932
0 139 0 976
0 116 0 406
0 123 0 608
0 144 0 724
0 143 0 922
0 113 0 911
0 128 0 950
1 146 0 929
0 135 0 903
0 140 0 925
0 118 0 955
3 145 0 688
1 150 0 796
0 145 0 864
0 131 0 904
0 123 0 939
0 131 0 933
0 142 0 908
1 138 0 884
0 135 0 933
1 145 0 897
0 126 0 464
0 126 0 738
1 135 0 901
0 145 0 863
0 117 0 891
0 130 0 942
0 133 0 945
0 134 0 848
0 127 0 837
1 133 0 942
2 127 0 560
0 129 0 759
0 142 0 873
1 127 0 870
2 138 0 927
2 127 0 929
1 131 1 940
1 135 0 937
0 131 0 941
0 118 0 938
1 151 0 491
0 130 0 663
0 138 0 757
0 137 0 859
0 146 0 964
0 125 0 959
0 123 0 901
0 142 0 912
0 142 0 944
0 133 0 981
0 128 0 500
0 127 0 705
0 129 0 911
0 123 0 911
0 132 0 943
0 123 0 914
0 126 0 860
0 139 0 864
0 136 0 841
0 132 0 857
