0.19985 0.80015 2.21086e-05 2.21086e-05
0.2004 0.7996 4.92323e-05 4.92323e-05
0.20001 0.79999 7.95656e-05 7.95656e-05
0.19958 0.80042 8.84077e-05 8.84077e-05
0.19875 0.80125 0.000125119 0.000125119
0.19811 0.80189 0.000157008 0.000157008
0.19802 0.80198 0.00019905 0.00019905
0.19822 0.80178 0.000223264 0.000223264
0.19836 0.80164 0.000266031 0.000266031
0.19854 0.80146 0.000280291 0.000280291
0.19845 0.80155 0.000314816 0.000314816
0.19852 0.80148 0.000362333 0.000362333
0.19882 0.80118 0.000396048 0.000396048
0.19882 0.80118 0.000400109 0.000400109
0.1987 0.8013 0.000435242 0.000435242
0.19888 0.80112 0.000449177 0.000449177
0.19888 0.80112 0.0004414 0.0004414
0.19899 0.80101 0.000438454 0.000438454
0.19863 0.80137 0.000472741 0.000472741
0.19906 0.80094 0.000505431 0.000505431
0.19971 0.80029 0.000500915 0.000500915
0.19885 0.80115 0.000490351 0.000490351
0.19956 0.80044 0.000474027 0.000474027
0.19912 0.80088 0.000472895 0.000472895
0.19933 0.80067 0.000499072 0.000499072
0.19957 0.80043 0.000505803 0.000505803
0.19996 0.80004 0.000524968 0.000524968
0.19953 0.80047 0.000532211 0.000532211
0.19934 0.80066 0.000513883 0.000513883
0.19963 0.80037 0.000566296 0.000566296
0.19965 0.80035 0.000576917 0.000576917
0.19978 0.80022 0.000582618 0.000582618
0.19985 0.80015 0.000586048 0.000586048
0.19971 0.80029 0.000573521 0.000573521
0.19984 0.80016 0.000574297 0.000574297
0.20008 0.79992 0.000572882 0.000572882
0.20061 0.79939 0.000565149 0.000565149
0.20077 0.79923 0.000570179 0.000570179
0.20051 0.79949 0.000543788 0.000543788
0.20028 0.79972 0.000554587 0.000554587
0.20097 0.79903 0.000574413 0.000574413
0.20051 0.79949 0.000582677 0.000582677
0.20093 0.79907 0.000598268 0.000598268
0.20051 0.79949 0.000626818 0.000626818
0.20083 0.79917 0.000585294 0.000585294
0.20109 0.79891 0.000586204 0.000586204
0.20114 0.79886 0.000588182 0.000588182
0.20062 0.79938 0.000601167 0.000601167
0.20042 0.79958 0.000610731 0.000610731
0.20022 0.79978 0.000631608 0.000631608
0.19991 0.80009 0.000672305 0.000672305
0.20069 0.79931 0.000691267 0.000691267
0.2015 0.7985 0.000677424 0.000677424
0.20146 0.79854 0.000702554 0.000702554
0.20145 0.79855 0.000703422 0.000703422
0.20207 0.79793 0.000725601 0.000725601
0.20217 0.79783 0.000718203 0.000718203
0.20281 0.79719 0.000720822 0.000720822
0.20235 0.79765 0.000726735 0.000726735
0.20212 0.79788 0.000772592 0.000772592
0.20184 0.79816 0.000764742 0.000764742
0.20245 0.79755 0.000744492 0.000744492
0.20221 0.79779 0.00076138 0.00076138
0.20232 0.79768 0.000730402 0.000730402
0.20172 0.79828 0.000681537 0.000681537
0.20196 0.79804 0.000688867 0.000688867
0.20176 0.79824 0.00067875 0.00067875
0.20143 0.79857 0.000671035 0.000671035
0.20241 0.79759 0.000654103 0.000654103
0.20254 0.79746 0.000667402 0.000667402
0.20266 0.79734 0.000641156 0.000641156
0.20282 0.79718 0.000656735 0.000656735
0.20226 0.79774 0.000642093 0.000642093
0.20253 0.79747 0.000648938 0.000648938
0.20253 0.79747 0.000645625 0.000645625
0.20291 0.79709 0.000659598 0.000659598
0.20275 0.79725 0.000655725 0.000655725
0.20246 0.79754 0.000698392 0.000698392
0.20246 0.79754 0.000687705 0.000687705
0.20229 0.79771 0.000678491 0.000678491
0.20249 0.79751 0.000664192 0.000664192
0.20257 0.79743 0.000678086 0.000678086
0.20256 0.79744 0.000662996 0.000662996
0.20294 0.79706 0.000634501 0.000634501
0.20267 0.79733 0.000639395 0.000639395
0.20226 0.79774 0.000616497 0.000616497
0.20197 0.79803 0.00064807 0.00064807
0.20231 0.79769 0.000621529 0.000621529
0.20229 0.79771 0.000673663 0.000673663
0.20185 0.79815 0.000706513 0.000706513
0.20217 0.79783 0.000734062 0.000734062
0.20209 0.79791 0.00078079 0.00078079
0.20202 0.79798 0.000737151 0.000737151
0.20219 0.79781 0.000739408 0.000739408
0.2025 0.7975 0.000731424 0.000731424
0.20206 0.79794 0.000696946 0.000696946
0.20173 0.79827 0.000677169 0.000677169
0.20136 0.79864 0.000661566 0.000661566
0.20096 0.79904 0.000706806 0.000706806
0.20074 0.79926 0.000766336 0.000766336
0.20092 0.79908 0.000726115 0.000726115
0.20079 0.79921 0.000752107 0.000752107
0.20108 0.79892 0.000789953 0.000789953
0.20116 0.79884 0.000792257 0.000792257
0.20135 0.79865 0.000778149 0.000778149
0.20065 0.79935 0.000809119 0.000809119
0.20039 0.79961 0.000796402 0.000796402
0.20052 0.79948 0.000755767 0.000755767
0.20079 0.79921 0.000762632 0.000762632
0.20135 0.79865 0.000752755 0.000752755
0.20122 0.79878 0.000761345 0.000761345
0.20119 0.79881 0.000786034 0.000786034
0.20189 0.79811 0.000821493 0.000821493
0.2019 0.7981 0.000832576 0.000832576
0.20258 0.79742 0.000826832 0.000826832
0.20271 0.79729 0.000851743 0.000851743
0.202 0.798 0.000879596 0.000879596
0.20211 0.79789 0.00092018 0.00092018
0.20219 0.79781 0.000940762 0.000940762
0.20243 0.79757 0.000949076 0.000949076
0.20174 0.79826 0.000905528 0.000905528
0.20212 0.79788 0.000936531 0.000936531
0.2022 0.7978 0.000953838 0.000953838
0.20224 0.79776 0.000960447 0.000960447
0.20187 0.79813 0.000960922 0.000960922
0.2022 0.7978 0.000946808 0.000946808
0.20271 0.79729 0.000973703 0.000973703
0.20231 0.79769 0.000972842 0.000972842
0.2021 0.7979 0.000952475 0.000952475
0.20227 0.79773 0.000951492 0.000951492
0.20238 0.79762 0.000953915 0.000953915
0.20219 0.79781 0.000923125 0.000923125
0.20139 0.79861 0.000913654 0.000913654
0.2011 0.7989 0.000876232 0.000876232
0.20141 0.79859 0.000843275 0.000843275
0.20156 0.79844 0.000820249 0.000820249
0.20186 0.79814 0.000783516 0.000783516
0.20188 0.79812 0.000818228 0.000818228
0.20143 0.79857 0.000854753 0.000854753
0.20183 0.79817 0.000862223 0.000862223
0.20248 0.79752 0.00088203 0.00088203
0.20263 0.79737 0.000849973 0.000849973
0.20233 0.79767 0.000903193 0.000903193
0.20229 0.79771 0.000883865 0.000883865
0.20273 0.79727 0.000906482 0.000906482
0.20302 0.79698 0.000906141 0.000906141
0.2021 0.7979 0.000894596 0.000894596
0.20217 0.79783 0.000891132 0.000891132
0.20251 0.79749 0.000860212 0.000860212
0.20293 0.79707 0.000871359 0.000871359
0.20262 0.79738 0.000907733 0.000907733
0.20242 0.79758 0.000889499 0.000889499
0.20201 0.79799 0.000900636 0.000900636
0.2018 0.7982 0.000922121 0.000922121
0.20084 0.79916 0.00092058 0.00092058
0.20061 0.79939 0.000904988 0.000904988
0.20061 0.79939 0.000914786 0.000914786
0.2008 0.7992 0.000946323 0.000946323
0.20067 0.79933 0.000941334 0.000941334
0.201 0.799 0.000936808 0.000936808
0.20126 0.79874 0.000899709 0.000899709
0.20027 0.79973 0.000901714 0.000901714
0.20009 0.79991 0.000921275 0.000921275
0.20005 0.79995 0.000969038 0.000969038
0.1995 0.8005 0.000932354 0.000932354
0.1999 0.8001 0.000943182 0.000943182
0.20021 0.79979 0.000961602 0.000961602
0.20046 0.79954 0.000958211 0.000958211
0.20141 0.79859 0.000979436 0.000979436
0.20207 0.79793 0.000969662 0.000969662
0.20173 0.79827 0.000995936 0.000995936
0.20179 0.79821 0.00103706 0.00103706
0.20146 0.79854 0.00103522 0.00103522
0.20172 0.79828 0.00100117 0.00100117
0.20176 0.79824 0.00101493 0.00101493
0.20151 0.79849 0.000976374 0.000976374
0.20099 0.79901 0.000989404 0.000989404
0.20128 0.79872 0.00101764 0.00101764
0.20246 0.79754 0.00100964 0.00100964
0.20216 0.79784 0.00102224 0.00102224
0.20221 0.79779 0.000994127 0.000994127
0.20238 0.79762 0.00102767 0.00102767
0.2033 0.7967 0.00102411 0.00102411
0.20293 0.79707 0.00103118 0.00103118
0.20298 0.79702 0.000996484 0.000996484
0.20307 0.79693 0.00101213 0.00101213
0.2024 0.7976 0.0010044 0.0010044
0.20232 0.79768 0.00101238 0.00101238
0.20198 0.79802 0.00103747 0.00103747
0.20174 0.79826 0.00102151 0.00102151
0.20156 0.79844 0.0010295 0.0010295
0.20214 0.79786 0.00100287 0.00100287
0.20207 0.79793 0.00100562 0.00100562
0.20211 0.79789 0.00101089 0.00101089
0.20233 0.79767 0.00100204 0.00100204
0.20268 0.79732 0.00105303 0.00105303
0.20264 0.79736 0.00105682 0.00105682
0.20272 0.79728 0.00101703 0.00101703
0.20241 0.79759 0.00102622 0.00102622
0.20205 0.79795 0.00107185 0.00107185
0.20221 0.79779 0.00108558 0.00108558
0.20154 0.79846 0.00112615 0.00112615
0.20096 0.79904 0.00110568 0.00110568
0.2017 0.7983 0.00109395 0.00109395
0.20166 0.79834 0.00111609 0.00111609
0.20176 0.79824 0.00108647 0.00108647
0.20145 0.79855 0.00111585 0.00111585
0.20192 0.79808 0.00109987 0.00109987
0.20233 0.79767 0.00107685 0.00107685
0.20279 0.79721 0.00110116 0.00110116
0.20288 0.79712 0.00117576 0.00117576
0.2027 0.7973 0.00118488 0.00118488
0.20201 0.79799 0.00118306 0.00118306
0.20139 0.79861 0.00119343 0.00119343
0.20139 0.79861 0.0011619 0.0011619
0.20185 0.79815 0.00121744 0.00121744
0.202 0.798 0.00118149 0.00118149
0.20218 0.79782 0.00116177 0.00116177
0.20229 0.79771 0.00124378 0.00124378
0.20212 0.79788 0.00121972 0.00121972
0.2019 0.7981 0.00124409 0.00124409
0.20174 0.79826 0.00125563 0.00125563
0.20169 0.79831 0.00124387 0.00124387
0.20201 0.79799 0.00130239 0.00130239
0.2024 0.7976 0.00128453 0.00128453
0.20249 0.79751 0.00124427 0.00124427
0.20258 0.79742 0.00123408 0.00123408
0.20298 0.79702 0.00127806 0.00127806
0.20313 0.79687 0.00130175 0.00130175
0.20334 0.79666 0.00130978 0.00130978
0.20311 0.79689 0.0013044 0.0013044
0.20251 0.79749 0.00130625 0.00130625
0.20157 0.79843 0.00128221 0.00128221
0.20188 0.79812 0.00126516 0.00126516
0.20151 0.79849 0.00124912 0.00124912
0.2017 0.7983 0.00126373 0.00126373
0.20218 0.79782 0.00127249 0.00127249
0.20195 0.79805 0.00125853 0.00125853
0.20206 0.79794 0.00129804 0.00129804
0.2023 0.7977 0.00129718 0.00129718
0.20201 0.79799 0.00127096 0.00127096
0.20208 0.79792 0.00126399 0.00126399
0.20276 0.79724 0.00122047 0.00122047
0.20284 0.79716 0.00123628 0.00123628
0.20372 0.79628 0.00128287 0.00128287
0.20375 0.79625 0.00128732 0.00128732
0.20362 0.79638 0.00130391 0.00130391
0.20364 0.79636 0.00132573 0.00132573
0.20301 0.79699 0.00131003 0.00131003
0.20369 0.79631 0.00138001 0.00138001
0.20409 0.79591 0.00133588 0.00133588
0.2039 0.7961 0.00134906 0.00134906
0.20299 0.79701 0.00129896 0.00129896
0.20317 0.79683 0.00133677 0.00133677
0.20329 0.79671 0.00135898 0.00135898
0.20381 0.79619 0.00133842 0.00133842
0.20319 0.79681 0.00130656 0.00130656
0.20388 0.79612 0.00131231 0.00131231
0.20355 0.79645 0.00128546 0.00128546
0.20396 0.79604 0.00126798 0.00126798
0.2039 0.7961 0.00125631 0.00125631
0.20301 0.79699 0.00126023 0.00126023
0.20287 0.79713 0.00123959 0.00123959
0.20264 0.79736 0.00121605 0.00121605
0.20302 0.79698 0.00122149 0.00122149
0.2027 0.7973 0.00122874 0.00122874
0.2027 0.7973 0.00123892 0.00123892
0.20254 0.79746 0.00123195 0.00123195
0.20265 0.79735 0.00119368 0.00119368
0.20217 0.79783 0.00122176 0.00122176
0.20198 0.79802 0.00129895 0.00129895
0.20151 0.79849 0.00132136 0.00132136
0.20097 0.79903 0.00132276 0.00132276
0.20116 0.79884 0.00137567 0.00137567
0.20133 0.79867 0.00140649 0.00140649
0.20158 0.79842 0.00139633 0.00139633
0.20115 0.79885 0.00143536 0.00143536
0.20216 0.79784 0.00144595 0.00144595
0.20249 0.79751 0.00142027 0.00142027
0.20262 0.79738 0.00147909 0.00147909
0.20323 0.79677 0.0015301 0.0015301
0.20313 0.79687 0.00152846 0.00152846
0.20346 0.79654 0.00147074 0.00147074
0.20389 0.79611 0.00148353 0.00148353
0.20404 0.79596 0.0014903 0.0014903
0.20378 0.79622 0.00153389 0.00153389
0.2046 0.7954 0.00152574 0.00152574
0.20417 0.79583 0.00149008 0.00149008
0.2038 0.7962 0.00141673 0.00141673
0.20385 0.79615 0.00143146 0.00143146
0.20312 0.79688 0.00142009 0.00142009
0.20261 0.79739 0.00137535 0.00137535
0.20296 0.79704 0.00140337 0.00140337
0.20305 0.79695 0.00137037 0.00137037
0.20299 0.79701 0.00137096 0.00137096
0.20345 0.79655 0.00142227 0.00142227
0.20265 0.79735 0.00139055 0.00139055
0.20177 0.79823 0.00138321 0.00138321
0.20199 0.79801 0.00139508 0.00139508
0.20199 0.79801 0.00141799 0.00141799
0.20223 0.79777 0.00140551 0.00140551
0.20266 0.79734 0.00139124 0.00139124
0.20271 0.79729 0.00135039 0.00135039
0.20293 0.79707 0.00141342 0.00141342
0.20317 0.79683 0.00144544 0.00144544
0.20368 0.79632 0.00152216 0.00152216
0.20318 0.79682 0.00148591 0.00148591
0.20274 0.79726 0.00148777 0.00148777
0.20238 0.79762 0.00147844 0.00147844
0.20192 0.79808 0.0014348 0.0014348
0.20193 0.79807 0.00151093 0.00151093
0.20146 0.79854 0.00147401 0.00147401
0.20102 0.79898 0.00153331 0.00153331
0.20079 0.79921 0.00147409 0.00147409
0.20103 0.79897 0.00151361 0.00151361
0.20107 0.79893 0.00156013 0.00156013
0.20126 0.79874 0.0015311 0.0015311
0.20103 0.79897 0.00153116 0.00153116
0.20126 0.79874 0.00152991 0.00152991
0.20112 0.79888 0.00147033 0.00147033
0.20032 0.79968 0.00148921 0.00148921
0.20047 0.79953 0.00152163 0.00152163
0.20035 0.79965 0.00154352 0.00154352
0.20091 0.79909 0.0015881 0.0015881
0.20107 0.79893 0.00158271 0.00158271
0.20175 0.79825 0.00160884 0.00160884
0.20189 0.79811 0.00162751 0.00162751
0.20202 0.79798 0.00166319 0.00166319
0.20168 0.79832 0.00169632 0.00169632
0.20127 0.79873 0.00174024 0.00174024
0.20116 0.79884 0.00166676 0.00166676
0.20067 0.79933 0.00170028 0.00170028
0.20021 0.79979 0.0016894 0.0016894
0.20019 0.79981 0.00164947 0.00164947
0.20017 0.79983 0.00166655 0.00166655
0.2004 0.7996 0.00166281 0.00166281
0.20042 0.79958 0.00163497 0.00163497
0.19983 0.80017 0.00164277 0.00164277
0.20031 0.79969 0.00167508 0.00167508
0.20061 0.79939 0.00164458 0.00164458
0.20079 0.79921 0.00162835 0.00162835
0.20088 0.79912 0.00164696 0.00164696
0.20104 0.79896 0.00165109 0.00165109
0.20123 0.79877 0.00168741 0.00168741
0.20135 0.79865 0.00167471 0.00167471
0.20088 0.79912 0.00170683 0.00170683
0.20095 0.79905 0.00176237 0.00176237
0.20092 0.79908 0.00175834 0.00175834
0.20134 0.79866 0.00170033 0.00170033
0.20062 0.79938 0.00169321 0.00169321
0.20058 0.79942 0.00168029 0.00168029
0.20115 0.79885 0.00171579 0.00171579
0.20158 0.79842 0.00170388 0.00170388
0.2014 0.7986 0.0016544 0.0016544
0.20131 0.79869 0.00160577 0.00160577
0.20192 0.79808 0.00168674 0.00168674
0.20205 0.79795 0.00166831 0.00166831
0.20237 0.79763 0.00166852 0.00166852
0.20198 0.79802 0.00168665 0.00168665
0.20172 0.79828 0.00162853 0.00162853
0.2013 0.7987 0.00158092 0.00158092
0.20143 0.79857 0.00158409 0.00158409
0.20124 0.79876 0.00153073 0.00153073
0.2011 0.7989 0.00158443 0.00158443
0.2009 0.7991 0.00157274 0.00157274
0.20056 0.79944 0.0015735 0.0015735
0.20074 0.79926 0.00157256 0.00157256
0.20085 0.79915 0.00152934 0.00152934
0.20001 0.79999 0.00148864 0.00148864
0.19947 0.80053 0.00149872 0.00149872
0.20026 0.79974 0.00156369 0.00156369
0.20064 0.79936 0.00158235 0.00158235
0.20046 0.79954 0.0015535 0.0015535
0.20117 0.79883 0.0015295 0.0015295
0.20118 0.79882 0.00156124 0.00156124
0.20093 0.79907 0.00152011 0.00152011
0.20133 0.79867 0.00150828 0.00150828
0.20097 0.79903 0.00151062 0.00151062
0.20132 0.79868 0.00150402 0.00150402
0.20183 0.79817 0.00152574 0.00152574
0.2018 0.7982 0.00149796 0.00149796
0.20205 0.79795 0.00155682 0.00155682
0.20145 0.79855 0.0015808 0.0015808
0.20231 0.79769 0.00159205 0.00159205
0.20317 0.79683 0.00155509 0.00155509
0.20334 0.79666 0.00150786 0.00150786
0.20298 0.79702 0.00150147 0.00150147
0.20296 0.79704 0.00149794 0.00149794
0.20306 0.79694 0.00150975 0.00150975
0.20249 0.79751 0.00154252 0.00154252
0.20271 0.79729 0.00162263 0.00162263
0.20271 0.79729 0.00158576 0.00158576
0.20279 0.79721 0.00156164 0.00156164
0.20338 0.79662 0.00157139 0.00157139
0.20347 0.79653 0.00159843 0.00159843
0.20282 0.79718 0.00152294 0.00152294
0.20344 0.79656 0.00153211 0.00153211
0.20342 0.79658 0.00157641 0.00157641
0.20318 0.79682 0.00162324 0.00162324
0.20269 0.79731 0.00162171 0.00162171
0.20301 0.79699 0.00164643 0.00164643
0.20323 0.79677 0.00167763 0.00167763
0.20363 0.79637 0.00163228 0.00163228
0.20342 0.79658 0.00162071 0.00162071
0.20326 0.79674 0.00154302 0.00154302
0.20297 0.79703 0.0015295 0.0015295
0.20247 0.79753 0.00154367 0.00154367
0.20223 0.79777 0.00151951 0.00151951
0.20239 0.79761 0.00148359 0.00148359
0.20175 0.79825 0.00154096 0.00154096
0.2016 0.7984 0.00159994 0.00159994
0.20156 0.79844 0.00158574 0.00158574
0.20187 0.79813 0.00155589 0.00155589
0.20177 0.79823 0.00158204 0.00158204
0.20271 0.79729 0.00158374 0.00158374
0.2029 0.7971 0.00161858 0.00161858
0.20265 0.79735 0.00160411 0.00160411
0.20284 0.79716 0.0016344 0.0016344
0.20301 0.79699 0.00167637 0.00167637
0.20281 0.79719 0.00164371 0.00164371
0.20379 0.79621 0.00163694 0.00163694
0.20422 0.79578 0.00161999 0.00161999
0.20391 0.79609 0.00170188 0.00170188
0.20341 0.79659 0.00169487 0.00169487
0.2032 0.7968 0.0017081 0.0017081
0.20321 0.79679 0.00174768 0.00174768
0.20325 0.79675 0.00175273 0.00175273
0.20247 0.79753 0.00173552 0.00173552
0.20281 0.79719 0.00175084 0.00175084
0.20281 0.79719 0.00178917 0.00178917
0.20347 0.79653 0.00174718 0.00174718
0.20309 0.79691 0.00174489 0.00174489
0.20352 0.79648 0.00173088 0.00173088
0.20347 0.79653 0.00171692 0.00171692
0.20269 0.79731 0.00168666 0.00168666
0.20247 0.79753 0.00169684 0.00169684
0.20312 0.79688 0.00173475 0.00173475
0.20288 0.79712 0.00170544 0.00170544
0.20295 0.79705 0.00169377 0.00169377
0.20215 0.79785 0.0017071 0.0017071
0.20239 0.79761 0.00165559 0.00165559
0.20259 0.79741 0.00168033 0.00168033
0.20263 0.79737 0.00175048 0.00175048
0.20213 0.79787 0.00171476 0.00171476
0.20185 0.79815 0.00170605 0.00170605
0.20204 0.79796 0.00179438 0.00179438
0.20206 0.79794 0.00176953 0.00176953
0.20197 0.79803 0.00177629 0.00177629
0.20107 0.79893 0.00176774 0.00176774
0.20107 0.79893 0.00174885 0.00174885
0.20103 0.79897 0.00174383 0.00174383
0.20109 0.79891 0.00176063 0.00176063
0.20144 0.79856 0.00174057 0.00174057
0.20164 0.79836 0.00180395 0.00180395
0.20172 0.79828 0.00176907 0.00176907
0.20142 0.79858 0.00173732 0.00173732
0.20157 0.79843 0.00173861 0.00173861
0.20139 0.79861 0.00175107 0.00175107
0.20161 0.79839 0.00172145 0.00172145
0.20181 0.79819 0.0017843 0.0017843
0.20192 0.79808 0.00184898 0.00184898
0.20247 0.79753 0.00188138 0.00188138
0.20242 0.79758 0.00184562 0.00184562
0.20151 0.79849 0.00177268 0.00177268
0.20163 0.79837 0.00178405 0.00178405
0.20114 0.79886 0.00170877 0.00170877
0.20211 0.79789 0.00173513 0.00173513
0.20276 0.79724 0.00172548 0.00172548
0.2029 0.7971 0.00171821 0.00171821
0.20229 0.79771 0.00168714 0.00168714
0.2022 0.7978 0.00168156 0.00168156
0.20165 0.79835 0.00173088 0.00173088
0.2018 0.7982 0.00177687 0.00177687
0.20121 0.79879 0.00176914 0.00176914
0.20128 0.79872 0.00176849 0.00176849
0.20207 0.79793 0.00178217 0.00178217
0.20311 0.79689 0.00177121 0.00177121
0.20338 0.79662 0.00177577 0.00177577
0.20366 0.79634 0.0018057 0.0018057
0.20304 0.79696 0.00176646 0.00176646
0.20351 0.79649 0.00176831 0.00176831
0.20334 0.79666 0.0018437 0.0018437
0.20288 0.79712 0.0018013 0.0018013
0.20229 0.79771 0.00181397 0.00181397
0.20216 0.79784 0.00179034 0.00179034
0.20254 0.79746 0.00181597 0.00181597
0.20235 0.79765 0.00177166 0.00177166
0.20249 0.79751 0.00179231 0.00179231
0.20255 0.79745 0.00189377 0.00189377
0.20239 0.79761 0.00194935 0.00194935
0.2025 0.7975 0.0019289 0.0019289
0.2025 0.7975 0.00193437 0.00193437
0.20267 0.79733 0.00195681 0.00195681
0.20268 0.79732 0.00195753 0.00195753
0.20256 0.79744 0.00186239 0.00186239
0.20276 0.79724 0.00186014 0.00186014
0.20215 0.79785 0.00187583 0.00187583
0.20195 0.79805 0.00179948 0.00179948
0.20175 0.79825 0.00184261 0.00184261
0.2023 0.7977 0.00183619 0.00183619
