0.20014 0.79986 4.74788e-06 4.74788e-06
0.19975 0.80025 1.04116e-05 1.04116e-05
0.19938 0.80062 1.76117e-05 1.76117e-05
0.19936 0.80064 2.28994e-05 2.28994e-05
0.19926 0.80074 2.4356e-05 2.4356e-05
0.19885 0.80115 2.91591e-05 2.91591e-05
0.19883 0.80117 3.52738e-05 3.52738e-05
0.19889 0.80111 3.60585e-05 3.60585e-05
0.19936 0.80064 3.82731e-05 3.82731e-05
0.19956 0.80044 3.64913e-05 3.64913e-05
0.19967 0.80033 3.98395e-05 3.98395e-05
0.19965 0.80035 3.90985e-05 3.90985e-05
0.19975 0.80025 3.70379e-05 3.70379e-05
0.20011 0.79989 3.62201e-05 3.62201e-05
0.20001 0.79999 3.81716e-05 3.81716e-05
0.20007 0.79993 4.26314e-05 4.26314e-05
0.2003 0.7997 4.7404e-05 4.7404e-05
0.20022 0.79978 4.90622e-05 4.90622e-05
0.20027 0.79973 5.15728e-05 5.15728e-05
0.20024 0.79976 5.28913e-05 5.28913e-05
0.20016 0.79984 5.39741e-05 5.39741e-05
0.20012 0.79988 5.09956e-05 5.09956e-05
0.20001 0.79999 5.39292e-05 5.39292e-05
0.19934 0.80066 4.98226e-05 4.98226e-05
0.19901 0.80099 4.30807e-05 4.30807e-05
0.19924 0.80076 4.16792e-05 4.16792e-05
0.19955 0.80045 4.4048e-05 4.4048e-05
0.19954 0.80046 4.53418e-05 4.53418e-05
0.19928 0.80072 4.8143e-05 4.8143e-05
0.19951 0.80049 4.74847e-05 4.74847e-05
0.19992 0.80008 4.79531e-05 4.79531e-05
0.19981 0.80019 4.73676e-05 4.73676e-05
0.19929 0.80071 4.96019e-05 4.96019e-05
0.19895 0.80105 5.13409e-05 5.13409e-05
0.19882 0.80118 5.07956e-05 5.07956e-05
0.19868 0.80132 4.88663e-05 4.88663e-05
0.19868 0.80132 4.75733e-05 4.75733e-05
0.19873 0.80127 5.22193e-05 5.22193e-05
0.1989 0.8011 5.21313e-05 5.21313e-05
0.1993 0.8007 5.1303e-05 5.1303e-05
0.19885 0.80115 4.81288e-05 4.81288e-05
0.19898 0.80102 4.92117e-05 4.92117e-05
0.19884 0.80116 5.0863e-05 5.0863e-05
0.19856 0.80144 5.22085e-05 5.22085e-05
0.19887 0.80113 5.1589e-05 5.1589e-05
0.19899 0.80101 4.68585e-05 4.68585e-05
0.19917 0.80083 4.7092e-05 4.7092e-05
0.19942 0.80058 5.05289e-05 5.05289e-05
0.19912 0.80088 5.50966e-05 5.50966e-05
0.19896 0.80104 5.87459e-05 5.87459e-05
0.19913 0.80087 5.80334e-05 5.80334e-05
0.19938 0.80062 7.13693e-05 7.13693e-05
0.19918 0.80082 7.56036e-05 7.56036e-05
0.19939 0.80061 7.48262e-05 7.48262e-05
0.19959 0.80041 7.82039e-05 7.82039e-05
0.19984 0.80016 8.84186e-05 8.84186e-05
0.19957 0.80043 8.4591e-05 8.4591e-05
0.19991 0.80009 7.80019e-05 7.80019e-05
0.20052 0.79948 7.78077e-05 7.78077e-05
0.20015 0.79985 7.69167e-05 7.69167e-05
0.20011 0.79989 7.55534e-05 7.55534e-05
0.19997 0.80003 8.23122e-05 8.23122e-05
0.19997 0.80003 7.56052e-05 7.56052e-05
0.19958 0.80042 7.71754e-05 7.71754e-05
0.2 0.8 7.71111e-05 7.71111e-05
0.2 0.8 7.02626e-05 7.02626e-05
0.19993 0.80007 6.82274e-05 6.82274e-05
0.19958 0.80042 6.95592e-05 6.95592e-05
0.20013 0.79987 6.53668e-05 6.53668e-05
0.19989 0.80011 6.76746e-05 6.76746e-05
0.19982 0.80018 7.07754e-05 7.07754e-05
0.20009 0.79991 6.94363e-05 6.94363e-05
0.19987 0.80013 6.70637e-05 6.70637e-05
0.19975 0.80025 7.20076e-05 7.20076e-05
0.19996 0.80004 6.75135e-05 6.75135e-05
0.19977 0.80023 6.79971e-05 6.79971e-05
0.20006 0.79994 7.00368e-05 7.00368e-05
0.19986 0.80014 7.10509e-05 7.10509e-05
0.19986 0.80014 6.76974e-05 6.76974e-05
0.19949 0.80051 6.86565e-05 6.86565e-05
0.19968 0.80032 7.30077e-05 7.30077e-05
0.20022 0.79978 6.97491e-05 6.97491e-05
0.20009 0.79991 7.62241e-05 7.62241e-05
0.20013 0.79987 7.83971e-05 7.83971e-05
0.19992 0.80008 7.61552e-05 7.61552e-05
0.19989 0.80011 6.87656e-05 6.87656e-05
0.20012 0.79988 6.83491e-05 6.83491e-05
0.20028 0.79972 6.59814e-05 6.59814e-05
0.20007 0.79993 6.38435e-05 6.38435e-05
0.1997 0.8003 6.29192e-05 6.29192e-05
0.19967 0.80033 5.97587e-05 5.97587e-05
0.19978 0.80022 6.1042e-05 6.1042e-05
0.20006 0.79994 5.75721e-05 5.75721e-05
0.20039 0.79961 6.05231e-05 6.05231e-05
0.20044 0.79956 6.26933e-05 6.26933e-05
0.20002 0.79998 6.74339e-05 6.74339e-05
0.20038 0.79962 7.20764e-05 7.20764e-05
0.20002 0.79998 7.27067e-05 7.27067e-05
0.19983 0.80017 7.4789e-05 7.4789e-05
0.19993 0.80007 7.82476e-05 7.82476e-05
0.19957 0.80043 7.6288e-05 7.6288e-05
0.19977 0.80023 7.65223e-05 7.65223e-05
0.19947 0.80053 7.35243e-05 7.35243e-05
0.19899 0.80101 8.17878e-05 8.17878e-05
0.19906 0.80094 7.93297e-05 7.93297e-05
0.19902 0.80098 7.35349e-05 7.35349e-05
0.19913 0.80087 7.23163e-05 7.23163e-05
0.19935 0.80065 7.64318e-05 7.64318e-05
0.19927 0.80073 7.25021e-05 7.25021e-05
0.19918 0.80082 6.9139e-05 6.9139e-05
0.19919 0.80081 6.96908e-05 6.96908e-05
0.19899 0.80101 6.75252e-05 6.75252e-05
0.19913 0.80087 6.47001e-05 6.47001e-05
0.19955 0.80045 6.15429e-05 6.15429e-05
0.19952 0.80048 5.79491e-05 5.79491e-05
0.19912 0.80088 5.9137e-05 5.9137e-05
0.19903 0.80097 6.18678e-05 6.18678e-05
0.19911 0.80089 6.30686e-05 6.30686e-05
0.19924 0.80076 6.24469e-05 6.24469e-05
0.19913 0.80087 6.52456e-05 6.52456e-05
0.19914 0.80086 6.1859e-05 6.1859e-05
0.19907 0.80093 6.27526e-05 6.27526e-05
0.19896 0.80104 6.17762e-05 6.17762e-05
0.19921 0.80079 6.10363e-05 6.10363e-05
0.19942 0.80058 6.5539e-05 6.5539e-05
0.20014 0.79986 6.6061e-05 6.6061e-05
0.20032 0.79968 6.90885e-05 6.90885e-05
0.19994 0.80006 6.76731e-05 6.76731e-05
0.19993 0.80007 7.39849e-05 7.39849e-05
0.20035 0.79965 7.87753e-05 7.87753e-05
0.20023 0.79977 7.70274e-05 7.70274e-05
0.19996 0.80004 7.69479e-05 7.69479e-05
0.19991 0.80009 7.3012e-05 7.3012e-05
0.19986 0.80014 7.5657e-05 7.5657e-05
0.19983 0.80017 7.9193e-05 7.9193e-05
0.19973 0.80027 7.85021e-05 7.85021e-05
0.19993 0.80007 7.81062e-05 7.81062e-05
0.2 0.8 7.1596e-05 7.1596e-05
0.19961 0.80039 6.8806e-05 6.8806e-05
0.19973 0.80027 6.85021e-05 6.85021e-05
0.19953 0.80047 6.80092e-05 6.80092e-05
0.19998 0.80002 6.19592e-05 6.19592e-05
0.20001 0.79999 6.20706e-05 6.20706e-05
0.20008 0.79992 6.24784e-05 6.24784e-05
0.20007 0.79993 6.80254e-05 6.80254e-05
0.19966 0.80034 6.69943e-05 6.69943e-05
0.19956 0.80044 6.87741e-05 6.87741e-05
0.1994 0.8006 6.38182e-05 6.38182e-05
0.19964 0.80036 6.36065e-05 6.36065e-05
0.19975 0.80025 6.40278e-05 6.40278e-05
0.2002 0.7998 6.43232e-05 6.43232e-05
0.20051 0.79949 6.97676e-05 6.97676e-05
0.20049 0.79951 6.46363e-05 6.46363e-05
0.20058 0.79942 6.35592e-05 6.35592e-05
0.20065 0.79935 6.48359e-05 6.48359e-05
0.20059 0.79941 6.18605e-05 6.18605e-05
0.20054 0.79946 6.59277e-05 6.59277e-05
0.20005 0.79995 6.89167e-05 6.89167e-05
0.19974 0.80026 7.0558e-05 7.0558e-05
0.19986 0.80014 7.11519e-05 7.11519e-05
0.20018 0.79982 7.20279e-05 7.20279e-05
0.20044 0.79956 7.63095e-05 7.63095e-05
0.2005 0.7995 8.26364e-05 8.26364e-05
0.20046 0.79954 8.24933e-05 8.24933e-05
0.20051 0.79949 7.74039e-05 7.74039e-05
0.20023 0.79977 7.21991e-05 7.21991e-05
0.20029 0.79971 6.73797e-05 6.73797e-05
0.20044 0.79956 6.41681e-05 6.41681e-05
0.20043 0.79957 6.58637e-05 6.58637e-05
0.20041 0.79959 6.62241e-05 6.62241e-05
0.20059 0.79941 6.46282e-05 6.46282e-05
0.20054 0.79946 6.42509e-05 6.42509e-05
0.20061 0.79939 6.721e-05 6.721e-05
0.20048 0.79952 6.56461e-05 6.56461e-05
0.20015 0.79985 5.95631e-05 5.95631e-05
0.2003 0.7997 5.93636e-05 5.93636e-05
0.20032 0.79968 6.06642e-05 6.06642e-05
0.20012 0.79988 6.01269e-05 6.01269e-05
0.20028 0.79972 5.82642e-05 5.82642e-05
0.20007 0.79993 6.22678e-05 6.22678e-05
0.2001 0.7999 6.00101e-05 6.00101e-05
0.20014 0.79986 6.10509e-05 6.10509e-05
0.19975 0.80025 6.70985e-05 6.70985e-05
0.19984 0.80016 6.42166e-05 6.42166e-05
0.20007 0.79993 6.39445e-05 6.39445e-05
0.19988 0.80012 6.1238e-05 6.1238e-05
0.1997 0.8003 6.44343e-05 6.44343e-05
0.19978 0.80022 5.57491e-05 5.57491e-05
0.19934 0.80066 5.3156e-05 5.3156e-05
0.19894 0.80106 5.79156e-05 5.79156e-05
0.19893 0.80107 5.91365e-05 5.91365e-05
0.19907 0.80093 6.69546e-05 6.69546e-05
0.19911 0.80089 6.19373e-05 6.19373e-05
0.19891 0.80109 5.97999e-05 5.97999e-05
0.19892 0.80108 6.2842e-05 6.2842e-05
0.19909 0.80091 6.62847e-05 6.62847e-05
0.19891 0.80109 6.55979e-05 6.55979e-05
0.19918 0.80082 6.68562e-05 6.68562e-05
0.19911 0.80089 6.96544e-05 6.96544e-05
0.19915 0.80085 7.22298e-05 7.22298e-05
0.19949 0.80051 7.44948e-05 7.44948e-05
0.19975 0.80025 7.68157e-05 7.68157e-05
0.1998 0.8002 7.76162e-05 7.76162e-05
0.19969 0.80031 7.63373e-05 7.63373e-05
0.19948 0.80052 8.11208e-05 8.11208e-05
0.1992 0.8008 8.11111e-05 8.11111e-05
0.19923 0.80077 7.65425e-05 7.65425e-05
0.19933 0.80067 7.46678e-05 7.46678e-05
0.19927 0.80073 6.7189e-05 6.7189e-05
0.19952 0.80048 6.96663e-05 6.96663e-05
0.19913 0.80087 7.30839e-05 7.30839e-05
0.19926 0.80074 7.37499e-05 7.37499e-05
0.1992 0.8008 7.79192e-05 7.79192e-05
0.19901 0.80099 7.76666e-05 7.76666e-05
0.19913 0.80087 8.10031e-05 8.10031e-05
0.19935 0.80065 7.91591e-05 7.91591e-05
0.19912 0.80088 7.97026e-05 7.97026e-05
0.1993 0.8007 8.85354e-05 8.85354e-05
0.19941 0.80059 8.32544e-05 8.32544e-05
0.19941 0.80059 7.53555e-05 7.53555e-05
0.19964 0.80036 8.14044e-05 8.14044e-05
0.19971 0.80029 7.33999e-05 7.33999e-05
0.19972 0.80028 7.27491e-05 7.27491e-05
0.19938 0.80062 7.01774e-05 7.01774e-05
0.19945 0.80055 7.07146e-05 7.07146e-05
0.19982 0.80018 6.89572e-05 6.89572e-05
0.20025 0.79975 6.33207e-05 6.33207e-05
0.20018 0.79982 6.9038e-05 6.9038e-05
0.20037 0.79963 6.54072e-05 6.54072e-05
0.20011 0.79989 7.04423e-05 7.04423e-05
0.20034 0.79966 6.30347e-05 6.30347e-05
0.19995 0.80005 6.26944e-05 6.26944e-05
0.19993 0.80007 5.82476e-05 5.82476e-05
0.2001 0.7999 6.32424e-05 6.32424e-05
0.20005 0.79995 5.79268e-05 5.79268e-05
0.19998 0.80002 6.80804e-05 6.80804e-05
0.20022 0.79978 6.58703e-05 6.58703e-05
0.20021 0.79979 6.76625e-05 6.76625e-05
0.20005 0.79995 6.15227e-05 6.15227e-05
0.19979 0.80021 6.38241e-05 6.38241e-05
0.19998 0.80002 6.34945e-05 6.34945e-05
0.19995 0.80005 6.53207e-05 6.53207e-05
0.19984 0.80016 6.6863e-05 6.6863e-05
0.19959 0.80041 6.63454e-05 6.63454e-05
0.19933 0.80067 6.87486e-05 6.87486e-05
0.19971 0.80029 6.78847e-05 6.78847e-05
0.19999 0.80001 6.55454e-05 6.55454e-05
0.1997 0.8003 6.68384e-05 6.68384e-05
0.19999 0.80001 6.17878e-05 6.17878e-05
0.20036 0.79964 6.296e-05 6.296e-05
0.20034 0.79966 6.5358e-05 6.5358e-05
0.20021 0.79979 7.15211e-05 7.15211e-05
0.19988 0.80012 7.22885e-05 7.22885e-05
0.19972 0.80028 7.39814e-05 7.39814e-05
0.19949 0.80051 6.91817e-05 6.91817e-05
0.19978 0.80022 7.23349e-05 7.23349e-05
0.19981 0.80019 7.29231e-05 7.29231e-05
0.19983 0.80017 7.56981e-05 7.56981e-05
0.19991 0.80009 7.20625e-05 7.20625e-05
0.19971 0.80029 7.49555e-05 7.49555e-05
0.19973 0.80027 7.21991e-05 7.21991e-05
0.19953 0.80047 6.82314e-05 6.82314e-05
0.1995 0.8005 6.90202e-05 6.90202e-05
0.19918 0.80082 6.99875e-05 6.99875e-05
0.19946 0.80054 7.5362e-05 7.5362e-05
0.19931 0.80069 7.38928e-05 7.38928e-05
0.19965 0.80035 7.42096e-05 7.42096e-05
0.19968 0.80032 8.15531e-05 8.15531e-05
0.19938 0.80062 7.46824e-05 7.46824e-05
0.19951 0.80049 7.63534e-05 7.63534e-05
0.19925 0.80075 7.0048e-05 7.0048e-05
0.1995 0.8005 6.53838e-05 6.53838e-05
0.19981 0.80019 6.7711e-05 6.7711e-05
0.19958 0.80042 7.31956e-05 7.31956e-05
0.19938 0.80062 6.75107e-05 6.75107e-05
0.19944 0.80056 6.62287e-05 6.62287e-05
0.19932 0.80068 6.87653e-05 6.87653e-05
0.19924 0.80076 6.73964e-05 6.73964e-05
0.19945 0.80055 6.27955e-05 6.27955e-05
0.19938 0.80062 5.91067e-05 5.91067e-05
0.19932 0.80068 6.28057e-05 6.28057e-05
0.19936 0.80064 6.26974e-05 6.26974e-05
0.19935 0.80065 6.62298e-05 6.62298e-05
0.19922 0.80078 6.87188e-05 6.87188e-05
0.19916 0.80084 6.2156e-05 6.2156e-05
0.19905 0.80095 6.17854e-05 6.17854e-05
0.19928 0.80072 6.73349e-05 6.73349e-05
0.19942 0.80058 6.7438e-05 6.7438e-05
0.19929 0.80071 6.46726e-05 6.46726e-05
0.19956 0.80044 7.02691e-05 7.02691e-05
0.20012 0.79988 7.15208e-05 7.15208e-05
0.20007 0.79993 6.77829e-05 6.77829e-05
0.20026 0.79974 7.38105e-05 7.38105e-05
0.20036 0.79964 7.35661e-05 7.35661e-05
0.2003 0.7997 7.13636e-05 7.13636e-05
0.20009 0.79991 7.49918e-05 7.49918e-05
0.20013 0.79987 7.49627e-05 7.49627e-05
0.20022 0.79978 7.13046e-05 7.13046e-05
0.20027 0.79973 6.98153e-05 6.98153e-05
0.20025 0.79975 7.64116e-05 7.64116e-05
0.20007 0.79993 7.58031e-05 7.58031e-05
0.20022 0.79978 7.02945e-05 7.02945e-05
0.20029 0.79971 7.50161e-05 7.50161e-05
0.20047 0.79953 7.14233e-05 7.14233e-05
0.20044 0.79956 7.09156e-05 7.09156e-05
0.20003 0.79997 6.86153e-05 6.86153e-05
0.19988 0.80012 6.67935e-05 6.67935e-05
0.19973 0.80027 6.65223e-05 6.65223e-05
0.19966 0.80034 6.83681e-05 6.83681e-05
0.19955 0.80045 6.58662e-05 6.58662e-05
0.19958 0.80042 6.52562e-05 6.52562e-05
0.19968 0.80032 7.12097e-05 7.12097e-05
0.19985 0.80015 7.20076e-05 7.20076e-05
0.20038 0.79962 7.87228e-05 7.87228e-05
0.2003 0.7997 7.57273e-05 7.57273e-05
0.20047 0.79953 7.67365e-05 7.67365e-05
0.20053 0.79947 7.92011e-05 7.92011e-05
0.20064 0.79936 8.15863e-05 8.15863e-05
0.20059 0.79941 8.22039e-05 8.22039e-05
0.20069 0.79931 8.32666e-05 8.32666e-05
0.20087 0.79913 8.01951e-05 8.01951e-05
0.20034 0.79966 8.61661e-05 8.61661e-05
0.20062 0.79938 9.12077e-05 9.12077e-05
0.20074 0.79926 8.90832e-05 8.90832e-05
0.20092 0.79908 8.05794e-05 8.05794e-05
0.20095 0.79905 8.25328e-05 8.25328e-05
0.20077 0.79923 8.49466e-05 8.49466e-05
0.20089 0.79911 8.52908e-05 8.52908e-05
0.20104 0.79896 8.5857e-05 8.5857e-05
0.20089 0.79911 8.3008e-05 8.3008e-05
0.20147 0.79853 7.81102e-05 7.81102e-05
0.20086 0.79914 6.86267e-05 6.86267e-05
0.20115 0.79885 6.8452e-05 6.8452e-05
0.20094 0.79906 6.58549e-05 6.58549e-05
0.20053 0.79947 7.06355e-05 7.06355e-05
0.20051 0.79949 7.49999e-05 7.49999e-05
0.20046 0.79954 7.60085e-05 7.60085e-05
0.20049 0.79951 7.67171e-05 7.67171e-05
0.20037 0.79963 7.5488e-05 7.5488e-05
0.20017 0.79983 7.39405e-05 7.39405e-05
0.20035 0.79965 7.77045e-05 7.77045e-05
0.2001 0.7999 7.42727e-05 7.42727e-05
0.20032 0.79968 7.4341e-05 7.4341e-05
0.19997 0.80003 6.9989e-05 6.9989e-05
0.20009 0.79991 6.79615e-05 6.79615e-05
0.19997 0.80003 7.29789e-05 7.29789e-05
0.2 0.8 7.08283e-05 7.08283e-05
0.19958 0.80042 7.29329e-05 7.29329e-05
0.19958 0.80042 7.50945e-05 7.50945e-05
0.19968 0.80032 6.98562e-05 6.98562e-05
0.1995 0.8005 6.42525e-05 6.42525e-05
0.19917 0.80083 7.4789e-05 7.4789e-05
0.19906 0.80094 6.59156e-05 6.59156e-05
0.19903 0.80097 7.02112e-05 7.02112e-05
0.19886 0.80114 7.46873e-05 7.46873e-05
0.19889 0.80111 7.08262e-05 7.08262e-05
0.19899 0.80101 6.61716e-05 6.61716e-05
0.19899 0.80101 6.60504e-05 6.60504e-05
0.1991 0.8009 6.39899e-05 6.39899e-05
0.19958 0.80042 6.33168e-05 6.33168e-05
0.1997 0.8003 6.70808e-05 6.70808e-05
0.19966 0.80034 6.41257e-05 6.41257e-05
0.19973 0.80027 6.64819e-05 6.64819e-05
0.19978 0.80022 6.5143e-05 6.5143e-05
0.19942 0.80058 6.54784e-05 6.54784e-05
0.19959 0.80041 6.50928e-05 6.50928e-05
0.19956 0.80044 6.88954e-05 6.88954e-05
0.19964 0.80036 6.19095e-05 6.19095e-05
0.19956 0.80044 6.43297e-05 6.43297e-05
0.19952 0.80048 6.33632e-05 6.33632e-05
0.19935 0.80065 6.63914e-05 6.63914e-05
0.19901 0.80099 6.2313e-05 6.2313e-05
0.19916 0.80084 5.93479e-05 5.93479e-05
0.19901 0.80099 6.13635e-05 6.13635e-05
0.19945 0.80055 5.4553e-05 5.4553e-05
0.19958 0.80042 5.35592e-05 5.35592e-05
0.19982 0.80018 5.42299e-05 5.42299e-05
0.19953 0.80047 5.63728e-05 5.63728e-05
0.19937 0.80063 5.83769e-05 5.83769e-05
0.19956 0.80044 5.55822e-05 5.55822e-05
0.1993 0.8007 5.85758e-05 5.85758e-05
0.19953 0.80047 5.73627e-05 5.73627e-05
0.19972 0.80028 6.11127e-05 6.11127e-05
0.19954 0.80046 5.66752e-05 5.66752e-05
0.19965 0.80035 5.71793e-05 5.71793e-05
0.19989 0.80011 5.63413e-05 5.63413e-05
0.1996 0.8004 5.44242e-05 5.44242e-05
0.19928 0.80072 5.77794e-05 5.77794e-05
0.19939 0.80061 6.1008e-05 6.1008e-05
0.19949 0.80051 6.4212e-05 6.4212e-05
0.19949 0.80051 5.98888e-05 5.98888e-05
0.19937 0.80063 6.33062e-05 6.33062e-05
0.19985 0.80015 7.025e-05 7.025e-05
0.20007 0.79993 6.449e-05 6.449e-05
0.20023 0.79977 6.44415e-05 6.44415e-05
0.2003 0.7997 7.34444e-05 7.34444e-05
0.20014 0.79986 6.94347e-05 6.94347e-05
0.20016 0.79984 7.17519e-05 7.17519e-05
0.19988 0.80012 7.33592e-05 7.33592e-05
0.19994 0.80006 7.58752e-05 7.58752e-05
0.19981 0.80019 7.35696e-05 7.35696e-05
0.19991 0.80009 7.17797e-05 7.17797e-05
0.2002 0.7998 6.96364e-05 6.96364e-05
0.20022 0.79978 6.60723e-05 6.60723e-05
0.19994 0.80006 6.53903e-05 6.53903e-05
0.19954 0.80046 5.7261e-05 5.7261e-05
0.19927 0.80073 5.64617e-05 5.64617e-05
0.19983 0.80017 5.81021e-05 5.81021e-05
0.19995 0.80005 5.28965e-05 5.28965e-05
0.20032 0.79968 6.08259e-05 6.08259e-05
0.20048 0.79952 6.93632e-05 6.93632e-05
0.2008 0.7992 7.02828e-05 7.02828e-05
0.20045 0.79955 7.02702e-05 7.02702e-05
0.20075 0.79925 7.13005e-05 7.13005e-05
0.20079 0.79921 7.75817e-05 7.75817e-05
0.20083 0.79917 7.32132e-05 7.32132e-05
0.20099 0.79901 7.81716e-05 7.81716e-05
0.201 0.799 7.08485e-05 7.08485e-05
0.20058 0.79942 7.26905e-05 7.26905e-05
0.2003 0.7997 7.07778e-05 7.07778e-05
0.20019 0.79981 6.68625e-05 6.68625e-05
0.19992 0.80008 5.96097e-05 5.96097e-05
0.19995 0.80005 5.91187e-05 5.91187e-05
0.20011 0.79989 5.69474e-05 5.69474e-05
0.20041 0.79959 5.79615e-05 5.79615e-05
0.20047 0.79953 6.75041e-05 6.75041e-05
0.2003 0.7997 6.58081e-05 6.58081e-05
0.20028 0.79972 6.26885e-05 6.26885e-05
0.20065 0.79935 6.37045e-05 6.37045e-05
0.20105 0.79895 6.48157e-05 6.48157e-05
0.20076 0.79924 6.96994e-05 6.96994e-05
0.20071 0.79929 7.09555e-05 7.09555e-05
0.20041 0.79959 6.87898e-05 6.87898e-05
0.20035 0.79965 7.21692e-05 7.21692e-05
0.20043 0.79957 7.58839e-05 7.58839e-05
0.20025 0.79975 8.34621e-05 8.34621e-05
0.20022 0.79978 7.54461e-05 7.54461e-05
0.20026 0.79974 7.27802e-05 7.27802e-05
0.20025 0.79975 7.39672e-05 7.39672e-05
0.20021 0.79979 7.30767e-05 7.30767e-05
0.20023 0.79977 7.61385e-05 7.61385e-05
0.19995 0.80005 7.49571e-05 7.49571e-05
0.20006 0.79994 7.72691e-05 7.72691e-05
0.20012 0.79988 7.13794e-05 7.13794e-05
0.20013 0.79987 6.79122e-05 6.79122e-05
0.20001 0.79999 7.21312e-05 7.21312e-05
0.19973 0.80027 7.08052e-05 7.08052e-05
0.19974 0.80026 7.34065e-05 7.34065e-05
0.1995 0.8005 7.05354e-05 7.05354e-05
0.19946 0.80054 6.65135e-05 6.65135e-05
0.19948 0.80052 6.83127e-05 6.83127e-05
0.19929 0.80071 7.28746e-05 7.28746e-05
0.19937 0.80063 7.47203e-05 7.47203e-05
0.19921 0.80079 7.25716e-05 7.25716e-05
0.1992 0.8008 7.14949e-05 7.14949e-05
0.1991 0.8009 7.75051e-05 7.75051e-05
0.19881 0.80119 7.50241e-05 7.50241e-05
0.19891 0.80109 7.64868e-05 7.64868e-05
0.1989 0.8011 7.89596e-05 7.89596e-05
0.199 0.801 7.04646e-05 7.04646e-05
0.19894 0.80106 7.34307e-05 7.34307e-05
0.19891 0.80109 7.11332e-05 7.11332e-05
0.19882 0.80118 7.64319e-05 7.64319e-05
0.19929 0.80071 8.39454e-05 8.39454e-05
0.19947 0.80053 8.82314e-05 8.82314e-05
0.19926 0.80074 8.76691e-05 8.76691e-05
0.19902 0.80098 7.67673e-05 7.67673e-05
0.19861 0.80139 7.52504e-05 7.52504e-05
0.19893 0.80107 7.39849e-05 7.39849e-05
0.19886 0.80114 7.03438e-05 7.03438e-05
0.19876 0.80124 7.46489e-05 7.46489e-05
0.19853 0.80147 6.7787e-05 6.7787e-05
0.19857 0.80143 7.17627e-05 7.17627e-05
0.19854 0.80146 7.43923e-05 7.43923e-05
0.19851 0.80149 8.03332e-05 8.03332e-05
0.19849 0.80151 7.601e-05 7.601e-05
0.19831 0.80169 7.51252e-05 7.51252e-05
0.19894 0.80106 6.97943e-05 6.97943e-05
0.19892 0.80108 6.61956e-05 6.61956e-05
0.19936 0.80064 6.2657e-05 6.2657e-05
0.19935 0.80065 6.2452e-05 6.2452e-05
0.20011 0.79989 6.82201e-05 6.82201e-05
0.20039 0.79961 6.97959e-05 6.97959e-05
0.20028 0.79972 6.88905e-05 6.88905e-05
0.19986 0.80014 7.08489e-05 7.08489e-05
0.20008 0.79992 7.36905e-05 7.36905e-05
0.19979 0.80021 6.84504e-05 6.84504e-05
0.19987 0.80013 6.69627e-05 6.69627e-05
0.19985 0.80015 7.07348e-05 7.07348e-05
0.20016 0.79984 6.84186e-05 6.84186e-05
0.20014 0.79986 7.07681e-05 7.07681e-05
0.20012 0.79988 7.1137e-05 7.1137e-05
0.20045 0.79955 6.97449e-05 6.97449e-05
0.20041 0.79959 7.48302e-05 7.48302e-05
0.20028 0.79972 7.46279e-05 7.46279e-05
0.20002 0.79998 7.64642e-05 7.64642e-05
0.19978 0.80022 7.50824e-05 7.50824e-05
0.20018 0.79982 6.62905e-05 6.62905e-05
0.19997 0.80003 6.01304e-05 6.01304e-05
0.20005 0.79995 6.06944e-05 6.06944e-05
