0.20086 0.79914 1.7556e-05 1.7556e-05
0.20109 0.79891 4.55777e-05 4.55777e-05
0.20051 0.79949 6.33231e-05 6.33231e-05
0.19934 0.80066 7.3762e-05 7.3762e-05
0.19924 0.80076 8.64267e-05 8.64267e-05
0.1991 0.8009 0.000106212 0.000106212
0.19952 0.80048 0.000104272 0.000104272
0.19941 0.80059 0.000109093 0.000109093
0.19957 0.80043 0.000115015 0.000115015
0.19989 0.80011 0.000121796 0.000121796
0.19984 0.80016 0.000120378 0.000120378
0.19955 0.80045 0.000128331 0.000128331
0.19922 0.80078 0.00013787 0.00013787
0.1987 0.8013 0.000147343 0.000147343
0.19853 0.80147 0.000155686 0.000155686
0.1985 0.8015 0.000163162 0.000163162
0.19906 0.80094 0.000174501 0.000174501
0.19888 0.80112 0.000154713 0.000154713
0.19891 0.80109 0.000176871 0.000176871
0.19863 0.80137 0.000173185 0.000173185
0.19877 0.80123 0.000178967 0.000178967
0.19827 0.80173 0.000183936 0.000183936
0.19868 0.80132 0.000184543 0.000184543
0.19923 0.80077 0.000197209 0.000197209
0.19893 0.80107 0.00021451 0.00021451
0.19839 0.80161 0.000213089 0.000213089
0.19797 0.80203 0.000198938 0.000198938
0.19817 0.80183 0.000191092 0.000191092
0.19796 0.80204 0.000178948 0.000178948
0.1984 0.8016 0.000195172 0.000195172
0.19852 0.80148 0.000208414 0.000208414
0.19876 0.80124 0.000202043 0.000202043
0.19881 0.80119 0.000193287 0.000193287
0.1986 0.8014 0.000207576 0.000207576
0.19888 0.80112 0.000202571 0.000202571
0.19937 0.80063 0.0002027 0.0002027
0.19868 0.80132 0.000173735 0.000173735
0.19887 0.80113 0.000177205 0.000177205
0.19954 0.80046 0.000165786 0.000165786
0.20024 0.79976 0.000171033 0.000171033
0.20049 0.79951 0.000163384 0.000163384
0.20006 0.79994 0.000152077 0.000152077
0.20005 0.79995 0.000153381 0.000153381
0.20017 0.79983 0.000144607 0.000144607
0.19964 0.80036 0.000164435 0.000164435
0.19922 0.80078 0.000160072 0.000160072
0.19915 0.80085 0.000163684 0.000163684
0.19946 0.80054 0.000173806 0.000173806
0.19921 0.80079 0.000162248 0.000162248
0.19863 0.80137 0.000162882 0.000162882
0.19874 0.80126 0.000182376 0.000182376
0.19876 0.80124 0.000197518 0.000197518
0.19855 0.80145 0.000212614 0.000212614
0.19918 0.80082 0.000217624 0.000217624
0.1989 0.8011 0.00020096 0.00020096
0.19887 0.80113 0.000205973 0.000205973
0.19845 0.80155 0.000212795 0.000212795
0.19892 0.80108 0.000228236 0.000228236
0.19834 0.80166 0.000221035 0.000221035
0.1983 0.8017 0.000239889 0.000239889
0.19842 0.80158 0.000242145 0.000242145
0.19812 0.80188 0.00023546 0.00023546
0.1978 0.8022 0.00025202 0.00025202
0.19757 0.80243 0.00026251 0.00026251
0.19798 0.80202 0.000254545 0.000254545
0.1984 0.8016 0.00026796 0.00026796
0.19825 0.80175 0.000254735 0.000254735
0.19813 0.80187 0.000271165 0.000271165
0.19823 0.80177 0.000252603 0.000252603
0.19822 0.80178 0.00024482 0.00024482
0.19918 0.80082 0.000252755 0.000252755
0.19911 0.80089 0.000263816 0.000263816
0.19906 0.80094 0.000272744 0.000272744
0.19887 0.80113 0.000293185 0.000293185
0.19853 0.80147 0.000301908 0.000301908
0.19803 0.80197 0.00028409 0.00028409
0.19889 0.80111 0.000301776 0.000301776
0.1988 0.8012 0.000306525 0.000306525
0.19914 0.80086 0.000317394 0.000317394
0.19866 0.80134 0.000310934 0.000310934
0.1987 0.8013 0.000287061 0.000287061
0.19888 0.80112 0.000282066 0.000282066
0.19848 0.80152 0.000268192 0.000268192
0.19861 0.80139 0.00027622 0.00027622
0.19895 0.80105 0.000290553 0.000290553
0.19903 0.80097 0.000273242 0.000273242
0.1993 0.8007 0.000283303 0.000283303
0.19862 0.80138 0.000293693 0.000293693
0.19827 0.80173 0.000292684 0.000292684
0.19862 0.80138 0.000322642 0.000322642
0.19868 0.80132 0.000338099 0.000338099
0.19868 0.80132 0.000318543 0.000318543
0.19862 0.80138 0.000296985 0.000296985
0.19838 0.80162 0.000299147 0.000299147
0.19865 0.80135 0.000316492 0.000316492
0.19811 0.80189 0.000313331 0.000313331
0.19859 0.80141 0.000316749 0.000316749
0.19855 0.80145 0.000330028 0.000330028
0.19828 0.80172 0.000327557 0.000327557
0.19817 0.80183 0.000338304 0.000338304
0.1976 0.8024 0.000338828 0.000338828
0.19828 0.80172 0.000352244 0.000352244
0.19864 0.80136 0.000339243 0.000339243
0.19764 0.80236 0.000323202 0.000323202
0.19777 0.80223 0.000337795 0.000337795
0.19838 0.80162 0.000353369 0.000353369
0.19741 0.80259 0.000344648 0.000344648
0.19768 0.80232 0.000332482 0.000332482
0.19735 0.80265 0.000318614 0.000318614
0.19742 0.80258 0.00031562 0.00031562
0.19733 0.80267 0.000318102 0.000318102
0.19764 0.80236 0.000329 0.000329
0.19818 0.80182 0.000355967 0.000355967
0.19807 0.80193 0.000345015 0.000345015
0.19827 0.80173 0.000323674 0.000323674
0.1983 0.8017 0.000302232 0.000302232
0.19799 0.80201 0.000299121 0.000299121
0.19831 0.80169 0.00029159 0.00029159
0.19849 0.80151 0.000290333 0.000290333
0.19878 0.80122 0.000299648 0.000299648
0.19839 0.80161 0.000307917 0.000307917
0.19878 0.80122 0.000290497 0.000290497
0.19867 0.80133 0.000288668 0.000288668
0.19858 0.80142 0.000297458 0.000297458
0.19849 0.80151 0.000315465 0.000315465
0.19849 0.80151 0.000330131 0.000330131
0.19832 0.80168 0.000312765 0.000312765
0.19857 0.80143 0.000298147 0.000298147
0.19773 0.80227 0.00028727 0.00028727
0.1977 0.8023 0.000284636 0.000284636
0.19813 0.80187 0.000277286 0.000277286
0.19768 0.80232 0.00029828 0.00029828
0.19793 0.80207 0.000297561 0.000297561
0.19704 0.80296 0.000318402 0.000318402
0.1973 0.8027 0.000310071 0.000310071
0.19713 0.80287 0.000296498 0.000296498
0.19721 0.80279 0.000287986 0.000287986
0.19749 0.80251 0.000295646 0.000295646
0.19773 0.80227 0.000301108 0.000301108
0.1981 0.8019 0.000276192 0.000276192
0.19786 0.80214 0.000274445 0.000274445
0.19806 0.80194 0.000264299 0.000264299
0.19768 0.80232 0.000269129 0.000269129
0.19809 0.80191 0.000290022 0.000290022
0.19739 0.80261 0.000264806 0.000264806
0.19721 0.80279 0.000285339 0.000285339
0.19744 0.80256 0.000281825 0.000281825
0.19708 0.80292 0.000291509 0.000291509
0.19645 0.80355 0.000275402 0.000275402
0.19669 0.80331 0.000298176 0.000298176
0.19726 0.80274 0.000292114 0.000292114
0.19783 0.80217 0.000296486 0.000296486
0.1979 0.8021 0.000319141 0.000319141
0.19768 0.80232 0.000298846 0.000298846
0.19798 0.80202 0.000297394 0.000297394
0.19826 0.80174 0.000298134 0.000298134
0.19846 0.80154 0.000326574 0.000326574
0.19815 0.80185 0.000340371 0.000340371
0.19798 0.80202 0.000344101 0.000344101
0.19826 0.80174 0.000323447 0.000323447
0.19832 0.80168 0.000326846 0.000326846
0.19791 0.80209 0.00034582 0.00034582
0.19763 0.80237 0.000362296 0.000362296
0.19802 0.80198 0.000364686 0.000364686
0.19837 0.80163 0.000349044 0.000349044
0.19825 0.80175 0.000349018 0.000349018
0.19818 0.80182 0.000369745 0.000369745
0.19763 0.80237 0.000352397 0.000352397
0.19784 0.80216 0.000327025 0.000327025
0.1979 0.8021 0.000316333 0.000316333
0.19862 0.80138 0.000341066 0.000341066
0.1988 0.8012 0.000333838 0.000333838
0.19881 0.80119 0.000316216 0.000316216
0.1988 0.8012 0.000313818 0.000313818
0.19802 0.80198 0.000299515 0.000299515
0.19866 0.80134 0.000297055 0.000297055
0.19834 0.80166 0.000308671 0.000308671
0.19865 0.80135 0.000307321 0.000307321
0.19875 0.80125 0.000312088 0.000312088
0.19931 0.80069 0.000341388 0.000341388
0.19895 0.80105 0.000354412 0.000354412
0.19859 0.80141 0.000350103 0.000350103
0.19806 0.80194 0.000349451 0.000349451
0.19848 0.80152 0.000361909 0.000361909
0.19881 0.80119 0.000355166 0.000355166
0.19945 0.80055 0.000352715 0.000352715
0.19956 0.80044 0.000369663 0.000369663
0.19924 0.80076 0.000365538 0.000365538
0.1982 0.8018 0.000331879 0.000331879
0.19844 0.80156 0.000316148 0.000316148
0.19863 0.80137 0.000294538 0.000294538
0.1981 0.8019 0.000279828 0.000279828
0.1975 0.8025 0.000297727 0.000297727
0.19727 0.80273 0.000302664 0.000302664
0.19693 0.80307 0.00028851 0.00028851
0.19755 0.80245 0.000290331 0.000290331
0.19713 0.80287 0.000284579 0.000284579
0.19705 0.80295 0.000276755 0.000276755
0.19716 0.80284 0.000299408 0.000299408
0.19696 0.80304 0.000300625 0.000300625
0.19778 0.80222 0.000318173 0.000318173
0.19818 0.80182 0.000326028 0.000326028
0.19907 0.80093 0.000311844 0.000311844
0.19905 0.80095 0.000308472 0.000308472
0.19939 0.80061 0.000345654 0.000345654
0.19881 0.80119 0.00033862 0.00033862
0.19842 0.80158 0.000328872 0.000328872
0.19875 0.80125 0.000289119 0.000289119
0.19829 0.80171 0.00029641 0.00029641
0.19825 0.80175 0.00030225 0.00030225
0.19851 0.80149 0.000324959 0.000324959
0.19871 0.80129 0.000358976 0.000358976
0.1988 0.8012 0.000361212 0.000361212
0.19929 0.80071 0.000371097 0.000371097
0.19866 0.80134 0.000364732 0.000364732
0.19865 0.80135 0.000358169 0.000358169
0.19827 0.80173 0.000368765 0.000368765
0.19828 0.80172 0.000334325 0.000334325
0.19802 0.80198 0.000326444 0.000326444
0.19819 0.80181 0.000276196 0.000276196
0.19825 0.80175 0.000298614 0.000298614
0.1985 0.8015 0.000317606 0.000317606
0.19889 0.80111 0.000311109 0.000311109
0.19887 0.80113 0.000321448 0.000321448
0.1983 0.8017 0.000334515 0.000334515
0.1985 0.8015 0.000335263 0.000335263
0.19833 0.80167 0.000358668 0.000358668
0.19809 0.80191 0.000340083 0.000340083
0.19861 0.80139 0.000344159 0.000344159
0.1986 0.8014 0.000325374 0.000325374
0.19836 0.80164 0.000309808 0.000309808
0.19826 0.80174 0.000306114 0.000306114
0.19774 0.80226 0.000304901 0.000304901
0.1979 0.8021 0.000323667 0.000323667
0.19786 0.80214 0.000310707 0.000310707
0.1981 0.8019 0.000320859 0.000320859
0.19793 0.80207 0.000325621 0.000325621
0.19776 0.80224 0.000323639 0.000323639
0.19778 0.80222 0.000324699 0.000324699
0.19706 0.80294 0.000311107 0.000311107
0.19807 0.80193 0.000314732 0.000314732
0.19837 0.80163 0.000301528 0.000301528
0.19892 0.80108 0.000298579 0.000298579
0.19849 0.80151 0.000276374 0.000276374
0.19924 0.80076 0.000264912 0.000264912
0.19971 0.80029 0.000275865 0.000275865
0.19896 0.80104 0.000296907 0.000296907
0.19875 0.80125 0.000310573 0.000310573
0.19868 0.80132 0.000311917 0.000311917
0.19823 0.80177 0.000321714 0.000321714
0.19794 0.80206 0.000307815 0.000307815
0.19851 0.80149 0.00032803 0.00032803
0.19879 0.80121 0.000340127 0.000340127
0.19933 0.80067 0.000351617 0.000351617
0.19932 0.80068 0.000362078 0.000362078
0.19927 0.80073 0.000368442 0.000368442
0.19927 0.80073 0.000357654 0.000357654
0.1989 0.8011 0.000354495 0.000354495
0.19848 0.80152 0.000371404 0.000371404
0.19799 0.80201 0.000372212 0.000372212
0.19809 0.80191 0.000330487 0.000330487
0.19844 0.80156 0.000321582 0.000321582
0.1979 0.8021 0.000318475 0.000318475
0.1981 0.8019 0.000316737 0.000316737
0.1984 0.8016 0.000311859 0.000311859
0.19847 0.80153 0.000324797 0.000324797
0.19882 0.80118 0.000366392 0.000366392
0.19908 0.80092 0.000364822 0.000364822
0.19932 0.80068 0.00039521 0.00039521
0.19899 0.80101 0.000360394 0.000360394
0.19889 0.80111 0.000363149 0.000363149
0.19902 0.80098 0.000376808 0.000376808
0.1991 0.8009 0.000369121 0.000369121
0.19945 0.80055 0.000369604 0.000369604
0.19956 0.80044 0.000378006 0.000378006
0.19942 0.80058 0.000380569 0.000380569
0.1989 0.8011 0.000381465 0.000381465
0.19951 0.80049 0.000367929 0.000367929
0.19934 0.80066 0.00035156 0.00035156
0.19905 0.80095 0.00035126 0.00035126
0.19844 0.80156 0.000354714 0.000354714
0.19873 0.80127 0.000377027 0.000377027
0.19921 0.80079 0.00037841 0.00037841
0.19919 0.80081 0.00040157 0.00040157
0.1995 0.8005 0.00039403 0.00039403
0.19961 0.80039 0.00040717 0.00040717
0.19941 0.80059 0.000383052 0.000383052
0.19984 0.80016 0.000367934 0.000367934
0.19973 0.80027 0.000362361 0.000362361
0.19965 0.80035 0.000343563 0.000343563
0.19883 0.80117 0.000344567 0.000344567
0.19895 0.80105 0.000334189 0.000334189
0.19951 0.80049 0.000352172 0.000352172
0.19896 0.80104 0.000325897 0.000325897
0.19928 0.80072 0.000335274 0.000335274
0.19922 0.80078 0.000327608 0.000327608
0.19947 0.80053 0.000332231 0.000332231
0.19921 0.80079 0.000311764 0.000311764
0.19905 0.80095 0.000309139 0.000309139
0.19919 0.80081 0.000306054 0.000306054
0.19905 0.80095 0.000316008 0.000316008
0.19898 0.80102 0.000314242 0.000314242
0.19875 0.80125 0.00032225 0.00032225
0.19907 0.80093 0.000335682 0.000335682
0.19884 0.80116 0.000328156 0.000328156
0.19922 0.80078 0.00034684 0.00034684
0.19888 0.80112 0.000349723 0.000349723
0.19871 0.80129 0.0003554 0.0003554
0.19818 0.80182 0.000352291 0.000352291
0.19809 0.80191 0.000343517 0.000343517
0.19784 0.80216 0.000360984 0.000360984
0.19852 0.80148 0.000357626 0.000357626
0.19929 0.80071 0.000378976 0.000378976
0.19978 0.80022 0.000369022 0.000369022
0.19931 0.80069 0.000393226 0.000393226
0.19974 0.80026 0.000389326 0.000389326
0.19936 0.80064 0.000408253 0.000408253
0.19991 0.80009 0.000408669 0.000408669
0.19968 0.80032 0.00041125 0.00041125
0.20017 0.79983 0.000420971 0.000420971
0.19966 0.80034 0.000432227 0.000432227
0.19977 0.80023 0.000414421 0.000414421
0.19926 0.80074 0.000420922 0.000420922
0.20007 0.79993 0.000435965 0.000435965
0.19979 0.80021 0.000451157 0.000451157
0.19992 0.80008 0.000475428 0.000475428
0.1997 0.8003 0.000448616 0.000448616
0.19922 0.80078 0.000457204 0.000457204
0.19942 0.80058 0.000447337 0.000447337
0.1998 0.8002 0.00045101 0.00045101
0.20056 0.79944 0.000443077 0.000443077
0.20058 0.79942 0.000459539 0.000459539
0.20104 0.79896 0.000417796 0.000417796
0.20091 0.79909 0.000419133 0.000419133
0.20036 0.79964 0.000418738 0.000418738
0.2005 0.7995 0.000407343 0.000407343
0.20107 0.79893 0.000416652 0.000416652
0.20043 0.79957 0.000390732 0.000390732
0.20015 0.79985 0.000396755 0.000396755
0.19996 0.80004 0.000405413 0.000405413
0.19974 0.80026 0.000393366 0.000393366
0.19928 0.80072 0.000410062 0.000410062
0.19909 0.80091 0.000385598 0.000385598
0.19931 0.80069 0.000403246 0.000403246
0.19892 0.80108 0.000390357 0.000390357
0.19874 0.80126 0.000409811 0.000409811
0.19849 0.80151 0.000410879 0.000410879
0.19856 0.80144 0.000403966 0.000403966
0.19854 0.80146 0.000424312 0.000424312
0.19776 0.80224 0.000423174 0.000423174
0.19807 0.80193 0.000437561 0.000437561
0.19787 0.80213 0.000429569 0.000429569
0.19818 0.80182 0.000449806 0.000449806
0.1982 0.8018 0.00045097 0.00045097
0.19875 0.80125 0.000453179 0.000453179
0.198 0.802 0.000437596 0.000437596
0.1981 0.8019 0.000462354 0.000462354
0.19844 0.80156 0.000467501 0.000467501
0.19816 0.80184 0.000442176 0.000442176
0.19824 0.80176 0.000456366 0.000456366
0.19848 0.80152 0.000458818 0.000458818
0.1988 0.8012 0.00045998 0.00045998
0.19852 0.80148 0.000466838 0.000466838
0.19817 0.80183 0.000465738 0.000465738
0.19801 0.80199 0.000446838 0.000446838
0.19795 0.80205 0.000462937 0.000462937
0.19741 0.80259 0.000443618 0.000443618
0.19831 0.80169 0.0004286 0.0004286
0.1988 0.8012 0.000442061 0.000442061
0.19866 0.80134 0.000440691 0.000440691
0.19859 0.80141 0.000443861 0.000443861
0.19823 0.80177 0.000423229 0.000423229
0.19903 0.80097 0.000445363 0.000445363
0.19979 0.80021 0.000442915 0.000442915
0.20032 0.79968 0.000450402 0.000450402
0.20024 0.79976 0.000438992 0.000438992
0.20055 0.79945 0.000422391 0.000422391
0.20044 0.79956 0.000391946 0.000391946
0.20048 0.79952 0.000396313 0.000396313
0.2004 0.7996 0.000410505 0.000410505
0.20031 0.79969 0.000431408 0.000431408
0.20006 0.79994 0.000440865 0.000440865
0.20019 0.79981 0.000469287 0.000469287
0.20068 0.79932 0.000465573 0.000465573
0.20114 0.79886 0.000427334 0.000427334
0.20064 0.79936 0.000441404 0.000441404
0.20044 0.79956 0.000463178 0.000463178
0.20013 0.79987 0.000473185 0.000473185
0.20006 0.79994 0.00046337 0.00046337
0.20015 0.79985 0.000470513 0.000470513
0.20022 0.79978 0.000445769 0.000445769
0.2003 0.7997 0.000430232 0.000430232
0.20015 0.79985 0.000421664 0.000421664
0.20038 0.79962 0.000437329 0.000437329
0.20003 0.79997 0.000392231 0.000392231
0.19972 0.80028 0.000382143 0.000382143
0.19991 0.80009 0.000390871 0.000390871
0.19988 0.80012 0.000399905 0.000399905
0.19848 0.80152 0.00041007 0.00041007
0.19895 0.80105 0.000421927 0.000421927
0.19934 0.80066 0.000431802 0.000431802
0.20016 0.79984 0.000432439 0.000432439
0.19971 0.80029 0.000403279 0.000403279
0.19911 0.80089 0.000403351 0.000403351
0.19916 0.80084 0.000398196 0.000398196
0.19813 0.80187 0.000399387 0.000399387
0.19867 0.80133 0.000413637 0.000413637
0.19857 0.80143 0.000434086 0.000434086
0.19816 0.80184 0.000420156 0.000420156
0.19888 0.80112 0.000430389 0.000430389
0.1993 0.8007 0.000415182 0.000415182
0.19975 0.80025 0.000403563 0.000403563
0.19941 0.80059 0.000401436 0.000401436
0.1986 0.8014 0.000396162 0.000396162
0.19837 0.80163 0.000388882 0.000388882
0.19807 0.80193 0.00040447 0.00040447
0.19827 0.80173 0.00040929 0.00040929
0.19819 0.80181 0.000395408 0.000395408
0.19821 0.80179 0.000401359 0.000401359
0.19814 0.80186 0.000384243 0.000384243
0.198 0.802 0.00039596 0.00039596
0.19759 0.80241 0.000389679 0.000389679
0.19757 0.80243 0.000390854 0.000390854
0.19794 0.80206 0.000377774 0.000377774
0.19778 0.80222 0.000377204 0.000377204
0.19813 0.80187 0.000399266 0.000399266
0.19844 0.80156 0.00041136 0.00041136
0.19895 0.80105 0.000380008 0.000380008
0.19908 0.80092 0.000371226 0.000371226
0.19927 0.80073 0.000361856 0.000361856
0.19938 0.80062 0.000383389 0.000383389
0.19929 0.80071 0.000357784 0.000357784
0.19882 0.80118 0.000372977 0.000372977
0.19896 0.80104 0.000398483 0.000398483
0.19838 0.80162 0.000390682 0.000390682
0.19915 0.80085 0.00038322 0.00038322
0.19916 0.80084 0.000396823 0.000396823
0.19923 0.80077 0.000425452 0.000425452
0.19907 0.80093 0.000413601 0.000413601
0.19953 0.80047 0.0004051 0.0004051
0.19964 0.80036 0.000407546 0.000407546
0.1998 0.8002 0.000404869 0.000404869
0.19978 0.80022 0.000424234 0.000424234
0.20007 0.79993 0.000405904 0.000405904
0.2003 0.7997 0.000388232 0.000388232
0.19957 0.80043 0.000374611 0.000374611
0.19961 0.80039 0.000360523 0.000360523
0.19923 0.80077 0.000373371 0.000373371
0.19931 0.80069 0.000359347 0.000359347
0.19969 0.80031 0.000373832 0.000373832
0.19997 0.80003 0.000347282 0.000347282
0.20004 0.79996 0.000347352 0.000347352
0.20038 0.79962 0.000363975 0.000363975
0.20069 0.79931 0.000355408 0.000355408
0.20062 0.79938 0.000363167 0.000363167
0.19974 0.80026 0.000364053 0.000364053
0.19975 0.80025 0.000365604 0.000365604
0.19996 0.80004 0.000401231 0.000401231
0.19949 0.80051 0.000371222 0.000371222
0.19922 0.80078 0.000389426 0.000389426
0.19931 0.80069 0.000391327 0.000391327
0.19908 0.80092 0.0003946 0.0003946
0.1995 0.8005 0.000366758 0.000366758
0.19941 0.80059 0.000362931 0.000362931
0.19885 0.80115 0.000363503 0.000363503
0.19858 0.80142 0.000359478 0.000359478
0.19886 0.80114 0.000375657 0.000375657
0.19895 0.80105 0.000397725 0.000397725
0.19977 0.80023 0.000376623 0.000376623
0.19984 0.80016 0.000355509 0.000355509
0.19976 0.80024 0.000343174 0.000343174
0.19911 0.80089 0.000368463 0.000368463
0.19913 0.80087 0.00034666 0.00034666
0.19888 0.80112 0.000351056 0.000351056
0.19901 0.80099 0.000350879 0.000350879
0.19856 0.80144 0.000355804 0.000355804
0.19813 0.80187 0.000333549 0.000333549
0.19794 0.80206 0.000333269 0.000333269
0.19729 0.80271 0.000325602 0.000325602
0.19725 0.80275 0.000334412 0.000334412
0.19707 0.80293 0.000347621 0.000347621
0.19658 0.80342 0.000350933 0.000350933
0.19738 0.80262 0.00037347 0.00037347
0.19812 0.80188 0.000355157 0.000355157
0.19866 0.80134 0.000352045 0.000352045
0.1989 0.8011 0.000370778 0.000370778
0.19837 0.80163 0.000367205 0.000367205
0.19893 0.80107 0.00036249 0.00036249
0.1985 0.8015 0.000335768 0.000335768
0.19791 0.80209 0.000353416 0.000353416
0.19863 0.80137 0.000351387 0.000351387
0.1988 0.8012 0.000360768 0.000360768
0.19868 0.80132 0.000359432 0.000359432
0.19807 0.80193 0.000372652 0.000372652
0.19821 0.80179 0.000375258 0.000375258
0.19791 0.80209 0.000377153 0.000377153
0.19841 0.80159 0.000389214 0.000389214
0.19863 0.80137 0.000388134 0.000388134
0.19886 0.80114 0.000383657 0.000383657
0.19917 0.80083 0.000406648 0.000406648
